5.74473019884632 0 0 0 0 0 0 0 0 0 0 0 0 0 0 0 0 0 0 0 0 0 0 0 0 0 0 0 0 0 0 0 0 0 0 0 0 0 0 0 0 0 0 0 0 0 0 0 0
6.55748148147416 9.39466674401496 0 0 0 0 0 0 0 0 0 0 0 0 0 0 0 0 0 0 0 0 0 0 0 0 0 0 0 0 0 0 0 0 0 0 0 0 0 0 0 0 0 0 0 0 0 0 0
6.51031361066815 4.38037135445251 4.7346197167607 0 0 0 0 0 0 0 0 0 0 0 0 0 0 0 0 0 0 0 0 0 0 0 0 0 0 0 0 0 0 0 0 0 0 0 0 0 0 0 0 0 0 0 0 0 0
5.25792780403823 9.69084888362094 7.37030127391608 1.1398819307799 0 0 0 0 0 0 0 0 0 0 0 0 0 0 0 0 0 0 0 0 0 0 0 0 0 0 0 0 0 0 0 0 0 0 0 0 0 0 0 0 0 0 0 0 0
7.91809601364201 2.20459072594793 11.8902966399477 2.49219802715979 0.226501750922584 0 0 0 0 0 0 0 0 0 0 0 0 0 0 0 0 0 0 0 0 0 0 0 0 0 0 0 0 0 0 0 0 0 0 0 0 0 0 0 0 0 0 0 0
0.239520167369619 4.28439142782202 2.63180834600333 1.64626171759564 6.43998954781493 3.9459366706885 0 0 0 0 0 0 0 0 0 0 0 0 0 0 0 0 0 0 0 0 0 0 0 0 0 0 0 0 0 0 0 0 0 0 0 0 0 0 0 0 0 0 0
5.88920035894968 1.96477139738723 3.19354348777307 1.19527651268253 1.19572918151736 5.38394012008763 4.06478516818684 0 0 0 0 0 0 0 0 0 0 0 0 0 0 0 0 0 0 0 0 0 0 0 0 0 0 0 0 0 0 0 0 0 0 0 0 0 0 0 0 0 0
2.25191790718117 1.9451503951829 1.18169627885842 1.97074125378516 0.43982227182283 2.0821904477451 0.673689040363939 0.577250818218598 0 0 0 0 0 0 0 0 0 0 0 0 0 0 0 0 0 0 0 0 0 0 0 0 0 0 0 0 0 0 0 0 0 0 0 0 0 0 0 0 0
5.77071759287492 3.68074154288936 3.1371503080734 4.96813705854509 2.0953200916746 1.74351102085142 1.72776635722204 4.70401053020341 2.63917998255036 0 0 0 0 0 0 0 0 0 0 0 0 0 0 0 0 0 0 0 0 0 0 0 0 0 0 0 0 0 0 0 0 0 0 0 0 0 0 0 0
2.30386895773018 1.89858653658568 1.5043533888408 1.02513335754702 3.65751115493813 3.8266526511583 2.70219343344006 5.66262864686091 1.56673253068278 2.16407145651958 0 0 0 0 0 0 0 0 0 0 0 0 0 0 0 0 0 0 0 0 0 0 0 0 0 0 0 0 0 0 0 0 0 0 0 0 0 0 0
1.35520203780948 1.20511295542317 0.942271079766521 1.32705292599625 0.460895573888411 1.1649801706153 4.11465171050862 5.71637892325867 0.783958511457887 2.17656284696558 1.05516698551955 0 0 0 0 0 0 0 0 0 0 0 0 0 0 0 0 0 0 0 0 0 0 0 0 0 0 0 0 0 0 0 0 0 0 0 0 0 0
1.7970825154563 10.2688658635298 1.63438580888837 0.589698883438501 0.0438847181244893 12.2203260560639 0.462118335307247 4.93081060756526 0.28700827736862 1.90723093045133 0.645974867364637 0.624772324301595 0 0 0 0 0 0 0 0 0 0 0 0 0 0 0 0 0 0 0 0 0 0 0 0 0 0 0 0 0 0 0 0 0 0 0 0 0
1.84140147395904 4.31297051087787 1.66439917664415 0.758886449493992 2.41145282330924 0.635814421064215 5.33309735358411 5.37263852154544 0.457125375588027 10.9559249159448 0.125714384224616 6.99568371153498 3.54876190179415 0 0 0 0 0 0 0 0 0 0 0 0 0 0 0 0 0 0 0 0 0 0 0 0 0 0 0 0 0 0 0 0 0 0 0 0
5.38015972077447 0.349123457902377 2.65017160235697 8.56647536115403 2.96306919971305 0.0363639535968879 1.50297124709683 1.64882202421319 2.31380127401007 1.13334101590558 2.03252286490101 2.39441604666096 2.36837142639316 1.43308456685926 0 0 0 0 0 0 0 0 0 0 0 0 0 0 0 0 0 0 0 0 0 0 0 0 0 0 0 0 0 0 0 0 0 0 0
1.7809552683147 5.35286295888045 6.4117805306209 3.86408727540401 2.85837185989936 1.42002072490118 3.12148775756001 4.51923714952412 0.532766946620158 3.07602770098868 3.3728848447476 0.350898602857714 4.73180120027343 5.65418671453086 0.890367738225617 0 0 0 0 0 0 0 0 0 0 0 0 0 0 0 0 0 0 0 0 0 0 0 0 0 0 0 0 0 0 0 0 0 0
3.59652326782738 8.10790387482609 2.2665867269271 1.20836938923456 6.63327256505501 1.77174889368231 6.92922340388034 4.5281841255905 7.03092854057886 0.00244373696343117 3.05345637071086 1.37501966571138 3.52502329547596 0.208882499611939 2.37569156657652 9.34694245443879 0 0 0 0 0 0 0 0 0 0 0 0 0 0 0 0 0 0 0 0 0 0 0 0 0 0 0 0 0 0 0 0 0
5.14988250718582 0.534507292749967 2.40635556633481 5.70799129827573 1.32699496327065 6.56979863553941 0.736588775973386 7.67695482035534 5.904111017349 2.13322959195331 3.24596356384919 15.090329434163 2.41531442165035 5.49766839391211 3.46141181261648 9.61787954581842 1.76901293146604 0 0 0 0 0 0 0 0 0 0 0 0 0 0 0 0 0 0 0 0 0 0 0 0 0 0 0 0 0 0 0 0
4.47073983540272 2.97278776674452 8.34613927450494 0.0944323645874515 12.1585087842861 1.2860128466433 5.47609172673912 2.04868923142507 8.02883740537056 4.882887612298 4.80387501005463 0.913580023244555 2.9380122695641 5.98387461894545 4.93745288428705 0.763022684040735 6.06584040159095 9.72377808321704 0 0 0 0 0 0 0 0 0 0 0 0 0 0 0 0 0 0 0 0 0 0 0 0 0 0 0 0 0 0 0
0.47666145570691 5.67531401530155 3.50510067122207 7.61384108321695 2.6162159856495 2.03205027034121 1.80497046849576 1.20415094402164 3.6188218100937 3.21505180963231 2.27291068780671 4.82550483290635 1.77676550431018 3.53212555898091 0.250925777454579 15.648405050312 2.21462970472378 0.443123152007989 2.24729380701393 0 0 0 0 0 0 0 0 0 0 0 0 0 0 0 0 0 0 0 0 0 0 0 0 0 0 0 0 0 0
1.13075940940084 0.157973931074624 3.15234184855711 1.66986222870292 1.74829555346522 0.486423254271332 0.0310816614152482 1.67732253812123 1.44404141784306 0.367518957167555 4.98084221097489 1.32519625097824 1.03033670556508 2.37130638187358 0.0812287343234725 0.534394426430657 0.0467003943224779 3.57160403422548 0.583275501808828 0.246436604106348 0 0 0 0 0 0 0 0 0 0 0 0 0 0 0 0 0 0 0 0 0 0 0 0 0 0 0 0 0
1.80745308787152 3.67274173040046 2.31500465488222 1.7066225827665 6.69748063552769 1.93473850688853 2.76021474887717 3.27743704735599 1.68173229208338 2.6550992424789 5.23351253008843 0.0665784160484017 1.36313113442137 1.2059055260745 4.13935689615618 1.80409765961655 3.789560863659 3.98086191058311 2.12847484330666 2.94165145302709 1.00643279709622 0 0 0 0 0 0 0 0 0 0 0 0 0 0 0 0 0 0 0 0 0 0 0 0 0 0 0 0
0.116712246445068 1.2140583974745 2.6746817085521 3.6839591131753 1.35127043146893 1.70852818051915 1.17001581932119 4.10466412819327 2.05642352490866 5.68643809899958 2.3128025257408 0.192063132110251 3.3325972049783 0.161274678579806 0.494134150645732 5.45381202019994 0.142769595422142 4.18490771971691 0.958908665776768 0.242068480504575 1.04438888222405 3.84545512940818 0 0 0 0 0 0 0 0 0 0 0 0 0 0 0 0 0 0 0 0 0 0 0 0 0 0 0
1.79954238314924 1.54072220364104 4.54500791539041 0.608354330711556 0.564175637143201 2.89482391658858 0.826921681943236 0.927258803089152 8.64668707755944 4.62182384188038 6.44487140376821 1.19189149745259 4.18776620638871 2.85811654930784 3.38904068040211 6.9692415495394 5.32590941715166 6.38081436118196 0.751673681674816 0.699587597230761 10.9453530857238 0.654052167035368 4.45606330727621 0 0 0 0 0 0 0 0 0 0 0 0 0 0 0 0 0 0 0 0 0 0 0 0 0 0
0.670986091091973 1.14861846798916 2.34838663882346 0.443107493514314 1.45362302967396 0.0701900363679629 1.07463776089699 4.01657625518425 5.39948395757856 1.87670592323524 3.13505659156466 7.75408872447286 0.325985384822465 2.32774269321996 9.12238346272923 4.69916904412804 4.27193280257395 1.4767575260739 6.32042993937053 2.51684675434755 3.62917012202225 2.83288604913129 5.72800230042901 1.43944788133548 0 0 0 0 0 0 0 0 0 0 0 0 0 0 0 0 0 0 0 0 0 0 0 0 0
3.69574950405809 2.84444344295249 9.16851808032167 1.05109018680129 2.19333945093324 3.96794328087716 9.37494991239541 1.24320374092144 8.44954011868632 1.11859629593154 2.53622728600233 0.434284774902941 1.94034731239164 0.933099699308287 1.0202763918701 1.99567980528167 5.05397409956421 6.91144342755282 4.22177791936789 0.857118477994391 2.40641779265321 0.216269495301853 5.89353532696789 6.12244043900308 1.29520071885527 0 0 0 0 0 0 0 0 0 0 0 0 0 0 0 0 0 0 0 0 0 0 0 0
0.796644402035575 7.79465671540898 4.99565795627263 4.94346271373633 8.92212766109659 2.52426290900075 1.90732633931269 4.6543605204988 3.04007415908778 0.460986690028132 1.02624134275566 3.72092413914996 4.2175908226956 2.74826856564597 0.080457420155615 2.08368081633147 0.90554542610107 2.8773025048705 0.508448884336571 0.582444433062893 1.68057173570776 1.73302152461974 3.39938416649658 5.29974434335986 2.86472365097418 0.561091342447414 0 0 0 0 0 0 0 0 0 0 0 0 0 0 0 0 0 0 0 0 0 0 0
1.57297009911761 6.05465284863497 5.98344619358965 6.39681399146482 3.19617303084482 5.62758134780828 3.31315504186126 3.47468990957803 4.98877647256507 1.75300266165434 0.630312215970695 2.96047117473325 0.417559708701274 0.722661675586475 3.23616233964049 1.63640328578853 5.98353836401692 0.622497594259597 3.53704633577265 5.56511263027949 1.56866761069164 3.36392401802895 3.6016878593045 4.24901095850213 1.92012548590269 6.0478381457032 2.72809325678102 0 0 0 0 0 0 0 0 0 0 0 0 0 0 0 0 0 0 0 0 0 0
1.77022202458917 5.14318990285141 0.688674964882011 8.82545861457716 4.33946238167083 1.01661439894044 7.73382992794963 4.02331331143838 1.05084241724572 6.60300348466815 1.24546264347007 2.5674866003368 1.97361047930315 2.8970168061486 0.583426650813867 9.13028526615081 2.07424713765307 1.9862462321007 1.52160012806115 0.847808029679884 2.95981800090983 1.5404978215069 2.17734644906762 2.74745889244923 0.156866707439055 2.62872225584861 0.232443087908158 0.704911671543164 0 0 0 0 0 0 0 0 0 0 0 0 0 0 0 0 0 0 0 0 0
0.604675772494322 5.77002153061828 8.55904988960508 1.82973350157984 2.56074862146276 0.927358039195027 6.35106807056993 3.85795962732143 0.731842350376843 5.35920596905301 1.74879511410082 2.43796825824876 2.09537800332554 3.93259486285994 3.33696004141599 5.15239355802182 6.1356145242075 3.20731033893168 5.25285985147167 2.16787211089894 6.11953056731536 2.37641372578632 0.764300067065995 4.4772688676864 0.675408336569458 1.47508919654552 0.0839207158440463 0.900409825950863 4.26554689020607 0 0 0 0 0 0 0 0 0 0 0 0 0 0 0 0 0 0 0 0
4.40782948586019 1.97004165691106 2.99836131370517 7.70597537362424 3.51243434092261 3.3878418952727 1.22416412204588 6.24654722210171 3.59995658429017 2.83005900841191 3.35756317183691 3.91343178851299 2.07060683743861 7.66945292984386 0.32030289093181 1.45325978487976 1.37773726560413 3.26457811217448 0.613201608919894 0.145013481437452 2.39326553108798 0.719733182967273 2.12727882799105 1.76861482511111 0.864443139625713 4.69854566675833 7.54490579977063 0.356585795301819 11.1857822834121 1.72111803241844 0 0 0 0 0 0 0 0 0 0 0 0 0 0 0 0 0 0 0
1.49034815886254 1.30212926775473 5.72199141734817 0.374324351227911 0.163095537914464 0.16490138281968 1.24583227347559 2.10717899123459 5.49952951959142 7.90479961538197 2.95311386093661 5.15687057818089 6.08282978426101 0.309353211583682 1.27254965853497 2.10180630505742 9.62422769337355 5.37157911113325 1.6045452477183 3.43863262537087 2.01260249366257 1.37252937374049 3.07518005192691 3.28306158618192 5.27726908276041 4.78813935497026 5.07023534221273 12.3102402548997 3.71307595608167 3.94221204738633 0.21243448732785 0 0 0 0 0 0 0 0 0 0 0 0 0 0 0 0 0 0
1.01112476751265 17.3495332240258 1.42312619115017 0.389833145732901 4.65391223636876 3.76826063689833 8.06106931899213 4.64531026630499 8.31566383343174 2.5566268859831 0.485982333085032 7.45152417451047 4.13322603447024 1.81484073842056 4.60035637702865 6.81434625007214 3.80469203955509 0.511711011736754 6.35810808025711 3.25987020441132 0.370002523632198 0.984699211873684 3.4542448718028 8.57088251491264 0.56403004411963 7.78876244125998 3.82995161912413 2.80908357496708 10.922138084872 2.41414282586344 1.04083303407332 5.47119527856842 0 0 0 0 0 0 0 0 0 0 0 0 0 0 0 0 0
7.58527985594356 11.8423487078527 10.4277035873314 2.57463261364873 14.1352431618682 10.5932610346277 7.20239985001719 5.04939002987132 11.741954302722 3.74412849653029 0.770650895148298 3.65133410261406 3.72222484446964 8.85632748164159 5.34870497719709 14.8190529452315 7.62885499121331 7.26829439246189 1.28270000153856 2.76011077267857 5.61585438304003 0.78275342257432 7.41684594696626 0.491072813249954 3.92347965248204 7.89544460107814 3.21348700158569 3.8378931378142 6.46783498740727 2.22498284969107 8.26317109891555 3.98399571861982 3.47956219010876 0 0 0 0 0 0 0 0 0 0 0 0 0 0 0 0
0.747891758668722 3.86031531088055 0.35548782299574 4.16920535766318 0.29516464482849 0.221835248283584 4.09710513740287 2.01499737980942 1.046265837707 3.09706187635485 1.17973990471408 4.60650931680679 0.115293244756934 0.0449398381903682 4.10502018684309 1.43630479793456 1.55825089104326 1.74973924485847 2.08083047846707 0.777826880538949 2.51443312472857 0.556053870587127 0.273852793217598 1.20789125797842 6.142470167303 0.540029883410029 3.72371099021162 0.496442445262667 0.320767532777253 0.306275059379228 2.90675034119562 0.484312511242275 0 0 0 0 0 0 0 0 0 0 0 0 0 0 0 0 0
8.02993573059944 1.8399984500109 6.12717969234983 4.09297945384312 7.36933495103902 1.38429916083224 3.97667499426 1.44210928238126 0.332009421474082 1.59031619619482 1.87760284956004 1.00076192722573 4.34114371777394 3.84840246988747 7.65890372527349 12.0730915103745 7.54514712882106 0.159538864417297 16.7705796017941 0.714702158265475 13.1319362993767 2.94499885137632 1.18422419298684 0.32544138845257 1.52818158999561 4.39078723948368 0.141128141750084 0.853874118937292 1.83941776363125 3.80981159789294 0 0 0 0 0 0 0 0 0 0 0 0 0 0 0 0 0 0 0
5.86665159479594 13.1028857623397 4.81064617609555 4.83244707179313 5.88707284490648 4.81914150836709 0.0588244614381897 4.58573393688885 4.92318148136521 5.22696309081888 3.89467812459118 0.68122125905242 6.86310478678303 7.58869022689649 4.01037126535951 9.68068072972025 6.4296498731582 11.8394571378751 2.74123113937833 2.91493050552979 8.30968862590049 0.654542804294929 6.80985185369286 2.85436470842243 2.9941722940863 1.81190004348509 0.793634335321027 6.59378380420826 0 0 0 0 0 0 0 0 0 0 0 0 0 0 0 0 0 0 0 0 0
8.23421977392028 6.68796962155339 1.83108624141313 10.1809679128866 3.22651701528624 0.0339516003382333 4.26594679148692 2.07189367247118 0.134003559997823 2.66733395662805 2.05851265360561 0.100201195117102 1.86241635425538 0.362950885911779 1.80761277542599 3.20541441540969 5.23562387989892 5.39488274826819 5.56610948055192 0.0167955366277568 4.25026566429579 3.31403658214696 6.43420779348224 0.465571668662872 0.745726193824004 2.31236324586445 0 0 0 0 0 0 0 0 0 0 0 0 0 0 0 0 0 0 0 0 0 0 0
4.65130672478354 5.86245733966909 2.05705143002189 1.55501231790366 1.19568191475904 0.449309921884482 5.64946224283511 6.28513356138253 0.247031447612537 5.8168858107617 0.454868577711716 2.25005502712421 7.91960148709479 0.338023591475496 2.65026302572584 10.1948142436611 3.99919245712523 5.83014981289302 1.25089576592452 0.968353795277307 2.44597993246913 0.243834533213248 5.23249223818005 8.02113320008549 0 0 0 0 0 0 0 0 0 0 0 0 0 0 0 0 0 0 0 0 0 0 0 0 0
0.508569304555659 7.15119427889996 7.04897080989124 6.72667125768183 4.75103777959397 1.46312941566383 0.768894542352856 0.392760604819056 2.88501431227357 2.06833773338728 3.72985729702435 2.59278560221562 3.55848158168098 2.08615443984893 4.29616942733734 4.15988095052466 9.45962291076075 7.34111738507681 2.70223817867247 0.982724195272901 5.34582186303717 5.36935720961856 0 0 0 0 0 0 0 0 0 0 0 0 0 0 0 0 0 0 0 0 0 0 0 0 0 0 0
8.51608239589585 13.5067568586681 0.710251439073371 1.21153178709595 2.95798128553084 0.741515652237715 2.17611924632974 2.37335086973889 3.20956720398617 2.00411686307093 1.67036511085929 2.67572131562996 0.481495650213902 5.52555689294266 3.79705129175808 1.91884919094729 4.43997373019243 9.55372999517663 3.82715712703981 4.8213531257526 0 0 0 0 0 0 0 0 0 0 0 0 0 0 0 0 0 0 0 0 0 0 0 0 0 0 0 0 0
1.28766091701858 3.22804890083427 7.80084065781419 1.16852000304019 3.48587227703848 2.06253805565224 2.39747631812312 3.89683786453936 4.88067498544836 0.00501870656530772 1.88209031755056 4.01146355737146 1.13952131340741 1.56373276154984 4.29435134499534 1.17291223061011 0.623819456418734 2.36532125697619 0 0 0 0 0 0 0 0 0 0 0 0 0 0 0 0 0 0 0 0 0 0 0 0 0 0 0 0 0 0 0
1.27300681020067 5.47613772766565 1.34296540681007 1.72263342068721 6.4020913058992 3.38007177878571 1.12530048900844 4.40479515515998 2.70847861351104 0.483234452062068 1.0653696402624 3.85804570066917 0.206850375233475 3.99013724352295 0.782561492327986 0.24898154120406 0 0 0 0 0 0 0 0 0 0 0 0 0 0 0 0 0 0 0 0 0 0 0 0 0 0 0 0 0 0 0 0 0
0.839165866197476 0.709948606189099 2.19911108817627 0.708931106988783 3.06358992335394 1.92716589815894 1.22901852799309 5.09917824664754 4.9707610827353 0.517907029695433 0.698280081513876 1.24944095494843 0.331929074961743 0.492121216633456 0 0 0 0 0 0 0 0 0 0 0 0 0 0 0 0 0 0 0 0 0 0 0 0 0 0 0 0 0 0 0 0 0 0 0
3.06565442317609 15.2496194585965 3.15046357439805 5.26400177699276 6.97065910703231 2.94286374049672 7.54650378358434 4.82236386988263 5.11725823475608 6.08608272296415 1.1325185246965 7.59445545323799 0 0 0 0 0 0 0 0 0 0 0 0 0 0 0 0 0 0 0 0 0 0 0 0 0 0 0 0 0 0 0 0 0 0 0 0 0
2.81477227629437 1.36967144247303 1.69156890301233 5.33848256358602 8.56058139749867 2.78035186671992 1.62883428194342 6.13471577963327 2.27879240616405 0.461329320935555 0 0 0 0 0 0 0 0 0 0 0 0 0 0 0 0 0 0 0 0 0 0 0 0 0 0 0 0 0 0 0 0 0 0 0 0 0 0 0
3.89179401965625 2.99929350140516 5.80050452152163 1.35788826701527 3.83440205808238 0.123242296586129 1.14122144252446 2.8154138614426 0 0 0 0 0 0 0 0 0 0 0 0 0 0 0 0 0 0 0 0 0 0 0 0 0 0 0 0 0 0 0 0 0 0 0 0 0 0 0 0 0
4.66577092613985 3.05549157480667 5.30880110161359 2.9970751748075 0.909642381301754 4.64090694943348 0 0 0 0 0 0 0 0 0 0 0 0 0 0 0 0 0 0 0 0 0 0 0 0 0 0 0 0 0 0 0 0 0 0 0 0 0 0 0 0 0 0 0
0.78272909262524 5.96000299815333 2.96200336724097 1.33034587651002 0 0 0 0 0 0 0 0 0 0 0 0 0 0 0 0 0 0 0 0 0 0 0 0 0 0 0 0 0 0 0 0 0 0 0 0 0 0 0 0 0 0 0 0 0
3.00697007651998 5.08794580927534 0 0 0 0 0 0 0 0 0 0 0 0 0 0 0 0 0 0 0 0 0 0 0 0 0 0 0 0 0 0 0 0 0 0 0 0 0 0 0 0 0 0 0 0 0 0 0
