7.00901180348574 0 0 0 0 0 0 0 0 0 0 0 0 0 0 0 0 0 0 0 0 0 0 0 0 0 0 0 0 0 0 0 0 0 0 0 0 0 0 0 0 0 0 0 0 0 0 0 0
7.60846382008828 1.18892695738995 0 0 0 0 0 0 0 0 0 0 0 0 0 0 0 0 0 0 0 0 0 0 0 0 0 0 0 0 0 0 0 0 0 0 0 0 0 0 0 0 0 0 0 0 0 0 0
4.92814260718446 3.57741605946032 0.850872182764594 0 0 0 0 0 0 0 0 0 0 0 0 0 0 0 0 0 0 0 0 0 0 0 0 0 0 0 0 0 0 0 0 0 0 0 0 0 0 0 0 0 0 0 0 0 0
4.213522256277 1.01050747136674 0.610094940891929 0.592685030784647 0 0 0 0 0 0 0 0 0 0 0 0 0 0 0 0 0 0 0 0 0 0 0 0 0 0 0 0 0 0 0 0 0 0 0 0 0 0 0 0 0 0 0 0 0
0.157803164640982 4.45285952451272 1.97876934331368 1.83897963552386 7.8284387432225 0 0 0 0 0 0 0 0 0 0 0 0 0 0 0 0 0 0 0 0 0 0 0 0 0 0 0 0 0 0 0 0 0 0 0 0 0 0 0 0 0 0 0 0
2.54355467411077 3.167726284524 3.23640129597094 2.92175067176164 4.19099848871039 0.400948785197563 0 0 0 0 0 0 0 0 0 0 0 0 0 0 0 0 0 0 0 0 0 0 0 0 0 0 0 0 0 0 0 0 0 0 0 0 0 0 0 0 0 0 0
0.760276051392215 0.2039240218286 1.0010717672971 0.570714572284833 6.9049882444657 1.95084901524259 6.78690451854849 0 0 0 0 0 0 0 0 0 0 0 0 0 0 0 0 0 0 0 0 0 0 0 0 0 0 0 0 0 0 0 0 0 0 0 0 0 0 0 0 0 0
1.33868440318262 2.39169448029925 0.595098094819403 0.0843564588279306 0.787157533590193 3.0697048592832 0.129139761535155 2.40322380913308 0 0 0 0 0 0 0 0 0 0 0 0 0 0 0 0 0 0 0 0 0 0 0 0 0 0 0 0 0 0 0 0 0 0 0 0 0 0 0 0 0
4.83087415273855 0.414765512142585 1.78996394194482 6.10916117847726 6.81102789508894 2.53963814325983 1.27726416468515 4.09230037471631 5.0836572264012 0 0 0 0 0 0 0 0 0 0 0 0 0 0 0 0 0 0 0 0 0 0 0 0 0 0 0 0 0 0 0 0 0 0 0 0 0 0 0 0
2.49416330219557 0.268610447942457 1.80678394808281 1.15009665246602 2.65776227403798 1.22774530886872 2.94430315890402 0.218931853279573 1.44753469440823 2.15881748134446 0 0 0 0 0 0 0 0 0 0 0 0 0 0 0 0 0 0 0 0 0 0 0 0 0 0 0 0 0 0 0 0 0 0 0 0 0 0 0
0.688945878563328 0.169673213958682 3.70949318032691 0.50290287539221 1.24714380490856 0.0609976892646655 4.85775015895429 0.706896832419268 0.437781607172474 2.83322332832614 0.0372512469250327 0 0 0 0 0 0 0 0 0 0 0 0 0 0 0 0 0 0 0 0 0 0 0 0 0 0 0 0 0 0 0 0 0 0 0 0 0 0
1.44655440170822 1.25889671204587 0.997411778104589 2.18690002159994 1.88877723836662 3.57639454464313 3.78384817726404 0.695366880399749 1.07942144988992 0.323199874996215 2.9496532650688 3.65031702605874 0 0 0 0 0 0 0 0 0 0 0 0 0 0 0 0 0 0 0 0 0 0 0 0 0 0 0 0 0 0 0 0 0 0 0 0 0
0.052425249979111 0.0714862717743657 0.2571962929335 1.25252973328524 1.21542373553008 2.5339543480766 0.134424548917777 10.6015896286121 0.285854785739604 3.60533837052097 0.0942351188973433 1.5438502849494 2.97219641757102 0 0 0 0 0 0 0 0 0 0 0 0 0 0 0 0 0 0 0 0 0 0 0 0 0 0 0 0 0 0 0 0 0 0 0 0
0.811865407298767 4.43268214627128 2.17240171861273 2.82182800043721 6.34658807583592 0.421125947913361 8.42815710308211 0.230613079615303 6.3111842396454 0.379868617076018 1.80729624742798 0.279994340524707 0.495843873408662 3.00195483348459 0 0 0 0 0 0 0 0 0 0 0 0 0 0 0 0 0 0 0 0 0 0 0 0 0 0 0 0 0 0 0 0 0 0 0
8.31836301196963 9.92781879843055 3.97364626360789 0.840731952342163 0.33715133320257 4.98667008998439 4.13438501393356 0.408516532544208 1.84430894755246 0.945690185451654 0.495847731243098 1.35823237737437 0.0542230689420359 0.975725554624162 5.70536415644834 0 0 0 0 0 0 0 0 0 0 0 0 0 0 0 0 0 0 0 0 0 0 0 0 0 0 0 0 0 0 0 0 0 0
10.961053881546 3.97052748750868 1.34877065571525 2.12031337638522 2.20450166758234 5.65208177354831 1.90564974127533 3.93891956049257 0.21079338021262 2.16522683545109 1.72857556520652 4.54701704929876 2.6042478555478 3.77623153236446 5.30378323031668 0.47733597926117 0 0 0 0 0 0 0 0 0 0 0 0 0 0 0 0 0 0 0 0 0 0 0 0 0 0 0 0 0 0 0 0 0
0.144995880191936 5.00048380541563 1.93114603388781 1.05033438398385 0.119039615618882 3.12926795675941 1.78188265977822 0.45730869494693 2.17284543429931 1.55518732201805 1.07745391737189 0.975026901945424 4.13957066564539 6.2636778186897 0.0934277007719581 3.39390563375092 1.77024491795751 0 0 0 0 0 0 0 0 0 0 0 0 0 0 0 0 0 0 0 0 0 0 0 0 0 0 0 0 0 0 0 0
0.567406249661546 0.52593723025223 0.856204111293915 3.2100832641765 6.57395416105986 1.342524798978 2.87224676177698 0.0823137951830819 1.48445664698032 5.64723867855962 0.11403090384074 0.465332225073452 2.35965188209018 6.68966308322592 2.97539833987137 4.00782177321863 1.56486234468783 7.12808252010576 0 0 0 0 0 0 0 0 0 0 0 0 0 0 0 0 0 0 0 0 0 0 0 0 0 0 0 0 0 0 0
2.38910303436284 4.24832803999008 1.84037397898169 0.371120966938628 3.19884957510231 1.18940828990434 2.88164435464187 2.78258690387298 3.6060352231648 2.36974176682305 2.58829867081907 0.264767413749057 1.27052273222131 3.69104417289861 0.804712581488693 1.00654588257744 0.265308926579585 0.715886754683659 3.32104358344007 0 0 0 0 0 0 0 0 0 0 0 0 0 0 0 0 0 0 0 0 0 0 0 0 0 0 0 0 0 0
5.94007615593338 3.45690604062674 1.96650818323063 1.27990755454212 0.785367818076478 1.70809342326105 0.349418109638972 7.17482727490807 0.599747243687082 6.89988187988712 0.0646520720634607 8.42909535604642 5.05444445662815 0.769593785721955 0.260339788008727 1.70182180413476 0.0246074855223474 0.206439208380545 1.38679025451365 1.88188422134474 0 0 0 0 0 0 0 0 0 0 0 0 0 0 0 0 0 0 0 0 0 0 0 0 0 0 0 0 0
5.52440782709239 5.1699326129676 2.6863422132128 2.43243814061654 0.241039909422767 4.0113509202874 3.52736359166924 0.536390269740682 6.73570744743322 7.70730282874637 1.39469393442732 3.66921183186443 3.23660523407529 1.35657602981074 4.08928949599949 1.89311625299134 2.36556292133713 2.22560387719977 2.76017959109377 0.688799985200689 2.67765061226968 0 0 0 0 0 0 0 0 0 0 0 0 0 0 0 0 0 0 0 0 0 0 0 0 0 0 0 0
0.648578767008709 3.39482154987185 1.34650096707093 2.99786331418827 1.5260608399227 3.5455945560716 0.419398811917942 5.10654190714313 0.0568924246438173 1.82342583595842 2.00407393376575 3.02050503189983 0.817617423772167 10.9676766198291 0.166142707970729 4.23001763657604 1.13974343444921 3.85367308964043 2.04457194500757 0.47307916182954 6.40179087249061 0.604473503593224 0 0 0 0 0 0 0 0 0 0 0 0 0 0 0 0 0 0 0 0 0 0 0 0 0 0 0
1.26193902820718 0.964201994764124 4.76341097367605 3.31717612611399 3.77614188824702 4.42805555684099 0.323496933846686 2.03003010233621 1.03534538710229 1.57898052434476 1.48374238422116 3.37683109488936 2.34873144656794 0.737461591304325 0.368096488089902 2.13226661777555 1.13450694110247 1.17183284121324 3.24371491015606 2.02963133442411 1.12576441483469 0.616437393132696 2.55070606782568 0 0 0 0 0 0 0 0 0 0 0 0 0 0 0 0 0 0 0 0 0 0 0 0 0 0
2.7477826341662 1.66856278540362 0.21376403248991 8.4406592878666 3.17669948815506 0.723804906201987 2.51066977574936 0.0875685290804819 0.392913360884808 0.733044323046055 7.65561901286983 4.72716528310753 0.436381690974565 3.82797447938211 1.73240526841955 10.0656013396531 1.06677638687691 1.84603349076545 1.50716316936989 1.04349164415131 1.08039982562892 2.15362647583571 4.92073794560442 4.10107403882499 0 0 0 0 0 0 0 0 0 0 0 0 0 0 0 0 0 0 0 0 0 0 0 0 0
0.0890490448675112 0.276122053299408 7.7961985974364 2.19820985236297 0.770591810482187 0.636844128291126 1.30314491713651 1.75631097541095 3.57415920387474 1.99015194781869 0.996222717280194 0.340549332538765 1.64254203643126 0.826920026519708 1.7824576270367 1.91380200182658 4.7552604332909 1.43668165844394 3.5909939048859 4.0209674419921 1.31641039307788 1.85593676385921 2.16682919486652 2.80110449304163 1.20768327364288 0 0 0 0 0 0 0 0 0 0 0 0 0 0 0 0 0 0 0 0 0 0 0 0
0.728024694247394 0.101908935331308 1.69920199888786 2.84082815369024 1.49717877510695 1.86077237874752 0.589408259937531 1.01781769660114 2.92284722702072 0.285711518417929 3.23887442713617 1.23510017394923 2.95442881866226 4.93128701552369 0.789886615679291 0.135901238068493 0.174972561712973 2.05655774568621 0.00497117022765069 3.86378222886997 6.73885225425541 0.0176221291840636 0.301755886834636 0.875281592729549 0.908141166268229 0.354747007445789 0 0 0 0 0 0 0 0 0 0 0 0 0 0 0 0 0 0 0 0 0 0 0
0.515372204760957 1.96436408484023 1.91829344390102 1.66597294443764 1.3116914122451 5.19211727575668 0.634205452248919 1.22945905544627 1.24565442061625 2.91220987336675 2.23944657433211 5.07939332397237 1.23596515802673 0.790064927754227 1.26474996749919 2.91962777869449 4.37971140170568 1.22164728800389 5.37992338094638 2.46845930018181 1.49318027635075 0.17678437066448 3.3192539788706 3.21009094688685 3.82152941197976 0.235795503243134 2.60843438211009 0 0 0 0 0 0 0 0 0 0 0 0 0 0 0 0 0 0 0 0 0 0
0.471082254611292 3.75492491743004 5.06257659674765 0.757405075757308 4.04770148706574 5.31139941743962 3.34764758780171 5.23159288371374 1.05547569929108 4.34024950172717 0.292303148026374 5.71312008311671 0.734177957824517 0.327078592567443 9.39068177528348 0.664570870889165 0.184938950350567 4.86886254839984 1.87357066020484 0.513102272940946 0.452615002067547 7.60572415679441 3.82486566728429 0.355324105221724 0.0300883637405905 5.73014793062761 0.606896173988779 2.0132804871331 0 0 0 0 0 0 0 0 0 0 0 0 0 0 0 0 0 0 0 0 0
2.70010300458417 1.16144346407355 0.276780120675919 0.618768450562651 0.14345250602819 1.97491094537876 1.48050237924078 0.704384922183512 8.02527931486819 0.267947619929315 0.177183161725636 1.4545379576564 0.151220227529234 1.09059645753524 0.246004881950189 1.29727170781068 2.79065741252967 1.94007975495527 1.00576733178849 1.35961062679575 0.243387842227216 2.36644862051095 2.46878893540521 8.425910040164 4.76704994522924 6.02254862275556 4.09400245115402 4.20229913834746 7.42332519473123 0 0 0 0 0 0 0 0 0 0 0 0 0 0 0 0 0 0 0 0
6.97802208740158 1.04167486905375 7.0536003156695 2.26076739275706 4.26288963268738 2.24495234038278 0.245426667417017 1.56458209192656 0.202599140262817 3.58230349949777 0.465631512692687 0.086980419834691 0.970465960156151 1.14525512554602 0.424810987639681 5.57521768636949 3.01083125745927 0.0854666605011666 0.242570862551382 0.479203618623779 0.421243382931104 0.701544897650306 0.397499044175224 3.68789989953157 0.641421890372558 0.709111015393193 0.61301824255449 1.49986221764884 0.609208213538215 10.2529429345844 0 0 0 0 0 0 0 0 0 0 0 0 0 0 0 0 0 0 0
0.100830470163487 0.195946655766794 2.39517856046394 3.65223694778681 0.0685279687790826 2.00780680093004 2.91901027156266 1.43988011095891 1.72216254796624 1.61909956233492 1.94102742995284 13.1118429585845 1.1846819201716 1.78749979740149 4.56269917902577 1.5237279762712 6.43605192459984 0.125014333029156 4.34841660714919 3.72412364087503 0.825311743069317 0.288488530413048 2.82238384748873 5.90119492734385 0.869822489119 3.51738316124397 1.87207778246274 0.222862831402961 0.731728839707113 1.51600107877626 0.21350058125843 0 0 0 0 0 0 0 0 0 0 0 0 0 0 0 0 0 0
0.543063163802893 2.54821948881793 2.51777521759358 1.76200126108188 0.0233752237449378 2.21808202155291 0.523370029142248 1.98092431266058 1.74535769441336 3.87997383732444 6.07726700018759 3.53752185986809 0.902994560620084 8.09025099740276 3.49735799720742 1.14286389764644 0.801294542901674 17.1189699775514 1.02098911822369 0.649680387522947 3.0098057376525 8.34439147843529 0.270711903955588 1.60115374659825 0.256543041610557 0.56557047770217 0.0746455256576153 0.998686472951393 0.30152273272543 0.12163234303346 2.07649044045663 3.70585352207883 0 0 0 0 0 0 0 0 0 0 0 0 0 0 0 0 0
0.219778905544366 4.1526186708004 4.38145757981701 1.97825041383577 0.296074562784876 0.0302362937251776 2.63256835798651 0.727998427043143 1.51966406952455 1.04746542574164 1.25310948049952 1.66068928536358 0.0580470318665088 2.29529770269343 1.87610531543432 0.0171704821684953 0.525235413458722 0.0756424998104838 2.76538026353833 0.736941206145493 2.27158120663903 0.393139738370626 1.14612943469585 3.1795659471407 1.62943597958148 0.200120032217011 2.26660701622765 0.300113326005342 3.29429349926615 0.905211216964341 2.73906645683732 0.670345358951307 0.162945040111546 0 0 0 0 0 0 0 0 0 0 0 0 0 0 0 0
3.77655124996492 7.00290150670157 4.35724877372124 1.26891065822384 4.97556561193724 2.04288407215565 2.74549507482218 2.02184329749699 4.49609186681034 1.89554431168819 2.08031807958719 11.3688051935249 2.48636184250985 1.89386148185772 0.127505414032415 1.93638484315277 1.60203912654247 0.0520073775146798 1.11473841612212 6.98488222172305 0.42939387931004 5.63030715356776 7.32066368021312 1.47866902153706 4.57433532616245 2.18502201803064 2.90256299591357 2.96649669494338 1.79619217312942 3.31856105683912 1.49355947878192 3.0779299405055 0 0 0 0 0 0 0 0 0 0 0 0 0 0 0 0 0
0.518844994254475 1.44348206038387 1.14127294191673 1.56574603460422 2.38186056781805 2.44227163776452 3.3079596094713 1.42564804967453 0.0931045838631319 2.65736542604533 0.993487438465148 0.181078300008881 0.688874824797096 0.410528197897822 3.5904047070592 0.76144111982973 1.99806151563328 0.793083929406626 4.0567791118987 0.763270652254914 0.908145645679712 2.61208170190602 0.227572289474794 2.80674563404265 2.80744110755155 2.80692877920987 0.346290572915813 1.69336876141368 1.86657062731859 0.052970210921593 0 0 0 0 0 0 0 0 0 0 0 0 0 0 0 0 0 0 0
0.141441558243357 0.616075252684496 0.419303117329333 1.41922310413037 0.869984679101182 1.30458627009915 1.87015006757842 4.50134091775277 0.434560329353149 0.104304507333148 4.26316889013905 0.488091926692188 2.36618401791814 3.10046173804594 1.7902445160065 0.360935173965622 4.22055167706477 0.850898333423718 4.01122181244127 3.45270779701257 1.65635602265738 0.0932671982812843 1.20595347826139 3.82048830096419 0.501056848021287 0.0549933039333389 1.40778902889576 2.18556542004921 0 0 0 0 0 0 0 0 0 0 0 0 0 0 0 0 0 0 0 0 0
0.375581849469928 0.526608991832302 3.97314076104854 0.671832450087229 1.28764964800688 1.73321976072134 0.852995274486407 1.59225585234199 4.90191261649085 7.89000711781392 0.0189902022143461 1.57984487329607 0.366769933325279 1.1446558901546 0.483083863313717 1.37786987185933 2.85035585086192 0.0420328313447369 0.636379770200296 1.95094139879882 3.19658241605305 2.58376574388789 6.44491093516913 1.28977718091647 5.16128892412232 6.28320592493181 0 0 0 0 0 0 0 0 0 0 0 0 0 0 0 0 0 0 0 0 0 0 0
1.94475619613354 1.8111210162895 1.16169423630185 3.76844920278812 3.86634588402607 0.822653555562627 0.355092507758555 7.53976523161128 0.530763752402291 3.92735899171527 1.68911585429191 15.0483290959397 1.86755050608925 0.201283017907678 6.7948624419558 5.77936650091006 0.813932623339286 2.27459644833978 3.95586069290618 2.37479004838179 1.55387418901713 4.36224264496812 0.598305908263594 2.41032901437477 0 0 0 0 0 0 0 0 0 0 0 0 0 0 0 0 0 0 0 0 0 0 0 0 0
0.12063643767818 0.341988299612182 3.27694236975461 5.54197805228769 4.17825465221665 0.0793874681234819 1.60175966631198 3.79961383242619 0.00680878482632514 1.73456957361669 6.35190341041728 1.53097760883005 6.93813246802082 0.918424159104522 5.74028176402411 0.0485037707725449 0.761191652420838 5.76406101887992 2.44152625193818 1.64827533096487 0.511265660583867 0.0582427342527125 0 0 0 0 0 0 0 0 0 0 0 0 0 0 0 0 0 0 0 0 0 0 0 0 0 0 0
6.00505704254495 2.85410404200735 6.2814216606337 2.49313240021418 3.85851706862439 1.699185720741 7.09115062956335 0.342870489979246 1.29474414157426 0.24989254287733 2.36981928250253 1.18116914107413 6.65306787230657 5.11207981735636 0.0912958702687096 3.85446374192314 0.539589516616082 2.73015135897238 0.152941474940872 1.0645362677092 0 0 0 0 0 0 0 0 0 0 0 0 0 0 0 0 0 0 0 0 0 0 0 0 0 0 0 0 0
2.48198317679955 0.725793626073527 0.513319737554568 4.15839254805876 0.0414513711109808 0.387597727894024 0.105151376881242 1.16054460561573 0.268010965723585 1.1713520274714 4.76017036180206 2.52302898234988 1.38475521272678 3.06370960879309 4.77101235775515 0.711878874347946 1.86704748203789 2.89307065843519 0 0 0 0 0 0 0 0 0 0 0 0 0 0 0 0 0 0 0 0 0 0 0 0 0 0 0 0 0 0 0
0.133035912861465 0.748962939989694 1.32048958524681 0.768553303101573 5.56380969421256 0.761944214431406 1.00033179695366 0.974784941961595 0.161367878892959 3.72692073765539 1.18824292441624 0.689641705365095 2.96917583630987 4.38056724180742 2.91253254299487 0.0584515693084971 0 0 0 0 0 0 0 0 0 0 0 0 0 0 0 0 0 0 0 0 0 0 0 0 0 0 0 0 0 0 0 0 0
1.59563395329883 0.622361465357975 3.55426505903142 6.74288416451054 0.455568915209731 0.754971616209833 2.47559785729497 3.33016025495469 0.3600697391682 0.347581392401032 8.89965184870773 0.269350612784691 1.73318549292041 1.31981564494574 0 0 0 0 0 0 0 0 0 0 0 0 0 0 0 0 0 0 0 0 0 0 0 0 0 0 0 0 0 0 0 0 0 0 0
3.24017221845492 2.70660580185226 11.7267893194964 2.84185359431149 1.74387936356119 1.43260652496856 0.488168884712942 4.06713336930082 2.49512489745061 7.01828489814631 5.4888291192373 1.2758743624505 0 0 0 0 0 0 0 0 0 0 0 0 0 0 0 0 0 0 0 0 0 0 0 0 0 0 0 0 0 0 0 0 0 0 0 0 0
0.583197933172938 1.79021194114653 0.970853345810766 2.34465117459377 2.86628192538692 1.54772291986122 1.63163427023082 0.232507801642276 0.458669066550799 0.915912979629816 0 0 0 0 0 0 0 0 0 0 0 0 0 0 0 0 0 0 0 0 0 0 0 0 0 0 0 0 0 0 0 0 0 0 0 0 0 0 0
1.81025864415122 0.307393738284741 0.203879950615063 0.0119399874134676 5.37742674079663 3.85012664719543 3.13609674493892 2.49037440877214 0 0 0 0 0 0 0 0 0 0 0 0 0 0 0 0 0 0 0 0 0 0 0 0 0 0 0 0 0 0 0 0 0 0 0 0 0 0 0 0 0
0.144764392292861 0.236768260421433 3.81700231701181 0.873330238847411 1.78689587853645 3.4013930706436 0 0 0 0 0 0 0 0 0 0 0 0 0 0 0 0 0 0 0 0 0 0 0 0 0 0 0 0 0 0 0 0 0 0 0 0 0 0 0 0 0 0 0
0.553891335090902 0.243222755559302 0.614867289333959 3.51196222036956 0 0 0 0 0 0 0 0 0 0 0 0 0 0 0 0 0 0 0 0 0 0 0 0 0 0 0 0 0 0 0 0 0 0 0 0 0 0 0 0 0 0 0 0 0
2.2274684081511 0.245067171517156 0 0 0 0 0 0 0 0 0 0 0 0 0 0 0 0 0 0 0 0 0 0 0 0 0 0 0 0 0 0 0 0 0 0 0 0 0 0 0 0 0 0 0 0 0 0 0
