0.678647708762539 0 0 0 0 0 0 0 0 0 0 0 0 0 0 0 0 0 0 0 0 0 0 0 0 0 0 0 0 0 0 0 0 0 0 0 0 0 0 0 0 0 0 0 0 0 0 0 0
1.32033212627736 4.74967753604911 0 0 0 0 0 0 0 0 0 0 0 0 0 0 0 0 0 0 0 0 0 0 0 0 0 0 0 0 0 0 0 0 0 0 0 0 0 0 0 0 0 0 0 0 0 0 0
1.9143635633786 3.77803850352014 4.51582409301265 0 0 0 0 0 0 0 0 0 0 0 0 0 0 0 0 0 0 0 0 0 0 0 0 0 0 0 0 0 0 0 0 0 0 0 0 0 0 0 0 0 0 0 0 0 0
2.35479961534563 3.33433674302752 0.627771274299018 3.76516975106866 0 0 0 0 0 0 0 0 0 0 0 0 0 0 0 0 0 0 0 0 0 0 0 0 0 0 0 0 0 0 0 0 0 0 0 0 0 0 0 0 0 0 0 0 0
0.197551920236224 0.0550898908574113 4.20586445435285 0.30571643734238 0.0886931520594415 0 0 0 0 0 0 0 0 0 0 0 0 0 0 0 0 0 0 0 0 0 0 0 0 0 0 0 0 0 0 0 0 0 0 0 0 0 0 0 0 0 0 0 0
0.0652668356497731 0.849941272959713 0.962910073328666 4.88592296808953 2.03251976169476 1.47785249579585 0 0 0 0 0 0 0 0 0 0 0 0 0 0 0 0 0 0 0 0 0 0 0 0 0 0 0 0 0 0 0 0 0 0 0 0 0 0 0 0 0 0 0
0.575770287683848 6.78380620244747 3.06615578227797 2.87356701610679 1.92877593170408 0.77531030031706 0.00575326983869532 0 0 0 0 0 0 0 0 0 0 0 0 0 0 0 0 0 0 0 0 0 0 0 0 0 0 0 0 0 0 0 0 0 0 0 0 0 0 0 0 0 0
3.74146092027831 1.43980734295024 0.132776702692755 7.70208978809305 0.163226068224395 0.937167700452426 0.244767371715868 3.11363235515138 0 0 0 0 0 0 0 0 0 0 0 0 0 0 0 0 0 0 0 0 0 0 0 0 0 0 0 0 0 0 0 0 0 0 0 0 0 0 0 0 0
1.34762738545095 1.00360477744951 14.9144903442457 6.73850128538462 0.108633792474899 7.13899205472332 2.47165980631943 2.0873032677807 0.389168341685905 0 0 0 0 0 0 0 0 0 0 0 0 0 0 0 0 0 0 0 0 0 0 0 0 0 0 0 0 0 0 0 0 0 0 0 0 0 0 0 0
0.469175855310136 2.4469021373736 4.94128045188629 1.21744186520342 0.107204988876392 0.0244099511908894 0.00737896184584043 3.79261380169086 1.65885722114698 0.341477142354374 0 0 0 0 0 0 0 0 0 0 0 0 0 0 0 0 0 0 0 0 0 0 0 0 0 0 0 0 0 0 0 0 0 0 0 0 0 0 0
1.38584319254252 2.80829802011344 2.09089116117773 3.08687082444809 0.401200266357837 0.28053596909148 2.62075252279836 1.11778789820104 10.7335696793868 11.207343517793 0.181918207925713 0 0 0 0 0 0 0 0 0 0 0 0 0 0 0 0 0 0 0 0 0 0 0 0 0 0 0 0 0 0 0 0 0 0 0 0 0 0
2.01029383207899 1.50032211179779 2.72550548884974 1.92114344823268 4.95775727534828 2.770167957628 0.968465992179324 3.31980643144612 8.34032903886757 1.8644595104744 1.18735994304417 0.83367102844086 0 0 0 0 0 0 0 0 0 0 0 0 0 0 0 0 0 0 0 0 0 0 0 0 0 0 0 0 0 0 0 0 0 0 0 0 0
0.801306848133962 1.73855838781174 2.98315655394327 1.81427256555675 2.15074802739911 5.49741398039114 2.18510427530749 0.861296387099086 2.65883791755526 1.64043226130813 2.53507004858156 3.01158174846964 3.46577867365838 0 0 0 0 0 0 0 0 0 0 0 0 0 0 0 0 0 0 0 0 0 0 0 0 0 0 0 0 0 0 0 0 0 0 0 0
1.82707865152433 0.331960328337448 0.922288058804907 0.640339426116904 0.315876567317464 3.54870017150153 2.25670801043581 1.83034249279527 1.5675313747491 2.7207869481653 0.263337762274193 0.441245411319077 6.02138959682852 0.854362035895237 0 0 0 0 0 0 0 0 0 0 0 0 0 0 0 0 0 0 0 0 0 0 0 0 0 0 0 0 0 0 0 0 0 0 0
5.83942578135415 1.86265147585491 0.868971228254198 7.68259448602312 1.2860794719442 0.506620440213637 1.44113022417828 0.557668190755985 2.66147727899736 9.26928769007003 0.602311371147984 2.27276031861085 1.79253071128527 0.614849108789956 3.86239924875875 0 0 0 0 0 0 0 0 0 0 0 0 0 0 0 0 0 0 0 0 0 0 0 0 0 0 0 0 0 0 0 0 0 0
1.97468924635956 1.08197044724907 1.4472786620083 0.215596828483396 2.49038546200978 2.69098679456376 3.86898251189873 1.59660054699705 0.0981621876926613 4.31940967078916 1.52592475647628 1.65728322757287 0.698955193508013 1.50033655051669 0.825618815052068 1.16398649818057 0 0 0 0 0 0 0 0 0 0 0 0 0 0 0 0 0 0 0 0 0 0 0 0 0 0 0 0 0 0 0 0 0
0.638043610473386 0.612529287757457 5.9108975027522 1.72017811556014 7.74055740687991 0.371286217266642 6.49080229825635 2.47889402819796 0.94325089885728 1.27176014468695 8.57611788958428 0.365495778362031 1.21789199831328 5.83350104515805 2.56044632945521 1.58463105737853 2.87511753375127 0 0 0 0 0 0 0 0 0 0 0 0 0 0 0 0 0 0 0 0 0 0 0 0 0 0 0 0 0 0 0 0
2.65408370379164 3.70541918667369 5.81585893703601 1.90216668828068 0.672853321054409 1.84999270326329 5.16599532765971 0.760716132549167 3.14478730657211 3.29486054513761 3.40466537749915 0.275891571822066 0.941790722636714 0.155483919425503 2.35908310420167 4.47909150905888 2.61006377931485 3.23000211307131 0 0 0 0 0 0 0 0 0 0 0 0 0 0 0 0 0 0 0 0 0 0 0 0 0 0 0 0 0 0 0
1.31114827464447 6.70700775089504 0.996087625880539 0.488775637928141 0.463793309466122 5.09042207876474 0.937074829075472 2.35029192322515 1.63792835075198 2.62045475573859 9.282155699029 0.661737241172812 1.35974152502203 0.514227834429985 1.99589194900889 0.0997575731424708 1.71594182505267 3.42213455738226 2.30442626020321 0 0 0 0 0 0 0 0 0 0 0 0 0 0 0 0 0 0 0 0 0 0 0 0 0 0 0 0 0 0
1.66568443362841 1.46749502349171 0.405818592719241 0.0941873441610909 0.560494549632976 0.267668655704408 0.919361001306428 2.205476335613 6.76456919343175 0.227384606608575 1.1034456461698 0.85207277758549 0.862558382903031 0.0429539651775445 0.805398468029 0.521119704161846 1.53175644659925 3.22899504230728 1.14745269607969 3.25315358272122 0 0 0 0 0 0 0 0 0 0 0 0 0 0 0 0 0 0 0 0 0 0 0 0 0 0 0 0 0
5.50877230293829 0.0367619679700203 2.5445097652162 3.79452793269518 2.74353532621352 1.06923143111328 3.89396824717994 0.800341180936581 0.0784416568924565 2.1849935811527 4.63662074615437 2.84033430656464 3.74830221714847 0.0884626151719909 6.6034580949116 0.436534411233877 3.11065550865093 5.46024770447583 2.80949720508822 0.285173789462023 1.21770095301584 0 0 0 0 0 0 0 0 0 0 0 0 0 0 0 0 0 0 0 0 0 0 0 0 0 0 0 0
0.298493325675378 1.02668110335089 4.59179074369081 0.154054043716183 8.87086518072688 2.04602989598882 0.941622849092159 2.78325907191428 0.993437714759128 0.299439884917983 0.0892652976034289 1.31950431094179 3.55246852461903 0.895218945357508 2.34802772782268 1.3979338973341 8.93065292746916 2.5097529920684 3.42181443231778 0.10301548330755 0.493435116239413 3.38273586671274 0 0 0 0 0 0 0 0 0 0 0 0 0 0 0 0 0 0 0 0 0 0 0 0 0 0 0
2.19922926082435 3.17881898058144 0.825555201134649 0.970248369853529 3.63947797645731 1.12037359443614 1.89879279713041 3.10530530384636 1.35676677159224 2.99124493712861 3.0592579868828 0.660307147029012 2.7495936814649 0.493877163460331 4.44140684479441 1.29320796454094 2.24157552445523 1.48023996307947 0.902773347971726 0.0192162101831698 0.769291895124987 4.423113522658 0.706957941644834 0 0 0 0 0 0 0 0 0 0 0 0 0 0 0 0 0 0 0 0 0 0 0 0 0 0
3.29327674603949 4.65020496694708 3.03904852058002 1.15529225889505 1.20089472870273 4.5789618632255 0.144442640179754 2.81764408140431 4.00492147575987 2.59372118425613 0.293429257035181 2.6917398679493 1.01865583434319 1.29026168085836 0.318809908818812 0.971524023844822 2.30465807437767 1.56267029123188 1.67204901517611 0.546778093588529 4.01432243027514 2.10364947819049 0.140460102178565 0.554839373881154 0 0 0 0 0 0 0 0 0 0 0 0 0 0 0 0 0 0 0 0 0 0 0 0 0
1.8996127722637 3.4377687642966 1.32012090885143 0.624033446111741 4.85759715128257 1.48827824299122 0.412701768852502 0.0158449526699783 1.52762974939231 0.12707998046544 4.38711309752515 0.727564926671651 9.8633157665577 1.40369154881687 4.98227862753948 6.49540856532254 5.10637841396499 3.96458122872897 3.23019406428954 3.47024376007096 3.82732173891857 4.11814401052072 4.10401236699746 1.0482861703359 0.867225222768997 0 0 0 0 0 0 0 0 0 0 0 0 0 0 0 0 0 0 0 0 0 0 0 0
1.74233331310224 0.0574238303683695 0.175273056423235 1.87260781009753 3.86307473850726 0.167957145673283 4.09221000173906 3.02101063216385 1.48283979884516 3.25297792429124 1.32363668198118 4.48801790618345 0.0546419533160912 1.00560428530136 1.64130367767238 4.05544972148694 6.4390732452478 0.995387152270998 0.253802100838105 0.115111459354737 1.1621291197889 5.69099751180514 3.75569522633992 1.20864826159596 1.31491343993531 17.1930142629095 0 0 0 0 0 0 0 0 0 0 0 0 0 0 0 0 0 0 0 0 0 0 0
0.0497900379782041 0.0969275298896877 6.9103536234283 1.74237512636861 1.12033712594696 5.60494258088587 0.609307302260657 0.964410358821366 0.217726398363998 0.0894251169227959 1.20213811604594 0.225002402086608 2.40809684101331 2.61656052609758 0.367738910602186 2.60938352921811 1.37398654904714 4.33396911018137 8.69923817934659 0.818356358216926 3.82961283903463 4.33116326262782 0.209957681771778 1.6978231792727 1.11478732636828 0.411516522101366 2.16334491406012 0 0 0 0 0 0 0 0 0 0 0 0 0 0 0 0 0 0 0 0 0 0
0.0723134823833458 0.670458239081331 7.02564408930433 0.877817499055454 1.48092998963924 2.52626868157829 1.58778243587209 0.198284298326353 7.03549072175215 0.738402769414311 1.80973655982705 1.1487484800174 2.95677099136243 0.325685697523002 1.4522903689747 2.69691488815483 3.13457362716865 3.86547164130037 2.37136403437563 2.16314378941187 1.63659088376405 2.48584041298431 0.0921397540709872 1.62113248203895 1.4333586778969 4.31735828175743 1.55361554137248 5.89953423071656 0 0 0 0 0 0 0 0 0 0 0 0 0 0 0 0 0 0 0 0 0
3.68801038845607 1.03575069513729 1.0579481585128 1.29026183327248 4.94702178641832 2.07241973807307 0.00332143359200123 2.62371546466696 6.84918616802381 2.27662162334265 1.97409636189495 4.38745000654197 1.3061385077377 0.134155640204829 5.24659190310264 2.5260935139391 16.0338844155385 0.78278445898195 2.89618410841597 4.36117748141517 2.11208368216555 0.242148998558349 1.82016183901771 1.56986146406514 0.509734074788296 0.959031729870351 0.382402283087079 0.00868547746955938 6.392734996239 0 0 0 0 0 0 0 0 0 0 0 0 0 0 0 0 0 0 0 0
3.12488395006217 2.43600188060158 1.93424883027697 4.13972848408368 0.832778434542879 0.600283725854422 1.28804829263497 0.436363177706785 3.61665830956228 0.356491698998333 1.55639315291223 0.414129026900866 0.604058533832419 2.71050334535113 0.454830781145844 1.76109597105231 6.44451823695654 3.1529672876991 4.76613862989276 2.39004890035477 0.898053609624223 3.09055945240998 2.26405406390631 2.20939742150895 0.326831792773522 2.23383544086943 1.56836886758707 2.12894516029174 1.70933574672311 1.11650880239756 0 0 0 0 0 0 0 0 0 0 0 0 0 0 0 0 0 0 0
0.0694570622426332 2.54057701704288 5.265632935171 1.48991408949173 1.12565112492344 1.64711002274931 0.147415841690063 1.99011678579795 0.249533975686773 1.44013782171624 2.5292683918251 2.24364562576395 4.46934861159664 2.2646642725368 2.55756179280301 2.83991303991693 0.476936485483296 3.25880320902023 1.86259878485043 4.16718220943595 7.32654185953581 2.44969939565366 3.49222719673996 0.109245741183777 0.507450994988444 2.35999283936737 1.51989758252405 2.53590522481967 0.781682566992426 4.58422358524956 1.45275718531755 0 0 0 0 0 0 0 0 0 0 0 0 0 0 0 0 0 0
0.439381632345624 2.72319942130418 1.26098924189039 2.44114613537582 0.812714051926957 0.429893393413062 3.70873984527956 0.237053793436431 0.922261320238265 0.708539295153733 0.659342582426178 0.882608459873603 5.88078405510513 0.58931673070313 1.78215193453827 1.15805345608722 1.53295090459105 2.39353893357696 4.85065286634227 3.35361203182983 0.202904481940525 4.79580549399739 4.14559903039523 0.790634157050658 1.67253715356644 2.45677629871726 3.70427050467149 0.336881875686552 3.41415252611674 1.33562032737871 0.726018677787223 2.17505479662275 0 0 0 0 0 0 0 0 0 0 0 0 0 0 0 0 0
2.14471310778402 1.3838673829265 2.75157719029703 0.279503227816646 6.37047770033666 0.780802408061765 5.48047111937805 17.8120155261094 0.0220942602075956 0.57639336883586 4.2397438629433 3.62019424212011 1.92249857037077 0.446942892451536 0.192737546442524 1.9773567154754 1.92635517080781 2.94969136097788 3.93856732593434 5.34783727702817 4.11525763767881 4.39921471089338 3.95663772236357 1.39960185941275 1.0561793213826 0.32424306250784 3.96970839455802 10.2970725724443 3.56363203730008 0.518748554072777 1.83030864565864 4.14451183916421 0.46244900463561 0 0 0 0 0 0 0 0 0 0 0 0 0 0 0 0
0.867399908202711 0.793547935009602 0.0979016850666968 3.01977325613023 0.206918840940483 1.23504889505961 0.0189582082243359 1.55596833038003 1.43456161865141 2.49839245680287 2.00337222051256 10.9528817203508 1.42396323988835 0.630267965524211 1.12263021213065 3.13506789222894 3.39050682661443 1.00738264928484 4.02862341000332 1.87196592999581 2.67395014526141 0.408931811131054 0.288202284148668 0.828585577795195 0.243033717979988 0.473413347575494 2.74011504082562 4.74825121798809 4.454068257802 0.545453169172826 7.39837586387907 4.16967729833867 0 0 0 0 0 0 0 0 0 0 0 0 0 0 0 0 0
1.25175926654155 0.618313443712658 1.97160986219209 0.59335336104446 2.26983030476401 0.279556266806361 2.73518454107031 0.639909578039297 0.26261838709134 2.51921076856158 2.39893253778204 1.51088973743584 11.4524512432032 1.92551051541322 6.284523684935 3.11874210175019 7.23141079851882 1.25871461897766 1.49557191745958 1.40503993796853 0.0990464546959049 4.23009578229079 0.0188453041335394 1.35814726947621 1.53056854800259 2.23410841729267 3.25680950121586 2.2939393863573 0.657141695765951 0.443950877451307 0 0 0 0 0 0 0 0 0 0 0 0 0 0 0 0 0 0 0
7.9538305581175 0.460597827664473 0.813097221220189 2.03314631026975 0.989278304262325 6.85382197698137 3.01132822602326 0.853208356106533 6.25718064485239 1.55398873754307 1.53096267811355 0.515239665551264 1.40202684853854 0.760248090970727 1.87278065736684 8.54438891556296 1.72704283649799 7.72908595488306 0.653689876401407 1.23148499118296 1.8092742062806 2.61759697058737 0.0992885289685737 2.7092139072634 2.01030495914092 9.93976535854012 0.0593138154690454 0.205900529571035 0 0 0 0 0 0 0 0 0 0 0 0 0 0 0 0 0 0 0 0 0
2.67322945892537 2.59346730581353 4.35465484868853 0.410581951590692 0.15046088821437 5.58004397883651 2.50120974213696 1.07834037352804 0.784980423283648 2.6541018986478 0.361370997496063 2.22856747737015 2.3273049064715 1.28243145175938 16.5819144316156 0.461517518287237 3.41159685744585 1.52462802931011 5.28131031757071 2.33449622294362 2.52345206031759 0.108620054918218 0.160416007535339 4.2861661179021 6.73925668501711 0.827595307845488 0 0 0 0 0 0 0 0 0 0 0 0 0 0 0 0 0 0 0 0 0 0 0
0.579810670681959 1.29373850143681 9.50780012187813 0.0586666594278783 2.11576465330191 2.19442814211714 1.54498922642361 10.6848732952997 3.62775288788491 3.02932464497916 0.518949869941519 1.53573216666955 3.8383958635102 0.164728265732118 4.05852271522102 8.26909893120427 3.05826620710178 0.404954821316337 2.4962625910949 3.73646486092439 2.42540715129525 3.4787511007127 4.0237944295753 0.028582917498898 0 0 0 0 0 0 0 0 0 0 0 0 0 0 0 0 0 0 0 0 0 0 0 0 0
0.776795980598774 0.762234120541048 0.902252437591953 0.621123099369456 4.41467195724231 0.534812849724776 0.953545557397176 1.93305058323822 1.57587859812755 3.48145993256063 0.787742602070481 1.4869367931831 7.13091551082066 2.01355884863456 2.19997792225149 0.354928157445595 0.221203328329914 3.62874246396754 1.74171670053103 4.12656845890276 4.7169967745077 1.46153061700683 0 0 0 0 0 0 0 0 0 0 0 0 0 0 0 0 0 0 0 0 0 0 0 0 0 0 0
1.99616867899379 1.46557586691133 1.24996416552461 0.788112637260166 0.107893178055244 9.87530643727674 1.0474757036563 2.61319483258757 2.9750914419083 0.151212321080427 2.31299719169831 2.77034554056888 1.92981973917376 3.55372418963483 0.847939093288686 0.906635708313439 9.04515015010834 1.15180332521793 1.80443382343352 0.619604016677768 0 0 0 0 0 0 0 0 0 0 0 0 0 0 0 0 0 0 0 0 0 0 0 0 0 0 0 0 0
2.49027451257329 0.967790185145297 0.0937522183144903 0.731021309763193 9.1117172477227 0.635197996036334 0.173887286866837 2.49662814371132 8.91192458649989 0.0801902112023886 1.54212506752793 1.62684718630449 1.84459598491663 3.45160077280938 0.0603733577761161 3.26404269481652 2.01163233123005 3.66077923956625 0 0 0 0 0 0 0 0 0 0 0 0 0 0 0 0 0 0 0 0 0 0 0 0 0 0 0 0 0 0 0
0.5771886940089 0.0948156368835528 0.0784896025473424 4.05627733283483 0.565474994877793 1.55382663832333 4.86796882052277 4.34376301439585 4.21791213292492 1.88001959119937 0.0296422236772226 3.73389164271884 0.461105196346603 1.75061397563511 0.467635779907571 3.7629218333614 0 0 0 0 0 0 0 0 0 0 0 0 0 0 0 0 0 0 0 0 0 0 0 0 0 0 0 0 0 0 0 0 0
1.87589602057143 1.57119617466157 6.0550198825202 2.22016435122929 4.12986206624055 3.75676237741317 0.584629010466092 3.44227341436864 5.57245230405571 1.66328868115596 0.498318710604054 2.49606500399645 4.71496561837704 8.15138913384424 0 0 0 0 0 0 0 0 0 0 0 0 0 0 0 0 0 0 0 0 0 0 0 0 0 0 0 0 0 0 0 0 0 0 0
0.0641306623474345 0.314722124607208 0.687801071213567 0.153824223606329 5.26343869163448 1.28500786889979 8.41705750050153 1.81166420521438 4.95022083172758 0.295639633085356 0.102899956560341 0.602691847990599 0 0 0 0 0 0 0 0 0 0 0 0 0 0 0 0 0 0 0 0 0 0 0 0 0 0 0 0 0 0 0 0 0 0 0 0 0
3.25139254861424 2.9183900005101 0.582999795562055 1.17535003050215 6.10416316396365 0.461628699251952 2.65552324996506 3.36329986076073 2.83763620207299 1.34285382528558 0 0 0 0 0 0 0 0 0 0 0 0 0 0 0 0 0 0 0 0 0 0 0 0 0 0 0 0 0 0 0 0 0 0 0 0 0 0 0
2.60904884097573 0.252123331322655 3.2918602876603 2.12636734255737 1.94641792512031 2.93861138722292 0.434418861845436 2.81665369744923 0 0 0 0 0 0 0 0 0 0 0 0 0 0 0 0 0 0 0 0 0 0 0 0 0 0 0 0 0 0 0 0 0 0 0 0 0 0 0 0 0
1.24802174230365 2.37774818154424 0.206583405354775 0.893987196201938 1.30170175104787 0.981130138441841 0 0 0 0 0 0 0 0 0 0 0 0 0 0 0 0 0 0 0 0 0 0 0 0 0 0 0 0 0 0 0 0 0 0 0 0 0 0 0 0 0 0 0
1.51234021910584 1.06794146142283 6.23294743212569 1.56196974086117 0 0 0 0 0 0 0 0 0 0 0 0 0 0 0 0 0 0 0 0 0 0 0 0 0 0 0 0 0 0 0 0 0 0 0 0 0 0 0 0 0 0 0 0 0
0.152643814443385 0.625273155376742 0 0 0 0 0 0 0 0 0 0 0 0 0 0 0 0 0 0 0 0 0 0 0 0 0 0 0 0 0 0 0 0 0 0 0 0 0 0 0 0 0 0 0 0 0 0 0
