4.04832759013399 0 0 0 0 0 0 0 0 0 0 0 0 0 0 0 0 0 0 0 0 0 0 0 0 0 0 0 0 0 0 0 0 0 0 0 0 0 0 0 0 0 0 0 0 0 0 0 0
3.43080289708171 0.744441200889421 0 0 0 0 0 0 0 0 0 0 0 0 0 0 0 0 0 0 0 0 0 0 0 0 0 0 0 0 0 0 0 0 0 0 0 0 0 0 0 0 0 0 0 0 0 0 0
11.6415066026792 2.71617550554924 3.91698310433061 0 0 0 0 0 0 0 0 0 0 0 0 0 0 0 0 0 0 0 0 0 0 0 0 0 0 0 0 0 0 0 0 0 0 0 0 0 0 0 0 0 0 0 0 0 0
3.25278670556101 0.360097342058986 6.04465855236102 5.43483278726329 0 0 0 0 0 0 0 0 0 0 0 0 0 0 0 0 0 0 0 0 0 0 0 0 0 0 0 0 0 0 0 0 0 0 0 0 0 0 0 0 0 0 0 0 0
0.375059625330266 8.71770363282351 0.513769837600348 0.861593398318126 0.598766650359078 0 0 0 0 0 0 0 0 0 0 0 0 0 0 0 0 0 0 0 0 0 0 0 0 0 0 0 0 0 0 0 0 0 0 0 0 0 0 0 0 0 0 0 0
0.871447852925214 1.71434306207031 3.11986473077115 0.611190072582967 1.93602715816195 0.340804827318781 0 0 0 0 0 0 0 0 0 0 0 0 0 0 0 0 0 0 0 0 0 0 0 0 0 0 0 0 0 0 0 0 0 0 0 0 0 0 0 0 0 0 0
1.65047365882076 0.416134890339777 0.838411912675875 0.258113331283647 4.72897189022405 0.984801863490437 2.30934403492941 0 0 0 0 0 0 0 0 0 0 0 0 0 0 0 0 0 0 0 0 0 0 0 0 0 0 0 0 0 0 0 0 0 0 0 0 0 0 0 0 0 0
1.64327168423865 0.85894268343005 0.0585622626856647 2.16546274291446 1.07140509500593 2.53530401967806 3.18353140202332 2.10839383993804 0 0 0 0 0 0 0 0 0 0 0 0 0 0 0 0 0 0 0 0 0 0 0 0 0 0 0 0 0 0 0 0 0 0 0 0 0 0 0 0 0
0.55544286862001 0.567065185141308 1.35010106411023 0.430195768077221 0.208321476298095 0.92367017364464 2.55373621789769 0.8915365027379 0.316749583899283 0 0 0 0 0 0 0 0 0 0 0 0 0 0 0 0 0 0 0 0 0 0 0 0 0 0 0 0 0 0 0 0 0 0 0 0 0 0 0 0
1.97028398437907 4.06239440058523 0.440896217446126 0.913659902659887 2.34517830976536 0.572833076968113 0.384759374909517 2.26446770065427 3.38482222226076 3.29558879306552 0 0 0 0 0 0 0 0 0 0 0 0 0 0 0 0 0 0 0 0 0 0 0 0 0 0 0 0 0 0 0 0 0 0 0 0 0 0 0
1.37356209164655 3.04028130786178 2.33594759142672 1.0546120417528 2.16638908104088 1.70804583604237 3.06165993616869 1.7528758488322 1.67901118181819 3.02581719024618 1.01532949050728 0 0 0 0 0 0 0 0 0 0 0 0 0 0 0 0 0 0 0 0 0 0 0 0 0 0 0 0 0 0 0 0 0 0 0 0 0 0
3.20920355897022 0.892368801505644 5.02577547835227 9.25279933908828 1.58087448874904 2.36469691429788 2.62779107046519 0.624255684353256 0.586439029805406 0.588602961952273 2.55086826860037 2.21964850968506 0 0 0 0 0 0 0 0 0 0 0 0 0 0 0 0 0 0 0 0 0 0 0 0 0 0 0 0 0 0 0 0 0 0 0 0 0
3.8737653593026 3.87581672118921 0.488967790449395 0.521684178517479 0.460385437781858 3.81752065221033 1.20556661710582 2.38323642525684 0.391063079323667 0.849447404679287 0.241099852155165 0.573856748346245 0.623542356959458 0 0 0 0 0 0 0 0 0 0 0 0 0 0 0 0 0 0 0 0 0 0 0 0 0 0 0 0 0 0 0 0 0 0 0 0
2.15558770781292 0.374211998043318 1.76341627005147 0.774565309732289 0.083382017488587 0.834683634186335 2.0714183910718 1.49936081747176 2.84397732691571 2.88937248336193 0.0914018550159531 2.77460175469364 2.67750858498615 2.35332465229895 0 0 0 0 0 0 0 0 0 0 0 0 0 0 0 0 0 0 0 0 0 0 0 0 0 0 0 0 0 0 0 0 0 0 0
5.234564362467 2.99276959933235 1.86645505700402 8.96987525875892 0.0927677439975388 4.06306647302216 1.11800718742089 2.56116983525754 0.773902833309987 2.13113590475979 1.84161408430313 1.76815071998335 0.0242407679508866 0.331357704026881 5.14229738991694 0 0 0 0 0 0 0 0 0 0 0 0 0 0 0 0 0 0 0 0 0 0 0 0 0 0 0 0 0 0 0 0 0 0
1.86384433149873 1.01019176818283 5.51303098324967 5.30922109775444 3.64735660965075 0.474473049183825 2.73855167911598 1.39271976292066 0.588283648720403 1.13785095581798 0.713567922659448 4.38700791616402 0.0673000401911602 0.0707909800652553 1.34013320583196 3.34580641204551 0 0 0 0 0 0 0 0 0 0 0 0 0 0 0 0 0 0 0 0 0 0 0 0 0 0 0 0 0 0 0 0 0
4.72806394234177 1.70459694328195 2.88149539536136 1.73971055898035 3.76928153265545 2.23041091258187 1.1030401610877 3.03875256642003 0.237993714519637 0.563986974591847 4.0639731917314 1.05518220561377 1.1360480429244 0.241442802286202 0.0876417459941588 0.328559261195226 1.56894245410195 0 0 0 0 0 0 0 0 0 0 0 0 0 0 0 0 0 0 0 0 0 0 0 0 0 0 0 0 0 0 0 0
2.91058465423386 1.77720692453344 7.13564293470022 2.47022652890482 1.5207891162493 0.140379673050118 1.44765402343849 3.62947766811787 0.798069841499476 0.51859049759511 0.519154142290663 1.33132855026735 4.0903962375055 0.229481427440412 0.449424022708473 3.9525523180959 4.54262501987811 3.27717447521097 0 0 0 0 0 0 0 0 0 0 0 0 0 0 0 0 0 0 0 0 0 0 0 0 0 0 0 0 0 0 0
0.62059622192003 0.13851216529949 1.10374878935934 0.269668020843127 0.364022286243257 0.826048136285965 6.81174823177583 1.00457865770656 2.40206805290917 0.546272117878859 3.35224289225133 0.0685012143404753 4.44342785698633 0.0128573706024005 3.39735039887713 0.106417141406517 1.89592035697631 2.90967524095431 1.41798500002272 0 0 0 0 0 0 0 0 0 0 0 0 0 0 0 0 0 0 0 0 0 0 0 0 0 0 0 0 0 0
4.2674920009666 0.787456762375308 3.03709652334699 1.79485813266254 7.70109052864523 1.14315818026633 1.26405651219146 1.7033387923794 0.548725443804053 4.40993066969714 3.45403075791026 1.58912134958086 0.272307906496769 2.72015635059469 1.03519731296023 2.26835653869549 8.48196643029148 4.11545279061068 1.83793136066394 4.9370273797216 0 0 0 0 0 0 0 0 0 0 0 0 0 0 0 0 0 0 0 0 0 0 0 0 0 0 0 0 0
1.8407633742456 5.61842686919654 1.29927415749812 2.01592590450794 3.54130904373068 2.11038246510447 0.993716324110416 0.593777053827153 13.1049901997634 1.36396267931408 3.26919657370036 1.04730661482791 5.24549893930527 0.0647121695435535 5.67918040398727 2.76973971234996 1.05915330813599 1.31824751098106 1.30158883110239 0.721901039963211 1.35016597058406 0 0 0 0 0 0 0 0 0 0 0 0 0 0 0 0 0 0 0 0 0 0 0 0 0 0 0 0
1.08118928521276 1.93234732334839 1.95992194872397 1.76333132146789 1.76647287383969 1.50319280347946 1.03629060505679 0.570748169019183 0.481905938224438 1.20672708381309 3.15178764826731 2.66488231370782 9.67573197594526 2.70458265983972 4.42280260873679 1.53074599624065 2.37967252219484 0.555412190906936 2.42188919212462 1.45362000767291 0.382460769280073 4.34537587921513 0 0 0 0 0 0 0 0 0 0 0 0 0 0 0 0 0 0 0 0 0 0 0 0 0 0 0
7.6045896266316 2.12186760705226 0.205742346385285 0.185859600922339 7.6169160387698 4.30230337543947 0.330909171694381 4.79270064362242 0.818287606166893 0.20808347079593 1.06573720817201 0.770295377516046 2.02284344900179 2.01367038323714 1.41540716821883 0.661034693572756 6.92158693881703 4.50539337037118 3.48876312178744 8.63990047443744 1.19108981162604 0.486748965886382 0.268638761644094 0 0 0 0 0 0 0 0 0 0 0 0 0 0 0 0 0 0 0 0 0 0 0 0 0 0
4.30402463636896 4.79524609589348 0.472088146485664 3.64702151766325 0.888346709807245 9.21524917709782 2.50006319515882 1.08616039563727 0.566172058913756 4.32046290762302 0.000238120001238902 3.27112726740561 0.471558905874379 0.406221100776324 1.24743034111275 2.29600638271899 2.51365649157408 2.85808994017692 0.0297516347438566 0.019830533866623 1.15747277356552 1.05318825227385 2.9978828762872 0.538385177960029 0 0 0 0 0 0 0 0 0 0 0 0 0 0 0 0 0 0 0 0 0 0 0 0 0
1.80143307453995 4.68572950142806 1.25476783482665 2.20211506095736 3.42386264173942 0.296176403625844 1.67334272254842 0.318942134101227 1.66880045583874 0.687429865082135 2.55079235002276 6.29367003732613 0.803500113309123 3.77444142527949 0.459810420391484 0.997028174012709 6.87382715548417 0.534470173356688 1.11002687949585 1.10804601510897 5.27842705434766 3.16082614173643 0.381076436796592 4.83835465509519 0.211821849143873 0 0 0 0 0 0 0 0 0 0 0 0 0 0 0 0 0 0 0 0 0 0 0 0
0.42543420896339 4.40085153233378 0.342682265479347 1.46404504528104 0.147989939154008 4.2588201179907 0.743468741329645 6.48230328277063 0.744810814759821 1.22488099640795 2.10068641698796 1.18209897918121 1.78742798200667 2.33382689405276 0.116796722328965 3.56288505869965 4.59525714544247 1.2461671632738 4.58720950486985 0.372420291322313 1.10827521756248 9.17407339847871 0.768644027265072 2.71070371770469 1.07107064975834 0.415473963367645 0 0 0 0 0 0 0 0 0 0 0 0 0 0 0 0 0 0 0 0 0 0 0
3.24108980729929 1.37842732137241 0.969717768734812 1.96284053919373 1.29372472467398 0.991511183368282 2.4755448110136 6.7415995973551 3.7318746388862 0.277153223715584 3.88731496891729 6.81795610989561 0.0865736334117183 4.13287851029383 0.328334331252116 2.09698280834367 1.26261720039895 1.08081829490066 1.02950661598134 0.274588609223953 2.29631513879385 1.16545839261408 2.22141804345704 8.14235192814588 6.13579269467377 2.49237645465818 0.592070021028001 0 0 0 0 0 0 0 0 0 0 0 0 0 0 0 0 0 0 0 0 0 0
4.33428256757141 3.92125613055071 2.03183919989676 4.02077314340329 1.27305589163617 1.52222304602473 0.478707669789696 0.14120861173111 1.62158036326949 0.377078784559143 2.07968375084389 2.94158464720414 0.332406346672706 3.70210888619135 2.93381040377663 1.48986899947726 1.29053754471163 1.5254272850719 1.02738303243865 1.33312820212985 2.08797843812677 2.01916787797086 4.33462262597684 5.32975241020377 0.505227097216788 2.39920855648043 2.45235723389642 0.914665321271241 0 0 0 0 0 0 0 0 0 0 0 0 0 0 0 0 0 0 0 0 0
8.01916817597874 2.19974832469325 3.02063681408942 0.441351213739104 2.90516887834967 4.61452840204009 0.85524553912045 1.72360969598157 2.29632963428808 5.68190261202154 1.90451101717234 3.23911133332722 1.91577899342134 0.71512516645752 0.217251253346049 4.46241562166793 2.55790838304813 0.212253641016636 8.98081574711367 4.36869314732275 0.0583474179777656 1.9636336900007 2.52282531460638 1.67697736439876 3.7989550858692 1.19453734802739 9.31073980166962 1.13694114675668 0.628453550547233 0 0 0 0 0 0 0 0 0 0 0 0 0 0 0 0 0 0 0 0
1.18164633868795 1.42580782216384 0.625099629970388 5.61314112886104 0.549956625732497 1.52560755556195 0.995930761176621 0.816347819823302 3.29649469644569 0.0551683552400711 7.00328108130713 4.9490003006823 1.82348845554363 1.2020418000051 2.69574340921576 2.2592513327713 0.153136821011404 0.815138441075477 1.98243492126285 0.0587295354707529 2.97735190928802 2.29691412443993 0.356038873484087 0.915320526927719 2.10579400348671 0.350857791944686 2.55340814016831 2.24579106448323 3.10113665983179 0.111086970527558 0 0 0 0 0 0 0 0 0 0 0 0 0 0 0 0 0 0 0
1.68237821051173 1.1355723239665 5.61832351644758 1.2326179377323 0.182901443480115 3.76423242520515 0.832864118855799 1.05418955434838 2.55062589417401 0.345004999260545 2.9654573797236 2.51894861958503 4.21135883190874 2.30161785777521 1.13865335616179 5.25731519371916 5.72490259556494 0.856681750666541 2.12162092727057 0.73940832266701 0.984690341781847 2.66403124616463 1.61029946570007 1.10540301421598 1.00258326227104 1.51840470360005 1.68000418796408 2.57439400969944 2.25988538308408 0.2225278556661 1.38650645821219 0 0 0 0 0 0 0 0 0 0 0 0 0 0 0 0 0 0
0.602337806717407 3.71637317944428 0.667384483379007 2.76999329846259 0.882615553567302 1.32620093851767 1.31496593555233 2.26002838667471 0.835147961790471 3.24173462610854 2.08459496957465 2.21768735500383 3.90547102296646 1.99042147502068 1.49571902988592 1.37206465129889 2.46096950372635 0.277030275185555 2.10993146755181 0.0449952027012497 1.06440906172426 5.51867278128127 0.0599639897344425 1.56172073050562 0.198806759857675 0.316056644212514 0.989338650152757 1.46884102241605 1.64485044467386 0.816984919884841 0.669866354313791 1.5181212817125 0 0 0 0 0 0 0 0 0 0 0 0 0 0 0 0 0
0.960378219121718 1.46087842831405 2.04107163505754 0.445016576690065 0.835323972565379 0.702848571332323 1.62656393427818 9.4686941524489 2.54716932128431 1.52844832616344 0.721707108490222 0.425762413062862 7.37398525149987 1.44022491043028 3.57022826481663 1.74143545626683 1.57574269182032 1.14352818099271 1.18495930139038 6.41854318206428 4.09918967198231 0.473260951823015 0.388868970387107 1.58882177832964 4.7417062204452 0.369261591607217 1.21416580674242 4.41985870790919 1.70089031665288 3.31078574066674 9.48728854331642 2.55034729686196 3.93428861752385 0 0 0 0 0 0 0 0 0 0 0 0 0 0 0 0
0.165605692168084 2.40516976160177 4.05749318080724 2.25412412522849 2.99097411095828 0.0234069700995285 1.88311000926756 0.752644769224485 1.04486328571202 1.86011610259943 0.938927790752999 0.224265732252882 2.54820569225522 0.127146476539245 1.8711322243029 1.10315673101379 0.661298038487076 0.247076259911802 4.85879710711002 2.30205927573142 0.359517445271739 1.84730242089815 1.68855468610016 0.44755052665484 0.711351570441707 5.7114164697504 1.68732651122281 1.29192223700754 0.79367643699219 0.554805201696441 8.00405515538522 1.24910517777181 0 0 0 0 0 0 0 0 0 0 0 0 0 0 0 0 0
1.70852154696213 1.58276027580887 0.924788918717462 0.227673736355285 0.815106371133035 5.9183348870546 0.588959019759227 1.55583023683974 0.203333318083533 0.437039114120879 1.50359136054819 6.41300902647042 7.19589311814809 1.89376078029373 0.0939476409912394 0.362182150530173 3.14383375298424 7.60137109866649 4.26870139083257 0.490536283065205 0.249750054010629 0.0186947747137359 3.0546861220451 1.80279461501972 1.77115839132348 2.59110596400151 0.467640676054178 0.392528432265322 2.40768000230328 3.48526568893157 0 0 0 0 0 0 0 0 0 0 0 0 0 0 0 0 0 0 0
1.8839542447364 1.48207813006999 0.724681162277725 0.0138365777742512 5.41227152517809 7.44480524397049 1.93487840824387 0.67193071789473 3.59187888131636 7.98049578645687 0.135484551315222 1.05277276099031 3.12000284545583 2.95644512607259 1.28128023091355 0.293899257627827 0.548887308326821 8.90896033799594 0.184600873187141 5.1800016461308 2.20758652572155 3.28914440147752 10.9679970541322 1.58212728639217 2.29548973425337 3.28812060176551 0.482057224497764 6.76821125510401 0 0 0 0 0 0 0 0 0 0 0 0 0 0 0 0 0 0 0 0 0
2.42326351953058 5.46777503898764 0.494613298272428 0.27791020319142 0.73528853609107 1.56590033014529 0.524443547219048 2.33058305982743 7.10402710800293 2.81453292601945 1.96888634604921 1.6552053642339 0.0231137656419712 3.45064974002023 2.99941528500074 0.176993690042223 1.03306521683821 0.965310747246783 3.05406398911817 0.727472032885696 1.06609902567254 3.39904013212505 0.923844405969593 4.04246340066688 1.04509399007716 2.34403665632691 0 0 0 0 0 0 0 0 0 0 0 0 0 0 0 0 0 0 0 0 0 0 0
2.08701279846552 0.687754850512713 1.22265027904755 0.430311571765118 1.26869129667047 1.99340603485505 5.82530377227832 0.539119488916073 1.18084704438616 3.42162435448971 0.947324031470647 0.927005824933984 0.356480034803789 2.48944913562839 2.13809954905629 0.738208298425685 1.37589022587317 0.651250352634171 1.0559593490163 2.82229065880238 1.29587712454637 0.805200183261462 0.105465157481846 7.98644716995023 0 0 0 0 0 0 0 0 0 0 0 0 0 0 0 0 0 0 0 0 0 0 0 0 0
1.5089052020589 4.42402800870533 0.780740722162294 2.30432244672812 0.493560880890575 1.30992181587941 1.82133382643297 1.09765427280919 1.68281139954066 0.0123960747778617 2.20460141885801 0.762641961561648 1.53969964090138 0.0597680476357631 4.45405728254604 3.64941376832274 0.454806156954628 2.12353132303226 3.94395391861333 4.29680093661345 1.5560114367482 0.236927710728256 0 0 0 0 0 0 0 0 0 0 0 0 0 0 0 0 0 0 0 0 0 0 0 0 0 0 0
1.24896548937256 0.10486835771485 0.413369338614305 0.0828942032384885 2.20844307215712 4.46330985132923 1.13484171944624 6.62067164291177 1.12604115288573 3.1899505339987 0.407283983706398 4.49887594777429 1.45206884510534 2.37989702981263 0.120165488510603 0.809276317892698 0.599961197619416 2.83154969201951 0.374990006201532 4.49427994894806 0 0 0 0 0 0 0 0 0 0 0 0 0 0 0 0 0 0 0 0 0 0 0 0 0 0 0 0 0
3.25126860679034 0.865582777960055 0.419884209847625 3.90871500359378 0.396907855508712 3.5207037636586 0.677576833063364 4.56208254725667 1.35195159390596 3.28189934460968 5.66984466086832 1.11979973117434 2.62755175551212 1.47102641404062 2.84570346721745 2.00881802095063 1.2853689478135 3.70120836257362 0 0 0 0 0 0 0 0 0 0 0 0 0 0 0 0 0 0 0 0 0 0 0 0 0 0 0 0 0 0 0
1.46310347325139 1.49878293257317 0.96470456334383 1.11628026543043 2.43794007000104 4.23440208059534 1.33156633808496 3.20313197024559 0.197096020583885 5.37807880495874 0.650851320840847 0.504343176958675 0.99865455135247 1.37282862028732 0.0957810851463236 3.15367835187444 0 0 0 0 0 0 0 0 0 0 0 0 0 0 0 0 0 0 0 0 0 0 0 0 0 0 0 0 0 0 0 0 0
1.95910462342783 2.39782036185085 2.08146474243732 2.00511622522788 4.34099229205331 0.850433119439673 0.382855252522475 4.78964701970923 4.89579473155866 0.257218813631495 1.79306383524344 1.35196218961807 1.34235673093881 0.550982748946614 0 0 0 0 0 0 0 0 0 0 0 0 0 0 0 0 0 0 0 0 0 0 0 0 0 0 0 0 0 0 0 0 0 0 0
0.678003251895484 0.848793739515424 0.433525727567691 1.13315471883696 8.11917165034036 0.753746397648663 2.69677225763766 2.37696470471432 0.96338941339649 4.51112040605205 0.14867942315777 2.6578038848986 0 0 0 0 0 0 0 0 0 0 0 0 0 0 0 0 0 0 0 0 0 0 0 0 0 0 0 0 0 0 0 0 0 0 0 0 0
0.150323877074861 0.167776492108212 6.56068751688069 7.97818041608156 0.56241084383085 8.99832165550953 1.96260690555939 0.204879339677016 3.30363170684091 1.44369865619057 0 0 0 0 0 0 0 0 0 0 0 0 0 0 0 0 0 0 0 0 0 0 0 0 0 0 0 0 0 0 0 0 0 0 0 0 0 0 0
1.71057571639724 3.79106260787955 1.09807577562321 0.775339060382134 5.45677256809908 4.22497579760579 0.252982349128446 5.35574814972018 0 0 0 0 0 0 0 0 0 0 0 0 0 0 0 0 0 0 0 0 0 0 0 0 0 0 0 0 0 0 0 0 0 0 0 0 0 0 0 0 0
0.116782556345047 0.447923144827898 0.272551859955283 1.40932382575083 1.41611765403703 3.16990403445287 0 0 0 0 0 0 0 0 0 0 0 0 0 0 0 0 0 0 0 0 0 0 0 0 0 0 0 0 0 0 0 0 0 0 0 0 0 0 0 0 0 0 0
13.0387636899902 1.40425828137547 5.9963473168378 5.53107412188984 0 0 0 0 0 0 0 0 0 0 0 0 0 0 0 0 0 0 0 0 0 0 0 0 0 0 0 0 0 0 0 0 0 0 0 0 0 0 0 0 0 0 0 0 0
0.948603420452201 13.607964841102 0 0 0 0 0 0 0 0 0 0 0 0 0 0 0 0 0 0 0 0 0 0 0 0 0 0 0 0 0 0 0 0 0 0 0 0 0 0 0 0 0 0 0 0 0 0 0
