0.156096217152319 0 0 0 0 0 0 0 0 0 0 0 0 0 0 0 0 0 0 0 0 0 0 0 0 0 0 0 0 0 0 0 0 0 0 0 0 0 0 0 0 0 0 0 0 0 0 0 0
0.806116842188803 1.92741759799236 0 0 0 0 0 0 0 0 0 0 0 0 0 0 0 0 0 0 0 0 0 0 0 0 0 0 0 0 0 0 0 0 0 0 0 0 0 0 0 0 0 0 0 0 0 0 0
0.824200930159922 1.51290046591303 1.92885378437125 0 0 0 0 0 0 0 0 0 0 0 0 0 0 0 0 0 0 0 0 0 0 0 0 0 0 0 0 0 0 0 0 0 0 0 0 0 0 0 0 0 0 0 0 0 0
0.934229967918776 2.68929803617755 3.98572466947483 1.27987075847396 0 0 0 0 0 0 0 0 0 0 0 0 0 0 0 0 0 0 0 0 0 0 0 0 0 0 0 0 0 0 0 0 0 0 0 0 0 0 0 0 0 0 0 0 0
0.186304869041688 2.63153617084131 0.954232187208681 1.19115809294114 0.145118221285648 0 0 0 0 0 0 0 0 0 0 0 0 0 0 0 0 0 0 0 0 0 0 0 0 0 0 0 0 0 0 0 0 0 0 0 0 0 0 0 0 0 0 0 0
9.30140761884581 0.187686324888851 1.79973729524757 0.791690856024639 0.532077277548404 0.381851051469779 0 0 0 0 0 0 0 0 0 0 0 0 0 0 0 0 0 0 0 0 0 0 0 0 0 0 0 0 0 0 0 0 0 0 0 0 0 0 0 0 0 0 0
1.64500689246053 0.546659839735945 1.20020528403374 0.808117871992349 1.98039190659183 11.4128932597069 0.414720827851981 0 0 0 0 0 0 0 0 0 0 0 0 0 0 0 0 0 0 0 0 0 0 0 0 0 0 0 0 0 0 0 0 0 0 0 0 0 0 0 0 0 0
2.73394988848683 5.16108330656753 1.66018493045629 0.198813063305252 4.07984903470527 0.105624200119002 1.42954065016286 11.0073763402558 0 0 0 0 0 0 0 0 0 0 0 0 0 0 0 0 0 0 0 0 0 0 0 0 0 0 0 0 0 0 0 0 0 0 0 0 0 0 0 0 0
0.479218165925425 1.0139446444902 0.103108701404388 0.986559135572855 4.08575635512187 0.530135580451371 1.0258799907297 3.28688853061723 5.75190675836057 0 0 0 0 0 0 0 0 0 0 0 0 0 0 0 0 0 0 0 0 0 0 0 0 0 0 0 0 0 0 0 0 0 0 0 0 0 0 0 0
2.65282177586745 0.545150210164145 2.52584177627343 3.28153141303588 1.23089628108838 0.852531768869371 4.37644478569622 1.41530340163498 7.25365138233941 1.3362197453769 0 0 0 0 0 0 0 0 0 0 0 0 0 0 0 0 0 0 0 0 0 0 0 0 0 0 0 0 0 0 0 0 0 0 0 0 0 0 0
0.685274672378822 8.87920937408825 0.636747580212704 0.0689879300592146 0.0893085418277319 1.6932971868443 0.101269048917807 4.13880732785251 1.73078952605693 0.783657384949064 3.31787603662667 0 0 0 0 0 0 0 0 0 0 0 0 0 0 0 0 0 0 0 0 0 0 0 0 0 0 0 0 0 0 0 0 0 0 0 0 0 0
6.393288884751 0.0461713087383014 0.990139105220194 0.180998171776757 0.36021161098316 0.934287415262832 2.23924922075523 0.02846585531824 1.32325631139715 1.0538764902513 0.844124565467292 2.68711179861684 0 0 0 0 0 0 0 0 0 0 0 0 0 0 0 0 0 0 0 0 0 0 0 0 0 0 0 0 0 0 0 0 0 0 0 0 0
0.861982654551949 0.795567361303886 0.385482107493126 0.179572415498765 0.314456464194342 3.67371010646282 2.55413217687956 4.91347398572378 1.13856086409496 5.20186709450477 2.80097060467378 0.147033139374333 0.455337283429389 0 0 0 0 0 0 0 0 0 0 0 0 0 0 0 0 0 0 0 0 0 0 0 0 0 0 0 0 0 0 0 0 0 0 0 0
0.76052742262907 1.24139424334741 0.180367988948607 1.92112729070783 2.70961601681843 1.3915046268883 0.191808479043818 5.69792835668655 2.94030039251871 1.52168766560368 2.68202842990845 3.09253581096726 1.56965289954292 2.36794787822672 0 0 0 0 0 0 0 0 0 0 0 0 0 0 0 0 0 0 0 0 0 0 0 0 0 0 0 0 0 0 0 0 0 0 0
0.0126234227104571 0.75818325416341 0.0566680442724478 11.0445798789273 0.100932229629525 3.72919010784573 4.01018359792626 7.95692230991111 3.84232174418074 4.22099000456308 9.49865413040336 1.77442197210464 3.02570925596108 1.94162049638961 1.50009093318967 0 0 0 0 0 0 0 0 0 0 0 0 0 0 0 0 0 0 0 0 0 0 0 0 0 0 0 0 0 0 0 0 0 0
2.78209475135015 5.52322480587765 1.57804335032589 0.800591966670829 0.196984448740095 0.415784092423116 1.93271212090835 2.27369471465624 4.02047711030122 0.88965175308254 1.45133150043988 0.734865618962353 0.163929464989624 1.94291005029521 0.583623555981152 1.57562069604909 0 0 0 0 0 0 0 0 0 0 0 0 0 0 0 0 0 0 0 0 0 0 0 0 0 0 0 0 0 0 0 0 0
0.394521311953121 5.57915271063239 6.27285697840067 0.432912199527283 4.83418098091557 2.92771275778369 1.32361922713405 2.01115364901815 1.26716197628497 1.39217598436088 1.42687155810097 0.081212422201607 3.01809159127201 2.54867427364667 5.14430770561274 0.955634799395566 1.74277194358524 0 0 0 0 0 0 0 0 0 0 0 0 0 0 0 0 0 0 0 0 0 0 0 0 0 0 0 0 0 0 0 0
0.990241785536825 3.16439905760846 0.232069141605839 0.123401244782542 1.15657837827319 1.56663797999516 0.96471265373117 0.0628377075323472 0.0958973906364108 0.851555740117485 0.241812331291776 5.47575392749276 5.11955211455307 1.24564023870792 0.0567148376333457 3.18312792998139 1.22321647060318 6.76023330172702 0 0 0 0 0 0 0 0 0 0 0 0 0 0 0 0 0 0 0 0 0 0 0 0 0 0 0 0 0 0 0
0.452099677195063 3.79204262415208 5.3545690507618 0.172121297403691 0.0913016199509091 2.27259327142506 0.574529252694766 0.987309709696163 7.38949317534656 3.1912469501911 0.590952302122712 4.92846552209321 0.36546665487434 2.88385276594599 6.86591710737914 1.02967195938437 1.21778125384364 0.681293644391305 0.476143260639869 0 0 0 0 0 0 0 0 0 0 0 0 0 0 0 0 0 0 0 0 0 0 0 0 0 0 0 0 0 0
2.44207653097484 1.27216586882748 0.404428606212856 5.58632393301847 1.6733906186785 1.59495569256769 1.98522076127879 1.79617095082738 3.56145623228005 2.1656924122696 2.87976411117802 0.324958714455097 1.58015024240945 8.10227081703382 0.157053061675647 1.14980387965914 1.52431940968835 0.401253483541936 3.62122829554455 0.654628757343291 0 0 0 0 0 0 0 0 0 0 0 0 0 0 0 0 0 0 0 0 0 0 0 0 0 0 0 0 0
0.0743752295854353 2.21136699214841 0.059717097749197 3.7165459424791 5.98617215512204 3.5365079197166 1.50475567962521 0.456541140213664 0.100795866389629 1.4675728575599 2.09451585736514 1.27322588781114 2.30611736460424 0.770001827012383 1.03904238776767 2.09266680534166 1.55594061808737 3.07511697851549 3.60476747101394 0.618177088328118 0.331738880269273 0 0 0 0 0 0 0 0 0 0 0 0 0 0 0 0 0 0 0 0 0 0 0 0 0 0 0 0
0.456370333462974 0.376647382112609 0.634624959432883 5.95724666719761 0.436022521446025 1.64132628129305 2.07914596374062 0.798296478446311 1.6074109407049 0.472236345207692 4.1620395191027 0.479287401971625 1.89439157307412 0.148773651109689 0.926856516163728 2.48406617629383 2.85589624998512 0.116668971593149 3.26051484587147 4.29467147048529 2.65276428126918 3.45043273355353 0 0 0 0 0 0 0 0 0 0 0 0 0 0 0 0 0 0 0 0 0 0 0 0 0 0 0
1.27625272075557 1.2730890466136 2.26453469896883 2.36731634803874 0.0931357900448609 0.610553472240317 0.579198238736368 9.41787037935005 0.515842543836172 2.12114505391712 2.72168833919452 0.533606517133159 3.00400343402671 2.73754257156418 0.782651468190881 10.4576486082802 0.0463092295296464 1.15081723415009 0.379903347960248 0.0346710103070699 0.0865071239546133 0.910609015086912 8.98709933695305 0 0 0 0 0 0 0 0 0 0 0 0 0 0 0 0 0 0 0 0 0 0 0 0 0 0
1.02994606077661 3.04446348434686 0.889926795093002 2.70162243810158 7.28339200075944 1.70010829817062 5.81715279866693 1.51700108888606 3.55485634248783 3.4046484375891 0.116644912406427 5.46105889540865 3.6897808346317 1.72399763440171 5.39609106177195 1.73019328000371 1.38819020358085 0.0927106835022394 1.70226065806852 1.4706742421826 0.40800345661119 0.182049689707369 3.67735828887238 0.0032807024056103 0 0 0 0 0 0 0 0 0 0 0 0 0 0 0 0 0 0 0 0 0 0 0 0 0
0.96074443414784 1.19199322857622 2.27990573782588 0.714433789838621 0.127592112979286 1.25230826214099 0.475764843930067 0.360959736231981 1.01836291268524 1.86292112146733 2.29861509169245 0.855361221518773 2.70888314527801 2.96127114055613 1.12714569667387 2.99970383356378 1.20962717792294 1.52866091342028 1.67752883964247 0.828129801652953 0.284858281786295 1.88473452244672 1.82756368296052 4.23226457183094 3.58401920882206 0 0 0 0 0 0 0 0 0 0 0 0 0 0 0 0 0 0 0 0 0 0 0 0
0.435447705733767 1.98658990947354 3.20032461212109 1.00088257533953 0.878278315428462 0.0953552402149619 8.66935983420471 0.620829341847878 1.53463253195734 2.07332562938004 1.14609286112852 2.1829890144965 1.31972791968621 1.41761141244866 1.99362603690681 0.0605649108926686 2.92035366954607 1.12174989209193 0.332660564617959 0.0590726956423988 1.99195252376258 1.95728013115 3.42421846936734 0.517417307861663 7.35627337937763 2.20523828387525 0 0 0 0 0 0 0 0 0 0 0 0 0 0 0 0 0 0 0 0 0 0 0
5.326099486427 1.43935004213209 2.50546490007479 0.423504229548003 7.17333438625889 1.05879850414226 2.88521357057886 0.350797573506225 0.361724628688992 0.402706901660454 0.58810416232643 2.2490182263099 0.187221342867509 0.526840053253791 5.00498131263964 0.275576601666769 0.550444635481574 0.885392136549794 1.76253014044688 4.06051457145403 1.93187196288239 2.81134075906475 4.64454455764045 0.823392907150297 1.17997109640259 0.206885803876735 5.01242183351579 0 0 0 0 0 0 0 0 0 0 0 0 0 0 0 0 0 0 0 0 0 0
2.54613053125668 4.71622770299716 0.485715864585793 0.458192485308986 6.20452704078875 3.98576341112522 11.7441751185806 1.56086953909832 0.206376132500382 3.71274104649302 0.498276254705465 1.22831369233507 0.487352910089627 2.03989057925388 2.89105477972647 0.590788058458762 0.602177852570961 1.16039652514394 1.59749542503523 0.433245076564402 2.6244243086256 0.310372085644518 0.51002218823636 0.400371911263691 2.38570094343866 0.8422364403515 2.94586152222097 0.744893509035428 0 0 0 0 0 0 0 0 0 0 0 0 0 0 0 0 0 0 0 0 0
2.47473987903601 0.452916888831407 5.36007463876063 2.09168525671492 3.96388202437205 3.71969771934301 0.842222325265564 13.2740772532551 1.54225253006816 1.00652992118417 0.105503947459892 1.51099242851668 0.326200023898856 4.95009281744195 2.46440501837754 5.10300439364426 6.60091576027818 4.0267419644932 3.70751493684848 1.84123046872532 1.78367731465118 2.57329931664677 4.19800648698641 3.91680436064623 3.63081843675337 1.42403103696234 3.450510883192 1.5864577668625 0.423943663119754 0 0 0 0 0 0 0 0 0 0 0 0 0 0 0 0 0 0 0 0
0.383690030668845 1.4979737032223 2.91065954891603 6.29499804577972 2.95974383784641 0.293059311680537 1.60688019164051 0.797729315355753 3.95657409787055 0.562565123922383 1.17007096459455 0.493995761453026 0.645535861936198 2.96092948687889 5.521860905652 0.517481416826893 0.52649001361555 0.138239537677482 3.45812969435361 1.6126488028706 0.899157727315557 0.840205056005382 2.40917631550631 6.57062731313885 2.05300327315687 1.27039380583463 4.95927458580135 1.61088100160827 0.559918752301102 1.11976249535084 0 0 0 0 0 0 0 0 0 0 0 0 0 0 0 0 0 0 0
2.26840512395293 0.0472053687131836 4.27711765888054 0.624477045222197 0.786912155374943 1.23013700501497 3.65677085191968 6.58220776521193 0.370477416330175 1.28962913797689 0.588278103290489 0.220041391852312 1.18693649547548 2.82894721198791 1.69470521422369 5.70246801781386 0.285455770101385 2.60490213164638 1.05156977802274 0.207945327834962 1.062464460677 2.28138715233873 4.86312644204451 0.858107887838989 5.02751689539795 1.52798040801811 0.83443086301046 0.426257204556918 2.50238627485532 3.65093655779448 1.26656894263845 0 0 0 0 0 0 0 0 0 0 0 0 0 0 0 0 0 0
3.16159794523516 4.66876964971086 6.22980151678596 0.591510631947095 2.69408419022726 0.657645222324302 7.06430896244323 0.173735188964229 0.248792413103236 2.48048465540003 3.72046577775851 3.60755128074282 0.864211876970305 2.06499820287485 5.02039816431835 2.30610355754742 0.369484259490254 3.88503259497066 1.84552271319582 0.611102733812435 1.95476686417912 2.91988359639035 1.37367578141436 0.697881229879854 2.61616648790855 1.91175228534285 1.17542145632439 0.101721648182554 7.31913253302584 0.894122395662347 0.94738721862173 1.20435422529871 0 0 0 0 0 0 0 0 0 0 0 0 0 0 0 0 0
1.72229507410041 2.50195519492148 0.376115600016456 2.4645300497266 1.31584843266579 1.3211469018299 1.052130145269 0.0499920776833277 3.63672103399717 0.471148136615388 1.13712150629947 0.952553631109936 1.95828918646889 2.75687079235057 6.32602940003766 0.036047686048193 1.37311420298377 0.936431933428019 1.04746668998301 4.18451277603695 0.799101481352135 0.898389335811113 2.07608190790199 3.84721640517928 0.303971663730206 1.28240020197835 2.99529168933264 9.60509575058809 3.17849643945415 0.137637457431117 1.72111869402772 13.9684392215044 0.223155443680575 0 0 0 0 0 0 0 0 0 0 0 0 0 0 0 0
1.87179370029054 0.259711239136376 0.196682738233258 4.03430061412141 5.65668964020546 2.68697864197501 0.501728029217592 0.861238033877283 0.478151437016376 2.02158833142075 4.25902685906668 0.618780215512422 0.0434324887302841 2.78070458898192 3.9256207348215 3.97668286924616 5.21005123436308 3.86403276320954 0.540203103242977 2.15487436169898 2.6190691645166 2.08731015862222 2.55084269823574 0.633607823918604 2.64482472937363 1.63939459282963 1.50549781424569 2.0849532768194 1.53134871928057 1.75261808456212 0.972369760315471 0.465119155913859 0 0 0 0 0 0 0 0 0 0 0 0 0 0 0 0 0
0.816283313783463 0.958489013224064 1.2788483863154 2.186236643635 0.663343573272881 1.09503122805062 0.46759553236558 1.06145895342468 0.903038714743892 4.40320030146371 0.699673238334762 1.88757645516006 0.524941411291672 0.524957140134878 0.338766174108444 0.62457821031426 3.92880470915444 0.391921586428884 1.11313981971055 1.24791662823859 0.224124109947431 3.93973263492039 2.99447000668011 2.08510792371352 1.98712277179715 0.68694488878272 3.66719443662347 4.88857504884914 0.320012170908829 1.7018099141037 0 0 0 0 0 0 0 0 0 0 0 0 0 0 0 0 0 0 0
1.30005471135319 2.8677060596615 4.21691108580779 1.11369511102558 0.876009974527221 2.30925466556142 4.95986649219355 0.218951973020486 2.09588145655035 0.134835976251098 2.37482558561079 0.437798700351102 2.20652924612118 2.20658171332278 3.40150091538047 2.43095082934408 0.290057329582367 0.406202186473612 2.4465019238962 0.480318108369266 1.29604793806701 0.132830831747825 2.04043409893332 1.02735411735187 7.20309717573001 1.16857662364882 1.72114485526006 3.22676767539771 0 0 0 0 0 0 0 0 0 0 0 0 0 0 0 0 0 0 0 0 0
0.509930685154905 3.43405567637665 0.568828754828802 0.575980557643859 1.6262755409234 8.68837247594702 0.217996879422334 0.201656367137975 8.82930505984414 0.688480746024508 3.53874383931735 6.21699754926373 0.245440511333986 4.94088354278808 0.921831135290272 4.69460169125252 1.17477870799284 3.53643613417505 0.00891208672049141 4.48058667751578 1.13075535988919 1.83623671968277 2.20340300494305 10.2275698038799 4.28455336477379 0.667305578238246 0 0 0 0 0 0 0 0 0 0 0 0 0 0 0 0 0 0 0 0 0 0 0
0.343634303208726 2.13066438589539 1.26738698456948 2.7961653715661 0.367534805136503 0.909191754457443 1.32443886006681 1.07961457038115 4.46929875853463 2.86717911050576 3.72421164048421 1.06735316135753 5.11485359361167 0.149680588834856 0.457480990132784 4.7528399837903 2.34968255620168 0.395367512032499 4.07387485060358 3.26080160607083 5.41100511427799 0.669643123725199 2.66279502366866 0.690091011139204 0 0 0 0 0 0 0 0 0 0 0 0 0 0 0 0 0 0 0 0 0 0 0 0 0
0.734338522605612 1.09826162983273 0.0437586939859672 3.28885365285892 1.62738618770265 3.15619319725592 8.19949554093981 4.68421984833949 0.184906095801436 4.233701882812 0.364088836258685 4.98567909220483 1.8132142528909 1.33603149696686 3.01146267011179 1.67481910075137 4.87727337750886 1.9492002858459 1.39759265741967 0.494678538830808 3.0517785640994 1.29867257682377 0 0 0 0 0 0 0 0 0 0 0 0 0 0 0 0 0 0 0 0 0 0 0 0 0 0 0
0.973559326358912 0.423747797726435 3.46540928504003 2.39192353781515 3.32524394286386 1.18421906852426 2.41928475490029 0.397442815938022 2.98566392732207 4.40031116880402 5.07121052686008 3.79182048451871 2.56398260492363 0.162054056536877 0.772009465460982 1.71526214683199 0.999905245439925 1.62545335924693 1.20904940172857 0.72525773314631 0 0 0 0 0 0 0 0 0 0 0 0 0 0 0 0 0 0 0 0 0 0 0 0 0 0 0 0 0
4.91440416987079 0.5724448434988 6.21850907243127 3.50657051227924 5.88160534053477 0.0984249174994363 5.59832659411677 3.60253683617442 0.0948212827620437 7.5870575066288 8.24280993678006 3.03261196989672 0.997448088678019 5.28439839590803 3.39164410772219 2.80626723760398 1.62750826028419 0.640454441591976 0 0 0 0 0 0 0 0 0 0 0 0 0 0 0 0 0 0 0 0 0 0 0 0 0 0 0 0 0 0 0
1.50924947254509 3.18980590348867 1.39827006027316 0.106815557227124 0.803156326527129 6.6839272077788 0.553843150354285 0.164020463139505 1.40062250019778 1.63048856724509 2.07837310805078 0.387176712787843 3.14165449771536 2.01751787052439 0.00752387011956944 0.104225585432947 0 0 0 0 0 0 0 0 0 0 0 0 0 0 0 0 0 0 0 0 0 0 0 0 0 0 0 0 0 0 0 0 0
2.32298891475295 1.21480918900943 3.53341918345265 5.07237533000988 4.40818103918007 0.42756090801425 4.38823337840831 6.49892946491834 2.01403938735362 2.15159244483351 0.520046719126134 0.22897608857494 7.45746566684892 0.676622836747355 0 0 0 0 0 0 0 0 0 0 0 0 0 0 0 0 0 0 0 0 0 0 0 0 0 0 0 0 0 0 0 0 0 0 0
0.888108687559878 0.455110327729666 1.96304617261901 4.21392476121827 0.770022976864355 1.03213007011923 4.60780386225426 2.09767072504867 0.544399075221093 1.27802067948026 3.69034506123261 2.18979198993568 0 0 0 0 0 0 0 0 0 0 0 0 0 0 0 0 0 0 0 0 0 0 0 0 0 0 0 0 0 0 0 0 0 0 0 0 0
7.65196318736984 3.28559128120462 0.0599716880535578 0.067454258161651 1.78114326530016 1.07056624045755 2.22280338602184 0.0337920089004224 7.77027156505457 3.75457283967568 0 0 0 0 0 0 0 0 0 0 0 0 0 0 0 0 0 0 0 0 0 0 0 0 0 0 0 0 0 0 0 0 0 0 0 0 0 0 0
1.66758699243945 2.50127975304357 0.0167759219974337 4.48467260130885 0.931044782884322 0.716855551461855 0.75586827034483 0.297497117081182 0 0 0 0 0 0 0 0 0 0 0 0 0 0 0 0 0 0 0 0 0 0 0 0 0 0 0 0 0 0 0 0 0 0 0 0 0 0 0 0 0
0.428887400220604 0.427272924752554 3.49500773410635 2.80166403414479 1.60629393371304 0.264876195728827 0 0 0 0 0 0 0 0 0 0 0 0 0 0 0 0 0 0 0 0 0 0 0 0 0 0 0 0 0 0 0 0 0 0 0 0 0 0 0 0 0 0 0
1.5421723684801 2.75860038538779 2.84723430876668 0.792729901910714 0 0 0 0 0 0 0 0 0 0 0 0 0 0 0 0 0 0 0 0 0 0 0 0 0 0 0 0 0 0 0 0 0 0 0 0 0 0 0 0 0 0 0 0 0
4.21249114233071 2.00117656830302 0 0 0 0 0 0 0 0 0 0 0 0 0 0 0 0 0 0 0 0 0 0 0 0 0 0 0 0 0 0 0 0 0 0 0 0 0 0 0 0 0 0 0 0 0 0 0
