1.57381980564332 0 0 0 0 0 0 0 0 0 0 0 0 0 0 0 0 0 0 0 0 0 0 0 0 0 0 0 0 0 0 0 0 0 0 0 0 0 0 0 0 0 0 0 0 0 0 0 0
0.915376118183497 0.00239356673010263 0 0 0 0 0 0 0 0 0 0 0 0 0 0 0 0 0 0 0 0 0 0 0 0 0 0 0 0 0 0 0 0 0 0 0 0 0 0 0 0 0 0 0 0 0 0 0
0.392520505787745 0.885530853698973 1.36601448705194 0 0 0 0 0 0 0 0 0 0 0 0 0 0 0 0 0 0 0 0 0 0 0 0 0 0 0 0 0 0 0 0 0 0 0 0 0 0 0 0 0 0 0 0 0 0
1.44904775388849 2.67309970628997 0.99337280763711 2.02775234625543 0 0 0 0 0 0 0 0 0 0 0 0 0 0 0 0 0 0 0 0 0 0 0 0 0 0 0 0 0 0 0 0 0 0 0 0 0 0 0 0 0 0 0 0 0
2.33310181532298 0.0391690068001953 6.06014461019445 3.53295494034947 2.02185219787108 0 0 0 0 0 0 0 0 0 0 0 0 0 0 0 0 0 0 0 0 0 0 0 0 0 0 0 0 0 0 0 0 0 0 0 0 0 0 0 0 0 0 0 0
2.76044363609695 2.61569220783785 0.203714489478271 5.26589469958208 2.14664858371929 1.76390702257953 0 0 0 0 0 0 0 0 0 0 0 0 0 0 0 0 0 0 0 0 0 0 0 0 0 0 0 0 0 0 0 0 0 0 0 0 0 0 0 0 0 0 0
4.23761741443033 0.287212092550201 7.62688731546844 0.17631974151259 1.96267364108516 0.350737057554389 0.429466433109529 0 0 0 0 0 0 0 0 0 0 0 0 0 0 0 0 0 0 0 0 0 0 0 0 0 0 0 0 0 0 0 0 0 0 0 0 0 0 0 0 0 0
3.27305586660802 5.3328923297552 1.37939154391976 0.418216971774487 2.78057448486077 1.158898317321 1.02550648898356 3.20213420143765 0 0 0 0 0 0 0 0 0 0 0 0 0 0 0 0 0 0 0 0 0 0 0 0 0 0 0 0 0 0 0 0 0 0 0 0 0 0 0 0 0
0.656312053853468 10.6980517863815 1.27943503067166 2.86810519303261 0.99426271312932 1.8548554961231 0.839944080417226 4.26787726459647 3.17153540471466 0 0 0 0 0 0 0 0 0 0 0 0 0 0 0 0 0 0 0 0 0 0 0 0 0 0 0 0 0 0 0 0 0 0 0 0 0 0 0 0
1.38364460807698 1.82312519386902 0.734692285377914 4.66305227481328 2.78730299118065 2.17281929209723 0.321212168783098 0.845837820928371 0.587803491427003 2.87375023930528 0 0 0 0 0 0 0 0 0 0 0 0 0 0 0 0 0 0 0 0 0 0 0 0 0 0 0 0 0 0 0 0 0 0 0 0 0 0 0
0.594094211250718 8.73764278772144 4.02342675134819 1.35174218138685 2.21732229510796 5.95870578331472 2.70662961389654 1.15902107041182 1.1886568552817 0.971646909230907 1.04710025082098 0 0 0 0 0 0 0 0 0 0 0 0 0 0 0 0 0 0 0 0 0 0 0 0 0 0 0 0 0 0 0 0 0 0 0 0 0 0
1.5828934881919 4.34332074325659 2.05069032166227 0.403188907217867 1.52304697114806 3.58544019750301 10.2925878288665 0.729833362795396 0.118426566688211 0.325638221656452 3.29780380994485 1.08778169217979 0 0 0 0 0 0 0 0 0 0 0 0 0 0 0 0 0 0 0 0 0 0 0 0 0 0 0 0 0 0 0 0 0 0 0 0 0
3.77331836484562 0.145638380903862 0.889834289293529 1.1425594636339 1.69232376520365 1.87886744518563 6.32055520671136 2.31881929182218 0.315183605881505 0.447944410145653 3.24309070293669 0.261695380007497 0.582647404175732 0 0 0 0 0 0 0 0 0 0 0 0 0 0 0 0 0 0 0 0 0 0 0 0 0 0 0 0 0 0 0 0 0 0 0 0
1.03951276144301 2.53365032383122 0.703995711158771 1.71920085582068 1.46184650054277 1.27034019753179 2.55496713837862 1.19949097413035 1.58639542635554 1.2471200805455 0.766798790738339 0.41945653061212 2.53622441337024 1.93084366465618 0 0 0 0 0 0 0 0 0 0 0 0 0 0 0 0 0 0 0 0 0 0 0 0 0 0 0 0 0 0 0 0 0 0 0
0.845081626062209 8.2089620785381 0.742193040429789 2.25653956345961 1.29622511293357 3.03176198385812 1.08092346069603 1.659171053961 4.4470179992649 0.235472760011936 0.850818745538717 6.05179172846651 0.692712822143917 0.816215817462274 0.183226938307099 0 0 0 0 0 0 0 0 0 0 0 0 0 0 0 0 0 0 0 0 0 0 0 0 0 0 0 0 0 0 0 0 0 0
1.03095580752482 2.39841598090436 4.07443472340419 0.455907310397382 2.02246794027747 3.20027036078286 0.817056945281253 2.293412265437 1.16161290309859 7.08062363136328 3.32848290009697 0.724548859244383 3.41267862175495 4.37942600390277 0.206294469173023 3.15781277306033 0 0 0 0 0 0 0 0 0 0 0 0 0 0 0 0 0 0 0 0 0 0 0 0 0 0 0 0 0 0 0 0 0
1.13904438069478 1.21250399266246 0.449077629707936 0.611969200928464 1.88685569992132 0.683095639185247 0.283039666404307 1.37120134090421 0.30923134544012 0.631921311924189 0.943555330884302 1.88501643752134 1.88408049842757 0.800609899277493 10.0043271018494 2.11205094529167 3.43266911535323 0 0 0 0 0 0 0 0 0 0 0 0 0 0 0 0 0 0 0 0 0 0 0 0 0 0 0 0 0 0 0 0
0.1761024368091 1.7730243533655 1.64981516121523 1.16136239738303 0.658464096473139 2.81532769301325 0.242595032823039 3.54192130175275 1.35145150222971 1.8938722944425 3.95505690433435 0.824416515138007 2.5632024894259 2.07671733496397 2.79881456137355 1.61700405947736 14.1863721130916 3.52537344496363 0 0 0 0 0 0 0 0 0 0 0 0 0 0 0 0 0 0 0 0 0 0 0 0 0 0 0 0 0 0 0
2.06319640466175 1.22851084155387 3.35122389775541 0.788562077355242 0.799933757305316 2.56723099189305 1.63625011209861 0.0941963383293183 3.70710684139075 0.277086582027187 0.652922761840347 2.62173712222915 7.31596128312655 1.97657509906177 3.08449151653394 1.62410585208547 0.312296146582726 8.87842767393967 2.52388950603899 0 0 0 0 0 0 0 0 0 0 0 0 0 0 0 0 0 0 0 0 0 0 0 0 0 0 0 0 0 0
1.77476918827348 0.69506831090082 0.919438631821907 0.358644272394988 0.0947326845852435 1.1508929173799 0.941307715055851 1.28195109332852 5.22679417093993 1.22510976211272 1.98483834334635 4.67867382131286 3.11679311732536 3.26792382409722 0.882225805478227 0.108778324781249 1.65028819004153 2.36980300860081 1.48480197643101 0.468978923104817 0 0 0 0 0 0 0 0 0 0 0 0 0 0 0 0 0 0 0 0 0 0 0 0 0 0 0 0 0
0.330803240624964 1.39778737004038 1.77537110260469 0.754794443348778 4.29672816791432 1.07533845482977 2.21688108249426 1.4530611889417 0.419546131823072 1.91155533918916 1.60245237406894 0.326218952107964 6.59308232232515 4.28545929909578 1.67180350863336 4.67417016321883 0.131385426247597 3.27495758566899 1.14726800906457 0.849659195899975 0.145996782023955 0 0 0 0 0 0 0 0 0 0 0 0 0 0 0 0 0 0 0 0 0 0 0 0 0 0 0 0
1.27137934074196 8.30094547548629 0.657275852138985 0.0616790001082203 0.889890115597059 10.597030351866 0.250331095593686 1.2032991465114 0.0629607237340664 1.60062004378623 0.401055241947941 2.44176689663501 2.58784060103032 0.140399016250184 3.44719367962778 3.42777752026086 1.05467259155145 1.81810452420443 2.87783764607355 1.48311762517989 1.94319595357319 3.57310540054913 0 0 0 0 0 0 0 0 0 0 0 0 0 0 0 0 0 0 0 0 0 0 0 0 0 0 0
12.253635578155 1.45308300625479 0.308967939005881 2.06787163653122 0.638321752674258 7.1572286694787 0.052418508953138 5.0962909535872 2.62399341147464 7.66490182317363 5.29619899372623 2.51981835860871 4.83089786738037 1.42775241526809 1.45840597894311 2.23396016715584 0.10705937777866 3.45377055522626 2.57698466226677 1.06751895864062 1.07692319550513 9.9516592124203 1.52428345543669 0 0 0 0 0 0 0 0 0 0 0 0 0 0 0 0 0 0 0 0 0 0 0 0 0 0
0.650423942639532 3.84145475431996 1.20313232836236 0.842082083523853 0.130500430166507 0.370206156774168 2.17649653962916 3.20400063553376 1.96711639851099 3.22453386964707 3.88695232221465 5.2749455683406 1.43586690633088 4.45128116287645 1.82629539794702 5.19579082259953 3.36757341653476 0.00254105926750632 0.832681868165712 0.510934226251742 0.823415851094433 1.7035715538816 1.88558500396216 1.60655162621432 0 0 0 0 0 0 0 0 0 0 0 0 0 0 0 0 0 0 0 0 0 0 0 0 0
0.498456528024256 4.20755418613783 0.0202531376403982 3.27175560818949 1.39990564359924 0.559244511591897 0.0272645678456361 0.470641192839701 0.421617305033287 1.68849232839181 1.92710411616323 1.01722817968596 1.94224196935684 4.59100229251963 0.788231366366073 0.543131575067675 0.143627276895421 1.18769555701834 3.83852252763271 1.16734668936004 0.974701350971455 0.766688668629003 5.05863287161048 1.05237871863879 0.418392160618901 0 0 0 0 0 0 0 0 0 0 0 0 0 0 0 0 0 0 0 0 0 0 0 0
0.0128229874565153 2.48678369834759 0.137780092959584 4.18218054341073 4.48461500009179 1.66762818086291 1.18531157204085 1.22396265335085 4.42720885152958 2.15370583500611 1.89759719992499 0.297044034478664 0.9446485288159 0.449403933620332 4.75294709693773 2.21036302545365 0.478565815809707 0.702653846794196 3.73030307165226 0.59269390617408 0.673110747891215 0.522484037336661 0.128947196662994 0.492838669268023 1.05393128103987 1.2760762232241 0 0 0 0 0 0 0 0 0 0 0 0 0 0 0 0 0 0 0 0 0 0 0
0.420994145592791 4.45095103088361 2.07586947113485 2.43344477806337 1.28125740510022 0.623718548038257 0.471638116906426 5.25036265867978 6.99935970875452 6.24966086557837 0.150705819308185 1.89930336935638 0.474550376690261 1.56261166249182 3.27275304144633 1.67391152936632 2.52467546121512 3.6796140761042 1.35439066145777 1.88876896625641 0.783759360107297 2.90618589853201 0.477456143525131 0.900747005807374 1.88383814605838 0.596028010881334 0.770703177479908 0 0 0 0 0 0 0 0 0 0 0 0 0 0 0 0 0 0 0 0 0 0
2.54266531601573 0.173808556649762 1.74787089593643 0.202917494117843 1.91657797382176 0.503882871492895 0.277901332439469 1.46766036199065 1.28089095674258 0.239050034574613 4.02320291778168 1.42874532247044 1.70987152041913 1.822746151226 5.53749645721242 4.65541159800872 1.06554678910029 5.84229829677713 0.0277653107355129 1.55491691386551 1.11817245996515 8.22414983174113 2.85000053404329 1.40939789402825 3.50005784886878 1.34472252249427 7.08470915349224 5.86997753753318 0 0 0 0 0 0 0 0 0 0 0 0 0 0 0 0 0 0 0 0 0
0.826794045036756 5.43252070967059 2.80450268485314 0.342802397933281 7.93987434499206 0.444664347850048 0.150569926071826 2.61316758326234 0.0257846342441995 0.0221006804732222 2.01448133319136 1.92753957609103 1.78800224354202 1.43641564110884 2.2701686913368 1.68552896485569 1.32126102388929 3.0671895612731 7.20805445032222 6.35908389054965 2.68673083930176 0.612439177544371 2.7343121094255 2.9999241057674 1.3631093332526 3.84138149194388 3.08121698703577 1.67155930777493 1.78554710995928 0 0 0 0 0 0 0 0 0 0 0 0 0 0 0 0 0 0 0 0
1.7524026513214 2.33990349770577 0.286637447056636 6.55631384139619 3.70536214470982 3.80022462988747 0.936478927623709 1.47246025314752 0.537634107357956 3.21841843947327 0.860703144065878 1.93939940449173 1.10547349812744 0.929170691245998 5.56013313604451 0.939027851107143 0.27410522867435 5.58134562627688 1.00493093513874 0.0363182912199056 0.0251830769022875 2.01080621991788 1.91104798749591 3.84577877647997 3.37303171955973 6.16125685109897 0.189365558034942 1.26400781610545 6.61967235724489 0.863441698110098 0 0 0 0 0 0 0 0 0 0 0 0 0 0 0 0 0 0 0
0.647458587304688 0.851700869062106 3.28342019360327 2.2899684189673 0.891785441153177 1.87295103917292 3.04611353867667 2.04144099922411 0.156810338841045 3.29271662817168 3.10812362429074 1.44352280484125 2.64517141238345 1.03072900051828 6.6297034733745 0.612167765665028 1.15499054625492 7.59071449110591 1.95073930796601 4.38556968431846 0.705397016668774 0.599601939624971 1.40454116506774 1.66055905509294 0.020423389121003 1.20732630975213 0.0139027865248109 1.15802767076141 0.217324570169972 1.5824918146056 2.03478204872921 0 0 0 0 0 0 0 0 0 0 0 0 0 0 0 0 0 0
1.29209059714271 2.37999918404981 3.39188507065048 2.08582913683462 3.61218022972835 2.81150463994254 1.38456051111966 0.19746797811356 0.232917345226744 4.72160914735645 4.92103229840144 1.25572982386097 3.202227701653 1.00490691671056 1.32809750020979 3.49940272367066 1.11359061788547 0.26830416895275 1.42075355329959 1.27709269547553 0.618276474091504 2.3747337845815 6.78318306808261 0.991002275199057 6.06372927631141 1.00469441234647 4.5260698703864 0.556186215868529 0.118776627244908 0.840199997896239 0.645644114849858 2.60829121670541 0 0 0 0 0 0 0 0 0 0 0 0 0 0 0 0 0
3.51816443794279 2.46002323176604 1.02070400432585 0.45252893696315 0.531436979875836 0.327831625271558 1.99414685421335 2.77567199873291 0.108093998893795 0.103826600286998 1.15830298395592 0.856757426574838 14.4331598344928 2.4645547520405 4.17055060724373 0.272317793747918 1.68255678883883 4.44038066645081 4.48517692293784 2.33441454621656 4.34879910503949 0.0796641520772025 2.66356286149952 2.55084028164727 1.5206743734627 0.191419151326102 0.986387695398889 1.70542832105209 3.20961710821147 3.09666359922147 2.16903948470306 5.11644153514003 2.84184266546208 0 0 0 0 0 0 0 0 0 0 0 0 0 0 0 0
1.23096294273519 2.08473758369327 1.64295435519297 3.77769205940864 1.15838304987271 5.47775586877218 0.413799875901882 0.876147677328355 0.545734538862036 1.89998826707141 1.26651247715323 4.99324075570231 1.41067141013259 7.96095121444998 1.19336422145554 2.20955168074279 3.41545672218214 1.17076314223978 7.3870813718547 7.64718746284068 1.06115716542712 4.24424325643485 0.171775501949898 3.49140544658695 0.548157536713255 2.61452912443913 0.18405570321838 3.60745972477684 4.17411858681375 3.85201399076263 6.66203212496817 1.42539137735409 0 0 0 0 0 0 0 0 0 0 0 0 0 0 0 0 0
0.504208436153714 0.91925487005907 1.62274178018201 0.0890400036043929 0.253498222634223 4.59174096101512 1.99033967928667 3.38642158888699 4.2012621988563 6.10479016926504 7.06193073133246 2.56312762508258 0.00443902137881274 0.0421740180451865 2.64889166148334 0.954955180517643 1.08293833171724 0.646533770039504 5.24196638963315 0.34075403904373 3.13519944508792 1.21935656780797 0.532400735669238 1.1664184890303 0.221060022658401 2.16917811589813 1.13055513435444 0.437306758776485 0.551594100465762 3.65341326612506 0 0 0 0 0 0 0 0 0 0 0 0 0 0 0 0 0 0 0
2.54423138617125 3.81989341598382 4.08575570307224 1.08681626709989 0.67425334012886 0.3704986194805 0.0450451933078692 0.899739310864168 2.62399675612749 0.525742182066992 1.45493367920407 1.50018100401558 1.38473684451929 0.309134493879083 1.51609380065376 0.477363974616267 1.91479620846426 2.08667335806498 1.45362462780499 0.0322472839343386 1.81436063097735 3.52725517697615 3.23452195409227 4.07268250424348 0.444874602606914 1.85538245684158 4.63826759335186 1.67551643251036 0 0 0 0 0 0 0 0 0 0 0 0 0 0 0 0 0 0 0 0 0
1.64297007338105 0.199474395226798 0.0232053006038935 0.997798712243595 0.15726880816101 0.619543872932822 2.07571858858862 6.35372512693441 2.06012578748062 0.770614158893248 6.04586082514021 0.977866197775659 2.43750404649831 0.0104229118382862 0.153654980622222 0.0443860845151417 6.03337525764238 0.455128496140006 0.859074258256961 0.831311738832424 0.247924077060064 0.117499496510944 1.20480907548816 4.01161451066214 0.161417127383214 5.80659536064919 0 0 0 0 0 0 0 0 0 0 0 0 0 0 0 0 0 0 0 0 0 0 0
0.248213986719271 1.14988480812279 0.352659562310662 0.380063106624085 0.391273214561818 1.91395148166206 0.909011447932234 4.1098296821532 0.157010582650329 1.60970866977713 5.72835376332565 1.51169588841012 2.35217724116495 0.996872166473345 0.36200060610843 1.2954339855434 3.28441077601601 0.143111963060489 2.38581841699837 4.06721883091639 0.480583404982016 0.183084649133992 3.08561573284911 0.403094856077752 0 0 0 0 0 0 0 0 0 0 0 0 0 0 0 0 0 0 0 0 0 0 0 0 0
0.804363673600501 0.197813810792638 8.26811994550173 0.730818803052201 0.788234719826969 3.93231115115156 0.90918110392221 2.06899081326867 1.02631404111618 0.346088127335421 1.31811332191199 0.795487361169258 1.68973310760671 5.91078241354162 0.406375734215376 2.70365008167302 0.812765937900994 0.423656032629439 3.03696715435452 0.196206213070652 0.828759143970847 2.51846905627321 0 0 0 0 0 0 0 0 0 0 0 0 0 0 0 0 0 0 0 0 0 0 0 0 0 0 0
1.2159327185775 0.516471803680368 0.331381697048399 2.0728336847733 3.17564568187558 0.176404937460366 3.52171294572958 3.879053858998 1.87985770219355 1.94630421084406 1.27379851974133 2.71813880572258 1.27217016911355 0.132172121656835 2.53637170056917 1.311161272118 1.15082798365948 1.27946448598988 3.2433396053934 0.252606020650531 0 0 0 0 0 0 0 0 0 0 0 0 0 0 0 0 0 0 0 0 0 0 0 0 0 0 0 0 0
3.51473339428822 6.48862187326655 0.407453449138298 2.02770012709843 0.0596724411458732 0.0078527022869172 1.45548849185258 0.612814261007517 0.615561469007326 0.0604796932666483 1.96404192648272 0.627849819098505 0.135681003316778 1.2094050667507 1.96236959007857 1.06953570997159 0.403569424424365 0.809769950180995 0 0 0 0 0 0 0 0 0 0 0 0 0 0 0 0 0 0 0 0 0 0 0 0 0 0 0 0 0 0 0
0.788182037262198 1.31799202669285 0.172496086397888 2.66337059108238 2.70822205164772 2.14951415921864 0.265053876512993 0.917545626989236 2.40806706989164 4.25743384873909 4.24228609035026 8.76223365298103 2.06372362473567 3.55846013777889 6.47258272802606 1.18796893762788 0 0 0 0 0 0 0 0 0 0 0 0 0 0 0 0 0 0 0 0 0 0 0 0 0 0 0 0 0 0 0 0 0
1.77326346458515 3.93127100438725 1.31866301696877 2.37279162417232 1.29171442990092 0.319623130401443 6.32133296633544 1.51766160333149 0.757100248488841 0.125909748881868 2.50362769875505 0.544224273678982 0.704548034482309 1.10928112728375 0 0 0 0 0 0 0 0 0 0 0 0 0 0 0 0 0 0 0 0 0 0 0 0 0 0 0 0 0 0 0 0 0 0 0
2.51697313020813 1.81952054873902 0.240167059006465 0.560286903771909 3.04873277856381 0.182726383614069 1.24645976610247 0.826551951293824 0.00612175380516191 1.94716802431145 0.421791998238991 0.0191430603458225 0 0 0 0 0 0 0 0 0 0 0 0 0 0 0 0 0 0 0 0 0 0 0 0 0 0 0 0 0 0 0 0 0 0 0 0 0
0.612739305762105 0.646215821904845 3.4619389794127 1.1406478550929 1.45417873639427 1.17867425903744 0.178643566610691 0.518282444812577 4.78056043423156 2.22880041511449 0 0 0 0 0 0 0 0 0 0 0 0 0 0 0 0 0 0 0 0 0 0 0 0 0 0 0 0 0 0 0 0 0 0 0 0 0 0 0
1.10751477725411 3.74519552925088 1.32610171161423 3.85193790222974 0.129253507762735 0.0222770112433046 3.8638011884808 0.0156453702799552 0 0 0 0 0 0 0 0 0 0 0 0 0 0 0 0 0 0 0 0 0 0 0 0 0 0 0 0 0 0 0 0 0 0 0 0 0 0 0 0 0
0.889451402956943 3.20603214552367 1.88996647818699 0.525377271729211 14.319199338246 1.06645052233518 0 0 0 0 0 0 0 0 0 0 0 0 0 0 0 0 0 0 0 0 0 0 0 0 0 0 0 0 0 0 0 0 0 0 0 0 0 0 0 0 0 0 0
0.287629953519965 2.84822379793055 2.63834763304495 0.782289787551228 0 0 0 0 0 0 0 0 0 0 0 0 0 0 0 0 0 0 0 0 0 0 0 0 0 0 0 0 0 0 0 0 0 0 0 0 0 0 0 0 0 0 0 0 0
1.29765856518558 1.86750444753443 0 0 0 0 0 0 0 0 0 0 0 0 0 0 0 0 0 0 0 0 0 0 0 0 0 0 0 0 0 0 0 0 0 0 0 0 0 0 0 0 0 0 0 0 0 0 0
