5.76977705839805 0 0 0 0 0 0 0 0 0 0 0 0 0 0 0 0 0 0 0 0 0 0 0 0 0 0 0 0 0 0 0 0 0 0 0 0 0 0 0 0 0 0 0 0 0 0 0 0
9.85427892329283 2.77926792999624 0 0 0 0 0 0 0 0 0 0 0 0 0 0 0 0 0 0 0 0 0 0 0 0 0 0 0 0 0 0 0 0 0 0 0 0 0 0 0 0 0 0 0 0 0 0 0
5.77770147141637 5.34304475626354 2.94002653320856 0 0 0 0 0 0 0 0 0 0 0 0 0 0 0 0 0 0 0 0 0 0 0 0 0 0 0 0 0 0 0 0 0 0 0 0 0 0 0 0 0 0 0 0 0 0
0.993577302011401 0.791220489784872 1.45353733430026 0.637291414040073 0 0 0 0 0 0 0 0 0 0 0 0 0 0 0 0 0 0 0 0 0 0 0 0 0 0 0 0 0 0 0 0 0 0 0 0 0 0 0 0 0 0 0 0 0
0.398999501457625 5.70476311221684 0.094825896376726 1.81815534236626 0.497748059837839 0 0 0 0 0 0 0 0 0 0 0 0 0 0 0 0 0 0 0 0 0 0 0 0 0 0 0 0 0 0 0 0 0 0 0 0 0 0 0 0 0 0 0 0
2.99148824299126 0.785529500870549 2.46695519954276 8.88579560288701 4.62088073048164 1.56302650188694 0 0 0 0 0 0 0 0 0 0 0 0 0 0 0 0 0 0 0 0 0 0 0 0 0 0 0 0 0 0 0 0 0 0 0 0 0 0 0 0 0 0 0
0.128922980041269 5.27073470354888 1.2944980090242 0.321871514056814 3.75056330087696 1.61042246599282 5.57802041536461 0 0 0 0 0 0 0 0 0 0 0 0 0 0 0 0 0 0 0 0 0 0 0 0 0 0 0 0 0 0 0 0 0 0 0 0 0 0 0 0 0 0
6.14879540518588 2.19969618951402 3.33959712082387 0.840690340071856 1.19056131485184 8.16914117209878 0.831386286065997 0.0166035774211487 0 0 0 0 0 0 0 0 0 0 0 0 0 0 0 0 0 0 0 0 0 0 0 0 0 0 0 0 0 0 0 0 0 0 0 0 0 0 0 0 0
0.830014231851855 0.438543657555121 0.0224584259106582 6.47503490207977 2.43187731507775 0.24625942306633 1.11853346071383 2.97638685928457 0.721982586275159 0 0 0 0 0 0 0 0 0 0 0 0 0 0 0 0 0 0 0 0 0 0 0 0 0 0 0 0 0 0 0 0 0 0 0 0 0 0 0 0
2.83426682243023 3.90316867558162 0.293944101367661 4.64961080329433 3.63046030966209 2.3850049817648 2.40828988734433 0.13193480745839 7.0894122190925 0.155001810972195 0 0 0 0 0 0 0 0 0 0 0 0 0 0 0 0 0 0 0 0 0 0 0 0 0 0 0 0 0 0 0 0 0 0 0 0 0 0 0
0.743135075672328 2.85857131429537 12.1762272126797 1.57248006040905 1.31808534811252 5.0923734108315 3.75931469146467 0.162060710887159 2.56607864010379 5.21602813689734 4.2372645878085 0 0 0 0 0 0 0 0 0 0 0 0 0 0 0 0 0 0 0 0 0 0 0 0 0 0 0 0 0 0 0 0 0 0 0 0 0 0
0.257636902920655 4.22663292359099 3.41493787183114 5.38566600940051 6.75924920505929 0.224342844571399 0.419049853761869 1.15008615825289 3.27395898960142 0.238120539949977 0.81732714798441 3.52939931558091 0 0 0 0 0 0 0 0 0 0 0 0 0 0 0 0 0 0 0 0 0 0 0 0 0 0 0 0 0 0 0 0 0 0 0 0 0
0.854684084347753 2.11107045369235 1.98648424556048 2.95691605201592 1.44021520392628 0.205127310715233 1.54149528638812 0.143460878962167 1.20000487336215 0.19194699603759 0.0834048484834233 4.08969270042665 0.275209401538899 0 0 0 0 0 0 0 0 0 0 0 0 0 0 0 0 0 0 0 0 0 0 0 0 0 0 0 0 0 0 0 0 0 0 0 0
2.36250939049242 0.296634400175055 7.16556908761736 5.30950032856715 1.42589613619599 3.0640568626702 4.40299397458319 2.08512013795211 8.38742871723421 2.32948354902048 1.7089978987446 3.5007621924506 4.51575114414639 1.11743142415468 0 0 0 0 0 0 0 0 0 0 0 0 0 0 0 0 0 0 0 0 0 0 0 0 0 0 0 0 0 0 0 0 0 0 0
1.34276187197414 7.75350066678461 1.83991840798582 2.17541498794201 0.166811983493903 5.35608956849982 0.874084579851169 3.81082122989844 3.87059117348658 5.65625852702337 1.30404135570172 1.01870843755614 1.71979447779692 4.30014741672572 0.219425807891492 0 0 0 0 0 0 0 0 0 0 0 0 0 0 0 0 0 0 0 0 0 0 0 0 0 0 0 0 0 0 0 0 0 0
3.16449933618158 0.107253896571716 3.24794032572675 0.461105143928065 3.02255510115929 5.84817138276519 0.404726960640332 0.356657954729468 0.389373153676881 0.384449900640264 4.6901454273763 0.0460389474814625 1.39821100894901 3.64831042212032 0.801917598331383 5.64315420823807 0 0 0 0 0 0 0 0 0 0 0 0 0 0 0 0 0 0 0 0 0 0 0 0 0 0 0 0 0 0 0 0 0
0.213661009685273 0.181901171315914 0.952405828429818 0.132456345401027 1.65252576176598 0.653183456355495 2.99306170149665 5.63213517973866 3.01569786838705 2.96576197241176 0.0460685463092358 0.944555636210568 2.07017418356799 2.35323521240972 0.504562674164952 0.213500069978135 1.23197607094051 0 0 0 0 0 0 0 0 0 0 0 0 0 0 0 0 0 0 0 0 0 0 0 0 0 0 0 0 0 0 0 0
0.882921681633946 5.22031700358056 7.1717977084311 0.397455857652963 0.937008417066186 2.9365994570975 2.5058429195413 4.08545571577679 5.14939619159277 0.058609854546311 0.97060778247923 1.57020883253918 2.50503450782889 0.498271272353249 1.2202291361203 0.639255536336702 0.262429386483634 3.03009376706644 0 0 0 0 0 0 0 0 0 0 0 0 0 0 0 0 0 0 0 0 0 0 0 0 0 0 0 0 0 0 0
4.41149065984261 7.91621773578512 4.62950940009995 6.78676780386271 3.36671568834233 3.88773444606689 5.93679615307307 1.71218577022586 3.629368775628 5.83971135925806 1.26691538710675 3.88821935806454 1.39914916461532 1.50382630396223 3.59759772761446 6.09249513584189 0.505932071307902 3.03933598983986 0.651692138693353 0 0 0 0 0 0 0 0 0 0 0 0 0 0 0 0 0 0 0 0 0 0 0 0 0 0 0 0 0 0
0.367398153457849 3.05317094197241 2.95943308538051 0.592238929869307 5.12968702462195 0.682662852627938 10.621994358077 6.28044962213048 0.92720149965159 2.48145318806928 4.40789328562177 1.56008991781308 1.04138936331102 2.89440942884936 2.1646909928993 1.54849112453427 0.033356828626535 1.54312474801627 2.142288512339 2.56669104740155 0 0 0 0 0 0 0 0 0 0 0 0 0 0 0 0 0 0 0 0 0 0 0 0 0 0 0 0 0
4.28181077649663 4.46135431991348 13.5510621960189 7.14080302443965 7.55080836051684 4.05002604505297 2.7622650491767 1.87164676328171 0.810961133516005 6.33241359084837 7.1813970220119 6.59280087786434 0.928462862960351 5.63483343595403 5.40757933417644 6.99400629577112 0.558214634934275 5.07782871296952 1.59811344027481 0.864447115913096 0.901715642596975 0 0 0 0 0 0 0 0 0 0 0 0 0 0 0 0 0 0 0 0 0 0 0 0 0 0 0 0
3.64534688495036 2.97220775800952 2.61487572422528 1.06810873423916 0.449852123654394 0.690645910045153 0.627199348128754 1.8152606641893 1.94711099692807 0.0837479930000567 2.09177920324451 0.953104554009934 3.48339976424505 5.90354416128151 0.00776609548383505 0.230162860624742 0.856011889338423 3.25546209041733 0.459106096824406 0.791220156641826 0.809991398315374 0.74946510495519 0 0 0 0 0 0 0 0 0 0 0 0 0 0 0 0 0 0 0 0 0 0 0 0 0 0 0
4.34418717580965 12.0869498371501 3.1740826757434 1.97540607714249 0.691321031680716 0.316521159529251 0.804419797202155 14.7962076162299 0.407760107814009 5.49833626454793 0.624504643663093 9.15079885879362 0.249051236967427 5.56772922168859 11.2509621189364 2.27472269944354 3.32951436714822 1.12854723448412 2.70464770697871 0.810222609529426 5.98802544591175 1.84647660707597 8.20031833000339 0 0 0 0 0 0 0 0 0 0 0 0 0 0 0 0 0 0 0 0 0 0 0 0 0 0
2.88459476457736 10.2622684932829 1.90778387144475 0.89719154106467 3.48989021173275 1.46546841867773 11.3816027637099 6.06463000752188 2.07257637563705 0.941735841029112 6.48008704587973 7.72148433091856 0.197796045530159 6.65756293922821 0.896803908576646 1.19348417425894 7.32474486087872 3.54944288348919 2.48598326612223 0.449177495972098 0.670431335300371 2.5229040278853 4.46166190797089 1.42787177632386 0 0 0 0 0 0 0 0 0 0 0 0 0 0 0 0 0 0 0 0 0 0 0 0 0
10.4375637094019 7.89273030409932 1.15034259071897 4.0541605084571 0.148543468159593 5.93169409411014 7.8514032097437 6.84934549384137 0.119636661618125 4.94118508980658 4.08230034967284 3.51897885988494 1.71246060386251 0.922872069363603 6.45240078895295 1.37162781426295 1.63459050673296 0.347972049459505 0.191018773384153 0.0430025048354236 3.43155860752415 0.2862741960191 7.32294675892733 6.39477112882657 3.34778587466556 0 0 0 0 0 0 0 0 0 0 0 0 0 0 0 0 0 0 0 0 0 0 0 0
0.0524153785104298 1.51150843296777 0.0804069876441755 1.84624844664164 2.69520364014352 2.46165561252674 1.41639140497849 4.41335463589894 1.73592502908251 1.34165833945873 7.09427823637841 0.734419252151451 0.257876678060488 0.282043782377855 1.66679389428538 2.65946131512549 1.56822952721366 2.85493876498232 3.1559359949749 4.33196744974822 0.24750656883495 0.40367130762744 1.2584554740473 3.74259248310648 1.5477148029564 2.56470035997317 0 0 0 0 0 0 0 0 0 0 0 0 0 0 0 0 0 0 0 0 0 0 0
0.286491857879897 2.17036415596927 0.652148724712603 5.41695206407829 4.77370016453279 5.61578966107375 0.297040621171643 8.97633193152124 2.62206032426131 4.5062583569328 5.59516538222961 4.47011884875222 2.35860345463042 2.2207649971058 1.01353614565119 1.85733926381835 1.09964361260999 0.202462448447001 2.5085706084517 2.42153423429059 7.98442181592429 7.44454195641563 6.03419852127666 6.24530822004818 2.45042427596546 0.476456249621182 3.20903607294391 0 0 0 0 0 0 0 0 0 0 0 0 0 0 0 0 0 0 0 0 0 0
3.05415597885075 0.625094613421806 2.37527397305362 1.5699078636144 2.5108551725847 1.38724257435519 1.80928835426877 7.25449592867501 0.418420726902456 8.26446717270869 0.174087610573619 6.48906286360883 1.09444950586974 3.52859710961807 3.77988831542229 1.66686035759939 0.60222229796538 2.22801014845601 7.16447492306173 0.403939922953696 0.18602262746434 3.43732821010161 4.72239306234177 8.75177434289306 4.63328277456814 3.91127318388319 0.314282390214297 4.53434672852021 0 0 0 0 0 0 0 0 0 0 0 0 0 0 0 0 0 0 0 0 0
3.04457788269072 1.35095898696965 2.84463659975942 2.07175213996643 2.38621138946528 2.68141348691702 0.636879505806423 1.3907668550974 0.501779163544219 1.46963878005145 0.436891561622042 1.00149006710392 1.08467386079923 1.04614607305526 0.974187430417763 0.347331880598322 5.57476120854292 1.39279843865082 2.03178299417703 3.47755072954997 2.88270253336971 1.76123641556724 0.613378523570469 0.772966631035132 0.952182843532401 3.13253263040218 1.74127621352881 1.17589220038032 1.38131430955079 0 0 0 0 0 0 0 0 0 0 0 0 0 0 0 0 0 0 0 0
9.10998616947186 4.77196582019284 3.6988792557302 0.316669976472045 3.10953962394858 2.65360407678458 1.7542526541672 1.39665088899318 0.813562415247031 4.06035086461978 2.12346019851053 1.33470361953327 0.0168957272084505 10.0261041278919 4.09548345280944 1.8376229581138 0.0135939103301315 3.30088839683827 8.21322491011468 5.78606983150449 0.181947817875087 0.0219353114610136 1.1414560372668 0.397896464412068 1.97692157510929 0.902876494374868 1.48567169433634 6.10731326904497 0.992193746683504 1.74798993278872 0 0 0 0 0 0 0 0 0 0 0 0 0 0 0 0 0 0 0
9.4761538104142 5.96933922688783 1.69775852908955 7.41926129052342 4.49399631177991 4.92831666110105 1.69933923409422 0.384106458302104 1.93106053360926 3.73819828329213 6.64682740430499 5.84242213863631 1.57586197646147 0.0996509794620678 5.87051782562272 0.853452055729103 0.993629292699838 1.29921612663389 1.65635495882405 2.84004353948135 3.0403522787239 0.731481291102226 1.25035290498008 1.28234798823982 1.57549281224298 2.50911765150646 0.306444645121512 1.41845324339786 0.666402768993779 1.10402102927335 0.0819691199925089 0 0 0 0 0 0 0 0 0 0 0 0 0 0 0 0 0 0
2.12946421985902 0.947951884879356 5.18711975862909 1.60996131132182 2.84888703466371 2.27902471938974 0.552534664540316 5.32783314265061 3.8217042210773 3.82661063182875 1.13086595292662 2.74601033680377 0.550793855228969 0.80391053431614 0.0155431022693893 2.44974635899999 6.73136340376553 0.894870549872556 0.440079848579497 2.88769473938496 0.837974036661434 1.84063942471839 0.625173137314381 2.89376440684162 0.963635348218249 0.192086295281875 1.31649488447881 2.92649769561162 0.211408154212658 1.17258039243327 6.69583223173601 5.21204993351027 0 0 0 0 0 0 0 0 0 0 0 0 0 0 0 0 0
0.599915781884632 1.3145515984498 1.46069462147271 0.964699297781919 4.4273495833179 0.150631101433906 0.37145693984044 0.074045118155917 0.847317185195128 1.27248376551349 4.66242818524874 2.53250980254178 0.524296204701647 1.08242663334079 3.7577238713256 2.35900692545023 7.46632817557195 5.15293618279075 0.509314146195145 0.0144776477251581 1.87946164624322 1.15119278012323 7.42356926061456 1.26627594686453 1.28821368222761 5.09216805478625 1.01446468975811 1.87674302539274 0.449501723102423 1.82113974795773 1.80157534903842 2.84804798071116 0.00322410577802217 0 0 0 0 0 0 0 0 0 0 0 0 0 0 0 0
2.9347205817778 0.0351346551413923 13.4513545469378 15.0489692423749 3.5192564832891 1.47827494439001 3.38273500390035 1.69275020027927 6.95102395278542 1.10186597557447 2.64197551783908 2.96511317095452 8.93510880662469 4.71721725930941 5.67329606521586 5.15390410671915 0.607014394907093 0.92773597751104 0.921103823411236 4.19442054078665 2.41841913637912 5.70029201240993 5.97776065554131 3.19545855478652 0.613350341460354 0.379608077435566 0.915929202383878 7.75621147781173 3.1315247244955 0.279174672703815 2.72564262553533 0.266525810893023 0 0 0 0 0 0 0 0 0 0 0 0 0 0 0 0 0
1.26518182688911 8.78162330018826 3.5763968280548 9.35955126436993 7.59917065101115 1.94913282857265 1.86530681744877 0.797507000154055 2.49720361765169 0.216841530197771 1.50375757160183 0.22616972396378 2.30501788626022 3.33568722418225 2.78415940331079 2.37796116136841 2.31385999828246 1.21119211549108 0.0971986239431476 1.36683853889449 1.20757862087983 3.53230262024187 7.96876553061673 9.59883525701416 6.49602411693387 0.366134123905968 4.64124261685775 8.45369619728495 1.21654547055752 4.30321488903823 0 0 0 0 0 0 0 0 0 0 0 0 0 0 0 0 0 0 0
5.27567094098772 1.87553772910292 0.532673058123317 5.10880283660272 0.30863446518471 0.715022427990623 2.6828030690896 2.88738622792958 16.6788498033592 2.01364788454766 2.14656533582537 1.82237830453807 6.77709083249137 9.5873215892161 2.49538483339207 0.921548717554043 1.67024262743205 0.440632190890878 1.24145382609907 3.2232865528005 1.65714987150514 3.80215387753034 5.22489339507653 0.820555082318603 3.31603475172323 0.0741749487202285 4.20673309504916 0.257583393113974 0 0 0 0 0 0 0 0 0 0 0 0 0 0 0 0 0 0 0 0 0
3.03466284329756 6.18902782673348 2.63695364833076 1.54504157014699 7.48503753755229 3.87226475967114 2.18934046148498 5.31664575200024 0.82292017239179 8.56740249056973 4.083927700124 5.87902794513132 1.27637249463091 0.0357291896787955 8.14696939452033 0.0379656593879463 2.44519968621122 0.443568221079008 4.84097906909443 0.716378978131138 6.71066796189542 5.53236006175213 4.10982545637655 1.63029448426374 7.09276632050431 0.832132049481943 0 0 0 0 0 0 0 0 0 0 0 0 0 0 0 0 0 0 0 0 0 0 0
0.759302646745397 6.99140784415142 3.80842847153449 13.2623676568997 1.19583687242949 1.24840490614813 0.153096601943232 2.90805375143676 12.3210668957064 3.63555836502992 0.784429541111146 4.73028672107563 5.47914060066562 2.26495231151965 10.7836130639723 8.10087128737001 4.69496204557084 0.18783974296301 2.86642470917541 5.79987861903172 1.00054636469002 2.59526946335434 9.05576407122657 3.18393066086126 0 0 0 0 0 0 0 0 0 0 0 0 0 0 0 0 0 0 0 0 0 0 0 0 0
3.39445001031859 3.46497005024927 2.36596932192788 4.68813596946792 0.187501088257647 3.77211466302881 1.29475486187174 3.78573170223527 6.15099840732643 5.00160244031852 1.2960954673352 2.71089968867865 2.62477798006799 3.23409462601684 4.75823895674865 2.45993484888334 0.184964362657661 1.16500275785383 2.73985394209238 1.30458582971899 7.16347875999438 0.186190492078476 0 0 0 0 0 0 0 0 0 0 0 0 0 0 0 0 0 0 0 0 0 0 0 0 0 0 0
0.847003657425188 10.8322240426994 5.76463552576503 1.17912601996504 0.268266353082754 0.476318377921799 0.576611050267831 1.30800043079517 9.91160140035896 0.27957112779443 0.909982925847875 3.73359319666652 3.97166572878095 4.96778315160418 0.664089117255055 0.239980517954802 2.14273613054757 1.77536554843574 0.228118011225965 0.608741277591452 0 0 0 0 0 0 0 0 0 0 0 0 0 0 0 0 0 0 0 0 0 0 0 0 0 0 0 0 0
3.93047316451722 0.8781647936994 1.34649113123845 1.76703425636749 1.9757247299107 7.39573442649472 4.71952364281583 5.33252237037044 7.80390536637247 3.20888072697426 1.39241335895398 5.65294175928944 4.54611706178152 3.08057246434663 4.79323345061364 1.68459597582655 1.41468348050859 2.01794579733753 0 0 0 0 0 0 0 0 0 0 0 0 0 0 0 0 0 0 0 0 0 0 0 0 0 0 0 0 0 0 0
3.01786128354099 0.982689833949004 1.99760033381312 8.80776220833997 2.0634190578375 1.28242189206692 1.17294407714647 2.96954697993483 4.64986811285214 5.85839500594449 3.04882752774115 1.72274195319295 1.60020556846787 6.90812518390017 3.28478585310329 0.718844835785416 0 0 0 0 0 0 0 0 0 0 0 0 0 0 0 0 0 0 0 0 0 0 0 0 0 0 0 0 0 0 0 0 0
1.56852164503853 1.42500880044648 4.05292921384571 3.79326490481727 1.89331021651687 5.32199968181518 5.09918376470933 0.396162684600357 11.2841758513514 2.98343175371581 2.94295733049945 0.812305882324954 2.2237498016861 13.4085474169845 0 0 0 0 0 0 0 0 0 0 0 0 0 0 0 0 0 0 0 0 0 0 0 0 0 0 0 0 0 0 0 0 0 0 0
0.596699267763619 3.65442673161531 0.0330255868431197 1.27249986295871 0.560555558455739 2.11803354828601 2.89318761680207 3.9861137349765 1.52069376058531 2.52038627523481 0.385294075240938 0.371080007125416 0 0 0 0 0 0 0 0 0 0 0 0 0 0 0 0 0 0 0 0 0 0 0 0 0 0 0 0 0 0 0 0 0 0 0 0 0
1.29144668618402 5.24037932784502 2.58599061054163 9.4859389425199 4.55130689727374 2.43032200405241 5.34467743685054 3.04227809010965 4.83389375410996 2.27192326603978 0 0 0 0 0 0 0 0 0 0 0 0 0 0 0 0 0 0 0 0 0 0 0 0 0 0 0 0 0 0 0 0 0 0 0 0 0 0 0
1.1587665443436 1.72488993706734 3.12231810059985 0.0556056912396658 4.38547309886955 0.455808645229117 0.663852791262614 0.207418886138467 0 0 0 0 0 0 0 0 0 0 0 0 0 0 0 0 0 0 0 0 0 0 0 0 0 0 0 0 0 0 0 0 0 0 0 0 0 0 0 0 0
1.03907537268142 1.42839771826561 3.13794109848511 10.2093836050143 0.389250486400997 3.21051115231732 0 0 0 0 0 0 0 0 0 0 0 0 0 0 0 0 0 0 0 0 0 0 0 0 0 0 0 0 0 0 0 0 0 0 0 0 0 0 0 0 0 0 0
0.144984761025455 5.53501189359377 0.904851563494355 0.169990336813122 0 0 0 0 0 0 0 0 0 0 0 0 0 0 0 0 0 0 0 0 0 0 0 0 0 0 0 0 0 0 0 0 0 0 0 0 0 0 0 0 0 0 0 0 0
1.26484127717893 0.0662166812443112 0 0 0 0 0 0 0 0 0 0 0 0 0 0 0 0 0 0 0 0 0 0 0 0 0 0 0 0 0 0 0 0 0 0 0 0 0 0 0 0 0 0 0 0 0 0 0
