0.410068725979065 0 0 0 0 0 0 0 0 0 0 0 0 0 0 0 0 0 0 0 0 0 0 0 0 0 0 0 0 0 0 0 0 0 0 0 0 0 0 0 0 0 0 0 0 0 0 0 0
1.99920808770162 4.36891249636307 0 0 0 0 0 0 0 0 0 0 0 0 0 0 0 0 0 0 0 0 0 0 0 0 0 0 0 0 0 0 0 0 0 0 0 0 0 0 0 0 0 0 0 0 0 0 0
2.09100366909607 1.59610343067161 0.756430685139639 0 0 0 0 0 0 0 0 0 0 0 0 0 0 0 0 0 0 0 0 0 0 0 0 0 0 0 0 0 0 0 0 0 0 0 0 0 0 0 0 0 0 0 0 0 0
1.2643064956429 3.31323034655474 5.97006332000973 1.97777547552685 0 0 0 0 0 0 0 0 0 0 0 0 0 0 0 0 0 0 0 0 0 0 0 0 0 0 0 0 0 0 0 0 0 0 0 0 0 0 0 0 0 0 0 0 0
6.33238469570235 1.20687447960177 1.22086767946659 0.599449034415349 10.7082118993281 0 0 0 0 0 0 0 0 0 0 0 0 0 0 0 0 0 0 0 0 0 0 0 0 0 0 0 0 0 0 0 0 0 0 0 0 0 0 0 0 0 0 0 0
1.45020915789865 0.0616201795190376 0.547172679637094 0.607457915839595 12.4519691932161 0.209549631332966 0 0 0 0 0 0 0 0 0 0 0 0 0 0 0 0 0 0 0 0 0 0 0 0 0 0 0 0 0 0 0 0 0 0 0 0 0 0 0 0 0 0 0
0.769821552350747 2.34692715902878 1.09051704061546 4.37669691778447 0.444715896006092 3.41317434032435 1.96163011781247 0 0 0 0 0 0 0 0 0 0 0 0 0 0 0 0 0 0 0 0 0 0 0 0 0 0 0 0 0 0 0 0 0 0 0 0 0 0 0 0 0 0
0.916598057850941 0.201841075596371 1.16682322289147 0.178557141039416 1.94017976804762 1.26881433343706 2.32091529380286 0.770614836536743 0 0 0 0 0 0 0 0 0 0 0 0 0 0 0 0 0 0 0 0 0 0 0 0 0 0 0 0 0 0 0 0 0 0 0 0 0 0 0 0 0
1.1316956293676 3.30514498341618 0.573586532673681 4.03535552230523 9.11287860624721 2.01155191500101 0.692820153143866 0.388392417667936 4.22922758684914 0 0 0 0 0 0 0 0 0 0 0 0 0 0 0 0 0 0 0 0 0 0 0 0 0 0 0 0 0 0 0 0 0 0 0 0 0 0 0 0
1.98517413773722 0.390986081496044 2.63684891840283 0.0439498223068617 0.693010317925429 2.61656234277973 0.903207956607697 1.96627239125744 1.91140330486011 3.51422242467757 0 0 0 0 0 0 0 0 0 0 0 0 0 0 0 0 0 0 0 0 0 0 0 0 0 0 0 0 0 0 0 0 0 0 0 0 0 0 0
1.23368573863301 0.167338489763283 2.15867598497894 1.60598977158351 1.81033480692506 2.76834309480284 1.7049149296764 0.897287940806312 1.10560032668366 0.547363843937786 0.0315090145335521 0 0 0 0 0 0 0 0 0 0 0 0 0 0 0 0 0 0 0 0 0 0 0 0 0 0 0 0 0 0 0 0 0 0 0 0 0 0
0.207244511505319 3.95659886025306 1.6220817679594 0.256594411836923 0.192137758487861 0.878298077892247 1.68236335408781 0.281182583147693 3.95437857302808 1.29613257825239 0.252589436276639 3.09988652984171 0 0 0 0 0 0 0 0 0 0 0 0 0 0 0 0 0 0 0 0 0 0 0 0 0 0 0 0 0 0 0 0 0 0 0 0 0
5.29959055925208 0.276921336434491 3.37217404547358 0.0852067646536631 2.15488903568633 5.35173755193888 2.95658115879861 2.10226186585178 0.725246455917095 1.14848283442928 3.45170096945531 0.0328743629975076 5.73106752036348 0 0 0 0 0 0 0 0 0 0 0 0 0 0 0 0 0 0 0 0 0 0 0 0 0 0 0 0 0 0 0 0 0 0 0 0
1.92890388664581 1.57953600625644 2.17537057535034 0.193179638606412 5.08881997637429 1.76879044545782 0.183542813620871 1.48562788165363 4.39594130849373 0.0339098446110331 1.04815070703469 0.988355580558171 2.00813670501312 0.333623900125558 0 0 0 0 0 0 0 0 0 0 0 0 0 0 0 0 0 0 0 0 0 0 0 0 0 0 0 0 0 0 0 0 0 0 0
0.189186931555909 0.225909563660282 2.24526392124037 1.00361630534472 2.06444304728899 0.519265355115889 0.256869174326608 1.17540752515941 3.57797137117903 0.912678233707048 3.77004085006695 0.100335976939732 0.177627754718738 2.42877050406016 2.60876997204147 0 0 0 0 0 0 0 0 0 0 0 0 0 0 0 0 0 0 0 0 0 0 0 0 0 0 0 0 0 0 0 0 0 0
4.29132255162701 2.87460046705019 5.09717472563602 2.84349711411437 3.03503112235188 2.08978468606931 0.260190408412043 0.89217241515528 3.86229310837412 1.00720348292688 4.58093215186282 0.0763759608366344 0.0772084965906736 0.620365811846282 3.96941285181599 3.7628902192569 0 0 0 0 0 0 0 0 0 0 0 0 0 0 0 0 0 0 0 0 0 0 0 0 0 0 0 0 0 0 0 0 0
0.961463866856235 4.50762323252294 2.15653656400169 1.36244997580536 0.41256773855986 0.507419835442942 0.908653241581216 2.04400864645653 1.20106935631978 0.278658769130154 1.93113385084788 0.0235029210773719 0.74129202259452 0.681042860372607 1.9979048149644 4.61341920456134 0.625329106581438 0 0 0 0 0 0 0 0 0 0 0 0 0 0 0 0 0 0 0 0 0 0 0 0 0 0 0 0 0 0 0 0
1.72626239908277 1.68296939700354 1.92735358724388 2.15757089517196 2.61538514349658 2.95979867051759 2.0449555502143 0.359281667656762 1.81119149800827 6.7172334833288 0.675709499250901 1.16037795977341 1.70824910462302 2.03331704735256 1.94619852979092 1.99491633600726 0.963831092251068 0.404643248881581 0 0 0 0 0 0 0 0 0 0 0 0 0 0 0 0 0 0 0 0 0 0 0 0 0 0 0 0 0 0 0
1.57627896939102 1.08743632121642 1.04749028566008 5.5922268929343 1.77064181348987 8.08849343952182 0.931717153047628 1.27655306374046 1.48686757067277 0.0349326156865682 0.840964873865722 0.972316666953649 0.146481667692829 13.1676960070055 3.79679380497766 2.6192209005092 0.757395405791048 0.012300106948763 4.84289231358199 0 0 0 0 0 0 0 0 0 0 0 0 0 0 0 0 0 0 0 0 0 0 0 0 0 0 0 0 0 0
1.3273544032007 4.13843552388354 2.67659663744829 1.57068568999749 1.36345699923146 3.69253740026242 8.73976738047594 2.53076035914936 1.81644949146193 1.26202301067991 0.618734036045743 4.28890182140547 2.70602220231794 3.23179925079319 2.17786477934775 0.980331445728233 3.23492429053103 4.11783703080439 2.55584995737636 2.24808544135646 0 0 0 0 0 0 0 0 0 0 0 0 0 0 0 0 0 0 0 0 0 0 0 0 0 0 0 0 0
2.44462882436703 1.66780695383966 1.30325733258632 2.3160855502538 4.8980504227773 1.22710642393538 0.0926816701403548 6.20264198688795 1.54358765005529 0.0641238511813525 3.28539628238926 0.189922747567798 2.1195960516686 0.218279442526785 2.36867089851779 2.07407132871093 4.30016478620224 5.56704598487723 0.161803362437074 0.00293107387109779 4.94892267916886 0 0 0 0 0 0 0 0 0 0 0 0 0 0 0 0 0 0 0 0 0 0 0 0 0 0 0 0
1.20460037914706 0.730714401855551 1.57189945028381 2.11315783119542 1.86603451352152 2.78737726488978 3.67067009721596 0.80980882377906 0.528875038813744 3.80726124934941 0.0650317459699752 4.2378182428071 0.742833935589253 0.13703745227751 1.0266571494717 1.92331124355786 2.88795738708223 0.408482973253837 0.313843229802657 13.4472191111589 2.12063038959651 3.35585861755165 0 0 0 0 0 0 0 0 0 0 0 0 0 0 0 0 0 0 0 0 0 0 0 0 0 0 0
0.342731161574504 2.09584357109193 5.78262035980425 4.61832090701972 0.714196005511894 1.86310809039499 5.7803843499006 1.07818975318304 1.90697907775492 0.129379252262126 1.1368004215669 0.187564906909514 1.49221793695295 0.310874769101149 0.701857599037244 0.936869063095996 5.02016066415751 0.575686333113245 0.131555923252213 1.03320225174393 1.39734836475278 0.384318423627871 3.31375537210493 0 0 0 0 0 0 0 0 0 0 0 0 0 0 0 0 0 0 0 0 0 0 0 0 0 0
1.22817072040875 2.73668083109367 0.539218769461234 4.71036930142196 2.96743936240187 0.684666756304359 0.759308322644014 1.23951050839832 4.27957802123443 0.730931724866104 0.567507785050337 0.250270084713953 1.33939343753958 0.202955745797682 3.38351289647956 1.51692297188541 0.313072514532831 1.44781425838152 1.00730199063194 4.23158656217714 1.15172616247557 4.677487877567 2.01876639325556 9.55842623475172 0 0 0 0 0 0 0 0 0 0 0 0 0 0 0 0 0 0 0 0 0 0 0 0 0
0.924680101860929 0.812984803385765 0.838782831802994 1.90295416397269 0.679789540059875 1.68416502157037 0.835353370693516 0.750235669850377 3.42453681672325 1.50889250294517 1.84270227848823 0.12384050792101 0.919005969238227 0.853812755090862 4.91428196718315 1.66268014836738 1.36391627524447 1.36915986219566 9.38882103514525 1.99117255041233 6.65837898170236 1.42663561264856 2.87459712722148 3.11284344196971 0.332375222005321 0 0 0 0 0 0 0 0 0 0 0 0 0 0 0 0 0 0 0 0 0 0 0 0
1.98393870074601 3.75342844358704 2.31394064975985 1.69625130719396 2.17986523302612 1.00313367164044 4.36437501136654 0.151661921693311 0.984086364974344 3.71147391388695 0.779227690987371 0.917842744516753 1.47145760564212 0.184704152776969 0.300501725861378 0.289164078018232 1.24095131612472 0.317082004420365 0.925787625401223 3.48932997552315 3.33778038226827 0.768388533929632 7.1303571441088 0.0467262117438711 0.429996461344912 2.31889012715785 0 0 0 0 0 0 0 0 0 0 0 0 0 0 0 0 0 0 0 0 0 0 0
0.253716064001149 0.405145416057188 1.77148605941233 0.0822044265451742 0.522681952714784 5.12291145154542 7.51108779490515 0.54612573556492 3.06628778509715 3.41414052560476 0.354943235093175 4.4262279508606 0.92049964409762 3.94944424901923 1.15895834264307 0.322414399812885 1.69045797334229 0.835581588173413 2.52838836346854 3.89292810335072 3.12128166417122 1.47583474999509 1.35685243249141 0.778549289726018 3.17325857172937 0.64631501932705 2.18291440898718 0 0 0 0 0 0 0 0 0 0 0 0 0 0 0 0 0 0 0 0 0 0
0.92914985749945 1.46038678474051 3.97534144983039 0.692140725251441 5.39983190775194 3.06655495815911 3.68315083624078 4.28119818105878 2.60298571204718 1.82203039535592 1.50692871426024 0.753424043326237 1.21388858528373 1.6084037784394 0.487738816449367 1.82625875168394 1.83922589675759 1.16197826818004 1.60691455323996 0.793881061643955 0.534146681492023 12.1457544743376 1.75421127122559 3.05750442521272 4.11843862372511 0.222203212597798 0.240472966146761 5.20646064556276 0 0 0 0 0 0 0 0 0 0 0 0 0 0 0 0 0 0 0 0 0
0.17825928924443 1.67575039374643 6.48011563672957 3.42043069488439 3.26658009100243 1.53390231904818 0.959551368188631 0.164781849700026 0.492047823483242 0.69947038278504 0.666853680570453 0.447130498075802 2.67532836309369 1.42581098038496 1.5070978058293 1.54123815265383 0.374454696670331 1.940474758431 1.12792511130259 0.854342683583916 0.760469357937387 0.872008428031445 6.37144961071966 5.10782749466292 3.9261008439328 7.59030496854731 0.889733811370514 0.413388184783934 1.06635197472417 0 0 0 0 0 0 0 0 0 0 0 0 0 0 0 0 0 0 0 0
0.159715296200055 0.599651584117145 2.16896667483081 0.0689547816045368 2.92140461589807 1.19701767117746 1.02637935417761 1.8379922827566 1.05722968802995 0.48171575268682 1.06051469252678 0.068996323455961 0.279000540822919 3.59328611758042 1.35083116496535 0.666998677512611 4.92121040557813 0.757098661155727 0.968840690489111 8.56785343297425 0.309365215610731 0.213470105799876 3.19847814504183 1.23214139443201 0.848474552055849 0.739841455158309 0.812944691886733 5.30480321144466 0.122403555705991 3.06155869489112 0 0 0 0 0 0 0 0 0 0 0 0 0 0 0 0 0 0 0
2.31214527356912 4.61186979002894 0.255491160408947 7.37627357290108 1.59134318038232 0.553455693564124 0.786775700237077 7.91257596209156 0.508906051284767 2.34397593685033 0.239157738593017 0.754402111561097 2.55837729795753 1.28135132556297 2.80209649810085 0.924261496087601 5.51195067038349 0.173030364673563 3.5764116411097 0.114135846948295 3.97543102579245 1.72885781702795 3.28607398156762 0.712948256937292 0.0256940040363485 0.364024092341866 0.66468073268497 0.303339763399677 0.417323250117291 1.18666036227656 1.43639062069289 0 0 0 0 0 0 0 0 0 0 0 0 0 0 0 0 0 0
4.19903118456783 4.05619919866825 1.69068921487455 0.63980910310288 0.339641109653927 3.06090668373785 1.64773025036034 0.149909058891566 0.0670244605878107 0.0629289003928085 0.528649339458248 6.6007744362588 5.43769339717822 2.17729554902892 3.81386768578399 1.62741923864787 1.55366340554507 0.259727994337341 1.23767055698849 0.229095559899744 0.199712895315177 2.25668587234135 4.72735555338865 0.836601451501097 3.17707543202582 3.14444769263135 0.611705871750309 2.02912429776898 0.0138075460539893 2.38517303774282 0.177058584813826 0.338237508582316 0 0 0 0 0 0 0 0 0 0 0 0 0 0 0 0 0
8.15647488625324 3.81844508563792 0.2183051623089 0.715879641996267 4.20027525848959 0.595584815662207 0.710846338949436 0.419848636351373 2.24745048398922 1.12475504097081 1.28499307989462 0.601987181145781 0.583271211793807 7.62324251626796 1.16911289852869 0.278749791462077 0.356700981185855 0.843671043910291 1.7644544359849 0.950592212832853 4.52342319606096 0.118920411509111 1.14822758538727 1.02840725839869 0.374802668413336 0.0269444731122909 3.94156932465348 0.404248095703588 0.989247221222798 0.747947419692829 0.888207351480863 2.8298220231784 5.22712364292357 0 0 0 0 0 0 0 0 0 0 0 0 0 0 0 0
5.16419374266415 7.19807595301908 0.68766129315357 2.67549542661204 0.256165290630079 1.11373779834405 0.333407865863933 5.25950069803305 2.85248478235907 5.32818580297955 1.17053934974942 1.0005468399836 1.72988706004456 2.90633571594759 1.76990129335924 0.786364852367369 2.17998756662561 0.623582639779023 1.00932895848525 3.28357470392879 0.47793045948505 6.30832941318887 1.99228117816458 2.54701473714672 0.163571247633724 2.37833377938202 0.935895544386638 0.524023779951021 0.694509845644678 7.95100169395256 0.488507502838095 4.32695778027954 0 0 0 0 0 0 0 0 0 0 0 0 0 0 0 0 0
0.148111040030058 0.945550955963055 1.21454294651878 0.111125369822744 0.377061399580907 1.69160835879186 3.78889709319605 0.0463212879275429 0.5935683885848 1.78778076722793 1.72432946729929 0.0636951572589252 6.80862137867616 4.18762613861212 1.58653326905136 3.28929640347932 1.42930703870089 1.69142330633639 9.12954763559633 0.345010545443911 2.2530933543139 2.02836915510435 1.0667477344979 0.23332836381532 1.67779293455344 3.78852579858184 2.66839939119086 1.74490646371861 1.49038481921957 0.12671565534489 0 0 0 0 0 0 0 0 0 0 0 0 0 0 0 0 0 0 0
0.0252569579920885 4.39201734610914 0.046839419929345 1.95209831468846 0.0401363633446472 12.7971070845874 4.50214442076006 7.18939517880784 0.560573934021982 0.615619601302672 0.0365506814664281 0.297227289332426 0.749690320536849 2.02449723629466 0.341134680396909 0.0018099591071418 2.97934725173701 0.437093960449178 0.731319724334576 2.81985704418911 3.83966356855496 11.6849950125464 5.6054440329146 0.444429006953068 1.7875230052272 1.2292329196718 4.04249492560442 5.78439697368482 0 0 0 0 0 0 0 0 0 0 0 0 0 0 0 0 0 0 0 0 0
2.97650287477834 0.703852867413616 0.282110315894024 0.576725081302539 1.36990485428625 1.02457758032993 4.1705085585415 0.708438039206027 0.0412479871679516 0.244334102219171 0.143472153029625 0.568969820733965 1.93680384984067 1.34727584689295 3.55339894858523 0.0536791987878296 0.155335031475157 1.76385667369876 5.02260556957772 1.98144541049969 1.14241265111944 2.56754423196333 4.35010745401508 2.59741728218324 2.02555285904785 2.74515058589601 0 0 0 0 0 0 0 0 0 0 0 0 0 0 0 0 0 0 0 0 0 0 0
1.54053843256984 0.548020982606203 0.951286233120623 2.02388380857253 0.122575226354487 4.38460094256886 2.5789527538876 3.01578309698976 0.0639432527718329 0.591673984246193 0.414053566545856 0.090534405362683 2.70036055149379 4.24165995982245 0.81218397353128 1.52073826505412 0.495257356198921 1.26599910376102 1.07651113161644 2.52550730257756 0.457526437308729 2.30985189474698 2.07344554206932 2.51662343175586 0 0 0 0 0 0 0 0 0 0 0 0 0 0 0 0 0 0 0 0 0 0 0 0 0
3.36412650564696 2.59505486071436 0.714385864790192 4.89742341523313 0.745753207775509 1.04583741946432 0.0554828570081314 0.958949802610104 1.44475106024707 0.888488376914722 0.344174823813684 1.22146971630467 0.934672252649709 0.5665561415358 7.75980277012324 0.981415997809776 0.743101316785278 0.262895853327042 2.54856074457061 2.8806714126777 2.55834817215682 4.43650070588571 0 0 0 0 0 0 0 0 0 0 0 0 0 0 0 0 0 0 0 0 0 0 0 0 0 0 0
0.421608288567675 1.50073213436678 1.29463384885876 0.797015050814574 0.328699081916692 1.63723575989502 1.52613032559598 1.8617613013735 0.250964125060657 0.100667452137637 2.97369065880703 3.19756919121677 0.929312223072108 1.05062564840785 5.54336368799126 0.120667181187152 1.47835391785543 3.20487398405857 1.95811874634552 0.104116111157139 0 0 0 0 0 0 0 0 0 0 0 0 0 0 0 0 0 0 0 0 0 0 0 0 0 0 0 0 0
2.06477647792995 4.40678202690447 0.247213262411298 3.95272376744817 3.07874189412159 1.04682380608137 0.133980200658809 2.07264524704388 0.911023056673629 3.92219818409844 0.29369615653343 0.593291680239082 3.55819317743646 1.95616289017252 3.82689626473407 1.44542781272902 1.41727948575473 0.662827883953799 0 0 0 0 0 0 0 0 0 0 0 0 0 0 0 0 0 0 0 0 0 0 0 0 0 0 0 0 0 0 0
0.310826114023134 5.36220617853663 1.08863612485299 2.64407568838144 4.64996020304076 4.27582113536493 2.04774622463153 0.163416834252017 2.80229039160705 3.82551276123438 1.69169709411436 2.54596047507645 1.19936295086923 2.07171136451111 0.493615140170311 13.9217225497561 0 0 0 0 0 0 0 0 0 0 0 0 0 0 0 0 0 0 0 0 0 0 0 0 0 0 0 0 0 0 0 0 0
0.0350551685535642 1.783080265923 0.368972257221273 1.65972122550636 2.155331238706 2.40229047516271 3.06977278474879 0.551243008203902 0.738657885990481 2.57615950949698 0.894757492920905 0.850630547842762 0.894638225992298 1.7160193057054 0 0 0 0 0 0 0 0 0 0 0 0 0 0 0 0 0 0 0 0 0 0 0 0 0 0 0 0 0 0 0 0 0 0 0
1.04337776894778 4.36058134705747 1.84894773765524 3.70436551206314 0.280420771511918 0.527631618579948 0.933026382934216 5.93216571827422 6.78191903409486 3.83174271043634 1.49920334260864 1.25314139028356 0 0 0 0 0 0 0 0 0 0 0 0 0 0 0 0 0 0 0 0 0 0 0 0 0 0 0 0 0 0 0 0 0 0 0 0 0
0.35347896384012 2.31676502087932 5.03298579921102 1.79888727682722 0.544551356282717 4.28970973540101 4.64150518024339 3.59592333399411 0.30589992827391 0.265452050702126 0 0 0 0 0 0 0 0 0 0 0 0 0 0 0 0 0 0 0 0 0 0 0 0 0 0 0 0 0 0 0 0 0 0 0 0 0 0 0
2.25928228319969 0.906213550325837 5.81136765043465 7.093953326333 3.47601821775035 6.35655719957354 3.09490901960569 1.16212071351544 0 0 0 0 0 0 0 0 0 0 0 0 0 0 0 0 0 0 0 0 0 0 0 0 0 0 0 0 0 0 0 0 0 0 0 0 0 0 0 0 0
0.748753016553195 1.75994102532182 5.62218690800048 1.59147372804726 3.09431340717575 0.147620540080737 0 0 0 0 0 0 0 0 0 0 0 0 0 0 0 0 0 0 0 0 0 0 0 0 0 0 0 0 0 0 0 0 0 0 0 0 0 0 0 0 0 0 0
0.394367521751465 0.143817580246152 0.256928711480921 2.80064990098248 0 0 0 0 0 0 0 0 0 0 0 0 0 0 0 0 0 0 0 0 0 0 0 0 0 0 0 0 0 0 0 0 0 0 0 0 0 0 0 0 0 0 0 0 0
2.97942153917608 0.0138643942467424 0 0 0 0 0 0 0 0 0 0 0 0 0 0 0 0 0 0 0 0 0 0 0 0 0 0 0 0 0 0 0 0 0 0 0 0 0 0 0 0 0 0 0 0 0 0 0
