7.91842911641106 0 0 0 0 0 0 0 0 0 0 0 0 0 0 0 0 0 0 0 0 0 0 0 0 0 0 0 0 0 0 0 0 0 0 0 0 0 0 0 0 0 0 0 0 0 0 0 0
1.39146365755788 4.03049806368431 0 0 0 0 0 0 0 0 0 0 0 0 0 0 0 0 0 0 0 0 0 0 0 0 0 0 0 0 0 0 0 0 0 0 0 0 0 0 0 0 0 0 0 0 0 0 0
0.154334118102936 2.87087546136603 6.80572774663388 0 0 0 0 0 0 0 0 0 0 0 0 0 0 0 0 0 0 0 0 0 0 0 0 0 0 0 0 0 0 0 0 0 0 0 0 0 0 0 0 0 0 0 0 0 0
1.40398426673052 5.61088822153437 1.07813880778081 1.31454310388713 0 0 0 0 0 0 0 0 0 0 0 0 0 0 0 0 0 0 0 0 0 0 0 0 0 0 0 0 0 0 0 0 0 0 0 0 0 0 0 0 0 0 0 0 0
0.324697393152245 4.40038655173338 2.41149085082404 0.64617275243581 1.20510390399272 0 0 0 0 0 0 0 0 0 0 0 0 0 0 0 0 0 0 0 0 0 0 0 0 0 0 0 0 0 0 0 0 0 0 0 0 0 0 0 0 0 0 0 0
0.688988694348351 1.38509556210299 1.83062308557236 3.61086532584604 6.43507938334705 2.07190309758973 0 0 0 0 0 0 0 0 0 0 0 0 0 0 0 0 0 0 0 0 0 0 0 0 0 0 0 0 0 0 0 0 0 0 0 0 0 0 0 0 0 0 0
3.07354929638417 11.3253673583142 2.1125823631356 3.94456465558172 2.8305112640202 0.928666487284836 2.21117679859932 0 0 0 0 0 0 0 0 0 0 0 0 0 0 0 0 0 0 0 0 0 0 0 0 0 0 0 0 0 0 0 0 0 0 0 0 0 0 0 0 0 0
11.6482135366545 5.9481641080807 3.93902579234771 4.69817224189513 0.474168694007553 0.810978517849667 1.02725483693628 4.34175976634537 0 0 0 0 0 0 0 0 0 0 0 0 0 0 0 0 0 0 0 0 0 0 0 0 0 0 0 0 0 0 0 0 0 0 0 0 0 0 0 0 0
2.40153597504093 3.05701282427377 1.85397711362807 2.08074160022483 0.558534708289594 1.22381705282107 3.22813878791056 0.970481238604225 5.43273746751 0 0 0 0 0 0 0 0 0 0 0 0 0 0 0 0 0 0 0 0 0 0 0 0 0 0 0 0 0 0 0 0 0 0 0 0 0 0 0 0
1.68323864998088 11.7243840596936 0.128934861338858 1.06034498043839 2.9034909579483 11.6647010843576 4.98471661521339 2.5234472876572 0.163888217663739 6.02174762562523 0 0 0 0 0 0 0 0 0 0 0 0 0 0 0 0 0 0 0 0 0 0 0 0 0 0 0 0 0 0 0 0 0 0 0 0 0 0 0
0.276390917125551 0.493162238468899 1.58537745105746 5.39476826570054 3.05125496249659 2.34738771443013 0.543635518273537 1.37580158612382 1.87992913659046 0.207964658071903 0.115544264928217 0 0 0 0 0 0 0 0 0 0 0 0 0 0 0 0 0 0 0 0 0 0 0 0 0 0 0 0 0 0 0 0 0 0 0 0 0 0
0.931896402345112 1.7520224590659 1.79676507669213 4.66173857707907 2.63191441001934 3.52307491952531 2.64790690319069 0.158328824661879 2.3538747718938 3.03806465292915 1.41000251893857 1.07603432343632 0 0 0 0 0 0 0 0 0 0 0 0 0 0 0 0 0 0 0 0 0 0 0 0 0 0 0 0 0 0 0 0 0 0 0 0 0
0.0569276167724127 2.4263208030492 0.208024581970027 0.738499734313831 1.82850761657821 11.2010292962499 3.33511992218552 1.29875879424913 0.119817291741188 0.882982247615406 1.92643732462367 0.728251773132348 0.190484906765768 0 0 0 0 0 0 0 0 0 0 0 0 0 0 0 0 0 0 0 0 0 0 0 0 0 0 0 0 0 0 0 0 0 0 0 0
1.17260774186376 3.20914969185368 6.21990941964604 0.12914534944672 4.03648185546216 2.95914724180023 0.441829176928204 6.13057227035579 3.26763990852594 3.66815542662959 8.33308620339414 3.00402572647417 2.44167230911431 0.769772301485388 0 0 0 0 0 0 0 0 0 0 0 0 0 0 0 0 0 0 0 0 0 0 0 0 0 0 0 0 0 0 0 0 0 0 0
3.82385093243712 4.76125205995249 0.35383510389171 1.45926475960067 4.07894402933526 1.32475233268328 1.88074434995495 0.296909741816183 6.76425033012919 5.37549600850915 1.07755708515936 0.451924500188165 0.0964465957988249 1.16422085872672 2.21784405795912 0 0 0 0 0 0 0 0 0 0 0 0 0 0 0 0 0 0 0 0 0 0 0 0 0 0 0 0 0 0 0 0 0 0
0.767627875306472 2.21349288050605 1.5347722019262 2.15372553171 1.27902626085656 0.434904834184336 0.115007853692937 1.46909944593456 1.42256078551755 0.736763466029851 0.483326763418461 2.05243687113921 2.65385195179608 1.3902040039502 0.762854688754394 2.85426060840101 0 0 0 0 0 0 0 0 0 0 0 0 0 0 0 0 0 0 0 0 0 0 0 0 0 0 0 0 0 0 0 0 0
0.512626551789482 0.342952568355821 0.16864210490046 1.13699535691944 4.81804719016085 1.69533343316724 1.45359721785162 0.628976645328023 2.93888837161716 0.845243301234657 3.56671882566369 8.70613260262315 0.104442214242808 0.554739658173544 1.65556692555893 9.25518740758475 0.706843115356708 0 0 0 0 0 0 0 0 0 0 0 0 0 0 0 0 0 0 0 0 0 0 0 0 0 0 0 0 0 0 0 0
0.366366140762091 0.856981222195431 5.29320605620759 2.29812251815098 3.1023139064036 1.79295803579664 0.573805454388888 1.29073959649467 4.2851845755316 4.76146025527655 1.45089881197545 0.0734553202339459 4.53601460492233 0.732709019586625 0.014924875435743 0.331172866428906 2.64113603834133 0.562936092589524 0 0 0 0 0 0 0 0 0 0 0 0 0 0 0 0 0 0 0 0 0 0 0 0 0 0 0 0 0 0 0
3.52748115385036 0.096025175241177 1.36856927710375 2.63800268415169 0.749203984915709 1.05215558125828 0.853112665168899 0.99997458420243 1.14923553427653 3.17065803482651 0.41009450638475 5.3532519699132 0.976388725506685 1.29685500786759 0.33743468316532 0.260938512550076 9.39984336470992 0.603602639502333 0.595230658083102 0 0 0 0 0 0 0 0 0 0 0 0 0 0 0 0 0 0 0 0 0 0 0 0 0 0 0 0 0 0
0.600573196906817 0.849346353012229 2.75789443926904 6.13219479229515 1.15295055859541 0.663533584643418 1.98707260946854 1.34133876310269 3.13934733967996 1.13749344569275 2.6809543978139 5.90272277775316 2.08090432520462 5.38115397338582 6.15399287994254 1.4858009227302 1.9220949767947 0.601193680781518 0.693728277437493 3.48572496269041 0 0 0 0 0 0 0 0 0 0 0 0 0 0 0 0 0 0 0 0 0 0 0 0 0 0 0 0 0
0.14956741829875 2.46881484691199 4.25308460932642 2.26353587590959 4.86940519618875 1.53960015571798 0.193711527506278 2.58638741440559 2.22245531447101 0.594015721915944 4.2499715990798 3.41501580327617 1.26459409084334 2.43590848713598 3.05198260639555 2.27691749980471 0.693070578445916 2.38122269001043 3.11108115507839 1.67674190111417 4.79504106149841 0 0 0 0 0 0 0 0 0 0 0 0 0 0 0 0 0 0 0 0 0 0 0 0 0 0 0 0
1.4841247154211 7.71216633366877 0.573310751215348 0.00156632054910911 0.145656814917856 2.01149426837645 8.28205770229998 1.48724509396842 1.52457850157248 3.62286834601576 2.22740544386754 10.1907275908435 0.137261989497991 0.883300861039946 1.18358181531949 2.17505447993791 1.63995516460863 3.75694180124893 2.04130002397679 1.66430129697557 1.8095610568062 0.214691440828158 0 0 0 0 0 0 0 0 0 0 0 0 0 0 0 0 0 0 0 0 0 0 0 0 0 0 0
5.58960778685336 2.98521312359415 4.68721723287311 1.81655305785955 0.19258491674735 4.26325898844236 0.475046382418874 3.42735889525169 2.46002519166512 0.33964354492257 0.837109098803489 2.79519069537206 4.48634774306134 1.24274747275288 4.46918010909071 1.93382785278528 2.39935845839716 1.10237006949512 1.94758786298576 10.7539274449622 2.33650414200556 1.54843540397901 0.0865516398736509 0 0 0 0 0 0 0 0 0 0 0 0 0 0 0 0 0 0 0 0 0 0 0 0 0 0
2.32533089057304 0.397352635153498 0.727574700536323 0.00964947614645411 13.1432744790623 0.721353572603494 0.5174745202102 3.12285657999346 2.17838531657304 1.6336467730064 3.99487859094559 2.6137715711626 0.348961842609418 1.76886914334005 1.30171412455356 2.35546623838036 0.640425054212587 0.94975081282936 3.29016328096558 0.941667182392283 4.40250201643416 0.575849929497401 1.85484316098727 1.32442900226371 0 0 0 0 0 0 0 0 0 0 0 0 0 0 0 0 0 0 0 0 0 0 0 0 0
1.27756086907345 1.39111590020811 0.952180585784585 4.61667033589643 0.495023565843835 2.62564781393308 0.637438741711862 1.23372952282999 0.750898192084276 0.0675625352299674 2.14553685472887 9.45135725878933 2.03917794660547 3.54371673708369 2.2657857847204 7.8816680849913 2.22528945282717 0.256522935167702 3.89505166254443 1.40012576942768 1.03803308662401 0.806656688037693 2.82287799046276 0.0219601099362511 1.00933940736637 0 0 0 0 0 0 0 0 0 0 0 0 0 0 0 0 0 0 0 0 0 0 0 0
1.25860993783185 0.447274221823583 2.35198600742183 1.98997775608197 0.0848574728515973 1.04829970381389 2.15944704885305 1.58806307996464 3.60021262616415 0.264703680709767 1.30989958565165 0.0445628062841673 1.49402673287749 0.445708304650595 1.29294381459596 1.39813657727292 1.22344237248371 0.0214917770888109 0.593255182729022 0.545098313131059 6.90720533600084 0.656714278484645 0.332822283393443 1.2587041109628 0.137030036118812 10.2385688045631 0 0 0 0 0 0 0 0 0 0 0 0 0 0 0 0 0 0 0 0 0 0 0
1.25563200174082 0.472923577413293 3.3269342377242 0.311191367494559 2.68150828634952 5.27283707795799 3.40405023704698 2.81461472975503 9.40657488376444 0.970316222221493 0.22801133827789 4.69858405719876 1.84287489105057 5.26226993800803 0.737639258466481 5.6232758706929 2.11816321755637 2.07195953041127 5.81506732908299 0.18984089062324 2.96750379497434 0.957684828022703 3.09944284458837 1.69663424593193 2.39196915382805 3.79160699756638 3.12017975706876 0 0 0 0 0 0 0 0 0 0 0 0 0 0 0 0 0 0 0 0 0 0
1.46068795358488 5.08053403573671 1.91130367943939 4.70259020318793 3.46686702163151 1.40727252605634 3.90844055738241 4.76653527935455 0.785439995301441 5.77363417875809 0.704371555070663 9.46998600899724 4.25180833783583 2.41534092422819 0.996634354594625 4.22801318108494 2.92904743083262 10.0115305501625 8.42430321517492 1.57113649643885 1.00897766293551 5.03532755467482 2.61297481394208 4.41208846258649 0.199185624577467 3.68828411601338 2.11851846771707 3.237922111589 0 0 0 0 0 0 0 0 0 0 0 0 0 0 0 0 0 0 0 0 0
2.43292870277894 1.1076801505454 0.949329524450469 0.0872240831151085 0.0955343936463693 1.51101238123494 6.07220968287889 1.56697774011642 0.633569322895514 0.246037685041341 0.385403593133379 1.24409650566588 7.30911197719951 2.4068274950162 0.468617344159957 0.836519941415016 4.46583941771967 9.29204625707324 0.157281666920379 4.16329265577684 0.27752089084323 8.72390984007096 1.21213305628994 3.0808863942078 0.745326338612435 0.448771963669278 2.13364497510132 1.41679500021811 3.54940410994274 0 0 0 0 0 0 0 0 0 0 0 0 0 0 0 0 0 0 0 0
2.87272421687186 3.48110665145807 5.00198271927241 1.97356038898461 0.667776377311701 0.665847617211894 0.189699996666334 0.0388337524171516 4.20008080836705 1.5394973907745 0.507777800299239 4.66782786841207 4.43546076371986 2.87556978332331 1.79244572325353 0.229259773225247 2.5213042307345 1.65394888294247 0.842597853282209 3.17802038009851 0.950052683870595 2.15069164638518 0.337778662527463 0.66894573658344 1.49941786684112 3.91367067713406 6.20840461230332 0.300236612007933 2.71304617495375 1.72454943975674 0 0 0 0 0 0 0 0 0 0 0 0 0 0 0 0 0 0 0
0.90632283456217 0.19623858304776 11.8186247182606 4.06514884967907 0.23867490836314 0.488670170327794 0.225801517441733 0.556859491357235 6.63619100433225 0.953477034563363 1.10532702924196 1.14500041631725 1.69646737420114 2.33895846797801 1.99861423863592 0.130538625934146 0.554757796144806 5.8347758096208 1.17068098287164 1.57931984905847 0.413567795177058 2.95861536324011 1.44700476929626 3.02919215505176 2.34568316165958 1.39820471801616 3.04488393145575 1.09090070671233 2.56062307325192 0.28027852857026 2.50853656421337 0 0 0 0 0 0 0 0 0 0 0 0 0 0 0 0 0 0
0.696991623934232 0.0384793168056572 0.9355162503219 4.25353426701737 7.1040151500595 3.0230982633413 4.00179437037616 2.19215056828495 2.67298087229201 5.29153393862012 2.08811197001675 6.18290473432642 0.27053206518273 0.579381775561023 4.45101152328477 6.75501584390426 1.22479451560768 2.60036787036949 0.530446975622592 2.13517321424633 0.218313411073416 3.06592809294391 0.194158272190937 1.79608937982893 1.97955098263194 1.8105052177156 2.25578635282883 7.70467095197586 1.2447627379221 2.18848412184736 4.57013767395216 0.71434623616694 0 0 0 0 0 0 0 0 0 0 0 0 0 0 0 0 0
0.676810047279037 4.93588728931275 0.295826363467205 0.735473587447114 1.52760332376938 1.59786915239742 9.24873472037162 1.13590875348338 0.811007962258995 3.69047432964851 0.384465867824804 6.67146679689467 3.70640507073176 0.304238580947895 1.33840040076385 3.02034512185156 0.262794886739976 2.65136791900851 0.944900009959969 1.62048045563393 1.41068223965415 6.23542463232051 1.9430530664961 5.16547580158777 3.3820913229625 1.60006147781129 0.493161110905019 1.199692863406 1.4232823216036 2.00467071306019 0.934412735639873 2.61909435792089 1.93036879979761 0 0 0 0 0 0 0 0 0 0 0 0 0 0 0 0
7.52367541006115 13.6948929835317 2.18136130148243 2.492936160842 0.0631935362631548 0.481360447429084 1.71736984224618 0.989797053932123 4.83995190449627 4.04718871095261 1.9971780400888 4.62996403008629 6.03050207758486 0.631508346553712 4.59569563078272 1.8517213073276 0.0620768707028872 11.1110102236232 2.45255340927706 6.98617669362192 0.943709032562754 0.825419283042671 0.638025125684112 1.29357511721081 0.0322685068526609 1.62400872424369 3.19429238309904 2.03543096345378 1.74646345542273 0.860391045411284 3.92651873186847 0.0449647284347029 0 0 0 0 0 0 0 0 0 0 0 0 0 0 0 0 0
5.63854913276868 2.27209489682663 0.590168577148558 2.52691627327865 2.81352444259476 1.40174177022529 0.958309659966998 7.65718719368279 0.858367411594941 0.0058451156950647 3.96791967083915 1.0197550974811 1.89332978337966 2.366235141074 2.48419110826479 0.464476053332341 8.19944579654898 1.93460836357663 4.51107204079145 3.21819469835028 3.05432816120274 5.22315681564714 0.887466847319585 0.0876316545424192 3.76355451961752 4.49685576036139 0.675383284499381 4.31421690909172 2.80427960186921 1.22749764608882 0 0 0 0 0 0 0 0 0 0 0 0 0 0 0 0 0 0 0
0.274086105974756 0.397507735688033 0.558311645439798 1.38564736179639 0.121068268042455 0.139096892663838 3.13491520255538 3.22017761108016 1.37546721877566 2.02173118737561 0.396966913275404 8.2518365342417 6.95114036503376 5.99042570798785 0.0709650717124543 0.514163900135927 10.1070562149598 1.42861111660897 2.13730942026393 4.54626316282618 0.0840934182000403 2.42044960683462 2.16034344879387 3.37131105717752 1.94771116636759 1.10374769163374 1.95061144064775 0.433710599176067 0 0 0 0 0 0 0 0 0 0 0 0 0 0 0 0 0 0 0 0 0
0.350222748629697 1.02988758074353 5.21113581380703 0.930957067528939 0.130648617541285 0.946500269427841 0.731655507275136 1.4849307718598 3.14856284581693 1.05488153691229 2.17482630054276 4.04944480360607 2.4044049120913 5.25018085009087 4.61272522428515 1.99395425139432 3.14561323106512 2.71752660177874 0.480559063558444 6.74205166397808 2.10648694055282 4.22546650494564 8.92516004777756 0.212729713432945 1.7466950225625 0.674342156176889 0 0 0 0 0 0 0 0 0 0 0 0 0 0 0 0 0 0 0 0 0 0 0
0.861547147480432 1.97455140141142 6.31901418797059 0.564667875621151 1.37810933924697 2.74790804595936 3.46117610608648 2.09644959314312 3.53599525164158 2.01104546227059 0.1647603210491 0.737800200916108 2.04114636595742 2.14298622121876 1.90339702143361 7.08167818762281 2.18815132089522 2.27768089358622 1.36766230090096 1.62478494423973 4.01091698380036 10.7261803853094 0.919386979075843 0.875415653042438 0 0 0 0 0 0 0 0 0 0 0 0 0 0 0 0 0 0 0 0 0 0 0 0 0
2.26082251123203 3.57161589055886 1.63756270874655 1.51622402947165 2.92312558144342 0.753616330810837 3.31080260284432 0.460113515379725 3.85134276348998 0.00668673226613955 1.16560035551219 6.33634024958594 1.0665097030017 0.933406208742617 0.213608087784872 0.859014228542537 2.17166519827875 1.16088183705756 3.09426330262865 4.55037597275098 0.162919177470744 0.0841118712352836 0 0 0 0 0 0 0 0 0 0 0 0 0 0 0 0 0 0 0 0 0 0 0 0 0 0 0
0.690755629446893 1.71942218674283 2.40066857125135 0.981687831671709 5.97151319142102 0.414493054651124 1.25993096314855 1.86701355781821 0.729608189276368 0.130699595312112 1.19082087164743 0.654896975031046 1.89082143530151 2.27172516680707 1.60849671895831 2.80919916774561 3.81439394933956 2.25862777035358 1.17128060958883 0.0280765514650737 0 0 0 0 0 0 0 0 0 0 0 0 0 0 0 0 0 0 0 0 0 0 0 0 0 0 0 0 0
1.51893153427043 1.13553935832039 0.728319753184319 1.44788191280597 0.623373549279311 4.19859728824288 2.68585056107317 0.122968262046601 0.71218314374637 0.504838196136935 0.234870846775523 0.380598509381591 0.631844292839611 4.86048557955696 0.351855411773354 2.32519618916629 0.278787370734 0.813607697827498 0 0 0 0 0 0 0 0 0 0 0 0 0 0 0 0 0 0 0 0 0 0 0 0 0 0 0 0 0 0 0
5.45408183034322 2.23739060321035 7.05581234740822 2.0474204622104 1.90104306520006 1.58572607571854 5.2209443075607 0.721296752287838 4.86475150351188 0.570253975514235 0.77527548972531 2.28613546529553 8.30912179469103 0.3052438672353 4.21143570187285 1.85754149449441 0 0 0 0 0 0 0 0 0 0 0 0 0 0 0 0 0 0 0 0 0 0 0 0 0 0 0 0 0 0 0 0 0
0.233037344734372 0.00342589364052513 1.52262367517159 1.25465994004636 2.64442102660229 0.795288403322088 0.364008029133888 0.367811622330522 2.50075541076046 0.30171211386687 3.36417327223125 6.05287331509293 0.414278211907103 0.347835879916292 0 0 0 0 0 0 0 0 0 0 0 0 0 0 0 0 0 0 0 0 0 0 0 0 0 0 0 0 0 0 0 0 0 0 0
0.722071759305063 0.280974339363802 0.576927100981725 0.748676343967311 0.358749904373518 1.60489313047241 2.59885043818023 2.62623544098251 3.62466192980955 1.52639525742064 0.218348419814196 2.10019123709528 0 0 0 0 0 0 0 0 0 0 0 0 0 0 0 0 0 0 0 0 0 0 0 0 0 0 0 0 0 0 0 0 0 0 0 0 0
0.908586950440969 2.78976111601861 1.67738162837487 0.34357668750057 2.72468633380797 2.57263756858465 2.92486117270846 2.74309134405237 1.63609157794149 0.179288612962624 0 0 0 0 0 0 0 0 0 0 0 0 0 0 0 0 0 0 0 0 0 0 0 0 0 0 0 0 0 0 0 0 0 0 0 0 0 0 0
0.082305595519553 0.742979871032093 4.38514833903616 3.85920986717485 3.6334615666395 0.277675095740978 2.62750253307839 0.522472083040394 0 0 0 0 0 0 0 0 0 0 0 0 0 0 0 0 0 0 0 0 0 0 0 0 0 0 0 0 0 0 0 0 0 0 0 0 0 0 0 0 0
0.908871023714725 1.80574855244837 0.0397592273918297 1.88340719604893 0.515602619832896 12.3855530341412 0 0 0 0 0 0 0 0 0 0 0 0 0 0 0 0 0 0 0 0 0 0 0 0 0 0 0 0 0 0 0 0 0 0 0 0 0 0 0 0 0 0 0
1.74409558882635 1.87533698706936 4.31788124088346 0.076949287675791 0 0 0 0 0 0 0 0 0 0 0 0 0 0 0 0 0 0 0 0 0 0 0 0 0 0 0 0 0 0 0 0 0 0 0 0 0 0 0 0 0 0 0 0 0
0.908521580655901 1.43070282071015 0 0 0 0 0 0 0 0 0 0 0 0 0 0 0 0 0 0 0 0 0 0 0 0 0 0 0 0 0 0 0 0 0 0 0 0 0 0 0 0 0 0 0 0 0 0 0
