1.50100225481776 0 0 0 0 0 0 0 0 0 0 0 0 0 0 0 0 0 0 0 0 0 0 0 0 0 0 0 0 0 0 0 0 0 0 0 0 0 0 0 0 0 0 0 0 0 0 0 0
2.26428930887525 0.679720331202573 0 0 0 0 0 0 0 0 0 0 0 0 0 0 0 0 0 0 0 0 0 0 0 0 0 0 0 0 0 0 0 0 0 0 0 0 0 0 0 0 0 0 0 0 0 0 0
13.0183168184525 0.258425658387015 4.60409567877973 0 0 0 0 0 0 0 0 0 0 0 0 0 0 0 0 0 0 0 0 0 0 0 0 0 0 0 0 0 0 0 0 0 0 0 0 0 0 0 0 0 0 0 0 0 0
1.66561256409768 1.302216814402 6.37254234483119 4.5084044439785 0 0 0 0 0 0 0 0 0 0 0 0 0 0 0 0 0 0 0 0 0 0 0 0 0 0 0 0 0 0 0 0 0 0 0 0 0 0 0 0 0 0 0 0 0
7.57772852186128 5.00100275199789 5.31224306536843 0.924888515494284 0.751335170999619 0 0 0 0 0 0 0 0 0 0 0 0 0 0 0 0 0 0 0 0 0 0 0 0 0 0 0 0 0 0 0 0 0 0 0 0 0 0 0 0 0 0 0 0
2.92581327911907 3.9580116574137 7.55646810130046 4.58239045914491 3.90568306878384 11.2477131298346 0 0 0 0 0 0 0 0 0 0 0 0 0 0 0 0 0 0 0 0 0 0 0 0 0 0 0 0 0 0 0 0 0 0 0 0 0 0 0 0 0 0 0
11.1751162118581 5.32051298506004 5.70072055652005 7.18838074633666 3.96410759673422 8.71420755852328 1.7533930485396 0 0 0 0 0 0 0 0 0 0 0 0 0 0 0 0 0 0 0 0 0 0 0 0 0 0 0 0 0 0 0 0 0 0 0 0 0 0 0 0 0 0
3.35559882692468 0.470701080736045 2.85145094474008 5.91644977453826 5.44801925125889 11.5956794550139 6.84580570112407 3.64295059758893 0 0 0 0 0 0 0 0 0 0 0 0 0 0 0 0 0 0 0 0 0 0 0 0 0 0 0 0 0 0 0 0 0 0 0 0 0 0 0 0 0
3.05079008387417 1.03053824035271 4.95325906301115 2.97355101633267 10.9502871270802 6.09095369894577 1.92298375360361 0.577442946984984 0.0867364324852799 0 0 0 0 0 0 0 0 0 0 0 0 0 0 0 0 0 0 0 0 0 0 0 0 0 0 0 0 0 0 0 0 0 0 0 0 0 0 0 0
4.71601856962243 6.93803474212517 5.81616835921832 7.30253093497103 4.97517039885614 2.62387035173944 0.803247451734034 8.96771361211732 6.76651716126426 3.99211969356288 0 0 0 0 0 0 0 0 0 0 0 0 0 0 0 0 0 0 0 0 0 0 0 0 0 0 0 0 0 0 0 0 0 0 0 0 0 0 0
13.3510759745262 3.3617505916291 9.80670740614927 3.14538430731275 1.82425690855159 0.282441915008238 19.4660221360057 7.83394833799887 3.48323741533862 4.95718882399694 1.87025983477942 0 0 0 0 0 0 0 0 0 0 0 0 0 0 0 0 0 0 0 0 0 0 0 0 0 0 0 0 0 0 0 0 0 0 0 0 0 0
5.90563842331392 6.3109273486021 7.85586621693908 4.67878707662438 1.58449244987211 5.7213483320185 0.319054475231479 5.00702768340184 5.52804993213813 7.73579898174442 5.26360340681864 0.363696282083771 0 0 0 0 0 0 0 0 0 0 0 0 0 0 0 0 0 0 0 0 0 0 0 0 0 0 0 0 0 0 0 0 0 0 0 0 0
1.78145167504816 8.90846262521701 4.50719661157273 3.51618607064375 3.58499472859061 7.85497682593135 5.01673833236456 8.31276161105384 9.88538499961405 7.35831240053399 6.52354433260322 5.66366709100381 5.51341908501314 0 0 0 0 0 0 0 0 0 0 0 0 0 0 0 0 0 0 0 0 0 0 0 0 0 0 0 0 0 0 0 0 0 0 0 0
0.669083232607397 4.427929700516 1.49001409551475 1.25606943772241 6.12273452843063 9.71823561411622 12.4682274138559 0.124489960190716 3.64356654842763 4.39508746153237 7.99798400827167 8.12671060477988 17.1986771801173 2.45238471494642 0 0 0 0 0 0 0 0 0 0 0 0 0 0 0 0 0 0 0 0 0 0 0 0 0 0 0 0 0 0 0 0 0 0 0
1.36306829688832 0.227571575864192 0.726198989225526 0.145891334199688 4.93360887219078 4.46265562193613 6.1005341865076 0.602871630432831 4.50608842857706 8.55286599806491 2.84067006561451 5.24514754782859 2.85374672631258 2.94123239273409 1.48508129906635 0 0 0 0 0 0 0 0 0 0 0 0 0 0 0 0 0 0 0 0 0 0 0 0 0 0 0 0 0 0 0 0 0 0
2.94106642401392 0.0856262732906342 0.0508529941783543 5.30360021161102 0.266375885565015 5.37471301896455 3.23956642730418 0.311000488034407 10.0327089460115 2.26998100865644 2.38009074497729 0.612764122822926 5.45636786516481 0.640181615914831 0.726308498902116 4.2978073687088 0 0 0 0 0 0 0 0 0 0 0 0 0 0 0 0 0 0 0 0 0 0 0 0 0 0 0 0 0 0 0 0 0
10.7670989254953 3.36979005092704 0.0655901641890048 2.9139531531496 1.86504027333074 5.61737236427066 5.31429336918586 3.85967528594839 4.70201194942591 2.87650368323034 2.23892381799224 1.14703383661509 2.40618212189297 5.19881739079506 3.81985989800328 0.225069083293525 2.83519937773128 0 0 0 0 0 0 0 0 0 0 0 0 0 0 0 0 0 0 0 0 0 0 0 0 0 0 0 0 0 0 0 0
6.44893980630372 5.09614375233809 1.92570345068482 2.04278640129209 3.59338605148493 3.27967943120106 5.37263310135668 5.27144103822001 0.910430210889873 3.5379524447517 4.69240312328726 0.256023942888733 10.5649759352465 3.74339422317598 13.3838074576348 2.04560653548321 2.72450148436635 1.83492372016456 0 0 0 0 0 0 0 0 0 0 0 0 0 0 0 0 0 0 0 0 0 0 0 0 0 0 0 0 0 0 0
5.05440879517611 8.09442414080677 5.86848760594418 2.17432285480514 5.42063410016234 14.1550008616353 7.79245740413087 13.3081706093914 4.99705655123384 7.08549165128988 2.19837457800352 9.0193887537731 7.32862114002504 8.71566090202955 10.257316286701 2.84089581552552 4.36848326020223 5.1260991636025 4.85368862029709 0 0 0 0 0 0 0 0 0 0 0 0 0 0 0 0 0 0 0 0 0 0 0 0 0 0 0 0 0 0
4.26935099731795 3.30592185340792 2.93546876130493 3.88572473339887 5.59727824577809 7.44995104386357 4.96492339025205 2.81245928619065 0.339863521683898 4.2855124211289 11.6389613246565 2.7245894222182 4.51313178568634 4.50815899081732 0.841935313236945 0.851091294625039 3.95983591910035 4.45380604981213 6.30219686623378 4.56658629978559 0 0 0 0 0 0 0 0 0 0 0 0 0 0 0 0 0 0 0 0 0 0 0 0 0 0 0 0 0
8.63808459629482 2.49572982655511 0.658572474316354 10.472120681514 1.74008020439117 2.68632081055145 0.680876771039453 8.79554924306267 0.262441329747161 13.674824419598 1.18984227064468 9.89195598526472 4.54634699777163 3.53506908278021 0.337638577519683 5.66032507327674 5.20824104029978 4.41775209279603 4.76229612365382 1.21072498107569 6.39477178459047 0 0 0 0 0 0 0 0 0 0 0 0 0 0 0 0 0 0 0 0 0 0 0 0 0 0 0 0
3.61463514007498 1.56690484603308 11.4851809246832 2.07464355962751 11.3286154374193 3.28634575457361 2.12029212870789 1.70529006294125 1.54684052285312 2.215222500078 8.05396464192285 3.35558834222517 3.45999215889023 2.46004491072786 7.83093450386361 6.4399629212729 0.0202355169590873 2.22776989766639 4.53490285882858 1.01701531521791 2.72793822719971 5.01002834424094 0 0 0 0 0 0 0 0 0 0 0 0 0 0 0 0 0 0 0 0 0 0 0 0 0 0 0
1.61583217453926 6.14845770807525 6.21607354868665 2.29089590875504 1.2701482017437 12.2339922138156 1.14033953739941 5.04375227736997 14.0592349933881 6.04014771914939 4.74221489085931 4.80500101976425 5.10157332194696 6.30824546620311 7.45355481021059 2.50608255555113 4.25883868231697 10.1065981707772 7.17200398335005 0.6561550705962 18.580228669697 4.71323575143245 5.42065527508838 0 0 0 0 0 0 0 0 0 0 0 0 0 0 0 0 0 0 0 0 0 0 0 0 0 0
4.12642234587302 1.12334747886569 10.0675390439593 5.94996847336719 1.50184164969074 0.870944726168589 17.5490693694268 7.46733500023491 3.5579025863388 13.1262214393509 4.21877854563902 0.00458604299967258 11.6941976524873 4.74469233158097 0.151862516202311 5.71757688832417 8.08831332562553 4.36879568099562 11.6586723496535 4.53038018199621 4.31003759353985 7.00024769501674 10.0109300611528 0.836972254179502 0 0 0 0 0 0 0 0 0 0 0 0 0 0 0 0 0 0 0 0 0 0 0 0 0
3.06258244837318 10.6827965907934 2.59111511675014 4.69163388629166 4.54763125604123 9.55277135798314 0.854271501684652 3.84333708451129 6.16902057010633 8.02864967138273 3.03216496561268 5.1980122285095 4.41628846535784 4.35298292645471 6.70200150821599 1.09616736420164 1.30873514024453 0.252728654180568 9.71249341573886 1.66960205022016 5.27388462831398 4.13325070556534 0.461368311748835 9.74370001230839 0.224835350516328 0 0 0 0 0 0 0 0 0 0 0 0 0 0 0 0 0 0 0 0 0 0 0 0
2.10414745220041 3.4234817793502 0.67905917655075 0.279218617660952 8.21853442523788 6.2320570362468 4.44249725148828 0.439574806424678 2.12198272142435 7.21520131084239 6.16702861063378 4.33199763908997 3.96826471826145 1.31244365939503 2.77809480097171 0.437840734961019 3.16567782966732 2.6894150006394 1.38314869607785 3.75937943443971 1.54374864262721 2.00386108623715 6.37317402579417 0.0210778063595406 1.14795453449503 0.108297568897935 0 0 0 0 0 0 0 0 0 0 0 0 0 0 0 0 0 0 0 0 0 0 0
7.04788879319485 0.215219642247673 5.0343732225831 11.1665943204094 0.879271061232492 4.54962384157799 11.4671255534802 0.671663865963629 4.20168340780493 0.780600653019873 7.70031836125392 1.19952462408262 3.61861882005728 2.10669925676004 1.49227010308319 1.8993866661404 2.29094904999098 2.27874075316159 18.4514800598339 6.34233475456827 1.04514298778062 4.56454218592062 17.4801167770486 19.6310744421109 2.60902668398157 0.584195535875393 9.64049327314973 0 0 0 0 0 0 0 0 0 0 0 0 0 0 0 0 0 0 0 0 0 0
1.79082288631066 0.286640582205192 2.7284415368272 3.61767820152733 3.83170821101825 8.32368939310285 2.53413088958925 2.15999445318562 13.7079646870569 8.58000090916799 3.1475841199878 6.11962086204013 4.54356510542354 1.58110789037162 11.4966375784623 4.1566151501999 3.50029868901231 9.18418465956477 3.57818901106374 0.531086244313055 13.0106945734897 5.50925998463931 14.6268795516415 4.38662734111933 1.68461465422492 5.04794023162143 3.2638932980709 5.58089855789675 0 0 0 0 0 0 0 0 0 0 0 0 0 0 0 0 0 0 0 0 0
0.181767056980983 6.9321316404991 0.453046961451678 4.94859070234539 1.41857450922796 0.492874108356259 3.69345658357898 3.62879123744193 2.84113175106349 5.46220059399702 4.00470816710868 2.43165829726204 1.9964440373279 3.67041057885738 3.29822103557045 0.974989769334637 3.19886808587667 0.600224551728303 0.660031547097026 2.83089488170183 3.47438710922599 6.45781532836045 0.944568631961542 5.5477555297522 0.785799117719257 0.361060114084324 3.62417274514808 0.0471151196893222 0.623993322855558 0 0 0 0 0 0 0 0 0 0 0 0 0 0 0 0 0 0 0 0
8.86675200586679 1.92684545310199 0.176589597645519 5.73650826118743 1.41882096475609 4.47515425527554 4.71299487087595 2.36262999121459 2.10974777997487 9.45864181878091 5.62991590763722 3.12635575971493 2.00478919545323 0.849132001757864 2.71568381525468 1.86806586671521 3.73646906309998 0.612252895465875 8.80386960156514 3.62529967730714 2.55897959774219 0.062010752108761 0.920706749601586 8.86105567702808 1.76538710783761 1.08402628924304 4.83879120282162 3.53507090030186 6.44131441519944 0.398397201545709 0 0 0 0 0 0 0 0 0 0 0 0 0 0 0 0 0 0 0
3.61832680499076 2.21600238384767 2.34430319035891 0.774552565056522 5.38301951764527 2.21167943560741 0.606452351763412 5.37928283396975 1.96669231755332 7.00497815108858 9.22632885886603 1.81474032604241 4.29136500917881 3.46078388286933 4.27445291456763 6.9888096795112 0.481779646599658 5.56962291068477 12.8028758467446 5.27232952346318 1.54103597613814 5.51102586777982 17.7058862217074 3.93619279343684 5.98117770014561 0.948289002541767 16.6703984594041 10.6148168908034 6.19970953682964 2.28548904104711 3.39228438420645 0 0 0 0 0 0 0 0 0 0 0 0 0 0 0 0 0 0
2.45323096335335 6.13433585988126 3.87649202824413 1.67570544195683 3.69143258225665 8.8140118091362 5.73077961213461 7.15339735182163 4.14580266766981 11.8688935749492 5.66505294098803 9.07611923699057 1.00620819619456 2.17613528600061 7.65042018217224 2.06603093057993 7.72516777581867 5.04704696097031 2.46639810231046 0.154905028962799 7.36859026932611 4.12729186036908 6.00455149694867 4.48193321001583 0.919805881778959 0.359014515528056 8.72597083688703 8.60707379152909 1.62976647902379 0.0234695843152488 1.5887976081507 0.657486214646023 0 0 0 0 0 0 0 0 0 0 0 0 0 0 0 0 0
6.65194873355037 1.50986582397318 0.285902224391907 1.06145978490904 2.40390416577544 5.41303017279015 1.62194323258216 6.35176005292241 1.39788629609912 1.04055638340222 1.47327664334596 0.223972774858672 1.53303395182008 5.98995363749142 0.0323323111230982 0.289792393781306 0.0800345076383874 5.21048845872288 0.906587999668671 2.65966461168684 1.48447822144658 0.0477194715960843 2.58335119055229 0.306583021839554 1.03399754070422 5.19286429836116 2.6723012950763 4.69323754668829 1.50038264881429 4.26297331621045 4.52098456572436 1.73959210873719 5.41166214491379 0 0 0 0 0 0 0 0 0 0 0 0 0 0 0 0
0.506852065415059 0.307344871663374 6.37165416036415 6.18592130084042 1.4554324896454 0.246847632461017 5.69402235646905 3.25275050431786 2.68976962543433 16.2128692142646 2.72699993365235 1.12604138031062 7.71534034342222 2.19231871372528 2.07375268124634 3.67372508356109 5.21641861536749 0.539349662864169 8.21358682826726 4.39364522624048 0.391554397602874 11.3700376586302 0.0262968172118956 9.83955133421 2.61707997081379 3.16567112766275 6.19226983778587 2.46535083125097 3.41988113505913 0.780118189664486 4.18889917736122 4.85570100806493 0 0 0 0 0 0 0 0 0 0 0 0 0 0 0 0 0
2.02747792823127 1.44116467585372 7.8755019398127 6.44898914969396 2.90302339702915 6.16500134299877 5.28389121864116 7.18530635864775 8.43900030710171 6.70991171702483 22.286874120113 6.22645176752329 1.69604756709101 4.18900141406532 12.3210765921898 2.54253015244167 0.993939692110553 7.39971603853523 6.36865720483042 2.55582791680073 14.1840794337767 1.98500395700282 14.1818721719978 8.04867039031728 1.84579900465976 0.759960196633074 4.3822556995276 4.20297230093347 2.05157788002951 1.04008044060467 0 0 0 0 0 0 0 0 0 0 0 0 0 0 0 0 0 0 0
0.409463251979865 4.84382418358663 0.925633315902387 4.73567781869288 5.75678522316454 4.26685200078283 6.26187693829065 0.752533707852816 0.934520049301628 14.410981317783 3.50131854715116 0.120438671480945 5.36516078547815 2.43560298019701 9.17589710685674 1.55570859804967 6.19585947655007 5.79327526742724 3.53724412964876 2.56197521087247 2.78515316536399 8.17630930747537 7.31070937461329 6.57124664908003 0.176355825370834 0.391992808084979 1.29815513052177 3.185336997919 0 0 0 0 0 0 0 0 0 0 0 0 0 0 0 0 0 0 0 0 0
0.240946128657568 3.35846113547459 3.54315592951442 5.39370019783229 3.05663979703155 3.42465892131854 5.38846102210283 1.29062735996733 5.16810569735726 7.97363830750857 0.404059668331496 3.74964393531967 1.11372639512634 1.92787108876519 2.98852114682412 7.51026071849212 2.13689524436642 1.66967737554655 0.451398522445911 0.314836755451981 3.27321974750171 1.23836670839416 4.83234108579844 0.739662559521337 4.14937842110979 0.78506874677526 0 0 0 0 0 0 0 0 0 0 0 0 0 0 0 0 0 0 0 0 0 0 0
1.77071839594131 3.2755318608863 1.22618752714295 5.35567018881845 1.87028077353143 15.2206363712819 3.11589098254273 7.75858678909594 10.9926703696851 0.151136982549874 9.79491107805435 4.41147228302751 0.61489218398524 2.95020229875589 1.54342203726134 1.39307618025727 0.802810992283991 3.39829645614814 2.82001512041542 1.75158281377492 7.16907843751457 0.195091215067691 4.08817510552283 2.81370055927722 0 0 0 0 0 0 0 0 0 0 0 0 0 0 0 0 0 0 0 0 0 0 0 0 0
11.6035187534101 0.740279773410437 3.98038925501396 8.84080251747462 8.98892692931831 4.91963226939132 12.3312136269981 5.04616786860072 2.31954412894668 25.6941800971908 14.0394706883422 10.3330248921621 0.541576765010371 1.91372679087265 17.347219036634 0.146223903126794 3.25046515669973 4.79038138763299 2.93559529773598 3.65042779715615 8.07597675085319 1.30295385707082 0 0 0 0 0 0 0 0 0 0 0 0 0 0 0 0 0 0 0 0 0 0 0 0 0 0 0
9.78970726273279 1.36963067387144 8.16705833875621 15.1681602423185 3.70071747040063 11.6631920002925 9.44206776827275 2.02847971773023 3.85621465865711 13.1989809687597 13.6078881869847 1.20847709491258 3.38851455029133 0.687344138422929 4.07285425990815 0.821426847935859 4.65316260589181 9.76327002591268 8.10834235513453 0.752523314661231 0 0 0 0 0 0 0 0 0 0 0 0 0 0 0 0 0 0 0 0 0 0 0 0 0 0 0 0 0
5.71298351570316 0.997750503932909 0.191303088918383 0.652915341676274 1.5236858113333 0.719258222968313 0.973943895488466 1.00865969988868 1.64105494525164 11.9110214032921 0.849421015810035 0.716193128088637 4.30711972948773 0.927273410763161 1.1665614774565 2.3977954590651 5.2296553213867 2.61367039612994 0 0 0 0 0 0 0 0 0 0 0 0 0 0 0 0 0 0 0 0 0 0 0 0 0 0 0 0 0 0 0
2.80287629213812 3.22521307818817 4.9904001854243 15.3690776279506 5.51456845561647 1.71674140962218 14.906564240048 9.42271654317701 4.64063276211056 4.45026147283651 7.79653513690444 12.2104553486447 0.0300188056408295 2.97344275016319 3.62230492261291 3.23564131358584 0 0 0 0 0 0 0 0 0 0 0 0 0 0 0 0 0 0 0 0 0 0 0 0 0 0 0 0 0 0 0 0 0
5.29430638014153 0.795344761933351 8.76436517406879 11.581195420139 0.854844538939292 10.4761199580641 3.77046957650944 8.30502534946101 1.7832031376127 2.79236219116343 9.05651739527554 0.946079259382725 1.8909697533967 0.582620961317794 0 0 0 0 0 0 0 0 0 0 0 0 0 0 0 0 0 0 0 0 0 0 0 0 0 0 0 0 0 0 0 0 0 0 0
4.49718290549835 3.62622830349267 12.0863255346972 4.18884879360715 5.75603772220946 9.22426966190501 7.60465525774595 0.889084815297428 10.283717002303 15.017190588953 4.08313562412208 4.38360794267139 0 0 0 0 0 0 0 0 0 0 0 0 0 0 0 0 0 0 0 0 0 0 0 0 0 0 0 0 0 0 0 0 0 0 0 0 0
6.94271775827953 0.021818347471522 1.46007348128758 15.2588629568475 7.68408285485371 9.83419183741223 2.35854768096075 6.99139886726242 0.0114482384041705 1.79871056283535 0 0 0 0 0 0 0 0 0 0 0 0 0 0 0 0 0 0 0 0 0 0 0 0 0 0 0 0 0 0 0 0 0 0 0 0 0 0 0
3.321418541205 0.877789638050649 13.6676205820919 12.2082198603588 5.03046471728236 1.19761180486398 5.04321520131048 0.52694014147143 0 0 0 0 0 0 0 0 0 0 0 0 0 0 0 0 0 0 0 0 0 0 0 0 0 0 0 0 0 0 0 0 0 0 0 0 0 0 0 0 0
0.110209950413288 0.100667002157453 7.23479526620498 10.7324948878127 2.34294657769485 12.0554642176441 0 0 0 0 0 0 0 0 0 0 0 0 0 0 0 0 0 0 0 0 0 0 0 0 0 0 0 0 0 0 0 0 0 0 0 0 0 0 0 0 0 0 0
5.52295586794419 0.443104534779348 2.86814303093984 0.326847550200256 0 0 0 0 0 0 0 0 0 0 0 0 0 0 0 0 0 0 0 0 0 0 0 0 0 0 0 0 0 0 0 0 0 0 0 0 0 0 0 0 0 0 0 0 0
11.9040781411838 0.209450516532187 0 0 0 0 0 0 0 0 0 0 0 0 0 0 0 0 0 0 0 0 0 0 0 0 0 0 0 0 0 0 0 0 0 0 0 0 0 0 0 0 0 0 0 0 0 0 0
