5.91295916175931 0 0 0 0 0 0 0 0 0 0 0 0 0 0 0 0 0 0 0 0 0 0 0 0 0 0 0 0 0 0 0 0 0 0 0 0 0 0 0 0 0 0 0 0 0 0 0 0
0.00483385507834327 0.0590182066780266 0 0 0 0 0 0 0 0 0 0 0 0 0 0 0 0 0 0 0 0 0 0 0 0 0 0 0 0 0 0 0 0 0 0 0 0 0 0 0 0 0 0 0 0 0 0 0
5.77564715348453 0.454392729672438 3.37107479111534 0 0 0 0 0 0 0 0 0 0 0 0 0 0 0 0 0 0 0 0 0 0 0 0 0 0 0 0 0 0 0 0 0 0 0 0 0 0 0 0 0 0 0 0 0 0
4.48998393317847 0.295364878535605 5.11135985761505 0.00634859368139795 0 0 0 0 0 0 0 0 0 0 0 0 0 0 0 0 0 0 0 0 0 0 0 0 0 0 0 0 0 0 0 0 0 0 0 0 0 0 0 0 0 0 0 0 0
4.62009413707845 0.857533770915332 2.88888806983329 1.44833102854855 2.65970719258883 0 0 0 0 0 0 0 0 0 0 0 0 0 0 0 0 0 0 0 0 0 0 0 0 0 0 0 0 0 0 0 0 0 0 0 0 0 0 0 0 0 0 0 0
5.25410566761563 2.17562993363947 6.96140591376454 0.0359180663323983 1.33612315003507 1.40224496302142 0 0 0 0 0 0 0 0 0 0 0 0 0 0 0 0 0 0 0 0 0 0 0 0 0 0 0 0 0 0 0 0 0 0 0 0 0 0 0 0 0 0 0
3.92966343473081 1.43086180685168 0.566004487030972 1.169068535487 3.7828027565082 0.0255308911966158 13.4871892356777 0 0 0 0 0 0 0 0 0 0 0 0 0 0 0 0 0 0 0 0 0 0 0 0 0 0 0 0 0 0 0 0 0 0 0 0 0 0 0 0 0 0
1.10466771396599 3.15439086462046 4.82885736430467 8.10745581215222 4.00986362234086 9.65723677195914 3.87380665053258 4.93497316596019 0 0 0 0 0 0 0 0 0 0 0 0 0 0 0 0 0 0 0 0 0 0 0 0 0 0 0 0 0 0 0 0 0 0 0 0 0 0 0 0 0
1.72825145699786 7.90907310821041 1.55747775998507 0.561713521912315 2.00485894182391 2.84939140407441 0.910672135507476 0.821908236516527 1.48377343950224 0 0 0 0 0 0 0 0 0 0 0 0 0 0 0 0 0 0 0 0 0 0 0 0 0 0 0 0 0 0 0 0 0 0 0 0 0 0 0 0
0.0719532208057744 4.4805383120671 3.69093594371287 5.39024469946639 2.93093509679628 3.89391778643307 0.982042298395456 0.268288456540063 0.639939843505944 2.92278680123661 0 0 0 0 0 0 0 0 0 0 0 0 0 0 0 0 0 0 0 0 0 0 0 0 0 0 0 0 0 0 0 0 0 0 0 0 0 0 0
3.10694105806009 4.13297697625146 0.249464739274702 2.10911081960841 2.96642406096287 2.79475489615942 3.92153774929889 2.54987963488903 2.99954945181174 10.9840039034853 1.29656996946624 0 0 0 0 0 0 0 0 0 0 0 0 0 0 0 0 0 0 0 0 0 0 0 0 0 0 0 0 0 0 0 0 0 0 0 0 0 0
1.52711352949505 3.26235855339888 6.51150207884328 0.228372225245095 0.463254697528632 7.0043176389842 6.07978416777452 4.63533517377271 0.376792561699717 0.278071373356672 9.57251976913866 0.39262031735418 0 0 0 0 0 0 0 0 0 0 0 0 0 0 0 0 0 0 0 0 0 0 0 0 0 0 0 0 0 0 0 0 0 0 0 0 0
8.63521571185579 0.761209134408832 1.93152243531256 6.93106331647682 18.2504664230066 3.75438884124722 3.01358765732985 0.762200039736827 3.03671063399156 3.68062215950773 10.4107278580612 2.7647561830186 2.87976851999905 0 0 0 0 0 0 0 0 0 0 0 0 0 0 0 0 0 0 0 0 0 0 0 0 0 0 0 0 0 0 0 0 0 0 0 0
4.5981052299621 2.03483767665099 3.60782569881205 7.052528536013 0.961897644411947 1.22822239753539 5.47287078619163 2.18582676814114 0.296541015630043 1.25545313722736 3.33242659875082 0.649354108164517 3.57915243603351 0.796700081853881 0 0 0 0 0 0 0 0 0 0 0 0 0 0 0 0 0 0 0 0 0 0 0 0 0 0 0 0 0 0 0 0 0 0 0
0.931083870919519 0.310580447277749 8.85477451360045 1.81628202672868 1.58166958597228 5.74517360744417 5.53552381959046 0.796779988147544 1.78563189736516 0.59781534758813 5.57568008942051 0.542263961020279 10.4899292977072 0.0249369614836877 2.75936459680817 0 0 0 0 0 0 0 0 0 0 0 0 0 0 0 0 0 0 0 0 0 0 0 0 0 0 0 0 0 0 0 0 0 0
1.33411218312019 1.05371909242759 1.62999040322729 1.62421655627599 2.64309048374462 0.0195979336419362 3.22612785704862 1.73432263476542 0.431373701780468 10.2804824505177 1.32379165833866 2.06095252127156 2.66173735076452 2.61210405372682 0.0549852950311168 1.05124328496605 0 0 0 0 0 0 0 0 0 0 0 0 0 0 0 0 0 0 0 0 0 0 0 0 0 0 0 0 0 0 0 0 0
8.26672263998946 3.03054844920976 0.868608058452603 0.272409394907524 0.874775004136528 1.80856479733395 6.24904462306783 3.82536838889198 0.835617461000908 1.27634082540614 2.28111497392012 2.25758223442517 3.08267639690013 4.21039393444824 0.719080108651952 0.882297666043366 0.666068146332009 0 0 0 0 0 0 0 0 0 0 0 0 0 0 0 0 0 0 0 0 0 0 0 0 0 0 0 0 0 0 0 0
2.99045972831071 0.173714199363853 3.1454507458681 1.10498497014857 0.304418356115169 3.7155249022949 8.68069581617766 0.067402332244314 0.72317506445661 0.256556983760641 4.5281503255267 1.06186177781057 3.98945689047887 0.617845248341498 3.77243898801696 0.0774288694720969 1.53540040661712 2.43748873726546 0 0 0 0 0 0 0 0 0 0 0 0 0 0 0 0 0 0 0 0 0 0 0 0 0 0 0 0 0 0 0
0.808112670287128 1.92354745873919 1.63035293707934 1.01294376675422 2.49684041828772 3.23810525847397 0.745566223185691 1.86393624770686 2.81629859410508 1.76246210093769 4.04501381866322 0.56102799927077 0.765506425208543 3.76411859510057 2.56507544843197 1.83201601589982 2.74294998528354 0.854782493504046 3.45607664784912 0 0 0 0 0 0 0 0 0 0 0 0 0 0 0 0 0 0 0 0 0 0 0 0 0 0 0 0 0 0
0.289114374566242 5.04775456703663 2.73342728176325 0.428700972639877 5.15718564365651 3.05942011779941 0.96603751489532 2.74692413414852 1.10207741849045 3.05138521813299 2.91951422489975 0.18525401199034 0.0870791647901175 3.28935451219115 2.72269871038414 1.71838644260305 0.701884369147293 0.588304970771734 4.60067369115803 2.42520175207429 0 0 0 0 0 0 0 0 0 0 0 0 0 0 0 0 0 0 0 0 0 0 0 0 0 0 0 0 0
0.877480377270505 2.13415151219467 3.95944325538168 4.42671354158502 3.98696773306394 0.427734798906327 5.97683284770288 1.37504193720835 0.129856609823332 3.68543466498949 0.388990201513907 1.39258711079726 4.11633135236533 5.5066912115263 1.71923431885671 1.82338941127398 2.66091058603815 1.94898559792527 2.00725240759871 0.53264895436666 3.77025727208815 0 0 0 0 0 0 0 0 0 0 0 0 0 0 0 0 0 0 0 0 0 0 0 0 0 0 0 0
0.34948661261352 0.8837354044651 2.90400011521199 3.36968841429447 1.46892389876185 4.04820523154224 1.51650295644436 2.29768934661253 0.146302931129059 0.970995868908774 1.00448117553917 0.252514320948493 0.663599892283183 3.07973130026513 2.37722165650299 10.9342835523159 2.20936534549705 0.778998341092155 2.55210418817938 0.0509915344925379 3.87546304897462 2.92821333454658 0 0 0 0 0 0 0 0 0 0 0 0 0 0 0 0 0 0 0 0 0 0 0 0 0 0 0
3.03425436232394 0.474332364448344 2.42809026921042 1.4646358560769 9.00384131950101 4.07739731098279 0.348943412614643 0.0358226118318429 0.189253333051463 5.72810799202064 3.85535303979984 5.20503329408129 4.61439454867456 1.05446618418027 3.12634512119237 1.60968704938441 3.25877142370811 6.7202681790142 2.69793208586914 0.996546167667177 2.48852132306554 1.76506196761661 0.302556273527946 0 0 0 0 0 0 0 0 0 0 0 0 0 0 0 0 0 0 0 0 0 0 0 0 0 0
0.607216653808193 0.118933144836901 0.49557852572183 3.14265537774614 6.76190933202475 0.637432692713024 10.1175598161184 0.40997117524711 0.0662325256560393 3.18162405279659 0.456134006073271 2.00790077921979 1.4702343329765 2.06654235146647 0.767880868097077 1.74474898503394 5.48172113768822 7.99761871678638 1.36436632573377 2.89176237028319 1.14365673618628 3.01379905106517 0.357930508106043 0.223146539598995 0 0 0 0 0 0 0 0 0 0 0 0 0 0 0 0 0 0 0 0 0 0 0 0 0
1.45814947114287 6.83041365190075 0.809650182081699 0.231736570990002 0.648856517355087 0.779461731882747 1.77939592207097 1.15810864357745 1.01338430567139 0.582747861536477 0.0355472990389439 6.68926991899937 2.39465301393383 5.53130833456777 3.76989754137518 1.62249083308536 1.98336249180452 0.570195132832392 3.58275913606128 5.13135168682597 5.51188726334218 3.64480224559049 5.83133121820376 0.612335404862212 0.0349994562696792 0 0 0 0 0 0 0 0 0 0 0 0 0 0 0 0 0 0 0 0 0 0 0 0
0.172264065385568 3.08282130041172 4.57804148002526 5.9466600951253 1.47354719012253 0.61894844286737 7.75534823690747 1.53746549260629 1.94895902133761 0.556236417654935 13.4360777247924 0.392657006855924 3.55346496965213 0.620006013878021 3.94168254763008 0.294328342969825 0.205510765588342 2.20490551220742 0.788981437284185 0.686838411906264 0.341661624146686 7.02144111537071 0.434040255233135 1.73708615979196 2.18728106803043 4.10567215498521 0 0 0 0 0 0 0 0 0 0 0 0 0 0 0 0 0 0 0 0 0 0 0
1.14906491243333 1.4193790487343 0.744074567075078 6.17276038483574 1.68729827460664 1.28134875014675 4.06428151851151 3.58812792125093 3.07340604508797 0.0634452496241661 0.863182966439299 0.685038808705643 0.52789384228851 5.71281065801856 2.44881487027186 0.0892163597388765 3.56530152975175 0.785194039599041 2.66113030805522 1.63003590014275 4.25835144145958 0.454571887689483 5.85467188115078 1.32242345174078 3.52997047350405 4.19388790020192 0.192708465944633 0 0 0 0 0 0 0 0 0 0 0 0 0 0 0 0 0 0 0 0 0 0
1.16774918199996 3.49342242980215 3.10484684300447 3.52849177679791 2.02705097958736 2.90821401611118 3.43073627733407 5.54183580412734 2.93933167148232 4.31072724104204 8.97246521801996 0.176256553668068 3.14007214937554 1.30480884405288 1.13962589318194 0.236278693891797 1.48222434766525 0.251725308385193 0.0319890529035476 8.0426495496245 3.22112185132284 0.696257812602015 4.28448682312751 1.71233625741592 1.18667273461743 0.33735287636971 1.19789203287928 0.742739043874302 0 0 0 0 0 0 0 0 0 0 0 0 0 0 0 0 0 0 0 0 0
1.45533207057129 0.737533076977988 1.48470456562973 1.02830028234193 0.245351051863951 0.937226940918739 1.35753277559558 6.16892828828393 5.00739495455383 4.37334138468505 1.24827231065287 6.02085796027374 2.74000230442005 0.529781672252481 0.177573670494724 1.04360843453589 0.0884536662356986 1.24626932635454 7.64264734122388 0.245316454041554 4.38220747067538 0.80991306703775 0.387797533163447 0.730911604853018 0.867369783566629 1.87629315334013 0.296139071163292 1.8727773557488 8.74217632267261 0 0 0 0 0 0 0 0 0 0 0 0 0 0 0 0 0 0 0 0
0.979999036280625 0.0914573819758152 0.766372076478691 1.08938417654494 0.171357718898488 1.24111380370615 0.21661361611116 2.3057654216689 0.328017349886388 5.46138367301568 2.50294907298327 1.72364417028886 5.48487650975115 4.17063060662958 0.772767019739858 1.73093929688188 0.150034098689383 1.59897109976532 3.92301554997707 0.376957309931987 0.432562509255402 0.508761086793228 1.54022542354137 0.469748100589629 0.823400672167867 3.32774813433588 2.11574253437311 1.21594171930873 1.16404636136344 1.38723470049646 0 0 0 0 0 0 0 0 0 0 0 0 0 0 0 0 0 0 0
1.84776122922985 1.80746414747965 1.17883775472203 3.43193588993214 1.40602710825403 3.24798273047329 4.17999357927983 0.55212471468891 0.484156882538786 1.14288124221774 1.95949777254901 0.398100145205535 5.45635558252287 4.67105391037396 1.06155793203109 2.86623127202199 1.79316509406191 0.479556809458564 0.0930921124706196 0.15300627725328 0.605984473425763 2.95325392232946 0.102124694370238 0.32740937922952 2.63280577552631 3.22921344165154 0.717404651645257 0.984898056003861 4.60704379753167 0.0874462167753748 1.94211884806747 0 0 0 0 0 0 0 0 0 0 0 0 0 0 0 0 0 0
5.40914758200123 0.621589621250156 11.8386186263709 4.299489490765 2.71901278347749 14.2403067608019 0.215629856244974 1.42202148376954 8.72204150904521 0.275580408422924 2.18546403530454 8.6939010243379 0.49809893937107 5.6492958716342 5.7372804114091 1.64995148539947 0.657821836804132 7.65453047309434 5.8598523301037 0.61405041027565 5.30937660973105 13.6269577394474 0.720430962983741 6.18477307669318 1.23717858641374 0.697712865414546 1.58418105641393 1.33535466215553 0.960397580420327 1.50715705585046 6.7235191599249 0.945128485470844 0 0 0 0 0 0 0 0 0 0 0 0 0 0 0 0 0
0.473686515493242 1.27534681772975 4.10990468550971 1.79409851806819 6.45552488773413 1.45691528096018 0.285732534473607 4.72854297338945 2.28894852216097 6.93022187263039 1.46503371180491 0.67478489745483 0.119608082011469 1.26886351171691 6.06939543220962 1.21396730428606 1.13370148404177 1.01927080901626 5.0563750600479 0.680853340832776 0.0766670381670325 1.19645584952498 0.651823443010445 0.447498074321138 1.87881470198515 0.653662868137307 5.42880339891368 8.57706116129989 5.09393162175301 0.0333663060057051 0.546057388319638 2.65878718277436 0.0491894844403154 0 0 0 0 0 0 0 0 0 0 0 0 0 0 0 0
3.30494204786602 0.00177468730845574 0.798425785692599 0.0732505127994153 1.13229185858275 0.916678986662033 5.53675225569526 4.4795466570794 0.309341854868229 0.0536958704524421 0.956059070549494 0.387563990262633 5.11940118231136 3.28404966531094 0.0751669161112033 0.315014130445053 1.21891302630351 2.92662730804087 3.30478210406143 1.29704847112111 7.62500621724494 7.53377001362742 0.381945438864417 6.23970628671482 4.57184084549451 0.195608586460925 1.96489471923861 3.68991320846948 3.40202517554681 0.101164612761543 9.51195383943082 0.905383934409441 0 0 0 0 0 0 0 0 0 0 0 0 0 0 0 0 0
0.61964676739495 1.10452753790119 8.28566966749189 4.33121977970174 1.13665057434685 5.78185475689521 0.630073588346443 1.98075186025914 5.41030096435721 5.63201929985727 5.33504417608039 6.23401633513027 0.632209077803704 1.23750164622028 8.58022204719773 1.03545093505417 1.46506893583332 0.510017084879468 6.2013114410926 0.518833955049982 1.80005713291918 12.3889819693607 0.122397750261316 1.90346409856263 0.420696412988599 0.410690008920323 2.06486498113207 0.772468622016645 0.266135261326845 0.22342743630657 0 0 0 0 0 0 0 0 0 0 0 0 0 0 0 0 0 0 0
0.214105581935137 0.367111496985673 1.54988429677236 5.68648695151539 4.30385473568023 0.892787964493822 0.698204399488627 2.77847893916263 0.729827899606599 0.295169998241102 1.29849053616461 5.01137406508881 2.14011266860553 1.28797074559814 1.74343926545895 6.25633783749987 1.5327245017022 2.73671664361272 0.926519096149524 0.0308760765282491 1.64864057354858 0.095227285090845 3.60531420101746 1.20343362623945 0.0756085890534388 3.60102624685524 0.686227957567024 1.33975659168954 0 0 0 0 0 0 0 0 0 0 0 0 0 0 0 0 0 0 0 0 0
1.49277938423783 3.42760429844428 1.16191198554725 1.63687088009554 1.021049198251 1.53042438086684 2.37206479164851 1.83643282928783 5.34911693894194 3.14073984656647 2.38923540872671 0.164274141391331 0.306490983578148 1.31709554402668 4.1026998292295 1.17794877854895 2.21525717778595 0.403973606713702 4.95419602390537 1.67812173443937 0.384173621044906 0.975305162528075 1.65488462299677 0.597804267945167 8.90761579806382 1.98669452906891 0 0 0 0 0 0 0 0 0 0 0 0 0 0 0 0 0 0 0 0 0 0 0
0.366761822711161 0.201399262342592 2.11764424223242 3.30706754668715 0.509974761683593 5.76919415302613 0.153558711120072 6.15937091187264 5.04852627306587 1.35185050045919 0.00621014466550411 2.91125152404151 0.3082536623232 0.122261634795035 7.19574683925486 1.57503357835381 1.04416346790962 1.07813095062444 3.5913005078868 0.444228944143923 0.766021576764331 5.1364543779164 0.0956753257279489 24.2498506612909 0 0 0 0 0 0 0 0 0 0 0 0 0 0 0 0 0 0 0 0 0 0 0 0 0
1.44002673434766 4.74411482480751 0.381626009662221 1.2371561713917 3.58318483918441 2.20342335447122 3.67396140963331 1.97334763183134 2.99229405295414 1.6230409700122 1.69250970921859 2.03287642102078 3.05871434177885 0.07464735658941 0.588809847609987 0.487635766074897 4.50592312663925 1.61321924189864 3.95790366574738 1.35328210719203 0.0817882022113101 1.36525039688323 0 0 0 0 0 0 0 0 0 0 0 0 0 0 0 0 0 0 0 0 0 0 0 0 0 0 0
0.37664439124141 3.1494340489322 5.34692532751484 2.86868246824504 0.0212729334275621 7.45910563289822 7.44056827911247 1.87630415554697 0.2774192068213 0.00466100520053695 0.497100674883542 3.1078480520469 5.76827904931359 0.702610525901324 1.23112080427797 4.63597538793159 0.44112918887846 0.630866299762608 1.51488533462283 0.263196860448137 0 0 0 0 0 0 0 0 0 0 0 0 0 0 0 0 0 0 0 0 0 0 0 0 0 0 0 0 0
1.25889881247221 3.27769068093614 0.871092099562603 0.736253323458947 0.522071239008393 2.39170964884084 1.27335622235568 3.02488348093504 0.702554726712511 1.67346595371329 0.927290359043137 2.27222205038587 2.08273268519966 0.239524930533666 2.96351389617975 1.01959777264783 0.272958430981022 1.38167158867083 0 0 0 0 0 0 0 0 0 0 0 0 0 0 0 0 0 0 0 0 0 0 0 0 0 0 0 0 0 0 0
0.852893987041202 2.00916658867878 0.605617538599981 0.539262412548728 0.687814723011949 6.35101185304665 0.43236441832666 2.90977953926271 0.789230265212536 9.2462076204656 3.50581058774902 1.64709493206611 0.26863402899439 4.61829105433085 0.120823977681542 1.45798697448408 0 0 0 0 0 0 0 0 0 0 0 0 0 0 0 0 0 0 0 0 0 0 0 0 0 0 0 0 0 0 0 0 0
4.88997553981342 4.53469390802921 8.81880596681856 13.5222236923974 6.72491059483477 1.22960983818251 4.81868593792811 1.04341011250593 0.941823936373698 5.65474244840325 4.30245354195875 3.16074340987551 6.94307326227194 5.29852198824907 0 0 0 0 0 0 0 0 0 0 0 0 0 0 0 0 0 0 0 0 0 0 0 0 0 0 0 0 0 0 0 0 0 0 0
0.142399519958534 2.40362693107633 2.72626815080017 0.173523564459329 0.527670551256244 5.12004915381078 2.78944822508478 2.60113703210939 3.59779130520213 2.51643234640198 1.26392167925817 1.02955942994297 0 0 0 0 0 0 0 0 0 0 0 0 0 0 0 0 0 0 0 0 0 0 0 0 0 0 0 0 0 0 0 0 0 0 0 0 0
2.36000549107346 1.01860309471034 0.134915875485203 0.224486875926412 4.72885743154179 0.363612910078362 4.17210221474469 0.449474323867927 4.91778477829583 0.104388631931682 0 0 0 0 0 0 0 0 0 0 0 0 0 0 0 0 0 0 0 0 0 0 0 0 0 0 0 0 0 0 0 0 0 0 0 0 0 0 0
5.34788433348142 2.49571235470627 3.71215435053653 6.05667898075826 0.00655927365107577 0.959764468162154 7.74416007148824 2.46308195823055 0 0 0 0 0 0 0 0 0 0 0 0 0 0 0 0 0 0 0 0 0 0 0 0 0 0 0 0 0 0 0 0 0 0 0 0 0 0 0 0 0
0.866234952157102 1.65561158132984 2.52561435286065 0.0455103165494641 6.45677051355802 0.166483771188958 0 0 0 0 0 0 0 0 0 0 0 0 0 0 0 0 0 0 0 0 0 0 0 0 0 0 0 0 0 0 0 0 0 0 0 0 0 0 0 0 0 0 0
0.320948778079649 7.26419610003391 3.11202902078445 5.41972112551806 0 0 0 0 0 0 0 0 0 0 0 0 0 0 0 0 0 0 0 0 0 0 0 0 0 0 0 0 0 0 0 0 0 0 0 0 0 0 0 0 0 0 0 0 0
1.09788238007079 0.0576994193539788 0 0 0 0 0 0 0 0 0 0 0 0 0 0 0 0 0 0 0 0 0 0 0 0 0 0 0 0 0 0 0 0 0 0 0 0 0 0 0 0 0 0 0 0 0 0 0
