1.70068346869772 0 0 0 0 0 0 0 0 0 0 0 0 0 0 0 0 0 0 0 0 0 0 0 0 0 0 0 0 0 0 0 0 0 0 0 0 0 0 0 0 0 0 0 0 0 0 0 0
0.447346828957128 0.765042127259155 0 0 0 0 0 0 0 0 0 0 0 0 0 0 0 0 0 0 0 0 0 0 0 0 0 0 0 0 0 0 0 0 0 0 0 0 0 0 0 0 0 0 0 0 0 0 0
0.995670837045534 0.40354757134142 1.18340277553882 0 0 0 0 0 0 0 0 0 0 0 0 0 0 0 0 0 0 0 0 0 0 0 0 0 0 0 0 0 0 0 0 0 0 0 0 0 0 0 0 0 0 0 0 0 0
8.33091822003284 0.0176856532309553 4.02374008771996 2.88900234055905 0 0 0 0 0 0 0 0 0 0 0 0 0 0 0 0 0 0 0 0 0 0 0 0 0 0 0 0 0 0 0 0 0 0 0 0 0 0 0 0 0 0 0 0 0
0.710387389342533 2.42101239998053 1.47366705226224 1.32019138319117 1.46483094427644 0 0 0 0 0 0 0 0 0 0 0 0 0 0 0 0 0 0 0 0 0 0 0 0 0 0 0 0 0 0 0 0 0 0 0 0 0 0 0 0 0 0 0 0
2.12022845109145 0.901885797540492 2.64722138813076 0.611749931906251 4.99509672220804 2.09177339194931 0 0 0 0 0 0 0 0 0 0 0 0 0 0 0 0 0 0 0 0 0 0 0 0 0 0 0 0 0 0 0 0 0 0 0 0 0 0 0 0 0 0 0
0.846326923974071 0.0663385357974476 1.38473391895955 2.63268581124512 8.90927325964687 2.42261620993642 0.695864507139277 0 0 0 0 0 0 0 0 0 0 0 0 0 0 0 0 0 0 0 0 0 0 0 0 0 0 0 0 0 0 0 0 0 0 0 0 0 0 0 0 0 0
3.18167323996488 3.20440545591568 1.50351677031342 5.8349229337123 1.37031432734247 1.30358870704171 5.10484870153267 3.77063701099683 0 0 0 0 0 0 0 0 0 0 0 0 0 0 0 0 0 0 0 0 0 0 0 0 0 0 0 0 0 0 0 0 0 0 0 0 0 0 0 0 0
0.00423231781809113 5.94280054823075 3.82129173745048 2.73816416400116 0.526020204215317 0.0942484871716456 1.63258704010559 3.13849453454812 5.67014234608355 0 0 0 0 0 0 0 0 0 0 0 0 0 0 0 0 0 0 0 0 0 0 0 0 0 0 0 0 0 0 0 0 0 0 0 0 0 0 0 0
0.977553095598716 0.501505141685837 5.41551007618617 4.58130262855264 3.00716733862735 4.16662304553769 1.3782580273905 2.04629662042819 1.37526741166824 2.87898071522956 0 0 0 0 0 0 0 0 0 0 0 0 0 0 0 0 0 0 0 0 0 0 0 0 0 0 0 0 0 0 0 0 0 0 0 0 0 0 0
0.632850123841403 3.86251224586469 2.04264950684695 2.1808675837044 8.64330904453835 4.75787219496472 1.0471376802916 6.52420434091073 0.692682681371105 3.55303151275829 2.14301594999362 0 0 0 0 0 0 0 0 0 0 0 0 0 0 0 0 0 0 0 0 0 0 0 0 0 0 0 0 0 0 0 0 0 0 0 0 0 0
0.924784677085414 2.37856151741503 1.53529664909603 1.49937117740768 3.08332420100073 1.64086802360023 5.34749380318157 2.23019743764601 1.53042150457312 1.55464981959468 1.35897108746535 2.69604394292103 0 0 0 0 0 0 0 0 0 0 0 0 0 0 0 0 0 0 0 0 0 0 0 0 0 0 0 0 0 0 0 0 0 0 0 0 0
4.35281564219306 2.21370067967583 1.77347447151739 0.699462601300667 1.45051226953349 14.9302198857219 2.07237421249656 0.570797847982792 0.759122602609422 0.170325383791151 12.1282663117986 3.972416539612 2.15870264119125 0 0 0 0 0 0 0 0 0 0 0 0 0 0 0 0 0 0 0 0 0 0 0 0 0 0 0 0 0 0 0 0 0 0 0 0
1.89067423979043 3.05566037571083 1.84484743765655 2.08261981426109 4.17350771160289 1.13309520909398 4.09450955103544 5.83012531944988 6.31268217546161 2.14185459201812 2.42033022145881 4.94646384014117 0.864996338864287 1.67105945877615 0 0 0 0 0 0 0 0 0 0 0 0 0 0 0 0 0 0 0 0 0 0 0 0 0 0 0 0 0 0 0 0 0 0 0
4.54802374680368 0.0962128578240461 3.33674909287249 4.16140790957284 0.354216920549931 4.74238628902624 0.750511756541276 0.423008590904338 0.342821610422553 2.25854733027784 5.83534503847577 0.0184042661989191 0.356755889080176 1.22912508797837 1.7909966564661 0 0 0 0 0 0 0 0 0 0 0 0 0 0 0 0 0 0 0 0 0 0 0 0 0 0 0 0 0 0 0 0 0 0
1.5919471931884 0.0584040597617337 1.31195236715558 2.99296577484654 0.623759795571988 2.14118363379621 2.02624362411013 0.765538926582476 2.62289233559519 0.441441815537477 5.15593389343978 5.70525862784641 0.840550928069748 0.817419215626597 1.29290575940976 3.40743387396044 0 0 0 0 0 0 0 0 0 0 0 0 0 0 0 0 0 0 0 0 0 0 0 0 0 0 0 0 0 0 0 0 0
1.08662139493119 4.01250722964817 0.93811392453322 2.90813240333108 4.13589447329385 0.0604420816552456 5.04186639479519 0.400549892255922 2.96106464881173 0.81245622750885 0.662910727342577 1.81625353866513 3.05491258127843 1.39865336751494 5.63549662443855 2.49956899059223 6.08915392051638 0 0 0 0 0 0 0 0 0 0 0 0 0 0 0 0 0 0 0 0 0 0 0 0 0 0 0 0 0 0 0 0
10.7120096002613 1.11300738158443 3.70880443236786 2.50377283854548 0.149749767277114 4.21493000644253 8.85736068671096 4.42194568756309 0.535495194304701 1.17985336164915 2.80773297462205 4.39488563602276 2.97796562201651 0.579498350929012 12.4401070555057 4.21747348268121 6.37395474367412 1.13393070680172 0 0 0 0 0 0 0 0 0 0 0 0 0 0 0 0 0 0 0 0 0 0 0 0 0 0 0 0 0 0 0
0.162660410931067 1.02522115195924 1.34312440371719 2.49956111663591 1.59941288901456 1.74251665999001 2.29041261844403 6.8619563149192 0.602639975719869 1.30488135345612 3.20001835342961 3.41761342385558 0.883024667733103 0.33217986730765 5.73064673339527 10.7331439535052 1.56467457231808 0.0524235180507478 3.12015122681284 0 0 0 0 0 0 0 0 0 0 0 0 0 0 0 0 0 0 0 0 0 0 0 0 0 0 0 0 0 0
0.46641681969832 2.25317890007967 1.33046357600718 2.13868006884656 5.33068071995878 0.156217339173265 8.3784506869431 2.32624111790793 5.97977626130419 3.24214114917535 5.75907987014961 2.51189510670026 3.49048846843536 5.85755259429974 3.64020804116084 3.05083895826559 2.71138655954873 1.50740472532628 2.90555134850056 10.6330826462172 0 0 0 0 0 0 0 0 0 0 0 0 0 0 0 0 0 0 0 0 0 0 0 0 0 0 0 0 0
1.5896526014329 0.817760152243471 1.18917266969954 1.65568837753878 1.02730748452407 1.67137392619849 0.166495553070381 0.994106666105583 1.30094456379228 2.03660605817908 1.55735375166678 0.221031219869946 3.54785826007313 0.827468671315417 0.50797002524378 0.575739526170553 3.49520186713894 2.60217290417923 0.771772814931747 5.58686918152163 0.195094071619405 0 0 0 0 0 0 0 0 0 0 0 0 0 0 0 0 0 0 0 0 0 0 0 0 0 0 0 0
0.280153691013006 1.03033854820673 2.64677499517414 7.26057132186774 3.38248393479999 7.64220661312712 1.14421549880049 2.5883147010098 0.928322822689525 3.15529549271634 2.57389131508934 10.0784272793578 1.72529432371325 7.27857518828067 1.85289769729046 2.9359517312132 1.49529651283153 7.17623241441904 8.7416177064608 0.632700118473571 1.27094123033028 0.0393322006038189 0 0 0 0 0 0 0 0 0 0 0 0 0 0 0 0 0 0 0 0 0 0 0 0 0 0 0
0.514775815324802 0.542382705948155 1.98565821511031 2.88666544903436 4.98214248737492 7.52018947653389 17.6857264867575 2.27958807014154 3.51344196759233 5.11621784720623 0.0810523376917353 1.65771191752864 0.0495881607874046 1.78572523039688 0.283354338847623 2.06909508112384 1.13769724337851 0.764545094284446 2.33825781781683 2.01556379453561 1.76130684553873 1.98784235542485 4.16954909371338 0 0 0 0 0 0 0 0 0 0 0 0 0 0 0 0 0 0 0 0 0 0 0 0 0 0
1.24873334035467 0.177584279023702 1.18040866281664 0.0537654576365399 1.33394461896779 3.19984649001257 1.50409902741576 0.617147746169223 1.4924568175825 3.0800645979052 3.65599543569985 1.07837404259494 1.67003560876622 5.18066138724868 3.38790711603619 4.16463645481026 0.0929132212514192 0.121927212131858 0.277940475613044 1.78833318497535 4.90423906891757 1.19965909208672 2.17036600875716 2.80931736687223 0 0 0 0 0 0 0 0 0 0 0 0 0 0 0 0 0 0 0 0 0 0 0 0 0
5.55864086874726 0.100467885639298 4.90382416425915 13.0695030557116 10.2584798045479 3.92804370387068 2.2395792043847 0.583891893365372 1.8288912292661 1.21352208331923 6.9524587385689 0.0348501401515944 0.832461700212146 3.06317133528293 3.89323578059346 9.20471113673405 0.594064006333981 2.33439238744496 0.152895605742878 0.315802113050606 0.761852134594152 5.13570270938311 0.927746825797468 5.0854483725641 0.482272632655685 0 0 0 0 0 0 0 0 0 0 0 0 0 0 0 0 0 0 0 0 0 0 0 0
1.3802145401429 0.504080539201201 0.811823163368661 1.25045072390914 2.37957390048308 0.1072913444361 0.0315289563175956 8.457583081137 3.72871332939342 0.496280409921656 1.08867200661041 3.56280416270232 2.38866954671272 1.61477841594307 0.427259600803428 2.61529577588916 3.05806830157686 3.69887490876594 4.73489786109976 0.494840239577966 6.19186173116263 1.6442714497605 0.712626589271801 1.45645016732246 0.4624427612376 4.60754170730648 0 0 0 0 0 0 0 0 0 0 0 0 0 0 0 0 0 0 0 0 0 0 0
0.300737879189948 0.500269884921795 1.64603824072897 6.1082929653035 4.6590647340344 1.90051247995155 4.03189201739118 0.510930287452221 1.59809711523371 0.745215589373456 0.192440058296844 3.16331951111953 2.72720640557452 1.93038617491932 0.840760519816632 1.38192930893776 4.65404777120428 0.349853493357713 3.80967245162964 6.16746491240334 1.08163358542707 1.35905960542179 2.93428390688049 4.2210633513837 3.05434827709497 1.23129072856958 0.840494638638272 0 0 0 0 0 0 0 0 0 0 0 0 0 0 0 0 0 0 0 0 0 0
0.243108667092756 2.34934926530064 0.780271152886853 5.61280739142938 0.566793159940148 0.58558485275033 4.62983886018291 4.75787378782385 5.38159328429146 1.35142996723751 1.7760466202462 1.40316867013681 2.52197895018445 2.6927001753677 2.55759102725099 1.1447381832338 1.73208024949841 1.06074952494335 7.69151395466571 6.6665781885631 2.20346245453782 1.96325054762078 1.49519420143124 2.00536343323746 14.5924377137841 1.26878745599508 1.2731839850136 0.0601318286546678 0 0 0 0 0 0 0 0 0 0 0 0 0 0 0 0 0 0 0 0 0
8.29328974012009 0.457678497833096 0.226437891233732 1.9825907056351 3.6253443429423 0.214189537040711 15.5869725122017 2.93793401074533 0.309611617685141 3.73327832353857 1.36272646721282 2.2148441568829 1.29390298467941 0.856132324273341 4.42947223661885 0.483140827353823 0.804102830913223 2.76830639374458 2.02723593278566 0.731242128696033 1.68170566572337 4.98932921762518 1.68609866190252 1.07869846836341 7.09527912398744 2.99615151753551 3.47655698042975 2.00062295548565 0.96554745339455 0 0 0 0 0 0 0 0 0 0 0 0 0 0 0 0 0 0 0 0
1.69359892777459 2.5118567976493 2.52436855649349 11.7422321929424 1.84802907312071 4.12393633298369 6.52603684646801 2.52272836779179 3.24309208154085 2.19794261751684 0.483779666785844 3.86990405470481 6.84867266342942 1.60999057631338 1.56734700598416 4.59096807341118 0.749607836064557 3.96059145961964 1.84891543590513 0.428045049981598 1.12970062476503 2.39104245760529 3.57600935646661 0.0297767486626729 1.53949809597356 0.880561482483347 2.25277966220141 4.34812766794262 1.78478503342331 7.60465852895357 0 0 0 0 0 0 0 0 0 0 0 0 0 0 0 0 0 0 0
0.341262113173533 0.886010708512822 0.28888627432597 0.786126461280691 6.18322591482258 1.52928138707472 2.78768080002967 0.209365730551785 0.884888346291045 0.0115390921289018 0.258001537884052 0.456497003600923 8.29652214636406 0.483211729935043 1.24404178754157 4.29859476780457 2.93000716956809 0.722054141269175 1.429647337505 2.45657687159563 0.354175972553309 2.18453552069148 0.43701877743312 1.64692484140586 0.924599559588607 0.120088823869217 0.184000686765486 1.90545892713975 0.929302264909637 1.23219544493892 4.65727305209973 0 0 0 0 0 0 0 0 0 0 0 0 0 0 0 0 0 0
0.740200809965839 1.13385672359556 7.41823580682361 0.973432981128146 0.304493693776001 2.57327666622724 1.60679782599909 0.246880978517188 5.65783607764657 1.01798665301557 5.38837291299087 1.39558600095746 1.702892687091 0.446717917684111 0.648360541481435 3.73189146399918 0.929621116004508 1.27248936159151 0.30560472349787 1.65240011558925 7.35156648297822 0.138849780403585 2.96689299227093 0.809453083320883 0.542043074032602 0.210431602621382 2.54106741407568 0.261447019257022 1.71863802216846 0.915537138900272 1.75130783554974 3.20243711016216 0 0 0 0 0 0 0 0 0 0 0 0 0 0 0 0 0
10.3406389846483 6.09894038427382 3.12342577421193 9.62254572321947 0.247511633760692 4.25969804315209 8.62186231726233 2.03087423993494 1.05898959560087 12.6733835667223 9.0526088829685 0.38058707188331 0.335466991712942 0.915421218403608 7.46476219570046 2.90013249069689 22.073169075621 6.43461076250463 2.26398136954768 1.50440848209512 1.01614459998364 2.13759264225223 7.15744362938226 3.72813031643257 7.59454402089319 3.59690890596484 1.45344257439218 2.71481400913606 10.9698420144056 5.21895797501384 1.40048347717852 0.0403664563558445 2.70740792526969 0 0 0 0 0 0 0 0 0 0 0 0 0 0 0 0
0.527791551900547 0.0252349845240714 0.00293571760418615 0.366978204375997 2.27399256997742 0.00398973885728933 2.93017873880519 3.4993868277677 2.20092585503402 0.269217503646969 0.33200925493768 5.74039456984107 3.78485844553337 1.77482527366167 0.474713147722927 4.30460438483704 0.00437518031812482 0.921456303257004 2.72232155725576 3.06563724030864 2.16283953709708 0.916936408308042 2.39538919608686 1.83696677500559 5.03295762817741 2.27978551876784 1.42597623363121 4.41262401714333 0.171982941704449 1.88658282151138 0.592463502356302 0.825801345852639 0 0 0 0 0 0 0 0 0 0 0 0 0 0 0 0 0
0.815306530351904 0.303497198682799 2.11930596335997 5.22954818478066 0.763131070205577 8.30293605757383 0.835211431853777 1.44430389197001 1.78079510136749 3.24415526222994 4.54791950582188 7.41272752730461 5.22776712780279 0.0941475601781769 4.12457549821976 5.76144062892835 3.75541591025662 3.0883215946294 4.80245567606041 0.929485633183256 0.460415462312471 1.20483259241519 2.02344788604487 3.49239664016877 11.8956892486662 1.06739693380613 0.212765462578377 1.10920259063345 5.55189998044884 3.5543252248677 0 0 0 0 0 0 0 0 0 0 0 0 0 0 0 0 0 0 0
5.824389310434 2.27362686754367 0.880475314913088 0.144368123682174 1.52121551164795 0.901382095743985 6.88813284306375 4.01733236363581 0.863282308340212 0.903544439340816 3.146592667851 2.4709417573643 2.14536723480511 3.13313402830928 2.24732934755835 1.95271849003513 1.78231540546637 0.733179705445879 0.110456553674757 0.233736309672044 6.08674618490206 3.72306050437396 1.71362690831767 3.38865412349109 3.55822889884657 2.71740916835804 3.45199980901087 8.03315902443281 0 0 0 0 0 0 0 0 0 0 0 0 0 0 0 0 0 0 0 0 0
2.25973186410106 0.140767103946412 1.38388656606584 4.25234368358379 3.94270283365616 8.9226411587402 8.08117859739605 3.32585934363098 1.85775571915023 1.00766697816254 4.9868051436167 4.64368996161761 6.87375925089764 4.16576039870393 2.67568074947974 1.63031540369411 0.117339520542664 11.3034524717538 0.476965284579938 2.40824282736785 4.6080581019661 2.74591618215223 1.49624298939353 3.54485843335477 0.977533133273947 1.73160807050125 0 0 0 0 0 0 0 0 0 0 0 0 0 0 0 0 0 0 0 0 0 0 0
0.42047036721342 0.406644881425154 3.883106893225 4.58027886598026 0.860355239544149 0.403373166835086 1.44889376625056 4.36349237482106 3.71123386269542 0.194059630211902 2.90807641512116 7.530837722508 2.25293616512498 2.82914770502919 4.5673284647035 0.245853040619767 2.47545900610549 4.03464576698836 2.28135979935311 1.68147523698298 6.23780680914679 2.55872552855663 2.16614008081518 4.32913447628701 0 0 0 0 0 0 0 0 0 0 0 0 0 0 0 0 0 0 0 0 0 0 0 0 0
2.00095964582935 5.71524718778802 0.851513266160928 2.75898312443321 0.839524578344889 0.748540107929599 3.66618765225789 3.03841416666486 2.4885741114153 3.17392199909554 1.0654235312941 1.40599234264054 3.17327080930808 6.23210533418961 1.15828880800434 5.0922329046738 5.18679579550229 5.78130659083373 0.615738846610127 9.42309982486361 5.95546557796354 1.65907029685142 0 0 0 0 0 0 0 0 0 0 0 0 0 0 0 0 0 0 0 0 0 0 0 0 0 0 0
0.119992023358071 3.94863328568242 0.106800111145615 2.02560630661695 0.978642585090388 0.390375115693044 12.6099257758416 2.46782562693359 0.101642848697547 0.476935721467949 3.77394949217199 4.49045984450234 1.80154476711622 7.27706479656914 2.68611816890024 0.258561242670006 0.42265365405928 0.697725287532578 1.8791496763216 9.16247727388712 0 0 0 0 0 0 0 0 0 0 0 0 0 0 0 0 0 0 0 0 0 0 0 0 0 0 0 0 0
8.53811440700692 1.91436311649344 0.016693000394729 0.314479877933253 7.48339472346462 5.50704451063508 2.16824489117518 0.492215383599692 3.3734630072897 1.99817291971953 0.89196579373016 10.4188812848244 0.106388579771312 2.78743717923174 0.326756368150119 1.22668244448724 1.58996026966746 4.46754271142028 0 0 0 0 0 0 0 0 0 0 0 0 0 0 0 0 0 0 0 0 0 0 0 0 0 0 0 0 0 0 0
5.08950969165493 1.66313319372597 1.37002314755911 5.15104418002038 6.5724478792727 2.01860546996451 7.18492016850728 8.02551407722514 2.64570888801936 2.61106876564765 4.84945535770188 4.54107723758182 3.58764016630055 0.932055689249491 3.44194742154579 4.8042577348376 0 0 0 0 0 0 0 0 0 0 0 0 0 0 0 0 0 0 0 0 0 0 0 0 0 0 0 0 0 0 0 0 0
6.46376566387116 2.21878303862708 0.776927994238612 5.03527502779975 1.48173324172233 2.37385272589726 5.25135727595963 1.92604107660485 2.37687243375824 1.65465329154265 0.555900788055338 1.94814389359471 9.51421023901583 3.61894105185102 0 0 0 0 0 0 0 0 0 0 0 0 0 0 0 0 0 0 0 0 0 0 0 0 0 0 0 0 0 0 0 0 0 0 0
9.38576079964382 0.0270487663622339 0.294395576033315 3.3876836615242 5.54492966308608 7.19332962404121 4.68526254133321 7.1413676825581 1.0024665614039 0.0922372526729372 3.89508912324486 2.98084653920358 0 0 0 0 0 0 0 0 0 0 0 0 0 0 0 0 0 0 0 0 0 0 0 0 0 0 0 0 0 0 0 0 0 0 0 0 0
2.8555314545724 2.08732497118356 1.59784384387367 3.00693020800114 4.20471456976324 0.758072492368286 0.908518636595073 3.73154367550902 3.72367023306265 4.96682576109206 0 0 0 0 0 0 0 0 0 0 0 0 0 0 0 0 0 0 0 0 0 0 0 0 0 0 0 0 0 0 0 0 0 0 0 0 0 0 0
2.20213191955114 3.46226052086087 0.39831088694774 0.928106073213626 1.96461062053396 0.968468077116679 0.666008740025881 1.72765411425955 0 0 0 0 0 0 0 0 0 0 0 0 0 0 0 0 0 0 0 0 0 0 0 0 0 0 0 0 0 0 0 0 0 0 0 0 0 0 0 0 0
0.329080200771936 0.0429019321752983 5.44022112745046 3.62637056384141 0.66648630214016 0.332260115270574 0 0 0 0 0 0 0 0 0 0 0 0 0 0 0 0 0 0 0 0 0 0 0 0 0 0 0 0 0 0 0 0 0 0 0 0 0 0 0 0 0 0 0
4.41538001658999 2.05325924233193 2.92534603820677 2.21922323958048 0 0 0 0 0 0 0 0 0 0 0 0 0 0 0 0 0 0 0 0 0 0 0 0 0 0 0 0 0 0 0 0 0 0 0 0 0 0 0 0 0 0 0 0 0
2.37600482931729 0.964005846264576 0 0 0 0 0 0 0 0 0 0 0 0 0 0 0 0 0 0 0 0 0 0 0 0 0 0 0 0 0 0 0 0 0 0 0 0 0 0 0 0 0 0 0 0 0 0 0
