0.910238108683235 0 0 0 0 0 0 0 0 0 0 0 0 0 0 0 0 0 0 0 0 0 0 0 0 0 0 0 0 0 0 0 0 0 0 0 0 0 0 0 0 0 0 0 0 0 0 0 0
5.93884295364876 1.83926842571781 0 0 0 0 0 0 0 0 0 0 0 0 0 0 0 0 0 0 0 0 0 0 0 0 0 0 0 0 0 0 0 0 0 0 0 0 0 0 0 0 0 0 0 0 0 0 0
3.17809411345238 1.43906220543245 2.61064872526423 0 0 0 0 0 0 0 0 0 0 0 0 0 0 0 0 0 0 0 0 0 0 0 0 0 0 0 0 0 0 0 0 0 0 0 0 0 0 0 0 0 0 0 0 0 0
5.00614390841447 0.87337133605674 2.77730093791549 3.32757422532394 0 0 0 0 0 0 0 0 0 0 0 0 0 0 0 0 0 0 0 0 0 0 0 0 0 0 0 0 0 0 0 0 0 0 0 0 0 0 0 0 0 0 0 0 0
2.87531776717033 4.17674690965935 2.71825092591701 2.17946274885332 0.256234145277861 0 0 0 0 0 0 0 0 0 0 0 0 0 0 0 0 0 0 0 0 0 0 0 0 0 0 0 0 0 0 0 0 0 0 0 0 0 0 0 0 0 0 0 0
1.98029558395142 8.73272975076421 1.04661843424129 15.882023855351 0.0629326429919518 1.48090308004727 0 0 0 0 0 0 0 0 0 0 0 0 0 0 0 0 0 0 0 0 0 0 0 0 0 0 0 0 0 0 0 0 0 0 0 0 0 0 0 0 0 0 0
4.242423373054 1.35715443782204 7.72526373845961 4.80715799987805 0.847717989532175 3.00697299390578 1.41021564868423 0 0 0 0 0 0 0 0 0 0 0 0 0 0 0 0 0 0 0 0 0 0 0 0 0 0 0 0 0 0 0 0 0 0 0 0 0 0 0 0 0 0
4.27545987138983 8.77807905145986 2.34838963121097 5.22126690704947 2.38872170533724 4.81789096204283 2.12030640869051 5.68471639509383 0 0 0 0 0 0 0 0 0 0 0 0 0 0 0 0 0 0 0 0 0 0 0 0 0 0 0 0 0 0 0 0 0 0 0 0 0 0 0 0 0
4.18555008356352 3.46524670599677 3.99832229523593 6.6390081164959 4.22571664560014 0.0287921568212447 1.95997072996537 5.61808267116065 7.28538164132082 0 0 0 0 0 0 0 0 0 0 0 0 0 0 0 0 0 0 0 0 0 0 0 0 0 0 0 0 0 0 0 0 0 0 0 0 0 0 0 0
2.08810371050514 7.17355581736162 2.77880657334635 7.14114416822084 2.41795349039398 7.49391665402661 1.01695156469734 1.28169409747349 2.90255645519509 0.660949508507364 0 0 0 0 0 0 0 0 0 0 0 0 0 0 0 0 0 0 0 0 0 0 0 0 0 0 0 0 0 0 0 0 0 0 0 0 0 0 0
2.53148806814581 6.70886637311546 5.47480485406683 0.820301728551824 6.5761390591363 0.66268798851231 3.10100405499849 5.67171131734756 1.41819211823373 5.84403525217528 3.77594135086562 0 0 0 0 0 0 0 0 0 0 0 0 0 0 0 0 0 0 0 0 0 0 0 0 0 0 0 0 0 0 0 0 0 0 0 0 0 0
4.24331694357163 3.91827463534575 1.87412113231374 1.83543043817222 0.756696621135634 3.27298819974163 7.28455028835224 0.244145908908955 10.6525949203744 5.4356786050669 4.22095911244458 0.952248868271846 0 0 0 0 0 0 0 0 0 0 0 0 0 0 0 0 0 0 0 0 0 0 0 0 0 0 0 0 0 0 0 0 0 0 0 0 0
7.54436464575795 0.868392736553255 4.09356529756683 4.12814673861772 3.61042371152789 1.99439261841793 1.92358941216176 2.16143169135387 2.29429779783117 3.05771228053108 5.06229088786317 2.55223958672138 3.73866184565063 0 0 0 0 0 0 0 0 0 0 0 0 0 0 0 0 0 0 0 0 0 0 0 0 0 0 0 0 0 0 0 0 0 0 0 0
1.25757948984455 4.55707887748295 3.10494081660717 2.16107117438096 0.344252616522656 0.717676850157698 6.14480819796693 2.84588488246035 11.8002542029848 1.13185247355386 1.98471024042497 0.08064140170842 5.18489808126169 1.94454898304187 0 0 0 0 0 0 0 0 0 0 0 0 0 0 0 0 0 0 0 0 0 0 0 0 0 0 0 0 0 0 0 0 0 0 0
3.02741188901302 1.91819550514059 1.03958110141133 4.43665104052233 2.9976928394813 13.7302523670213 1.54484102015331 5.19324558724241 4.12759988194941 1.31889993698632 0.926774633142794 0.815916763621994 0.784106136031583 0.989704015954342 1.82588387267739 0 0 0 0 0 0 0 0 0 0 0 0 0 0 0 0 0 0 0 0 0 0 0 0 0 0 0 0 0 0 0 0 0 0
3.1432984184275 1.00250436124423 1.11168599134143 0.9786408399533 2.93602774371073 3.95158756468785 0.884050973921771 2.56399017272391 2.001561050607 4.68822777889953 4.03496268050241 5.10019244542211 2.86691286522856 7.47530461081803 0.214584589325919 0.795451076535079 0 0 0 0 0 0 0 0 0 0 0 0 0 0 0 0 0 0 0 0 0 0 0 0 0 0 0 0 0 0 0 0 0
1.38838601460823 1.07424209373168 8.68289156676257 2.10484277055368 0.460245452668788 8.2615942734679 0.816659164021578 1.40966344227106 4.24163262753935 1.40475328525529 2.42210308786707 2.4106185021363 0.688431031350382 1.49788535030349 0.601398113322161 1.86014294033839 0.790719621994307 0 0 0 0 0 0 0 0 0 0 0 0 0 0 0 0 0 0 0 0 0 0 0 0 0 0 0 0 0 0 0 0
2.3210414782787 2.43005293835402 2.64583254579191 1.40659126245791 2.18642788776105 3.58591642454521 2.42091106401642 2.77880114215849 4.32747078415715 5.68351605081135 7.28447433091523 3.41238489907516 0.701429541138758 2.76812700100955 1.10357260763747 2.42223507653847 3.47467363202436 0.605311783347387 0 0 0 0 0 0 0 0 0 0 0 0 0 0 0 0 0 0 0 0 0 0 0 0 0 0 0 0 0 0 0
0.585372328032497 3.94522481864932 4.82164340049001 1.84551049621635 0.650632396020217 4.14768580684482 13.2590862698814 0.228395178895843 0.844072980937412 0.220638326929289 1.21922325864129 0.496304395742769 3.18495744436065 0.960758315197042 1.60456082477409 0.956951927853998 0.170043819846307 0.298144022449174 1.6501550847989 0 0 0 0 0 0 0 0 0 0 0 0 0 0 0 0 0 0 0 0 0 0 0 0 0 0 0 0 0 0
5.8443060883524 3.30167482381344 0.397444364844894 2.19244115350091 0.548675121458799 0.612533496148126 2.29145466339685 0.817438809166877 4.36590201109508 1.18715539279707 1.35425919393119 2.76099857209905 0.468764729796283 0.623064059489916 0.129198401269541 0.423671159231967 1.1243306616286 2.16174331442721 2.48022658242327 0.997852943637747 0 0 0 0 0 0 0 0 0 0 0 0 0 0 0 0 0 0 0 0 0 0 0 0 0 0 0 0 0
0.314742816401375 11.3214809404302 0.973887774410208 1.49077812811759 1.1844884221596 5.04865337091613 2.43674105256484 2.12480328295619 8.09211610465546 1.44414307534663 1.07222405809407 2.15843329843824 3.01754813559061 1.61100129779562 8.30505679895643 3.05688232054333 1.94298434494764 1.37022519108109 2.15631273517009 0.883966824452618 1.71109716106127 0 0 0 0 0 0 0 0 0 0 0 0 0 0 0 0 0 0 0 0 0 0 0 0 0 0 0 0
2.92411056166007 0.5755988229825 3.31180781309373 0.288243274479757 2.64997268582794 5.26025186600205 4.42192843074418 6.38067860757873 4.34585579110022 5.32618962549239 0.671998510427236 0.00264337729539853 2.69960706329018 2.95530966808793 3.61699776793097 1.802770169906 3.90587390965382 2.22940895203411 2.4626752613481 3.70456248003462 0.875008107291949 3.19828343000313 0 0 0 0 0 0 0 0 0 0 0 0 0 0 0 0 0 0 0 0 0 0 0 0 0 0 0
1.60103430234405 3.92282682663728 1.95850357295274 1.36004040272245 1.07383344731144 2.45800209179745 4.91572933195352 0.503507757599221 6.30668867349985 0.572327585336936 6.53708742474556 1.49894861275866 4.57973568045539 2.71739193442538 0.0549816141047835 0.901308378828921 3.38701997910467 4.40959679588267 2.7556956223125 1.66237960569824 0.210871246139157 0.636604836444923 0.557292628553591 0 0 0 0 0 0 0 0 0 0 0 0 0 0 0 0 0 0 0 0 0 0 0 0 0 0
0.624280224375057 4.66513234351554 2.47502996768193 1.05017443206362 3.77256672708407 7.58773228325113 2.65695387972905 0.614292528268534 2.96685637015048 0.492544501435438 0.0904323911356268 2.37440771106979 2.63448530641429 4.66254840432543 1.91125674323416 2.34372510350023 0.290677634019026 4.13742306225051 2.84636834477317 2.10870927463323 1.01437685877234 0.801672714445676 1.8533808780774 6.33244339752421 0 0 0 0 0 0 0 0 0 0 0 0 0 0 0 0 0 0 0 0 0 0 0 0 0
1.63636656005528 1.63053670468905 3.57420027567241 4.28560370401852 0.569839247364863 1.16328413495358 5.98940741297454 1.07214667945036 2.46410467287669 0.98148803148538 8.35709523095693 0.0819026712544646 2.41195935120594 1.13498952954478 2.2088945696604 5.61364428881095 1.5289907809991 3.78544989787049 3.35850027217513 0.634814964656658 0.23363690957563 5.91394111461413 0.215468166835385 0.144648543876994 1.08241035623527 0 0 0 0 0 0 0 0 0 0 0 0 0 0 0 0 0 0 0 0 0 0 0 0
4.47511956149969 0.44078707050747 7.91799353051127 6.72832450566683 8.50608191010437 7.38905549644353 3.1311955599972 0.32732913009793 0.496671214755375 2.63445694781377 0.0779588766779467 2.01986417722543 2.26326679174772 2.6555394189451 5.14256689870192 0.890758882332397 3.23399421304017 0.799797156370777 4.56618695595317 0.190425345906288 0.263019120433116 1.1495351118745 3.14361406809419 5.0009924019752 0.575189014097765 6.0883912275765 0 0 0 0 0 0 0 0 0 0 0 0 0 0 0 0 0 0 0 0 0 0 0
0.60543416110966 3.16521844635001 2.4997367865901 4.32891607176506 0.777809523443114 1.22663241873963 0.301457478653228 0.78818785084382 3.15833787103425 3.46920776745012 2.46564998080457 0.160076895678747 7.58659901255879 1.86947354419192 3.11032336334468 7.41599506709955 0.55396513822871 1.69598273376887 2.66782654722595 4.11705264904773 0.311564439009014 1.06669717587326 5.73353402911092 0.969377148553414 0.170060435690463 5.84171572711257 3.02318941897769 0 0 0 0 0 0 0 0 0 0 0 0 0 0 0 0 0 0 0 0 0 0
2.01785266293654 2.1056902287866 4.38439099677201 2.12152550534603 1.67175776742876 0.350354818453121 4.74390205935649 3.14755030738737 5.82121473569195 1.98541762234487 1.2626935515729 1.3481777984839 3.61951826951354 7.76324792222021 2.88170855461281 0.457970625290097 4.62570247162398 2.51554654505805 5.63576608720704 3.97835504698146 0.685092991630955 5.08676127782612 0.443142749481732 1.34101934297819 3.27668915028924 2.05545761786881 0.902168127212474 2.12832891531863 0 0 0 0 0 0 0 0 0 0 0 0 0 0 0 0 0 0 0 0 0
7.59207816669001 4.47971415607 4.23053271440416 6.49466837708403 5.86961949820505 0.71516273960251 2.91675396374249 6.24304460906679 7.22603215932482 4.32720002072966 3.18546727726354 1.62902176561632 0.152364265325712 1.28026017107691 0.158196176101835 11.8790151391534 0.575315618102854 9.12418479488708 6.22274504434528 1.46183041667958 2.20669673709364 3.41275780823037 6.83129896836458 5.47184983528095 0.241546590738051 12.0131977199099 2.28792448519314 6.98636891110649 0.0464601663278507 0 0 0 0 0 0 0 0 0 0 0 0 0 0 0 0 0 0 0 0
1.94439857620763 3.6259979188449 1.33418115645828 4.70263313387032 0.676170030562383 1.92021056630657 0.109263094342403 1.33031610577855 2.31020616358119 0.633732290909768 0.218078096125449 0.367126820550882 0.205612352022227 0.701252817458298 1.65938190646661 1.20010325234793 2.03151885408887 0.779094288176391 0.836285312187615 0.347113724916921 4.34015495704175 9.37916221276221 1.8614173432581 1.31827789939629 1.41705089464036 4.50583839127468 3.94262793665196 0.0521063475029956 7.12897669223711 0.256025445892742 0 0 0 0 0 0 0 0 0 0 0 0 0 0 0 0 0 0 0
0.812737176546434 0.0651260153229768 2.92861192830658 3.42198836328148 0.742647437690648 2.2085194297865 2.21276261927507 0.899137374580657 7.53852834278916 2.83570480940831 1.28970332612425 11.3938974932162 5.78299397598543 0.220724938898178 1.83241385046031 2.03950335947064 1.97559089998999 2.6988286100787 0.25640433835056 3.36317974700855 6.59141791643134 2.59972759896004 6.17931461831699 2.19650064254687 2.40527653689287 0.0824853605542492 7.13869662253074 6.98811994276616 1.23191226986406 0.87536839483328 6.13990547463807 0 0 0 0 0 0 0 0 0 0 0 0 0 0 0 0 0 0
3.24176039557897 7.69851174159636 3.75012390934613 2.10914107347118 4.04523904926217 6.32926043778545 5.59827961695652 0.0650462512340202 0.413780981315698 0.487812186136493 0.709193505363519 0.219977391519006 15.8192238396722 0.995810166035609 0.108866337762635 1.91554343182728 1.09220745108995 0.969219782073912 0.365770295068662 3.53703794843427 1.5661599796118 1.53372583981314 0.178005109738693 5.16635700927347 0.51545107222194 1.43821400151116 1.37144590633065 3.99784034484334 15.7514549728002 3.34309514297014 1.07889372413659 6.63215739151659 0 0 0 0 0 0 0 0 0 0 0 0 0 0 0 0 0
1.82822297540104 3.05371128170148 5.10107038934785 3.10106448579227 0.323075097987238 4.00367242342738 9.38571606970111 7.24065688503125 0.261107313492844 3.42404785021708 1.67220694575479 0.450133720896997 0.300094244091187 0.0278987874447633 1.1553410268082 1.97262658076533 3.73523979927484 0.533073083133042 2.40283995082397 0.240553725299539 0.611957384646554 4.76186530784438 3.85932426577281 0.351546192258798 5.82155845008519 15.7596127106877 1.90428260374023 0.0507199512102158 1.49361341069269 5.38093839708575 1.49294374857594 4.5718705586461 1.3899045096547 0 0 0 0 0 0 0 0 0 0 0 0 0 0 0 0
0.532163936631567 3.42200440049806 0.0534569946442387 5.85391510639145 9.15799076957619 0.680437196880824 3.87504255438146 4.04642269040323 2.57159828698074 0.303907540249385 3.07406025507551 2.6337128213055 7.479335702809 0.965704200497686 0.83951685711544 4.30500617726666 3.57348833360425 0.0680599663491389 2.0373695634539 5.08080227977201 1.33173418412736 4.02042235134445 1.44707850871089 1.18007802739125 7.36504227073845 5.55220839037016 0.0470263805481373 4.88394429824171 0.175704429930505 0.806090544577853 1.01933080859615 3.85870671662626 0 0 0 0 0 0 0 0 0 0 0 0 0 0 0 0 0
0.281227635213385 1.20405137437404 1.27257555734207 1.22053280695668 0.873612107686015 0.107429288988422 2.56662907136486 1.60170511764705 0.592762851666072 0.245491912606859 0.0747327122538556 0.452575017491093 0.940438058453835 0.671055645985741 0.334985745972938 0.252543712120035 0.378401511523645 0.470363760448689 1.58454241642204 0.88945661124019 0.815181941557219 0.269078165156926 1.40555935275536 0.217538735370787 4.30525401057914 2.22059314169161 0.820102724780559 2.18667516123957 3.03127800954869 8.81203640689437 0 0 0 0 0 0 0 0 0 0 0 0 0 0 0 0 0 0 0
5.28002066265373 1.92354177473223 2.88409827102091 1.74037144618994 3.12413413665585 1.55755049179239 14.0653566897785 2.42472708710614 2.7058669560586 0.112546407114508 3.56858272171738 0.204125482824894 5.46592213195144 7.74250725622248 1.80120162184566 4.91678332332606 1.62383117573679 1.80387006439291 3.19059683901999 0.53927480368321 0.123697375451559 3.16326471918308 1.08577651711589 0.605962262188148 0.753575682720343 4.43958086568509 0.22040903746213 5.60197393851174 0 0 0 0 0 0 0 0 0 0 0 0 0 0 0 0 0 0 0 0 0
4.92909361029081 2.32464729249796 2.36346928926066 1.95345437327507 1.31329005072034 4.55807919397327 4.1467264672482 0.703634482813796 2.50393995161543 5.18521409201207 2.22982592925579 0.0626453932387631 9.32174319613216 5.43721212084594 5.16462207839625 1.47806226024751 1.35347530602679 0.0880794009616158 2.41745063047331 1.11108667634702 1.72976339696447 5.68342238495599 0.668842336807632 2.16087473762004 2.13740573426304 11.2276455353855 0 0 0 0 0 0 0 0 0 0 0 0 0 0 0 0 0 0 0 0 0 0 0
0.00673851402566011 5.08983271485248 7.92441606693834 1.28510716993939 1.56030416739491 5.10813981237869 3.07039169718149 2.0985814750489 11.0125731142017 2.10384197719351 0.83934633656913 1.41646238943777 1.60365879675806 6.86591200783262 0.60781289042535 1.02113644255547 0.175662358712905 9.22336249661951 5.33486159370594 0.201264857710157 2.85787573040363 3.4710789722353 6.06361971522021 3.72967641479274 0 0 0 0 0 0 0 0 0 0 0 0 0 0 0 0 0 0 0 0 0 0 0 0 0
3.93233684169604 2.49158856491928 4.5155330726669 5.71846330572284 0.790608455642779 3.10963937721003 0.922788259491841 4.62265441519888 4.35107947684553 1.43819259317765 0.104551539878862 0.521394800077673 0.446468825968949 6.11534446437188 3.93885021018251 4.6704428127183 0.477846475566058 1.02140138053479 5.62998919013126 1.97893457244349 4.01170909141592 4.88175444078575 0 0 0 0 0 0 0 0 0 0 0 0 0 0 0 0 0 0 0 0 0 0 0 0 0 0 0
1.45138360622742 2.78761506252951 3.59815807643422 3.00312232505747 2.79045834859653 3.96638686612337 1.22943362889717 0.434661175682558 2.36279052087272 4.30822822102137 0.469718216779222 0.315105752949699 6.80362252145386 1.1721900699184 3.08018411127928 7.38788299007573 1.14508631657539 0.778467794091287 6.51453421566177 0.619463436033597 0 0 0 0 0 0 0 0 0 0 0 0 0 0 0 0 0 0 0 0 0 0 0 0 0 0 0 0 0
2.73339807835683 9.65626946925387 6.37356584228415 0.281980168411713 3.30281238393005 0.776811211155818 1.74688117914095 0.330367651104285 0.999299782104244 0.022542854345728 0.768750961349955 1.40561373333015 2.86997258669677 0.755098057043494 2.25820497820692 4.38244422747731 2.20203465173962 6.75977685820601 0 0 0 0 0 0 0 0 0 0 0 0 0 0 0 0 0 0 0 0 0 0 0 0 0 0 0 0 0 0 0
3.47577166922769 1.21513811283747 5.44150093537246 3.76116902367839 0.237732971123476 6.88191717350888 0.899705594583331 0.73584917807043 1.37930185725396 1.33469585279258 3.51816776837227 1.0249414514865 2.80511027131064 1.45774393211534 1.56469228667048 2.9781873531832 0 0 0 0 0 0 0 0 0 0 0 0 0 0 0 0 0 0 0 0 0 0 0 0 0 0 0 0 0 0 0 0 0
2.16908793661988 1.51488125799105 3.33876407892291 5.21066913243979 0.557324117351447 2.06568860827079 0.770418318819699 0.633681482062224 0.831698616919179 3.97941547992919 0.391856350509507 0.611909295405205 4.87460913199445 0.230801927071638 0 0 0 0 0 0 0 0 0 0 0 0 0 0 0 0 0 0 0 0 0 0 0 0 0 0 0 0 0 0 0 0 0 0 0
5.29159790280972 2.59871168254616 5.71277047572386 4.24980133446409 2.65125189638254 7.01236409470371 1.95260455117698 0.0409969338615871 6.44798516544059 0.735359783573994 2.82186206710826 1.48858404249819 0 0 0 0 0 0 0 0 0 0 0 0 0 0 0 0 0 0 0 0 0 0 0 0 0 0 0 0 0 0 0 0 0 0 0 0 0
5.97015689951289 2.15728697513519 2.18882825725464 11.018911039575 9.99218449349542 2.21594344708365 0.976970832007187 3.72722142229533 0.641462810341367 0.0829098209590525 0 0 0 0 0 0 0 0 0 0 0 0 0 0 0 0 0 0 0 0 0 0 0 0 0 0 0 0 0 0 0 0 0 0 0 0 0 0 0
1.26301661696453 0.044737380051678 0.980722481656009 9.08819643122558 7.02501971206795 3.22405333803481 2.86515422657622 0.0135521240873927 0 0 0 0 0 0 0 0 0 0 0 0 0 0 0 0 0 0 0 0 0 0 0 0 0 0 0 0 0 0 0 0 0 0 0 0 0 0 0 0 0
6.078731271801 1.97737194197918 0.320164691411355 0.150660654453866 0.229711055543314 0.186607257761947 0 0 0 0 0 0 0 0 0 0 0 0 0 0 0 0 0 0 0 0 0 0 0 0 0 0 0 0 0 0 0 0 0 0 0 0 0 0 0 0 0 0 0
6.22725053027207 0.544777719106849 1.15129266686174 1.18910290329549 0 0 0 0 0 0 0 0 0 0 0 0 0 0 0 0 0 0 0 0 0 0 0 0 0 0 0 0 0 0 0 0 0 0 0 0 0 0 0 0 0 0 0 0 0
7.25572154963171 0.137223747074727 0 0 0 0 0 0 0 0 0 0 0 0 0 0 0 0 0 0 0 0 0 0 0 0 0 0 0 0 0 0 0 0 0 0 0 0 0 0 0 0 0 0 0 0 0 0 0
