3.16298943386202 0 0 0 0 0 0 0 0 0 0 0 0 0 0 0 0 0 0 0 0 0 0 0 0 0 0 0 0 0 0 0 0 0 0 0 0 0 0 0 0 0 0 0 0 0 0 0 0
0.773045882473586 0.278579494606653 0 0 0 0 0 0 0 0 0 0 0 0 0 0 0 0 0 0 0 0 0 0 0 0 0 0 0 0 0 0 0 0 0 0 0 0 0 0 0 0 0 0 0 0 0 0 0
0.0658789884133438 1.59188117167008 6.95249227352444 0 0 0 0 0 0 0 0 0 0 0 0 0 0 0 0 0 0 0 0 0 0 0 0 0 0 0 0 0 0 0 0 0 0 0 0 0 0 0 0 0 0 0 0 0 0
0.889280759092199 0.431408905257097 0.840351695049444 2.39261439468005 0 0 0 0 0 0 0 0 0 0 0 0 0 0 0 0 0 0 0 0 0 0 0 0 0 0 0 0 0 0 0 0 0 0 0 0 0 0 0 0 0 0 0 0 0
2.41477581290117 2.025897649531 3.38361604993854 0.723620273336309 0.272712995023622 0 0 0 0 0 0 0 0 0 0 0 0 0 0 0 0 0 0 0 0 0 0 0 0 0 0 0 0 0 0 0 0 0 0 0 0 0 0 0 0 0 0 0 0
0.864395979602826 2.24822151830204 5.36762752646148 0.797906193212531 0.318393438062851 3.06801020398371 0 0 0 0 0 0 0 0 0 0 0 0 0 0 0 0 0 0 0 0 0 0 0 0 0 0 0 0 0 0 0 0 0 0 0 0 0 0 0 0 0 0 0
6.62848263237829 2.64446970604224 1.28154133798927 2.08009439042362 3.3349650010689 3.09418480165744 4.13175319709388 0 0 0 0 0 0 0 0 0 0 0 0 0 0 0 0 0 0 0 0 0 0 0 0 0 0 0 0 0 0 0 0 0 0 0 0 0 0 0 0 0 0
9.59246141810505 0.513441178883532 5.93015725525102 0.627522446083419 4.16353111875381 0.298337284945005 2.20913027310724 3.76899220807687 0 0 0 0 0 0 0 0 0 0 0 0 0 0 0 0 0 0 0 0 0 0 0 0 0 0 0 0 0 0 0 0 0 0 0 0 0 0 0 0 0
1.95450098438699 1.3493937840283 2.63124418409785 0.99860015728355 0.0628531775896124 0.885582373233139 0.34721938367112 2.51624370513207 2.5725183275986 0 0 0 0 0 0 0 0 0 0 0 0 0 0 0 0 0 0 0 0 0 0 0 0 0 0 0 0 0 0 0 0 0 0 0 0 0 0 0 0
1.28721752152236 1.0902138533688 3.81315822560899 1.31510910773381 0.00557406123216412 6.77383505073137 2.11725250627885 7.97438288136683 1.24328585083193 1.14311690558977 0 0 0 0 0 0 0 0 0 0 0 0 0 0 0 0 0 0 0 0 0 0 0 0 0 0 0 0 0 0 0 0 0 0 0 0 0 0 0
0.237555143291808 2.5817715373083 2.022342310122 0.303973760382447 2.26353902103382 0.745206136687986 3.62032370860789 6.03207553000258 3.60321650644244 0.671772649271567 0.273735208666564 0 0 0 0 0 0 0 0 0 0 0 0 0 0 0 0 0 0 0 0 0 0 0 0 0 0 0 0 0 0 0 0 0 0 0 0 0 0
0.719327653972188 0.822587261564072 1.11569647310797 6.67042216876712 0.364070492192527 4.24344314437996 1.66754528018203 3.01760926292998 1.46061409425243 5.77497978753353 6.33829658387993 0.0307772137789883 0 0 0 0 0 0 0 0 0 0 0 0 0 0 0 0 0 0 0 0 0 0 0 0 0 0 0 0 0 0 0 0 0 0 0 0 0
2.64170259056222 1.0980058794447 1.00036651023732 0.639356609389782 3.07326139034986 0.538308612421195 9.1393761541534 7.19357339523736 0.458501020050738 3.35111230338045 2.65806841283234 1.29153151894782 0.887890685393405 0 0 0 0 0 0 0 0 0 0 0 0 0 0 0 0 0 0 0 0 0 0 0 0 0 0 0 0 0 0 0 0 0 0 0 0
1.02196913975425 2.02305041091948 2.55611308675839 0.562182995329965 0.0766175815272886 0.199116462565143 3.21702563493473 1.09194019439474 2.59525303776939 1.11709651797864 2.40548791953889 3.00787098366527 0.881504402936939 1.63702975663174 0 0 0 0 0 0 0 0 0 0 0 0 0 0 0 0 0 0 0 0 0 0 0 0 0 0 0 0 0 0 0 0 0 0 0
0.783602740332856 1.4822472458992 0.249362352586149 2.15177190472889 1.20566763191473 0.485742909815206 0.763739739252725 1.06396484392542 0.0247076942598022 4.81688426694349 4.00317421505506 1.34471286116477 0.439400170267612 2.53078006737655 0.691075435982004 0 0 0 0 0 0 0 0 0 0 0 0 0 0 0 0 0 0 0 0 0 0 0 0 0 0 0 0 0 0 0 0 0 0
0.771164217981356 3.10656811776759 2.06714914526302 0.891970543097293 4.24236445600319 1.43465980243316 3.77674707140618 1.96531774292094 0.281323965470418 3.46882334260126 0.113121041807081 0.161272157274854 0.984635614771193 3.57516185507216 0.28308396452794 2.18303527224638 0 0 0 0 0 0 0 0 0 0 0 0 0 0 0 0 0 0 0 0 0 0 0 0 0 0 0 0 0 0 0 0 0
4.15750603812178 5.75665964284216 0.349062567239108 0.637284187741866 1.85316740942446 4.70894664865377 0.251053757738288 2.26702372446998 3.06990536861908 6.59092293123843 0.337467316745149 0.630093610923908 0.530634880851194 1.10458266365056 0.522157614577755 2.40788490918364 0.955813349686166 0 0 0 0 0 0 0 0 0 0 0 0 0 0 0 0 0 0 0 0 0 0 0 0 0 0 0 0 0 0 0 0
0.140452770341101 1.95246671804753 5.25730951002303 5.37852468431914 3.67071457494381 5.05225849624315 3.08607252231262 0.11935846084332 3.25436929403946 6.02633432118422 4.03700784534493 1.60825174217248 1.96047757265591 0.569446125203427 4.32955590950415 2.36337952390169 1.19316721652683 2.66323163648321 0 0 0 0 0 0 0 0 0 0 0 0 0 0 0 0 0 0 0 0 0 0 0 0 0 0 0 0 0 0 0
2.91732462762725 0.886934302418776 0.274825734640145 0.344706879495962 2.70291278743172 0.00343679765847775 2.69271897339904 1.24096681698639 4.31263941226907 0.772726141407721 0.712972079348768 1.75204959911815 0.725882836723616 4.21566569613517 1.27259790543361 1.63064800949549 4.35125881869598 4.73784652886518 0.0154931802779767 0 0 0 0 0 0 0 0 0 0 0 0 0 0 0 0 0 0 0 0 0 0 0 0 0 0 0 0 0 0
3.47778197314287 1.71773159829914 1.62529529497712 0.131000663788967 5.22515312012038 8.77099411741169 1.50834877271758 2.38863598826534 0.180560785047155 0.683641994211334 2.00054942437358 2.72538098629306 1.81183072646068 0.913004781804669 0.373540914862141 1.68898058114522 9.91595560300513 2.73199946353678 2.71987425072076 3.13131164955827 0 0 0 0 0 0 0 0 0 0 0 0 0 0 0 0 0 0 0 0 0 0 0 0 0 0 0 0 0
0.552590288741094 6.17789064632743 3.70865040995545 0.0692105138852951 1.49934155534647 1.03646804685353 1.14914001074891 4.09117238785248 1.27936643802814 1.35573369764502 0.54238694141028 0.428619431146621 5.5510305147332 4.25212747553623 0.102969460954888 1.82832651161085 0.0292223961648717 1.79736030352241 1.96347170452482 6.63349262151789 1.96582131925991 0 0 0 0 0 0 0 0 0 0 0 0 0 0 0 0 0 0 0 0 0 0 0 0 0 0 0 0
1.90597316750513 0.233300688695666 0.505335849782718 3.69010674699849 0.984461241482037 0.0949181102924217 6.34524144212477 7.1871205466731 6.00563591529018 6.67561883632339 2.5175607904312 1.02839337012993 0.434126963260915 5.31878125231583 1.15037400346422 1.08887446802057 0.144793243419872 0.587148123174236 3.56282377815913 1.1336603599288 4.70376731900351 5.27046858217149 0 0 0 0 0 0 0 0 0 0 0 0 0 0 0 0 0 0 0 0 0 0 0 0 0 0 0
0.828006042764501 1.14846826404369 4.63093178368776 2.11155518539727 0.228964265803877 4.51584989454296 1.49162753357106 2.02637620869555 1.26701486793835 0.17622599562428 3.170175324102 4.05956474951357 4.20260180281733 2.85142442518956 4.07207024187533 0.481985628675745 0.0531612164605563 4.59330445174599 3.876203073094 0.753433460458937 5.35654512299145 1.02288175843571 0.617860245000413 0 0 0 0 0 0 0 0 0 0 0 0 0 0 0 0 0 0 0 0 0 0 0 0 0 0
3.38453494335186 3.03451480928749 0.049664657480844 3.13502752432314 3.7438314983163 1.4654093880709 0.242139792347842 1.39247278306042 0.733480852377029 1.02088794061083 1.66040666131161 1.3001703703109 0.781251912783589 0.611524207232413 7.25357310122592 2.7140568922051 6.09732205992968 2.38060348494609 0.0395926303716674 4.28441655401681 2.47906381206902 0.307600341928709 1.57331096082096 3.19916141495776 0 0 0 0 0 0 0 0 0 0 0 0 0 0 0 0 0 0 0 0 0 0 0 0 0
8.91662607590362 0.592554187335106 2.05457212995014 8.69127656450309 0.456258780568052 1.7445297514887 6.73333374783969 0.346544894095332 0.295886981337944 2.42742409813398 0.330167800893283 0.394406928671604 0.15795467622014 1.13649628837236 2.85089987547707 1.05751716585162 0.580592791909585 2.39164916358876 0.138358341265544 1.87281871128867 4.29966068098081 6.77746463053091 0.667959823953405 1.03017225841012 0.47992504369405 0 0 0 0 0 0 0 0 0 0 0 0 0 0 0 0 0 0 0 0 0 0 0 0
0.14297809740755 1.55968393987495 2.39092118814886 2.04919627652993 5.0410039914902 5.2161639436688 0.258735189483231 0.709230188595627 0.358071911270281 0.9143106234922 2.22038244109666 3.46655438951335 1.09808468113074 2.37168558037385 2.29038563002895 1.32440697742084 2.30737385790942 2.85068149473829 2.08526653949178 11.2621085964575 0.450927189228695 3.050371168671 0.257936265763532 0.258218692336737 3.02491333516668 1.32436852467599 0 0 0 0 0 0 0 0 0 0 0 0 0 0 0 0 0 0 0 0 0 0 0
0.934828702506678 3.21858044081483 1.5183922467806 2.32261830085238 6.05871891303349 1.8659957141283 0.394687217456526 0.0562550197305348 1.77274193903 2.27880080528667 1.7575492398022 1.17744740704675 0.381460625248517 0.452048267070982 1.04636410371273 1.8469661891043 8.43305582951232 0.797291808919305 2.75490672424043 5.30325246169694 1.50799986491917 2.07081123036009 0.279007003120529 3.51617272756761 0.926158563369631 2.01275866961815 1.69065303110091 0 0 0 0 0 0 0 0 0 0 0 0 0 0 0 0 0 0 0 0 0 0
0.939260348946512 0.231222949424701 6.82895812098445 1.79621886135182 1.65058365934092 3.72669132301969 0.72553394684586 3.04235970048809 1.37920193186162 4.29745555628923 0.856925535531271 0.446164792935757 0.318546288064981 1.49218698547398 1.79272616148499 2.37182181198372 2.95498456211922 0.557005075563579 0.654452491190497 0.0813690314338791 1.57456455391871 0.951492038525493 2.91402015629265 2.17940318929104 1.62607371707799 3.49100341930571 0.0598327211372286 1.01012749543035 0 0 0 0 0 0 0 0 0 0 0 0 0 0 0 0 0 0 0 0 0
0.102212855065574 2.48628979417189 0.674466534580935 3.40658503621987 7.48895728190204 0.958569228537067 0.0152172004294097 0.070395265553651 0.550585080105325 0.510085529763927 4.921508385042 1.52313484552377 3.13502684022541 6.54205166791731 2.06807134082073 0.108105487850491 0.843467734043517 0.877488277764583 2.54456845106428 2.83934790796587 0.751689894501032 6.7339525669359 0.134114731311511 2.28686053727488 4.67722091663127 0.20910314242207 0.841258442259562 1.03912085596059 0.143495629952321 0 0 0 0 0 0 0 0 0 0 0 0 0 0 0 0 0 0 0 0
0.712649697145854 1.74983907758824 0.572724656002907 2.26671633708278 3.66414855445422 0.0773649761686523 2.03429642992195 1.6088441021347 3.47525665797539 0.47787794659964 8.23896698987747 3.53769469654812 0.317153991985809 0.878063163630718 1.06130476725946 0.957682359538348 4.70797007865481 1.69241652830431 8.55478960081287 0.317916628452724 4.07795844328345 0.260251999828846 0.143252418046311 1.83449588837686 1.15346494273288 0.566673291311854 0.29987214505688 3.78634503539529 10.2816164173361 0.100853535759844 0 0 0 0 0 0 0 0 0 0 0 0 0 0 0 0 0 0 0
2.19706983846546 1.1352083879218 0.451551056804742 1.40943317222056 6.0653134502769 4.13188619091549 0.0235273794156875 0.625831119830143 0.244022132829163 1.64369121248251 5.56105514520255 0.125944799923471 4.73949219755801 0.484656261926575 0.484432343298691 2.22640028171482 0.129760171959421 7.37809701673199 0.786679526598922 4.54819942262294 3.62756040200145 1.67700272272289 2.61417151209354 1.1145976599439 2.54330841387502 2.79317143876033 2.58897450229799 0.812682278290376 3.67729198847743 1.02340157953189 0.212452105641606 0 0 0 0 0 0 0 0 0 0 0 0 0 0 0 0 0 0
3.88512202898671 0.78113735973924 0.0782862241135002 0.978191071303017 1.84646145196333 1.52078801456014 1.17992749798413 0.335364871588712 3.00499114294049 4.39346255165029 2.15124611103172 1.3010678016253 3.05458365905533 1.94513261610497 0.922359145326201 1.98604287400855 0.0200793169576275 2.79030806760725 2.07452407525001 0.15308856328669 2.73567571637864 2.0833130209181 1.37234185314761 0.383760658353924 0.877545985166336 0.363596175233819 0.0070151510124934 0.159640764172756 0.0805769556389448 1.26109729649225 7.8129374364999 1.41197525552828 0 0 0 0 0 0 0 0 0 0 0 0 0 0 0 0 0
0.195978627454728 0.926011459434945 1.86239993267885 0.139043374819945 2.21852603184138 1.91220774298787 0.271803825409741 0.536510093285671 0.808854902948766 1.19345141638347 0.703866393011589 1.38841509928054 1.62046056390153 0.548071721843137 0.594999566219838 4.86497816487663 0.399114605668545 5.48906843099601 2.98384004500921 2.53589959920552 1.17077906666792 0.634899878358279 0.454022577307066 0.552556474910415 3.92484692226289 2.79858044543908 0.256703360144949 1.109353079327 0.278589078750707 1.45740399353937 4.33821173334821 0.279381897053577 1.85113378548885 0 0 0 0 0 0 0 0 0 0 0 0 0 0 0 0
1.05049167881015 2.2709476301201 0.00908495097505752 1.18166768894471 0.0854034981830096 0.473727269721249 5.94550140907074 4.29390448030502 1.6379795595497 1.37184616497226 0.33239906546879 0.0563050949731468 2.89750085638575 1.24408563350657 3.33081824438527 5.05525871198054 2.20337018394114 0.324430323601218 0.215677859526439 4.42114267219254 2.86459787763882 0.325680732892142 0.106588908795861 0.342289439854586 1.63046285104286 2.2532121395826 0.166593127809824 3.11161852676596 2.68358386498025 2.11102298269878 0.789843287730571 1.6766548355937 0 0 0 0 0 0 0 0 0 0 0 0 0 0 0 0 0
0.724640240628346 0.782845051827514 1.55275877360165 3.98428488866921 5.34962761558525 1.76712135676383 0.620863482476573 0.200537717027208 4.47575082526424 1.24830138318335 0.156141705342662 1.67959296360742 0.448719074155829 1.31322710910669 0.262902474354642 0.0254363586234681 1.43228381054053 0.755619934385305 2.51946005105792 0.997179417169153 0.986743641865187 3.9000245070507 2.8304235534811 0.836426087815614 0.716659143721028 3.95953957619403 0.78105467990318 2.13941737614783 0.444927318535002 3.51738215607031 0 0 0 0 0 0 0 0 0 0 0 0 0 0 0 0 0 0 0
2.02303154496261 0.638182402691364 1.23007038667533 2.08992286165962 2.46611739097254 0.0233475247380502 0.339638224566282 8.82193915336057 2.17434162007387 4.27447504841306 3.58853628690622 1.8123784780327 0.984058716935214 0.737589904471271 3.30276707306116 0.722510430489034 4.20880480599398 0.168290502992984 3.25444432049783 0.838982605635258 0.881643319659613 6.95851901762956 0.154585230484436 0.0828643807235603 1.12743932310071 2.44623188019929 0.455172890514723 0.994176407559429 0 0 0 0 0 0 0 0 0 0 0 0 0 0 0 0 0 0 0 0 0
0.33607557874834 6.08532288146752 0.9996444376235 2.74317499525423 2.71048603516184 0.514944915047289 0.10569656301057 0.981165446444592 1.49291540425274 8.08108486892926 1.05589147676119 0.361105166114639 0.0611299288600622 4.8455553989619 1.00357612528857 4.00510576801052 6.71903234950661 0.912847155202027 2.21010933800704 1.65246561590117 0.615520239578536 1.52668771755547 0.735641649393466 1.00851383813413 0.42290708100229 1.43088670284317 0 0 0 0 0 0 0 0 0 0 0 0 0 0 0 0 0 0 0 0 0 0 0
0.947863551547624 1.33060017818278 6.82781391684993 0.0709495468377416 0.335083578222272 2.66201954039798 0.241689130928802 0.690711264001413 4.26499350089188 4.04561580587732 2.20522326062186 0.449587067947585 2.23890938732576 0.0432968483954631 2.45250577496468 3.64615622120308 0.148323951437513 1.88879860522109 0.126835984581806 2.2948568253026 2.26822049088391 0.12688429475711 1.23156227889984 0.736490852517639 0 0 0 0 0 0 0 0 0 0 0 0 0 0 0 0 0 0 0 0 0 0 0 0 0
0.550671783985935 0.968110157280411 1.19184277967256 1.20536254105029 1.40605635095183 0.952619553195889 9.98667831653937 0.284852348952158 0.0808348097428586 2.31676253218685 0.231781742190559 0.394688212451328 4.07535273255943 1.96413428321542 1.3858452029556 1.18152851259195 6.65279297421065 0.544895493497411 0.464929590836053 3.98181197197678 7.38479822497823 3.63984688368269 0 0 0 0 0 0 0 0 0 0 0 0 0 0 0 0 0 0 0 0 0 0 0 0 0 0 0
0.331869444600381 2.1351481164651 3.51398073334538 1.70370920046328 2.84991256196936 1.31359017356969 2.67626312027855 1.82853228933925 2.03983284331267 1.22604043019646 0.0842672779573466 0.891844397127847 0.402688185294783 2.98917647428184 0.464451333190377 1.07198772365047 1.81835324983843 0.934443663470356 0.00617550272796851 2.84379373831843 0 0 0 0 0 0 0 0 0 0 0 0 0 0 0 0 0 0 0 0 0 0 0 0 0 0 0 0 0
0.231539679752881 0.257589213751673 0.662368087280261 2.23265855155617 0.787006741238098 6.49692275060292 1.268064719729 1.19829787894491 0.321858628364076 2.40673455683929 0.0396230616023592 0.0511739632488148 8.10240803027165 0.243107493758203 1.75221965656806 0.952733425721788 2.32479932099029 0.227644234056354 0 0 0 0 0 0 0 0 0 0 0 0 0 0 0 0 0 0 0 0 0 0 0 0 0 0 0 0 0 0 0
2.21048230799753 2.95700660379577 0.37864603412644 0.883779783643895 0.70510638341562 0.187347838494099 1.48265765536373 0.0661396815786156 3.50867251145013 0.248834036663391 3.39972685346362 2.69058692380151 0.943126004490262 4.34781249038474 2.16194183635305 6.68638292167004 0 0 0 0 0 0 0 0 0 0 0 0 0 0 0 0 0 0 0 0 0 0 0 0 0 0 0 0 0 0 0 0 0
1.55898522471744 0.4250908036826 2.77872924506087 1.75105374191464 2.58762303200458 0.371429422688953 0.970282970330768 2.01189508678969 1.62510494226293 6.25118090722842 1.2529830358843 0.703261419739789 0.129480661425865 0.731765981962806 0 0 0 0 0 0 0 0 0 0 0 0 0 0 0 0 0 0 0 0 0 0 0 0 0 0 0 0 0 0 0 0 0 0 0
0.809368538860445 5.24643209878211 2.07762788457044 0.00170786908963502 0.0296336364518467 0.792574913339949 1.89058758291624 3.29929636183042 3.61758292463548 4.73912344247743 4.35923164043797 3.81549303940479 0 0 0 0 0 0 0 0 0 0 0 0 0 0 0 0 0 0 0 0 0 0 0 0 0 0 0 0 0 0 0 0 0 0 0 0 0
3.8141868492049 5.46990350478115 0.413653435263215 1.32934955885878 0.933446762613107 4.37437051270995 3.1914357158832 6.79825533641676 1.47755575714427 1.14670081881526 0 0 0 0 0 0 0 0 0 0 0 0 0 0 0 0 0 0 0 0 0 0 0 0 0 0 0 0 0 0 0 0 0 0 0 0 0 0 0
0.366967560585082 2.48577676574166 1.50937190604702 0.496239732644891 1.65555834930583 1.25620920373862 4.62877823531342 0.974540244117643 0 0 0 0 0 0 0 0 0 0 0 0 0 0 0 0 0 0 0 0 0 0 0 0 0 0 0 0 0 0 0 0 0 0 0 0 0 0 0 0 0
1.39681154008666 0.298308886225642 0.553867019532553 5.49583154519115 0.928840097746738 10.1167440013624 0 0 0 0 0 0 0 0 0 0 0 0 0 0 0 0 0 0 0 0 0 0 0 0 0 0 0 0 0 0 0 0 0 0 0 0 0 0 0 0 0 0 0
1.74748584569749 4.51299707004751 2.28831476848988 0.143181287105167 0 0 0 0 0 0 0 0 0 0 0 0 0 0 0 0 0 0 0 0 0 0 0 0 0 0 0 0 0 0 0 0 0 0 0 0 0 0 0 0 0 0 0 0 0
0.568361695355227 0.291474216267472 0 0 0 0 0 0 0 0 0 0 0 0 0 0 0 0 0 0 0 0 0 0 0 0 0 0 0 0 0 0 0 0 0 0 0 0 0 0 0 0 0 0 0 0 0 0 0
