4.001148491493 0 0 0 0 0 0 0 0 0 0 0 0 0 0 0 0 0 0 0 0 0 0 0 0 0 0 0 0 0 0 0 0 0 0 0 0 0 0 0 0 0 0 0 0 0 0 0 0
0.265856945003067 0.782000370001311 0 0 0 0 0 0 0 0 0 0 0 0 0 0 0 0 0 0 0 0 0 0 0 0 0 0 0 0 0 0 0 0 0 0 0 0 0 0 0 0 0 0 0 0 0 0 0
1.3313457714397 2.12887122168274 6.36804170027197 0 0 0 0 0 0 0 0 0 0 0 0 0 0 0 0 0 0 0 0 0 0 0 0 0 0 0 0 0 0 0 0 0 0 0 0 0 0 0 0 0 0 0 0 0 0
1.84397700942659 6.14681122031836 0.581649524407687 4.70696525022724 0 0 0 0 0 0 0 0 0 0 0 0 0 0 0 0 0 0 0 0 0 0 0 0 0 0 0 0 0 0 0 0 0 0 0 0 0 0 0 0 0 0 0 0 0
0.715312552266049 0.175361261136624 3.59536845203205 1.53940602986587 4.09359665847751 0 0 0 0 0 0 0 0 0 0 0 0 0 0 0 0 0 0 0 0 0 0 0 0 0 0 0 0 0 0 0 0 0 0 0 0 0 0 0 0 0 0 0 0
0.620087902686181 2.22431144900232 0.0528064972747932 7.58297364956699 2.57522663080807 1.386076184465 0 0 0 0 0 0 0 0 0 0 0 0 0 0 0 0 0 0 0 0 0 0 0 0 0 0 0 0 0 0 0 0 0 0 0 0 0 0 0 0 0 0 0
0.573160869315652 0.143288980938214 8.23322320221807 1.27298821415036 7.26651806589546 2.4111224244252 0.629019573068785 0 0 0 0 0 0 0 0 0 0 0 0 0 0 0 0 0 0 0 0 0 0 0 0 0 0 0 0 0 0 0 0 0 0 0 0 0 0 0 0 0 0
0.825247317118889 0.0288107472440198 0.636590334823187 3.63288597905922 1.07788806274875 2.46109752447517 0.0226407989090566 1.02138046975756 0 0 0 0 0 0 0 0 0 0 0 0 0 0 0 0 0 0 0 0 0 0 0 0 0 0 0 0 0 0 0 0 0 0 0 0 0 0 0 0 0
0.875053995588231 0.322272170919823 0.845948814436654 5.52786914893655 0.0601336473778383 2.48544473764837 3.31694673215875 0.814835315107685 3.91783447553923 0 0 0 0 0 0 0 0 0 0 0 0 0 0 0 0 0 0 0 0 0 0 0 0 0 0 0 0 0 0 0 0 0 0 0 0 0 0 0 0
5.22986288108534 0.51806540240737 1.47015920870265 10.2985748440374 3.38610020705254 3.0751897661794 0.402382364170009 2.41113357525796 0.0210047184736175 2.14393436884786 0 0 0 0 0 0 0 0 0 0 0 0 0 0 0 0 0 0 0 0 0 0 0 0 0 0 0 0 0 0 0 0 0 0 0 0 0 0 0
3.50144233876498 1.0444640442614 4.04918056273952 4.46458063371623 1.15022354567182 5.42796417447136 0.513735143358073 0.982457475567352 7.97227379497132 3.49105047095062 0.308298101304038 0 0 0 0 0 0 0 0 0 0 0 0 0 0 0 0 0 0 0 0 0 0 0 0 0 0 0 0 0 0 0 0 0 0 0 0 0 0
1.16065693175202 2.36363954915667 1.92731259786485 6.15567817674472 2.33154834227999 0.249081857898914 6.59707530768506 3.21403947393303 0.829325896321016 4.65182595304391 1.77817807404585 2.01345711796688 0 0 0 0 0 0 0 0 0 0 0 0 0 0 0 0 0 0 0 0 0 0 0 0 0 0 0 0 0 0 0 0 0 0 0 0 0
1.8956613634074 0.39659074765018 3.27169072746657 13.2427856349826 3.16867193251544 6.61955289028838 0.032306684053619 0.0648897017507026 4.23254500441258 1.30391736341678 0.23070454786784 0.201674901980199 3.58716638642717 0 0 0 0 0 0 0 0 0 0 0 0 0 0 0 0 0 0 0 0 0 0 0 0 0 0 0 0 0 0 0 0 0 0 0 0
0.614857453885785 1.8962560361655 0.0955787798982342 0.416262473990998 0.726701984886497 0.736174259134247 4.89108972995137 0.813912957397502 0.872658455565087 1.27065285837239 2.10116522910817 0.233303391180004 4.33054793304177 3.52031927935599 0 0 0 0 0 0 0 0 0 0 0 0 0 0 0 0 0 0 0 0 0 0 0 0 0 0 0 0 0 0 0 0 0 0 0
1.62501917437005 2.26665036365626 0.165543766732886 2.76023502551899 2.79325120895987 1.51909874781315 1.39704732387531 0.692158179030421 3.10556418289092 0.17966168130802 0.763097048124603 4.29899515028041 0.414328828189723 0.295287091820317 0.533264844350483 0 0 0 0 0 0 0 0 0 0 0 0 0 0 0 0 0 0 0 0 0 0 0 0 0 0 0 0 0 0 0 0 0 0
1.53010015158771 2.14945294073152 4.77645025229585 0.332769935016684 4.44691382426842 2.16341611031169 5.75888118442244 0.717543354812033 1.58199033033207 5.74493942011425 0.398486271169944 1.92163630988793 0.598607285081752 3.56787274567983 0.502558798089558 10.1124791982609 0 0 0 0 0 0 0 0 0 0 0 0 0 0 0 0 0 0 0 0 0 0 0 0 0 0 0 0 0 0 0 0 0
1.3754148262208 0.877524136051528 2.98379809732437 6.92221994267257 1.16496409392103 2.95169062153096 5.91324160321556 1.46936091159679 4.54149970365874 7.67350486930844 1.86517415585368 0.311936737969008 8.05940038003855 3.56696153472208 0.677297885657672 2.44330569539437 0.534419659968383 0 0 0 0 0 0 0 0 0 0 0 0 0 0 0 0 0 0 0 0 0 0 0 0 0 0 0 0 0 0 0 0
0.324409446537784 9.48207659709718 0.130975824660485 5.57572643937523 3.11297595149283 0.285549107942609 0.89355677329257 2.16448281878501 0.416612780205391 0.907867893177889 0.856749537748134 1.22865726597944 0.966388784698093 6.77615693057756 0.762616373743725 1.8043897927417 4.27141736497656 0.172825277871462 0 0 0 0 0 0 0 0 0 0 0 0 0 0 0 0 0 0 0 0 0 0 0 0 0 0 0 0 0 0 0
0.437059122859287 1.73242463963034 0.774696766514487 5.78255443915714 0.675013109027537 3.58253825584656 4.94452214145794 4.35665168958922 0.973757250608284 0.360883903779461 12.4621953763943 2.34127394058326 2.39523005846491 1.49571280280564 0.177976896765096 2.63422584686734 2.35603162856758 0.853643750129402 1.46704394260252 0 0 0 0 0 0 0 0 0 0 0 0 0 0 0 0 0 0 0 0 0 0 0 0 0 0 0 0 0 0
1.92525065582898 9.43756577823915 3.14770604992407 0.209931400757708 10.8169306377494 2.36457851330467 2.24245673547567 0.0409650180278888 0.425597350410371 0.0968919627606034 0.220024046036099 0.916401865969399 0.711705340177122 2.24818908519689 0.459160170872673 1.12092147938043 1.66777879685199 1.71204696434447 5.98037693428155 7.2617456451002 0 0 0 0 0 0 0 0 0 0 0 0 0 0 0 0 0 0 0 0 0 0 0 0 0 0 0 0 0
0.0246841321656594 2.72327887252536 0.416185748394546 2.25768932900153 1.03479769166028 4.42858118414786 1.76148062460032 5.94556033716087 1.73505646892166 1.48020532760714 1.41085357706745 0.498329936478129 5.68292841421944 0.0758686619741309 4.92793141242211 4.1673994149104 3.20722651069127 1.77220162630439 0.456995886896455 0.773260102409236 2.01993284974359 0 0 0 0 0 0 0 0 0 0 0 0 0 0 0 0 0 0 0 0 0 0 0 0 0 0 0 0
2.12676624581759 0.962486247637673 3.10055777610759 4.0872554943732 1.42248669535234 1.33187205999481 0.324798112012765 0.27074314458911 1.12418617082902 1.73174759250566 0.527584280037668 0.0995340310612035 2.00861846034904 0.500255483126609 0.0490257628545263 4.01763258817771 2.15794340832169 0.856902959468439 0.814652199665695 4.53180598479582 3.28306095699737 1.9308933097076 0 0 0 0 0 0 0 0 0 0 0 0 0 0 0 0 0 0 0 0 0 0 0 0 0 0 0
2.74906356268184 2.26034540358852 6.9167555179008 8.50571150102661 4.17701157369512 0.333417537039855 1.90696828914569 5.42201020836704 0.963268029186776 1.6182064266942 1.44824602627633 4.62253548742935 3.28437585345691 2.06172292240831 5.75333107245216 0.868158463627117 4.1872399139235 0.0618064000677326 0.680884877544843 1.27946451130993 0.114723010980552 1.56450955878963 1.17554509971789 0 0 0 0 0 0 0 0 0 0 0 0 0 0 0 0 0 0 0 0 0 0 0 0 0 0
4.42144605599135 0.919745412462374 0.965214103402885 2.13743154136809 4.64374629314811 3.13585420299824 4.21312634785652 0.966276583934251 0.510940425428868 3.24075476789342 0.218724614573814 0.220710286801266 2.95825656142544 0.860082530518932 0.426468737311536 1.97563104322372 4.20749349967011 0.957832568019064 1.381964285634 4.59836383610051 0.64171735383716 1.51203733552468 4.23092231623666 2.81606274464566 0 0 0 0 0 0 0 0 0 0 0 0 0 0 0 0 0 0 0 0 0 0 0 0 0
5.54627149503765 7.91407246267621 3.9256911247031 3.91337709271372 3.49274859525071 2.06161483170448 0.960404010622964 6.81329338539337 0.201494176186259 1.21088524488402 1.4610486161759 2.63802675535439 0.932596427361257 3.52422762727541 3.49531015525976 0.462657699290581 4.33422295087859 0.604955627209212 2.57563755487157 4.54030874821182 0.18825251446201 8.84556344018627 6.75822759493301 2.68389869437746 5.06292968045213 0 0 0 0 0 0 0 0 0 0 0 0 0 0 0 0 0 0 0 0 0 0 0 0
3.36009567657451 0.873802343569447 3.27577160477589 1.03599801216695 1.20957731069145 0.073824390669326 0.926537731155722 1.37540047659432 2.14161093929356 0.155890201808091 0.412301505671301 0.215412276309142 0.270239993435899 1.07167155618784 2.15967569480474 5.05978186358956 0.235468028305174 3.90150842704636 0.10208877107355 4.92692427625988 4.14282207654777 1.7984972919615 0.00302894239924692 0.340342429103638 4.79246708211923 0.924417351090841 0 0 0 0 0 0 0 0 0 0 0 0 0 0 0 0 0 0 0 0 0 0 0
4.58504367260735 8.22857928094897 3.89730057420771 2.1710346976573 0.214047579874559 2.25478989767386 0.463919858019937 2.01316302255194 5.50554373035723 0.200497783266907 0.941844410163614 0.32984990873476 9.43600678996979 2.00808827446196 2.12704621600188 0.952582126681906 2.91134739236119 4.60437778806272 0.876782203797834 7.1348043196343 2.9437461330699 9.06053408187551 19.9148361227577 0.281855395490953 4.36921951014434 5.15033988096467 0.309111460157729 0 0 0 0 0 0 0 0 0 0 0 0 0 0 0 0 0 0 0 0 0 0
0.305621600590411 0.955370847112761 2.717514872564 1.04932214024567 0.530862024001649 1.21408001547843 2.74971848854036 5.83611741968698 0.83812124127763 4.56580617899245 3.29456900195209 4.84066186831129 1.99245267266634 3.86396380094274 2.31477507673915 3.87651711643631 1.77865676327238 1.64162812801779 0.978068200388642 5.07396544745453 2.2949959542422 3.02141992481117 1.8104118597333 6.35243969605927 1.56539907990055 0.310198077577813 0.40640381841778 5.21253349973968 0 0 0 0 0 0 0 0 0 0 0 0 0 0 0 0 0 0 0 0 0
5.00262714818717 0.538178007321876 4.36817301468642 6.74244254841502 1.03846854176439 8.63601206369685 1.91275910939786 1.63966892022177 1.00416146253509 0.529018438492512 0.730926764956352 3.89981874027777 6.08282910029107 2.82572937855833 2.38755311747697 4.56795807037659 4.54361535866797 1.90235506956041 2.01381826872507 5.42468451647651 0.260839186799501 4.28515399039251 11.0704937890415 4.64243681829144 2.12406368272902 4.20385774500858 1.22880693908215 6.4333836244386 3.04160464744307 0 0 0 0 0 0 0 0 0 0 0 0 0 0 0 0 0 0 0 0
0.391067361328871 0.643218416099018 2.95012999582374 2.84702074858416 0.805129759260878 2.12341106269535 0.0176843454725973 1.38008416435972 3.90125848884903 8.4263164456981 2.06393861033169 0.941848254479761 4.51766565968104 0.642110184709861 2.14251170040542 0.579845520962937 2.23933658380954 1.38562335290209 1.88079014230591 2.54950873362975 2.50674745500287 5.28345935080773 3.10742109113417 3.68176338829289 0.495143920782076 0.467742589243116 1.43350723126293 0.566223320293852 1.03041535811666 2.09069757143665 0 0 0 0 0 0 0 0 0 0 0 0 0 0 0 0 0 0 0
0.167997160441685 3.6759751339522 0.970455968188465 1.65609005224751 3.09836449128607 0.577113687127942 1.26362964784127 1.1422165481443 1.32852081580879 1.86909449848154 3.98327502248067 0.0589792512629263 1.1185582128411 3.61392586210273 1.31194541132183 5.79743281472549 3.58442031258854 1.69034593412229 3.05097134650726 0.592818228946986 2.40413258536776 0.592356866875011 2.950312294293 2.1001458786686 5.74628138796471 1.36973468087204 3.8233198446737 0.152618743896509 3.03779383821318 0.333382286579191 2.27512047791946 0 0 0 0 0 0 0 0 0 0 0 0 0 0 0 0 0 0
0.640200995833331 2.46599235997843 1.48778102053473 3.0696901633258 3.17847975838873 0.630565339531887 0.0264706119053718 3.79191217265224 0.322411689328412 4.70954287845069 0.544160128657689 0.771361265026617 2.38208038101948 6.0318214769393 0.406210969068218 1.21928710569083 1.32062921395743 3.97736056151789 1.34638602640192 5.46899258690663 8.69992321914094 4.22992650001027 0.93466545887552 1.65696110939347 1.85858211569384 4.03347127090864 4.81005277682833 2.42587637683885 2.01472099905047 4.69056331645959 3.51849584059429 1.50791509011231 0 0 0 0 0 0 0 0 0 0 0 0 0 0 0 0 0
2.19368802960655 4.3403340873515 3.19046313067725 1.89809379533573 1.13181311790087 2.86718219240165 0.83841656633318 2.18525286431169 4.37731973940893 2.39054146727568 3.07387354512035 0.320690641894935 4.11418681736272 5.78160841208041 1.94535595373299 1.62901605391024 0.29369068651166 0.214599502863908 4.45771723003523 7.60328872838069 3.87554346870206 3.31261437037077 0.0777898592361685 1.7362244032769 0.787355784494336 1.99636401689093 0.25474227046099 1.02306279372245 8.97017905362751 0.0586527109507772 6.87585571652364 0.258272398573592 2.41087206712424 0 0 0 0 0 0 0 0 0 0 0 0 0 0 0 0
0.348634547791891 1.8336851505236 4.083542814483 0.472751996749354 6.28958476723084 2.1335120820238 5.40829462254257 1.3208925987588 0.479343146147407 0.75596614284328 0.230783328061885 3.63663070972511 0.293496477304482 0.17465801723037 3.39376387756344 2.70329573514255 3.55717166575539 1.09081236511328 0.967997976978187 3.49575861153401 2.37387326025607 2.51861660297117 0.696591503012646 2.55638678050716 0.354355001003809 9.71474807528167 4.14931034931254 3.1232767580454 6.67021003107329 2.20460750769321 0.557594321578619 0.59954241040574 0 0 0 0 0 0 0 0 0 0 0 0 0 0 0 0 0
4.47757881874551 2.3444929232612 3.7296550377273 0.75438237847896 3.09438539798337 0.25492129884193 4.92450265523738 1.33135001846243 0.714435017991393 1.43125287812699 2.25107865498894 1.90254746673197 2.9909517175839 1.62978864664358 1.60895712673669 0.775406934100403 0.662214470878047 0.433819232489061 0.602280287824954 0.1036768780675 5.34344001837464 0.38769042595514 4.26767400377445 1.00739391314073 1.23840681597492 0.651507363582361 0.600361533416421 4.86854626989455 2.93189987599747 1.36945521372187 0 0 0 0 0 0 0 0 0 0 0 0 0 0 0 0 0 0 0
1.05787456926785 1.94117455606416 1.96499701374682 5.06027777992314 3.40692596534392 1.76808905146952 2.02659747870903 3.23099362086188 1.17659496238058 0.265393069888328 0.364203764847302 1.05468748096973 1.09949318899418 1.06433263961433 1.53542302179117 0.669498560258213 0.857204704317606 0.96783191669406 0.035670426479111 3.65700017400345 1.5114402638068 3.95038402970325 1.98972804758753 3.18983243533796 0.858900985509509 1.90245313277221 3.77217149867874 2.11399740151289 0 0 0 0 0 0 0 0 0 0 0 0 0 0 0 0 0 0 0 0 0
4.50321283054291 3.20514561942527 1.71437774350261 6.33478560661267 1.10417129154246 0.735706140133422 3.72210847832326 0.778692935612175 4.30646409604945 2.97986531501783 0.831078671398003 2.14648134812962 1.11941685843184 2.4781787983146 8.11190045189383 6.68491012009202 5.12983367618723 6.64552657978021 3.6132673745575 0.0357559746264106 4.87801347634094 5.49529881335508 2.52728216194442 0.189019113172816 4.27756974938412 5.00910144282807 0 0 0 0 0 0 0 0 0 0 0 0 0 0 0 0 0 0 0 0 0 0 0
1.59632311858984 1.21288413800704 3.12020675920914 0.166649654454648 5.08507720938128 2.4673749368128 1.48650924918372 1.2098495948226 0.392506251461829 2.63292966056722 1.84307715791865 2.60178998221075 0.954303190514719 4.02429529694371 2.20421618787606 1.21989712778738 0.378949362829432 2.57745270824312 1.24265409423152 3.01966829183218 1.83279841238172 0.932633794465394 0.197013051804351 6.14225673867321 0 0 0 0 0 0 0 0 0 0 0 0 0 0 0 0 0 0 0 0 0 0 0 0 0
1.837012093908 0.803794874797499 2.88020477849553 2.19844070069367 2.47468498146185 1.3033465448891 5.93999672422583 2.44863106441688 0.305359667722031 1.39338977173997 2.2829029600868 3.30677788608256 1.56286682048438 2.17271418629703 1.61629783840952 1.8413583101062 0.533111032609197 0.293921153035276 3.83476042464931 1.99702754978284 5.19497240195102 0.122035314865186 0 0 0 0 0 0 0 0 0 0 0 0 0 0 0 0 0 0 0 0 0 0 0 0 0 0 0
8.02500585190795 2.83471717088843 4.43559581351054 4.08575937557928 5.49589138732211 0.0533445941599834 0.213367549988545 0.128928628983707 2.85197581367729 2.52519360767034 2.32857075921421 4.40169047413302 0.575098230827144 0.0186305328344264 5.14403509671587 1.20994811948158 1.04553132130196 1.85945318128664 0.434114686882118 7.03218003091184 0 0 0 0 0 0 0 0 0 0 0 0 0 0 0 0 0 0 0 0 0 0 0 0 0 0 0 0 0
0.132249423579322 0.202147057880179 3.60350738434376 4.90440322125338 1.22961885353545 4.43697053503922 3.78550218097517 0.738194398675574 4.07392022771431 0.0924835806310407 0.219264121346294 3.51898313489555 4.44707513081669 0.562928109930484 0.901171510538509 3.6672549776142 0.63486813563863 0.293332474966173 0 0 0 0 0 0 0 0 0 0 0 0 0 0 0 0 0 0 0 0 0 0 0 0 0 0 0 0 0 0 0
0.567651722826256 0.958025292425626 0.0343160180629562 4.18129067454287 0.456088936769152 4.67135166809342 0.677869968553274 1.5613959562367 0.141521043046553 1.61040441684292 0.198316458843549 0.82451075311106 0.641351920715615 5.4018885410951 1.09886700092746 0.752944243257721 0 0 0 0 0 0 0 0 0 0 0 0 0 0 0 0 0 0 0 0 0 0 0 0 0 0 0 0 0 0 0 0 0
0.957936190696284 2.65346544688344 3.78280227752154 2.26886650915183 1.58355155540505 0.548008066984756 0.364327854711522 2.6598806470811 0.165415622115134 2.92685797175507 2.55217305604163 4.97637837609962 1.71630076840802 4.32340641386767 0 0 0 0 0 0 0 0 0 0 0 0 0 0 0 0 0 0 0 0 0 0 0 0 0 0 0 0 0 0 0 0 0 0 0
1.92814340558943 0.589395807581564 1.34274114109862 0.0322259717706648 6.77502555352729 0.747504706582431 3.66536162215605 1.29815033356153 1.46748536946082 2.44600150779487 3.32729910060299 1.23172202192822 0 0 0 0 0 0 0 0 0 0 0 0 0 0 0 0 0 0 0 0 0 0 0 0 0 0 0 0 0 0 0 0 0 0 0 0 0
1.15165867305591 9.73931746717388 1.17626505343759 2.61649808905467 2.11374429365063 4.44644667782528 0.110510539255265 2.57752920075313 5.67779680541619 2.16077734874287 0 0 0 0 0 0 0 0 0 0 0 0 0 0 0 0 0 0 0 0 0 0 0 0 0 0 0 0 0 0 0 0 0 0 0 0 0 0 0
1.207632705826 0.760255385059375 4.34629425404719 2.9097949314365 0.318450565954452 1.91996169332364 2.70260882010291 0.276896563419818 0 0 0 0 0 0 0 0 0 0 0 0 0 0 0 0 0 0 0 0 0 0 0 0 0 0 0 0 0 0 0 0 0 0 0 0 0 0 0 0 0
2.40135934929965 2.50303048850088 1.35903674371965 5.38438115881493 0.534781053129622 2.69682514702127 0 0 0 0 0 0 0 0 0 0 0 0 0 0 0 0 0 0 0 0 0 0 0 0 0 0 0 0 0 0 0 0 0 0 0 0 0 0 0 0 0 0 0
0.442529857738275 2.0597257215225 3.65901209316161 4.14430680216054 0 0 0 0 0 0 0 0 0 0 0 0 0 0 0 0 0 0 0 0 0 0 0 0 0 0 0 0 0 0 0 0 0 0 0 0 0 0 0 0 0 0 0 0 0
5.60040821486709 0.62083149186191 0 0 0 0 0 0 0 0 0 0 0 0 0 0 0 0 0 0 0 0 0 0 0 0 0 0 0 0 0 0 0 0 0 0 0 0 0 0 0 0 0 0 0 0 0 0 0
