1.56958616838315 0 0 0 0 0 0 0 0 0 0 0 0 0 0 0 0 0 0 0 0 0 0 0 0 0 0 0 0 0 0 0 0 0 0 0 0 0 0 0 0 0 0 0 0 0 0 0 0
0.224907164107075 1.54998718804542 0 0 0 0 0 0 0 0 0 0 0 0 0 0 0 0 0 0 0 0 0 0 0 0 0 0 0 0 0 0 0 0 0 0 0 0 0 0 0 0 0 0 0 0 0 0 0
0.179536911753904 3.31531362748328 3.67957739695479 0 0 0 0 0 0 0 0 0 0 0 0 0 0 0 0 0 0 0 0 0 0 0 0 0 0 0 0 0 0 0 0 0 0 0 0 0 0 0 0 0 0 0 0 0 0
6.37867433987521 0.676811191674577 1.06860048823553 3.814742235934 0 0 0 0 0 0 0 0 0 0 0 0 0 0 0 0 0 0 0 0 0 0 0 0 0 0 0 0 0 0 0 0 0 0 0 0 0 0 0 0 0 0 0 0 0
1.69994792765606 1.01369703590291 7.82865907912351 0.289305407205501 1.28400041170894 0 0 0 0 0 0 0 0 0 0 0 0 0 0 0 0 0 0 0 0 0 0 0 0 0 0 0 0 0 0 0 0 0 0 0 0 0 0 0 0 0 0 0 0
0.746351698408435 1.39078861104826 1.66004575603007 0.969137434400809 3.43914378322803 2.60408528920949 0 0 0 0 0 0 0 0 0 0 0 0 0 0 0 0 0 0 0 0 0 0 0 0 0 0 0 0 0 0 0 0 0 0 0 0 0 0 0 0 0 0 0
1.05565936733943 0.210168590110466 0.95733911375988 1.62771006264953 0.1909385109724 4.67601706032491 0.055340063089254 0 0 0 0 0 0 0 0 0 0 0 0 0 0 0 0 0 0 0 0 0 0 0 0 0 0 0 0 0 0 0 0 0 0 0 0 0 0 0 0 0 0
3.83026842023397 0.638895899878609 0.893693985075921 1.56236713010616 0.0759942579166791 2.49526897793604 0.484755677654169 0.425821981794669 0 0 0 0 0 0 0 0 0 0 0 0 0 0 0 0 0 0 0 0 0 0 0 0 0 0 0 0 0 0 0 0 0 0 0 0 0 0 0 0 0
0.890831920927231 6.93346060277151 0.655291504323525 1.3608229196879 9.58208876226577 5.78438650756158 1.9237017967122 2.11256126477177 5.16601538137578 0 0 0 0 0 0 0 0 0 0 0 0 0 0 0 0 0 0 0 0 0 0 0 0 0 0 0 0 0 0 0 0 0 0 0 0 0 0 0 0
0.322547735715933 0.703561033984041 4.3090783417845 3.61091082154977 0.264770916527033 1.87612146172382 2.73009368570152 0.683846055136453 1.49451396328646 0.180146621623754 0 0 0 0 0 0 0 0 0 0 0 0 0 0 0 0 0 0 0 0 0 0 0 0 0 0 0 0 0 0 0 0 0 0 0 0 0 0 0
0.0606660461194177 4.92024598381392 0.227361045112059 0.0987409704567784 3.7553353019799 0.276604514802033 1.99298161464051 0.930969725443389 1.35010308625752 0.413681243544659 0.103109357898367 0 0 0 0 0 0 0 0 0 0 0 0 0 0 0 0 0 0 0 0 0 0 0 0 0 0 0 0 0 0 0 0 0 0 0 0 0 0
0.623809770026583 3.64265258549354 0.380931498276828 6.39105027930807 0.13350902468513 5.22776979790109 2.3805712202865 0.301440725164374 0.981663530101601 1.62330810539847 1.83403799903966 7.6007190415402 0 0 0 0 0 0 0 0 0 0 0 0 0 0 0 0 0 0 0 0 0 0 0 0 0 0 0 0 0 0 0 0 0 0 0 0 0
1.16445235384348 2.08716434929286 3.71681439754784 2.62218871596238 1.15188144779458 0.851458525297959 1.28251227880128 5.16753176565502 0.469261567667565 5.17294012041835 3.54778211384752 2.07805279373876 6.20833967366132 0 0 0 0 0 0 0 0 0 0 0 0 0 0 0 0 0 0 0 0 0 0 0 0 0 0 0 0 0 0 0 0 0 0 0 0
0.262317566441179 7.59021018937294 1.64136505472735 1.13712749779263 3.49260520404008 5.12576234280492 1.52304612599265 1.36356618856323 3.46175639234161 1.35029559435705 0.0925642031874604 0.0219207881794319 2.93553789981725 0.278801229728145 0 0 0 0 0 0 0 0 0 0 0 0 0 0 0 0 0 0 0 0 0 0 0 0 0 0 0 0 0 0 0 0 0 0 0
3.40232721646352 2.05749273720887 3.748648601548 0.138546723405267 1.2511198076877 6.5874064170664 2.97400165109102 1.80593912994782 0.552385019268072 0.704713919902785 0.709121092890088 4.50625281356736 0.180782323165315 5.5210131665968 3.37212693338912 0 0 0 0 0 0 0 0 0 0 0 0 0 0 0 0 0 0 0 0 0 0 0 0 0 0 0 0 0 0 0 0 0 0
0.166162762081122 5.48821771840419 2.1268667796842 3.39831716704855 3.81323739818638 2.94435144412714 2.2246351458918 3.84184505623738 1.98083307489256 0.0736477240629148 2.57317371698215 1.38594513445688 0.966910952305929 1.4875868608427 2.90633346422447 0.506691929380126 0 0 0 0 0 0 0 0 0 0 0 0 0 0 0 0 0 0 0 0 0 0 0 0 0 0 0 0 0 0 0 0 0
0.734239640185636 10.8465349361936 1.61563879142513 0.741205734845163 0.665442741336423 2.01494188267787 0.413301843026376 2.02744513873221 1.1627799537046 1.2901843548651 3.63096799866974 0.633786162080446 1.04442449789296 3.55635181530719 0.682255749272701 6.26453690385475 1.44886311363802 0 0 0 0 0 0 0 0 0 0 0 0 0 0 0 0 0 0 0 0 0 0 0 0 0 0 0 0 0 0 0 0
3.80946224196967 2.24279636493156 0.183922681376566 2.6893640744428 0.0368464028556584 5.3801944641575 1.80871982500228 1.48441776817184 0.567055912717555 3.54585711618367 0.124913730687368 0.698244070851512 1.09925440764345 1.87526026141255 1.10297131313872 2.3529930705521 1.55873820434015 3.48058251012585 0 0 0 0 0 0 0 0 0 0 0 0 0 0 0 0 0 0 0 0 0 0 0 0 0 0 0 0 0 0 0
0.941344158975286 1.02447057450131 0.479444765766467 0.884548291496724 2.04004908353746 1.24140063630106 0.237041983264442 0.928053263910946 6.25119424812033 0.0599659218013787 0.948661106929839 1.16322840432561 0.151065173640436 4.33506257233732 0.158535649718944 0.407312167239319 2.65582187404344 9.76320466702865 1.07966539216482 0 0 0 0 0 0 0 0 0 0 0 0 0 0 0 0 0 0 0 0 0 0 0 0 0 0 0 0 0 0
0.655369962682402 3.08628591005928 0.527272220217511 2.17601014388374 0.59238960689208 0.415208642107625 1.35323793289353 1.8541882495624 2.21555755037134 0.612729713797784 0.756030216538334 1.71593007044962 3.62526281275214 1.292555330981 0.333868886520875 0.441537163135516 11.3417837030806 0.258846356088449 1.44774664216829 1.98643917110396 0 0 0 0 0 0 0 0 0 0 0 0 0 0 0 0 0 0 0 0 0 0 0 0 0 0 0 0 0
0.256505549993216 0.795500526129564 9.07614524461115 2.91269228564425 5.75940515183143 2.81668830980152 5.93212612920073 3.55452151250272 1.0973255091363 4.79986402651542 3.03711637208333 3.85352689913296 4.09655141689688 4.70104886882657 5.1903754220113 4.31401308089765 0.683676037948235 3.13716119681532 0.730662149790217 0.0255876238864916 1.90567784518987 0 0 0 0 0 0 0 0 0 0 0 0 0 0 0 0 0 0 0 0 0 0 0 0 0 0 0 0
0.607920222116776 1.53220823816763 0.774874681098327 0.334730735845374 1.52911554200089 2.58127711296258 0.518049137988551 1.71081719745661 2.39327858397688 1.22152051282096 2.75801745229288 0.482855131315937 0.181691759757693 1.52197977735189 2.24219224385504 1.53460633980033 0.695367678402862 0.171359972127622 3.14221893996582 0.0956602100463765 4.27140954692504 1.86608199553421 0 0 0 0 0 0 0 0 0 0 0 0 0 0 0 0 0 0 0 0 0 0 0 0 0 0 0
7.93185866210073 2.96678266551611 0.843580359644004 1.79974136036508 0.267373934474947 6.30585467988858 0.240551689095701 13.6398533330637 2.13684622519073 8.74024231940157 0.692418599161206 2.11350723187628 1.91130136755139 1.17930202689163 6.35892049797217 7.03094100281987 1.33416695205047 2.25409934791297 1.02296969876264 0.177011048881415 4.55643765908704 0.787903369607213 1.82848638348367 0 0 0 0 0 0 0 0 0 0 0 0 0 0 0 0 0 0 0 0 0 0 0 0 0 0
1.50396125136431 0.169053865420192 0.91771660379517 4.30062664944614 0.886233240549228 0.693785384477385 4.64091682673664 0.025806883871536 1.49338102255363 0.158986058565281 0.180985722589002 2.22620197619378 1.28052014113274 0.969476676596347 3.88388250562696 5.30348694528587 0.199748812892977 1.09336586324852 0.29438262777018 2.22273332029948 0.973409448978293 2.71633713034831 2.84479242521627 1.61093306746046 0 0 0 0 0 0 0 0 0 0 0 0 0 0 0 0 0 0 0 0 0 0 0 0 0
1.86266491273381 0.709625791659623 0.393056136868889 1.85080893404332 1.72662589985415 4.61607140733345 5.08539872811539 0.316745255638283 6.13824412136775 3.439690615273 4.51778126399391 0.0674436958245417 3.81453153971591 1.33245770474935 0.639947865725048 0.828659647218629 3.42083310932897 0.151591420441373 3.87944344188288 0.0626394132566994 1.93945417122184 0.486951343163625 1.81148206953477 0.246867986593876 0.592259152084516 0 0 0 0 0 0 0 0 0 0 0 0 0 0 0 0 0 0 0 0 0 0 0 0
0.223438939184575 3.6571968749777 0.992142346941268 0.474111471261331 1.48595416511653 3.68687030144543 0.656077522951464 0.539562905508225 0.831594466417464 0.0670340497095338 2.01567275877851 1.41786927055853 1.92261560230479 2.22988619033225 0.543915627602131 4.37933141180842 0.472820440438967 1.29682347615841 3.84791907017315 4.4115077942329 0.329218308384114 4.92203153689007 2.701355459389 9.02077089326038 0.752513453873262 1.88233458248968 0 0 0 0 0 0 0 0 0 0 0 0 0 0 0 0 0 0 0 0 0 0 0
2.59467986017826 0.25747024649792 0.0987195036575617 1.69649518844253 0.136313687526614 1.10564465755044 1.07029696697119 4.47501683071046 1.49061941780962 2.12297706801672 0.0952673422702549 2.57913152376996 0.060461430714436 2.2225812702352 0.686610884682784 0.194077538607691 0.39973174888658 4.13485106868662 1.24312819842177 0.447413771040888 1.59385347881566 3.5981726857704 0.545517165513669 1.4156618448999 0.631878728604364 0.070343649002779 1.56957695579495 0 0 0 0 0 0 0 0 0 0 0 0 0 0 0 0 0 0 0 0 0 0
2.63581659291153 4.84274922939376 4.59553612720362 2.16527632710347 1.01877077106833 0.448472159988042 3.72534583578693 2.04847009833051 3.2347385101177 0.870511228895004 1.88821217601644 3.32271325552707 0.699416449107797 2.98424235133665 0.638793547545596 0.00157468590419329 2.33403197015937 1.59194679678821 1.91752065029812 1.05701852723749 0.0821395210321449 13.4545215816932 2.19397609000093 3.46430825873613 5.77062431282742 0.920911518857493 0.554864830875695 0.978010907149475 0 0 0 0 0 0 0 0 0 0 0 0 0 0 0 0 0 0 0 0 0
0.432505330151031 2.50579810156945 0.609184926395961 1.62473306170828 1.12926190572534 0.74514876231833 1.03021174874926 0.0893393917286776 0.525951225349556 0.153441858652002 0.138721124314386 1.50531733610716 2.46121578827981 0.0772590708283263 2.04106795179858 0.804435615901188 4.10055342594825 3.26696325165415 7.2440044817531 0.922791113321371 2.14229607524186 1.04642588202811 1.14475200769394 5.81455959743974 1.84005008294667 0.0289585498861944 1.55613227769214 0.748634838987851 0.282547016267069 0 0 0 0 0 0 0 0 0 0 0 0 0 0 0 0 0 0 0 0
4.04459891456182 2.29523459440394 4.48331902157497 1.16807268859256 1.11366894168619 0.572220553712881 1.17607683983015 1.99209494594545 2.78775492651248 0.00306166193762273 0.71518844334469 1.11240421392903 3.58412008706002 1.58351613520228 0.317145996808638 0.428672370929618 2.05068337554029 0.971049547346062 1.10370554268312 0.899836514408565 3.70793100587573 4.05010585919021 4.9447527682907 1.29841260730398 2.89531515863582 0.740877307912804 0.737827571114206 1.93671684801322 2.33030827095266 1.06729268868442 0 0 0 0 0 0 0 0 0 0 0 0 0 0 0 0 0 0 0
0.0344151809919656 0.496991605951552 0.450224923499651 5.80860155959624 0.161923336786073 2.52036651120817 1.48387691977047 3.83427802390612 0.226347275316043 3.41453419910708 1.36247600255638 2.55773223387027 3.58574756228564 0.126754236175089 0.408997222919072 3.31041844737651 2.07538693068365 0.460778609542525 0.257027674925167 2.23898159200851 4.09169541789059 0.552919685758895 4.34098736101112 0.33859357912649 0.258429844330931 1.90327831188968 1.12217127794043 5.36126343309814 0.0530021520739148 3.18659899804265 2.64898732960888 0 0 0 0 0 0 0 0 0 0 0 0 0 0 0 0 0 0
2.43020959875431 0.395117047644212 0.487567632768038 1.1248583493168 2.67066484356277 0.0602635715784438 4.43159343950042 0.520899087912395 2.22508802094784 0.453667443209148 0.598817084218238 0.158753757260342 3.65396195953111 5.21686329623883 0.356205903087515 1.20417833157665 0.592288915175304 11.1258326456105 2.15791627540588 1.92531335859433 2.74972453551429 1.76355044210986 3.76672110190126 1.74378073462999 1.30967116536962 0.590328266585381 0.707825845264772 2.64187438999233 2.17876976539093 0.857836025607722 0.714098262879145 0.966048806154192 0 0 0 0 0 0 0 0 0 0 0 0 0 0 0 0 0
3.32605460464783 2.58708404069683 3.56489432590048 0.0119727386299051 0.732178325296214 0.00245822671495241 0.0568846265416275 2.08905054018262 1.83230465794365 7.91209644824227 2.68075940400123 1.12041021820488 2.1371189342881 2.10797507303831 1.52641379133816 2.25129835185007 0.26625365531123 0.825426608665496 6.62909894519172 4.74005587178318 1.17448941482128 1.26389019734926 0.16857333611545 0.530852314236277 0.465345092097485 5.67761795357379 0.480992054354911 2.54167837912422 10.0031526026177 1.24894654595343 1.28675458623194 2.64354514936768 4.22806574116929 0 0 0 0 0 0 0 0 0 0 0 0 0 0 0 0
1.33043127025 2.0640551622983 4.84211609146388 1.35598169641803 1.61617276173905 1.38087104887046 0.272755153357549 1.57434964800752 5.0037719195 0.043408314876494 3.95219868078555 2.66200807699441 2.99155287044701 1.78574936219062 0.840060110086019 4.41605154149824 0.481769998979928 3.8647239322837 0.46507496708698 2.87242451932929 2.97121211235081 4.06072283067164 5.18490651690062 1.11579404043771 0.89427413161559 5.07494907545801 3.86925058749758 0.276205489885515 0.818029912597763 1.28809659684459 0.867275388758704 1.0483650338967 0 0 0 0 0 0 0 0 0 0 0 0 0 0 0 0 0
0.564991442021917 2.27869536672958 3.38521767728884 3.96490854815844 7.86271559271561 2.5574817536648 8.52432640459384 0.549345848004749 0.20050366057834 0.195244338190084 3.95510959016574 4.85255208205946 0.670200002835369 1.9509001714342 0.245380738687129 2.19633499067278 0.79119584404291 2.95301590201326 0.939293073949124 9.90922719895219 1.656468970819 1.63579646044821 0.00288818772790668 0.169609972565856 3.43436380162658 1.93625610604283 1.2261019507964 1.66241292188856 0.500374686400824 1.91072392942204 0 0 0 0 0 0 0 0 0 0 0 0 0 0 0 0 0 0 0
1.04845377732919 2.38707193132271 2.04810107580299 1.31829650903244 3.45432784986686 0.370982067325056 1.27205241483356 0.69123573963831 8.63216268204534 2.48261072524668 2.65247815396015 1.38753684946128 3.48891020640063 9.85596479076965 0.53776166075288 0.433351571730153 0.758647208650849 5.96857826833881 13.813029225644 1.55844157112245 1.13677309555601 0.0293277281489835 1.277407814549 2.03860854745063 1.27133743442737 1.88916207473119 2.70113929036326 4.37796060816039 0 0 0 0 0 0 0 0 0 0 0 0 0 0 0 0 0 0 0 0 0
2.98058398995243 0.00377586226559535 2.806996044965 0.478590288372312 3.23393463041113 0.890199807029834 1.95007112196386 2.93221664878933 0.398289338327533 0.521748883349149 5.44061964270799 0.727135779293587 1.64127272931632 1.66728162983696 3.86553792525091 5.34583700669271 3.14898160410429 4.81670411792878 0.808454554948515 1.80906850657831 2.62038880192728 0.503843000109016 2.44831840074401 8.13360220848573 5.23081643417202 1.27712853511135 0 0 0 0 0 0 0 0 0 0 0 0 0 0 0 0 0 0 0 0 0 0 0
4.06490385641665 0.68002556562503 7.4818043286867 2.64142842837146 3.64933650080854 1.80921961979456 6.13901359361555 1.26449591108068 7.07911941171049 1.83791377517529 0.5465720124463 4.78339984403473 3.03212136355414 3.69219206562062 3.08945951977513 0.682684974659427 5.74847366946783 3.80119829818211 2.01050260109089 0.0564009308051538 2.58580214143559 0.339072257279016 5.22389239462012 0.0962514650269785 0 0 0 0 0 0 0 0 0 0 0 0 0 0 0 0 0 0 0 0 0 0 0 0 0
4.12671242432981 0.660989586948475 0.912615524691466 2.82174643755699 2.00837276957287 0.0734110086912863 0.402094923685862 7.8426754344114 0.0437860156823054 2.94605176625287 0.169029101533265 1.95781018451284 0.184437067680476 0.479324555245799 0.766110705197239 1.09323118072815 1.68701653988971 0.00170123467959616 2.40637142943638 1.84007173867947 2.68779038673707 0.835676425555359 0 0 0 0 0 0 0 0 0 0 0 0 0 0 0 0 0 0 0 0 0 0 0 0 0 0 0
1.47554945765167 1.32569102939644 1.80201296687124 0.548451022676588 0.417163121522136 2.06024839868056 0.875215957145676 0.228417900099736 1.59955872875736 0.299037603014448 1.39863245620172 1.49080996271247 0.479674128939262 3.07194350594197 1.04882349187296 1.08280596413728 4.46746785516166 2.79582559341526 3.71022695943731 0.942856692748134 0 0 0 0 0 0 0 0 0 0 0 0 0 0 0 0 0 0 0 0 0 0 0 0 0 0 0 0 0
1.82916579594557 3.25363001164232 2.80898616102073 1.41755893558285 0.225537980053916 1.81582429806127 0.889252067106379 0.348153438466927 1.90080257397165 0.216390071504875 0.558263260241832 1.00636009435927 0.41983983138805 2.34573542028862 0.394368593489019 3.068682232716 1.43414864364793 0.00987971171085586 0 0 0 0 0 0 0 0 0 0 0 0 0 0 0 0 0 0 0 0 0 0 0 0 0 0 0 0 0 0 0
1.34313798250361 1.34183465611856 0.120147832372151 0.357790429940804 0.845166516368047 0.205808389799479 1.90423890950432 0.730995255922024 14.5431423064909 4.39714668017272 1.95874834920109 0.703492320093627 4.20954963171098 1.32321524428859 0.388701826548366 1.07403706161708 0 0 0 0 0 0 0 0 0 0 0 0 0 0 0 0 0 0 0 0 0 0 0 0 0 0 0 0 0 0 0 0 0
0.464698078571477 1.70684497226726 0.610995441952579 3.74099795052842 0.89679834424263 0.0367173523378139 2.80141073422804 4.13076666148096 1.46010586117368 3.01234832772041 3.45804220941835 1.50487884625288 1.06846742164422 7.04904925595946 0 0 0 0 0 0 0 0 0 0 0 0 0 0 0 0 0 0 0 0 0 0 0 0 0 0 0 0 0 0 0 0 0 0 0
1.10601005743037 0.827708946497377 1.41036147116732 4.16679240226181 1.57923521079614 1.16656735845957 1.51781445989987 0.84676047225882 0.180065037732734 0.935381804852921 1.92956654188094 5.93074443760455 0 0 0 0 0 0 0 0 0 0 0 0 0 0 0 0 0 0 0 0 0 0 0 0 0 0 0 0 0 0 0 0 0 0 0 0 0
0.802458107139174 1.7616565271883 3.80188336734233 0.125209236102159 4.75371159478932 1.22753033490818 0.961119292983296 1.36681471036243 5.40407970175863 5.98021090003036 0 0 0 0 0 0 0 0 0 0 0 0 0 0 0 0 0 0 0 0 0 0 0 0 0 0 0 0 0 0 0 0 0 0 0 0 0 0 0
2.07514976916574 2.34093111907005 1.35673819709574 0.441893356758836 2.67513013755349 1.87518223965636 1.15803802240162 0.226012876321951 0 0 0 0 0 0 0 0 0 0 0 0 0 0 0 0 0 0 0 0 0 0 0 0 0 0 0 0 0 0 0 0 0 0 0 0 0 0 0 0 0
2.87353536325942 1.11977336731191 2.04546604957995 2.64256733582515 0.405480572404973 1.40658413586064 0 0 0 0 0 0 0 0 0 0 0 0 0 0 0 0 0 0 0 0 0 0 0 0 0 0 0 0 0 0 0 0 0 0 0 0 0 0 0 0 0 0 0
3.12158458095432 17.4277070297976 0.446384053103459 0.688727625492403 0 0 0 0 0 0 0 0 0 0 0 0 0 0 0 0 0 0 0 0 0 0 0 0 0 0 0 0 0 0 0 0 0 0 0 0 0 0 0 0 0 0 0 0 0
3.74764287983116 1.01307015246334 0 0 0 0 0 0 0 0 0 0 0 0 0 0 0 0 0 0 0 0 0 0 0 0 0 0 0 0 0 0 0 0 0 0 0 0 0 0 0 0 0 0 0 0 0 0 0
