1.73205164111358 0 0 0 0 0 0 0 0 0 0 0 0 0 0 0 0 0 0 0 0 0 0 0 0 0 0 0 0 0 0 0 0 0 0 0 0 0 0 0 0 0 0 0 0 0 0 0 0
1.24038871908987 2.29616507100992 0 0 0 0 0 0 0 0 0 0 0 0 0 0 0 0 0 0 0 0 0 0 0 0 0 0 0 0 0 0 0 0 0 0 0 0 0 0 0 0 0 0 0 0 0 0 0
13.7573554065696 0.727118111369142 6.39920861866169 0 0 0 0 0 0 0 0 0 0 0 0 0 0 0 0 0 0 0 0 0 0 0 0 0 0 0 0 0 0 0 0 0 0 0 0 0 0 0 0 0 0 0 0 0 0
5.72802307190952 2.05618512756629 2.38588439517547 0.00243815517665063 0 0 0 0 0 0 0 0 0 0 0 0 0 0 0 0 0 0 0 0 0 0 0 0 0 0 0 0 0 0 0 0 0 0 0 0 0 0 0 0 0 0 0 0 0
0.803163437639235 1.82019079289689 3.84376205130163 2.89367753441448 0.762117279766877 0 0 0 0 0 0 0 0 0 0 0 0 0 0 0 0 0 0 0 0 0 0 0 0 0 0 0 0 0 0 0 0 0 0 0 0 0 0 0 0 0 0 0 0
0.374729415467232 0.6322622439937 1.12577985677875 1.05326400439496 4.23449066492638 3.02004495534268 0 0 0 0 0 0 0 0 0 0 0 0 0 0 0 0 0 0 0 0 0 0 0 0 0 0 0 0 0 0 0 0 0 0 0 0 0 0 0 0 0 0 0
0.0215773271615357 3.12122479949985 1.21856998160443 1.72847376335737 1.20189522439711 2.77573299567071 2.27609981171391 0 0 0 0 0 0 0 0 0 0 0 0 0 0 0 0 0 0 0 0 0 0 0 0 0 0 0 0 0 0 0 0 0 0 0 0 0 0 0 0 0 0
0.249431312480339 0.822992200752101 1.86409551659085 0.138848061961047 1.6778431206109 2.83354446728821 0.608015427831556 0.658717820559249 0 0 0 0 0 0 0 0 0 0 0 0 0 0 0 0 0 0 0 0 0 0 0 0 0 0 0 0 0 0 0 0 0 0 0 0 0 0 0 0 0
1.64054532458684 0.340977680070862 1.19435374151037 3.14313957402648 0.444003118574461 1.88358003735204 2.02683383496467 7.60006134379133 2.73530352693769 0 0 0 0 0 0 0 0 0 0 0 0 0 0 0 0 0 0 0 0 0 0 0 0 0 0 0 0 0 0 0 0 0 0 0 0 0 0 0 0
0.33267783317043 0.0120884225122395 2.98826980126367 10.8557946310813 1.76156935806377 2.26338787143035 0.165285412762549 3.79226892025522 0.173126286299731 3.80138274896347 0 0 0 0 0 0 0 0 0 0 0 0 0 0 0 0 0 0 0 0 0 0 0 0 0 0 0 0 0 0 0 0 0 0 0 0 0 0 0
3.78574335733221 4.86013414482445 0.672337794894855 2.10720476077307 0.631969412585229 1.78084639240769 2.40096032150964 0.0574522418248862 1.11295615058464 2.62406765079559 2.31341859634961 0 0 0 0 0 0 0 0 0 0 0 0 0 0 0 0 0 0 0 0 0 0 0 0 0 0 0 0 0 0 0 0 0 0 0 0 0 0
5.07410782052663 3.86250591655324 0.605824236025152 0.0924637466178994 2.44791669450204 2.92168770603619 1.90182282306296 1.10111111053529 1.08630272453704 1.39466112624119 3.72984035147809 7.54504092493696 0 0 0 0 0 0 0 0 0 0 0 0 0 0 0 0 0 0 0 0 0 0 0 0 0 0 0 0 0 0 0 0 0 0 0 0 0
1.59209642439256 1.9697686482841 0.635325519563081 1.7707270424395 0.223335676312318 2.80357815681613 1.46201613543488 2.74494834631678 1.86331167832984 3.25238633804511 0.692453958350405 0.127043222573626 2.75630108837744 0 0 0 0 0 0 0 0 0 0 0 0 0 0 0 0 0 0 0 0 0 0 0 0 0 0 0 0 0 0 0 0 0 0 0 0
7.55718551218866 0.851840148833392 3.11588575987272 0.15926772806903 0.336822412747079 0.310740645925771 1.9312265614446 1.25940195585535 0.182012492457401 1.59650399110567 4.68516635280875 13.9739146169274 5.04874869942657 1.08995283510171 0 0 0 0 0 0 0 0 0 0 0 0 0 0 0 0 0 0 0 0 0 0 0 0 0 0 0 0 0 0 0 0 0 0 0
0.0135650969279188 0.401005279528995 6.63134790183437 2.22693954608295 0.367631248335956 0.563455753595688 1.70888931565701 5.90153418648237 2.44495471848263 1.11879079560072 3.56460275859807 2.27535704943186 0.2810510902135 4.43926193742389 0.67543193781328 0 0 0 0 0 0 0 0 0 0 0 0 0 0 0 0 0 0 0 0 0 0 0 0 0 0 0 0 0 0 0 0 0 0
1.51302910913562 2.56065989350051 6.75438225874267 0.307246807692462 1.26078330216318 0.73299306583038 3.18188729225043 1.37527428796866 3.81489082034142 1.01663191716993 3.54713368489462 6.43066385689049 0.346626560610914 0.267216578093561 2.13258075531579 1.3867881306433 0 0 0 0 0 0 0 0 0 0 0 0 0 0 0 0 0 0 0 0 0 0 0 0 0 0 0 0 0 0 0 0 0
3.75684315258762 1.98283472165005 2.42090744741435 3.43066543209045 3.52827079049075 2.69308030002048 1.51703467910136 0.969585354477476 0.606854119507822 2.73122380473026 1.87794289535827 3.08107762982611 2.97197757603051 0.587315711877613 1.67226568672074 7.13069819260438 0.354307576259522 0 0 0 0 0 0 0 0 0 0 0 0 0 0 0 0 0 0 0 0 0 0 0 0 0 0 0 0 0 0 0 0
1.1716770218557 4.77787483330526 7.49161256918686 7.47981471734208 8.80482939936872 1.00148852398579 1.51628764332946 1.5817373348647 2.71003125890386 0.908004643327846 3.65202159025023 6.73237717960425 2.19585188777144 4.87987888891086 0.292992000152726 1.11029758940838 0.792788669475201 1.03719850836951 0 0 0 0 0 0 0 0 0 0 0 0 0 0 0 0 0 0 0 0 0 0 0 0 0 0 0 0 0 0 0
0.583296822911554 0.72970893416411 3.20422910050135 3.05107682531215 3.3605495576291 0.163707887268082 4.36283715897833 1.3212314191055 0.481288907929832 1.23074634720493 0.419998164193614 0.342710236915006 0.342699732963061 1.00653651382565 0.326687428031272 2.9745312186146 3.35986173297739 0.66100443734003 1.60340634059788 0 0 0 0 0 0 0 0 0 0 0 0 0 0 0 0 0 0 0 0 0 0 0 0 0 0 0 0 0 0
1.78648862276975 0.566271096584755 0.708782393575288 3.3755412932851 0.00566576693342481 2.04375073442291 2.58334884495041 4.95134354985562 0.0924549729681214 2.17491262015439 1.69793824690152 1.82637684128275 5.06364387466212 0.0957112500959098 1.90664450452364 0.459058157975629 3.32803180360462 0.594080935034606 3.82038868603986 1.8666700276962 0 0 0 0 0 0 0 0 0 0 0 0 0 0 0 0 0 0 0 0 0 0 0 0 0 0 0 0 0
6.47465829190146 4.02480643099049 2.5350998085638 5.12252300469122 0.863760933044167 3.14458260938408 0.895225527583869 0.746720286435147 2.80372166607951 2.98361987272284 5.80495107755314 6.89017773860579 7.18642756480294 0.150491617466661 3.83851357536764 1.60297611610607 0.99214434627868 4.74699521789527 0.142522247231065 0.446781117213407 4.29397968717352 0 0 0 0 0 0 0 0 0 0 0 0 0 0 0 0 0 0 0 0 0 0 0 0 0 0 0 0
1.42846197289013 0.896525084764935 0.770467686944137 2.68956104720267 0.340517423622256 0.715386907488049 0.0188598857493689 0.286449001215854 0.473943246208755 0.253915926373176 2.72345512306255 1.12149715470992 1.63711754872216 0.529345139203959 0.430261599474705 1.28372329041042 0.232281165167338 1.53248342713523 0.000547222122508181 1.44959601700254 4.11373808201323 0.185465978475202 0 0 0 0 0 0 0 0 0 0 0 0 0 0 0 0 0 0 0 0 0 0 0 0 0 0 0
8.10638247651762 2.6166752213402 0.844797541034208 2.91098866418104 4.67382015364633 0.0753385499131369 1.08368704793817 0.548588374840376 0.270649549588732 3.74096409299036 3.13243488055182 3.22665716833964 1.52081146634708 0.138320758528794 2.22247083068239 2.39036863366292 1.81278960638794 0.159777187154561 4.4007494900126 2.11287737145438 3.37940235520338 1.8847023571099 3.62734135987885 0 0 0 0 0 0 0 0 0 0 0 0 0 0 0 0 0 0 0 0 0 0 0 0 0 0
2.33532359166016 8.27174848331873 0.41588983691503 1.55134166783697 1.9957699084153 3.98270811898202 5.87641747169056 2.6394556723579 1.53128487005776 0.394231912432731 0.765276074286283 3.191423299444 4.2507323349985 5.70899334344861 1.28361360362789 2.10093334479896 0.258928316491994 1.61325717251576 1.48959819646616 0.976690619373425 1.39642316593177 2.44397581887619 5.90411139984447 2.56995367155684 0 0 0 0 0 0 0 0 0 0 0 0 0 0 0 0 0 0 0 0 0 0 0 0 0
2.55606872204988 11.1552067516107 0.698938241815872 0.194634954208362 1.28108886543624 1.92681369818132 0.798310919751177 3.23701406483003 0.341353619795227 2.48526641481974 1.05208029981222 6.40809453784127 1.81036250964501 0.0193110135380659 0.542922151722267 0.15685217005484 5.40028635649563 2.14270969932503 5.48056911170649 2.3936952296274 0.47453406141845 1.07730647590334 4.09141327159426 5.81262941278324 1.78650674107709 0 0 0 0 0 0 0 0 0 0 0 0 0 0 0 0 0 0 0 0 0 0 0 0
5.32144008607589 10.2102772126614 0.471442392976424 2.68018111778663 3.0918748870308 0.0335008173551525 0.761274267954149 0.500951683557543 4.09773315217626 0.980325663058344 5.26439178815171 7.35835911207411 3.33952297189378 1.01621287413216 0.279697965307756 8.30294222834997 1.37050023814398 2.00471223192104 1.70315211022482 1.04518745778011 4.58915533357089 4.57790546404849 2.71629789598247 0.553054626184833 6.04358595076501 5.05672018792383 0 0 0 0 0 0 0 0 0 0 0 0 0 0 0 0 0 0 0 0 0 0 0
5.24752839987531 3.32214308897538 0.736216956620315 1.07255762268894 1.57962708585881 1.19345535268078 1.34813905152073 0.733440145895834 0.0443260827878653 0.0919194717543722 2.01552385305931 6.34062786633767 0.847887685553533 2.13151106008398 0.709716548405014 4.72392386552723 1.17887412720459 14.7205023633959 1.61521810368491 0.236743413673845 7.50324653199267 2.25195123195982 0.0739779682033231 6.8539313802689 6.02466566941466 4.21034121418583 0.148109483254057 0 0 0 0 0 0 0 0 0 0 0 0 0 0 0 0 0 0 0 0 0 0
0.76879450804583 2.05202570419062 0.618260275732638 2.03254687178143 0.887495812840147 2.02579942944759 0.284977439084286 3.74062117835632 1.79901449531864 1.12326895051353 0.539105016307369 0.372874179781981 5.23031172465766 3.28985871163602 1.95964596628619 3.13693379702979 3.16124022383844 0.488910630532168 0.349849013169915 1.11416076518311 1.90234561605151 0.461132091766331 2.6307752852781 5.72560246144135 2.09803504224164 0.900515270585985 2.34155972865216 5.09150423024552 0 0 0 0 0 0 0 0 0 0 0 0 0 0 0 0 0 0 0 0 0
0.485783176189783 0.275795144180192 1.20381984149933 1.4509630679478 0.41222337002487 5.28335177053214 0.894107020383323 8.12218274313148 0.937776825721191 0.276000915273338 1.37500138069349 0.378470200827608 4.34840346826696 2.97424516198413 0.490152490498674 4.33715171892078 1.06305998234785 0.0910115886094621 1.76431279129798 4.99891076007908 1.32002507165694 5.47964949240369 3.01545674320156 2.59480584678142 1.83852651967505 2.81453377371028 4.58028586137257 0.42467911907151 1.47546522044881 0 0 0 0 0 0 0 0 0 0 0 0 0 0 0 0 0 0 0 0
4.65267926322019 2.88544650899512 1.0717907309656 2.71926398154517 0.127636746688332 1.55269020224518 1.96651963255733 1.01355225876727 3.37580430657203 3.07846500618637 0.30207280999626 7.16472325763051 5.89467455985517 4.25327925342566 3.92502597775904 2.20341137645546 0.503455924546924 7.35941781768197 0.836345025803188 0.580134190194081 7.01986910429919 1.72783983859397 0.491580612129806 2.1947315674426 3.05412156309623 3.36282180281999 0.615368007292578 1.02538029029716 2.72549951567624 1.50471783103174 0 0 0 0 0 0 0 0 0 0 0 0 0 0 0 0 0 0 0
1.6328321897552 10.1160690335154 0.285934016037648 0.9344630902978 0.603165495479424 4.82334426713277 1.38942834020778 0.852333396409477 0.207284046618395 0.158386255389889 10.4335575485869 0.0781918976924659 1.42473768289188 9.34789810216796 0.0675211504731524 1.59210236779163 2.77312756419446 0.619881066313071 2.65973072766029 4.45890367925528 3.00693063722892 2.83972808859779 0.0726615161308551 7.34316887325027 1.24529031012096 0.524267144379538 1.10029717091652 0.981282244611239 0.593016804078742 2.70497304227173 0.0547148174115462 0 0 0 0 0 0 0 0 0 0 0 0 0 0 0 0 0 0
3.80359582455139 1.2751134883557 2.06671365698927 3.06904745089538 1.71678935501394 1.08273584691942 3.2135281860357 6.19233908778236 2.86653735272857 4.95738219286156 0.375256911645772 4.45514402776791 4.6945763956783 0.927554630899362 0.307598180350469 3.5606796194216 2.13938829263345 0.738162641118195 5.38477485778773 6.20048151801745 1.1183255430723 1.61346880707892 4.619220665526 1.26380224583655 2.71905516438618 1.0729625643401 0.837423975645052 2.6338757567749 0.743906530475331 0.690443361595354 1.25915372231055 3.4036716024227 0 0 0 0 0 0 0 0 0 0 0 0 0 0 0 0 0
0.286463805891806 3.86144774694024 0.970641855211332 0.802844742151094 3.06490656649879 2.55341427832231 3.60333805417284 0.775934957970712 0.120197747989877 1.30308622264102 3.73458357475284 9.40879397532719 1.66785838107577 4.08347159565705 2.1375736101345 7.27827574573035 3.03028108744812 2.48323924123034 4.86037299708106 1.26429408296934 2.37504619059896 0.518733122212119 0.259144131295745 8.29838487441856 3.65406085202936 4.08655501988213 0.821419707672869 0.321565090410021 1.69284832582255 1.14741652431513 1.02065138391825 1.94129589771725 0.265760487679091 0 0 0 0 0 0 0 0 0 0 0 0 0 0 0 0
1.08988882214039 5.96184334918952 2.74517714811913 0.156251045987993 3.5064420147957 1.34229664001261 1.80000442026872 1.21108810176387 1.1255875528016 1.30711771240505 0.129932841774409 0.120597704630287 0.47379913173624 0.0205108745138359 0.691044798229002 2.68071313380577 0.176623136688056 0.585340653217113 0.139991755226268 1.89637092263972 0.632070411642887 0.42511019144533 0.994749778921403 0.173472060033212 0.200967875402302 2.11249956714188 3.08649343906812 0.988560963835912 3.42325184966203 3.81005003807271 2.57268584375773 2.07070165045093 0 0 0 0 0 0 0 0 0 0 0 0 0 0 0 0 0
0.0750533882113975 0.209370482230499 0.497426988151541 2.43594037251211 0.0364280315459402 0.903866805210359 2.43161729628486 0.866552973810257 6.96631437405017 0.202408540480263 0.294835758654135 0.458225004312532 4.06207869032473 1.71151114473442 7.38387564835499 0.803831487129099 0.455716418414463 0.099319352200467 0.35938439189819 0.144938791803793 2.57606661495684 0.101981640070026 2.41174975995701 1.14899159825082 4.8927046734302 0.532122375035325 1.37573118242326 4.03148966461534 1.81768747360176 2.74441295680422 0 0 0 0 0 0 0 0 0 0 0 0 0 0 0 0 0 0 0
1.09429218754935 5.74342973519792 1.30928182187082 3.44110355983918 1.42729158570761 4.97994033641583 0.619853281936494 2.87417757349815 1.00300068613271 0.557208746983918 0.401033608082404 1.59264380508313 2.30527095567009 4.29177981561347 4.56861150830317 0.0146166480661788 1.81545794410789 3.65709204516865 1.18706399733658 0.436244571276779 1.08572475114429 1.1721231568972 0.28470882403244 2.16099373600229 0.734748141820715 7.11115378097287 5.51028771542132 0.965064881277885 0 0 0 0 0 0 0 0 0 0 0 0 0 0 0 0 0 0 0 0 0
1.18989693557891 0.316078945520053 0.538924399284644 0.38633198239461 1.84732813081856 0.140442732375302 0.325891919678149 1.36534873267693 0.688257747090727 1.41569984052281 0.327983580056331 1.41693400058481 2.12161446223304 2.13923249892411 4.14581423251436 0.95934479034797 1.57964793290195 1.810533440454 0.394546959032525 2.75201387379987 0.35846634582654 0.266474635001362 3.08924569024141 0.0324063091461226 6.09252376979105 1.36495283344022 0 0 0 0 0 0 0 0 0 0 0 0 0 0 0 0 0 0 0 0 0 0 0
7.87809468391594 0.450326900150951 1.41954984027086 7.73801641533717 0.137080017077967 0.721946954049235 4.27782512543349 0.453687109436475 1.14926664239505 5.38572803052048 2.36192964835447 0.115622859065314 3.64674744996202 7.15188289600143 1.61409109851827 1.80168507586726 0.331894906694178 2.88041045573767 0.155849667259336 4.29580051912044 0.947629712594833 2.42743626627709 4.62154483924044 2.15131927590353 0 0 0 0 0 0 0 0 0 0 0 0 0 0 0 0 0 0 0 0 0 0 0 0 0
0.588572704006949 0.170584828571918 4.95039489956337 9.37332143326286 4.61106799400792 0.805536054344571 0.105724850222891 1.3261012104684 9.19381272322911 1.53318542923641 0.148531214952578 3.03441973732902 1.34404037083521 2.2493439059499 1.66687934222999 1.15188778625918 4.30026522285494 1.48934617681639 6.40408954236723 0.132689555318837 2.84782256021052 0.137798612414354 0 0 0 0 0 0 0 0 0 0 0 0 0 0 0 0 0 0 0 0 0 0 0 0 0 0 0
2.16095117917145 1.86833850947237 0.998265389660972 0.251969464746031 1.03213835485157 1.17843486371428 4.36158603054119 3.23304444437068 1.86283398021449 3.27264550606337 1.02830409365637 0.634955897024588 3.0386004607339 1.36220404710318 2.62427218009711 2.69567339639189 1.68726173355082 3.30841769499566 0.785290334205035 2.47503014964873 0 0 0 0 0 0 0 0 0 0 0 0 0 0 0 0 0 0 0 0 0 0 0 0 0 0 0 0 0
0.629530360015539 0.626267539998047 2.64599194614247 2.25346851275912 0.544451462386485 0.424347045016698 0.402243098999042 0.61377660642598 3.07227789321299 2.21756392110547 2.79201791978083 1.18788887148782 1.21142509087351 6.77162483648377 3.74915129407494 0.276604254587765 1.07297435691299 0.182307204425658 0 0 0 0 0 0 0 0 0 0 0 0 0 0 0 0 0 0 0 0 0 0 0 0 0 0 0 0 0 0 0
4.21900770694077 2.10410506927814 0.369540815795897 4.41552107196078 3.40598294575047 0.160673850775625 1.30315851305363 0.360633861787821 8.05576989172435 1.3423970352363 2.16407649340244 1.09370051437583 2.67890578328494 1.37587544912239 0.00709705977289469 0.687183563780513 0 0 0 0 0 0 0 0 0 0 0 0 0 0 0 0 0 0 0 0 0 0 0 0 0 0 0 0 0 0 0 0 0
2.95760677856191 0.123442844739856 2.48931819399386 2.92502467844175 0.233657507162752 1.01368187472955 0.657789450289918 3.97847632299365 10.0360623505455 1.20913749881323 0.0406205451859865 3.31554170743042 2.71253328910923 5.61213614594522 0 0 0 0 0 0 0 0 0 0 0 0 0 0 0 0 0 0 0 0 0 0 0 0 0 0 0 0 0 0 0 0 0 0 0
5.15101650019026 1.26911280170107 3.02134428195172 3.96817916497997 1.3462900761499 1.87270396560806 2.77419663255854 4.024749511688 2.14089626593971 3.04325784803421 4.5152125495527 2.07442203675367 0 0 0 0 0 0 0 0 0 0 0 0 0 0 0 0 0 0 0 0 0 0 0 0 0 0 0 0 0 0 0 0 0 0 0 0 0
1.10145564657613 3.09603991872685 4.05905270414149 0.00238722279440562 1.35124037159769 2.26678232734657 0.15214966357053 4.55894179634518 1.62132298857545 0.882883011370653 0 0 0 0 0 0 0 0 0 0 0 0 0 0 0 0 0 0 0 0 0 0 0 0 0 0 0 0 0 0 0 0 0 0 0 0 0 0 0
1.69670398804786 0.103105474324088 3.0395734573573 3.24945977443046 0.411363173040757 0.240255760748866 0.137070773333089 0.00256944092373892 0 0 0 0 0 0 0 0 0 0 0 0 0 0 0 0 0 0 0 0 0 0 0 0 0 0 0 0 0 0 0 0 0 0 0 0 0 0 0 0 0
4.72214947010223 3.16012359536773 3.58198015293907 3.15398078025388 0.183538016696374 0.533128732327004 0 0 0 0 0 0 0 0 0 0 0 0 0 0 0 0 0 0 0 0 0 0 0 0 0 0 0 0 0 0 0 0 0 0 0 0 0 0 0 0 0 0 0
3.07451865659589 0.459285138462401 0.215134494112804 1.58368041477672 0 0 0 0 0 0 0 0 0 0 0 0 0 0 0 0 0 0 0 0 0 0 0 0 0 0 0 0 0 0 0 0 0 0 0 0 0 0 0 0 0 0 0 0 0
0.124609102058927 4.71366946465948 0 0 0 0 0 0 0 0 0 0 0 0 0 0 0 0 0 0 0 0 0 0 0 0 0 0 0 0 0 0 0 0 0 0 0 0 0 0 0 0 0 0 0 0 0 0 0
