0.113946508578504 0 0 0 0 0 0 0 0 0 0 0 0 0 0 0 0 0 0 0 0 0 0 0 0 0 0 0 0 0 0 0 0 0 0 0 0 0 0 0 0 0 0 0 0 0 0 0 0
5.56037942047795 1.66201406974164 0 0 0 0 0 0 0 0 0 0 0 0 0 0 0 0 0 0 0 0 0 0 0 0 0 0 0 0 0 0 0 0 0 0 0 0 0 0 0 0 0 0 0 0 0 0 0
9.21289254621176 12.931419241777 2.66434523974168 0 0 0 0 0 0 0 0 0 0 0 0 0 0 0 0 0 0 0 0 0 0 0 0 0 0 0 0 0 0 0 0 0 0 0 0 0 0 0 0 0 0 0 0 0 0
0.744177505340876 0.455224438897606 8.49361632089386 0.353456818422233 0 0 0 0 0 0 0 0 0 0 0 0 0 0 0 0 0 0 0 0 0 0 0 0 0 0 0 0 0 0 0 0 0 0 0 0 0 0 0 0 0 0 0 0 0
1.54638752298704 1.41651050664563 2.47331560747005 1.43077075508235 1.60466252547815 0 0 0 0 0 0 0 0 0 0 0 0 0 0 0 0 0 0 0 0 0 0 0 0 0 0 0 0 0 0 0 0 0 0 0 0 0 0 0 0 0 0 0 0
0.71848689016028 4.63958978802521 3.29836339661887 5.61960020941436 0.021451304834155 1.17153678420474 0 0 0 0 0 0 0 0 0 0 0 0 0 0 0 0 0 0 0 0 0 0 0 0 0 0 0 0 0 0 0 0 0 0 0 0 0 0 0 0 0 0 0
1.37826379078482 2.00788530724623 0.429619276816653 1.56329319166361 2.75168613199219 4.31310736903265 0.558071591676223 0 0 0 0 0 0 0 0 0 0 0 0 0 0 0 0 0 0 0 0 0 0 0 0 0 0 0 0 0 0 0 0 0 0 0 0 0 0 0 0 0 0
1.44098420641373 0.276159706210206 6.74280553763527 0.0918540424143571 0.578418421496812 3.17698118399598 0.0677743696574833 2.20132025428651 0 0 0 0 0 0 0 0 0 0 0 0 0 0 0 0 0 0 0 0 0 0 0 0 0 0 0 0 0 0 0 0 0 0 0 0 0 0 0 0 0
2.65137909293159 9.32811409100984 1.26056617982223 6.97418380813106 0.437058481887595 1.30307000046382 4.43072910438567 1.70400517852816 0.974772820692684 0 0 0 0 0 0 0 0 0 0 0 0 0 0 0 0 0 0 0 0 0 0 0 0 0 0 0 0 0 0 0 0 0 0 0 0 0 0 0 0
3.60222254359943 0.8735741788321 7.54423371641532 6.12472890185827 3.97645477897447 0.14966119701343 1.2028647159512 1.87831995551748 7.63591477068513 4.56445528600488 0 0 0 0 0 0 0 0 0 0 0 0 0 0 0 0 0 0 0 0 0 0 0 0 0 0 0 0 0 0 0 0 0 0 0 0 0 0 0
1.67829232118891 4.30830263093453 0.103917007181139 3.03321784394092 6.57082125402592 4.1342930119087 1.50025825132783 1.73202637489006 0.441180678058526 2.0611666050542 1.9818825127127 0 0 0 0 0 0 0 0 0 0 0 0 0 0 0 0 0 0 0 0 0 0 0 0 0 0 0 0 0 0 0 0 0 0 0 0 0 0
0.331173181777095 0.406088303089573 0.0601981553935622 1.79915530364532 0.053360706183684 1.47153421142199 5.04667347877434 1.09186352038139 1.65433388533333 1.96637301927122 1.06935443328247 1.47554103008549 0 0 0 0 0 0 0 0 0 0 0 0 0 0 0 0 0 0 0 0 0 0 0 0 0 0 0 0 0 0 0 0 0 0 0 0 0
0.00553774010952227 3.35928368785786 0.144315816046999 0.47127647847227 2.65903035920944 5.36831498375125 0.78402168229708 0.4740094670287 0.66247165109323 1.85194424692685 4.87714896329592 1.45740016969123 4.4092834321395 0 0 0 0 0 0 0 0 0 0 0 0 0 0 0 0 0 0 0 0 0 0 0 0 0 0 0 0 0 0 0 0 0 0 0 0
4.17094673954092 0.43960091508426 2.13439986783595 0.785894359066017 0.227238330406665 0.314303364828985 2.56047558967177 0.90762634074528 2.81706081095969 0.568172437751088 0.0958002469412262 3.34758629345168 0.035508660219082 0.563591023603852 0 0 0 0 0 0 0 0 0 0 0 0 0 0 0 0 0 0 0 0 0 0 0 0 0 0 0 0 0 0 0 0 0 0 0
9.35605513726004 0.640792528523551 0.0648719142598638 1.66842222071768 1.03702704695953 3.6718767205562 0.571024776500165 2.94561687014264 10.455003779313 1.01710100794317 7.21974849090238 1.70268204446146 1.32181935963949 4.63761118249968 2.01613250118748 0 0 0 0 0 0 0 0 0 0 0 0 0 0 0 0 0 0 0 0 0 0 0 0 0 0 0 0 0 0 0 0 0 0
0.0597059542515068 0.618470216729976 0.122037375384204 4.2374388559413 4.39391808019343 0.215026373723432 4.94482780281245 0.560754033079234 3.23129285590546 6.80738296963225 8.10296205710813 0.317707794991412 1.0343529916499 0.658782559924857 0.406923773784619 4.15896257873389 0 0 0 0 0 0 0 0 0 0 0 0 0 0 0 0 0 0 0 0 0 0 0 0 0 0 0 0 0 0 0 0 0
0.688440417512921 0.0469909794015175 0.413217364558405 1.41007179143049 1.51742859649686 1.71868433222046 1.93940720645428 0.853383448874751 0.11156662696726 1.7598853126727 0.115213681363138 4.56127239043881 2.57268080722166 0.258350314407542 1.56729016556345 1.20191310247635 0.444588526189469 0 0 0 0 0 0 0 0 0 0 0 0 0 0 0 0 0 0 0 0 0 0 0 0 0 0 0 0 0 0 0 0
0.0717477486305955 1.67160611224162 1.01194463952384 1.82742427946398 0.841051259538252 0.00321539093918794 3.96282499542243 3.6053817031361 0.59397415199318 0.389929011300678 1.46134195128342 0.235798056818793 2.78331381234471 0.103815805317496 0.832880065112997 1.81961340396202 2.51351930628602 3.00226805358419 0 0 0 0 0 0 0 0 0 0 0 0 0 0 0 0 0 0 0 0 0 0 0 0 0 0 0 0 0 0 0
0.167502035609286 3.29950017476373 2.53915404452251 0.593239258104092 3.44677362167467 1.04828914529755 0.572902802699513 1.81921678466958 0.0976165633549382 1.93330067243111 0.357018631386952 1.53338094927641 9.66953439102809 0.493193302352413 0.453621140010157 2.04056210388972 1.44736622195314 2.04351631757716 4.05242890850105 0 0 0 0 0 0 0 0 0 0 0 0 0 0 0 0 0 0 0 0 0 0 0 0 0 0 0 0 0 0
1.56795758975724 0.966388064436655 2.59121824292158 1.20607517727942 0.107623592840261 1.512628451116 1.67419992640338 0.581891877288653 6.95720707828513 2.10275974106321 4.18431252942248 2.85177186422376 6.23656885035362 2.25000408835636 0.455692386622723 0.0996879541972662 4.59465304194224 0.961156455559863 6.04139771282805 3.32991977468896 0 0 0 0 0 0 0 0 0 0 0 0 0 0 0 0 0 0 0 0 0 0 0 0 0 0 0 0 0
0.377772478512744 2.62216455146538 2.31904132058033 3.14785022217867 2.50330124918924 4.6910918872501 1.12754364508689 1.63574859448968 0.450627485925824 1.20224332429146 0.727829585482704 1.67626338451847 2.72055352995529 0.832136163636952 2.08384130611834 1.65628492448534 5.49094350101565 0.880987480151082 0.196579271641499 0.666183223939119 7.37995703114727 0 0 0 0 0 0 0 0 0 0 0 0 0 0 0 0 0 0 0 0 0 0 0 0 0 0 0 0
2.2228990373801 1.59869285900295 1.49176783722843 4.47043036118872 5.31719911882743 0.941505516536516 1.93402911967005 3.98373951723611 5.86185923894379 0.617908595852371 0.0822973088230901 0.340475869023511 1.28658304610766 5.06051013181933 0.966261764145492 1.03012370947406 1.62519681400722 0.347081495835479 1.46060441471647 2.38457784839932 1.1586935205748 0.0457449314833679 0 0 0 0 0 0 0 0 0 0 0 0 0 0 0 0 0 0 0 0 0 0 0 0 0 0 0
2.75532374511062 0.210612531257203 0.12193247119822 2.13061263072394 0.137270584706788 1.13965841770448 6.45313501057001 0.633281536835942 2.66030533084272 0.678659534532372 0.499345919400589 7.51690332208585 7.77759571424091 1.67190180886958 1.81106949813502 0.642685475976065 1.92084255853681 2.84095535240165 0.752214360994795 2.18211465237675 4.36371593549656 2.40306237141087 0.118325718603571 0 0 0 0 0 0 0 0 0 0 0 0 0 0 0 0 0 0 0 0 0 0 0 0 0 0
1.0037112673626 5.97496073870917 9.83354853912026 1.71431111535233 5.00717312272593 4.78697393226841 0.456835450149127 5.71926351445832 1.17836411541637 1.84952673118194 0.191892051254089 0.537989283135415 1.06793260675234 1.15501221102603 0.210861765169727 0.975832481469154 0.85141343659878 5.10784636705624 4.76096490765954 2.77192416343213 5.08462847074379 1.3994013247492 1.1780526838509 5.65669951790896 0 0 0 0 0 0 0 0 0 0 0 0 0 0 0 0 0 0 0 0 0 0 0 0 0
1.76840963435466 4.7923757138384 0.956676177506967 2.11542424712629 0.95846499737462 4.2929365675909 2.92141466502908 0.459641603190198 5.06072996340447 1.85304287848002 0.551906179535084 0.147802875084581 1.89116423610789 0.399744478096609 2.71126002876164 3.66772814809831 2.95536827326875 1.49759229686438 0.0237264656272561 1.36039598689679 1.37309790493844 1.47390494318667 2.60006120803927 0.288698527544001 1.00299105663926 0 0 0 0 0 0 0 0 0 0 0 0 0 0 0 0 0 0 0 0 0 0 0 0
2.55603570020986 0.230119770249984 2.17968872724136 0.445832106061458 4.1321147702575 2.04082851970977 0.171778960351962 4.46721113176806 1.28817715157613 2.42981385907024 2.49915496511788 1.33702215717006 4.85934136818026 6.84114368350957 7.29180321289247 3.64760461060826 0.146323054634495 1.82872512652498 0.730601675344865 1.8999780402774 0.676055475941011 0.397829523289423 0.816206334180164 6.66716734132405 2.01492180369847 0.504909330141447 0 0 0 0 0 0 0 0 0 0 0 0 0 0 0 0 0 0 0 0 0 0 0
1.6535183634725 1.69198601366624 12.3386783324793 0.168382004393828 5.78289176919997 1.91449148609288 0.26395824724393 0.436159785026658 0.540998657092671 8.48310327994553 1.46544015505078 1.09060632007089 6.30108664916069 2.89259507901047 4.20589629069331 5.90700543949789 0.080279835866817 0.963020560365497 7.46638439341966 0.487958341056122 0.00748387039363839 0.75379660536091 0.461630728163444 0.173409977462527 0.829625576205305 0.316898932800939 0.35400113956096 0 0 0 0 0 0 0 0 0 0 0 0 0 0 0 0 0 0 0 0 0 0
0.706384428784273 2.60952231299483 2.29362791242214 3.14041887995475 0.910370837829755 3.93716307917104 2.67532919398475 0.48384039421937 0.649448033737196 4.69648729461429 4.22328178413591 1.99847510486118 0.358102408645075 0.762995239859712 2.28483625026866 1.49061948299212 0.862382330517124 3.40311690226298 3.24546779339309 0.168666041994885 0.261436780227127 1.37617096586961 2.70472693476282 5.48601379043015 0.112573176625887 1.89121720559266 1.25573522710694 0.418586511498578 0 0 0 0 0 0 0 0 0 0 0 0 0 0 0 0 0 0 0 0 0
2.69181660043226 1.84169120543446 2.44828820896547 5.49173288784851 3.27741650134304 1.53858268897788 0.948097055242956 4.30801443782829 1.08731191743545 5.03705210308532 6.19731851218061 0.365435260922909 0.275112854778804 0.616336572384663 1.30502927178622 0.738589864734521 2.58721153819938 0.102927199851903 5.029857576929 2.18557799768855 0.196639314335516 5.40052946502558 3.89897805939006 7.61413433272324 2.96630965037498 1.69398577433498 0.193745021380725 1.85832737721033 3.68489641279668 0 0 0 0 0 0 0 0 0 0 0 0 0 0 0 0 0 0 0 0
3.43798259522625 0.299573822445217 0.878439263163715 0.11328441420259 0.0748142729175362 0.330227760109765 3.24471570986605 5.45460074291404 4.48961229549918 2.43129255985503 0.482575370934339 2.62145500209284 0.000385884918982061 2.29461194303895 7.96126656887287 0.335272706178627 0.347528374124833 2.38107532419619 3.55660282253611 2.42373568948867 0.0515935234698818 0.957417275426633 0.552007006779936 0.0280162916391606 0.764561808216744 1.64050673958941 1.59922071400023 0.188915811179085 1.63794916918468 3.63663419413602 0 0 0 0 0 0 0 0 0 0 0 0 0 0 0 0 0 0 0
6.00442412639311 3.74005755149528 1.00162986182998 5.62752154225501 1.87701431728233 1.44929642998892 0.540496314388774 1.92629456896657 2.58291352380147 0.0978919130437771 2.16506779220009 3.36171175512454 0.349883300343473 7.48180419131547 8.54759783809165 0.441745437001949 2.67786431665968 0.963882779216614 0.0586147513535497 2.21495213561188 0.286362725650269 1.72585257497324 2.79126878871356 1.60622468469427 3.91793257521588 0.427344300238794 1.35643973097473 0.524168672627693 1.84700642015372 3.63279468094648 2.79933059241426 0 0 0 0 0 0 0 0 0 0 0 0 0 0 0 0 0 0
0.36876828154026 3.09250254579422 0.274657930764817 1.86839286807055 1.30264880761796 2.32152986371229 2.89141868055903 2.49751714902557 4.72091439459229 2.39820719405982 2.99358231795318 1.74414797089342 2.75987545705628 3.24967631597261 0.576654535224966 4.22672666645397 0.74867589327017 0.272610739736806 10.0469279382034 0.687831340726251 5.8089719593973 0.363176124029593 7.09622699487585 2.25812835392014 1.9950915403983 2.32505879708413 3.54379288101671 4.36823290257086 2.27802468516102 3.57915475483841 0.700665914595845 3.70756637614927 0 0 0 0 0 0 0 0 0 0 0 0 0 0 0 0 0
0.911285947452157 0.139933227607058 1.35255519189281 2.61207149080618 2.10329866255382 0.240686233872898 0.295335717186501 1.94686990343804 6.50004154225047 2.06985747568069 2.06678534778173 2.90949842458594 3.32508992286175 1.08209278063968 2.52639081913691 1.66928135887135 1.25429567790282 1.14905764604161 0.388614442122716 0.168014064361319 1.48491817093957 2.61874593201429 1.09400944811167 0.339011758510728 5.86529854091834 1.31597083627497 6.66111945220963 1.10757798634237 4.91738298352648 0.573367123357324 1.00423613519998 0.372407907886918 1.58644542151721 0 0 0 0 0 0 0 0 0 0 0 0 0 0 0 0
2.34873645126288 1.23629691089715 0.531405840446904 1.14331407913104 1.87873073928881 0.531916123474616 0.544786268957599 1.66480928442786 2.20806451863776 5.09129561756204 0.40251836568874 3.76880927736253 0.419744328240524 4.52057906253952 1.00052299504952 0.110878059492832 0.840660362733703 0.341886424209614 0.556169455872752 4.56631457174717 0.480437085603013 0.63629027161923 2.83433152819295 1.32975191335948 1.56324853884127 6.8358374144384 2.34249721702509 4.34970853872122 0.731866465780292 0.205228157138584 4.45917778821874 2.89731816807104 0 0 0 0 0 0 0 0 0 0 0 0 0 0 0 0 0
0.843215221335359 1.31419158193692 0.910090970045133 0.932930383258928 0.302366715451578 3.14326110262536 1.1998218916045 1.32469186617932 2.17054125979168 0.713708801965594 3.15855791863782 1.43841625040696 0.999141300762004 0.386745008650408 0.0343187870392034 0.109546673062861 0.929686326409385 2.27735766000962 4.76236713769501 5.76389033746694 3.7288137560449 2.69468839057393 6.13304799639209 1.59501653389745 2.06162924385117 0.798170891168913 0.730533172853445 1.12892616792126 1.04833422724816 5.68783968079664 0 0 0 0 0 0 0 0 0 0 0 0 0 0 0 0 0 0 0
3.04988423569725 2.52535194077789 4.38256113256677 9.71871233926799 1.58672493452335 1.66716371760403 1.18064551639097 1.15575942989011 7.54195052704092 3.9884725899394 0.327943691506312 2.42079191956439 8.08514850483847 2.06486691399215 4.72172700807934 1.54164149760836 1.77661306422576 3.25493458103127 0.247611484262549 0.167739779729186 1.6498429051969 1.5339636422576 0.442454529104171 0.404421874401943 0.272639908119921 2.99663419728425 2.63234764717045 0.218875799894385 0 0 0 0 0 0 0 0 0 0 0 0 0 0 0 0 0 0 0 0 0
1.50339910181607 0.180569434552811 0.962177415854273 1.87851712462864 6.1901107781271 0.906109937449542 5.28363172429347 2.65660408185721 0.59607981626767 0.748440403212159 0.208256165865319 1.19778782510073 1.66927177864999 3.81126398965232 0.625283133477459 1.59019349250726 0.581439500963254 1.222028729832 1.74002532872695 1.20457241315005 12.1327732093077 0.805111698573025 2.42431722662631 0.743499285369349 1.80011955171846 0.202929121539202 0 0 0 0 0 0 0 0 0 0 0 0 0 0 0 0 0 0 0 0 0 0 0
0.0965441911645198 3.70779814630558 1.37553147935804 1.62547248637682 4.47102224952026 4.15333508931711 1.05091931627269 0.216171092013593 1.3448949733533 3.36187202933417 6.37519661200945 1.64396423163663 3.99248831287991 0.67916019027417 3.20030143551868 0.390906592871744 2.58005419659672 0.527442306557304 6.86266434079069 1.70399483053115 2.40727027757323 1.10269879519453 0.801530865972939 5.16582838839292 0 0 0 0 0 0 0 0 0 0 0 0 0 0 0 0 0 0 0 0 0 0 0 0 0
1.12254350599665 2.86990650949695 0.318054603380152 7.79493517509465 1.29928801867487 4.96388729485026 0.972793306786432 0.479948755217342 1.42519841524158 4.21557632499239 0.262058032565533 0.0723323194396468 1.31038680212582 4.95012086197962 0.281132841602043 0.669527168060831 4.21297386510912 0.452225590899239 1.36239563506307 0.419831759343344 2.31448875633514 0.0938708605933371 0 0 0 0 0 0 0 0 0 0 0 0 0 0 0 0 0 0 0 0 0 0 0 0 0 0 0
3.13077585483546 0.187758328421529 2.71898060964762 0.581765994373672 2.39210084750063 2.76606327304774 1.30752157747091 2.18017899114876 0.598195798975532 0.280123219979183 4.84612761406906 1.7787658334388 1.74982720223842 1.80689833054321 0.426656755121258 2.06009421298733 0.0207032846620345 1.1507878473039 2.36489425147643 1.4483687050504 0 0 0 0 0 0 0 0 0 0 0 0 0 0 0 0 0 0 0 0 0 0 0 0 0 0 0 0 0
2.78249321806826 1.35461523190687 3.16698682864889 3.56686997637299 2.03578752689552 2.80752397999219 2.71053859067555 1.32902983921669 1.6349051032231 1.88830466640114 2.1126584644322 4.92155472680592 1.0807724803349 9.58642881862801 1.43900396517005 3.30132621078144 1.04408291017541 1.6727561572821 0 0 0 0 0 0 0 0 0 0 0 0 0 0 0 0 0 0 0 0 0 0 0 0 0 0 0 0 0 0 0
1.0224062739548 4.61226232545209 5.97068168941325 4.413440302763 3.71007145119734 3.09707947927165 2.23232504850584 0.18199848757967 8.03998819590907 4.22323458923932 3.21711206965677 0.643154109217462 1.8908613936803 1.29821324093139 1.02291471147577 1.19290413490304 0 0 0 0 0 0 0 0 0 0 0 0 0 0 0 0 0 0 0 0 0 0 0 0 0 0 0 0 0 0 0 0 0
0.700285710328623 0.438684178942178 0.680892133203706 3.5604294864416 0.572351502475367 6.29970601770364 6.26584191267262 4.58244084509648 8.0288405770063 1.00927644230173 5.02263957495524 0.641771345118085 0.287566275941072 0.375211283501325 0 0 0 0 0 0 0 0 0 0 0 0 0 0 0 0 0 0 0 0 0 0 0 0 0 0 0 0 0 0 0 0 0 0 0
3.96766868151874 1.47727338890709 0.700143237020535 0.986268357545747 0.918047129673018 1.4721852613943 0.639012922044353 0.295243922440709 0.370212417831348 2.63955129871806 2.2491163004172 4.03344310906277 0 0 0 0 0 0 0 0 0 0 0 0 0 0 0 0 0 0 0 0 0 0 0 0 0 0 0 0 0 0 0 0 0 0 0 0 0
4.07560187487991 2.51503715251562 8.13099506797008 4.7875785753928 0.503036120268102 10.681604367423 5.63720899953142 1.55776684469518 0.0428655031168794 0.787528948598481 0 0 0 0 0 0 0 0 0 0 0 0 0 0 0 0 0 0 0 0 0 0 0 0 0 0 0 0 0 0 0 0 0 0 0 0 0 0 0
0.0251919792618595 3.57443305486729 7.49396255275583 0.178085577158911 1.22769645283563 2.00538822704467 0.423223827876522 0.134013850278104 0 0 0 0 0 0 0 0 0 0 0 0 0 0 0 0 0 0 0 0 0 0 0 0 0 0 0 0 0 0 0 0 0 0 0 0 0 0 0 0 0
3.0035528784201 3.00437914358054 0.301699202113442 0.695782187538383 2.01102860713296 0.892046467488152 0 0 0 0 0 0 0 0 0 0 0 0 0 0 0 0 0 0 0 0 0 0 0 0 0 0 0 0 0 0 0 0 0 0 0 0 0 0 0 0 0 0 0
3.04662305548128 1.81691892295192 4.06859416801873 8.03531734491523 0 0 0 0 0 0 0 0 0 0 0 0 0 0 0 0 0 0 0 0 0 0 0 0 0 0 0 0 0 0 0 0 0 0 0 0 0 0 0 0 0 0 0 0 0
1.51744212524747 2.33380470178514 0 0 0 0 0 0 0 0 0 0 0 0 0 0 0 0 0 0 0 0 0 0 0 0 0 0 0 0 0 0 0 0 0 0 0 0 0 0 0 0 0 0 0 0 0 0 0
