0.191703848090256 0 0 0 0 0 0 0 0 0 0 0 0 0 0 0 0 0 0 0 0 0 0 0 0 0 0 0 0 0 0 0 0 0 0 0 0 0 0 0 0 0 0 0 0 0 0 0 0
3.50781955629599 0.624908742403792 0 0 0 0 0 0 0 0 0 0 0 0 0 0 0 0 0 0 0 0 0 0 0 0 0 0 0 0 0 0 0 0 0 0 0 0 0 0 0 0 0 0 0 0 0 0 0
0.551927320717638 1.339756072904 2.26959383918096 0 0 0 0 0 0 0 0 0 0 0 0 0 0 0 0 0 0 0 0 0 0 0 0 0 0 0 0 0 0 0 0 0 0 0 0 0 0 0 0 0 0 0 0 0 0
4.40969736237967 0.282418429093032 2.12536779477008 0.241029370128508 0 0 0 0 0 0 0 0 0 0 0 0 0 0 0 0 0 0 0 0 0 0 0 0 0 0 0 0 0 0 0 0 0 0 0 0 0 0 0 0 0 0 0 0 0
3.51801012107887 0.976154452489305 0.911866162310921 0.383252340823656 0.996094052770871 0 0 0 0 0 0 0 0 0 0 0 0 0 0 0 0 0 0 0 0 0 0 0 0 0 0 0 0 0 0 0 0 0 0 0 0 0 0 0 0 0 0 0 0
0.569536407187218 4.54983224054475 4.29651711678007 6.57327023260996 3.68522189759062 1.05567980013089 0 0 0 0 0 0 0 0 0 0 0 0 0 0 0 0 0 0 0 0 0 0 0 0 0 0 0 0 0 0 0 0 0 0 0 0 0 0 0 0 0 0 0
7.75927695322632 0.185842677814582 1.9588164437482 10.0136543822992 6.96636130434078 6.6511513345814 7.78240423071749 0 0 0 0 0 0 0 0 0 0 0 0 0 0 0 0 0 0 0 0 0 0 0 0 0 0 0 0 0 0 0 0 0 0 0 0 0 0 0 0 0 0
0.506035939634167 5.70781824774042 0.897496285697231 3.86118008219798 8.38325416982568 0.413355686272308 0.362268437778814 2.58926729486903 0 0 0 0 0 0 0 0 0 0 0 0 0 0 0 0 0 0 0 0 0 0 0 0 0 0 0 0 0 0 0 0 0 0 0 0 0 0 0 0 0
1.96181112498088 0.552633716644591 0.681341373165829 1.33134868148609 4.76141032526811 0.750205214661341 0.224217357245178 1.024213926345 0.691062790213048 0 0 0 0 0 0 0 0 0 0 0 0 0 0 0 0 0 0 0 0 0 0 0 0 0 0 0 0 0 0 0 0 0 0 0 0 0 0 0 0
2.81161920922816 2.02039666463568 1.56324424317293 2.03332618048398 1.48280480590743 1.38522811020449 0.779709162511276 2.12232542639063 3.91433149690903 0.140540384121471 0 0 0 0 0 0 0 0 0 0 0 0 0 0 0 0 0 0 0 0 0 0 0 0 0 0 0 0 0 0 0 0 0 0 0 0 0 0 0
5.2878542518793 1.78571289788115 0.551889486412685 1.42298768101938 0.0916298591045874 2.72552243370227 8.16056908068292 1.70332073891013 1.13301686525506 4.99746256745916 7.0948660637781 0 0 0 0 0 0 0 0 0 0 0 0 0 0 0 0 0 0 0 0 0 0 0 0 0 0 0 0 0 0 0 0 0 0 0 0 0 0
2.61161532489574 5.91616495483273 3.77191673616003 2.09246438001046 1.25217401108981 1.22074879604716 2.35219448570625 6.64217925709344 5.75837313663136 1.27248939939398 4.53736811712997 0.564940818434442 0 0 0 0 0 0 0 0 0 0 0 0 0 0 0 0 0 0 0 0 0 0 0 0 0 0 0 0 0 0 0 0 0 0 0 0 0
1.55241311272438 1.05962488787054 1.64226797412609 3.09060031843306 1.91314006122661 0.989029935651414 4.51581427619068 1.26949282039038 3.59019928025878 1.3915129946596 1.87456965808261 1.46484479535962 5.46202238168469 0 0 0 0 0 0 0 0 0 0 0 0 0 0 0 0 0 0 0 0 0 0 0 0 0 0 0 0 0 0 0 0 0 0 0 0
0.312696105767728 1.51484225032603 0.568087193571448 0.0590138800509624 0.548738128833454 1.19993796016157 1.08790754014279 0.652322242413875 2.21099974352904 1.63395910544167 0.46942716913159 4.01692248427726 5.22113504505462 5.42827398223329 0 0 0 0 0 0 0 0 0 0 0 0 0 0 0 0 0 0 0 0 0 0 0 0 0 0 0 0 0 0 0 0 0 0 0
0.426483554326635 2.90508862500698 1.49832007244494 1.12947536527642 4.709229930027 1.64939668136248 0.295694396754898 1.94426398670236 4.85577281815584 0.0237417364942989 2.23130778467786 0.403940930801097 0.412663169637637 1.92346004278791 5.21923438710681 0 0 0 0 0 0 0 0 0 0 0 0 0 0 0 0 0 0 0 0 0 0 0 0 0 0 0 0 0 0 0 0 0 0
0.563343970422599 3.97007188081839 1.19089682134867 0.800759209446403 0.596727765474686 1.96566293102117 5.86287463950709 1.5366647746496 6.16272918144913 0.0644296382634214 0.126530357200603 0.0612595896831674 0.639789132492781 0.161468855580882 0.232028688808402 0.818094047981994 0 0 0 0 0 0 0 0 0 0 0 0 0 0 0 0 0 0 0 0 0 0 0 0 0 0 0 0 0 0 0 0 0
0.283685632430219 1.37733353965018 0.435048553893003 0.376253471007758 0.81880687090248 3.74182200696288 4.16086603885246 0.643081607898738 1.77702330773654 2.12341460702457 5.01664153700606 2.04092774600734 2.76935669219931 0.329007407955258 2.68640956487725 5.24406865905273 1.30114922685331 0 0 0 0 0 0 0 0 0 0 0 0 0 0 0 0 0 0 0 0 0 0 0 0 0 0 0 0 0 0 0 0
1.05790195148343 2.84112590876541 3.99230652967126 0.41458901807754 1.48769277885405 1.80511180991485 0.783858528336328 0.892960337825732 4.83606614817264 0.182726004310199 0.36646394828321 1.5490450259646 2.77950972846466 1.70582855656989 0.25227162631605 8.07368067391792 0.435068007386058 6.65874319078523 0 0 0 0 0 0 0 0 0 0 0 0 0 0 0 0 0 0 0 0 0 0 0 0 0 0 0 0 0 0 0
4.44241902043771 7.60590931529964 4.42939176422472 0.790206913333094 1.63888901267189 0.0829783776558954 1.73654926756848 1.33529154967269 4.6757286243571 0.376251469944292 1.20074204322227 5.81279403473237 3.14288069570181 0.425568443395388 0.626972524217024 0.686045006271039 1.24453797877538 3.53780973851775 9.11930483531633 0 0 0 0 0 0 0 0 0 0 0 0 0 0 0 0 0 0 0 0 0 0 0 0 0 0 0 0 0 0
5.07242279055444 2.68273904335309 4.65254725501081 0.617229091381506 0.0375050681708222 2.27909787960429 1.27855424261051 2.69738131283886 1.13093751467942 0.657707735775887 2.21520703353024 2.42530124675486 0.203972811761881 1.46083518694521 1.69431294945311 1.40077907484255 2.68427303140969 0.493247716494085 0.0134533622983305 3.86712191022615 0 0 0 0 0 0 0 0 0 0 0 0 0 0 0 0 0 0 0 0 0 0 0 0 0 0 0 0 0
0.169123513483143 1.40247885187279 3.90287738620983 1.41058221281871 0.327570921392579 0.076045414529815 4.24620071123705 3.23776620066714 1.1316128526347 2.93238671009195 0.521608583297264 5.0840861117396 2.77740563067947 0.159566911889894 1.60965739880731 2.10444257867762 1.6088235462232 2.02478276236298 0.551994921707799 0.685391255974103 2.48253302337561 0 0 0 0 0 0 0 0 0 0 0 0 0 0 0 0 0 0 0 0 0 0 0 0 0 0 0 0
5.09899965583694 7.41768533532156 4.40792239923918 2.14436105335727 5.15164215940803 1.82357217768442 0.97549827171443 1.30298171378287 1.64726545628426 3.9548046150594 0.871568577267124 0.463145921547788 2.6081724251456 1.37282473722481 8.42110399653929 0.870518792237255 0.749251048729939 1.17335822090518 1.40918313292522 0.740039500789826 0.47861726620707 5.53291806653523 0 0 0 0 0 0 0 0 0 0 0 0 0 0 0 0 0 0 0 0 0 0 0 0 0 0 0
0.387570145483441 0.167517164210935 5.62450291683429 0.271551141102858 0.506957755307683 0.0612114493867715 2.01957696117772 1.0453930350793 2.07218448702082 1.82204298399138 0.913302802357272 1.73241297127171 0.61487819116541 6.35737912734941 3.87263858395959 0.0923864002289992 0.458145703447549 7.62434316008046 5.66571672657321 1.06857614902549 0.0130865767617357 16.3145608736397 0.895085509177118 0 0 0 0 0 0 0 0 0 0 0 0 0 0 0 0 0 0 0 0 0 0 0 0 0 0
3.58699833887371 2.50747796192052 0.338716118534486 0.548376629691438 0.230696722137235 5.11960673488238 0.449964935650225 0.914559994676158 0.361702413955202 1.26170947923053 2.029755828955 0.451765207723718 0.115728526326171 3.00662557451679 5.789860090997 0.110692457022274 7.1361091698858 0.798488263766258 0.645633277898093 1.39413653616786 4.51756188536945 5.04534782137508 7.17604723143105 2.58572499722111 0 0 0 0 0 0 0 0 0 0 0 0 0 0 0 0 0 0 0 0 0 0 0 0 0
3.51885532582059 1.9223124629595 5.16901897115745 0.284319003500901 5.41765923619109 2.1196514071848 0.681608211699626 2.02848689249239 0.923337607920907 0.671430710683118 2.05125448858592 0.138413717044201 2.28549870566146 0.667412185537811 2.01511313018464 0.342652509626209 2.85793268785707 5.06361566708922 1.27041128540954 0.624796519714188 1.58173707540313 3.76911607032815 5.14360602262057 0.2234811394287 3.60679145516263 0 0 0 0 0 0 0 0 0 0 0 0 0 0 0 0 0 0 0 0 0 0 0 0
0.779044459372335 0.0729884903351146 2.39135531173706 5.17126122913354 2.660745431657 4.10499925768825 0.61430761623256 2.81952692374523 0.869784066167684 1.19427527658266 0.285055313879245 6.66006679795902 1.52842328157636 7.01226773578709 4.22571024447487 3.11765766669153 3.56049255350329 0.241730280392393 2.46591037869289 0.27384367616287 3.59886467051745 3.4550485041775 0.116047915281635 1.79263462436392 2.04723718086528 6.24662034243085 0 0 0 0 0 0 0 0 0 0 0 0 0 0 0 0 0 0 0 0 0 0 0
0.00590400263048989 1.03581034791329 1.14451218867261 0.637401012139417 0.43139356052102 0.0636781075625686 6.86813926284159 4.08582401788846 1.61433921831318 1.05081254272603 2.88167266306622 3.56606840542439 0.00255703705599056 3.90161797987849 1.5541484625456 8.64298366257722 4.79351548977528 2.82068352641732 1.85246689151586 1.43455048378028 0.647250634765778 0.145121711861343 1.04016996575924 1.34303090411629 2.37757750136199 0.0537968230925402 0.305946481324324 0 0 0 0 0 0 0 0 0 0 0 0 0 0 0 0 0 0 0 0 0 0
1.21221389256678 1.83714626088084 3.56927470034016 4.11037262057494 1.32468083436491 1.90446802879576 0.985981169658139 0.0219746704749275 6.30173951027424 0.43202154766842 2.82480108000526 0.704986181518803 2.91434749959681 0.574344895343448 0.0360584797058335 0.942618957785282 0.907407219824014 0.575563683837128 2.32484136704198 6.9971647092756 0.987963973891475 1.95875597464705 3.5017855619843 1.57243181645888 0.371363291878609 2.14629218900118 3.29379001431148 0.349240217108352 0 0 0 0 0 0 0 0 0 0 0 0 0 0 0 0 0 0 0 0 0
0.909820425671172 0.671375956230311 5.5525539879576 0.566905273232677 8.54574179322471 0.526346587022321 1.47260830203652 0.473293370511197 3.62070376855444 0.677560032898027 2.55465472631402 3.79643032789635 5.57440605303744 0.401212299217896 2.1544499868212 3.59209176965699 2.63095337152309 1.06417379393237 1.35864618404423 1.26395015270306 1.92907216388688 1.40300568210689 2.97260154250203 6.45412378883624 0.244289405985127 1.09549671449321 0.0667378118810466 2.26390943112993 1.02466175172817 0 0 0 0 0 0 0 0 0 0 0 0 0 0 0 0 0 0 0 0
0.41999137051021 0.606490759121898 1.75941491780444 0.0495433611361891 0.704286981025236 2.23925150580097 0.998417092369404 2.06553157776367 1.60054206784568 3.61403774044642 0.841931862121854 4.30383282486162 3.84658065915877 3.95314129942794 0.559525992481678 1.19239205581159 1.28570181048428 3.42854370213751 0.902525383830998 0.792077949102294 1.06858725950144 2.48963824582402 2.09012980440031 1.66930074974994 6.30355936244265 0.857657138123812 1.70131123497321 0.64163389231986 1.7027220836851 0.677662014101377 0 0 0 0 0 0 0 0 0 0 0 0 0 0 0 0 0 0 0
3.5535615019425 1.32053959091186 0.899180385400402 3.10971479807391 0.709451521339058 5.12743614091079 2.2571259668874 2.6352838238407 0.961154172913906 2.72620102111378 0.715024362518204 1.72521222401714 1.21769304497942 3.18436798063728 0.369177138088101 0.877218930166687 0.498921596846031 0.0421439119716279 2.76117994003288 0.980672647755721 4.80220299218176 0.27314335076772 4.77102695540806 2.17210163897997 0.549840692536807 0.647622772844239 1.76978037093773 3.15999753030792 2.22815014168402 0.846254029068247 2.92289751815525 0 0 0 0 0 0 0 0 0 0 0 0 0 0 0 0 0 0
2.13735367522193 2.81807851918182 0.921274542127127 0.13184695696938 3.7581976059878 0.126430720799265 1.84550160994547 1.18048949010986 5.9059501249387 0.723244131234873 4.12250228181564 2.17224686956627 4.50921143034031 0.76076652296272 3.32058670862405 0.979187167172308 3.74937835510524 9.12634685340735 3.02500068532464 0.619216742550388 0.332605084433648 2.3096039761893 7.13536264221669 8.24968226384024 4.32363087332845 1.50960838919412 4.81661934706648 2.41458583791346 0.771810786172749 4.08681338453881 1.53711299822966 2.91627165486758 0 0 0 0 0 0 0 0 0 0 0 0 0 0 0 0 0
8.34180742850716 0.587640466187876 0.12135617119522 2.26633339423114 7.3636855392978 0.237250532947655 1.94932048079526 1.14521563621619 1.2913768777664 0.583138190393839 0.465207556321921 5.59401253801062 0.265560958573632 4.45608347015769 2.23078059646039 0.463501318395885 1.92647186198766 2.05583308806081 0.0341818604283059 0.212987329996187 1.99112510241501 0.225152932105111 3.06760788367 1.20703347815668 0.647800841651348 2.24550471943382 0.429004625838359 2.41860219699301 0.104393583818698 2.93080479745884 2.13737828469894 3.32905963859559 0.0436025467443098 0 0 0 0 0 0 0 0 0 0 0 0 0 0 0 0
2.17983649780428 1.09833741228032 3.96631454768043 2.01211683612958 1.46304251280605 3.09594481771353 2.50413978657942 2.25307198307123 0.0626654316120767 1.25587394244535 11.389395622586 1.25219876449536 3.497603078756 0.216842639302884 0.441887742966937 0.565206576793646 1.20575363181221 0.394978241894469 1.26753284354662 1.67355680917054 1.45256072417842 1.38557349862496 0.73350637122769 1.08734734877639 0.581252737876022 0.255208613911009 2.66515182360501 1.9369185278482 1.50618657119476 0.370695807437975 1.1889791228851 1.90145959114747 0 0 0 0 0 0 0 0 0 0 0 0 0 0 0 0 0
1.34949461136464 1.30581006389171 1.44133837444998 1.05815133025818 2.25606348132708 2.00633806999345 4.92593674568678 0.0969962859669828 0.691645809617104 0.356885356846693 2.40413500734217 2.30119995334243 0.483791519169972 3.35924585173111 0.08412557652535 1.09849453318068 3.82758471860201 2.11089243616972 0.369705408261449 2.32775495938116 0.113839518128572 3.06674760427899 3.79627578797277 5.45077620160181 1.24053809111163 0.543491465595023 0.0483744019988963 0.265601215360794 0.42378360969491 2.41417717078181 0 0 0 0 0 0 0 0 0 0 0 0 0 0 0 0 0 0 0
0.394641113712881 0.644405155327349 7.84282358064078 2.61572073465674 0.499072300888331 2.23949290908108 0.407578189859566 0.338388382706218 4.94223094915382 8.01733058489317 1.14067412473332 2.03263638547505 1.2681472705523 2.26952316258917 0.383831487820833 1.96693916185357 8.43016185701045 1.69736252848833 5.38687059590577 1.86076484373383 0.183223312292274 0.205720705257988 3.77454469453547 0.594070499206612 2.31943563885004 2.22665621852033 1.91881225621305 0.185061359383194 0 0 0 0 0 0 0 0 0 0 0 0 0 0 0 0 0 0 0 0 0
3.63846483672091 2.38591623550167 1.03647967426907 0.681783193383062 0.616179752331542 7.88665170347423 0.97622431905816 3.19735573659149 0.904575105134686 2.55993826706408 1.304550451771 0.127735492706424 0.277961305799926 4.7668217575949 1.65981669160829 0.336358731366801 1.63433766380104 3.12167444850756 0.260370419348741 2.2578355988464 2.52966690975021 1.67132268580797 0.0338736282632479 2.6705678275826 1.03905379611461 0.298985548003644 0 0 0 0 0 0 0 0 0 0 0 0 0 0 0 0 0 0 0 0 0 0 0
1.98031782988458 4.34850227553972 0.84860389545505 2.34800439986276 1.48680604567962 0.715429703229957 0.564252526169148 0.452827833301611 1.20389316685464 5.18077586292125 1.87950945141228 1.2196756336769 1.29468711610976 0.489092480650748 10.8592800068395 0.470955841155805 0.307526076308911 1.64144171220686 1.29454673008724 0.966011562680184 0.164464831860532 2.44587141030047 6.59972060038646 2.4543557801314 0 0 0 0 0 0 0 0 0 0 0 0 0 0 0 0 0 0 0 0 0 0 0 0 0
0.645968538758186 4.78764155597572 0.37476770410367 0.457344629466491 1.84747216407134 1.69206810754021 2.92731576488404 0.978489523894504 0.780931407515925 1.59617972867927 3.60450685418268 0.954738611216092 6.36207041192008 1.16375549138905 0.887766122499471 3.18428334116624 1.6431455349211 1.58248412985614 2.81863615872982 2.14704384635987 4.07891758361705 1.80303969983161 0 0 0 0 0 0 0 0 0 0 0 0 0 0 0 0 0 0 0 0 0 0 0 0 0 0 0
0.196954978150612 3.37980763834972 1.86719381516128 0.798703751691651 7.60910223041751 1.67078334562994 1.00044854101066 0.75173028864811 0.279151667098353 6.14439631532626 1.15234653242809 0.0744987681937772 2.84754216704778 0.416481182119721 4.00743389207523 0.600087854710197 2.02152421527978 2.17105728440304 0.222096083070166 0.564475424299939 0 0 0 0 0 0 0 0 0 0 0 0 0 0 0 0 0 0 0 0 0 0 0 0 0 0 0 0 0
0.371291807755683 1.62928806358365 1.18236093542248 1.10170912482666 0.554320903816187 3.68228398862428 3.72399586920491 1.99599483360067 3.94685584819263 1.86000325263466 4.47445432071562 3.93164641356941 0.107046062545943 4.70727261625932 7.0526018084327 5.13545787424835 5.44924193644504 0.80245902024999 0 0 0 0 0 0 0 0 0 0 0 0 0 0 0 0 0 0 0 0 0 0 0 0 0 0 0 0 0 0 0
1.1624338888662 1.66674823150671 0.0429916521344045 2.74232386665722 2.43798466638373 10.8153363475767 1.61259401325027 1.9119494498911 1.06312335459883 7.71257653316514 0.658550251041989 1.49595901482288 0.22399518877451 1.70186453003832 1.93376373537083 0.460919848985195 0 0 0 0 0 0 0 0 0 0 0 0 0 0 0 0 0 0 0 0 0 0 0 0 0 0 0 0 0 0 0 0 0
0.051780207593797 7.00207439918909 2.58968181003695 1.29372362338842 3.18276172011345 0.0680517966675345 0.698547386451504 0.00922938156976767 2.71515920832552 0.998746341048619 0.0777786728885695 2.66576712587342 2.09336592294415 7.70433007111796 0 0 0 0 0 0 0 0 0 0 0 0 0 0 0 0 0 0 0 0 0 0 0 0 0 0 0 0 0 0 0 0 0 0 0
4.09146107408494 0.658154671996147 4.61817980589047 3.1599092972265 0.301127844840043 0.752346526518282 0.318446810359622 0.190466521572676 2.41413612566093 1.45378153190267 9.48758869608797 0.50803426502498 0 0 0 0 0 0 0 0 0 0 0 0 0 0 0 0 0 0 0 0 0 0 0 0 0 0 0 0 0 0 0 0 0 0 0 0 0
1.70034472243232 7.44207676836312 0.508555381042922 0.0396405842331483 0.490977171017049 0.854029811913723 0.151512289171766 0.987802815483607 1.71070436431533 1.78746221779556 0 0 0 0 0 0 0 0 0 0 0 0 0 0 0 0 0 0 0 0 0 0 0 0 0 0 0 0 0 0 0 0 0 0 0 0 0 0 0
0.0770992290761979 1.1306191251532 0.271945004244351 5.13064993626565 3.59347646123049 10.4810858548778 1.01074179388415 1.93326200723166 0 0 0 0 0 0 0 0 0 0 0 0 0 0 0 0 0 0 0 0 0 0 0 0 0 0 0 0 0 0 0 0 0 0 0 0 0 0 0 0 0
2.66347066021122 1.94538439089767 0.158747066523141 2.58224709852514 0.416502313407085 0.492873910228105 0 0 0 0 0 0 0 0 0 0 0 0 0 0 0 0 0 0 0 0 0 0 0 0 0 0 0 0 0 0 0 0 0 0 0 0 0 0 0 0 0 0 0
1.09083823955708 0.801098489475963 0.633445609900474 12.4098041878681 0 0 0 0 0 0 0 0 0 0 0 0 0 0 0 0 0 0 0 0 0 0 0 0 0 0 0 0 0 0 0 0 0 0 0 0 0 0 0 0 0 0 0 0 0
0.868379271085955 0.727213170137391 0 0 0 0 0 0 0 0 0 0 0 0 0 0 0 0 0 0 0 0 0 0 0 0 0 0 0 0 0 0 0 0 0 0 0 0 0 0 0 0 0 0 0 0 0 0 0
