0.824093797674494 0 0 0 0 0 0 0 0 0 0 0 0 0 0 0 0 0 0 0 0 0 0 0 0 0 0 0 0 0 0 0 0 0 0 0 0 0 0 0 0 0 0 0 0 0 0 0 0
0.685786411397992 0.819151117200336 0 0 0 0 0 0 0 0 0 0 0 0 0 0 0 0 0 0 0 0 0 0 0 0 0 0 0 0 0 0 0 0 0 0 0 0 0 0 0 0 0 0 0 0 0 0 0
0.219195673538349 1.44879056245289 0.198643297134864 0 0 0 0 0 0 0 0 0 0 0 0 0 0 0 0 0 0 0 0 0 0 0 0 0 0 0 0 0 0 0 0 0 0 0 0 0 0 0 0 0 0 0 0 0 0
1.18093685800047 0.779789428962364 1.54721088905697 2.44594238431479 0 0 0 0 0 0 0 0 0 0 0 0 0 0 0 0 0 0 0 0 0 0 0 0 0 0 0 0 0 0 0 0 0 0 0 0 0 0 0 0 0 0 0 0 0
0.133587988757823 4.24163447012906 3.5327453919378 1.42183836579354 3.01235709968664 0 0 0 0 0 0 0 0 0 0 0 0 0 0 0 0 0 0 0 0 0 0 0 0 0 0 0 0 0 0 0 0 0 0 0 0 0 0 0 0 0 0 0 0
7.38707073004863 0.175572634026613 0.217210614859489 5.84901079723238 1.15672793735796 3.39459146999198 0 0 0 0 0 0 0 0 0 0 0 0 0 0 0 0 0 0 0 0 0 0 0 0 0 0 0 0 0 0 0 0 0 0 0 0 0 0 0 0 0 0 0
0.221775903931532 0.185028184053473 0.236538294226079 0.0957519513021231 2.38149240596159 5.39693398382698 9.03613867133856 0 0 0 0 0 0 0 0 0 0 0 0 0 0 0 0 0 0 0 0 0 0 0 0 0 0 0 0 0 0 0 0 0 0 0 0 0 0 0 0 0 0
1.10933400757323 1.12009033023068 0.929057884015197 1.26595804124245 3.38634314950993 8.57015388684243 0.232755884104658 3.38146891758104 0 0 0 0 0 0 0 0 0 0 0 0 0 0 0 0 0 0 0 0 0 0 0 0 0 0 0 0 0 0 0 0 0 0 0 0 0 0 0 0 0
6.91585103742084 1.11368061337493 0.679144859811035 1.66141347169215 0.621207733567514 4.16895161520221 1.93563690513804 0.118647700043681 5.64640440129556 0 0 0 0 0 0 0 0 0 0 0 0 0 0 0 0 0 0 0 0 0 0 0 0 0 0 0 0 0 0 0 0 0 0 0 0 0 0 0 0
2.86400794104859 1.91603511475437 2.89009329458076 6.79186745249437 0.806444975478857 0.197321882931773 3.85360560004206 6.45647364061551 3.07367236634717 0.231764532341874 0 0 0 0 0 0 0 0 0 0 0 0 0 0 0 0 0 0 0 0 0 0 0 0 0 0 0 0 0 0 0 0 0 0 0 0 0 0 0
0.476362750611894 0.859414962434663 5.10755526177364 1.86735339227574 1.95658158176293 0.614473794009983 2.34989429264516 0.716029229368984 0.399175874778544 1.61076604766598 0.95321042412114 0 0 0 0 0 0 0 0 0 0 0 0 0 0 0 0 0 0 0 0 0 0 0 0 0 0 0 0 0 0 0 0 0 0 0 0 0 0
0.844877247925329 5.97311992562756 0.86375752254521 2.9987442006459 2.06046045120803 0.649081519960762 3.81435720644776 0.916833663364985 2.10936673421242 0.977472227915895 0.868178302430961 1.74581081196176 0 0 0 0 0 0 0 0 0 0 0 0 0 0 0 0 0 0 0 0 0 0 0 0 0 0 0 0 0 0 0 0 0 0 0 0 0
4.86273777325638 4.78185631251956 1.10177583757488 0.255574990402636 1.92707893793087 0.362430715085998 0.577964137688825 0.664586018282883 0.457342408437854 0.0288867983117482 0.8112964934522 2.69665480853991 1.55589504108289 0 0 0 0 0 0 0 0 0 0 0 0 0 0 0 0 0 0 0 0 0 0 0 0 0 0 0 0 0 0 0 0 0 0 0 0
3.30493114119538 1.26466455980541 1.55163833899609 1.77647103725051 0.161625215342275 10.0879341529723 0.493993620576962 0.880200003923212 1.36365610801221 0.00127136322930293 2.43676070649239 0.350786226126681 2.49486498866266 1.44551585825966 0 0 0 0 0 0 0 0 0 0 0 0 0 0 0 0 0 0 0 0 0 0 0 0 0 0 0 0 0 0 0 0 0 0 0
8.29282722858671 1.12968248549015 3.15739382623339 0.919641193768233 3.83068176162555 2.2796972591692 0.451826364429578 0.0265682868388271 14.0013321384116 0.0337447101295478 0.775186121261665 0.886963295905539 0.934537742735148 0.148053967185334 6.60907225622434 0 0 0 0 0 0 0 0 0 0 0 0 0 0 0 0 0 0 0 0 0 0 0 0 0 0 0 0 0 0 0 0 0 0
1.03948054190399 2.55189435866582 6.22258393732335 2.86660233664271 1.31024776387373 4.00661148642513 3.11417333871569 3.12897596484871 0.190713535913633 1.0890533911797 1.516559645623 1.02243850603549 2.36858970814842 2.12598738056939 0.0236644983261483 5.74977212668738 0 0 0 0 0 0 0 0 0 0 0 0 0 0 0 0 0 0 0 0 0 0 0 0 0 0 0 0 0 0 0 0 0
2.94584442317346 4.43899414879219 0.240449039342935 1.57088734502237 4.66675547176408 1.59146041957439 0.787584061559856 1.44543170613623 0.148878102275546 1.52620471575079 3.80978319836818 1.83044047091821 1.4197522583861 3.93701156484727 1.50420784120562 2.2654527661736 0.256494188086429 0 0 0 0 0 0 0 0 0 0 0 0 0 0 0 0 0 0 0 0 0 0 0 0 0 0 0 0 0 0 0 0
1.84955716403577 0.898358993590991 3.14688968152892 5.23364222181968 2.19247814927336 2.91774449284682 7.14230273838016 1.93492834752637 0.925690905542651 1.23001360759296 2.1288915884197 1.85576179146154 3.52818252696896 0.066393997256122 1.17558897483265 4.25782811730546 0.647725548022417 2.46709107100767 0 0 0 0 0 0 0 0 0 0 0 0 0 0 0 0 0 0 0 0 0 0 0 0 0 0 0 0 0 0 0
6.01717900762406 0.810937610539615 1.71326371002507 3.2651852707487 0.502912942186862 2.10587425116994 2.93365338467716 0.144046625779132 4.94394928647253 0.216065563854276 2.88786191546723 0.406184440511548 0.895878614135447 1.1336021865789 0.783498175770887 1.52411037199151 2.103145991164 0.233756070736127 3.1040944649335 0 0 0 0 0 0 0 0 0 0 0 0 0 0 0 0 0 0 0 0 0 0 0 0 0 0 0 0 0 0
3.8527218957624 1.20978495637358 3.11037897301853 8.91061333928561 1.10373060637406 15.4037697674765 0.714910880265671 1.21840051629715 0.383889432233232 0.51466070161591 1.44936966336352 1.69984665597376 2.52987861258764 2.14055665548482 4.6156254294823 6.85896289082318 1.3415331707295 2.34069644408164 2.50660631075826 0.271580621547514 0 0 0 0 0 0 0 0 0 0 0 0 0 0 0 0 0 0 0 0 0 0 0 0 0 0 0 0 0
2.25284331231105 2.64502805082017 3.17931430715345 3.3173678719111 0.6797991095581 0.570626493234274 0.599471183899423 1.16059475534795 2.49456726797034 1.10022327557028 0.672494324647968 0.32069698343103 0.507666304481755 2.39045441558729 1.76813519558866 0.99237084408195 1.06348623552131 0.178527407385956 0.107322768198231 1.47976583284689 3.81920078440691 0 0 0 0 0 0 0 0 0 0 0 0 0 0 0 0 0 0 0 0 0 0 0 0 0 0 0 0
2.08694517031858 3.43844511642062 0.431028646079522 5.02489146904256 3.38212117981626 3.74941171410742 0.417103538351221 1.12463076567164 4.9672168908492 0.381841752393209 2.13377393191488 2.40340627615115 0.0269128061404995 4.84111330639927 5.75880392753297 0.554016254874934 0.18349163357601 0.676412020010597 2.46108056025963 4.38749231326004 6.43213838530145 0.517822109499407 0 0 0 0 0 0 0 0 0 0 0 0 0 0 0 0 0 0 0 0 0 0 0 0 0 0 0
3.57729892752035 1.14968479171394 3.6614506534835 0.498557739109793 0.515952066610381 0.357450219185573 0.794719886392289 2.89179307968047 2.550083346274 3.2509137421993 1.76825856754248 0.29273429768974 0.253007149849108 1.77574420590677 1.24662421780604 0.457207382891273 2.96669923803154 0.147412087584647 3.0635024346765 2.85025847622843 0.57359250967839 2.38283888648857 1.14218389197852 0 0 0 0 0 0 0 0 0 0 0 0 0 0 0 0 0 0 0 0 0 0 0 0 0 0
3.48965733309312 2.81659101961903 0.565843662363421 4.11648561735064 3.12969945145896 2.14635792062334 0.262742306954834 9.90669706534358 9.71809027231691 0.565080236060443 2.0525049620267 0.821214734219048 3.2457748278972 0.776668105268932 1.37248114169803 5.55841738556274 0.437446555468126 1.97592237877472 4.55181640304674 2.07165150713157 1.4875991006739 3.97430415169395 4.83081927822867 0.229203919233034 0 0 0 0 0 0 0 0 0 0 0 0 0 0 0 0 0 0 0 0 0 0 0 0 0
2.96886077565062 1.76571677864894 1.67277673192761 0.777972290383151 1.54106221326656 2.01048056284399 0.440777890093536 1.58609325157431 4.3620130940553 1.23944150024962 2.01294808979804 3.82330060353671 6.11587744863124 3.19017805334851 9.49239584596323 0.106593097202189 1.28308441077161 9.97046890429414 4.9782988736531 1.26121738616122 4.64500946994121 1.16689766745314 1.28234432289527 0.0584229713651825 12.1490899997809 0 0 0 0 0 0 0 0 0 0 0 0 0 0 0 0 0 0 0 0 0 0 0 0
1.38179827893201 1.01210448897164 3.43640041353135 1.38881754578064 2.89983408962411 1.65175105703903 0.196404086588521 6.74403282152303 3.75757286620581 1.59981170617063 5.30541180662624 1.59256519129215 0.249150561419691 5.93016520596538 2.02235373664612 0.40698188907759 1.11184874331989 6.98385495246562 0.227058868840033 0.0755754821606945 0.995937639662069 0.294104730204997 1.67941334172917 0.722672679970029 2.27415529335556 2.37791847244989 0 0 0 0 0 0 0 0 0 0 0 0 0 0 0 0 0 0 0 0 0 0 0
0.0519062988390254 1.9768922079246 3.42690048095464 2.34619998963019 1.97278100146826 0.421121409189449 3.96242199109882 6.43996215970506 7.34628803861862 0.398970830930126 0.0345835785018436 2.0571299367679 1.08248854289674 0.725487584807314 1.10695780860497 0.996480089497469 0.153711747280942 4.14148576037361 0.654234714316897 0.219860746600157 2.08884500751044 4.035921497141 5.11783145540535 0.115827817720987 1.95060546413994 0.211993144431764 1.23856610525438 0 0 0 0 0 0 0 0 0 0 0 0 0 0 0 0 0 0 0 0 0 0
0.291881996717907 0.843213572237946 0.755629039962306 3.24467769765346 8.21518648974471 0.17446200023955 1.15832974324111 7.09286456242349 1.07265718242535 3.0109355352628 3.01325291867213 3.98479093717326 0.555337652021369 1.85445923416571 0.98838980268207 2.56799930877624 0.818281970178381 2.43716077874723 3.72974825362885 0.656729823756568 1.79666051554053 3.05677336760988 2.68915191418462 1.81497583379563 2.91709733904417 2.44218510483515 1.54927943846115 2.31424155383645 0 0 0 0 0 0 0 0 0 0 0 0 0 0 0 0 0 0 0 0 0
1.14060475107257 0.848236391942957 1.22870872170797 4.50503498534722 3.46486845317231 2.71600579786826 0.167825371917098 3.79953227657126 0.827350770170144 5.80532940184817 0.320979214281482 1.8907471500638 0.133412228945116 2.96987493965873 2.8291145843434 3.96775484375555 4.39706819887025 0.0140280637047981 0.242571660793901 0.454467323441874 0.196544339998137 3.92265444218737 1.16579058195626 0.723430718217414 5.38116236495586 0.747083050703261 1.0711485353109 8.4582225882175 0.737087965150197 0 0 0 0 0 0 0 0 0 0 0 0 0 0 0 0 0 0 0 0
0.126753870229106 0.235159540034404 0.761370513272353 0.36257735453506 0.473543300682149 5.09051614001425 3.77987463161147 0.868020790424844 0.861406901401422 0.481433959711882 1.75562154194529 5.43157503038619 3.27847708337168 0.496789577703432 6.34005849665959 1.92726703947138 1.32758250269208 1.34785712422329 1.1488434324535 0.712355685403879 1.3007371032012 1.15079267824652 0.516404657439998 1.84596392257339 4.26292943715841 1.01787381055305 3.52079528778194 1.33539364408421 1.46587498056779 3.75222949978901 0 0 0 0 0 0 0 0 0 0 0 0 0 0 0 0 0 0 0
2.58600284670432 3.16809928598835 0.825094130605724 0.443387065990359 2.65834205942962 4.60722281870973 2.6136052884275 0.319070126219918 0.914671895002924 4.51164407842931 0.472035166145856 0.595731120754841 3.71073422711353 1.12154314237581 1.21183326179997 4.48011167084124 5.27051988199616 0.133187955944092 5.28019592095206 1.48153755783035 2.06379859905044 0.776746880481045 6.23654918954541 0.228939740205999 3.15138974573247 8.01708457191177 1.96567162972948 1.72676547825169 0.172430435848378 0.146977048834482 0.870107273950207 0 0 0 0 0 0 0 0 0 0 0 0 0 0 0 0 0 0
0.430188330976888 1.31153089238667 1.79256333453266 2.36186743909775 8.28367257865089 7.25756581892157 0.183904738413895 0.291763674102393 0.736952212287446 1.69024563145524 4.0003805890319 6.50365231570426 5.25607665834513 0.270804446052773 0.389683157236119 2.21920502454861 1.28575854260798 1.24297368989967 0.327375614233848 1.62361565647195 3.61880268731571 1.09147785427356 0.515389061497033 5.54059564907552 1.88723177530289 1.51958389123742 0.33216138575392 1.10037563101172 2.57505268848371 1.03877748363702 1.70496446479029 2.78859067301956 0 0 0 0 0 0 0 0 0 0 0 0 0 0 0 0 0
0.67145904828934 0.242137939979487 0.873528822317238 4.16100250570589 2.88312126987773 0.271326161226653 0.94709392963074 0.9972065458419 8.75477918426608 1.65553926710757 2.86284679327174 1.50626893530003 1.56914401883038 2.21962748109324 0.135584482319661 3.23097982135394 2.90748861460617 2.26987305440623 0.027752466956688 0.636101495740963 7.24182948070396 0.346978048181653 0.467544545932748 5.58862295087323 5.5819867703984 0.432563037186919 2.05010785570712 0.481184902969964 2.10450810914542 1.90048050741485 2.77905310276477 2.11158000967387 0.807420393932716 0 0 0 0 0 0 0 0 0 0 0 0 0 0 0 0
0.338718390451993 0.61308979393181 1.62932630108037 3.22185238518646 2.90707597888514 10.1884267289336 7.73734362147539 0.280204841713493 1.68607879089088 6.6483469474262 1.14697340376099 0.487294980950554 8.3216082554397 7.0659956589855 0.710694906752735 3.69473816485924 1.93563989803067 0.781699165723634 0.39671353765914 4.2943093359099 0.331495489563663 0.0811380307919961 2.69008689124382 0.697607990789025 0.792055125294693 6.07526675157516 2.09163427510347 0.576999002538938 1.24078494225097 0.542634581505717 0.473707134450984 0.351597746929162 0 0 0 0 0 0 0 0 0 0 0 0 0 0 0 0 0
4.96176583648219 0.201027032745523 0.894109182264605 1.66646638658356 2.00247361067185 2.69570034292329 1.27368068196364 9.57169739465841 4.21785885564739 2.18955108819224 2.08102316178278 0.872167110778172 0.677464717019161 4.01736480955444 1.57093375494973 2.66396489478911 0.581318439352426 2.49993326951069 1.16449242689713 4.55914455097905 4.17022630263719 3.51877563145191 5.25279189633393 1.2501345476362 2.71363226674613 10.9986196041439 1.66676957379538 2.38054308027787 5.03947289607226 0.161674680412001 0 0 0 0 0 0 0 0 0 0 0 0 0 0 0 0 0 0 0
1.93470769019878 10.0762260895507 2.67685981911323 0.134722638231341 1.4691874849773 3.62237977841673 0.566050508890884 0.641688275765043 3.99564231905662 0.097203742040496 3.18522493412254 6.37973351610822 4.83056295773441 3.35734111245417 0.55898626515917 2.01320405961078 4.99206074751677 1.97690635185363 5.53365988692683 0.985317383834724 2.28645601680211 3.16675514695963 0.654442986619365 1.06369128813876 6.2455399922874 0.0012905978384564 2.4271339554982 0.230011149434224 0 0 0 0 0 0 0 0 0 0 0 0 0 0 0 0 0 0 0 0 0
1.74963960134741 0.191933109759902 4.35705153797244 2.12337601594921 0.729731095655109 1.07223921344709 3.65656594231555 0.698917849978136 1.19643872705962 8.32861718044451 0.585693877181861 7.16545144563184 7.39058150873461 0.119597767309703 1.85036224430588 3.63067335978052 2.67720299027502 0.460026851696658 1.6477708452836 5.22605019926059 1.48922505706391 2.16438849333278 0.679247945614847 0.752807014207905 0.765893820107274 0.83192381713344 0 0 0 0 0 0 0 0 0 0 0 0 0 0 0 0 0 0 0 0 0 0 0
5.34814862891042 4.25111509081313 1.40363124423335 1.36727935889365 3.49757029073021 2.7885252450596 4.31905065741122 2.3071184551223 1.24570519263193 5.28700869581927 3.08316744039143 6.58365531284336 2.35403202057362 0.808782690167563 1.24768694014676 0.543734710708858 3.02525418129072 6.69399319088561 0.501944890752159 0.989347904781566 0.742165286695196 1.6783030237353 0.718101372251324 0.833499179845597 0 0 0 0 0 0 0 0 0 0 0 0 0 0 0 0 0 0 0 0 0 0 0 0 0
0.973910877985291 1.74857010310732 2.3783370879588 4.7006190476582 1.68294062286019 2.42011902712025 0.604066691527915 0.788926867719454 0.238156462415188 2.03677107585574 1.71397192035432 0.351779552868899 2.80083000622645 0.0440953644453394 0.61337128481325 1.23663783210599 0.343461618767498 0.069729007841751 7.20603044321311 1.40663366401758 1.75071138483929 1.91815055173284 0 0 0 0 0 0 0 0 0 0 0 0 0 0 0 0 0 0 0 0 0 0 0 0 0 0 0
1.39502662006732 0.093978545552067 2.03565443555495 5.09801620280948 0.0899484808998429 1.01862149895117 7.51710993573739 0.855651759481177 0.92432319920952 4.50232971248917 1.08035139758596 2.57734249030049 7.25387809553076 3.00370804712007 1.68614983305468 1.78607654523 3.27287517850568 2.93005372198332 0.103684041152374 0.952520647585903 0 0 0 0 0 0 0 0 0 0 0 0 0 0 0 0 0 0 0 0 0 0 0 0 0 0 0 0 0
0.0177957877609651 0.181819910952506 5.09029981556927 1.67789054592883 2.51127988854472 0.131745284005738 9.93432608203895 0.00188509944938567 0.0364722414449839 1.02428466654695 3.33220984316147 0.873884671509113 6.29390530509085 0.34811791911046 0.611396774469374 0.114258840124881 4.50197024090815 3.38870794333564 0 0 0 0 0 0 0 0 0 0 0 0 0 0 0 0 0 0 0 0 0 0 0 0 0 0 0 0 0 0 0
10.6322161244044 0.743440833500802 0.277395823120712 2.53572738528961 0.0270712569705482 0.225940431496492 0.171995981461211 0.311097622560293 1.40519198488169 0.390563172311667 2.07593903916316 2.68663037836754 2.55878887661455 1.82731518765129 10.3686365298757 7.88923114710003 0 0 0 0 0 0 0 0 0 0 0 0 0 0 0 0 0 0 0 0 0 0 0 0 0 0 0 0 0 0 0 0 0
0.706434773455521 0.633638162307191 2.6402029688762 1.17058179114537 2.83395838135872 2.14282858722531 2.71270266578185 3.73079889090368 0.782514505066928 0.401143879055207 0.276706864193468 0.548871879555815 2.02939663129908 1.20022016386303 0 0 0 0 0 0 0 0 0 0 0 0 0 0 0 0 0 0 0 0 0 0 0 0 0 0 0 0 0 0 0 0 0 0 0
3.11402827033296 3.76875289505994 2.27289648129006 1.23030950307365 0.876370820488302 1.09505151039545 0.0541085204822646 0.210360709289805 0.717080690333588 1.92231318497143 1.01768519862277 9.98040920693184 0 0 0 0 0 0 0 0 0 0 0 0 0 0 0 0 0 0 0 0 0 0 0 0 0 0 0 0 0 0 0 0 0 0 0 0 0
1.40897681829692 3.22995303529686 7.29918226521147 0.185048580561721 5.9185082801648 1.12590189292905 6.62418179948702 5.51377777708957 1.92964178219157 1.8435174438921 0 0 0 0 0 0 0 0 0 0 0 0 0 0 0 0 0 0 0 0 0 0 0 0 0 0 0 0 0 0 0 0 0 0 0 0 0 0 0
0.577131728735918 8.78680520607188 0.939086293880792 0.619154423511837 0.357970637827791 3.54111472892444 5.72750284077928 2.25060106355189 0 0 0 0 0 0 0 0 0 0 0 0 0 0 0 0 0 0 0 0 0 0 0 0 0 0 0 0 0 0 0 0 0 0 0 0 0 0 0 0 0
3.52240715011055 1.69729637300376 1.39429291211518 0.797347725505383 0.361273161558093 1.13400473984775 0 0 0 0 0 0 0 0 0 0 0 0 0 0 0 0 0 0 0 0 0 0 0 0 0 0 0 0 0 0 0 0 0 0 0 0 0 0 0 0 0 0 0
0.402709735442252 8.85482517821121 0.10676554825137 2.81498282131305 0 0 0 0 0 0 0 0 0 0 0 0 0 0 0 0 0 0 0 0 0 0 0 0 0 0 0 0 0 0 0 0 0 0 0 0 0 0 0 0 0 0 0 0 0
0.967815595607905 0.430362431310556 0 0 0 0 0 0 0 0 0 0 0 0 0 0 0 0 0 0 0 0 0 0 0 0 0 0 0 0 0 0 0 0 0 0 0 0 0 0 0 0 0 0 0 0 0 0 0
