0.00973715741799274 0 0 0 0 0 0 0 0 0 0 0 0 0 0 0 0 0 0 0 0 0 0 0 0 0 0 0 0 0 0 0 0 0 0 0 0 0 0 0 0 0 0 0 0 0 0 0 0
2.6785593392887 0.380822029944201 0 0 0 0 0 0 0 0 0 0 0 0 0 0 0 0 0 0 0 0 0 0 0 0 0 0 0 0 0 0 0 0 0 0 0 0 0 0 0 0 0 0 0 0 0 0 0
0.946259054821905 0.893653655518399 2.51002520135963 0 0 0 0 0 0 0 0 0 0 0 0 0 0 0 0 0 0 0 0 0 0 0 0 0 0 0 0 0 0 0 0 0 0 0 0 0 0 0 0 0 0 0 0 0 0
0.574315487449836 1.10024921166013 1.5804134274714 3.9555148521573 0 0 0 0 0 0 0 0 0 0 0 0 0 0 0 0 0 0 0 0 0 0 0 0 0 0 0 0 0 0 0 0 0 0 0 0 0 0 0 0 0 0 0 0 0
1.78351221870896 5.78659976225153 1.59141231114812 0.0235246691173399 3.74967068617739 0 0 0 0 0 0 0 0 0 0 0 0 0 0 0 0 0 0 0 0 0 0 0 0 0 0 0 0 0 0 0 0 0 0 0 0 0 0 0 0 0 0 0 0
1.98549086887077 2.95290614896998 2.17582757663512 1.43903578944397 6.03803153994428 0.53182266562235 0 0 0 0 0 0 0 0 0 0 0 0 0 0 0 0 0 0 0 0 0 0 0 0 0 0 0 0 0 0 0 0 0 0 0 0 0 0 0 0 0 0 0
1.18493618473179 2.77611011797681 0.134230869076593 3.57653013498883 3.81503395714353 0.4251776496013 0.142241985238474 0 0 0 0 0 0 0 0 0 0 0 0 0 0 0 0 0 0 0 0 0 0 0 0 0 0 0 0 0 0 0 0 0 0 0 0 0 0 0 0 0 0
2.55914652068441 0.386313709355972 4.53637509684375 1.13530967712869 0.935771929039554 3.46523317460445 1.02148217705885 3.91103383527673 0 0 0 0 0 0 0 0 0 0 0 0 0 0 0 0 0 0 0 0 0 0 0 0 0 0 0 0 0 0 0 0 0 0 0 0 0 0 0 0 0
2.68249780687519 4.20492300430498 5.44186795730604 0.20396940608918 12.3913538547205 1.30116150475081 4.5020783689998 5.41314430333645 2.23158181359378 0 0 0 0 0 0 0 0 0 0 0 0 0 0 0 0 0 0 0 0 0 0 0 0 0 0 0 0 0 0 0 0 0 0 0 0 0 0 0 0
0.672193414945284 6.13532213883321 1.10867937696867 2.87673414584376 4.0236939652681 0.579843973623462 1.98336222878724 0.14555133004109 10.4740204530362 2.68209658076686 0 0 0 0 0 0 0 0 0 0 0 0 0 0 0 0 0 0 0 0 0 0 0 0 0 0 0 0 0 0 0 0 0 0 0 0 0 0 0
1.53573645131342 0.602099435139359 1.91544623398003 0.324270660567417 0.835803532305168 0.609578036006502 2.85928564504927 1.21270806040614 1.77550636912731 0.993255611245742 0.514285110191069 0 0 0 0 0 0 0 0 0 0 0 0 0 0 0 0 0 0 0 0 0 0 0 0 0 0 0 0 0 0 0 0 0 0 0 0 0 0
0.0866287640741737 0.656328687337966 0.397726507245462 7.08629412573753 0.924958352813178 0.84088906370988 0.514549965714303 3.07713382950856 0.44078589578929 0.854411815484913 5.23185941750343 7.87749843103246 0 0 0 0 0 0 0 0 0 0 0 0 0 0 0 0 0 0 0 0 0 0 0 0 0 0 0 0 0 0 0 0 0 0 0 0 0
3.19602757365871 1.85132733397296 0.963975814053024 2.15568705673859 0.151405343829924 0.710368806893944 0.64224770747856 4.66521217294448 1.22077687382164 4.73496971541427 0.667068537445223 5.12194872109985 2.24954225413292 0 0 0 0 0 0 0 0 0 0 0 0 0 0 0 0 0 0 0 0 0 0 0 0 0 0 0 0 0 0 0 0 0 0 0 0
2.30992042465284 3.2985872996261 2.7582431557605 1.44819551039329 2.77242146105964 4.87315792211302 1.833641461975 0.867709772984771 8.94226617310136 0.0821548823449498 2.49721641466262 1.82738754319324 0.378920752936722 1.04759168664881 0 0 0 0 0 0 0 0 0 0 0 0 0 0 0 0 0 0 0 0 0 0 0 0 0 0 0 0 0 0 0 0 0 0 0
0.897797595207068 3.00997422187324 2.94186462692006 0.802314774215508 4.66889112647738 2.35036427365064 6.28748866967625 0.582928150231622 1.48151683070871 1.62839034548735 0.811598577157732 1.70175784018588 1.62134898998106 0.130308914706611 0.808800891475292 0 0 0 0 0 0 0 0 0 0 0 0 0 0 0 0 0 0 0 0 0 0 0 0 0 0 0 0 0 0 0 0 0 0
2.70703882163984 1.15301371383358 0.0370848078594311 0.562317061246226 4.49004407887348 0.176984122720953 9.00534706649178 1.45599052871575 4.47365280045301 0.871955907704747 1.17182052484322 4.97617212652476 1.60435900850986 2.33827513493471 1.31876439451847 6.46686023149768 0 0 0 0 0 0 0 0 0 0 0 0 0 0 0 0 0 0 0 0 0 0 0 0 0 0 0 0 0 0 0 0 0
0.469708923697676 1.28136871973241 2.59773651843584 2.23659182943504 1.83380545491585 1.87282446216289 0.641057536213304 5.82571411415646 1.73174469319046 0.445885944696452 6.90740003745723 2.51720821622896 1.91245393026018 2.67472647378372 1.86845003175712 1.25035559482883 0.468863278406658 0 0 0 0 0 0 0 0 0 0 0 0 0 0 0 0 0 0 0 0 0 0 0 0 0 0 0 0 0 0 0 0
0.538303014521832 0.525191504124599 0.664218487531353 4.80595641422463 1.24739222141753 2.14569663142813 0.927823710442816 2.19594312065838 1.23332640836261 0.563576942975579 0.0738502569445767 2.36700681512869 0.800782895090415 1.43044294363185 1.66619274284933 0.330104004526823 0.246874604474887 4.05880001720102 0 0 0 0 0 0 0 0 0 0 0 0 0 0 0 0 0 0 0 0 0 0 0 0 0 0 0 0 0 0 0
0.974682153760765 2.74106871574405 6.23032139316606 3.4826831589815 0.712714903716684 2.47525863070041 1.52709488272535 1.22636573023961 1.65147902196626 5.07053733567221 2.2014198546351 1.88294241422189 5.31296317209245 5.58652342837807 0.764863893323197 0.385944385710341 3.96630599098232 3.01328190257442 2.83323569502542 0 0 0 0 0 0 0 0 0 0 0 0 0 0 0 0 0 0 0 0 0 0 0 0 0 0 0 0 0 0
3.0822286080092 6.70715056514218 3.10412981213525 0.0622900785925917 4.31326093609193 0.839560673506408 0.547842968177806 9.23761556796361 1.3313769247878 0.332213994409465 0.0529822952879116 0.787790866263921 0.163370270735238 2.23103553889044 0.757386142957187 0.7735220178957 3.36266702875687 1.4222874626752 1.61414455114408 0.110945848195949 0 0 0 0 0 0 0 0 0 0 0 0 0 0 0 0 0 0 0 0 0 0 0 0 0 0 0 0 0
0.187537252659005 2.63101252893021 0.214470747218245 3.12869277747521 6.64288705858039 0.134001672599806 1.33562828911171 0.844766521867761 0.0399216717875819 0.450353090585389 1.46580386950908 0.672906588381628 1.61558011120209 1.08695542826832 2.21582486478234 0.342163380650105 0.548253719940959 2.66359816443603 2.40961225292395 1.87547451583159 0.627109614867808 0 0 0 0 0 0 0 0 0 0 0 0 0 0 0 0 0 0 0 0 0 0 0 0 0 0 0 0
3.4357436584126 1.42779544891515 0.635506042696817 2.38776311224952 0.123149098363841 0.773533015897813 5.85528621135097 0.336339070814167 0.260828457173605 0.546203718422884 0.203431780212636 0.786243129156375 6.29630570802264 1.84189749519632 2.11556426723867 7.57218799312895 0.148719627125947 0.129717054087134 3.9787368488941 0.953030147260491 7.07293367550437 0.404370674883966 0 0 0 0 0 0 0 0 0 0 0 0 0 0 0 0 0 0 0 0 0 0 0 0 0 0 0
0.253444990558741 1.6357221576595 5.69320012926597 3.29499836710103 2.52807662091185 0.691043637153482 0.288840513289157 2.32384972423314 3.60271490959624 0.648864767806867 2.19665973150837 0.75530060270039 0.2292572405719 3.65669257568857 2.89386581766311 2.88463355464 1.19275549965975 2.39881479830046 2.05959318342495 1.82749153480816 4.41190643446548 0.758351774165385 1.425214014152 0 0 0 0 0 0 0 0 0 0 0 0 0 0 0 0 0 0 0 0 0 0 0 0 0 0
2.57760123084891 0.843990783309665 0.722722514658553 9.04054634241698 0.217977573776742 4.31988840001144 3.3615087691006 3.93875888630355 1.11690057870431 0.660295155319985 4.02162676270439 4.31445326919479 0.382569159707329 1.00563023561484 0.526602546562352 3.73984423077712 0.519539337553266 3.69425111378859 0.753385542534664 3.50318214230799 2.50914074578154 1.93219912071344 2.38135128573518 0.507850301211737 0 0 0 0 0 0 0 0 0 0 0 0 0 0 0 0 0 0 0 0 0 0 0 0 0
2.53768504383587 0.890419279839091 9.3691739746396 1.36735296521669 1.30185201744639 5.16437032568835 1.66054332029503 0.215321499580285 0.75561449259626 1.99536386735274 3.22082703409631 0.764174155724857 0.822232052289442 1.10722068103486 6.85963872222348 2.12370901717362 2.56681630243551 2.49949328892246 0.134794919493509 0.307992572473762 4.57003191708774 1.79481987422962 4.03918764887141 2.39568144112042 2.52045695384057 0 0 0 0 0 0 0 0 0 0 0 0 0 0 0 0 0 0 0 0 0 0 0 0
0.38864853731015 1.44689413933969 1.82932801761215 0.532836258677044 8.4901415122054 0.167561363920094 0.449856764009962 1.26238505022909 1.05623995781841 2.14017973506876 0.0273282740929193 6.44279962790939 0.862669445278751 1.64630142506528 7.62730975253887 2.8140182534233 0.716954827829635 0.919202410664865 0.0502463507695684 1.04278685514129 3.63579802487799 2.65750139694773 3.37858764403788 1.5743512660733 1.89905705752514 3.73705482380744 0 0 0 0 0 0 0 0 0 0 0 0 0 0 0 0 0 0 0 0 0 0 0
2.49667968173715 0.930606148083435 8.94649952749681 2.20667578391633 5.90891669233899 0.128067750030109 0.284835294986847 0.231772517079205 1.1436734752967 0.514998549604695 0.38860840837938 4.20165135336767 2.19275789237766 2.31757319888875 0.415327490883086 10.2629596108897 2.19268987940506 0.522179378838098 0.0826645644236247 0.355466492596665 1.45547409445716 1.45835753556127 1.48406207681931 9.79309906703514 1.08531976241646 0.0637436441678026 2.23931737403293 0 0 0 0 0 0 0 0 0 0 0 0 0 0 0 0 0 0 0 0 0 0
0.416339595470497 2.84795196457296 1.99269431153538 10.1285217457173 0.105685840762607 7.50563429816852 4.94975242725262 1.55605753798309 4.01313113315328 2.05555805323585 4.60498189031287 0.467661547910105 8.86693468918625 1.80545746415661 0.394251602856364 1.42428268909557 1.72467076430635 0.696081724796483 5.9802428066534 2.49517283870562 11.2714357374452 4.30755537071225 5.7991309710944 1.15233445095249 2.05405354720971 4.77117880681959 3.01462434448347 4.3672298164913 0 0 0 0 0 0 0 0 0 0 0 0 0 0 0 0 0 0 0 0 0
2.14516783157854 0.141238767788771 0.178673233475458 6.85456052581491 3.19235217585344 1.70357408723904 0.470156899711216 0.183360953262255 1.73538715175925 7.72512269417796 0.635699764156905 6.57530909364763 1.09268015237514 11.4103613158985 4.63735528226158 0.706181935149917 0.25698227162435 4.06750726595426 0.926470482182609 2.51553919329311 1.18417668473699 8.00544254531299 4.91866929482001 1.01699748968376 3.50215095121485 0.160420650078684 0.136176026265889 2.42825130399285 0.625428697015985 0 0 0 0 0 0 0 0 0 0 0 0 0 0 0 0 0 0 0 0
4.24179090609394 1.79522507959447 1.66613733559938 1.07687297317743 5.60297855794264 1.10887957572657 4.71755165022449 6.50238536557898 2.21256516793815 0.445703711993215 1.06106849630673 2.77101731085958 3.99940570810593 4.68972554788137 1.50506818045723 15.8419620573353 2.05648480704632 0.554506348069376 1.80374458680596 0.0200473670544931 0.120595642936266 0.582780642536072 3.21711350699433 2.93189541190404 1.63414741357444 3.341563518148 13.1051012244877 4.74728075453158 0.660470109131395 2.10917737572553 0 0 0 0 0 0 0 0 0 0 0 0 0 0 0 0 0 0 0
0.325842367060939 0.225446988435821 1.22079634960652 4.90709464241941 6.25195051872216 0.172385372972721 9.89455532406889 0.0681482349149096 1.42036954539181 0.0134739593665888 3.92592151868694 0.533485555845133 0.358679726525556 2.93796578595359 1.80838537353739 0.433143666569145 0.343374796695711 6.53622063999559 0.532795723026408 0.85472092093476 1.01250727230146 0.884051634888656 1.10645009042448 2.07070684562021 2.52842460221863 0.492756936231744 5.53652272050237 2.82661938023355 3.37643317256305 1.91117967562116 1.55724485118794 0 0 0 0 0 0 0 0 0 0 0 0 0 0 0 0 0 0
2.73371665835019 0.708180942440569 2.98961906276177 1.71163879579298 0.877315163830996 0.456610430183857 7.50194128461108 0.413446245666576 1.28327395859835 0.362045427376282 2.19510483595573 1.25081409199461 0.406017336306144 1.76657571632894 0.850543696697684 0.881139460075989 2.23223240859551 3.79220792235419 2.24824176799968 2.15138887864027 1.42672317418573 0.860061009667331 1.35584371015169 0.917335224531547 3.42331176822628 1.98640413584052 1.58246636016896 3.45249663520772 2.30351026215132 9.2150163173295 3.38337741882694 0.848876621752624 0 0 0 0 0 0 0 0 0 0 0 0 0 0 0 0 0
1.09984624501797 3.56847096007439 1.38813857129567 1.25025243918313 6.69944673669958 1.17016155727669 2.47250835953583 6.53949540144227 2.89021062863102 5.68760429969236 0.12956792562934 1.6357686326188 3.61133386779732 1.18595004843922 0.678891684238748 5.79160405514567 0.553547091193221 8.58042261051833 1.65483830707055 0.359968190032098 3.67806849094903 1.99500186581594 0.172065177889961 6.12678993701103 6.94705019152069 0.701396412244495 2.05494247434271 7.70049875610959 2.21039696058916 0.541765524274812 6.9713746080907 6.44782314169018 3.25437663697236 0 0 0 0 0 0 0 0 0 0 0 0 0 0 0 0
3.49259471168206 4.35085721402609 0.954768262493124 2.04852698313122 0.00400892857215108 10.9385279673532 1.58214698512456 3.21527553776637 1.49891580425119 0.444173719177037 0.107247468928504 3.84898721378188 1.78244929621649 0.166276130538425 0.485714655985703 7.97631068526282 1.7823481140372 1.60305238932071 1.14632624874167 0.416588984783936 0.880275164822129 1.00324730044875 0.551702261795442 2.22988604837987 4.81535968937439 2.93927577018293 2.10530265918789 0.222330487521769 0.180258103996002 2.81334687030433 0.862918330836428 4.1998869803326 0 0 0 0 0 0 0 0 0 0 0 0 0 0 0 0 0
7.85034925505773 0.373117142688888 3.58212823567711 1.21919983303128 2.19703593179045 0.396626638071335 0.827178473785831 0.61873769197504 0.200135922107261 3.9465231873073 1.59855388218141 0.862262089645181 0.0349654928737186 5.12621542382507 1.49647206679222 1.31786729153712 0.781866427414428 3.57843144030882 0.163491522227456 4.24201030289217 0.71589106692439 0.421082449423724 0.0967224030407426 1.24159540230244 0.025206774543949 1.45846544272015 2.19053017916111 0.65520442075929 4.29311223010135 1.08852574818453 0 0 0 0 0 0 0 0 0 0 0 0 0 0 0 0 0 0 0
1.11603628698865 0.752007419839415 0.32934176110785 2.65457783133966 2.74132718575162 0.349584426011511 6.25258458055522 1.2463701885914 1.46071268371905 3.94170633419191 0.238487783247102 0.0521291423883428 2.53324982670161 2.822664187561 0.751172473649949 2.02725479108912 0.742833328983853 1.99115171581238 0.890857846170817 2.41780119075521 2.92508123787266 1.86649998743661 1.52645165614189 1.75447753603588 0.809342375859669 0.202719300593313 0.399515917372774 3.20344277855162 0 0 0 0 0 0 0 0 0 0 0 0 0 0 0 0 0 0 0 0 0
2.70270219098709 7.19786638274123 2.23502190645837 3.90167868558489 0.0934846484512631 4.00827687274126 2.0526970398056 3.4451154893757 2.82617505717221 8.5196508151943 1.0262670125773 0.111317269215791 1.72632687803637 4.60195539506364 3.18423836089504 0.403889633955004 0.944532759376531 2.51402826325905 6.76908608448964 0.489894471552128 0.378955554191613 7.5550784750769 1.91597437548859 6.44924726286687 0.346279987401179 0.279054805673441 0 0 0 0 0 0 0 0 0 0 0 0 0 0 0 0 0 0 0 0 0 0 0
2.01662869568035 0.870854031273536 1.78414998755762 1.26421691327037 5.9846886647819 2.13560474331309 2.18349483320547 2.50308213389797 2.1643404456578 0.0145761778591014 2.84807473220709 4.84275323610973 2.59588266417714 1.1756549403775 1.70510270038568 3.75993101287016 1.05161372302119 4.17914976562814 1.90110525314615 2.11281037384714 6.12560991101032 0.8942214254125 2.94690340391992 2.89932537436202 0 0 0 0 0 0 0 0 0 0 0 0 0 0 0 0 0 0 0 0 0 0 0 0 0
0.0487590352346337 3.3966584873489 3.45581040785198 0.978563708874618 7.98203691935113 1.35651277521052 1.16527913178307 2.96816902035024 3.31261126134281 8.55929175483593 1.20053649970265 1.8344444474883 0.687499228545543 1.85102922660095 0.446734960214933 0.876968359609337 2.4975887111954 0.230089686879683 0.259293861009655 0.430447568445418 1.89361954511226 2.68871976073709 0 0 0 0 0 0 0 0 0 0 0 0 0 0 0 0 0 0 0 0 0 0 0 0 0 0 0
0.399356318545303 5.71155914151646 1.93983044813827 0.335202195208942 0.988014383084724 5.37026374015313 0.537669135915264 0.234763135397098 0.579633463897146 4.54723953917403 2.55995013925085 0.186363641107774 2.00556493139297 1.1397881368774 1.35681085099748 5.48189762956793 1.37326668848942 0.30158921958562 1.66727653791898 0.190286754930464 0 0 0 0 0 0 0 0 0 0 0 0 0 0 0 0 0 0 0 0 0 0 0 0 0 0 0 0 0
3.36249974973037 4.79092997188786 4.87729409937974 0.686608490398788 6.64525981883961 0.00758954429978523 1.48773452576153 4.83471944184142 0.238246648468603 0.980587962367648 1.75512876480201 1.98149255054563 2.56932372129813 0.682360740682063 1.40718818585205 8.52315403496856 1.93049531621836 6.76330360727494 0 0 0 0 0 0 0 0 0 0 0 0 0 0 0 0 0 0 0 0 0 0 0 0 0 0 0 0 0 0 0
1.92288918927503 5.29145722650122 1.24606401840933 3.72231818622453 4.65682127058086 0.129068634073587 1.34585331295484 0.297722118260407 2.33090570798653 2.41012685824777 1.35536332358991 5.16019468803843 1.8577581545154 2.35169931546028 0.206598456796823 0.196777483847433 0 0 0 0 0 0 0 0 0 0 0 0 0 0 0 0 0 0 0 0 0 0 0 0 0 0 0 0 0 0 0 0 0
1.46398930837424 0.0151611402476313 3.06902342968401 5.38736592405459 2.9084726640766 8.51451990366504 1.35073624929383 1.31040675143354 5.1267067521571 8.91563375232341 4.36832494813467 1.68937008816538 5.46639329340986 10.8078064266575 0 0 0 0 0 0 0 0 0 0 0 0 0 0 0 0 0 0 0 0 0 0 0 0 0 0 0 0 0 0 0 0 0 0 0
0.591947882250625 8.01993872228439 1.411621425216 0.0526426206232877 0.460328379396591 1.69563813967885 2.82930991499585 0.759122791973446 0.711164127977303 7.38063532546201 4.51851819439917 1.92237072719141 0 0 0 0 0 0 0 0 0 0 0 0 0 0 0 0 0 0 0 0 0 0 0 0 0 0 0 0 0 0 0 0 0 0 0 0 0
5.45780916195882 0.0196274202020737 2.95641119204466 6.87981324408502 3.01634765187571 9.64044950318339 1.93250348761375 0.833512096848554 2.11560076262604 2.01043674845546 0 0 0 0 0 0 0 0 0 0 0 0 0 0 0 0 0 0 0 0 0 0 0 0 0 0 0 0 0 0 0 0 0 0 0 0 0 0 0
4.17025880197612 3.72406261602976 0.161112832666712 0.654584204764361 4.07126052278144 0.643827378543423 0.166670037037635 0.626168162274021 0 0 0 0 0 0 0 0 0 0 0 0 0 0 0 0 0 0 0 0 0 0 0 0 0 0 0 0 0 0 0 0 0 0 0 0 0 0 0 0 0
0.958941805338326 6.26328999594277 0.835940448983408 2.96779249352323 1.53098677673931 7.20956204505046 0 0 0 0 0 0 0 0 0 0 0 0 0 0 0 0 0 0 0 0 0 0 0 0 0 0 0 0 0 0 0 0 0 0 0 0 0 0 0 0 0 0 0
1.92093960676088 5.48175072547112 1.67216527528077 0.0786823394577531 0 0 0 0 0 0 0 0 0 0 0 0 0 0 0 0 0 0 0 0 0 0 0 0 0 0 0 0 0 0 0 0 0 0 0 0 0 0 0 0 0 0 0 0 0
0.178804374121722 0.71082460742816 0 0 0 0 0 0 0 0 0 0 0 0 0 0 0 0 0 0 0 0 0 0 0 0 0 0 0 0 0 0 0 0 0 0 0 0 0 0 0 0 0 0 0 0 0 0 0
