2.78472320210853 0 0 0 0 0 0 0 0 0 0 0 0 0 0 0 0 0 0 0 0 0 0 0 0 0 0 0 0 0 0 0 0 0 0 0 0 0 0 0 0 0 0 0 0 0 0 0 0
0.343231881239833 2.05012215346259 0 0 0 0 0 0 0 0 0 0 0 0 0 0 0 0 0 0 0 0 0 0 0 0 0 0 0 0 0 0 0 0 0 0 0 0 0 0 0 0 0 0 0 0 0 0 0
0.157734168606912 1.50286198281976 2.86831764787569 0 0 0 0 0 0 0 0 0 0 0 0 0 0 0 0 0 0 0 0 0 0 0 0 0 0 0 0 0 0 0 0 0 0 0 0 0 0 0 0 0 0 0 0 0 0
2.12037082343754 2.09372974896702 4.71370386354744 1.98099519307313 0 0 0 0 0 0 0 0 0 0 0 0 0 0 0 0 0 0 0 0 0 0 0 0 0 0 0 0 0 0 0 0 0 0 0 0 0 0 0 0 0 0 0 0 0
4.71523933130064 1.39213627603207 0.193576805457558 2.55893023266346 2.16755904380525 0 0 0 0 0 0 0 0 0 0 0 0 0 0 0 0 0 0 0 0 0 0 0 0 0 0 0 0 0 0 0 0 0 0 0 0 0 0 0 0 0 0 0 0
0.725889958610947 0.173360369795101 0.43602046247466 9.44616630896129 2.59861819017462 3.44548411169447 0 0 0 0 0 0 0 0 0 0 0 0 0 0 0 0 0 0 0 0 0 0 0 0 0 0 0 0 0 0 0 0 0 0 0 0 0 0 0 0 0 0 0
1.33543664900669 2.64312109887035 10.0894603297871 0.808022066485789 1.64339341051559 0.0100067990096825 1.43832034100191 0 0 0 0 0 0 0 0 0 0 0 0 0 0 0 0 0 0 0 0 0 0 0 0 0 0 0 0 0 0 0 0 0 0 0 0 0 0 0 0 0 0
0.75016486328299 1.0017799645361 0.233998572748152 2.96304173015309 0.521855780903176 2.73652622591707 0.920093406350596 0.392117525749816 0 0 0 0 0 0 0 0 0 0 0 0 0 0 0 0 0 0 0 0 0 0 0 0 0 0 0 0 0 0 0 0 0 0 0 0 0 0 0 0 0
3.38636030441233 1.57274900480116 4.47495127084096 1.5903853335898 3.2587754400901 0.347289491719433 5.72094946350924 5.01007781340299 1.8534957234558 0 0 0 0 0 0 0 0 0 0 0 0 0 0 0 0 0 0 0 0 0 0 0 0 0 0 0 0 0 0 0 0 0 0 0 0 0 0 0 0
2.48908463245546 0.140906726691723 1.42621494296139 2.98623673287777 2.58333550993112 1.88911808224742 2.4559332720796 1.97730173662253 4.04733527483027 0.848794189737923 0 0 0 0 0 0 0 0 0 0 0 0 0 0 0 0 0 0 0 0 0 0 0 0 0 0 0 0 0 0 0 0 0 0 0 0 0 0 0
0.95214751485784 0.394330255737234 4.63335988415689 1.11888342292789 2.78947595984699 2.75301922675169 4.94099684847742 3.26886922961776 4.13704157497355 0.0843200656307885 0.912835349298911 0 0 0 0 0 0 0 0 0 0 0 0 0 0 0 0 0 0 0 0 0 0 0 0 0 0 0 0 0 0 0 0 0 0 0 0 0 0
1.57211276250315 2.37731178824736 7.4536750833695 6.20810929658385 0.388341950455999 0.205333507976741 1.8759195829813 0.245567825746377 2.69130657190816 3.41119787808361 1.10932019405629 1.1552577678717 0 0 0 0 0 0 0 0 0 0 0 0 0 0 0 0 0 0 0 0 0 0 0 0 0 0 0 0 0 0 0 0 0 0 0 0 0
1.72232643641647 0.638265545985877 0.908285805586354 2.41590644014985 2.02419171805802 2.6139955078484 0.893395100675471 1.77650940380226 3.32561711248471 1.40432855954826 4.84016258446992 0.731110050532949 0.873003004803151 0 0 0 0 0 0 0 0 0 0 0 0 0 0 0 0 0 0 0 0 0 0 0 0 0 0 0 0 0 0 0 0 0 0 0 0
3.88435289438042 1.50492629727747 0.326918410137626 4.48091209376207 7.71955896094431 1.98576276384472 2.80412149709598 2.3079910215575 0.752915316762744 0.204728455136598 0.0706649423085279 2.45399433279381 1.64486157295581 2.35228250048555 0 0 0 0 0 0 0 0 0 0 0 0 0 0 0 0 0 0 0 0 0 0 0 0 0 0 0 0 0 0 0 0 0 0 0
2.97713101784042 0.637739853465566 0.379215508380001 6.9497216673201 3.78070825290375 2.18323500825629 3.5224396890038 0.672941931698816 3.36973698040962 4.51201781669348 0.366327507845925 1.62454000811018 1.73932400543959 2.10033015026954 0.810127730567157 0 0 0 0 0 0 0 0 0 0 0 0 0 0 0 0 0 0 0 0 0 0 0 0 0 0 0 0 0 0 0 0 0 0
0.981307448573016 0.787962371371969 1.24629035270487 0.080779666977887 0.279430846832179 3.07142213768359 0.702377220890755 1.32139207034016 3.14725827879804 0.818447082191905 1.20014631148014 1.12519454625138 0.923521599277006 1.7604512544871 1.98255900785242 3.49392619979 0 0 0 0 0 0 0 0 0 0 0 0 0 0 0 0 0 0 0 0 0 0 0 0 0 0 0 0 0 0 0 0 0
0.121593437359441 1.3165734708884 0.405420010861356 0.295594016368634 1.95737240660415 1.41291554554062 5.24874303927236 1.05907998661176 4.05203042650891 0.505947111016107 6.47668123832205 4.50469703018418 4.74552547042797 2.97497448909656 1.27163000643051 7.06845229482859 3.21484785308508 0 0 0 0 0 0 0 0 0 0 0 0 0 0 0 0 0 0 0 0 0 0 0 0 0 0 0 0 0 0 0 0
2.04825318561468 3.24861596339011 1.43345281130494 0.214584806812703 0.216426938921945 0.714791981357282 5.20530978826458 4.24295233297746 0.455873698261225 0.718645330693733 0.704712009148516 1.04264471553864 0.385098992609743 5.92153527676429 2.9225737437586 2.46917638326219 0.0144507537187064 0.474629511222006 0 0 0 0 0 0 0 0 0 0 0 0 0 0 0 0 0 0 0 0 0 0 0 0 0 0 0 0 0 0 0
0.345718989380015 1.55389322818378 1.16179272609443 2.69070176763226 0.71323451566075 8.37925301141657 1.71803308428462 1.55493514046759 1.06068450868332 4.99865042101865 2.93561268081464 2.70235742042585 2.84934007918792 2.80993140916435 0.988209399675218 3.1337514919115 0.2607787648479 0.611058446009935 3.18400941689528 0 0 0 0 0 0 0 0 0 0 0 0 0 0 0 0 0 0 0 0 0 0 0 0 0 0 0 0 0 0
2.83562884057787 0.629863058938521 1.12337629342625 4.6297178513183 3.81101635602816 5.63691025407581 1.93750791875296 7.7051537733628 0.841027864327672 1.27993700433272 3.08000636359771 0.839483857618347 3.97609574792457 3.18322554542322 0.635036027480419 0.86062515303418 1.20171746820045 3.80236637712299 0.221177576998113 6.3830944870379 0 0 0 0 0 0 0 0 0 0 0 0 0 0 0 0 0 0 0 0 0 0 0 0 0 0 0 0 0
0.196771782974373 2.2333574221074 3.60417044107951 2.92227948863896 0.277471550549228 1.19779640627182 2.69074944907071 1.66760219049899 0.626101270001617 0.00851414681530231 0.648044450800534 0.64752263826436 5.4234757669989 1.24471632189098 3.26034026705172 0.690887310490598 1.54497331826913 3.60435690192927 2.95331518476647 2.61371946386452 3.98634534388816 0 0 0 0 0 0 0 0 0 0 0 0 0 0 0 0 0 0 0 0 0 0 0 0 0 0 0 0
0.649448024024403 2.01640907270884 0.530018455356896 1.00201434064602 3.98435016678802 5.05043771217918 1.25026399878058 0.251139525249788 0.0344177538834822 1.43640905196844 1.01208914420079 0.520385843298268 2.50412458925984 3.02664523500356 6.81113899951889 4.06055253741464 1.29116936498518 0.47465770218879 1.64741975592774 1.42150378971364 0.0694381823414038 1.01731675432822 0 0 0 0 0 0 0 0 0 0 0 0 0 0 0 0 0 0 0 0 0 0 0 0 0 0 0
2.22714886219513 2.61178791332823 3.39966393289368 0.902945507410214 1.03530320570279 1.31143859698367 0.33251176976814 4.05105100286072 2.10067516518665 0.549288366513488 5.03109660162385 0.303250592013409 9.76853343628246 1.53828980324274 2.94939185454538 2.78698567324317 4.01725366875679 0.808224151093096 0.729474860290725 2.58011183990083 0.194162126064192 1.29535546513788 4.82890896067405 0 0 0 0 0 0 0 0 0 0 0 0 0 0 0 0 0 0 0 0 0 0 0 0 0 0
7.3796174995707 2.08422710538954 0.458845137824213 2.43300744215572 2.36407062338844 4.28622122625701 1.61295359257206 2.20354850365332 4.1000098024298 0.918515467526225 2.86574017439551 1.33354580161155 1.69036708371107 3.2260059969873 0.021944786855997 2.76077701168848 0.935608773620276 1.58044750650323 0.721909287061184 0.176377904677702 1.03521743183631 10.7844409578868 5.88149512715429 2.22512384016041 0 0 0 0 0 0 0 0 0 0 0 0 0 0 0 0 0 0 0 0 0 0 0 0 0
2.21353857315827 1.18409081815171 0.0052738804310556 1.16808930363618 0.98360049016966 3.25392873465938 0.605206614650904 1.25990988397668 0.369570170355154 0.243209678045682 2.0179870852257 4.18216710657025 2.94678023680683 3.30471474795324 0.518608609266914 1.06807952672203 0.0995852970495956 1.65420818075156 1.79631937021114 0.892823275262264 1.72607253988325 2.3590266475157 0.105431142155499 0.557033184770964 2.51753287167454 0 0 0 0 0 0 0 0 0 0 0 0 0 0 0 0 0 0 0 0 0 0 0 0
2.21570573056747 2.29484128368492 0.3041475359209 0.515076829694504 2.29814408750967 0.635219835632141 4.95382223123869 1.2485575793546 6.68171876382188 0.154006487754717 3.37891146000523 1.08307063401132 0.42415665859408 1.38172605490407 0.245829982101867 2.65171104995571 5.58987386859909 2.51035294857704 0.607107792649191 3.62613118099223 0.571247202004826 0.357530134070945 0.0110102021850212 0.871949528359643 1.84964856538575 2.60580737401462 0 0 0 0 0 0 0 0 0 0 0 0 0 0 0 0 0 0 0 0 0 0 0
1.52503183805155 1.55908687043485 1.0071994296003 1.72259727470669 3.12151537362936 3.17677660282333 0.467061137474816 0.456962968308266 0.144491340860254 3.60614365901169 4.51007340552479 0.953442710351279 1.02997506145488 0.640553471367604 2.87602982357451 0.732205479112737 0.0909924875679794 0.00450943719482253 5.13755326714006 2.81577739680669 0.176458215732115 2.03876601586125 1.45402680676749 2.92640774021975 1.16057358417106 5.93670530067699 3.94726803659632 0 0 0 0 0 0 0 0 0 0 0 0 0 0 0 0 0 0 0 0 0 0
0.192897741087166 0.99633807838245 3.16827237722742 1.35309611421688 1.71373237390386 1.08954137887228 3.85088604299044 5.98022373685952 4.23251246267903 0.185138276709071 2.93166294214177 1.60516764171981 1.43510881065651 4.85592772624419 3.36961628859123 5.36745955278666 0.282664669805605 0.159686857780849 4.02406480205336 2.78378976742978 2.82092161053286 0.0196107947929992 2.93295407964483 6.84272968195053 4.83864108643269 1.33411500477396 0.131057596401094 1.07100839669296 0 0 0 0 0 0 0 0 0 0 0 0 0 0 0 0 0 0 0 0 0
2.32878802005836 0.983023666843687 1.34980573393742 0.703813773267233 7.73261005247892 0.0348847991384514 0.864459377093017 0.0772023125472932 0.0516490637532339 0.888583722576908 2.74569280103795 0.78931933504592 2.26541649894861 2.78617653370107 2.15383904186388 0.433451226109021 1.08603260927436 0.831931401349135 6.7312569785013 0.795162615176964 2.35418030627405 1.11496656031668 0.173676194342054 2.03863315781174 0.215922094265545 5.7991192993678 0.473621000254748 1.28027285977894 2.73392536592807 0 0 0 0 0 0 0 0 0 0 0 0 0 0 0 0 0 0 0 0
2.05226313755276 1.10695947097955 1.09967141990467 0.47757004629791 0.0915019103898152 0.879442828405961 0.947273847097595 8.05838931791619 2.5617784796236 0.4649533559997 9.55338221228902 0.241114749892978 0.687644797071124 3.67892289061027 1.27758250367134 0.394220019588236 4.30862650771871 1.68268174755466 2.39912038556639 3.11257099553386 3.75562647272745 5.56868841400132 3.26441844500763 1.08785617197779 2.75261474370492 2.61236894207024 0.138097179554785 3.91199383497776 9.96769134534753 7.82016301162948 0 0 0 0 0 0 0 0 0 0 0 0 0 0 0 0 0 0 0
1.69922740293929 6.44917565970675 0.928698855271878 0.438242038161937 1.33941752583547 0.664779873498362 0.178049992570324 2.72477250620832 4.49419578961716 0.478794988402653 4.47210837610781 1.43886279489785 1.36634794973442 3.70094651338507 5.57244203018202 1.694487850912 8.75645241878781 0.808062428380878 0.236133400891577 8.49297954798048 2.33576653707903 4.03312572136491 0.0414103087459117 1.20159188886858 2.52387782689893 0.830724486107641 2.80960792589024 3.12455989789508 2.34391590719579 0.4211648461995 0.206366377067945 0 0 0 0 0 0 0 0 0 0 0 0 0 0 0 0 0 0
0.242612728266586 1.79439005677789 1.96199194185691 3.48044926990621 1.07034262012826 2.16137666396527 1.79179324279 0.739091696932876 3.53051896929467 0.71198697464305 6.18665281779897 2.20845241042633 0.661594639334104 0.574821124157533 6.61182158408573 4.03661327648982 0.88578390860392 0.766808135016288 1.22958529659274 2.97801216129235 3.01559494320538 1.72900537027672 0.184950632107089 2.22986851089691 0.661241923218447 7.82639523627904 4.93493164216005 0.367302962434748 2.04417244459959 3.01957078404118 2.01321257517933 3.78283952363782 0 0 0 0 0 0 0 0 0 0 0 0 0 0 0 0 0
3.44904830916705 0.058423987922806 1.86358948038992 1.17753591335067 0.906620362246281 0.718994602534631 1.86362840279613 2.45290197558844 1.37146659546183 0.923794494028341 1.65840676283603 0.0627289760165867 0.192928739008337 1.36599094308598 0.354163460566474 8.15942659433294 0.516376503849822 1.07023079675687 3.06363271037132 3.22649122135121 1.73623062431842 0.368571883024682 0.0692003812595281 0.76697969988622 1.08243817910468 0.321152978524251 0.346580778259389 0.249569349655633 0.223429482371435 2.59752744769402 0.122028844211882 0.392836739195006 0.813213392302841 0 0 0 0 0 0 0 0 0 0 0 0 0 0 0 0
2.37196004694599 2.08795347122647 3.21306570463539 8.07908441432877 2.87815307730289 0.651564714057869 2.02003429699334 3.92351861672381 1.29286275816944 2.10008489519429 1.72585261579341 1.09838842422009 2.02156349636974 5.58225561382956 0.813508613392385 2.70337517193016 5.92511171603369 2.57778755093905 1.78125458821214 0.804702118745478 3.41904265382204 0.26833453959435 1.83543899756651 2.03038893599201 5.70411661524603 0.554142929041782 0.47799491244061 2.69475297899031 0.889920856467585 0.956788676442704 1.20663075064676 2.45582433816811 0 0 0 0 0 0 0 0 0 0 0 0 0 0 0 0 0
2.14433281620083 2.30132990354631 4.03640919749451 0.762619994295904 0.136771501849489 4.74442274383858 1.49657966805537 3.49756278078748 0.0372349345883066 0.861504676262965 0.352669871752705 3.46345645836577 3.47784017832449 1.67043700740442 5.06233843375266 4.02252178063798 4.53092512206608 1.05118523470489 1.94725871609316 1.6875407158254 0.40180376682026 0.379384449374065 3.81775122905745 2.47337290658148 1.02322954929967 1.76026335682203 1.36653992320147 1.50480165913134 2.14426952241859 1.43189264768592 0 0 0 0 0 0 0 0 0 0 0 0 0 0 0 0 0 0 0
1.14389499693617 0.768560021025143 3.290240777958 1.63119503011804 0.10812222033365 3.41412882192361 1.61552135465496 1.91297426328416 6.06518661850343 2.35645893548355 3.47652356900177 1.44414973750303 0.0498533596306332 1.9393394659847 1.71500050440429 1.2707223680286 1.00280034211047 0.359564532120219 3.90966533860543 0.884411620728655 1.39566690457399 2.51052900182557 0.752296678139286 0.434565579350679 7.94983273155565 0.285127765359592 1.1072487522363 1.99741393873111 0 0 0 0 0 0 0 0 0 0 0 0 0 0 0 0 0 0 0 0 0
1.32413574937764 6.05363678990714 3.58280288095989 1.60409588974502 0.291370579112734 2.49302740600163 1.33956262513156 1.205948146593 1.1978620638951 2.07833604438877 0.692122810440909 2.98813231058408 0.208719745575971 0.66557988590248 0.854971162757931 1.30446462832608 0.728216059006393 0.275301762470993 0.262765454169668 1.82661584067589 1.28346173675762 4.26167046217993 2.40911272721868 4.12154897815532 4.18380074597751 6.19562108586704 0 0 0 0 0 0 0 0 0 0 0 0 0 0 0 0 0 0 0 0 0 0 0
0.558875239618948 0.222374328103511 0.998073346381638 3.144199084835 2.73492579936772 2.71919010927986 2.91909180087818 0.863313884180203 0.921180686060673 5.46332991882173 3.97329470903995 0.68211896750717 0.114359491021674 1.98447071706215 6.38611042741617 1.09013233493433 0.986447360899971 2.71197100438254 6.94049161663922 3.1187856550359 0.928763058153554 0.924885991285773 0.56864846635644 1.00934300587549 0 0 0 0 0 0 0 0 0 0 0 0 0 0 0 0 0 0 0 0 0 0 0 0 0
0.12466028300981 0.835481326166521 9.15643458957924 1.88649404919932 4.09812308198165 0.132228036163044 0.0908621267333252 2.62326948382984 2.69869499925331 2.51559331958897 1.84346963035618 2.23903729263266 0.925114804123287 0.386995874739389 2.73350072853976 0.814943709992174 1.1982413896869 7.92732523972044 1.08461596844146 1.10448347548674 5.15774530997458 0.59643728975662 0 0 0 0 0 0 0 0 0 0 0 0 0 0 0 0 0 0 0 0 0 0 0 0 0 0 0
0.807852828572537 2.90839427112205 1.52745962350657 0.474896308946521 0.0734958635970071 0.677598189604735 0.617422591965025 1.3431010784889 2.28384865923251 0.703686886251844 7.8221106277147 0.357605227217699 0.0103169792818398 1.24778523427655 0.638320293246124 1.3216261483044 0.632948749174751 0.396437195905204 0.941082877432632 1.49711687609786 0 0 0 0 0 0 0 0 0 0 0 0 0 0 0 0 0 0 0 0 0 0 0 0 0 0 0 0 0
3.34665356981384 2.70381190228547 1.15429880751212 1.35575811055823 1.87701877098811 1.65810598362867 0.0770213106075041 6.30453644836758 0.640931704710192 2.67240481985124 5.30751912498639 0.734895505508154 4.11190780418797 0.14491837970501 0.546774746987771 4.14291247915742 2.85605335142152 0.45933455967571 0 0 0 0 0 0 0 0 0 0 0 0 0 0 0 0 0 0 0 0 0 0 0 0 0 0 0 0 0 0 0
0.254824189687646 0.68233404114465 0.629521981839085 1.10311572529168 1.48932594197979 5.82979921986239 1.39962961364788 2.1800034404038 2.15336823920599 2.96106622672324 1.2970262101369 4.15718313819353 2.63415612174048 2.13133224509588 4.38632822084978 0.350621018103257 0 0 0 0 0 0 0 0 0 0 0 0 0 0 0 0 0 0 0 0 0 0 0 0 0 0 0 0 0 0 0 0 0
0.53331589623322 0.205642451938868 2.33618890299012 4.97254708447047 0.496890397763936 3.28150436389211 2.41939567146459 1.78706432515724 4.68175655755194 1.22725161949945 4.30709171661043 0.0101378488848348 1.2868754024228 0.871483735957909 0 0 0 0 0 0 0 0 0 0 0 0 0 0 0 0 0 0 0 0 0 0 0 0 0 0 0 0 0 0 0 0 0 0 0
0.525347045440211 3.33268293064697 1.78934652539182 12.9012651720853 1.04731135613479 1.59532686396659 0.0452260586084015 6.54533608512828 3.46130709462651 1.39400329254848 1.07014734613185 2.37866164282311 0 0 0 0 0 0 0 0 0 0 0 0 0 0 0 0 0 0 0 0 0 0 0 0 0 0 0 0 0 0 0 0 0 0 0 0 0
1.56498886155192 2.80053218300314 2.65956795834334 3.74993925955177 2.63052429685244 1.22862624820895 0.882767284235664 1.48832889630467 1.27675452730546 0.439066183658363 0 0 0 0 0 0 0 0 0 0 0 0 0 0 0 0 0 0 0 0 0 0 0 0 0 0 0 0 0 0 0 0 0 0 0 0 0 0 0
0.860224352588633 3.77770408391516 2.16939144237155 0.429391354181278 1.48385733316873 7.04276980406905 0.182148089994234 0.104332180569584 0 0 0 0 0 0 0 0 0 0 0 0 0 0 0 0 0 0 0 0 0 0 0 0 0 0 0 0 0 0 0 0 0 0 0 0 0 0 0 0 0
0.50107510804849 4.62300474529931 0.0488412491625592 1.18651633239024 3.60358561857164 2.66603895757868 0 0 0 0 0 0 0 0 0 0 0 0 0 0 0 0 0 0 0 0 0 0 0 0 0 0 0 0 0 0 0 0 0 0 0 0 0 0 0 0 0 0 0
1.42208320139072 0.447858130885494 1.12430725412309 1.36054448417242 0 0 0 0 0 0 0 0 0 0 0 0 0 0 0 0 0 0 0 0 0 0 0 0 0 0 0 0 0 0 0 0 0 0 0 0 0 0 0 0 0 0 0 0 0
0.451735734454384 2.94167054766082 0 0 0 0 0 0 0 0 0 0 0 0 0 0 0 0 0 0 0 0 0 0 0 0 0 0 0 0 0 0 0 0 0 0 0 0 0 0 0 0 0 0 0 0 0 0 0
