1.55511728337839 0 0 0 0 0 0 0 0 0 0 0 0 0 0 0 0 0 0 0 0 0 0 0 0 0 0 0 0 0 0 0 0 0 0 0 0 0 0 0 0 0 0 0 0 0 0 0 0
3.00610686122598 0.89101624138646 0 0 0 0 0 0 0 0 0 0 0 0 0 0 0 0 0 0 0 0 0 0 0 0 0 0 0 0 0 0 0 0 0 0 0 0 0 0 0 0 0 0 0 0 0 0 0
0.496339368918462 2.40641869825315 0.0820836845150468 0 0 0 0 0 0 0 0 0 0 0 0 0 0 0 0 0 0 0 0 0 0 0 0 0 0 0 0 0 0 0 0 0 0 0 0 0 0 0 0 0 0 0 0 0 0
0.100268684720743 1.16096936932839 0.270173580532497 1.51282891140241 0 0 0 0 0 0 0 0 0 0 0 0 0 0 0 0 0 0 0 0 0 0 0 0 0 0 0 0 0 0 0 0 0 0 0 0 0 0 0 0 0 0 0 0 0
3.75546352666947 1.94283521982986 2.33095120035247 0.935083489847096 0.830550853636159 0 0 0 0 0 0 0 0 0 0 0 0 0 0 0 0 0 0 0 0 0 0 0 0 0 0 0 0 0 0 0 0 0 0 0 0 0 0 0 0 0 0 0 0
2.46369405203233 2.36010382213224 4.74996402378743 10.0980433357037 2.13165564342535 8.99426301817296 0 0 0 0 0 0 0 0 0 0 0 0 0 0 0 0 0 0 0 0 0 0 0 0 0 0 0 0 0 0 0 0 0 0 0 0 0 0 0 0 0 0 0
2.19706652273412 0.441304243592736 1.7574266549581 3.93329170412529 2.57596798475529 0.272821087253005 6.60188274564617 0 0 0 0 0 0 0 0 0 0 0 0 0 0 0 0 0 0 0 0 0 0 0 0 0 0 0 0 0 0 0 0 0 0 0 0 0 0 0 0 0 0
1.50417299680835 3.56113969863171 6.19266060449808 5.2403680877269 1.46974361290023 0.192384906462427 4.04957228385709 3.26939367783068 0 0 0 0 0 0 0 0 0 0 0 0 0 0 0 0 0 0 0 0 0 0 0 0 0 0 0 0 0 0 0 0 0 0 0 0 0 0 0 0 0
0.476491797177769 0.0585735629923197 4.31102998375459 0.175062798515827 1.86806053121374 5.64434536761975 0.625300620062001 2.69764061994074 1.647881266687 0 0 0 0 0 0 0 0 0 0 0 0 0 0 0 0 0 0 0 0 0 0 0 0 0 0 0 0 0 0 0 0 0 0 0 0 0 0 0 0
0.45166811122766 1.03020949980573 1.01675560495961 1.86198953111518 1.15241331981783 1.17750311001325 1.12237881874892 2.58062818666521 7.41790878025207 0.180959934001921 0 0 0 0 0 0 0 0 0 0 0 0 0 0 0 0 0 0 0 0 0 0 0 0 0 0 0 0 0 0 0 0 0 0 0 0 0 0 0
9.2173542952431 3.01159447225344 0.0376355826652379 0.0117819352341091 1.10322132616547 4.92753398125807 0.980347645691849 1.40212976993756 3.94430907945966 5.80897222014884 6.00027285521542 0 0 0 0 0 0 0 0 0 0 0 0 0 0 0 0 0 0 0 0 0 0 0 0 0 0 0 0 0 0 0 0 0 0 0 0 0 0
2.14302694776131 0.663517594563771 6.85763891608699 1.67386688458361 10.4267573231412 0.260969587591352 1.05191741718647 5.70425817763055 3.89686351256405 3.29498779896414 1.91177434460128 1.06549726203881 0 0 0 0 0 0 0 0 0 0 0 0 0 0 0 0 0 0 0 0 0 0 0 0 0 0 0 0 0 0 0 0 0 0 0 0 0
2.42963798427702 0.182474103731788 0.201461684802489 1.54861802372606 1.2361447421662 3.06328536514921 0.511484385304757 0.537287763865629 0.184805838029747 6.35354055212425 0.360965367684225 0.375299352253978 0.0947094532539526 0 0 0 0 0 0 0 0 0 0 0 0 0 0 0 0 0 0 0 0 0 0 0 0 0 0 0 0 0 0 0 0 0 0 0 0
0.127879330440449 6.69148872008795 1.01470892513751 0.397127126957403 2.9874198504419 0.176226872791261 1.81395489069035 3.14136041049301 0.794772643696037 4.17454491099025 8.09208330412897 1.81067656587682 2.92388488707835 3.49395607076257 0 0 0 0 0 0 0 0 0 0 0 0 0 0 0 0 0 0 0 0 0 0 0 0 0 0 0 0 0 0 0 0 0 0 0
3.09332504817638 9.40581151694757 0.226800853230462 5.36972195943558 2.06323226338882 3.44093463038801 0.777787823637307 0.747202153694676 0.7742427609387 1.04121828492889 4.62423878878503 8.48506802640944 1.02404768683495 0.395093930588035 0.877994655219877 0 0 0 0 0 0 0 0 0 0 0 0 0 0 0 0 0 0 0 0 0 0 0 0 0 0 0 0 0 0 0 0 0 0
11.6407451448863 4.48610266557457 2.19765360465389 1.55723532496056 1.44755821979985 6.1051060116517 1.31067091990118 3.04920332974423 0.0593419555056133 0.108875207928097 2.55388429389159 1.16872792155672 1.34750270120887 2.57195042792669 1.13682154568879 1.17669483624296 0 0 0 0 0 0 0 0 0 0 0 0 0 0 0 0 0 0 0 0 0 0 0 0 0 0 0 0 0 0 0 0 0
0.447784592126226 0.561959372241464 4.28641997422782 2.118400742872 0.132466143272605 4.62877361345272 0.489232327567756 1.14082193922778 1.63361904835668 6.64502207448526 2.03142216340501 9.82299810349018 2.30949492349287 2.69256897493574 1.39549613691526 0.934025004370894 6.78120233970044 0 0 0 0 0 0 0 0 0 0 0 0 0 0 0 0 0 0 0 0 0 0 0 0 0 0 0 0 0 0 0 0
0.0584464650891479 0.0955910567645584 0.711928234202488 2.86233199811648 0.959487955498029 6.12824105743148 1.76932146734755 1.38737585411041 4.45348427321294 5.29777548267996 6.21929386136683 0.739057541649507 4.18865191253829 1.27597440164201 2.2057362922802 8.59314276228505 2.51892554786045 0.54460301936706 0 0 0 0 0 0 0 0 0 0 0 0 0 0 0 0 0 0 0 0 0 0 0 0 0 0 0 0 0 0 0
1.64523944150021 4.23378237515651 1.36733986896522 4.18239406692378 0.734466117266351 5.45610336631852 2.99629910722137 2.54122465832611 10.2004091896986 0.61658383536047 1.65202570297696 2.10578049322216 4.9993145589962 0.0296086444274225 5.25790901799116 0.747999723880419 3.03439953789605 1.57237330872289 0.664044064581677 0 0 0 0 0 0 0 0 0 0 0 0 0 0 0 0 0 0 0 0 0 0 0 0 0 0 0 0 0 0
2.32305055603804 0.0466526433517419 4.1480884194598 2.42903355958525 0.492093463835021 0.419596658491602 2.21028827097461 2.20372343900612 2.46694282225568 1.8337154810284 4.56772268920712 4.96350763275005 4.17767443294412 0.620728314494229 2.03044875379909 2.74876522772788 6.23323297736661 0.73557186907639 0.0894889650745395 4.92631535322656 0 0 0 0 0 0 0 0 0 0 0 0 0 0 0 0 0 0 0 0 0 0 0 0 0 0 0 0 0
1.98552789968641 5.79605478078875 1.07835173974647 7.52769805507851 5.63848234091591 0.454508084428478 0.266879610373098 2.66043715297263 0.600238118256719 7.76323883142485 0.776788550001312 2.03693102093461 1.50846384711479 2.08120124738682 0.629064766127923 0.865367067869719 0.843790075647886 3.02870078156044 2.78360531440431 3.05090008587561 2.00781056494656 0 0 0 0 0 0 0 0 0 0 0 0 0 0 0 0 0 0 0 0 0 0 0 0 0 0 0 0
1.03603855909385 5.22644203490269 4.25105685453118 1.53045394631163 0.735655455374405 1.61137071632173 0.886532019346117 0.650590495770425 0.825440845303606 5.4919981311081 0.535438451072883 9.91941771403472 1.01913527349977 3.05036102554701 1.24968065081763 0.300641821084074 2.0937710520461 0.438124096813274 2.79146490569635 1.23370392032311 2.07220532015755 1.34121993224088 0 0 0 0 0 0 0 0 0 0 0 0 0 0 0 0 0 0 0 0 0 0 0 0 0 0 0
0.23392617507991 4.6367807259339 3.37787585897311 1.07463346928418 0.0975613776883581 1.99318108214083 5.52921788768179 0.22906172963742 7.99714449411288 2.37347902492066 1.61194059220049 6.12869474526032 5.58781376791172 2.45076311912389 0.373879836762961 3.38882116778915 0.77708111974024 1.69488183000772 0.46145111976371 7.59767687315415 2.90678521048729 0.939479245189653 1.46804109203781 0 0 0 0 0 0 0 0 0 0 0 0 0 0 0 0 0 0 0 0 0 0 0 0 0 0
0.597819433261847 2.8537769808802 0.674311624668326 2.93161365857025 6.75744970947855 0.152750027215115 0.576556129741456 2.67952849842787 1.29267161071787 2.03564966043204 2.29968308445966 2.03434698302933 3.15615179713655 2.52295162666356 1.56833072154378 1.19504211534264 4.68602080132774 1.60512321093266 1.51234280913217 1.2732669004724 6.44295794017573 1.99456656258078 0.262507079249701 1.91070938432362 0 0 0 0 0 0 0 0 0 0 0 0 0 0 0 0 0 0 0 0 0 0 0 0 0
1.72171795925744 0.546583051681649 3.25466641702921 1.01368477353472 0.437605847639107 4.14502362088164 0.481622960332623 0.203820268574191 0.561976187955556 0.035979634451473 2.0766609381995 2.28054453614578 0.790832095176391 0.13510654337848 2.75678105661312 1.07260131770745 1.01889039474115 0.731779412807151 3.29021261659244 2.44092335530638 0.681896396489747 1.61966915188919 0.890254150573331 0.423549833874964 2.73635762843255 0 0 0 0 0 0 0 0 0 0 0 0 0 0 0 0 0 0 0 0 0 0 0 0
0.986114332374654 2.035528769318 2.10347040157665 2.99720104021253 2.15637384566643 2.32336594977456 1.81121675659947 2.80036033852394 7.68949180869426 7.11347568257348 0.240567520041033 0.681564483908462 1.31042359265431 0.996232114842578 1.69167012391879 0.546820862902066 0.527128509752293 1.61172537574473 1.57600501765413 5.29840787400819 1.35735050430153 0.780439177963549 3.6534855264812 1.67167486391451 0.162188472951433 1.05260535076651 0 0 0 0 0 0 0 0 0 0 0 0 0 0 0 0 0 0 0 0 0 0 0
0.06078464088682 0.185708129376095 0.456426955705996 1.31424281189454 0.577030644859889 3.00298577461348 3.3511052111311 3.3874870539074 4.9970105220218 2.35128028281407 2.49878355845032 4.50015029050919 0.186003597744425 1.99513216477871 1.21174681892339 3.53121461114702 0.2584058394014 1.26469823614051 0.498857893682813 3.2403912578875 4.05841204206103 0.791347054635558 6.36933563182424 1.36003159076436 2.34756889354494 2.34176418340916 0.224027124890133 0 0 0 0 0 0 0 0 0 0 0 0 0 0 0 0 0 0 0 0 0 0
3.25505718253663 0.709365688361563 2.45454979123195 1.15964640845076 2.97373740972079 4.90839059389529 4.16283772971835 1.015815902287 4.83276533325639 1.45845915093668 1.97060991709705 6.11299646018814 6.47215380371647 0.395707018620427 2.4454455600358 0.271777731359836 4.89839895335826 0.719476206044054 0.023916329910822 12.501412501969 0.554792693270478 1.81528413408766 3.32498014599546 5.06666157582385 1.33800194117417 0.942821512721551 5.05130822449901 0.0776025544052851 0 0 0 0 0 0 0 0 0 0 0 0 0 0 0 0 0 0 0 0 0
1.85430266721862 1.0006212159327 0.647370131500078 0.503009262877868 0.900544601317951 8.1892927114619 2.66757254850391 0.37584097748488 0.0257916025345537 1.15503442191403 0.985438422979335 2.32027372173984 1.54129604716627 6.12211793702959 0.627376511110451 1.01177442356274 3.73382225405123 0.383472700808448 3.42561347169028 0.361027157966768 0.873632310311831 1.46007941757351 1.8731328614904 2.79153065308651 0.922767563000642 2.0037916606646 0.0186628681207527 1.05852401901574 4.74705707831972 0 0 0 0 0 0 0 0 0 0 0 0 0 0 0 0 0 0 0 0
0.919920390685586 1.48300543502929 0.189242823400008 2.03284941479116 0.511547052220673 4.68518964705532 0.68767776896233 1.79421183420397 6.23809839634353 0.0268283834841401 0.0406902114161707 1.78607354673052 7.29564756141612 7.39541012335142 0.332968567031364 0.134536562307636 0.910223081185173 0.0225002455987151 0.00602624644513035 2.14998072203984 0.563161996582424 3.56455624847339 2.9829396174096 0.242724063965798 3.9355437855638 1.72446810696554 1.49257180330999 1.5472501304782 0.670657785298369 5.84194014689755 0 0 0 0 0 0 0 0 0 0 0 0 0 0 0 0 0 0 0
1.75656146518002 1.66537418616924 1.88332843862735 2.97106569620766 1.16412837949562 3.67473317910799 1.50159075103695 0.353947267177949 2.95738720510939 5.14671573098935 0.101440120128728 3.37340728231853 0.564648898911653 1.72529053576545 1.0973901474882 0.516758706819183 3.92124118521206 0.56024381747462 1.62764936569053 1.82680787823912 0.621462251079451 1.60639448447177 5.07508032239003 0.0909995782159688 4.60870912286296 5.14358297078038 0.51208968522942 0.251555239110248 3.86422765459312 1.59160971890391 0.909636867952397 0 0 0 0 0 0 0 0 0 0 0 0 0 0 0 0 0 0
0.275595542066551 0.619396980314339 3.93310364045719 0.0371976378743604 2.47552314452624 3.45280565344729 0.181322542123079 1.40515715760368 5.27265607092756 1.15025913193736 3.00763210605845 0.911757076347795 0.106314836339083 0.679432149462003 2.97618695921971 2.28777371499919 1.91050762784914 0.341639243180174 1.29107704168743 12.8459592295007 0.647669426781602 0.509468492418815 4.86777666548932 0.0815485890153655 2.79285515484199 3.842685700174 0.184592269371083 1.7119203057109 0.783185045120547 1.01318083016147 0.917341891391683 1.62912208123155 0 0 0 0 0 0 0 0 0 0 0 0 0 0 0 0 0
5.16294240207462 1.15043755395174 4.26843912832639 0.0494636137950599 2.62931382082624 3.40649273194783 4.30372196099924 2.60296164001755 3.43929306781461 4.37255726641434 4.82494255973933 1.63528846130957 4.79221714145464 0.916812763748193 3.03159155471873 3.13387151370929 5.60035730328361 1.95945058235729 1.61202770603846 4.80166382224394 6.41942809603466 2.56051549774912 2.74961747480302 5.59546755042063 0.215490307554241 3.02923573713248 6.41340654526651 3.17769115925333 4.28448363142199 0.254885111637124 8.92206413687111 1.46210768665596 0.204815560859215 0 0 0 0 0 0 0 0 0 0 0 0 0 0 0 0
3.45566496787327 5.70098967652961 4.35607638038683 2.76385555226294 6.00172976759228 4.57882892505702 1.63724575890266 0.278293926303619 0.578520842787126 0.710590529039917 0.3166749858896 2.9493609132716 1.37112783628629 1.13191974974105 1.9749133949885 1.88076695193269 6.02782116127024 1.29504588367913 2.84730885159075 4.61503723546543 0.0351993735151888 0.995445464487187 2.74097311706471 0.471744863410124 0.840081001788457 0.29490281718118 2.4037232113233 0.622339191574226 1.86952184469712 0.0171381347180054 0.549193927104776 2.1780324891429 0 0 0 0 0 0 0 0 0 0 0 0 0 0 0 0 0
0.729324425816083 2.01065528002475 1.62192781514164 0.0794429451174912 0.326650998627344 1.55237966306941 5.80669242578277 4.10113764737375 0.402113672439724 5.77758634899157 5.35315283371558 3.64812907851466 1.40491963096368 0.0682155095950161 6.57322562241276 1.50316970711982 7.48048749192616 1.61879194108247 0.228259859894716 3.39901566306152 1.2897052198133 1.5757443318364 1.90832754797902 1.36473987296637 0.855815242646577 3.44956637249028 1.20864497869283 8.30852701778778 1.32351055145017 0.186648774548919 0 0 0 0 0 0 0 0 0 0 0 0 0 0 0 0 0 0 0
1.81054196383041 0.180335563046671 3.7816172366422 0.0816685374969603 1.88450805259031 0.237329131342518 1.38887429928444 0.900854907535734 0.376865420479451 2.6797118868814 1.43129284757702 1.11846429796216 0.96319176320463 0.643696395754159 3.3312942604709 0.0268529286703199 4.80785830531798 2.06417316408186 0.443438717043108 0.0776859151620188 1.16919588177846 4.41110506500039 3.40504752812431 0.00859697786821563 0.156355963456388 3.80699815631883 1.66930515750612 4.81902938653594 0 0 0 0 0 0 0 0 0 0 0 0 0 0 0 0 0 0 0 0 0
1.82406115947555 4.54018720695185 3.82636956168624 6.16504857965249 4.02435431784748 0.92264619751306 1.30438958254882 3.22203148001507 2.09114147417467 1.98917870580434 1.98413470538452 4.94134816388265 1.62499619260844 0.888126568994859 8.57273123249651 0.690010314781601 4.76628531260274 0.832503097357376 1.71596495950818 0.972957779557107 2.64753456393604 0.835585411792697 1.79953393216878 0.50138194171476 0.559315209415636 1.34345211271954 0 0 0 0 0 0 0 0 0 0 0 0 0 0 0 0 0 0 0 0 0 0 0
2.08850628758833 0.451022434902154 2.97616237201636 1.95138390715426 0.822354506208758 0.656233580116771 1.87692506028681 0.886587390053701 3.7879665750731 1.31058486644435 0.778480108837929 1.48219309801839 0.455407224337025 0.554084159207368 4.31455181900713 1.06975057022364 4.38733538815984 1.09009195964719 1.911278265202 3.45765635069771 1.27626879502232 0.48437485146618 0.0460954964372165 0.535341553372004 0 0 0 0 0 0 0 0 0 0 0 0 0 0 0 0 0 0 0 0 0 0 0 0 0
3.27612785897107 1.19006697145558 2.59296443267512 1.13606291682355 1.53033277636142 1.80602259984125 8.25322501599297 0.283862762127371 2.18565690005476 3.84068900851487 2.34062426752842 6.78873355092811 0.335402827126725 0.263396787812526 6.1827567962961 4.68324286923089 0.386243089323935 0.92101043655248 2.12756969516854 3.19594679886705 1.7267571261128 2.77501826798651 0 0 0 0 0 0 0 0 0 0 0 0 0 0 0 0 0 0 0 0 0 0 0 0 0 0 0
0.0523572366154597 0.415680147347601 0.103105319824606 2.39772035379004 2.57293350511567 0.947455744206867 2.92486821680943 13.8216968923467 0.0981571073354221 2.75195708189235 2.8321809201115 9.78916241553701 0.629487151534787 2.14749896636788 3.25206808848415 2.59518020810101 3.14692366159739 1.90622980519193 6.48900177871772 2.30793542122624 0 0 0 0 0 0 0 0 0 0 0 0 0 0 0 0 0 0 0 0 0 0 0 0 0 0 0 0 0
3.4536417434717 1.54845960779892 0.223015840274477 3.67244496485274 5.09012107236125 2.91378849431166 4.32589679522571 4.23478925982276 1.90836746766743 1.22801396163586 1.57350587607925 0.573454983434263 3.26638900410443 0.858492949537488 0.0498379891808514 0.994259574520397 1.55705052318954 0.998394860396257 0 0 0 0 0 0 0 0 0 0 0 0 0 0 0 0 0 0 0 0 0 0 0 0 0 0 0 0 0 0 0
1.0254709262491 1.50195056855886 0.242988747242398 6.07899469247151 0.218259324842254 0.151941813584458 2.27304340043436 0.697001864956867 0.748416096799725 1.04483122781791 4.56866041901953 2.37787822847625 3.79828624007444 0.389913197598293 0.519285324377063 0.637894892905232 0 0 0 0 0 0 0 0 0 0 0 0 0 0 0 0 0 0 0 0 0 0 0 0 0 0 0 0 0 0 0 0 0
1.32544608047523 1.68360013461295 0.50806391266963 0.886255136389059 0.861852071005301 1.63799689255249 1.49560776302122 0.211613279992168 0.119593548676542 0.522770301769112 2.8808594481782 1.70141865234855 1.74624116364199 5.32733712466363 0 0 0 0 0 0 0 0 0 0 0 0 0 0 0 0 0 0 0 0 0 0 0 0 0 0 0 0 0 0 0 0 0 0 0
0.817624293356208 6.28116047260546 3.23268788326339 6.94769918036622 3.69031235124255 5.38982721017848 2.55600197270552 7.91342350767029 5.08830230082339 0.690787642186267 1.50720046139827 1.82287920011731 0 0 0 0 0 0 0 0 0 0 0 0 0 0 0 0 0 0 0 0 0 0 0 0 0 0 0 0 0 0 0 0 0 0 0 0 0
0.0727374399700932 2.64094730402856 0.965542389646306 0.204169846394654 0.191424194662742 2.24807981565839 0.900427419378768 0.519441925268553 3.42578193597909 0.240254043181937 0 0 0 0 0 0 0 0 0 0 0 0 0 0 0 0 0 0 0 0 0 0 0 0 0 0 0 0 0 0 0 0 0 0 0 0 0 0 0
3.40708629834616 6.38498262129581 2.60910104217664 2.27283808785813 0.980185199982455 3.98788637274569 0.0104900831407063 4.34993113688892 0 0 0 0 0 0 0 0 0 0 0 0 0 0 0 0 0 0 0 0 0 0 0 0 0 0 0 0 0 0 0 0 0 0 0 0 0 0 0 0 0
7.17415602755754 1.59218125351305 1.28146796102874 6.25117790168741 1.26031862275549 0.00287478170723623 0 0 0 0 0 0 0 0 0 0 0 0 0 0 0 0 0 0 0 0 0 0 0 0 0 0 0 0 0 0 0 0 0 0 0 0 0 0 0 0 0 0 0
4.80181229476949 6.5678982973815 1.10216693077669 1.24927869577907 0 0 0 0 0 0 0 0 0 0 0 0 0 0 0 0 0 0 0 0 0 0 0 0 0 0 0 0 0 0 0 0 0 0 0 0 0 0 0 0 0 0 0 0 0
2.73637049932355 0.0838778833299896 0 0 0 0 0 0 0 0 0 0 0 0 0 0 0 0 0 0 0 0 0 0 0 0 0 0 0 0 0 0 0 0 0 0 0 0 0 0 0 0 0 0 0 0 0 0 0
