0.826559209056817 0 0 0 0 0 0 0 0 0 0 0 0 0 0 0 0 0 0 0 0 0 0 0 0 0 0 0 0 0 0 0 0 0 0 0 0 0 0 0 0 0 0 0 0 0 0 0 0
5.52637536242027 9.78743422434349 0 0 0 0 0 0 0 0 0 0 0 0 0 0 0 0 0 0 0 0 0 0 0 0 0 0 0 0 0 0 0 0 0 0 0 0 0 0 0 0 0 0 0 0 0 0 0
1.45866071308799 6.72368405705332 5.24961644042254 0 0 0 0 0 0 0 0 0 0 0 0 0 0 0 0 0 0 0 0 0 0 0 0 0 0 0 0 0 0 0 0 0 0 0 0 0 0 0 0 0 0 0 0 0 0
8.84888679772523 11.8214783092463 3.22544651465559 9.71833332278482 0 0 0 0 0 0 0 0 0 0 0 0 0 0 0 0 0 0 0 0 0 0 0 0 0 0 0 0 0 0 0 0 0 0 0 0 0 0 0 0 0 0 0 0 0
1.18759012251241 3.47877134634029 4.5853470703181 4.3507844801311 0.5444041201311 0 0 0 0 0 0 0 0 0 0 0 0 0 0 0 0 0 0 0 0 0 0 0 0 0 0 0 0 0 0 0 0 0 0 0 0 0 0 0 0 0 0 0 0
0.285057541515085 7.66331417482932 5.8602373705643 0.481197593610948 0.298707201064744 4.94262960874691 0 0 0 0 0 0 0 0 0 0 0 0 0 0 0 0 0 0 0 0 0 0 0 0 0 0 0 0 0 0 0 0 0 0 0 0 0 0 0 0 0 0 0
1.92838438179663 0.488320182757155 1.21074359503741 13.1532880534777 1.27245463680619 0.572612794902811 1.65577261378596 0 0 0 0 0 0 0 0 0 0 0 0 0 0 0 0 0 0 0 0 0 0 0 0 0 0 0 0 0 0 0 0 0 0 0 0 0 0 0 0 0 0
2.71154085314064 7.88780467887593 10.3216816107273 1.55420493689201 3.2908060118202 0.444544539610028 8.01136772873319 1.00440151060294 0 0 0 0 0 0 0 0 0 0 0 0 0 0 0 0 0 0 0 0 0 0 0 0 0 0 0 0 0 0 0 0 0 0 0 0 0 0 0 0 0
2.9495435354355 5.13801879858519 2.04687873014192 3.44413615828292 2.72504542587497 2.78515626515767 6.77059999560908 3.5733857487736 0.0489868595459946 0 0 0 0 0 0 0 0 0 0 0 0 0 0 0 0 0 0 0 0 0 0 0 0 0 0 0 0 0 0 0 0 0 0 0 0 0 0 0 0
2.82817706726922 1.19776777974799 3.40139286362353 2.7834651076445 5.7190507138752 1.32932815816754 4.90290434578604 9.52073839754918 2.38271533444174 1.37071596869484 0 0 0 0 0 0 0 0 0 0 0 0 0 0 0 0 0 0 0 0 0 0 0 0 0 0 0 0 0 0 0 0 0 0 0 0 0 0 0
1.29782508400171 11.0576589470628 1.87919213806238 4.53116408703064 2.88210293384199 0.269419521858754 7.16333468732535 1.14331985278155 4.75822702864037 4.36537921894711 0.623379918998848 0 0 0 0 0 0 0 0 0 0 0 0 0 0 0 0 0 0 0 0 0 0 0 0 0 0 0 0 0 0 0 0 0 0 0 0 0 0
2.91830592959834 2.50879119283561 2.23973043166968 0.448627481546089 5.68780442620519 1.31697851270773 3.2849818097001 3.10333518252697 2.60632906131494 1.47485391936422 4.75408723137924 3.81885893298447 0 0 0 0 0 0 0 0 0 0 0 0 0 0 0 0 0 0 0 0 0 0 0 0 0 0 0 0 0 0 0 0 0 0 0 0 0
0.552690128072217 1.83177418313607 3.93703483324577 0.746697913272232 2.35488755949482 0.112892583047198 5.7675431966404 6.5935553691055 3.00564767814674 4.24276307381564 0.844659999167227 5.85024748706508 0.816845929518635 0 0 0 0 0 0 0 0 0 0 0 0 0 0 0 0 0 0 0 0 0 0 0 0 0 0 0 0 0 0 0 0 0 0 0 0
0.0675812794183534 1.02910412129819 5.08392324610219 14.4178085120627 1.5720282807736 0.542201322130867 9.01594407101338 6.1600063273645 0.441766318131498 0.679287657382924 4.52264453506681 1.14286563630737 0.735267522563449 3.42812488991691 0 0 0 0 0 0 0 0 0 0 0 0 0 0 0 0 0 0 0 0 0 0 0 0 0 0 0 0 0 0 0 0 0 0 0
2.56643752298441 4.58982824625692 1.78671071648441 1.97421354210116 0.245012618184175 16.2611704506455 0.319121895522047 4.74036284904153 7.81149654465941 1.29679059645584 1.95979935222431 1.95032111825811 0.887105115800255 4.4421593287725 4.2325821536306 0 0 0 0 0 0 0 0 0 0 0 0 0 0 0 0 0 0 0 0 0 0 0 0 0 0 0 0 0 0 0 0 0 0
1.01225230440107 1.5267484303071 2.22166167960968 2.06561574885732 2.25779625719216 0.0153850870617355 0.244027378882987 1.39513758090801 3.71188905763535 0.717114186593929 1.97565974073689 1.83230413712351 3.35406322929592 4.45472942947073 0.318397150015327 3.13143347826439 0 0 0 0 0 0 0 0 0 0 0 0 0 0 0 0 0 0 0 0 0 0 0 0 0 0 0 0 0 0 0 0 0
2.60952621086422 2.79922332575361 0.479057947009089 14.0906559980595 0.422036066167413 7.15253048798717 2.47362282427541 3.5603150825857 0.89437068511124 3.51983683665807 0.481335299108774 1.03894387804856 0.441055264261536 2.14414489971907 0.628285345974174 0.16514000010811 1.28752061996064 0 0 0 0 0 0 0 0 0 0 0 0 0 0 0 0 0 0 0 0 0 0 0 0 0 0 0 0 0 0 0 0
5.0282643429098 2.67945529825454 2.22527100851494 7.59981073725789 0.494624103533178 8.35159203787162 4.33143351753733 1.78306444604289 2.25351381203434 3.44126948942467 4.00003415549987 9.11289969346737 0.827654456130653 1.41798584949697 1.15720111607917 2.72851725493448 2.10080033576475 0.01510739918113 0 0 0 0 0 0 0 0 0 0 0 0 0 0 0 0 0 0 0 0 0 0 0 0 0 0 0 0 0 0 0
2.14669039452636 4.25075002483086 2.49649738630672 1.26245129125199 1.43999428680847 2.16802947692798 1.45151558446955 1.35174492124038 0.733913395252743 3.81744197491802 1.50494794313713 0.531170293595726 2.00032565122397 7.48100220256948 0.103601228892004 2.94019147452556 0.0826326853508346 0.250709639700629 1.33794828489466 0 0 0 0 0 0 0 0 0 0 0 0 0 0 0 0 0 0 0 0 0 0 0 0 0 0 0 0 0 0
1.18536056305562 3.1041983311295 0.771022700472882 1.55788727572432 4.7686440334852 0.00548403743292974 4.15376411220604 0.0373078549613006 4.23563895272295 3.50107913011445 0.26650057200489 2.09581877362432 1.09700042367325 0.382561180950895 5.9612268352784 1.25832532202856 3.14565078525758 1.48681333706481 3.28874362753232 2.47073640366106 0 0 0 0 0 0 0 0 0 0 0 0 0 0 0 0 0 0 0 0 0 0 0 0 0 0 0 0 0
5.54800607171709 0.659852328699673 4.97537690080663 7.39000191006967 2.41823641563833 0.495108031480516 0.133841828610103 16.7641470699935 3.87098347733503 2.92069428686924 0.665037648596449 5.90562740594739 1.12004066347382 1.55109294127954 3.75966301249767 0.439675851612826 4.09955168651513 2.29584880248371 2.20959973624442 4.81189065510918 1.05378187813173 0 0 0 0 0 0 0 0 0 0 0 0 0 0 0 0 0 0 0 0 0 0 0 0 0 0 0 0
0.555988743708789 0.41552066397028 2.84394933797765 1.97159951348325 0.0333288854159593 0.204251407861652 2.64266805860486 1.74385391879337 2.27667132927629 0.494655947547968 3.00892573188106 3.22716060491423 0.692731365267977 1.19505809325001 1.75842335901264 2.67288832391755 0.944690167834843 1.81765973179101 1.83656784828837 1.36156096179842 0.599471805694749 5.48276049394976 0 0 0 0 0 0 0 0 0 0 0 0 0 0 0 0 0 0 0 0 0 0 0 0 0 0 0
1.44028916526176 1.73868852311713 0.847027148177932 0.0594666050149341 0.412641240576487 14.2556818926406 1.36984439535365 2.6499268710923 1.22923240365404 2.72968357884498 0.206649509180147 2.30028128707923 2.35366030284417 0.0465347232601782 12.3368114242436 0.353211713057458 2.95312576823858 0.900052343651936 1.20756449524793 2.23204467189896 12.1296567313616 0.513934881505839 7.40692550072073 0 0 0 0 0 0 0 0 0 0 0 0 0 0 0 0 0 0 0 0 0 0 0 0 0 0
1.60397659615585 1.96710686936414 1.05253505204939 0.506056096203568 0.630044707624602 1.48638429970521 0.082623019442328 1.09127930204642 1.50458865255073 2.55737351535227 1.10566877348495 0.769923979388944 0.113933660680313 1.28476974162986 3.42861611854865 0.820641683735118 0.573764134963826 6.58269005330621 0.17822308140442 0.899166926872346 0.44218919802664 1.08720491902625 0.88934550947713 0.509120780047509 0 0 0 0 0 0 0 0 0 0 0 0 0 0 0 0 0 0 0 0 0 0 0 0 0
3.89801196620507 1.73608519889723 0.318983780117096 18.1871780314358 0.0800990330945646 5.99994078675917 0.369712333379461 8.41554210227798 1.9949753270053 0.457896228648181 2.92762731813382 0.0413455850465081 0.551150995934527 3.16566854551555 3.62737787205255 0.695770631593471 1.44811567878152 1.45667262980394 1.7257101498828 0.680572590056077 4.98460883961316 2.84469006549953 1.52474567335722 1.31187118347538 3.80417953856863 0 0 0 0 0 0 0 0 0 0 0 0 0 0 0 0 0 0 0 0 0 0 0 0
0.199402920558267 0.244027306547214 2.8490807457381 0.401375238358025 0.881577664310542 1.18935058412138 3.95988032745988 0.407838731318419 5.9713177325564 0.0427907274066823 1.54740484500563 6.6294064031088 0.880057553925501 1.30959381895869 0.401143026220004 4.77677172692262 4.5715488342813 1.15137128575512 1.8702366605997 7.02267547376991 3.73026104711586 0.610465062881954 1.47298163282624 1.27669926275176 0.0931714621241197 4.21941717899099 0 0 0 0 0 0 0 0 0 0 0 0 0 0 0 0 0 0 0 0 0 0 0
1.4484220444468 0.609895766606503 0.189622764519379 0.565030602552373 0.296248802143158 0.83519921047748 1.15405527943748 0.433244625425788 10.3472057636856 0.117599458813984 2.82227529568412 3.09222244260859 0.671611376123191 1.43003512333222 1.89516728087112 3.73897476772459 1.77861173264303 1.145788360747 0.390241069843268 8.11116302682076 0.062957413188898 0.977997523251659 3.81696605214983 0.383000551633639 0.580192084819422 16.8556881049961 5.0912796639425 0 0 0 0 0 0 0 0 0 0 0 0 0 0 0 0 0 0 0 0 0 0
0.974686901604119 0.737112516269642 1.26253910249613 1.83056737241243 0.199789778992969 0.193199401809426 0.00255055293364197 2.04369364296262 0.194140189035656 0.747683753172137 0.502735568442034 0.478261555919341 2.6217852579077 1.93212341412402 5.44257286516658 1.67476992908719 2.47489196403221 7.91888073176705 5.08013493881711 0.939628578563074 1.04502331440989 7.11391093534665 7.61025657314686 1.3884832651492 2.26504564425389 0.0138903090490396 0.499115914158563 1.03316355049345 0 0 0 0 0 0 0 0 0 0 0 0 0 0 0 0 0 0 0 0 0
3.42379210119092 1.87913994120636 2.47068912271832 10.5841145341745 2.95390712961425 5.08860059467382 2.76086752900403 2.66124359493521 9.11950929314285 1.32993853838515 0.219221963366779 2.52269415799801 1.80662111413741 0.367425926969263 6.75544503834345 1.65977541026066 2.28522457029025 2.44869257959051 0.734488900395602 4.31062588762523 2.70471596353163 0.252739025635425 5.30163544072514 0.653111045168193 0.647311897564809 4.1237370214995 5.50192788998592 1.23198053775879 4.97923849240681 0 0 0 0 0 0 0 0 0 0 0 0 0 0 0 0 0 0 0 0
0.0852686323274302 4.44164626503056 9.09349860671188 2.05186149582878 0.722958417199522 1.60829977112863 2.31011826304962 1.48100079261718 2.86270696911322 3.28988388845989 1.93288152810648 2.05119597821552 0.985890230825452 0.879396629985395 0.164712059156824 0.698754094848379 1.08224876654202 1.06223860023462 0.397385000312504 2.87896441837944 1.7960506597631 0.936905255598431 0.730480227918343 0.135277164806936 0.904670372155653 0.528076842812817 0.212474582572268 2.32400773022171 1.15301262062814 1.88759452831711 0 0 0 0 0 0 0 0 0 0 0 0 0 0 0 0 0 0 0
0.781835104899266 7.65845413152555 6.99333096568064 1.52211440480345 2.20932010214156 0.599440581547351 0.341231107461859 2.54426584755414 1.80442849923931 3.26456730883592 0.167819705984976 1.43201369482068 1.56502351447053 0.712088826875105 0.281823162742317 1.77354464067221 0.974478571339628 2.67008736928004 1.27263182141262 1.1337954580507 0.706231497666776 0.873648691872436 0.175575886357876 0.740978521323864 0.984095811402695 1.65702334643852 1.59720027056827 0.631106447568026 1.21497253708877 3.55099232143011 3.10677085262815 0 0 0 0 0 0 0 0 0 0 0 0 0 0 0 0 0 0
4.42790508125344 6.73825035048111 4.66970809196891 4.12934149338968 0.0606778372305576 0.794919818458505 5.05394864972377 0.234828852503909 3.18019354761727 5.12048969801842 1.58622076237834 0.99995385930434 1.27671725903897 0.630804094042388 3.01141401043884 0.763008684510347 0.939473539649087 0.746566142817008 3.67224150434915 1.39015343531139 0.962298686409876 0.630823788543164 2.12865443061001 2.5674902906807 1.46849616358911 3.51015279403732 2.56940357037585 6.83915768925934 0.235937428480483 2.4479691118088 5.87702415974821 4.11663781880258 0 0 0 0 0 0 0 0 0 0 0 0 0 0 0 0 0
0.585393272817146 0.575075599083654 1.08586884697409 2.13811114535603 2.49526069379323 0.0278445904490358 0.549622912844543 2.05213717054903 2.93384309976772 2.67612603476071 0.506991416694628 4.0802077279318 0.802003206082784 5.69773613931997 0.0986853321750198 0.0569050603843149 2.18870027148791 3.76497561651177 1.32540957762352 5.16590479726444 1.51887331549948 0.245082192829707 0.0440142723478008 6.59342292942517 0.0396196239412439 2.79781249043977 1.19181218466971 0.205646501440962 3.63127122530209 4.16936584803269 1.64822655901442 4.37864598644468 2.19454888492528 0 0 0 0 0 0 0 0 0 0 0 0 0 0 0 0
1.07906181899891 2.4763507259358 1.48236237218845 1.61269117964944 3.27108583511742 2.07130879959575 1.3888944825349 0.393727075563795 1.22710877898322 0.996068543133206 0.639168707430058 3.10010018193864 1.57231737743545 0.0385792209857748 2.273427167181 0.95992445184243 0.224543753565379 1.82943417314468 0.112645289887744 1.07574844211883 5.39788520344735 1.53138693704933 2.35981736617553 1.21108356670852 2.70927561616711 3.56487158763606 5.68018802128145 0.381839764501444 1.14737605052771 0.663042816803076 5.64155617854673 0.0547825823961569 0 0 0 0 0 0 0 0 0 0 0 0 0 0 0 0 0
3.48924574718581 4.47885939184422 7.2028392901062 0.433561712550855 0.700363543229747 2.10713313075293 4.91325228543241 0.184999509489928 6.78703342812808 7.36293664973369 2.66087321987772 6.45194951729937 1.64235073885567 2.86887660650305 15.7869962133126 3.34374783897449 0.226218480787961 13.298132636959 3.32828430239271 2.77302751755739 0.0298247495703811 1.2123709406571 8.75797878662729 5.54746482183348 0.660647940058456 5.02154442875244 15.2677821247757 1.3461105914968 5.39209476313569 5.9673124285917 0 0 0 0 0 0 0 0 0 0 0 0 0 0 0 0 0 0 0
2.59999652195007 4.18809636146762 2.04136009121645 1.88235893685089 0.953791913527669 6.98974117369294 0.337095892477569 0.567926534546279 3.34460900827333 1.94280361373527 2.02736891004592 6.20499255444799 1.53843029613037 1.37120388943141 9.14143805895233 0.535440527123771 0.544263997119011 4.55699060289331 0.957985600471853 1.21207210970521 2.26623599906131 2.37303883180623 0.0174548440005377 0.492007540997984 4.09599108801233 6.30027488827679 1.74971249726188 0.725788718082073 0 0 0 0 0 0 0 0 0 0 0 0 0 0 0 0 0 0 0 0 0
1.03803766614533 1.32622216289609 0.0559319842289998 6.21084888438137 2.24473766378609 0.141799664305384 0.665103763045473 1.66857576837785 4.67818757076463 1.01982332914986 5.07274722858688 2.6215091431498 0.0376278359205087 1.51064822051544 0.115457968875907 9.41910648403081 2.62123751864947 7.80828150892908 1.13367997538526 2.72680597097847 0.00582564338158214 0.938851355704837 0.179140782114515 2.4741077574444 3.29072018060398 0.47888976767424 0 0 0 0 0 0 0 0 0 0 0 0 0 0 0 0 0 0 0 0 0 0 0
8.2659035626447 0.229603041496335 2.60645108677312 0.0702404946763192 0.636324958380368 8.09093434828617 4.17745426937838 3.32157079234001 14.556987101636 2.71754324639247 1.97002074059695 2.64853626353126 1.60136424178821 1.12757252361018 11.6847524966093 1.14250305940128 0.0438072334921267 5.3710148877345 6.1190128637986 1.13659926637779 1.26351683176672 2.90429434507081 1.32245747242019 0.145869078380471 0 0 0 0 0 0 0 0 0 0 0 0 0 0 0 0 0 0 0 0 0 0 0 0 0
1.95878111118034 0.810458268040353 1.71899560865728 2.25973709687585 1.0260898138162 0.53849515205767 5.7362120967836 2.10502020532872 3.77957043344617 1.91076816898746 1.49009487460029 0.360544396501352 1.82836487285316 2.64643588999353 3.15991665680281 0.0392352663428119 2.39799271786275 3.00833084053043 5.68212628195601 0.396944572074857 1.92823214510278 1.54081571056977 0 0 0 0 0 0 0 0 0 0 0 0 0 0 0 0 0 0 0 0 0 0 0 0 0 0 0
2.73632043717432 4.89299379263427 1.70285820097142 1.04353654999557 1.5965395399253 0.769473495795655 0.750004184184972 0.687318817719601 3.09117628096764 0.616324224129809 1.08959331236932 3.55080624308901 2.14628280348303 0.252613622310416 0.0100615172969667 0.255827684204651 0.357987841679585 3.13552713356604 3.15792749711897 0.440766796905412 0 0 0 0 0 0 0 0 0 0 0 0 0 0 0 0 0 0 0 0 0 0 0 0 0 0 0 0 0
2.1716030230534 1.36465568284461 3.03196515449512 3.88416225336923 0.189586819787345 1.20036909510534 4.23917927885971 2.4663945056929 10.0397834576002 0.174431033705204 1.37961399672584 0.675880040948562 0.717224700607532 1.9313257705571 2.33205016334933 2.27661957473846 3.77631217010683 1.10625261550023 0 0 0 0 0 0 0 0 0 0 0 0 0 0 0 0 0 0 0 0 0 0 0 0 0 0 0 0 0 0 0
1.83614893539159 1.17758550952815 1.02380193333187 2.44866971356952 0.367640530451842 0.921938270519814 3.95964699197037 3.67172411023021 1.92898526549759 2.51869208181247 1.40769639755358 3.00054108174512 1.11504055983628 2.39516071792425 0.551106746620607 3.75134488488547 0 0 0 0 0 0 0 0 0 0 0 0 0 0 0 0 0 0 0 0 0 0 0 0 0 0 0 0 0 0 0 0 0
3.46683495123879 5.35921660799337 2.57846807500321 1.14266552966087 0.789626179166334 2.89654886887488 5.85638106153377 3.09875546369628 1.1794754911782 5.47252821596711 0.32469749245736 1.84713196015481 1.69031542557881 1.06803566649991 0 0 0 0 0 0 0 0 0 0 0 0 0 0 0 0 0 0 0 0 0 0 0 0 0 0 0 0 0 0 0 0 0 0 0
2.00965199784511 2.92856081968481 1.66305121881682 3.81671164222665 0.148090566477948 7.93794589767877 0.902296833841145 0.128468632281041 9.05230396369329 0.04084498715112 0.28651085937557 0.152503678451227 0 0 0 0 0 0 0 0 0 0 0 0 0 0 0 0 0 0 0 0 0 0 0 0 0 0 0 0 0 0 0 0 0 0 0 0 0
3.06184828839183 1.60813720923028 0.869526202389391 0.0567444958682715 1.13074379896432 1.00307750448121 2.26485518496278 0.381273135719166 1.92868895072434 1.28732221053249 0 0 0 0 0 0 0 0 0 0 0 0 0 0 0 0 0 0 0 0 0 0 0 0 0 0 0 0 0 0 0 0 0 0 0 0 0 0 0
0.83045204932792 1.32368389102355 3.8728601001809 2.25924640007661 0.167491113454495 4.25004949892963 3.72565096665692 1.62399343066869 0 0 0 0 0 0 0 0 0 0 0 0 0 0 0 0 0 0 0 0 0 0 0 0 0 0 0 0 0 0 0 0 0 0 0 0 0 0 0 0 0
0.367835711830193 0.0638748739639278 1.30557711445584 0.439532115394493 0.629121019247412 3.40958109837231 0 0 0 0 0 0 0 0 0 0 0 0 0 0 0 0 0 0 0 0 0 0 0 0 0 0 0 0 0 0 0 0 0 0 0 0 0 0 0 0 0 0 0
2.11002780507089 2.30221806370474 0.774152615129665 0.145079907880689 0 0 0 0 0 0 0 0 0 0 0 0 0 0 0 0 0 0 0 0 0 0 0 0 0 0 0 0 0 0 0 0 0 0 0 0 0 0 0 0 0 0 0 0 0
0.209683310853499 0.121125610559454 0 0 0 0 0 0 0 0 0 0 0 0 0 0 0 0 0 0 0 0 0 0 0 0 0 0 0 0 0 0 0 0 0 0 0 0 0 0 0 0 0 0 0 0 0 0 0
