4.2892880879122 0 0 0 0 0 0 0 0 0 0 0 0 0 0 0 0 0 0 0 0 0 0 0 0 0 0 0 0 0 0 0 0 0 0 0 0 0 0 0 0 0 0 0 0 0 0 0 0
2.48207494225677 3.0061597614736 0 0 0 0 0 0 0 0 0 0 0 0 0 0 0 0 0 0 0 0 0 0 0 0 0 0 0 0 0 0 0 0 0 0 0 0 0 0 0 0 0 0 0 0 0 0 0
3.71468286975796 1.09620829604826 5.02619507333528 0 0 0 0 0 0 0 0 0 0 0 0 0 0 0 0 0 0 0 0 0 0 0 0 0 0 0 0 0 0 0 0 0 0 0 0 0 0 0 0 0 0 0 0 0 0
1.59161073578797 0.813887005398468 1.82104598111561 10.3025614355415 0 0 0 0 0 0 0 0 0 0 0 0 0 0 0 0 0 0 0 0 0 0 0 0 0 0 0 0 0 0 0 0 0 0 0 0 0 0 0 0 0 0 0 0 0
1.88215134749276 3.37850315139526 0.818487720792932 5.45086665597383 1.82679837178718 0 0 0 0 0 0 0 0 0 0 0 0 0 0 0 0 0 0 0 0 0 0 0 0 0 0 0 0 0 0 0 0 0 0 0 0 0 0 0 0 0 0 0 0
3.27644370662955 9.89574282907119 6.90947249541041 2.25204653170841 2.28452419779226 3.00229415039933 0 0 0 0 0 0 0 0 0 0 0 0 0 0 0 0 0 0 0 0 0 0 0 0 0 0 0 0 0 0 0 0 0 0 0 0 0 0 0 0 0 0 0
6.28609223777537 8.07408066051414 3.4679944705015 4.65778383204694 4.41230545708688 2.90572845841743 5.97301183978176 0 0 0 0 0 0 0 0 0 0 0 0 0 0 0 0 0 0 0 0 0 0 0 0 0 0 0 0 0 0 0 0 0 0 0 0 0 0 0 0 0 0
7.84133009528537 0.478822858263562 0.418147449611703 0.367517984024958 0.675261399175266 5.51891318977801 2.185565036168 3.39454886831442 0 0 0 0 0 0 0 0 0 0 0 0 0 0 0 0 0 0 0 0 0 0 0 0 0 0 0 0 0 0 0 0 0 0 0 0 0 0 0 0 0
0.943187918502017 1.12961471692582 2.39652061224061 2.69468436878831 4.41025294092479 5.18657713885644 3.55894626585422 6.36327255005352 0.26166172575187 0 0 0 0 0 0 0 0 0 0 0 0 0 0 0 0 0 0 0 0 0 0 0 0 0 0 0 0 0 0 0 0 0 0 0 0 0 0 0 0
1.15609197793681 0.317977718413692 2.39179206946559 1.16562003375048 6.94635477484564 0.657374881164345 0.583381194856817 0.00854106083269045 1.14533342973082 0.204889915478183 0 0 0 0 0 0 0 0 0 0 0 0 0 0 0 0 0 0 0 0 0 0 0 0 0 0 0 0 0 0 0 0 0 0 0 0 0 0 0
0.555056723480676 1.75674558246915 1.28537676078932 0.64813117501009 1.09216627763823 2.29308441863168 3.59192044960669 0.159128846053411 0.695381686743905 1.68921651812047 1.46736110805084 0 0 0 0 0 0 0 0 0 0 0 0 0 0 0 0 0 0 0 0 0 0 0 0 0 0 0 0 0 0 0 0 0 0 0 0 0 0
0.333819753595538 2.03613689933469 2.03124924916123 1.68842453838611 3.40740320553827 2.67614398737323 3.17776360440932 5.12376119376963 0.291008484902188 0.0312757287218981 0.53260111685344 2.10156333851333 0 0 0 0 0 0 0 0 0 0 0 0 0 0 0 0 0 0 0 0 0 0 0 0 0 0 0 0 0 0 0 0 0 0 0 0 0
3.14327114521923 1.22100996268603 0.267138711479786 0.982052282009439 0.763440773868736 2.11711598785947 0.241242128609201 3.3525512117488 1.40170205368867 1.39795549863302 0.69054890029759 1.43832398528431 1.41794163241972 0 0 0 0 0 0 0 0 0 0 0 0 0 0 0 0 0 0 0 0 0 0 0 0 0 0 0 0 0 0 0 0 0 0 0 0
8.10172494395839 5.49403650733601 0.148672290567971 1.4688859704043 2.82044538464705 4.70771716112123 1.81913600473696 0.544586429974197 5.92728841839993 1.10024362442797 0.597510106406884 3.7058690203966 0.348698761570275 0.32186836919181 0 0 0 0 0 0 0 0 0 0 0 0 0 0 0 0 0 0 0 0 0 0 0 0 0 0 0 0 0 0 0 0 0 0 0
1.88297559082328 2.63078355592945 1.67013125592073 1.24359213542261 4.08794345418371 5.19225046649116 7.14985420515858 1.28255742361041 1.6801779357963 2.05413098252766 5.14255347871686 3.37349369224483 3.00615527800569 4.04555442609437 0.433099958055299 0 0 0 0 0 0 0 0 0 0 0 0 0 0 0 0 0 0 0 0 0 0 0 0 0 0 0 0 0 0 0 0 0 0
5.18407553044753 9.454736790725 0.336329347971186 3.69310970567653 1.27477754543149 1.34606581669193 0.0854943704104891 2.18987169601114 6.8086788303078 0.373060988651802 0.682289891526246 0.958124872744603 5.22534801795013 0.385749108194751 12.2470973032824 0.014163079543291 0 0 0 0 0 0 0 0 0 0 0 0 0 0 0 0 0 0 0 0 0 0 0 0 0 0 0 0 0 0 0 0 0
5.34419274927712 0.532575798838731 0.156759870952435 3.17150405343627 2.93010580796727 0.0118365319636654 3.04107107006446 0.298872734279115 1.74480330006904 0.10980946698295 0.341407189460852 5.05301808193934 5.10427613471785 3.29818816755097 1.40445423725456 3.21449863344438 0.877172750577279 0 0 0 0 0 0 0 0 0 0 0 0 0 0 0 0 0 0 0 0 0 0 0 0 0 0 0 0 0 0 0 0
1.62731468964028 1.13612486156309 4.5636604986645 3.43310650376855 0.79801375024222 1.07435863640788 3.96093889366697 7.16964587559142 3.06891192099074 0.391439108056933 1.90806491298669 2.30807956368984 0.758946294526243 0.377175940949885 2.99672269311921 1.13202673653159 2.53108489875394 5.63270729053333 0 0 0 0 0 0 0 0 0 0 0 0 0 0 0 0 0 0 0 0 0 0 0 0 0 0 0 0 0 0 0
4.01146910448243 4.83765693447504 3.43598504375701 2.30160883795251 2.2376663139288 2.94467679262966 6.18827422295687 10.5362079697307 2.6758612591051 0.234889636986443 4.21694256079799 0.444732544058852 3.22574787509174 1.69664213405539 1.65292450071978 0.901024678172721 1.09836358388997 1.03446346383898 2.2046248261871 0 0 0 0 0 0 0 0 0 0 0 0 0 0 0 0 0 0 0 0 0 0 0 0 0 0 0 0 0 0
0.466600111036951 2.22281529262347 2.49877703702361 2.09586603167499 5.54468342403428 0.0271554891935363 4.08696548083871 1.47998598284245 1.86688788724725 1.77951014520396 5.93221766829788 0.0162493350237132 1.1882236322194 4.75291914892048 3.03538243571862 0.914786766655698 4.12616147834168 5.29599493081005 3.27490540163278 2.45785835341024 0 0 0 0 0 0 0 0 0 0 0 0 0 0 0 0 0 0 0 0 0 0 0 0 0 0 0 0 0
0.0696195948072179 0.308090410033901 6.48128332416631 4.32124568428712 5.09622799467758 2.04558859288309 2.30153972262355 5.71646559696598 2.37416325799112 1.32937563558674 0.0893300626310975 2.70472106018412 2.94308556933798 1.46951533643874 1.51961609348202 0.250163413899889 3.1762972249768 0.181336900955828 0.253041777969082 1.85944383062609 0.0318370848019488 0 0 0 0 0 0 0 0 0 0 0 0 0 0 0 0 0 0 0 0 0 0 0 0 0 0 0 0
2.74050542638835 1.28942409810896 0.278660899613145 2.6093613777034 4.51677595857851 3.06968289187019 2.01669157335522 3.92992899871986 1.72608275621959 5.57781319488397 0.285150922612363 1.93107887039751 2.81993566830462 0.803060870135183 2.19732567729279 1.74438537124848 1.49062812751524 0.6786281317377 1.89402432033366 1.37003297060092 3.25433615279926 0.0442746509107078 0 0 0 0 0 0 0 0 0 0 0 0 0 0 0 0 0 0 0 0 0 0 0 0 0 0 0
0.621708857521268 0.634498723740725 1.62975960767046 2.49703310021798 0.450048253802925 0.12811155494616 9.25044332459749 3.97244687485153 0.342836754703028 2.42926712739346 2.78554086119152 3.03080699202954 9.9797454525724 3.27612856891108 3.25126284813189 7.12707975264325 1.90843203309519 0.773731412014854 3.51652556226973 6.41400403630835 0.0149657758512724 4.33613747695912 1.4798480169489 0 0 0 0 0 0 0 0 0 0 0 0 0 0 0 0 0 0 0 0 0 0 0 0 0 0
5.67680557040591 4.45656064340329 1.03712918176413 1.51996643949264 5.24814745439305 4.61186845731829 4.3738017890758 4.95410627928552 4.92609129154929 0.370489320599924 3.79503275786682 0.201515040759037 1.11133338628604 6.91743326211678 1.94308617873028 1.27727880824632 0.042329567404129 3.40887538927322 1.27343124119888 1.5806011695636 3.77434161083319 0.465627707982944 0.302832883863536 1.07532462065081 0 0 0 0 0 0 0 0 0 0 0 0 0 0 0 0 0 0 0 0 0 0 0 0 0
9.04938377036146 6.24225253303173 0.340449946386287 7.57962476118118 0.612567623311319 1.23603161610615 2.02322635196656 1.05386540933356 2.36675012295572 1.13309728527924 2.40937370812279 0.779241927718548 2.46215087735464 7.18283750969171 0.966786197864712 5.12513873397957 12.3541148814269 5.65231754789672 0.906693087107289 2.00966682775659 2.80515066399368 0.108333430504178 1.30036337278185 0.339331435750441 4.2620043107528 0 0 0 0 0 0 0 0 0 0 0 0 0 0 0 0 0 0 0 0 0 0 0 0
3.72243994992977 2.64303397449484 1.20048354187557 5.01944558850658 1.45346872509942 3.02879830316872 9.164212333205 1.51436499438563 0.737667329817544 0.627007190289402 1.34269995311887 0.167126742373611 5.75184346150469 1.5081018420931 9.60539238284758 6.91106003683635 6.37146312446283 1.65909620120575 4.52888878864653 1.7475102007552 4.76348920275567 0.842575941018186 0.226970804701384 4.16543207971769 4.5090742047846 0.27635116377455 0 0 0 0 0 0 0 0 0 0 0 0 0 0 0 0 0 0 0 0 0 0 0
5.6331777107102 18.2502084467009 3.14189726598957 7.98912426415368 1.1377534651679 16.3851412076755 5.20106466695357 8.50674111710958 3.24988787840091 0.632976956694453 2.24181664619932 7.33065124597556 7.46284261196832 3.61746496521402 1.69144138780053 5.08258257905435 0.426857317545795 2.3765402469743 1.8144464027616 3.08521787058096 0.430253119798172 1.03484140398901 3.36249157716585 1.58251463863085 1.99014200907398 3.08327115091492 2.92405557832493 0 0 0 0 0 0 0 0 0 0 0 0 0 0 0 0 0 0 0 0 0 0
2.01904984847586 1.60024841248901 0.391448036951526 5.58282007037707 0.401195317415147 2.69478369597206 0.775124457775916 2.89093718000965 1.07031646984324 2.49889759082166 2.51238623734761 2.68607551726931 3.26068113138865 0.674233767221127 0.951424251997754 6.13575557862985 3.86817289550167 4.50150076403206 1.47856189914102 1.5601586218247 3.86793834470786 1.46879946213678 1.2951695690382 1.42478646183527 1.03997927520781 0.830943999863438 5.51358214794716 0.426177037112891 0 0 0 0 0 0 0 0 0 0 0 0 0 0 0 0 0 0 0 0 0
2.58711864110634 2.59892507363118 4.33986755371753 4.52513414701792 1.58581505551011 3.83250236735981 3.23117458661798 0.0359875289225196 3.54749875524192 0.0153492964307953 1.76073841496617 0.291377239137255 2.22740227802318 1.53265186543133 1.09635306385077 0.449927614647513 2.14238209740155 0.149380038086745 0.0125769416208939 2.04779682680475 3.85900441216909 3.83860920762831 3.12826867796419 5.91231479630044 1.26647361305838 3.21826112928892 1.96946484139771 1.22381415413948 3.65009299338493 0 0 0 0 0 0 0 0 0 0 0 0 0 0 0 0 0 0 0 0
0.273925797670022 1.59794461400754 1.82969193874558 0.226845515580559 2.54460109754004 1.76125550846807 1.61363096667843 2.3257438063402 4.14405743762975 0.594883819004308 5.32437756327774 1.94407512079094 1.66540779432969 3.13970628586658 3.72850176341464 0.135233742607374 1.25693166457036 1.30144891883984 0.657364505493944 1.85581616111993 4.48160494154706 5.3343243691904 0.36122789934416 0.523916222999872 0.778606305688265 2.07747510500526 4.67657282813287 3.91766368914585 0.21071360637751 4.28609963267785 0 0 0 0 0 0 0 0 0 0 0 0 0 0 0 0 0 0 0
2.0867976544377 6.48377182888222 0.623821619057667 6.89569757428931 0.729100018816337 1.44557819331586 1.41300910307149 3.84822361543307 0.908702599457292 2.72946057201907 1.76147782445199 3.90506774438458 3.54834474806844 0.944255748595086 3.01774260654236 1.10800353847619 0.637245273015939 0.552014808254805 1.80743705627262 10.6486717710074 2.86019591192928 0.258627328753662 0.38994488452238 2.87182788194379 0.505474962934435 2.2613461683039 1.46645814887454 2.59930209148885 6.71789406845926 6.47644710928881 2.91657069987452 0 0 0 0 0 0 0 0 0 0 0 0 0 0 0 0 0 0
5.65071652204703 3.59189297897294 0.496937386083829 2.69036894059261 2.96560355575476 3.57431066501039 3.78487511926747 1.57821917337603 2.34497483222675 0.730450788299695 1.72155515056751 2.25567988209351 3.21451246161457 3.95666179805613 0.523366726782008 1.50472798658972 3.83843566586899 0.623495711393612 0.98403152960779 0.0538768708841046 6.82739356246092 7.23929941117786 0.414713126585757 0.10309075099872 0.470087156325512 2.57471828269476 0.771849257120178 4.26627907347526 6.40940258332948 0.199735837575841 4.65727110820461 3.25724301688353 0 0 0 0 0 0 0 0 0 0 0 0 0 0 0 0 0
0.863546151546804 0.965209550768488 15.3815562454172 0.00826099232250768 1.0130866539865 5.6168232245365 0.0698580807257453 5.94995955671474 2.02866420278832 9.04685530837216 6.31682166155931 2.145788169531 5.08587716743907 0.9491932371801 1.42232909500206 0.506469918973837 1.72146311430687 1.49851482994095 1.78141686169886 4.23771114353173 7.46086103620014 0.580424955686754 0.140716907954543 4.23399817338338 1.76225788540772 1.00281119218098 3.88687835036956 2.00460178693294 0.686875040039981 0.827790793416572 1.00366599498235 0.437243201506074 1.24132426658824 0 0 0 0 0 0 0 0 0 0 0 0 0 0 0 0
4.08960631567861 0.605339745298634 0.122687992066614 4.13223636541725 0.315573139539399 0.0360569350224961 0.474540903274611 0.352521770201874 2.18309636751908 1.65749759810527 4.1782956422403 0.31293523008273 5.11824052725693 1.43088488046401 10.8074213676211 0.0501101250976035 9.11583106844661 0.821262628690999 4.39986388714821 4.47011447065929 2.69213616992296 2.16323819698391 0.297084156724207 1.0440520797946 1.614643789119 3.08815332737251 5.32859568535876 0.5801695473739 1.96904001449381 7.60327718800214 3.66678870387944 2.36054503265379 0 0 0 0 0 0 0 0 0 0 0 0 0 0 0 0 0
0.634044651355627 2.48497396377722 1.23057367681545 1.40945516081654 0.202922948534586 5.00702118158608 0.948257161258454 3.13178745122966 1.72860584656624 0.04184476820652 1.90907083712966 0.573179569977232 1.56358049794384 10.0197270941231 3.83464428198803 12.7635390355482 7.623581025626 0.402855514325412 0.816240532131093 7.11181119803457 2.88521386597341 0.230779727672739 0.747551712261321 2.19273673745958 3.08444524627503 4.52415945551761 5.33526677723614 2.76881930273307 1.12268596645811 0.532571997247957 0 0 0 0 0 0 0 0 0 0 0 0 0 0 0 0 0 0 0
1.10369941217122 6.35580598784248 5.89571586173192 5.95027778557695 1.8598364487323 1.96826900764878 0.45380215197429 0.457839248148301 3.76848491248451 5.98012285122716 3.84983420265992 1.52283656454252 0.23635991504453 5.14840220855015 1.35916383281697 0.892720367488068 0.778354236250802 0.297039256314294 1.19845178261507 2.58864559785892 4.33469989393008 0.83364132152733 3.37962081494379 3.89017622290414 2.30514993042401 4.02306040363652 3.27233809376899 10.481576516237 0 0 0 0 0 0 0 0 0 0 0 0 0 0 0 0 0 0 0 0 0
3.83642024614401 0.932849384247156 0.127003257135234 0.668465087687085 0.55751508821139 1.01722430005414 0.416196986962423 1.0491158849474 1.59928644177224 4.04976801744942 0.171760008820146 8.14771910535951 0.129282725421973 8.81922823992287 1.35982610690351 1.77625502370306 5.42669450195379 4.23300953707981 0.85201838895581 1.19915638984747 3.7556388996853 4.25701663060187 1.26234557630173 1.22990184885033 2.73336983663905 0.046305339834428 0 0 0 0 0 0 0 0 0 0 0 0 0 0 0 0 0 0 0 0 0 0 0
2.71725841945535 0.498795693621601 0.48598560122615 2.09703011604759 1.13796253696145 5.74050211235304 2.39905365305422 0.804167537761604 1.47448705875385 2.47352359260522 12.4017934574649 2.4173070682958 0.613103355658513 0.139180002902467 3.05697675251032 4.41306294492071 1.03749526414242 1.61476628969133 1.42029094978651 2.47699917969478 2.8473281075102 0.517581243295642 0.542735511393572 0.751388898802276 0 0 0 0 0 0 0 0 0 0 0 0 0 0 0 0 0 0 0 0 0 0 0 0 0
3.50097013277256 2.68976438570068 2.27794480927883 4.44781985121608 4.23096616552447 4.24037938091054 1.21743038341448 1.81079365048972 0.214671558687309 1.30608185698687 1.5319115464105 0.511088101208849 1.55808445677196 0.472008311102129 2.01185065290052 4.99073671932215 4.47767023713286 2.60621447674544 1.1524153918522 0.266251067468072 3.28936975105556 0.0949558389871315 0 0 0 0 0 0 0 0 0 0 0 0 0 0 0 0 0 0 0 0 0 0 0 0 0 0 0
0.256454741640183 0.0262883692450232 0.325232555755975 0.612357816298172 0.61983722772448 4.15349586415946 2.15449350281856 1.17435353776257 3.255999144696 0.00248341197705941 0.2766781782842 3.44980001990303 3.21037078833066 2.30084359476223 2.05546281372884 1.83606530494586 0.175506260889818 0.269429571005793 3.24342230933425 0.123901966854213 0 0 0 0 0 0 0 0 0 0 0 0 0 0 0 0 0 0 0 0 0 0 0 0 0 0 0 0 0
2.73121898561715 6.24441117552467 1.30002962723209 4.98306137025006 1.85408193686365 0.901896379513876 0.612388104835796 2.87416049890456 5.15838331457662 1.00322375346608 1.50414540897396 1.04571084684504 1.39791791058396 2.10036884608281 2.27445582170464 1.26983450590333 8.31324935093382 0.748726067644131 0 0 0 0 0 0 0 0 0 0 0 0 0 0 0 0 0 0 0 0 0 0 0 0 0 0 0 0 0 0 0
0.708466005701371 7.18080482539403 1.45401277247358 2.81628636520708 0.0709997692449297 0.75748714824065 0.657398984932659 1.51070146656552 0.240621824900801 2.45156089064617 0.113796203070249 0.915029220532089 0.703532613464671 0.550889569235861 1.21176920086518 0.0150167340112484 0 0 0 0 0 0 0 0 0 0 0 0 0 0 0 0 0 0 0 0 0 0 0 0 0 0 0 0 0 0 0 0 0
1.96415861577526 0.19665622146779 4.0098390146724 5.05357712592508 0.251914275877479 3.76785587646741 4.86525044826754 0.0351188744761879 0.014267867973497 6.09825728402611 3.63389757656267 4.00127205213294 0.30480229876079 2.58317549477743 0 0 0 0 0 0 0 0 0 0 0 0 0 0 0 0 0 0 0 0 0 0 0 0 0 0 0 0 0 0 0 0 0 0 0
1.76997823248014 0.624549050957776 4.30841763826991 0.165656727567718 18.8546854482815 10.5773572583363 0.724677898925114 2.77098876611352 2.07234480394897 0.893740891883154 5.68391004084297 0.0350308835864897 0 0 0 0 0 0 0 0 0 0 0 0 0 0 0 0 0 0 0 0 0 0 0 0 0 0 0 0 0 0 0 0 0 0 0 0 0
3.66794364793955 0.159787812226583 3.09467139277829 1.70158160777278 2.05901157245871 9.04538225518673 4.11087016171018 0.910154325778047 0.811234379547255 4.82468260232984 0 0 0 0 0 0 0 0 0 0 0 0 0 0 0 0 0 0 0 0 0 0 0 0 0 0 0 0 0 0 0 0 0 0 0 0 0 0 0
1.25258868421919 0.291604955252641 2.32332882811176 1.65108681389521 7.58074513330966 0.735228857913187 2.18029593827963 0.625490026244879 0 0 0 0 0 0 0 0 0 0 0 0 0 0 0 0 0 0 0 0 0 0 0 0 0 0 0 0 0 0 0 0 0 0 0 0 0 0 0 0 0
0.363469691509449 0.764252029056876 0.821696186190712 0.0572675214374423 0.406969955110991 0.539518584473244 0 0 0 0 0 0 0 0 0 0 0 0 0 0 0 0 0 0 0 0 0 0 0 0 0 0 0 0 0 0 0 0 0 0 0 0 0 0 0 0 0 0 0
0.413019160735855 3.70544162038585 2.28037448210215 0.190323588480376 0 0 0 0 0 0 0 0 0 0 0 0 0 0 0 0 0 0 0 0 0 0 0 0 0 0 0 0 0 0 0 0 0 0 0 0 0 0 0 0 0 0 0 0 0
4.57273318156774 9.49961079720221 0 0 0 0 0 0 0 0 0 0 0 0 0 0 0 0 0 0 0 0 0 0 0 0 0 0 0 0 0 0 0 0 0 0 0 0 0 0 0 0 0 0 0 0 0 0 0
