0.669827006227143 0 0 0 0 0 0 0 0 0 0 0 0 0 0 0 0 0 0 0 0 0 0 0 0 0 0 0 0 0 0 0 0 0 0 0 0 0 0 0 0 0 0 0 0 0 0 0 0
1.79219506716611 3.04259003243924 0 0 0 0 0 0 0 0 0 0 0 0 0 0 0 0 0 0 0 0 0 0 0 0 0 0 0 0 0 0 0 0 0 0 0 0 0 0 0 0 0 0 0 0 0 0 0
4.97368525797772 0.91128250498042 0.168622747649046 0 0 0 0 0 0 0 0 0 0 0 0 0 0 0 0 0 0 0 0 0 0 0 0 0 0 0 0 0 0 0 0 0 0 0 0 0 0 0 0 0 0 0 0 0 0
3.76443090521032 0.693909047384086 0.665890990783171 2.19461535205363 0 0 0 0 0 0 0 0 0 0 0 0 0 0 0 0 0 0 0 0 0 0 0 0 0 0 0 0 0 0 0 0 0 0 0 0 0 0 0 0 0 0 0 0 0
1.75295212318659 1.89734447210352 0.624172979131997 0.0781048628569459 0.176113503146524 0 0 0 0 0 0 0 0 0 0 0 0 0 0 0 0 0 0 0 0 0 0 0 0 0 0 0 0 0 0 0 0 0 0 0 0 0 0 0 0 0 0 0 0
1.7757021753462 0.103584001176605 4.44825627676447 2.19095259712405 5.2238585893167 4.07045818572788 0 0 0 0 0 0 0 0 0 0 0 0 0 0 0 0 0 0 0 0 0 0 0 0 0 0 0 0 0 0 0 0 0 0 0 0 0 0 0 0 0 0 0
5.71306477200697 2.32842876549498 5.28768132199835 3.03607540589555 0.561210165246997 0.450652412380064 3.30047947458675 0 0 0 0 0 0 0 0 0 0 0 0 0 0 0 0 0 0 0 0 0 0 0 0 0 0 0 0 0 0 0 0 0 0 0 0 0 0 0 0 0 0
2.3280963944238 7.13095879322961 1.94310861653397 0.145632136010159 2.09466852748924 1.25467936884267 7.39787193737047 2.9198494706177 0 0 0 0 0 0 0 0 0 0 0 0 0 0 0 0 0 0 0 0 0 0 0 0 0 0 0 0 0 0 0 0 0 0 0 0 0 0 0 0 0
2.33592370013685 0.34085441503071 3.8028796945493 4.02671390983314 0.252324306347602 0.275267396702229 0.225308841116996 2.05988477683505 2.52488347747223 0 0 0 0 0 0 0 0 0 0 0 0 0 0 0 0 0 0 0 0 0 0 0 0 0 0 0 0 0 0 0 0 0 0 0 0 0 0 0 0
3.40098379399999 2.62978034290912 3.20912667576881 0.344813957912531 2.3384999201251 4.39874945305878 0.543061974797726 0.467852812872163 5.37885990789834 1.29152796275884 0 0 0 0 0 0 0 0 0 0 0 0 0 0 0 0 0 0 0 0 0 0 0 0 0 0 0 0 0 0 0 0 0 0 0 0 0 0 0
0.344762731561187 0.262730382042976 0.476814529413037 7.78387441040633 3.00916676965819 1.86298741463672 1.38527346656275 3.24348388440158 0.433473633252059 2.37161904028871 2.95149195561889 0 0 0 0 0 0 0 0 0 0 0 0 0 0 0 0 0 0 0 0 0 0 0 0 0 0 0 0 0 0 0 0 0 0 0 0 0 0
1.89897622637551 2.24966050583641 2.0029297265705 2.13084526503069 1.46129767910234 0.774265705272255 0.887226602756547 0.135387960925745 1.07544858854049 3.78039345683185 5.73052539066706 2.29850428962914 0 0 0 0 0 0 0 0 0 0 0 0 0 0 0 0 0 0 0 0 0 0 0 0 0 0 0 0 0 0 0 0 0 0 0 0 0
2.96132078244629 0.233716573567423 2.17571832584648 2.29050934356905 0.277861656208573 2.04758864843894 7.56810420052584 0.221093405171962 0.485337186161071 0.247713240931243 1.16142704037479 7.12852542517062 0.728598751765522 0 0 0 0 0 0 0 0 0 0 0 0 0 0 0 0 0 0 0 0 0 0 0 0 0 0 0 0 0 0 0 0 0 0 0 0
3.63903354338294 3.13469399439727 1.1269517469462 2.26305842597949 1.20782337402809 3.06295875442801 1.11905599283389 2.98765865506453 1.23601376068823 2.42728032582785 1.83620016677315 2.58816498388631 1.48927205943246 3.04434649754826 0 0 0 0 0 0 0 0 0 0 0 0 0 0 0 0 0 0 0 0 0 0 0 0 0 0 0 0 0 0 0 0 0 0 0
5.56043801380544 1.30603482360456 2.33598358588711 0.894732855398491 6.70785550589305 1.4024763384178 0.274894794343557 4.13846731347787 1.06763278190289 2.62277585888548 0.900568851009712 4.64869796744135 2.24037239310027 2.05372507159174 0.275411356422814 0 0 0 0 0 0 0 0 0 0 0 0 0 0 0 0 0 0 0 0 0 0 0 0 0 0 0 0 0 0 0 0 0 0
0.368677291219017 0.9565369224936 1.96515185789058 5.4617088550646 3.6925449453183 1.37562172866219 0.317229003515242 0.00225332690826876 3.23257362036917 4.79673073251394 4.80689909857898 1.17152505507841 6.37670833127674 1.67197997366852 2.84371426086791 2.35909631493116 0 0 0 0 0 0 0 0 0 0 0 0 0 0 0 0 0 0 0 0 0 0 0 0 0 0 0 0 0 0 0 0 0
1.14029249365592 5.739180124435 3.24770135355258 4.13003354966056 0.431697297996341 1.69104302259727 4.26756579971331 6.85220991494786 2.51264681191433 1.40613356310274 3.94236462604172 0.0330295737503087 0.807923154667835 5.6960175884923 0.592996578405776 0.27634253094713 0.381937465638918 0 0 0 0 0 0 0 0 0 0 0 0 0 0 0 0 0 0 0 0 0 0 0 0 0 0 0 0 0 0 0 0
1.28968450463436 0.510117831392913 0.146332790292556 0.714099370207771 1.23677831005186 1.63312104092954 1.26176401724119 3.82388781696328 0.966868018686462 3.44679534587301 1.48863402744007 1.58151255604168 2.19471022286544 0.104047237598335 1.02945153838147 0.655151015808485 1.5498220174286 2.46592633331025 0 0 0 0 0 0 0 0 0 0 0 0 0 0 0 0 0 0 0 0 0 0 0 0 0 0 0 0 0 0 0
0.537145098335367 0.218048440503606 0.150512950162037 4.51309262091086 0.921277650041887 1.62926093445653 0.670471960898791 0.446415343795697 3.29993682124171 0.205171179845447 0.263620570459484 0.381996698406832 3.92519992912379 3.5461433434336 2.02353782049742 1.07149075116336 6.36698054015845 0.0276752786291035 0.0872648341794741 0 0 0 0 0 0 0 0 0 0 0 0 0 0 0 0 0 0 0 0 0 0 0 0 0 0 0 0 0 0
1.93787627292816 1.29463096308733 0.674815434690799 1.68227774563113 1.72791994588736 4.79670845420926 3.4783034589429 2.38260380369278 0.6521248848192 3.64980120399506 2.70689220075229 5.14411728830104 0.259060393198579 2.07436706535424 5.48598020085852 2.93498725754631 0.620536031982997 5.16636087252669 0.81020488758995 2.56319021871785 0 0 0 0 0 0 0 0 0 0 0 0 0 0 0 0 0 0 0 0 0 0 0 0 0 0 0 0 0
4.36832852651857 3.11780447502019 3.43874912281377 0.25840655278888 0.163231765148471 10.345820847031 2.92666861841095 3.94117742871459 1.83132256788326 1.541071689416 3.83957892187329 1.4047201764231 1.17972666161208 0.0614628577805592 1.33119563209863 0.677243316222954 1.95059914733134 0.083736913919506 0.742351121023986 5.49926245531169 0.573458423117704 0 0 0 0 0 0 0 0 0 0 0 0 0 0 0 0 0 0 0 0 0 0 0 0 0 0 0 0
0.362202309199875 0.506469923479448 5.66798571117636 5.30459080556203 1.80810670203308 1.32805994751913 0.893699195599528 2.31572575142717 3.15678622680597 7.09522394732878 0.475767515400496 7.73875090541877 0.625377117886348 0.568440667525522 0.0998842867044268 6.00319724373201 0.357357156855784 2.57561767036336 2.24668415937434 0.932301049126896 1.59195806181962 0.147612253658485 0 0 0 0 0 0 0 0 0 0 0 0 0 0 0 0 0 0 0 0 0 0 0 0 0 0 0
0.692793688253942 0.0259457128624151 0.174502628536507 0.00435791355904469 1.7637887095112 0.434016322919772 2.27484620734346 2.85218400047338 1.01128256226494 1.98094976325213 1.86962638638774 1.72344858414705 0.762592355778643 1.07373042560979 4.31547567143082 1.4413389703382 0.759907187461514 3.79057430354107 0.126604249834398 3.80767770711222 0.875786439037508 1.0962133422708 1.78525779789786 0 0 0 0 0 0 0 0 0 0 0 0 0 0 0 0 0 0 0 0 0 0 0 0 0 0
2.21275561827363 0.839750993421069 0.974649153089315 4.10777630963438 0.33182630536514 1.84664790542086 2.42036597570616 2.20102016618725 1.2930848582919 0.619913707532872 2.67756588779511 7.84346515951065 6.82408450669178 4.42614021404506 0.774508952375469 0.291674927350217 0.929241901418162 2.56251451192699 1.69322670776758 0.0643262983883574 5.16954327433981 0.39208748480473 0.81526831221146 8.80390072834951 0 0 0 0 0 0 0 0 0 0 0 0 0 0 0 0 0 0 0 0 0 0 0 0 0
4.2413426095642 6.94674715870092 2.91458484206105 0.81901870100666 0.843886577241387 2.81737805140784 3.26024224183181 5.43338101788005 5.8601605406682 6.25811221478239 1.74560629962532 3.52371136779852 0.626558218975295 0.0190063060924116 4.47264157916771 3.12567253125585 0.568441329390349 1.98382971325288 0.589886413237191 0.855259597157315 0.186994021566193 4.90819396259103 0.841019910016308 1.28778925815662 7.34414612833584 0 0 0 0 0 0 0 0 0 0 0 0 0 0 0 0 0 0 0 0 0 0 0 0
0.382167567746461 1.56201716451226 0.0888040388289646 0.381886376929622 1.57886769786797 5.1600690956656 0.514964511482511 2.89825198158419 0.411745963276048 0.0111634001131234 1.22774044231828 1.67700636093295 1.33050932293018 0.79485434567045 3.4803559401889 3.48523161331103 0.0181530263079841 0.579777223824472 5.03403336235103 0.683637709168925 1.56995640298563 1.00057861754084 2.67034124017571 1.6710620202441 0.32422719021015 0.476384088867358 0 0 0 0 0 0 0 0 0 0 0 0 0 0 0 0 0 0 0 0 0 0 0
1.35281523128989 0.660029291595939 2.85026207655388 1.68508559578691 7.86410282718476 0.217459887515677 0.388112127704262 3.8480472390901 4.20540677632301 0.293247970633498 1.3354166684696 2.06670063900005 1.83279290177435 3.41053847662637 4.71310206239244 1.86185743630273 1.88100281803356 4.9123080360624 1.05616322751466 1.7389006360276 5.54051265595204 3.35496550560641 1.77775529675022 1.28979126774346 1.46204128855619 2.59378768217902 1.04486529523836 0 0 0 0 0 0 0 0 0 0 0 0 0 0 0 0 0 0 0 0 0 0
0.422711255445665 0.579615696084809 1.38668512212073 5.88929100843756 0.0734122488701865 2.17779441885954 1.77849365546984 0.702919728632277 2.14739610904674 6.48926372862461 0.196095574585818 0.159225306005965 2.09305414985916 0.544268680995213 0.259270787033815 2.19014679593158 5.62897023097009 3.7863407480713 3.74049777094769 0.617010076013675 1.29264469532754 0.398315535991926 0.125365045426667 8.5599415191242 0.85115134996812 1.28246875745867 3.37309471133588 5.63195250607315 0 0 0 0 0 0 0 0 0 0 0 0 0 0 0 0 0 0 0 0 0
2.77923642658232 0.215038881603818 3.4471535741874 0.743575594587448 1.4008283388074 0.490165069942591 1.04136833430506 0.186308005684229 1.0671669664956 1.48227331623728 1.77171289528947 0.0477587800714752 2.95798420686046 0.429790587552058 0.797865473368379 6.00691076156908 0.0410819745922768 2.85194454757128 4.20703838667553 1.49274932369512 4.24016690400548 0.457839329635252 4.20505762166203 3.89194689961578 4.40499352029602 0.98335086960125 0.504307818441414 0.677968006774311 1.50083478360416 0 0 0 0 0 0 0 0 0 0 0 0 0 0 0 0 0 0 0 0
2.25119293833367 3.94338919749573 1.28497769997082 1.29460411102525 1.73129693251367 0.471980933337484 0.223219866946394 1.74440399667199 0.104744168655792 2.64695652749627 7.98004405720752 0.446103715029945 0.754543673259192 0.655512271506751 1.27500238444842 0.616332811931492 0.139515237791982 7.26652233172387 1.50990059057056 0.404445821336482 2.1990045438734 4.07401461938779 1.64852140073306 0.0687522368616558 3.23316699726759 1.43516088208478 0.525268307043705 1.0715793777203 2.80565468573553 0.829421017699507 0 0 0 0 0 0 0 0 0 0 0 0 0 0 0 0 0 0 0
1.11776799494344 4.10678179154404 1.25050153329533 1.82961398482903 4.67414244531742 0.164486206509724 3.54049190635535 2.14590347837178 6.48438596301568 0.154756032618436 4.01401547904878 6.19324121167659 0.499422559756621 1.26587997740299 2.81871104364166 3.35893113308937 0.931153655005878 7.92592061531849 8.21553053762822 0.625776238232205 0.0582282340241257 1.51287138339979 1.69146807345743 6.61547771488433 1.46262083874018 2.49268801724788 2.86052411492438 3.11943803580143 1.05442757669728 0.0731473088167269 3.17755742069753 0 0 0 0 0 0 0 0 0 0 0 0 0 0 0 0 0 0
7.45777631728021 3.20754957259509 1.80209219178554 2.94566876327746 5.73443905059461 4.42918730432741 0.248936355400008 2.11302114324513 2.81239181722833 3.1752714599979 0.402879967048082 0.46738840993858 1.67958464639757 0.748823407459015 0.767727892371226 0.49566842166382 0.449831518109197 0.138689519490673 0.018068857999603 1.14393840704196 2.83405895880987 3.81152135477893 0.220357653497776 1.64070782178298 1.65369133834245 6.61904900609438 1.65520551655954 2.24490821914132 1.02963096001354 2.4009518898325 3.47922596857092 9.59260146687081 0 0 0 0 0 0 0 0 0 0 0 0 0 0 0 0 0
4.72309615970189 2.80915044026755 3.88021034847114 0.755505928083797 6.34887173621304 1.79358979915733 0.63947281669985 1.81532990924185 0.719367532226652 0.708592588467266 0.798475506211265 0.266129531126251 0.577631927235341 2.03478377439878 0.375932498011412 2.51770085696475 2.70714238939492 1.40108618281579 0.300979573243484 6.24380216100422 0.765794234923193 1.09214025827913 0.389221591216032 1.27990584548059 1.36501123434804 0.700944868490583 3.27609839452813 0.78243865136481 7.7229925590527 0.276769882183601 0.674490544440608 0.134274785987984 4.10316595369553 0 0 0 0 0 0 0 0 0 0 0 0 0 0 0 0
0.576779931730656 2.79777861311725 1.05652028404308 3.40287940946658 1.47248501025702 0.36834475643742 2.20427209090553 1.20092268545553 6.80342398661122 1.20876813270328 0.263563016396032 4.84905628267298 1.88472914397016 1.16682536121878 1.38989793936329 3.88841229303332 5.00299251256488 0.104902787624258 5.70770668810733 0.718948376314135 0.626077685472238 6.41133764191474 3.97137984135835 0.276728520880151 0.752138593068276 0.332669384953709 0.152968981370926 1.22992868038534 1.37126356935193 0.0149766465065008 1.29634089070382 0.121881981820248 0 0 0 0 0 0 0 0 0 0 0 0 0 0 0 0 0
4.05403070711009 4.68342683149259 5.07953326949213 0.575826884135226 1.39910142610895 0.411252286276173 2.63030527645311 4.02780047079947 7.7722297378778 5.57354732345802 0.181290854105822 1.27472222853653 7.43455457807515 0.0383366155932298 0.0870152267580993 0.295670396689167 5.32997085409041 0.727133579802824 0.465698679650273 0.545628237976216 1.96192264455824 0.545733897143961 1.44541443294093 0.374952755685649 4.89853875026699 0.0458741618415719 1.94882473989041 3.14241009053021 6.58634485023969 0.49706230071238 0 0 0 0 0 0 0 0 0 0 0 0 0 0 0 0 0 0 0
0.499673052511827 0.341605449234487 2.45714769952374 2.89418494882402 1.4990190251319 2.88733268812442 0.0942864100907353 0.484984783826861 0.45890865926509 1.19198056470426 0.826620027099148 0.964630549724878 0.819069822782283 1.29238551157464 0.34751963584282 2.37264958038207 1.91799227106391 0.351786439591878 2.27749985538831 1.44606409279393 0.850524485021235 3.81601865987826 0.0302398007218899 0.0547968813485917 2.49291708473442 3.92600174898704 2.49450378964829 4.73734383173398 0 0 0 0 0 0 0 0 0 0 0 0 0 0 0 0 0 0 0 0 0
0.542709780682412 0.277319078188626 4.23172288615215 0.91466904609417 2.72221792804296 0.797198694646529 4.61372201693524 2.13184846304242 3.85022013513249 0.471406363376875 4.6979061798188 5.54746153188148 4.53289199523396 2.03994681236098 0.590258106225314 1.23204889210986 2.14348474018509 5.98852252075166 3.04183331332601 4.83966972582448 0.217176258140688 2.07725479716101 1.38748352486239 1.11885697671932 4.82449613208337 0.243145930922143 0 0 0 0 0 0 0 0 0 0 0 0 0 0 0 0 0 0 0 0 0 0 0
4.81806770191396 4.08750346259304 0.933771998786068 7.30043444582729 3.09704877657735 4.21015892678759 5.13613940990252 0.890315592039461 0.210289959278671 2.40394746981899 0.368980017515575 6.76402830895934 2.73139946404557 2.28608718531696 1.01305075013363 1.72424639924452 1.52362694853407 1.94548398885065 0.619985179445389 0.153286300858991 2.08453143898556 2.15062515472557 1.60201015369089 15.1940187956964 0 0 0 0 0 0 0 0 0 0 0 0 0 0 0 0 0 0 0 0 0 0 0 0 0
0.927243205349683 4.09328287720224 0.563594344459905 0.229742425814792 1.13003495099291 2.74431519559553 1.46692881455599 1.07453336576112 7.05660505876024 3.18464378487693 0.138163697906059 8.77006709402986 2.15849672340483 3.34353572784743 0.0636022799628875 1.12703042922947 1.64794945057892 1.27221035013953 0.458390294354832 0.507020067329789 1.02432694990925 0.223154494931606 0 0 0 0 0 0 0 0 0 0 0 0 0 0 0 0 0 0 0 0 0 0 0 0 0 0 0
2.55468233691259 3.18477283631166 0.576438745592664 3.01905256167982 1.60968651593821 5.02877456666861 0.592433846880583 1.28573788883032 1.92581061211755 1.45898132965135 0.422455576463626 3.68506098843345 4.92941656576675 1.87445769118353 0.209279887054338 2.67839020320767 1.91519242733832 1.48187959209708 0.450584209243885 0.936788105727931 0 0 0 0 0 0 0 0 0 0 0 0 0 0 0 0 0 0 0 0 0 0 0 0 0 0 0 0 0
1.67753098661615 0.824078140271649 5.35315467392285 3.17129715877878 3.99389793083368 4.33566332889976 1.96453983098842 2.02522715619853 1.93946779728732 0.462337824871793 0.550003149642669 2.74177393438127 2.01324820541498 3.98306602665008 4.04537954775019 5.06051067152913 4.27972750263471 2.17698018795038 0 0 0 0 0 0 0 0 0 0 0 0 0 0 0 0 0 0 0 0 0 0 0 0 0 0 0 0 0 0 0
0.658822168619138 1.93380249183506 0.227520151290774 0.778861689286822 0.156263540839038 1.9182884109969 1.04911413791796 1.91880794724314 2.26626742718635 3.70574096744094 5.10254762316951 0.0237158885356335 4.19935745429486 1.65503223448106 4.23795711986589 0.226373947050516 0 0 0 0 0 0 0 0 0 0 0 0 0 0 0 0 0 0 0 0 0 0 0 0 0 0 0 0 0 0 0 0 0
1.57162700686911 1.66545713390804 3.02664665353894 3.98911178365023 0.812305409859732 1.18214809021668 0.753606799282569 10.2571320660408 2.15333504591618 1.00391091923792 0.808599479400753 1.01844127527214 1.14762863864107 2.38493249425999 0 0 0 0 0 0 0 0 0 0 0 0 0 0 0 0 0 0 0 0 0 0 0 0 0 0 0 0 0 0 0 0 0 0 0
1.27037078708429 0.297897054446875 1.3813113657826 0.691706271900871 1.70799041916403 1.95137833615679 4.06765457174557 0.7077021758549 2.92504460854663 1.51136230353649 0.943564403801597 8.1476835336793 0 0 0 0 0 0 0 0 0 0 0 0 0 0 0 0 0 0 0 0 0 0 0 0 0 0 0 0 0 0 0 0 0 0 0 0 0
1.78171493793399 1.55911517603545 2.33104099547107 2.24717309773311 4.01059375085941 0.150476802906636 1.30822868033269 0.278040534420339 3.26895733085189 1.69310574711868 0 0 0 0 0 0 0 0 0 0 0 0 0 0 0 0 0 0 0 0 0 0 0 0 0 0 0 0 0 0 0 0 0 0 0 0 0 0 0
1.33751701732733 1.60419692622798 1.3058029660123 3.61121967932634 3.05994856595989 1.38408023106783 1.07740936705468 0.415427721986499 0 0 0 0 0 0 0 0 0 0 0 0 0 0 0 0 0 0 0 0 0 0 0 0 0 0 0 0 0 0 0 0 0 0 0 0 0 0 0 0 0
3.18184663265412 1.00158111478323 6.49458797035735 0.833143810110962 0.679154345981087 0.143493210991015 0 0 0 0 0 0 0 0 0 0 0 0 0 0 0 0 0 0 0 0 0 0 0 0 0 0 0 0 0 0 0 0 0 0 0 0 0 0 0 0 0 0 0
1.59052747870951 3.00457196845816 5.92906335830978 2.04400289244496 0 0 0 0 0 0 0 0 0 0 0 0 0 0 0 0 0 0 0 0 0 0 0 0 0 0 0 0 0 0 0 0 0 0 0 0 0 0 0 0 0 0 0 0 0
1.36782056982894 1.24598816187885 0 0 0 0 0 0 0 0 0 0 0 0 0 0 0 0 0 0 0 0 0 0 0 0 0 0 0 0 0 0 0 0 0 0 0 0 0 0 0 0 0 0 0 0 0 0 0
