4.05096777049765 0 0 0 0 0 0 0 0 0 0 0 0 0 0 0 0 0 0 0 0 0 0 0 0 0 0 0 0 0 0 0 0 0 0 0 0 0 0 0 0 0 0 0 0 0 0 0 0
2.84206704894856 3.34080939434778 0 0 0 0 0 0 0 0 0 0 0 0 0 0 0 0 0 0 0 0 0 0 0 0 0 0 0 0 0 0 0 0 0 0 0 0 0 0 0 0 0 0 0 0 0 0 0
0.378622852305398 7.56053900118416 0.599146184977948 0 0 0 0 0 0 0 0 0 0 0 0 0 0 0 0 0 0 0 0 0 0 0 0 0 0 0 0 0 0 0 0 0 0 0 0 0 0 0 0 0 0 0 0 0 0
0.232720493969322 2.37584334234579 1.27070758745616 1.18661585642256 0 0 0 0 0 0 0 0 0 0 0 0 0 0 0 0 0 0 0 0 0 0 0 0 0 0 0 0 0 0 0 0 0 0 0 0 0 0 0 0 0 0 0 0 0
0.328387782035722 0.360481112639243 0.88810920050018 1.14488473452399 1.56177993439182 0 0 0 0 0 0 0 0 0 0 0 0 0 0 0 0 0 0 0 0 0 0 0 0 0 0 0 0 0 0 0 0 0 0 0 0 0 0 0 0 0 0 0 0
2.68650064635836 0.0371645537360426 2.04015045705757 1.54525726241505 0.464226660414586 0.356679927523525 0 0 0 0 0 0 0 0 0 0 0 0 0 0 0 0 0 0 0 0 0 0 0 0 0 0 0 0 0 0 0 0 0 0 0 0 0 0 0 0 0 0 0
1.87925553700938 0.57018730044795 1.42112922458303 3.21962198675159 1.84217119038119 0.470772056889869 2.95971023962648 0 0 0 0 0 0 0 0 0 0 0 0 0 0 0 0 0 0 0 0 0 0 0 0 0 0 0 0 0 0 0 0 0 0 0 0 0 0 0 0 0 0
0.554857620845661 2.51327771570359 8.38683063226155 2.84869096607643 0.768932725457639 0.231736588886595 2.26835752455749 0.411435838622444 0 0 0 0 0 0 0 0 0 0 0 0 0 0 0 0 0 0 0 0 0 0 0 0 0 0 0 0 0 0 0 0 0 0 0 0 0 0 0 0 0
6.11447804168169 0.990352842680656 0.728906919238132 0.105625032913695 1.03432863959642 0.724450518882443 0.554260942244835 4.13137551153605 1.35238011650858 0 0 0 0 0 0 0 0 0 0 0 0 0 0 0 0 0 0 0 0 0 0 0 0 0 0 0 0 0 0 0 0 0 0 0 0 0 0 0 0
0.46161937845748 2.3722118970736 1.20679448448675 1.42852959176026 2.10201767989837 1.39567794276525 2.474671637213 1.18581222735238 2.85661568950707 1.29926214744305 0 0 0 0 0 0 0 0 0 0 0 0 0 0 0 0 0 0 0 0 0 0 0 0 0 0 0 0 0 0 0 0 0 0 0 0 0 0 0
0.641220998721659 5.77542655019867 1.57368265008607 7.40092147699333 3.73232780276894 1.84625412286869 1.81788463800706 0.526027570048261 2.24260692711108 0.494344427256735 1.98891100724414 0 0 0 0 0 0 0 0 0 0 0 0 0 0 0 0 0 0 0 0 0 0 0 0 0 0 0 0 0 0 0 0 0 0 0 0 0 0
1.31323925249074 1.69437253341534 1.34194367895028 0.191659061112924 1.23525981710507 0.0140427992281752 0.164976890145744 5.20210037466145 1.75007390228205 1.14774610471494 1.58725737406369 1.18302953760472 0 0 0 0 0 0 0 0 0 0 0 0 0 0 0 0 0 0 0 0 0 0 0 0 0 0 0 0 0 0 0 0 0 0 0 0 0
2.74859059540065 0.0925535117543789 5.12113063851013 1.04816317488323 5.89812121742386 1.19993939698423 0.665895175150843 0.980427075891952 0.0300385482568885 0.0773908336764781 2.62015458472912 0.434897969070495 4.86718239702313 0 0 0 0 0 0 0 0 0 0 0 0 0 0 0 0 0 0 0 0 0 0 0 0 0 0 0 0 0 0 0 0 0 0 0 0
12.5347775760466 1.34633148325749 1.43656459103153 0.961158407567324 1.9484717102046 0.126696710568058 5.75503282905482 2.99961556196318 2.59820971566833 3.82559316328784 0.324195783305847 1.38166516828394 0.195862428753512 6.37274151573558 0 0 0 0 0 0 0 0 0 0 0 0 0 0 0 0 0 0 0 0 0 0 0 0 0 0 0 0 0 0 0 0 0 0 0
0.230458470059725 4.46252962560501 0.512510161976354 2.30617888174567 1.88614389506026 4.15407662835078 0.385452844105207 3.06605425313694 3.039583028115 0.516273744808994 1.75963728533018 1.57804984438484 3.9303088001439 5.58106327220581 0.801811142241111 0 0 0 0 0 0 0 0 0 0 0 0 0 0 0 0 0 0 0 0 0 0 0 0 0 0 0 0 0 0 0 0 0 0
3.48470821473277 0.44181814728377 1.27718655163659 0.0401545691302647 0.430247662345725 3.66692152723799 0.0630542914134695 0.566283491586584 1.64734376529789 1.09895388881155 0.323350136451804 0.436278819556992 2.32998352205687 0.691394341844838 0.235025446328961 0.105935280324862 0 0 0 0 0 0 0 0 0 0 0 0 0 0 0 0 0 0 0 0 0 0 0 0 0 0 0 0 0 0 0 0 0
11.0368139781856 1.33721768868798 2.55051721728863 0.909281153926084 6.73605183785615 0.148927298963962 2.19147155063348 0.503420860140632 5.86009672462786 5.03859795876688 0.58557267246484 0.00868868161444316 2.94627445090563 4.80407815242658 0.511224083723661 0.939413135609298 5.45978756204191 0 0 0 0 0 0 0 0 0 0 0 0 0 0 0 0 0 0 0 0 0 0 0 0 0 0 0 0 0 0 0 0
13.0249180642321 1.5618770529229 3.30432491208717 0.922036861446 0.395141643543362 1.30953910092727 0.929075429855095 1.45381087593611 1.40698487957648 3.32297973337774 1.28828872617427 0.163745994114542 3.00081384878963 0.198294636386652 1.49159940428773 10.782366793046 10.149199591925 0.966061645445622 0 0 0 0 0 0 0 0 0 0 0 0 0 0 0 0 0 0 0 0 0 0 0 0 0 0 0 0 0 0 0
1.48403829069296 2.28705902766655 0.268254755491893 0.633944784218699 0.946053269960742 6.01216221618835 3.94058621572559 0.874986175054868 2.82893694449849 2.42637756468823 3.87527156304583 0.118883822967307 1.42995067633849 1.54885968363475 5.6293525398799 2.72761477143512 1.4091057431448 1.65177819036968 1.05872784545088 0 0 0 0 0 0 0 0 0 0 0 0 0 0 0 0 0 0 0 0 0 0 0 0 0 0 0 0 0 0
2.6023030264521 2.43135008895315 0.855728179039748 4.71045224865682 7.08538626690288 0.234289914959286 1.19107518580707 0.00339948171376188 2.53604278441491 4.27177111174037 1.45658259765116 3.90592608444867 1.19916542370162 0.640536870777592 0.346620571407602 2.6554974618809 3.05524831423355 1.18378859064277 0.255043868165148 0.199171299725832 0 0 0 0 0 0 0 0 0 0 0 0 0 0 0 0 0 0 0 0 0 0 0 0 0 0 0 0 0
1.99334912194239 0.472542936143096 1.63294132672403 3.82905636572577 2.77573953986428 0.324672412334768 1.63198427614957 0.743171960409888 1.14441347179101 4.51641295066633 4.21441186444296 1.31644603881773 1.83191424540547 1.55768482713928 0.746038242529754 0.0307925157071027 3.14816429940719 1.58471163578702 1.89675380001256 2.13615409372906 1.61152641115562 0 0 0 0 0 0 0 0 0 0 0 0 0 0 0 0 0 0 0 0 0 0 0 0 0 0 0 0
0.424288404231891 6.22531496991387 1.26313939114557 1.10340437242258 0.0598869776626686 0.146302327621497 1.51358489365576 1.06642455593796 1.33319365424404 4.27534694104443 0.985563494117462 3.89724916208335 2.64954248957478 0.304876106963231 0.245700940147809 0.0913330993098631 2.08820134003394 0.179981786240648 1.22967034532642 3.2064499363807 0.0247635978940091 0.666683149070919 0 0 0 0 0 0 0 0 0 0 0 0 0 0 0 0 0 0 0 0 0 0 0 0 0 0 0
2.67621238663048 0.80064387350487 1.51987625889764 0.383589183148982 2.19431254084294 0.576318237627575 0.215149841338517 3.63917967493165 1.3921790566868 4.65423363292506 3.62908899594541 0.285319472377367 5.10981617860856 0.735924409435196 0.964369621626119 6.86750009035678 0.319779109066893 1.18114378819964 0.487989561852716 1.64652691282638 0.772164564102718 0.743461796811078 6.85122596882542 0 0 0 0 0 0 0 0 0 0 0 0 0 0 0 0 0 0 0 0 0 0 0 0 0 0
1.05592731269518 0.0785429217072941 0.884876007335931 1.05787881433115 1.55070077174987 0.071551324518892 4.46111955754787 0.360291378208228 3.39843996437553 0.266506482202446 0.217600660052105 2.6449121339119 1.18434707793363 1.17382436592124 0.309825486777435 0.253167685839526 1.04171040343226 0.913399900388831 2.64132767095865 4.69983070193331 3.88368310393434 3.01284021281685 1.09201985968291 1.00285508206579 0 0 0 0 0 0 0 0 0 0 0 0 0 0 0 0 0 0 0 0 0 0 0 0 0
0.578963362545552 2.47079278943179 1.16525305213866 0.124483425497731 0.267448142007772 4.93665846517381 1.76657916686301 0.318926611506633 1.74311546100392 0.390002918322439 1.76183625324216 4.34181985773249 1.70667117934684 1.04085331467345 3.69565169273997 3.88745232081672 4.26711506855385 3.16894452576306 0.837729481354651 1.66231194688165 0.497342726354445 0.276542845723496 3.02833664158916 1.44873452708618 0.107665042996673 0 0 0 0 0 0 0 0 0 0 0 0 0 0 0 0 0 0 0 0 0 0 0 0
3.43466808860236 0.0921110840007318 1.42153832363539 2.57360601219297 0.385185549796823 1.1885200979203 1.35812168481538 3.43125838451939 2.09067027501591 7.16273581158497 2.130020325582 0.998257411569766 2.75716428391559 1.18440421959743 0.977603318687788 0.472919312975227 3.81715803526861 1.004080279266 9.75169093579519 1.70202608284846 3.07403824221751 0.125634013677845 0.00684398068927029 5.40251161646056 1.854880767205 0.631794781337903 0 0 0 0 0 0 0 0 0 0 0 0 0 0 0 0 0 0 0 0 0 0 0
1.55458765559636 2.16458522081611 2.04908289018722 0.307068716564149 5.93881141334486 0.209407001121028 1.12294415774344 0.938381269456387 2.8980429021175 1.73050957684653 1.6556490014854 4.2708020886223 1.52467914815837 1.4640397523153 4.16889629780799 0.89879216019983 2.58620765037216 1.9027132401455 0.519366672975139 0.154358924545578 1.57117975569861 0.154175138571318 0.667059671895087 4.48554765156675 5.13075118622124 0.481182084463592 2.90973755659071 0 0 0 0 0 0 0 0 0 0 0 0 0 0 0 0 0 0 0 0 0 0
5.64436034159432 1.71882224164108 7.91803647170596 3.37046396501401 2.88138034805179 0.937063843302419 0.325524242695454 1.23454910928127 0.279491449665036 1.37735877949079 8.5689480160161 1.15865312787696 6.02821556398714 0.494019300953642 3.41909344786661 5.20303584241701 3.94014267600207 0.439190781341488 3.02083104018353 2.4335559201858 0.850605474755791 2.60230418291376 0.0914597707573127 5.75387774029294 0.412812194492151 0.357217956121799 2.36520069645384 1.1332509608814 0 0 0 0 0 0 0 0 0 0 0 0 0 0 0 0 0 0 0 0 0
0.706969280686327 5.60898135857392 7.00585891802962 1.72902865180072 0.932832019192715 0.339053018823287 0.0771439155385639 3.36667103826932 0.689026551971203 2.72944407197804 0.291374246727837 1.40391413839976 1.21276599978816 2.05782514636845 0.0681116423271973 0.226178769563338 1.78615989234986 0.650098143479411 0.780735005146973 2.35360746792066 3.58577739359348 1.97193666066285 5.79214668624068 0.158511767331696 0.497107676232923 1.19901395223157 0.517552532938855 2.68615108302028 0.223643896560463 0 0 0 0 0 0 0 0 0 0 0 0 0 0 0 0 0 0 0 0
1.17577775255609 0.149432276563527 0.419149959026939 1.25473581365867 1.97296364644186 6.8721135102976 2.05161806995996 1.64794260787615 0.0118489413081048 1.17900965207494 4.44237804090062 0.284228430352137 0.627906755775537 2.88920240894972 0.352388452082178 2.46312092617414 0.364121084338446 0.00301631313419981 4.71643866855061 6.08394189627982 0.986413449858841 0.925089971756718 3.38300695555154 3.38129076232039 0.470064948005265 0.866603570940159 0.128034808816964 0.162949759818531 1.99346867769792 1.01018282246907 0 0 0 0 0 0 0 0 0 0 0 0 0 0 0 0 0 0 0
0.461866532502679 0.173843903812906 1.03000719711889 0.642794513998599 2.07604076300114 0.184270679057474 4.54549419269126 0.93948574289687 1.34114743267742 0.455056423662012 0.537834127036188 0.765138051782274 0.35350762928361 2.47836827431692 1.13435587830546 7.53243940474866 4.18373417521111 5.09455882066282 1.5863848615857 0.13049356871916 2.62968173181217 0.00575176026847008 1.53181780326396 3.01996740218917 0.785012374402893 8.40511650415247 2.38481398147891 1.38676258025448 0.383573516035935 1.48625922699127 0.152631874190163 0 0 0 0 0 0 0 0 0 0 0 0 0 0 0 0 0 0
1.08363964246556 0.775458984987897 3.03698120724119 0.096957416083968 3.57596017024041 2.76450531315077 0.0915897795104497 0.341812631393382 0.0328832862297333 3.56445681814537 0.469144687009516 4.93059647723205 1.59064376761434 1.14064145108931 4.09716330526122 0.0599230220707868 3.08035220915137 1.24885929991862 0.635262923384368 1.14354038324076 0.0948424628540653 0.62416065858887 1.05664223619369 0.557704245703381 0.896272973309154 0.250173212573651 5.35678118932691 1.38273537780663 1.68442549555428 3.27749081007429 0.067938009109697 2.30533418697087 0 0 0 0 0 0 0 0 0 0 0 0 0 0 0 0 0
1.28630406549705 5.40607528177271 2.24920639638606 0.979377616138643 3.05943605030557 2.11389430964634 1.88344679097729 0.370573816528178 3.5204788159602 0.442586767632909 0.298049159735981 5.50052977384493 2.99092194300861 0.832985909670936 1.39644496324332 1.25148602424799 0.165712215987234 4.37347163839073 0.760006923331066 0.26720070867072 0.514844857418372 7.31713505083879 0.973586028624246 0.484238526883395 3.62707851469797 0.347621498729857 0.395722227603033 0.105593251520505 1.02808839710561 0.114616337807707 0.431850256161374 3.87704957201847 1.17389696309959 0 0 0 0 0 0 0 0 0 0 0 0 0 0 0 0
3.17884477052888 0.936226183055199 1.55933876456536 1.6133823865494 2.32676909193764 1.27778800119154 5.73470951396874 0.464690544119604 0.164598959072468 2.50606141872206 0.613457785694008 8.08439743774359 2.26547535380767 4.77734464572056 1.55051523427257 0.610769064461709 4.37070402915341 1.31329966630869 1.90810284174592 1.16585393869459 2.2013536999153 1.69739920495436 1.27905212704189 7.42976998868246 3.90390831046048 1.53278715481611 3.89064384794117 0.427936071048836 1.36898535780107 0.447877747598988 1.44860069156309 1.35536903274731 0 0 0 0 0 0 0 0 0 0 0 0 0 0 0 0 0
0.922773435419795 0.719932307177309 4.77346113778757 3.18868838456994 0.356981430480118 11.8903200108661 2.82312575314167 0.154444391923171 1.32634264735066 3.70069784229457 2.92620036596432 0.284915263968129 1.28312280757686 1.0527155695962 0.0143073687555825 2.38697794747501 1.89907736303616 0.113860283332462 0.169730676479537 4.06532015320374 3.28950883839072 3.8164497381007 0.848073984001752 5.33289055694271 1.87327739769731 6.53020405591894 2.29434507701198 2.35160421874767 0.413642733333843 1.0896523259853 0 0 0 0 0 0 0 0 0 0 0 0 0 0 0 0 0 0 0
1.79418317099692 4.40817641453891 1.97832452381549 0.872709619192869 0.221813989916537 0.146395126010345 0.257944457818297 2.13071152515254 1.03991017289228 1.45879364922448 0.00189415549168322 0.210607347716147 3.64651302150428 0.833613990578075 3.04801360012549 0.625291225267179 0.456423287564834 0.118596841483662 1.57887710270304 0.196062073846311 0.216611868570621 1.19567361199682 4.63100287840721 0.295917696561928 0.941815506090656 0.528165115565325 6.29934236569262 0.900953072316674 0 0 0 0 0 0 0 0 0 0 0 0 0 0 0 0 0 0 0 0 0
4.25523708658613 2.48905923458754 1.15609620901441 3.87351296491314 0.935056242441702 4.36569337004905 1.22637116877549 1.99088045816278 0.701544340233133 2.52675022741819 2.2621559763478 2.55251103462452 0.843807064141461 0.716924473489622 1.44823733754379 0.0569331489562384 2.16312241478826 0.68892110407804 0.26341597848732 3.19427614580082 1.50703791898204 1.18419114328337 1.15093500680734 1.48935485202737 4.0195885358392 2.39717294906396 0 0 0 0 0 0 0 0 0 0 0 0 0 0 0 0 0 0 0 0 0 0 0
0.287467816885128 0.495035592229339 1.62891120580533 1.34657386958504 0.432655074686613 1.16044568329282 0.462109151989764 0.140177021970384 2.22134854871958 0.360868934243667 2.67335557738423 2.89258300779454 0.515858015815272 0.0260984781745679 1.18338764781381 0.104833140076393 3.35519155735936 3.93680855383795 2.59309041215941 0.305040862613841 0.741798726760938 0.690405057855556 2.94452858786479 0.13845478944488 0 0 0 0 0 0 0 0 0 0 0 0 0 0 0 0 0 0 0 0 0 0 0 0 0
1.80116805662872 0.235402828379377 7.22312800901809 0.536187665580735 2.06903154866215 0.485007806988044 0.402588061588445 8.44966371515695 0.910119180433272 1.69348124123511 3.2332200139476 3.48821853840169 1.43501008612595 0.0606078367532904 0.736896217805482 0.380893067102572 2.86849030652571 1.4082902653703 1.4575011188189 2.7727289060253 2.43722795817201 7.90607148788979 0 0 0 0 0 0 0 0 0 0 0 0 0 0 0 0 0 0 0 0 0 0 0 0 0 0 0
1.74602291945126 7.08223464985584 1.29599416695845 0.137679505362588 1.95761082295621 1.0891138394809 0.531592462560507 1.01589665143225 1.9781394180286 0.790912135629911 2.48243717451167 1.0673225659917 0.742499754288983 1.77192972176013 0.0370740042150785 1.62149176979907 3.02454356750181 0.150953912443052 4.17827187630624 7.62192057337769 0 0 0 0 0 0 0 0 0 0 0 0 0 0 0 0 0 0 0 0 0 0 0 0 0 0 0 0 0
2.31972862884496 2.27581717068277 0.652755812654518 2.58082256457527 0.861692585997674 5.84544888961304 1.23143561665904 3.73281932456604 0.571230763641749 0.480755235141624 2.83744016666072 2.11585288523383 1.71725371666015 1.07900475784276 0.516019966783725 2.78520876610225 1.07444786756657 0.976980877638018 0 0 0 0 0 0 0 0 0 0 0 0 0 0 0 0 0 0 0 0 0 0 0 0 0 0 0 0 0 0 0
5.08735462228924 1.13016943705877 1.42318113387064 1.78704955055745 3.83829365626718 1.61994481408579 0.697258239477149 0.67792621756941 1.31106480809894 1.25765512191613 0.0353794084264888 4.09433739636114 1.82620822934502 0.0888428223229865 1.35275054509413 0.437144918892767 0 0 0 0 0 0 0 0 0 0 0 0 0 0 0 0 0 0 0 0 0 0 0 0 0 0 0 0 0 0 0 0 0
0.325971390175079 1.16767894703075 0.618363307139327 1.97236557432184 3.51108810400364 0.79447167401558 0.962688927020487 0.556578545974579 0.498710867735527 1.98934981843701 1.75654257756656 3.47454093621115 3.00338310051389 8.61769617294758 0 0 0 0 0 0 0 0 0 0 0 0 0 0 0 0 0 0 0 0 0 0 0 0 0 0 0 0 0 0 0 0 0 0 0
5.62746661059766 0.535318165281626 0.0616265429230956 1.15793282888351 4.7106416490964 1.05738789869382 6.60644573125591 2.77720528281048 1.90371773000032 1.04051108668999 1.06597351845628 0.0688053917904296 0 0 0 0 0 0 0 0 0 0 0 0 0 0 0 0 0 0 0 0 0 0 0 0 0 0 0 0 0 0 0 0 0 0 0 0 0
0.0691434446750529 0.976819788130962 0.0631966434729712 1.6127235027726 4.3388921006721 1.4272457832486 1.54319529002612 5.16999188036381 0.684846199095993 2.99915380456755 0 0 0 0 0 0 0 0 0 0 0 0 0 0 0 0 0 0 0 0 0 0 0 0 0 0 0 0 0 0 0 0 0 0 0 0 0 0 0
0.323262704835654 1.30678522925567 0.651716595908748 5.13218513914957 0.642295851612996 1.87587151037946 0.629967869105857 6.03106573017594 0 0 0 0 0 0 0 0 0 0 0 0 0 0 0 0 0 0 0 0 0 0 0 0 0 0 0 0 0 0 0 0 0 0 0 0 0 0 0 0 0
4.53035744204337 3.66045811317296 5.50756842467818 0.617532811900616 4.73707579883124 1.0525042225871 0 0 0 0 0 0 0 0 0 0 0 0 0 0 0 0 0 0 0 0 0 0 0 0 0 0 0 0 0 0 0 0 0 0 0 0 0 0 0 0 0 0 0
2.03647135515049 0.0427034627333241 1.36065066009545 1.03039708954858 0 0 0 0 0 0 0 0 0 0 0 0 0 0 0 0 0 0 0 0 0 0 0 0 0 0 0 0 0 0 0 0 0 0 0 0 0 0 0 0 0 0 0 0 0
0.220761962733287 1.87130872181204 0 0 0 0 0 0 0 0 0 0 0 0 0 0 0 0 0 0 0 0 0 0 0 0 0 0 0 0 0 0 0 0 0 0 0 0 0 0 0 0 0 0 0 0 0 0 0
