16.7003167241075 0 0 0 0 0 0 0 0 0 0 0 0 0 0 0 0 0 0 0 0 0 0 0 0 0 0 0 0 0 0 0 0 0 0 0 0 0 0 0 0 0 0 0 0 0 0 0 0
12.9339186550074 5.34953685592222 0 0 0 0 0 0 0 0 0 0 0 0 0 0 0 0 0 0 0 0 0 0 0 0 0 0 0 0 0 0 0 0 0 0 0 0 0 0 0 0 0 0 0 0 0 0 0
2.61484726554355 2.53242288342625 1.80737814685926 0 0 0 0 0 0 0 0 0 0 0 0 0 0 0 0 0 0 0 0 0 0 0 0 0 0 0 0 0 0 0 0 0 0 0 0 0 0 0 0 0 0 0 0 0 0
0.0299971886458928 1.334509087497 2.86881386410078 2.78037521775986 0 0 0 0 0 0 0 0 0 0 0 0 0 0 0 0 0 0 0 0 0 0 0 0 0 0 0 0 0 0 0 0 0 0 0 0 0 0 0 0 0 0 0 0 0
4.0235972056864 1.85213797568675 2.64756303851369 2.99399795263405 2.68938018287253 0 0 0 0 0 0 0 0 0 0 0 0 0 0 0 0 0 0 0 0 0 0 0 0 0 0 0 0 0 0 0 0 0 0 0 0 0 0 0 0 0 0 0 0
0.0202971309292325 0.0797012720317238 2.09800636134136 0.324837106246997 2.38021403198988 1.38112309513208 0 0 0 0 0 0 0 0 0 0 0 0 0 0 0 0 0 0 0 0 0 0 0 0 0 0 0 0 0 0 0 0 0 0 0 0 0 0 0 0 0 0 0
0.041552452836836 5.8071587293597 0.445973584946657 1.96869575643584 3.16899965075508 2.56625998723398 3.38986502785436 0 0 0 0 0 0 0 0 0 0 0 0 0 0 0 0 0 0 0 0 0 0 0 0 0 0 0 0 0 0 0 0 0 0 0 0 0 0 0 0 0 0
0.522351175755253 3.30834303610538 0.877290468258141 3.11091347359842 0.224992086667498 0.851500985831758 0.68626785337474 0.593324462947285 0 0 0 0 0 0 0 0 0 0 0 0 0 0 0 0 0 0 0 0 0 0 0 0 0 0 0 0 0 0 0 0 0 0 0 0 0 0 0 0 0
2.61479710868965 3.83321800134379 0.586350229730564 0.380201047461878 4.4073369748272 7.61938906257892 1.52842987612165 0.223133358782524 1.28835293469649 0 0 0 0 0 0 0 0 0 0 0 0 0 0 0 0 0 0 0 0 0 0 0 0 0 0 0 0 0 0 0 0 0 0 0 0 0 0 0 0
4.63374094444457 11.8171535422665 2.79927083128446 0.249201944806863 3.39006644284183 0.465705008656501 5.0997378346061 4.65953527159747 1.91876956976112 2.12106056331415 0 0 0 0 0 0 0 0 0 0 0 0 0 0 0 0 0 0 0 0 0 0 0 0 0 0 0 0 0 0 0 0 0 0 0 0 0 0 0
6.86836379645697 6.75494961734969 1.72884189390615 3.87349482147765 2.79489481189192 0.402552182279888 2.46757283930985 5.77367600338959 2.85320057842685 1.53302662423173 4.069797576894 0 0 0 0 0 0 0 0 0 0 0 0 0 0 0 0 0 0 0 0 0 0 0 0 0 0 0 0 0 0 0 0 0 0 0 0 0 0
2.64319926143039 2.66840233312113 0.958160974825163 0.106470345006489 0.193421922098457 0.435553242479323 1.28667876982014 0.973264194168372 0.915484092084521 3.50495399350738 3.76053737313489 1.13571658494275 0 0 0 0 0 0 0 0 0 0 0 0 0 0 0 0 0 0 0 0 0 0 0 0 0 0 0 0 0 0 0 0 0 0 0 0 0
1.49039458078781 4.60737059645284 0.0882939757803295 0.289491268245263 2.01997649314272 1.63601790426251 3.61148631919411 0.15186002135734 0.871533708545299 0.857824739155545 1.55337637196114 2.45446542740563 5.88183036052724 0 0 0 0 0 0 0 0 0 0 0 0 0 0 0 0 0 0 0 0 0 0 0 0 0 0 0 0 0 0 0 0 0 0 0 0
11.2537389553281 2.3685002792733 2.06031027736124 1.83467709043306 0.177965196080191 0.468670416363844 1.28519759558509 5.26455259176798 3.08495756761903 2.04753558947841 3.42962897700866 0.124366876380709 0.662846184347647 5.24407225564651 0 0 0 0 0 0 0 0 0 0 0 0 0 0 0 0 0 0 0 0 0 0 0 0 0 0 0 0 0 0 0 0 0 0 0
1.3531487084345 2.00680740893818 1.35808686271383 0.311837196093886 0.905841067067923 7.79183845510657 1.23402292276644 2.4769968913749 0.205001776407646 0.7192836475723 4.88223088792666 0.543415152285292 1.43412264012663 0.156676670854189 3.8706118454414 0 0 0 0 0 0 0 0 0 0 0 0 0 0 0 0 0 0 0 0 0 0 0 0 0 0 0 0 0 0 0 0 0 0
0.491281486244925 1.67038928557357 1.561844855433 4.77182330036837 0.597049068537952 2.30216115342773 0.912126297392869 2.42703230849261 4.72945669940043 0.134522000297234 0.453003198756037 0.0321835235534785 1.84969153667142 2.62013687179294 0.725905135703778 2.42242850649041 0 0 0 0 0 0 0 0 0 0 0 0 0 0 0 0 0 0 0 0 0 0 0 0 0 0 0 0 0 0 0 0 0
0.768912567254822 1.59097627174963 3.0929921936531 0.177729698639013 1.46707535518013 1.37053361880397 1.94128763328614 5.28571673274964 1.27725925514231 0.838842396358601 0.187553508537144 1.07074337959733 0.380933969847329 0.564508240603784 0.568023086387647 2.25631652403842 0.279075450906284 0 0 0 0 0 0 0 0 0 0 0 0 0 0 0 0 0 0 0 0 0 0 0 0 0 0 0 0 0 0 0 0
0.229039753219429 0.634462668702615 0.405914312504554 1.47167441666921 0.953590879047789 3.55368576282253 0.463767683029689 3.48689414067533 2.537563276056 5.76868216266599 0.533365204097928 7.4277290674297 2.34243424835235 4.84926532605505 0.267504750234865 1.81405991665513 1.68241818940885 0.0872134059939017 0 0 0 0 0 0 0 0 0 0 0 0 0 0 0 0 0 0 0 0 0 0 0 0 0 0 0 0 0 0 0
0.49910038172928 0.625870918603768 3.58527294417624 5.15641097306995 3.08173145071752 2.43043008854541 0.841264035139187 0.115215573054855 2.0174465684861 4.19101277726253 0.350316779401956 0.204548161814429 0.966328977546071 0.0857097969435403 4.56307068698776 6.40700022625895 0.993555295594726 0.367437570575327 3.39135252942793 0 0 0 0 0 0 0 0 0 0 0 0 0 0 0 0 0 0 0 0 0 0 0 0 0 0 0 0 0 0
1.40509388863531 0.748913058911939 1.17578139840517 2.41694439141144 2.02767418370447 1.5468451527428 2.24162015201146 0.841465679590549 5.39380043580209 1.422994244443 0.928922584578287 1.44990201875032 0.619515926281348 1.87209983431625 0.241897815753933 0.192808915380014 0.373573878059914 1.2182782337619 2.81030612869698 0.0834547524433632 0 0 0 0 0 0 0 0 0 0 0 0 0 0 0 0 0 0 0 0 0 0 0 0 0 0 0 0 0
2.15117675557677 1.46488062852363 3.39180339143968 3.10980003425649 1.88808762120663 1.50709209101065 3.95694522384538 3.32570501243968 3.53922372031573 0.465645885514916 2.51111798137436 3.01242257991239 1.8043336890853 1.62067359010529 1.47135959823963 1.66219648677421 0.383065163981471 1.1139363998821 3.30559019387127 5.21449163307421 3.46019786050755 0 0 0 0 0 0 0 0 0 0 0 0 0 0 0 0 0 0 0 0 0 0 0 0 0 0 0 0
4.88428347946308 3.0109517399553 0.959294248139291 1.10255452538892 6.14190676623878 0.898954288255517 0.00973953554207234 1.75131085975839 3.97214566075651 9.38031386834154 2.21248644944175 5.83223955832258 0.118410591273536 0.685995755180367 0.768515498518622 1.4733557588537 2.7840725449534 3.09099825309411 0.349805959134477 0.384054983362878 1.6474669170427 0.0312729899686933 0 0 0 0 0 0 0 0 0 0 0 0 0 0 0 0 0 0 0 0 0 0 0 0 0 0 0
2.0494092112888 0.387022236269588 5.33695303311905 3.14502662632435 4.43448563215521 1.21224913891753 0.245689803900384 5.03981051026331 0.00942234643275999 6.11632873363248 0.160709905305769 0.159164928587201 2.78934268016413 5.06720146080834 0.0416551272132457 0.411928555419472 2.55684381823995 0.999264075920558 4.00141711314282 0.465460511551737 0.0961959733554564 4.23473574607811 2.66440708971228 0 0 0 0 0 0 0 0 0 0 0 0 0 0 0 0 0 0 0 0 0 0 0 0 0 0
0.219292775297801 1.28386075650089 1.26356210884241 0.336241602896717 0.435429451917064 1.00494889228691 6.06655887224012 4.54102940558522 1.31197318945933 0.6069955836265 7.67660642788019 0.167668733198091 2.78691034848739 0.657618594913681 3.07056140931322 3.89957843915287 7.01370649581962 0.49394612783167 4.49985992244213 0.394774271484383 1.72972568371889 2.77379301357112 1.2527412010626 3.47661954187199 0 0 0 0 0 0 0 0 0 0 0 0 0 0 0 0 0 0 0 0 0 0 0 0 0
3.70749910268206 0.646124881094642 0.627770512728947 2.31534547059501 5.37499431712742 0.00332653527502907 0.0996813673615471 2.3280814134445 0.742218897091622 1.22871991403022 0.0969393732167552 4.09498670008795 0.547901210261411 1.07066901202418 1.41490695060587 0.533720728852974 0.193282892972775 2.59335194056351 1.46923960681248 0.136270112241697 0.776755062998579 0.866496708892915 2.1354536668127 2.41900067236713 0.326002332252836 0 0 0 0 0 0 0 0 0 0 0 0 0 0 0 0 0 0 0 0 0 0 0 0
2.51467682448448 1.06765081162749 1.21790594246988 0.292771312915403 2.4381812005073 3.37109031290586 1.71077037434275 1.20961623086998 0.791913808633741 0.674384914601263 1.00216996575557 0.200127625844824 2.04791733080538 1.38855184729662 1.71230073115733 3.97246589560495 0.290548525074227 6.39693689088382 1.09193329080139 0.623790969119247 1.29129482296315 0.00712987367465438 0.965463729133086 2.02361129885761 2.52891536815455 0.590354879465615 0 0 0 0 0 0 0 0 0 0 0 0 0 0 0 0 0 0 0 0 0 0 0
6.94925054752342 1.9962696023066 1.4521490216466 0.446378833811971 1.29876544588673 0.635668368440278 1.03160451471623 2.67332252349867 1.86647633185519 4.69601199506518 3.82711245546506 9.99184460497072 1.55937085143046 1.91025123014738 0.117533433123464 0.691376609054819 0.71739335099757 3.52487254861769 0.638207422412058 0.779882823845284 3.27632310509309 0.166091522423349 1.20428695987818 0.653835590902129 1.1161582093702 2.88697356313222 1.44817617693035 0 0 0 0 0 0 0 0 0 0 0 0 0 0 0 0 0 0 0 0 0 0
0.162310534082175 0.267547486945578 1.8842129706922 4.02110584694314 0.734285033039215 0.50096720841283 1.84467357082983 0.599865532294588 5.91107417843524 3.77904876424882 0.188689273961481 1.43637563145473 0.648947971610843 1.80024510058034 1.02753714486027 1.78329033976311 1.69614145612709 0.0368478246932507 1.86208645558419 0.932134854338225 1.3298617348889 0.427016098692595 0.474100601905179 4.96909104802386 1.17554201871734 0.5308934510699 0.958356307576463 7.64688923667385 0 0 0 0 0 0 0 0 0 0 0 0 0 0 0 0 0 0 0 0 0
0.279434630132542 0.511783813119765 0.743328972550549 1.61213346934905 4.53726302747251 0.902170963461694 2.96590287457799 0.944448073948285 2.44515351473931 5.25382440799027 1.30159515147792 2.03781424194667 0.468676280431833 8.29632648653479 5.62740514041195 0.396149096686747 1.37415208963502 0.478747313526251 2.53806150490031 5.60879237324391 1.28702331168976 0.869194195397827 2.03641600027859 2.07892355803399 0.523571787866088 2.98127609128314 0.940143334214634 2.87409042144418 1.57661794214925 0 0 0 0 0 0 0 0 0 0 0 0 0 0 0 0 0 0 0 0
0.947033213485729 3.41538207321964 1.39946809241747 2.41845078510521 1.93832729242087 1.81899947260119 1.99787617084629 0.180913006788055 9.56778858179975 0.0999430329269194 1.42470240111057 4.75126223433563 2.29352891532504 0.583639955421303 1.35218740781414 5.39228172691017 0.164584015068861 1.27727436204322 0.513154921251225 0.142884583097535 0.109308388553848 2.66491683746096 1.79726232862069 2.60469154942903 3.47701415066461 5.53451607173383 1.22317487384854 0.672806543914533 2.34528035770715 2.41751523168229 0 0 0 0 0 0 0 0 0 0 0 0 0 0 0 0 0 0 0
1.73947250580739 3.97837881987629 0.385891700168374 9.45385175113591 2.00048729307918 1.8263012351704 3.93633472469812 8.97526122961904 2.72771385535529 2.63119661715552 3.2708257611216 2.886968820388 4.37395025843158 5.74612754412855 0.602467139203659 0.381922038173369 1.06140658968802 0.0346413297380882 1.00346327910102 1.00050397080408 0.273112131860282 2.19235630122202 4.11648331583656 0.225472945602097 6.08637620164368 1.99637783043238 2.76974149522657 3.12188476933741 0.607823931842796 9.27546290837937 0.792096452469458 0 0 0 0 0 0 0 0 0 0 0 0 0 0 0 0 0 0
0.879064273253203 13.053444221538 1.11547077661235 0.634907123234347 0.602287334920618 0.594093881957221 0.255072607447428 2.88561882875114 1.02210870223659 5.58183492285955 2.24519219372033 3.08453473976373 5.34053154363625 0.508948999150404 0.0469355123632736 1.359983080173 1.48551191799111 1.02276247049095 5.09722782004118 0.36551941766697 0.720956241930121 0.149059258547915 1.97286955634917 5.073796981848 2.9473608974949 0.129311642542793 2.14214896371381 0.208426097112955 2.10713651805607 2.45852107923441 4.38871488302679 0.58419626493162 0 0 0 0 0 0 0 0 0 0 0 0 0 0 0 0 0
0.670597450323553 0.799024638458718 3.19451300247989 5.94785517054041 1.87925605579604 6.79220075730979 2.31390267184243 2.24218637041939 1.75945798990063 1.5326661981511 0.451354510182117 3.63207179615304 0.547613418400659 1.51157909176097 0.812443078664432 1.04990981250959 0.897942591229399 1.24046887676474 3.33424316782228 3.26750752664611 6.76688326605076 5.776928161203 0.452080041384253 6.02626506250973 2.58089313859346 1.42448466132886 4.72771708976412 2.21520505038903 2.22047606604736 0.506585697141018 1.64643556820625 1.13079780598754 0.608024312072422 0 0 0 0 0 0 0 0 0 0 0 0 0 0 0 0
1.54335278583965 0.110673090349488 0.685295945461262 0.24064900651002 2.60881498382935 0.209737698757529 4.0862801265517 2.8106247289705 0.376276821560545 5.01874221238478 3.96977049781999 0.688590631566609 4.87675539572922 0.499834513421215 1.46676450985998 0.642003341328117 1.85139175519421 1.84216548541111 3.47678544713644 2.94975945926196 0.358760478817854 2.59822471350265 1.54982430454616 0.343490947737951 2.88505401126553 1.38650041724454 0.167578169137224 0.398804904601666 0.196137742961023 0.0756457780906142 1.48618995245186 0.340280528602656 0 0 0 0 0 0 0 0 0 0 0 0 0 0 0 0 0
0.61653223208912 0.0033846183515385 2.53495907065151 3.78760898206549 3.45567509269577 0.761758416419975 0.40932457323149 3.03803034989729 2.28340519752241 0.505822573443304 1.94070803543246 0.378016603534308 0.189471747551924 6.77048223442868 10.646946959041 4.12801777229549 1.51193715893183 2.18384953206013 0.632138884179375 1.42959083450481 4.36816777039123 0.0546053167582679 3.92676572001895 7.29430410764248 0.0774041727883324 8.72341228517704 0.163360443764958 4.0819032733764 0.333401798091387 3.50976969702619 0 0 0 0 0 0 0 0 0 0 0 0 0 0 0 0 0 0 0
1.92534352433103 0.0706214310758195 3.39857295321626 0.506561295404711 1.95181560451319 2.00003663139668 0.296905407041979 0.202001707875613 0.39192392725535 1.86758116898498 0.666066883194941 1.90925324565849 2.44812873655265 2.98811552655397 5.73152790818626 4.42086902991433 1.03715268287112 0.350922045799078 0.27456644729693 0.369680685778442 1.51816012343557 0.0309877292259789 3.7228051013133 1.66013291272209 0.686945885766068 0.22444959236764 0.20115873931756 2.39502312473394 0 0 0 0 0 0 0 0 0 0 0 0 0 0 0 0 0 0 0 0 0
2.51624004721827 5.51580878688467 1.10073641680608 2.2420445646149 3.99861287500406 1.40720370564085 1.40792669616768 15.6216312646565 0.0547373995910971 1.2768479912611 4.2186666218929 0.0468475777337986 2.6605720632715 3.07263869352394 1.14769902949247 1.04641733368072 1.1990840409005 5.4142244749369 0.375329000213955 0.279059810992312 0.161501643942108 1.47569487055837 1.02150426131153 2.39945604975174 1.95649407421018 3.27336429461086 0 0 0 0 0 0 0 0 0 0 0 0 0 0 0 0 0 0 0 0 0 0 0
2.48626990943466 1.00621039554806 2.76437960043009 0.567806609662004 0.88310358651613 1.16497062124645 0.61049329204946 0.545504512634987 0.343129945563043 0.010785187919909 0.185671318051985 0.583688808542322 3.28094285435248 0.832330154639568 5.3795968824452 2.38094785865546 0.919512568045611 3.92691210580678 3.95760448307973 6.1981212072099 0.823304826430507 0.498493194588123 1.35020869957413 0.0827963872401459 0 0 0 0 0 0 0 0 0 0 0 0 0 0 0 0 0 0 0 0 0 0 0 0 0
1.21473620083286 0.0781339508094517 9.75735847100165 4.44958140964465 0.19404298304405 1.24248750054475 13.1738296256537 0.0147717619666668 5.43584376413145 1.12364761698461 0.592158741661368 0.256421905602156 2.76433860509019 0.352104746614975 1.16130764190451 6.17481894884899 1.260937555055 0.303938243795523 1.25583518435824 7.01388799242838 0.868638421274178 12.1300358467984 0 0 0 0 0 0 0 0 0 0 0 0 0 0 0 0 0 0 0 0 0 0 0 0 0 0 0
0.563328373873538 0.724021984117789 0.232999454081438 1.58600770600984 4.01358598577936 2.9542127832281 1.18459620220341 0.662668635337531 0.667632105088531 1.3281498465399 0.394471544356938 0.528999382780582 0.488329001313164 1.80561538102924 1.68770149274308 2.836929164414 1.84320144915182 0.999703202077142 5.12987539045737 0.338942379604769 0 0 0 0 0 0 0 0 0 0 0 0 0 0 0 0 0 0 0 0 0 0 0 0 0 0 0 0 0
0.776672447736721 1.44485070864139 4.00673782652353 1.37652690613777 1.49575748613226 0.24212651070829 0.0579704654056054 0.0121596115499228 0.409424474796062 0.499365395173021 0.869563399087175 0.54475201922854 1.19372636046973 0.91816243067816 0.416760143942647 3.70545344315452 1.45349907052124 7.25463569807156 0 0 0 0 0 0 0 0 0 0 0 0 0 0 0 0 0 0 0 0 0 0 0 0 0 0 0 0 0 0 0
1.70971886632091 3.02406878320154 5.65164644883597 0.0226080701672831 0.121084286803941 3.18328864428608 2.38400918087493 0.0032521672864482 1.42030368344403 5.0956984595092 2.84967986069882 0.613126172057438 4.02160244423056 2.20180876941917 0.308067895687085 0.507311371323429 0 0 0 0 0 0 0 0 0 0 0 0 0 0 0 0 0 0 0 0 0 0 0 0 0 0 0 0 0 0 0 0 0
0.0811501933253261 1.29407736188828 0.160164056603482 1.82984533847914 2.12054429872542 2.44125344398093 1.23765496222602 2.49406259574141 5.51265636169224 0.191915326568095 1.97953794580349 4.17937583166184 2.37747516745132 2.2798554362094 0 0 0 0 0 0 0 0 0 0 0 0 0 0 0 0 0 0 0 0 0 0 0 0 0 0 0 0 0 0 0 0 0 0 0
0.830866104720012 0.364162755834457 0.830845984190786 0.530913048235923 6.12747698410044 7.72736199738763 0.68920153924876 7.15595812672832 0.0138743316960854 1.87623268649967 0.681596162162971 0.0848710864057449 0 0 0 0 0 0 0 0 0 0 0 0 0 0 0 0 0 0 0 0 0 0 0 0 0 0 0 0 0 0 0 0 0 0 0 0 0
2.53618335032859 0.076644656825914 0.170773401337708 1.89464202526413 0.462367862054649 0.641653736518159 0.095708363930222 1.71803937279759 0.925973417938753 9.78910144420236 0 0 0 0 0 0 0 0 0 0 0 0 0 0 0 0 0 0 0 0 0 0 0 0 0 0 0 0 0 0 0 0 0 0 0 0 0 0 0
2.73610171509802 1.22502373627756 0.861568823295137 4.65582256967753 6.10720980714386 0.215083874395111 1.08477871571799 2.73583218930326 0 0 0 0 0 0 0 0 0 0 0 0 0 0 0 0 0 0 0 0 0 0 0 0 0 0 0 0 0 0 0 0 0 0 0 0 0 0 0 0 0
3.24289840907645 3.86276743400508 1.13869759827693 2.83911339857377 0.307093076705464 0.973414205210661 0 0 0 0 0 0 0 0 0 0 0 0 0 0 0 0 0 0 0 0 0 0 0 0 0 0 0 0 0 0 0 0 0 0 0 0 0 0 0 0 0 0 0
0.697323358980574 0.635313931908351 1.27804648191714 1.39271775452697 0 0 0 0 0 0 0 0 0 0 0 0 0 0 0 0 0 0 0 0 0 0 0 0 0 0 0 0 0 0 0 0 0 0 0 0 0 0 0 0 0 0 0 0 0
0.235812601013426 1.80750786041471 0 0 0 0 0 0 0 0 0 0 0 0 0 0 0 0 0 0 0 0 0 0 0 0 0 0 0 0 0 0 0 0 0 0 0 0 0 0 0 0 0 0 0 0 0 0 0
