0.686364551894792 0 0 0 0 0 0 0 0 0 0 0 0 0 0 0 0 0 0 0 0 0 0 0 0 0 0 0 0 0 0 0 0 0 0 0 0 0 0 0 0 0 0 0 0 0 0 0 0
2.22048719188785 4.04994293963757 0 0 0 0 0 0 0 0 0 0 0 0 0 0 0 0 0 0 0 0 0 0 0 0 0 0 0 0 0 0 0 0 0 0 0 0 0 0 0 0 0 0 0 0 0 0 0
0.17229259513371 4.52272673858749 5.91477019904057 0 0 0 0 0 0 0 0 0 0 0 0 0 0 0 0 0 0 0 0 0 0 0 0 0 0 0 0 0 0 0 0 0 0 0 0 0 0 0 0 0 0 0 0 0 0
6.11570134072243 1.99684085479763 3.30997599015606 7.13609805285947 0 0 0 0 0 0 0 0 0 0 0 0 0 0 0 0 0 0 0 0 0 0 0 0 0 0 0 0 0 0 0 0 0 0 0 0 0 0 0 0 0 0 0 0 0
6.2984203483411 2.82394734966714 9.30793434556642 5.45068964968248 4.22896871787059 0 0 0 0 0 0 0 0 0 0 0 0 0 0 0 0 0 0 0 0 0 0 0 0 0 0 0 0 0 0 0 0 0 0 0 0 0 0 0 0 0 0 0 0
7.48242048050037 2.49896963738299 2.54626646639421 5.37745535012696 5.93026099092557 4.7694059591096 0 0 0 0 0 0 0 0 0 0 0 0 0 0 0 0 0 0 0 0 0 0 0 0 0 0 0 0 0 0 0 0 0 0 0 0 0 0 0 0 0 0 0
6.78424770809594 0.832300176462779 5.63381370153974 0.514887050807949 20.6983168356166 0.652114304928087 6.38928707422091 0 0 0 0 0 0 0 0 0 0 0 0 0 0 0 0 0 0 0 0 0 0 0 0 0 0 0 0 0 0 0 0 0 0 0 0 0 0 0 0 0 0
4.53242772390975 0.0493297714363037 2.34830584745388 11.9151983394812 5.59537464364982 4.59454260527837 7.74175731486512 10.6214278643681 0 0 0 0 0 0 0 0 0 0 0 0 0 0 0 0 0 0 0 0 0 0 0 0 0 0 0 0 0 0 0 0 0 0 0 0 0 0 0 0 0
5.53789966507209 8.82467794045134 7.94081694919478 5.15533024186037 4.88228179474924 2.3155989374643 13.684982434676 6.17118694456675 3.66769948695919 0 0 0 0 0 0 0 0 0 0 0 0 0 0 0 0 0 0 0 0 0 0 0 0 0 0 0 0 0 0 0 0 0 0 0 0 0 0 0 0
2.18893585166649 1.50103831328913 0.635648395208434 5.12088026840859 1.82352856990295 3.13465030125942 4.3631997269545 0.911567327075047 3.06828083697526 4.0475078272187 0 0 0 0 0 0 0 0 0 0 0 0 0 0 0 0 0 0 0 0 0 0 0 0 0 0 0 0 0 0 0 0 0 0 0 0 0 0 0
3.08176184975173 0.354744134010375 2.88133371812948 3.76108318762363 11.6872816918012 7.19168461070216 6.89581225801111 0.365811228991797 3.78062423082147 4.32602852685151 7.01876831524635 0 0 0 0 0 0 0 0 0 0 0 0 0 0 0 0 0 0 0 0 0 0 0 0 0 0 0 0 0 0 0 0 0 0 0 0 0 0
0.495640469312476 0.307614241516463 2.82327229686173 0.179710361888983 4.17785549902122 4.57593954308398 0.778938446342368 2.99358931100394 2.74447659772717 3.29336559144107 1.97534343719566 2.65816651976998 0 0 0 0 0 0 0 0 0 0 0 0 0 0 0 0 0 0 0 0 0 0 0 0 0 0 0 0 0 0 0 0 0 0 0 0 0
0.0693242470826486 2.27938974872739 1.65310026745923 1.34487566447775 11.7141404953082 0.610413717060853 3.38806635070729 3.20652901824463 7.03519055668508 1.13361197750707 4.04240168197425 4.8783033736452 4.32560866947464 0 0 0 0 0 0 0 0 0 0 0 0 0 0 0 0 0 0 0 0 0 0 0 0 0 0 0 0 0 0 0 0 0 0 0 0
2.03783511144546 3.14210317371785 0.828366793638057 13.3046661010864 2.43024347723928 2.22121910703428 7.01947754561455 1.45633268119578 2.29381363289553 5.11775743167093 2.30515410739919 15.2708563553256 5.61089337945844 0.322698788968262 0 0 0 0 0 0 0 0 0 0 0 0 0 0 0 0 0 0 0 0 0 0 0 0 0 0 0 0 0 0 0 0 0 0 0
3.16604898534382 2.72302869438367 0.58733800987641 0.573349759548319 0.200657083159309 0.249917762516286 0.43851314965724 6.87474172826084 0.530214826217043 0.713264792916431 7.92418922589337 1.96525713441561 0.571704335933977 2.42135517627172 0.439558311361902 0 0 0 0 0 0 0 0 0 0 0 0 0 0 0 0 0 0 0 0 0 0 0 0 0 0 0 0 0 0 0 0 0 0
5.37428769853194 1.15290663623882 1.55743101303379 2.22005773266102 5.89117587468416 3.90141257633579 6.47481358642356 8.64762480348308 4.86255876266499 1.90723995452153 7.98793859672447 2.8688852203913 8.55791929245952 3.92292669674538 0.742174112420421 0.0414771242547463 0 0 0 0 0 0 0 0 0 0 0 0 0 0 0 0 0 0 0 0 0 0 0 0 0 0 0 0 0 0 0 0 0
3.7152317809304 0.623624262242546 3.48612848747502 7.28588607695741 6.40609791814915 10.379252548821 6.82383407664829 6.3726176544999 2.46544826905162 3.06000359818787 6.57509568423883 16.1672819695747 0.125313341472703 0.68610286393449 0.597503498617604 6.42452476231571 1.502546175496 0 0 0 0 0 0 0 0 0 0 0 0 0 0 0 0 0 0 0 0 0 0 0 0 0 0 0 0 0 0 0 0
5.38813047605455 1.44584685959887 2.87951167955324 0.543080304078549 2.64624256379824 1.08144105400128 0.314122428712226 4.3025655154044 4.8882121922618 0.550131913827348 6.17740747898584 3.50040164201765 1.70321038437724 3.58643090021404 0.825837495495458 5.29921589640097 6.09996121864447 1.56769299020222 0 0 0 0 0 0 0 0 0 0 0 0 0 0 0 0 0 0 0 0 0 0 0 0 0 0 0 0 0 0 0
0.705996787521058 4.77474977818189 0.919220218700213 3.17417938880741 1.38013740513053 0.349276721315777 0.377199359092078 0.824354678944719 3.10986756830966 0.259892736852739 3.78471933628678 2.50408955229906 2.10674860318647 1.4866395370323 1.46023728910927 0.569419155504908 1.43016129771806 0.214775392586878 0.19920669772466 0 0 0 0 0 0 0 0 0 0 0 0 0 0 0 0 0 0 0 0 0 0 0 0 0 0 0 0 0 0
2.45012194856951 4.90337533912813 2.64965753985718 6.38879256858243 6.35690061330504 1.16484028314004 1.43670055939108 1.1130861345461 0.540854167789324 2.83901392393004 1.30396643247541 1.80945038207771 1.9974939386721 4.72969046330388 0.259570589712145 0.510489833189602 0.340729769215023 1.92821228972185 10.0031157643263 0.842568032349374 0 0 0 0 0 0 0 0 0 0 0 0 0 0 0 0 0 0 0 0 0 0 0 0 0 0 0 0 0
1.80969077499125 3.30716234274655 1.65754266727184 7.36093270580692 0.172172403902091 3.9691848621816 5.97775497141663 8.31232205793317 1.47107954441358 7.37852733681979 0.746408540685596 3.17897590624355 0.397802477699835 1.54055360720448 2.86129161358523 0.90717308737006 9.78211199687811 1.2651067176841 1.1965948362385 4.78988021922484 0.292907257078616 0 0 0 0 0 0 0 0 0 0 0 0 0 0 0 0 0 0 0 0 0 0 0 0 0 0 0 0
1.61390653791387 4.03181748839596 0.310970757798406 3.9943505747543 5.74020719016861 5.87648596873792 12.6462366991954 0.577114438737977 2.46164856477971 0.0554937856756408 4.36836706996527 3.12120541875156 5.27025936493092 2.86625726960617 0.558353364288196 10.1914374006233 1.63031406753752 2.70108262720956 0.341333534279817 0.839402278265905 6.67140481517551 1.75971452652086 0 0 0 0 0 0 0 0 0 0 0 0 0 0 0 0 0 0 0 0 0 0 0 0 0 0 0
4.37801549139954 5.58286264082233 6.48317287754474 6.26349005817056 3.53527668006509 11.1634767459411 3.08171041121541 1.7842791687829 6.55933925756462 2.10087727547209 3.40322100803985 0.164800622089265 4.08835776227902 3.88405704853082 1.54841337451278 0.650655922624543 21.5244566336233 0.85419645579463 2.32154163466445 1.69671029512346 5.30469840186044 0.578458892630032 0.648970813970141 0 0 0 0 0 0 0 0 0 0 0 0 0 0 0 0 0 0 0 0 0 0 0 0 0 0
1.30137283087634 4.27036310704073 4.44230668587088 4.6894334494025 6.13632604691128 5.85687624166642 1.10355615609005 1.74997577665338 0.0359399120524447 10.919090893917 0.340443029477528 12.3738340227372 0.491571129288442 0.935025558714558 0.619758159857968 4.17833756888215 0.577831007058914 3.07390085548972 1.05012341533197 6.96768925776213 5.44937481033348 1.1642001651682 6.30004919259494 3.14298342423544 0 0 0 0 0 0 0 0 0 0 0 0 0 0 0 0 0 0 0 0 0 0 0 0 0
3.84326922449498 1.20893008708155 2.97066028621141 9.52005539658701 0.207283453679075 1.83363342807245 4.59835997998131 0.201771908423466 0.716498682966098 0.767583752987772 0.354577394113037 0.00616107524820001 10.7747697799628 3.14872224261254 4.34323396573564 1.06482226073444 5.87880880117277 0.977304376223371 0.18699459251789 4.28526212750686 2.54848325489686 5.48800934914115 0.0118714618131722 8.13425403858917 8.65514046096103 0 0 0 0 0 0 0 0 0 0 0 0 0 0 0 0 0 0 0 0 0 0 0 0
1.32018015752502 0.0563272761339355 3.36589732991639 3.56036125915473 0.831405798629746 1.29378184261997 5.55023403468291 0.718529331074656 1.34099601009213 9.09027422041285 2.91143389450006 0.10343708402407 0.472806764982055 8.68862049871882 3.01797687965604 1.65852416829362 5.76901586018647 3.24146358776498 4.74654279378993 2.45591727650797 0.673228469197886 0.550666754242526 2.45035929724462 4.26772925277261 2.40241476098041 7.81026558995212 0 0 0 0 0 0 0 0 0 0 0 0 0 0 0 0 0 0 0 0 0 0 0
3.54845373263124 1.45747340869944 3.87591323706099 15.3525312613741 0.592448841213682 3.65635963879581 3.39599707193935 2.47188147371996 3.32737628025724 2.23226465189893 9.23030781846638 3.0595729648459 3.38342840662927 9.5264457545315 6.14043515033731 0.311998637564306 8.33535084752013 0.694174983355726 0.0576777702893369 1.2676237613952 0.501982854197623 2.2270796469908 3.30241544674798 0.265502632525415 9.81463574721997 4.27887853467599 2.29617166057746 0 0 0 0 0 0 0 0 0 0 0 0 0 0 0 0 0 0 0 0 0 0
14.3703651279186 0.935453950415812 5.42886641688778 2.62848460668931 2.81365428896646 5.79476989424656 2.98045149375744 9.31140314702201 0.761567515481066 3.18704692202511 4.44606775044627 12.4936002359438 1.56281486036568 4.2792800144924 0.777180882271796 8.79386728392728 1.28053568545802 1.39218724526151 1.75869772691214 5.43923349736026 3.42397992436619 1.32177105971282 9.59812659420471 1.49751531018597 8.68663262561767 1.38296510118692 2.5773817223927 7.13077793283516 0 0 0 0 0 0 0 0 0 0 0 0 0 0 0 0 0 0 0 0 0
2.32873728562576 5.05792375598917 0.183938608706963 4.29700736658409 4.37733262992173 1.46070571617 6.81709244590598 1.92603221770796 3.74127225129881 5.06061746915848 8.70321042253933 0.395411852665472 3.60108049756832 3.13098777158032 1.89046919690361 0.131796414211821 0.637175553729137 1.68949127444602 3.6481564866505 0.550369552059056 4.83498005517847 7.39871405588457 1.97117445700569 3.27924491355855 0.0347820640482003 0.952419280090608 5.85852106732973 2.9870023476312 4.12861656711594 0 0 0 0 0 0 0 0 0 0 0 0 0 0 0 0 0 0 0 0
1.97526477771218 0.178419401970843 7.12018959200942 5.5759825573085 8.99143330401259 4.34835756910548 3.33606443110194 4.96322789902914 1.17005707100528 4.17243915409217 0.666363067392651 1.91496736581261 0.0452923699256417 11.3482190896986 0.25511496239687 1.25816251876186 7.39945213293986 0.108406869903328 1.15903629256762 3.69609279063962 0.930754617116799 1.55889410668031 2.60541348372476 7.65995568165774 0.282735641872838 3.62332662659908 5.07267698059684 0.445881494520462 5.49354880960668 8.90540704147911 0 0 0 0 0 0 0 0 0 0 0 0 0 0 0 0 0 0 0
0.0458856055650601 1.539218575009 1.67482196668981 12.6285088030884 0.18833809154847 0.0614990479305044 1.30472182110177 3.77212308746941 7.68342718953721 5.27274523109211 0.43966224108795 7.67942308405987 4.94177112604601 6.52469062504596 2.57670077091873 0.10838386756548 0.0472972515428903 4.37107794205863 3.05215164736765 3.4137517265781 0.112290262453813 2.5564007177334 1.63027903999988 1.05933113795341 2.80238946504207 2.43998327833935 0.379710730440922 0.2137238948417 4.19969642852891 2.30783789430561 0.0603032161772572 0 0 0 0 0 0 0 0 0 0 0 0 0 0 0 0 0 0
3.59157014900126 2.59197284855344 0.144774127318448 11.5614640888634 5.56170359048732 8.15082834485154 2.512035287905 11.7576927728312 0.780294625440936 2.62394264376787 7.55355482635472 3.25754955100753 1.69047606726913 4.37947987415602 9.995726070135 2.47452677500885 5.79948588495578 0.0511310185987327 0.241445210520435 0.95125844407513 9.68037818199021 3.03909976454857 0.504535547990441 5.94884833723084 3.63802686083744 0.429097497182608 1.22236588104916 10.8434963196632 3.94501288316998 5.82413484578262 1.11570339254024 3.29455048562041 0 0 0 0 0 0 0 0 0 0 0 0 0 0 0 0 0
4.69551216554671 1.04414504612404 5.77327065613626 3.68912810898898 13.3035847956534 0.637830245634335 8.48625132269313 0.274133165064055 3.44869649526501 0.17747762022905 0.279696994091886 0.223751249720672 2.47467752566384 3.80537343559743 0.511594598393869 3.97713065398967 3.59934236483108 1.02012659382579 0.702658944974011 1.70505600486659 2.99524882097484 0.714169237838617 2.85962872894544 6.69562210921167 2.99032455111476 2.70553088455478 0.823108851583646 0.481776431492566 2.79628775429181 5.20725617524337 1.33507250589729 0.612221615925456 1.28638408310846 0 0 0 0 0 0 0 0 0 0 0 0 0 0 0 0
0.318988936254126 3.85430472476763 1.97298596075964 1.68202890734567 0.30575750120536 0.0232473716878826 1.75867241114602 0.959652455855706 6.72308541356497 3.98823047387773 0.48846078652626 3.04197429561151 2.30514372529891 2.38966281591286 0.36580473598496 1.15646392178312 2.68203147270203 0.986636919076802 0.046007394775266 4.76476397073581 6.52518285531404 0.0790691759842164 1.19282242583526 1.73231112758682 0.132303834100574 3.16177453297762 1.54753207212839 0.464356085072143 1.65085266743209 4.15818325962792 4.16285372307384 6.64968254953082 0 0 0 0 0 0 0 0 0 0 0 0 0 0 0 0 0
2.14872571171828 0.306517022672112 3.72197705906807 0.32177136849036 4.7436693114064 1.55242482647802 3.39479227176643 3.07431762694146 0.506431342110011 0.873083518524126 2.90802376888883 2.61828154903575 0.411330522695538 4.40050442763908 0.238197108521001 2.20068198593033 0.830614345918977 2.62896730756833 3.87858637592983 2.53985732424016 1.60966274392007 5.77053787963051 2.14731403438805 1.7499226940047 5.99994563590963 0.0195022931580631 4.4063119833317 0.548215872673688 1.59419579452648 0.354865791050028 0 0 0 0 0 0 0 0 0 0 0 0 0 0 0 0 0 0 0
0.959530790658994 0.593425822013552 1.30174782749897 9.46167659975597 3.6481094828243 4.28057270654216 2.20513153561562 3.4286621415245 0.351250820684365 4.06965915325271 2.05381000472563 0.706653158171362 2.67118785259453 5.93019841114906 0.698486686181325 4.59118148378805 13.3050969886799 0.947523557244211 0.142092987453515 2.87361524311828 3.57499987812949 2.97658165781603 0.448274821127451 10.5139783590488 3.65644537086227 1.82255382356598 2.46681085114766 4.94927368640417 0 0 0 0 0 0 0 0 0 0 0 0 0 0 0 0 0 0 0 0 0
3.52266596389599 0.615307957438727 7.47496359951856 1.99083540935056 2.91165764706895 4.0373903378132 0.123330351547347 0.238504246728564 2.41807624326377 3.48428626638768 4.12546065953968 2.58954749728094 0.943368297533675 2.22423772001305 0.00590311519763708 8.82401956428302 0.113856724697337 1.41789759468002 0.316818696256453 2.09421825478399 0.104073623508625 1.54884347289195 9.60025594526601 1.23251656910574 3.11211989588109 0.218808404814495 0 0 0 0 0 0 0 0 0 0 0 0 0 0 0 0 0 0 0 0 0 0 0
0.495769076616022 0.458096325545529 1.93719805249583 1.89403287125363 0.423635118888462 4.58962584553478 0.0577910000965923 2.96229550833996 2.50443403662934 0.187770720046758 2.85050509287553 2.46931035538785 1.61371993465972 1.73381480527393 5.83575864503859 2.09104492620563 0.24981112793527 0.602493647749573 2.60567182058472 0.788852395747375 1.01141429790853 6.71761930273537 1.0300747918413 0.245549554133992 0 0 0 0 0 0 0 0 0 0 0 0 0 0 0 0 0 0 0 0 0 0 0 0 0
9.42829283538478 1.59591722300969 2.50029677826231 2.39552509337763 5.13826931696475 1.33674372143382 3.78950658084758 12.705209316033 8.20856382924365 9.68548939475096 4.89788069002358 6.0534734992842 0.787581483350311 4.98527518088743 4.28471136706702 0.425512457086965 2.92195669541497 2.05324906942468 2.30893583260525 3.87260654938562 6.48649381916156 5.36605083070387 0 0 0 0 0 0 0 0 0 0 0 0 0 0 0 0 0 0 0 0 0 0 0 0 0 0 0
3.06075134435823 2.90354779213231 5.03056139959801 15.3505757489463 2.66570372593223 1.37200412897326 8.61892538749093 0.163647593033971 5.72807898546175 8.88849747153848 7.20524062026092 7.0902630094904 0.838354172336525 5.29104011508513 1.5358842359723 3.84205884274209 0.284506271858322 0.897327569202207 1.37460253785091 8.42984602856935 0 0 0 0 0 0 0 0 0 0 0 0 0 0 0 0 0 0 0 0 0 0 0 0 0 0 0 0 0
2.73854528497327 5.18019589456803 7.31765198699955 1.26741148728743 1.01134897337484 7.87808773335582 1.63416163553542 4.70460019380388 6.23330556594186 11.6178752255345 0.828064791813415 5.40755337589037 1.86097144422776 0.0484534600113532 1.02827509893587 1.88857126288165 6.44549122914598 1.63687495137824 0 0 0 0 0 0 0 0 0 0 0 0 0 0 0 0 0 0 0 0 0 0 0 0 0 0 0 0 0 0 0
0.358846834636042 0.648604569376542 0.379853538818185 2.35568585743794 4.98578740219792 1.01274578539233 7.92528585728929 4.36400109736157 11.9405745520893 10.5251054045977 6.10407906529706 4.77889955816018 0.970595371308031 1.36528692668045 6.83093671125253 4.61452807113952 0 0 0 0 0 0 0 0 0 0 0 0 0 0 0 0 0 0 0 0 0 0 0 0 0 0 0 0 0 0 0 0 0
2.90493805927563 2.66103745613982 0.973796334894046 10.6251968074969 0.00584908464722608 1.42764658231062 0.151882754771486 8.33018763093436 0.149815978561949 1.63271887167458 1.86961785584247 2.73377767815916 0.881585252672103 2.22756469990761 0 0 0 0 0 0 0 0 0 0 0 0 0 0 0 0 0 0 0 0 0 0 0 0 0 0 0 0 0 0 0 0 0 0 0
1.75070368227739 3.1558952778467 0.257218113164318 2.04170038931645 2.87594247137852 2.81757507834854 0.847536299960286 0.563436283720619 3.1623737154703 6.73299179569134 1.32129747797332 5.592067067299 0 0 0 0 0 0 0 0 0 0 0 0 0 0 0 0 0 0 0 0 0 0 0 0 0 0 0 0 0 0 0 0 0 0 0 0 0
0.79790700797255 3.46677472343067 0.912510953854236 2.04902641983808 0.850314377959377 2.38378189859538 0.180700153868752 2.41563244672169 0.22129779692367 0.593706530594243 0 0 0 0 0 0 0 0 0 0 0 0 0 0 0 0 0 0 0 0 0 0 0 0 0 0 0 0 0 0 0 0 0 0 0 0 0 0 0
5.0029035943925 0.931174708239075 2.52322178336726 1.41701562979486 8.45134290059156 0.0733780572260462 6.63072956215474 1.93221067078083 0 0 0 0 0 0 0 0 0 0 0 0 0 0 0 0 0 0 0 0 0 0 0 0 0 0 0 0 0 0 0 0 0 0 0 0 0 0 0 0 0
0.124935311410126 9.25822371297768 7.29490886620829 5.08087415147588 1.18890741138011 1.37553204308378 0 0 0 0 0 0 0 0 0 0 0 0 0 0 0 0 0 0 0 0 0 0 0 0 0 0 0 0 0 0 0 0 0 0 0 0 0 0 0 0 0 0 0
5.10345377217861 11.5603728628969 3.57174187274165 0.768169300413567 0 0 0 0 0 0 0 0 0 0 0 0 0 0 0 0 0 0 0 0 0 0 0 0 0 0 0 0 0 0 0 0 0 0 0 0 0 0 0 0 0 0 0 0 0
1.14014119911577 1.5480849791758 0 0 0 0 0 0 0 0 0 0 0 0 0 0 0 0 0 0 0 0 0 0 0 0 0 0 0 0 0 0 0 0 0 0 0 0 0 0 0 0 0 0 0 0 0 0 0
