0.169536709126828 0 0 0 0 0 0 0 0 0 0 0 0 0 0 0 0 0 0 0 0 0 0 0 0 0 0 0 0 0 0 0 0 0 0 0 0 0 0 0 0 0 0 0 0 0 0 0 0
1.14241069239303 1.72264779955743 0 0 0 0 0 0 0 0 0 0 0 0 0 0 0 0 0 0 0 0 0 0 0 0 0 0 0 0 0 0 0 0 0 0 0 0 0 0 0 0 0 0 0 0 0 0 0
4.58634365713386 0.199100450040773 1.70966142565864 0 0 0 0 0 0 0 0 0 0 0 0 0 0 0 0 0 0 0 0 0 0 0 0 0 0 0 0 0 0 0 0 0 0 0 0 0 0 0 0 0 0 0 0 0 0
1.82074774448733 1.19235499589601 3.59672291455612 4.37812945831204 0 0 0 0 0 0 0 0 0 0 0 0 0 0 0 0 0 0 0 0 0 0 0 0 0 0 0 0 0 0 0 0 0 0 0 0 0 0 0 0 0 0 0 0 0
1.11887996101661 5.43966676015763 1.46797337722165 4.1795790790965 1.40487322258439 0 0 0 0 0 0 0 0 0 0 0 0 0 0 0 0 0 0 0 0 0 0 0 0 0 0 0 0 0 0 0 0 0 0 0 0 0 0 0 0 0 0 0 0
1.0574909241306 1.745431543345 6.17633343573798 3.33159208552864 1.71660221358116 0.27701513541755 0 0 0 0 0 0 0 0 0 0 0 0 0 0 0 0 0 0 0 0 0 0 0 0 0 0 0 0 0 0 0 0 0 0 0 0 0 0 0 0 0 0 0
0.271459479915216 3.19819935971414 1.76741394136715 1.91872210295565 0.928445105143786 7.77325021015644 2.63070160916812 0 0 0 0 0 0 0 0 0 0 0 0 0 0 0 0 0 0 0 0 0 0 0 0 0 0 0 0 0 0 0 0 0 0 0 0 0 0 0 0 0 0
0.0592183516807141 1.07346939868352 0.803260316463518 1.77565542174124 0.292278962873629 2.14967950306208 2.09533430866978 1.73088541732205 0 0 0 0 0 0 0 0 0 0 0 0 0 0 0 0 0 0 0 0 0 0 0 0 0 0 0 0 0 0 0 0 0 0 0 0 0 0 0 0 0
1.50053433125252 0.330048299799707 4.03589920586817 1.08719466203336 6.48048973311702 3.38746501091601 1.99459579890228 2.31895233475139 1.24970224439295 0 0 0 0 0 0 0 0 0 0 0 0 0 0 0 0 0 0 0 0 0 0 0 0 0 0 0 0 0 0 0 0 0 0 0 0 0 0 0 0
8.5280029162718 0.0180217758128779 11.0683460493949 3.59104742223349 1.22508494810125 14.2497644373674 0.393735690301461 3.35223546034083 0.0483993371954611 5.15039762515773 0 0 0 0 0 0 0 0 0 0 0 0 0 0 0 0 0 0 0 0 0 0 0 0 0 0 0 0 0 0 0 0 0 0 0 0 0 0 0
1.12998926404599 10.9206888264684 0.339163442019874 1.40120013967801 5.03409217781441 0.451655727427823 13.6218071726015 0.751212677952908 1.05956124662946 1.54887010284099 1.38336723962908 0 0 0 0 0 0 0 0 0 0 0 0 0 0 0 0 0 0 0 0 0 0 0 0 0 0 0 0 0 0 0 0 0 0 0 0 0 0
0.0752112563388548 1.18748780651322 0.93375506100685 4.03969394595586 0.268794066028916 3.3465926505671 3.31568040109119 1.40076505650011 2.86558145159966 6.56322665681378 1.92422755902044 0.896554759870652 0 0 0 0 0 0 0 0 0 0 0 0 0 0 0 0 0 0 0 0 0 0 0 0 0 0 0 0 0 0 0 0 0 0 0 0 0
0.35406934193538 2.23956091300098 0.22377853198328 0.192140741971972 5.20245077797178 1.73522881178704 5.90219082778341 6.53382305970924 1.86828249861459 2.23846839923873 1.13619766281065 3.68916711770599 1.76219525404183 0 0 0 0 0 0 0 0 0 0 0 0 0 0 0 0 0 0 0 0 0 0 0 0 0 0 0 0 0 0 0 0 0 0 0 0
0.0519805748225836 3.15262136535988 2.57064563305469 2.29410099844947 0.346174571923699 6.22476549838443 3.4238354914529 2.96328344580843 0.402975701919962 1.38138037014056 1.00944724246374 2.01220521996819 2.54654624428417 4.65964950983256 0 0 0 0 0 0 0 0 0 0 0 0 0 0 0 0 0 0 0 0 0 0 0 0 0 0 0 0 0 0 0 0 0 0 0
0.795890042154591 0.137826294452965 0.466112378918328 0.0631765259322848 7.15855332870778 0.320534905900568 1.08539382745591 0.783003469598348 2.39700450789029 3.1902221958758 1.8501465240931 5.69386664736014 7.93921221496379 2.67617320320697 0.89144127100253 0 0 0 0 0 0 0 0 0 0 0 0 0 0 0 0 0 0 0 0 0 0 0 0 0 0 0 0 0 0 0 0 0 0
0.277016836520337 7.16876694013522 0.796605465354636 1.5129294966404 2.078412317534 1.97298756769502 3.18160537792988 5.58231544235306 0.322064844887136 1.52087132803689 1.2426208956735 4.74354228801331 2.55990899938101 1.96140777552624 4.13828953458214 3.52964995347336 0 0 0 0 0 0 0 0 0 0 0 0 0 0 0 0 0 0 0 0 0 0 0 0 0 0 0 0 0 0 0 0 0
0.54139870029041 0.48095475165692 2.78008347901709 4.51740458395941 2.07930567829479 3.35212846015846 0.844708609670462 11.4815443295521 1.80366749755979 1.18822036964209 0.146876444693596 2.03738202870599 1.3441357751052 5.4760811605218 0.290150071388994 0.953109794243155 2.79609886558356 0 0 0 0 0 0 0 0 0 0 0 0 0 0 0 0 0 0 0 0 0 0 0 0 0 0 0 0 0 0 0 0
0.120824202086039 3.18151114805138 11.0734319224737 0.711673860390472 1.90452217802723 4.31454284454713 0.903791404502305 0.449699362065778 1.65245374738659 0.277679073829819 6.20901327471934 4.30629132563363 3.73315803601982 2.7843213250483 1.44171545293637 3.73646476631077 1.2417296392048 11.3365726801113 0 0 0 0 0 0 0 0 0 0 0 0 0 0 0 0 0 0 0 0 0 0 0 0 0 0 0 0 0 0 0
12.4471738934322 0.228265142889304 6.53260901357933 5.00380312280551 1.19989279921815 0.0907338833348659 0.499997851734316 2.24528852084463 3.03941676741631 0.0635513420983886 3.52256131615604 1.04243135618031 6.58231815393049 3.04402662700306 5.19736351420458 1.33835146236601 0.0502517138763668 1.81820079980907 1.46184372203852 0 0 0 0 0 0 0 0 0 0 0 0 0 0 0 0 0 0 0 0 0 0 0 0 0 0 0 0 0 0
3.94208926808014 3.92105508372782 13.2160717279912 4.14388730903493 5.550099077376 4.0629378094827 5.90815518839184 2.30684021503506 0.634436297942832 1.02695860050751 4.10836516432938 0.141049368904342 2.74692635743005 1.14595374856486 5.11556112585722 2.80736031648113 1.07127209652589 1.35082391485602 7.24869647278249 0.441617782921353 0 0 0 0 0 0 0 0 0 0 0 0 0 0 0 0 0 0 0 0 0 0 0 0 0 0 0 0 0
8.3222231322964 4.82854294327954 0.0267534137457836 0.0269715760125704 1.31727736267564 0.721552427185012 0.0819083218957814 0.847374890823428 0.582562435917677 4.97998907298347 6.93233116899662 0.498340909575134 8.11705940663951 2.08978625155943 0.299981528086172 0.858713022714805 0.115010745808314 9.37387996757697 3.95242123538212 2.68184851995237 9.16997790525693 0 0 0 0 0 0 0 0 0 0 0 0 0 0 0 0 0 0 0 0 0 0 0 0 0 0 0 0
10.7773542637934 3.80155347066455 5.08834947350785 5.83598974887465 1.83822229069705 3.00395568340099 2.04158470414105 1.65910956620087 0.810410816983208 2.92526972346396 0.654713665113359 0.874907521643612 7.2382590217115 0.775445283978417 1.37765062323617 0.442525663392409 2.44308852000472 5.97192064333886 2.61078171200476 6.40327462685488 0.963158686765692 2.76178329196929 0 0 0 0 0 0 0 0 0 0 0 0 0 0 0 0 0 0 0 0 0 0 0 0 0 0 0
0.121771827915245 9.41857988925172 1.25260462066894 3.77795171355361 4.30458093849141 1.8719705759447 6.77222580656283 3.05473754798152 7.08609607779185 1.03493933378412 1.59054001410018 6.86982918400017 2.18004942350821 0.19267261736803 0.622349148363368 0.403190210347312 9.99823914607198 6.30015106929221 3.5103067869197 1.03142463107641 0.532930709391845 1.14108927228881 1.96682860663435 0 0 0 0 0 0 0 0 0 0 0 0 0 0 0 0 0 0 0 0 0 0 0 0 0 0
1.5523163016963 4.72323577104074 0.504916725332692 2.17318688495327 2.52080692213214 4.14817666824316 1.86670544005667 6.99989863926593 0.295805234017889 2.17522391904153 3.94541655896204 1.09862865484227 1.40185165516363 0.392744592287772 0.373227802086802 7.16186879209105 1.16784136588509 7.21484115486803 0.801834286042987 1.43749426418437 0.729970216914531 10.3487367677104 2.03093810148294 1.29521488943038 0 0 0 0 0 0 0 0 0 0 0 0 0 0 0 0 0 0 0 0 0 0 0 0 0
0.646917686612281 7.51245513578835 0.418323656078769 2.01624401914449 3.61182262574394 2.5174361366658 5.67098705718255 1.13660155670908 10.5838917370699 1.86507907382896 0.843182845778174 0.795542110970442 1.26688851229211 1.16220458994698 6.3713689190324 6.8243577381186 0.5321310576459 1.10149873577852 1.48724080738404 4.91987170798189 0.508471296484992 1.17047036803698 3.0935392364301 0.679789436031269 0.569410525114494 0 0 0 0 0 0 0 0 0 0 0 0 0 0 0 0 0 0 0 0 0 0 0 0
2.00078696127154 6.03305000877551 1.88211675853494 4.18654305947137 2.70925427356158 3.91058165062332 1.15671467650036 2.22978200236623 0.462660139970407 1.78186796409348 1.85594441177148 0.133583901580921 1.61283827994342 2.73093787748086 4.1681541978144 5.45321966939574 0.85604829800189 4.95268108187985 0.654770868403248 0.860054594356927 0.667262247688272 3.99226031426967 4.77442004145558 1.04184889542541 9.13712674348118 5.87563166031 0 0 0 0 0 0 0 0 0 0 0 0 0 0 0 0 0 0 0 0 0 0 0
0.418178380111163 3.98819700546021 0.839116486405732 2.69322906150992 5.29982177005422 0.36601354445892 10.9517613166843 1.00028797342096 2.07103178386386 0.599274183886042 0.350054858041677 4.4360709097977 5.27785483876291 1.26321664211611 0.70677106502106 0.464057653715458 2.68829614165075 0.14486150950911 11.5317998671309 1.71908500434101 0.272799306553933 0.910941395690737 2.6685012227602 0.52890678971043 2.57794959481609 0.724997850875782 3.43574313507877 0 0 0 0 0 0 0 0 0 0 0 0 0 0 0 0 0 0 0 0 0 0
1.94729749811556 3.14596423585652 0.667670360558919 0.324419152355546 2.919705851185 2.32678855375614 2.96773537066382 0.64051103321723 3.73823481405657 1.47810139258476 0.280311220390666 0.0764147793406818 6.35879389292104 1.03758409429366 3.94503385787269 0.441747374251356 1.58426190464383 2.09952764686098 2.30592575141356 3.64995964423431 0.258011049178472 0.321730893078529 4.22995892164608 0.509209012375008 5.58474907333024 0.873022631443346 5.03265826978093 2.84279760664354 0 0 0 0 0 0 0 0 0 0 0 0 0 0 0 0 0 0 0 0 0
0.334214650705797 1.95218924510184 1.50808768823306 1.50372474921425 2.34466262730604 3.42412521991658 3.38569685477902 0.956861848059974 3.00318666441681 0.4465553120147 0.371432578760078 5.07396737635281 5.83944587730126 1.0043284158993 4.48635873488602 5.05988784949399 3.09850700571582 0.824075641216903 2.16658269468131 6.74545468258968 0.978327058146915 12.2477744760903 3.04935075236368 2.81090975981315 1.21221824582646 1.47587177938906 3.45731157218792 0.694759173353305 2.21573698407002 0 0 0 0 0 0 0 0 0 0 0 0 0 0 0 0 0 0 0 0
0.422149259124284 8.66756934548916 2.2164763376937 1.42087887388113 5.33266500807496 0.598779200835733 1.59758053073166 4.5325244862944 2.4851040083307 3.22740444841913 4.81689685216837 3.60474142697023 2.94324346860165 6.83900613878235 1.7890630735886 0.360573627999239 1.51496334466011 4.01647672784122 1.76707006226546 0.893943151431546 3.0675989476361 1.82664795695178 2.63335267772765 6.28729302694604 7.48757814034979 4.67366717044606 1.08030831535763 0.648446219125911 2.83611434174661 3.00131746088283 0 0 0 0 0 0 0 0 0 0 0 0 0 0 0 0 0 0 0
7.56326077643008 2.71599023795083 7.42060539260731 8.92029905166978 1.23548292669514 0.518334198315631 2.81132477805339 5.82315209635549 1.57769319811353 1.72266106750834 14.1353150578681 0.441580052688611 3.52112062178863 0.626015201054647 2.0279113420996 0.454508271159485 0.948477161895282 10.7066424894907 2.61810476400388 11.1460996665465 0.877493912414326 2.9388450325257 5.44237183678979 0.0410295224370755 1.28423107849771 1.45757800435624 6.69243623361481 1.01558699755503 0.449253055244685 2.20303408026006 1.29820857000055 0 0 0 0 0 0 0 0 0 0 0 0 0 0 0 0 0 0
0.7225915483181 14.7759392497449 2.8032877937911 4.38586304908658 1.25494349294608 0.621718188621792 1.47766243534591 0.783033262717265 6.32753647892873 4.52732899581592 6.31749393910033 2.99082881808613 4.28503139279035 3.21638634682205 2.3838207556456 3.3142002814261 1.80938389022027 5.25622315171124 2.34905787382163 1.98063355983045 0.0169119787608731 0.95534208490042 7.62337722194652 2.44493341013877 8.20267917761209 3.25598692003185 4.13048259356224 1.93946159784484 2.82163857102202 5.89690629848513 1.41392725981335 2.10122332255442 0 0 0 0 0 0 0 0 0 0 0 0 0 0 0 0 0
2.61037390134475 3.44610600181734 1.06175165181238 0.124495653727808 1.80086597827298 3.59419007122591 2.64045519513973 0.720994723135611 3.86307187328583 0.887397724732396 4.23867334945921 0.192186867373882 2.23348233138187 3.12181836935213 0.851698572358208 2.03897414680758 3.89295139509105 2.72653341573958 2.17712163011764 1.42864462826538 0.236227555505003 0.249100711949322 4.63469962723016 0.636549684025402 0.488908979791547 2.22515431140693 8.6935582772942 2.00310193096829 1.07124276466028 1.30396837752434 3.22044883750806 8.7877098379351 3.61346859087081 0 0 0 0 0 0 0 0 0 0 0 0 0 0 0 0
1.07330784515155 1.11884416748323 1.28870794850426 0.289965337217613 0.83364027702999 3.26128269088812 1.40178944387675 0.0973846382673198 5.65719031516418 2.1900449839803 0.876648402524531 1.98193890697269 3.60354784689631 0.600994638351898 0.396460033323196 5.27283393269383 1.1563253713149 1.36108133083202 1.31820178281512 2.61153873808186 0.588750361430448 1.68916162240451 0.821063601708974 5.31782268962193 4.5143120434438 0.93682898154928 2.38766376735508 2.85647431837541 0.0653801449922323 2.21743319309421 6.33096332996298 2.22072695525538 0 0 0 0 0 0 0 0 0 0 0 0 0 0 0 0 0
1.65473676967901 0.198312038526462 1.277064159201 0.48602099485669 4.06720676633467 0.0694544762072663 8.41625864646583 5.18214640558878 6.16055367989233 1.04039293128833 1.7292746919537 1.62335022809953 3.71614890140552 1.91399687668404 0.437263905609901 0.846628861690448 0.717506859585608 5.51213733380698 8.3227003184129 0.800017179631355 2.42716705274595 1.82744940165028 3.79165158099258 1.93166937114189 3.22593854021888 0.551905741989982 1.40951120560428 0.229363877689063 0.583139265530584 5.23619986859728 0 0 0 0 0 0 0 0 0 0 0 0 0 0 0 0 0 0 0
0.0102235485187059 2.07929319269118 6.02157627850081 1.66155131141583 0.800294817755878 6.88206512340848 2.19593792342639 0.0503148336772647 2.86398118376332 1.62131824662545 1.21102732550322 0.00105433303746756 5.19931498820866 3.14486677812882 3.78376588929407 2.67838566030658 3.76264068420739 1.50328454583438 0.38154394881161 0.381472230612507 1.47800486372039 3.90550286786451 3.45797485099554 6.01954058401793 0.364767294313897 1.0105764721277 0.118683899760446 0.30593505554886 0 0 0 0 0 0 0 0 0 0 0 0 0 0 0 0 0 0 0 0 0
1.87589231714202 4.00662388888729 6.94461873343573 1.23227098774357 0.541350635838803 0.282930017327351 3.18714616655029 0.30121496688008 0.781894097018148 0.541488259983839 3.16833220990413 0.134547577676787 1.35744966041544 1.47141392956539 3.23815425603633 0.418425460506142 2.64569332129381 0.141555979175575 0.286125074935559 1.07932944002982 10.6415794154346 5.1544198855634 4.66084411222328 12.3512608682163 0.141227697521091 1.749027121146 0 0 0 0 0 0 0 0 0 0 0 0 0 0 0 0 0 0 0 0 0 0 0
7.72026439878772 1.4295771237163 0.670548018123682 3.6868210041068 0.818157829261222 2.88595454783728 1.04318576942902 1.70455373972061 4.99795554599982 8.73593736937091 7.16933775272344 2.2638714157759 8.97327867362678 2.22459683962994 0.989234025269109 4.65493415552744 1.83830572953883 1.03702916628072 3.41907836408621 7.96342773216906 3.2637259908452 3.08251274332471 1.28895410523322 0.295538557518735 0 0 0 0 0 0 0 0 0 0 0 0 0 0 0 0 0 0 0 0 0 0 0 0 0
9.6880987557872 1.19079151042082 4.09968783500388 1.06534432604163 3.28940457562777 0.735266607827872 10.4461353574838 2.83819286482787 1.01803002969377 0.595797107062878 5.43271382427832 0.442966856786374 2.3853553853173 0.608511775207207 0.184702049975382 0.128183777491005 0.554483984156853 5.79054681688184 4.50487982643717 2.72231560054069 8.78554802404875 1.78202389410428 0 0 0 0 0 0 0 0 0 0 0 0 0 0 0 0 0 0 0 0 0 0 0 0 0 0 0
0.081113137826826 2.63754043509566 1.39900655332093 5.15450337659496 3.02836964687501 0.444925779153708 3.14704359034467 2.4577527056288 4.28650998239337 0.642393791258943 2.36484575511198 1.07579922706336 1.37512712874656 1.01585549318091 10.815863184752 0.595677139012534 0.462825901120401 2.23803183739926 0.580405997526853 0.025806342926305 0 0 0 0 0 0 0 0 0 0 0 0 0 0 0 0 0 0 0 0 0 0 0 0 0 0 0 0 0
2.15158094914706 4.88317464713575 2.82837424801132 5.39058919979784 0.602395161334548 1.24926494364925 4.9809843675524 4.0217945053159 0.994004759181064 16.6706619482185 3.35103046297563 0.0442190943197256 3.75842380775402 1.3607543854282 5.86044190203014 4.00404838251347 0.434078204071427 2.79123951167107 0 0 0 0 0 0 0 0 0 0 0 0 0 0 0 0 0 0 0 0 0 0 0 0 0 0 0 0 0 0 0
1.6033389770014 3.78878095339346 0.65630580244461 0.117703794643392 0.515397028455998 0.468993260218476 1.98588735252291 3.0378661846825 0.60405055881018 0.668054116846731 0.464912370776134 2.90891407890755 1.5253982472215 1.77616999109633 0.811870709548374 2.11934828367919 0 0 0 0 0 0 0 0 0 0 0 0 0 0 0 0 0 0 0 0 0 0 0 0 0 0 0 0 0 0 0 0 0
3.25887403809979 5.93088829441034 1.26066051290607 0.119762683999803 2.06326137634062 7.66109798087183 0.774885456047183 1.156666596661 1.1129204147563 1.98638306258003 0.0406162533753925 2.27465937448885 4.60783936968476 3.64522877880419 0 0 0 0 0 0 0 0 0 0 0 0 0 0 0 0 0 0 0 0 0 0 0 0 0 0 0 0 0 0 0 0 0 0 0
0.661423252061025 0.232612043910689 2.40183419491921 11.4888962624782 4.68697737572172 0.680317986353291 2.98896265702579 1.20673669551753 0.700327964792863 0.278861271306191 1.50588354017334 1.17141085919615 0 0 0 0 0 0 0 0 0 0 0 0 0 0 0 0 0 0 0 0 0 0 0 0 0 0 0 0 0 0 0 0 0 0 0 0 0
7.00667516169779 1.79881318170918 0.610783424817363 1.97574295554633 0.614877838449866 0.381707207701398 0.544683037788666 0.222865133917503 1.26953875122234 0.0199014849841809 0 0 0 0 0 0 0 0 0 0 0 0 0 0 0 0 0 0 0 0 0 0 0 0 0 0 0 0 0 0 0 0 0 0 0 0 0 0 0
0.298369020343681 0.186889985881371 8.47488787320864 1.12198206768269 3.43282660735899 4.60565739367358 0.701475987464766 5.61165957943672 0 0 0 0 0 0 0 0 0 0 0 0 0 0 0 0 0 0 0 0 0 0 0 0 0 0 0 0 0 0 0 0 0 0 0 0 0 0 0 0 0
1.99612567507715 1.69740088381939 0.10406288432354 11.1258229692841 6.34575535733387 3.66046052102192 0 0 0 0 0 0 0 0 0 0 0 0 0 0 0 0 0 0 0 0 0 0 0 0 0 0 0 0 0 0 0 0 0 0 0 0 0 0 0 0 0 0 0
7.69375479834985 2.35211322614069 11.4263903757382 1.1994985647141 0 0 0 0 0 0 0 0 0 0 0 0 0 0 0 0 0 0 0 0 0 0 0 0 0 0 0 0 0 0 0 0 0 0 0 0 0 0 0 0 0 0 0 0 0
7.1323700985646 1.99921449243716 0 0 0 0 0 0 0 0 0 0 0 0 0 0 0 0 0 0 0 0 0 0 0 0 0 0 0 0 0 0 0 0 0 0 0 0 0 0 0 0 0 0 0 0 0 0 0
