6.12415761926093 0 0 0 0 0 0 0 0 0 0 0 0 0 0 0 0 0 0 0 0 0 0 0 0 0 0 0 0 0 0 0 0 0 0 0 0 0 0 0 0 0 0 0 0 0 0 0 0
2.35998870423134 3.33901758515777 0 0 0 0 0 0 0 0 0 0 0 0 0 0 0 0 0 0 0 0 0 0 0 0 0 0 0 0 0 0 0 0 0 0 0 0 0 0 0 0 0 0 0 0 0 0 0
6.10162971494028 1.20331776547726 0.640982591339995 0 0 0 0 0 0 0 0 0 0 0 0 0 0 0 0 0 0 0 0 0 0 0 0 0 0 0 0 0 0 0 0 0 0 0 0 0 0 0 0 0 0 0 0 0 0
1.14377656405261 0.373585495187436 4.70698127692397 3.26860498336959 0 0 0 0 0 0 0 0 0 0 0 0 0 0 0 0 0 0 0 0 0 0 0 0 0 0 0 0 0 0 0 0 0 0 0 0 0 0 0 0 0 0 0 0 0
0.331305435539544 0.206888118387579 0.50733904811749 0.826898972451431 0.155232690671846 0 0 0 0 0 0 0 0 0 0 0 0 0 0 0 0 0 0 0 0 0 0 0 0 0 0 0 0 0 0 0 0 0 0 0 0 0 0 0 0 0 0 0 0
0.727582338894734 0.674538357563568 6.5902001622152 2.02241069855044 8.39075920649032 0.120984738120515 0 0 0 0 0 0 0 0 0 0 0 0 0 0 0 0 0 0 0 0 0 0 0 0 0 0 0 0 0 0 0 0 0 0 0 0 0 0 0 0 0 0 0
0.868925892336535 0.193275044311093 1.35454781887935 0.536752310529562 4.13868395871709 2.93186995007048 1.10298773352749 0 0 0 0 0 0 0 0 0 0 0 0 0 0 0 0 0 0 0 0 0 0 0 0 0 0 0 0 0 0 0 0 0 0 0 0 0 0 0 0 0 0
1.1033946499839 7.09614098634669 1.70476244017051 3.21745308833782 1.54904460407518 2.65279176313266 0.25256069897293 3.64538652788714 0 0 0 0 0 0 0 0 0 0 0 0 0 0 0 0 0 0 0 0 0 0 0 0 0 0 0 0 0 0 0 0 0 0 0 0 0 0 0 0 0
1.15987881895474 2.51041812765365 4.82157202796068 0.210001977332255 1.61344195280201 5.28961342577318 0.0725057583967218 4.54048926644061 0.12859709916001 0 0 0 0 0 0 0 0 0 0 0 0 0 0 0 0 0 0 0 0 0 0 0 0 0 0 0 0 0 0 0 0 0 0 0 0 0 0 0 0
2.1267078882385 0.118142895320629 3.25108477789333 0.398621579112773 0.491513937594181 6.06448156749548 0.1170525202066 0.00637953917594296 1.49417969032719 1.62870636765929 0 0 0 0 0 0 0 0 0 0 0 0 0 0 0 0 0 0 0 0 0 0 0 0 0 0 0 0 0 0 0 0 0 0 0 0 0 0 0
0.667289950049389 1.1629213688679 0.661995257260904 0.0398126230998432 2.9855910103291 2.69966108852866 2.47792326178158 0.794722952354822 0.737443613285902 2.44349077792514 3.38379278810923 0 0 0 0 0 0 0 0 0 0 0 0 0 0 0 0 0 0 0 0 0 0 0 0 0 0 0 0 0 0 0 0 0 0 0 0 0 0
2.66521761954952 0.339742360456983 1.33586163529342 0.200711718538934 1.10631451363469 3.57268920664526 1.50584332424317 3.0920611855988 0.364711936068022 0.793020002631408 1.83391808405445 3.90319688134697 0 0 0 0 0 0 0 0 0 0 0 0 0 0 0 0 0 0 0 0 0 0 0 0 0 0 0 0 0 0 0 0 0 0 0 0 0
0.698621414949266 1.37387632685232 1.74241044225955 0.105645198602757 7.11437062315544 1.38830542208034 1.17313994009669 0.248166748024571 0.244242593014212 2.22905290726669 4.19903181365976 2.60229482268563 1.51340074603443 0 0 0 0 0 0 0 0 0 0 0 0 0 0 0 0 0 0 0 0 0 0 0 0 0 0 0 0 0 0 0 0 0 0 0 0
0.666697355996738 1.78387421350807 0.35134873510611 2.09997188722156 7.06210330652942 1.61293648310755 0.969208645365612 4.54630890488409 1.63061790409287 0.795654750515774 11.0557239642505 1.47678664310951 0.179244521799335 0.947253747660733 0 0 0 0 0 0 0 0 0 0 0 0 0 0 0 0 0 0 0 0 0 0 0 0 0 0 0 0 0 0 0 0 0 0 0
0.0463074595623819 0.101926533879903 1.95175266287536 0.9576618412634 0.394661389827443 0.768689223340842 1.0898318859126 2.87873926126893 2.6862194569611 0.652231060455291 8.09417030442269 0.917161134146395 0.206011049623304 0.5019417501407 0.677991168049099 0 0 0 0 0 0 0 0 0 0 0 0 0 0 0 0 0 0 0 0 0 0 0 0 0 0 0 0 0 0 0 0 0 0
0.372551632076776 5.95509350139238 0.994000109474986 1.64175825690046 4.35327802449476 1.44170135324225 0.954779600890121 0.107637048129333 12.4481856260781 1.4706696595669 4.56273095199966 0.60279551714785 2.56064696577021 0.362744916671863 1.17467154100999 3.608823989248 0 0 0 0 0 0 0 0 0 0 0 0 0 0 0 0 0 0 0 0 0 0 0 0 0 0 0 0 0 0 0 0 0
1.15750924057445 0.557736343077679 0.798523085346092 1.49813343813526 1.5192461040201 0.867382742544251 1.12756395820113 2.33438094582231 3.57017532627238 0.695811788830301 0.338652622812947 1.04106005189982 8.17269319311765 2.13905423522122 0.689920068062938 0.696368756955426 3.56298834562533 0 0 0 0 0 0 0 0 0 0 0 0 0 0 0 0 0 0 0 0 0 0 0 0 0 0 0 0 0 0 0 0
2.3840524020618 0.441819535403305 8.60633882462867 1.35990953525899 1.79218553625147 1.70123583293422 0.0577519230698689 0.18403420256693 1.25571114254162 0.4075422117578 0.854884750078167 1.88098987648583 1.97288855864818 4.63142116464167 0.20499719796534 3.92799645989029 2.37516903304202 3.63089035146448 0 0 0 0 0 0 0 0 0 0 0 0 0 0 0 0 0 0 0 0 0 0 0 0 0 0 0 0 0 0 0
0.062321327442444 0.0943104342274827 2.79810590225482 1.5651459225104 0.371315278549837 0.360047846686642 0.203730947693279 0.0700363359277275 3.15006211102993 5.05651838364065 2.68219592113138 1.99783793728626 4.22564644013754 2.63902072678208 3.91036330443204 2.65548221892811 3.23864261565393 0.296340049955925 0.890861142210538 0 0 0 0 0 0 0 0 0 0 0 0 0 0 0 0 0 0 0 0 0 0 0 0 0 0 0 0 0 0
2.06019306262985 0.222550311210214 5.97191601246291 1.40128240114292 0.305956449720798 0.532736037839867 0.897402469061995 1.15444000021199 3.06218102125156 2.80618497674633 0.633921501906945 1.92833899576079 1.16175179606704 1.52934129250923 1.1237991584597 11.8689874362039 1.39058635891506 3.51254132806808 2.32327700216098 6.1920204532523 0 0 0 0 0 0 0 0 0 0 0 0 0 0 0 0 0 0 0 0 0 0 0 0 0 0 0 0 0
1.67893850804019 8.48419502721875 0.641145279539158 7.5453798260826 0.403291632538534 3.56538454084694 3.05313009232828 0.0846912085412105 4.25495831815909 0.52464606614285 1.94522345844981 0.696551175754382 1.16650343979163 0.329852395667149 3.76522587001411 0.118993577590713 1.83446536581072 0.172720439115324 3.37385238685442 0.303422254309852 3.71624895862551 0 0 0 0 0 0 0 0 0 0 0 0 0 0 0 0 0 0 0 0 0 0 0 0 0 0 0 0
0.787342738112489 1.71184559469826 1.11684579262149 1.54536828316218 0.623000898691392 0.465513444930058 11.5666178500467 0.672116020622675 3.0213400143574 11.8849756363104 1.63575625247317 1.34897454668264 0.635355995365472 1.11725236351503 0.963624074989336 4.47043782792535 0.888679311605342 0.953193610783289 2.06551721799369 0.772938512162605 0.843086707006884 0.436217823178708 0 0 0 0 0 0 0 0 0 0 0 0 0 0 0 0 0 0 0 0 0 0 0 0 0 0 0
2.53900343714894 16.133135362533 1.39009505659443 0.318653921716385 1.6738578804269 0.298921663573142 0.939577611154393 0.856856528865515 0.224188669886379 0.24920514892682 3.9008770840617 3.05502085960996 1.83186602323212 4.21427487142545 2.10193467441256 2.10840348715553 4.29664696216277 5.1797847146576 1.02039597260192 0.435460329376659 0.880836623772341 0.876328071115542 0.0349579872607863 0 0 0 0 0 0 0 0 0 0 0 0 0 0 0 0 0 0 0 0 0 0 0 0 0 0
3.09828796228216 3.94723624336521 5.07845603267773 3.11843041683389 3.79345755993683 1.40518401138167 0.344491094660982 0.0447114590123221 1.8705765681002 1.43385672487758 0.459435401944699 1.03492610932707 2.15626569547856 1.60139546437591 2.09054753017852 1.13309630691149 0.407831205905493 1.27168678881295 0.805335074837545 1.0284977271618 4.58668932971293 0.45606453657438 5.55885430695033 3.37211352109707 0 0 0 0 0 0 0 0 0 0 0 0 0 0 0 0 0 0 0 0 0 0 0 0 0
0.944086302117295 0.807412779894017 1.34106705152933 0.637199230230212 2.04903010597032 0.0175213787776248 1.3756942306558 0.0331850121810254 0.779040940052732 2.83769475832593 9.33839254562926 0.811085809249268 0.393171369664852 2.92455374158081 7.22951375852406 0.536531596375633 5.88731351871606 2.38747033679721 4.57625659618355 0.849553632591165 6.00002558360467 1.2549530087489 2.89710716659634 0.617777830486705 0.409838661305026 0 0 0 0 0 0 0 0 0 0 0 0 0 0 0 0 0 0 0 0 0 0 0 0
1.60153592026651 0.230666123511027 1.27690160242714 0.401285725909404 0.195124482174377 0.874864300849162 0.201587711234259 6.00941833958652 3.07709748163557 0.681096206663081 0.147869309619464 1.72196074353734 4.37804092842203 4.35643183430224 1.30160365404421 0.607792427731496 2.57836816714066 5.8565979890005 0.803763561694902 8.14985514140671 0.781788659313975 0.48814332677207 0.172716522111611 0.476024911894881 5.18826014307104 4.27913323239453 0 0 0 0 0 0 0 0 0 0 0 0 0 0 0 0 0 0 0 0 0 0 0
0.220817245020474 0.212794013647405 2.55721327864738 0.414810640115209 0.412706342315095 2.70688824479997 0.674846795745356 0.913128456510042 6.73861971824772 1.46162990373544 0.395511691321792 3.84161702774037 2.3005392218615 0.77084122507046 3.9682852064108 2.67941552059501 8.6989421397085 0.886622622548924 1.12590259138813 3.55843995062851 2.70741953460937 0.419484623720863 6.33542001514423 0.0176403367930448 0.393811762293021 3.08306813409614 0.894416834144674 0 0 0 0 0 0 0 0 0 0 0 0 0 0 0 0 0 0 0 0 0 0
1.68195802833253 1.87508121696415 0.745186109771592 0.357101394696917 2.23965680682867 3.89024254041711 1.44333890362953 2.25956457987076 1.02054695843864 2.24840913398171 1.54679868316122 0.565745682639988 2.14720745272948 4.88206204755384 4.21843973157215 4.39926200629652 0.0843301801520408 0.49246083140884 1.04921473629416 2.8934147058409 2.94635222218282 10.2218777643173 0.739965195708673 0.166034679990462 2.62906506530695 1.4694188739235 0.305347914881734 7.86106470332834 0 0 0 0 0 0 0 0 0 0 0 0 0 0 0 0 0 0 0 0 0
0.469510685998733 1.70441174935669 0.452365145149147 0.95160056184985 1.53597400406125 3.22742648112698 1.12155312616946 1.44210165123357 0.855237858375853 1.11546464968011 6.80008626128353 1.3612829403865 1.00501037013461 1.87221824310532 1.98203546657875 0.176557916825176 0.383569062471331 0.611341134055634 1.65391546999833 1.17169635644156 7.87761259481633 5.37907223051016 0.285635915969821 4.80926758956852 4.83095023673491 1.87424314716239 0.829271633504236 0.225282326524619 0.181164030461689 0 0 0 0 0 0 0 0 0 0 0 0 0 0 0 0 0 0 0 0
0.190218539083637 0.341837799815783 0.244890120132663 0.495587605231609 2.54871354236109 5.86597621807508 0.320622078391857 0.396805607657785 4.84890620262084 3.29142693836173 1.71267749768684 1.84758603663625 1.28190492765455 0.0946047415937098 1.35251222096895 0.367053097356376 0.0779123126802521 0.720827856939649 1.60309652575921 1.96885933709379 1.24492493256872 0.190919188075574 0.00220093594020881 2.59517282710588 0.457714665475811 2.30142851871186 0.589924738466348 0.962301244020891 0.665613756375185 5.18253844977065 0 0 0 0 0 0 0 0 0 0 0 0 0 0 0 0 0 0 0
1.38326678172101 1.48542872367673 1.54855092365668 0.305446403501668 1.36963472355502 3.25585590076539 0.219669910706013 3.17590907560376 1.54088453919312 0.864339835890382 0.927724692314892 1.82387353351977 7.22649533049982 1.01018806053267 2.72934764498626 6.91895791533796 2.78525951126905 0.86271851153212 2.49796780653096 1.00491204224532 0.883394689360942 0.124743150442449 0.590060927909689 0.156418776138194 2.54135311814531 0.654522088620332 0.368687424793176 4.09612927649963 4.07666669206936 5.05144552002316 0.235806994001148 0 0 0 0 0 0 0 0 0 0 0 0 0 0 0 0 0 0
4.30854479548318 2.81268806755549 1.20971589659147 0.263193855884738 0.722387537825649 1.3635198197661 3.21872518896703 3.38842708726488 1.47081677671655 2.12515473751257 0.30145991264182 0.0182186959485259 0.881632475953332 1.51323019119002 1.14840970834989 2.93268220467765 6.59937557966467 0.67136380212263 1.15545149126905 0.429688188674532 0.519833191961741 0.681084780748836 3.61745630008555 0.714042110787133 1.03934355892784 2.06550413904553 1.06374938718489 1.15258721209506 0.0655765573627429 0.719775139858008 1.9416862092715 0.639708222605896 0 0 0 0 0 0 0 0 0 0 0 0 0 0 0 0 0
0.467037463398781 0.0657908858434584 4.49239233071318 0.928267361297675 0.793874570197878 4.28300725508194 1.29552998673559 0.574880879991328 3.25179426826389 0.244002295782221 1.37051012597176 2.19689749362759 7.06046025042861 1.90771460870668 4.14624641774238 1.26259293326049 2.2572301331361 2.25422058921042 1.40485932145675 0.0729862618023183 0.533143387665231 1.00248085936975 3.62674490387215 0.661576817214811 2.11996101471034 3.11530990660544 1.90100057310174 2.92610116733435 1.74859661119726 2.86449850520093 3.15047281457239 0.98399053959352 4.13906074124139 0 0 0 0 0 0 0 0 0 0 0 0 0 0 0 0
2.09009462862411 1.6540354451032 6.84220725357589 2.59246842222158 2.85327492540061 2.05680704945867 2.05296617375212 2.86574720028627 0.083616661838555 0.0118340491400496 0.683004320736933 1.1382700931768 0.936369540827033 0.27837894977703 0.481116827785938 2.58711091991083 1.16721413554296 1.71868299550493 1.32748382746778 5.22474271497918 0.08913319405505 3.8920209089795 0.136760812028168 0.139367566867281 0.177188592471882 3.64982629175287 1.47749996078545 1.42111883055798 1.87862921617395 1.93371543440732 0.740595353441298 0.214624572201053 0 0 0 0 0 0 0 0 0 0 0 0 0 0 0 0 0
4.2812858789761 0.631514159052924 0.13897077495296 0.815439986975464 1.01544661074795 1.82435958395965 0.904936704064654 1.58308735048813 1.59982296887101 7.95529990242179 6.10110616816575 1.72523383080697 5.48414829273142 2.61347798980041 0.711710259473413 1.6358206545595 5.30256639973016 2.87865254202116 5.07259573293837 0.178353013122345 3.01295952515755 0.419498684088579 4.28848011661055 1.89221931555099 7.97808750063884 1.45531391260245 3.28881035989699 0.166284500196346 0.33571519093459 0.963654957808384 0 0 0 0 0 0 0 0 0 0 0 0 0 0 0 0 0 0 0
2.22583025602905 0.632274256928264 0.486889084251575 2.69719631314395 0.987494755366502 0.152044965851693 0.96611324925057 2.28386248801435 1.60654307008294 3.03957027652151 0.27931647873494 0.956298702465122 1.99432264279223 1.27952565453305 3.77785116532325 1.52984596799905 1.27125365134243 5.49984805887379 2.29447461507603 3.97025343313202 0.884890544654602 1.41827619317476 1.72846606529512 1.92340444078754 1.10610546101414 1.91653529278477 2.18460297373332 0.328882098606515 0 0 0 0 0 0 0 0 0 0 0 0 0 0 0 0 0 0 0 0 0
0.0733706746497831 2.20173842003106 2.86824865300868 0.541621550151526 0.107279082981923 0.0711297857692527 0.787439163092603 1.10553195539926 7.12849033389303 0.675896782876123 1.20252285436364 1.05755580901059 0.396416213280279 2.11078883933539 1.75258062091739 1.84722623827368 1.60690530784707 1.26656830061343 0.102798117433607 0.0342696525698703 0.00776510514478301 1.64616273427649 4.55557410341538 0.496685181851355 1.11997931141156 1.41849225551779 0 0 0 0 0 0 0 0 0 0 0 0 0 0 0 0 0 0 0 0 0 0 0
0.254679099848382 0.58699353288077 3.97164536851678 0.65048387288793 0.0265946951429315 10.392157618824 0.202362136783667 0.779271119516127 0.859440911422225 1.48323529982006 1.80603312487261 10.0511278538475 1.7140370803764 0.287322912981797 0.744590625440802 2.68787356757255 1.07481458040339 2.23811732697407 0.932462654056671 2.0447053476071 0.148406166683087 5.85814800040244 0.348043871722821 0.0555189206255775 0 0 0 0 0 0 0 0 0 0 0 0 0 0 0 0 0 0 0 0 0 0 0 0 0
0.234472277971898 2.16584325529229 1.1224842271586 0.778557238100668 3.39301030358206 1.62474167351131 0.18449844580331 6.97252612526087 4.96271265563632 1.02336963269234 3.8119938648536 1.53345134854026 1.0230091851953 6.43840819917529 6.79605262617776 0.761392252580047 13.6118574070901 2.21038610247018 1.31946457954685 10.1693014527252 2.85400374554807 0.192254509096574 0 0 0 0 0 0 0 0 0 0 0 0 0 0 0 0 0 0 0 0 0 0 0 0 0 0 0
1.06428515300111 1.44832425922971 0.809613203453258 4.08856508994863 0.184866046791288 0.623978290934647 1.50031915356064 1.6389293477671 0.247680588544419 0.642262807882564 0.582720479087229 1.44158566250391 3.49152663619673 0.431838724697828 7.35061476556939 4.8488626265337 2.98246872321086 3.92276438901077 1.47745138667802 0.659679880866643 0 0 0 0 0 0 0 0 0 0 0 0 0 0 0 0 0 0 0 0 0 0 0 0 0 0 0 0 0
0.0181650310590603 0.167014673964129 0.373989910003548 0.639298981568636 11.8454868629793 3.9597588978122 1.63486420102405 4.38495740525558 0.0819140711993813 0.327197371335952 3.74795387846346 1.51238762219741 0.302134477651371 0.197841902407178 4.77738652716763 5.13010059688913 2.57844591708122 12.5253401214756 0 0 0 0 0 0 0 0 0 0 0 0 0 0 0 0 0 0 0 0 0 0 0 0 0 0 0 0 0 0 0
0.26062975049 3.95572049633335 0.760705132516153 0.708139751203984 4.30235367987469 2.63187421431868 2.54205323693323 13.8951436196911 2.11952622918681 3.21844075728037 4.06917819826261 2.1310627722562 2.18376645391831 0.133852238996112 2.76733849563705 3.70967890867291 0 0 0 0 0 0 0 0 0 0 0 0 0 0 0 0 0 0 0 0 0 0 0 0 0 0 0 0 0 0 0 0 0
2.67617679968865 1.05628218019891 0.154918547484092 0.872624546814964 0.217524603069883 3.01074571054284 3.61424067964724 2.32382136112424 3.99044790657743 0.850269825040444 13.4009846503838 0.148674847889172 3.02757519726902 0.560722973148453 0 0 0 0 0 0 0 0 0 0 0 0 0 0 0 0 0 0 0 0 0 0 0 0 0 0 0 0 0 0 0 0 0 0 0
0.525234079569128 1.22345969764992 0.127861404551809 0.739766617629206 2.1388061605493 1.52546491485657 0.230242387330641 1.29217292282307 3.38662811376301 1.17643859438595 0.202120513661296 2.59497436442815 0 0 0 0 0 0 0 0 0 0 0 0 0 0 0 0 0 0 0 0 0 0 0 0 0 0 0 0 0 0 0 0 0 0 0 0 0
6.04802624115081 0.236794108626079 2.84512616634815 4.17295785045586 1.21979626232466 0.326979217869386 0.222092494681075 2.86179035089951 0.357054535577695 0.0704286462986448 0 0 0 0 0 0 0 0 0 0 0 0 0 0 0 0 0 0 0 0 0 0 0 0 0 0 0 0 0 0 0 0 0 0 0 0 0 0 0
2.42722961825801 3.87613908870776 1.0336049510082 10.1655738363412 5.08484832746303 1.19627864934324 2.65647402459194 0.732894972653052 0 0 0 0 0 0 0 0 0 0 0 0 0 0 0 0 0 0 0 0 0 0 0 0 0 0 0 0 0 0 0 0 0 0 0 0 0 0 0 0 0
3.04694048070481 1.67328924831266 3.18509716388696 0.069072242079974 5.4969605596344 3.21950153412447 0 0 0 0 0 0 0 0 0 0 0 0 0 0 0 0 0 0 0 0 0 0 0 0 0 0 0 0 0 0 0 0 0 0 0 0 0 0 0 0 0 0 0
5.22961772828144 1.1287468988467 3.57007645227136 1.17946505003272 0 0 0 0 0 0 0 0 0 0 0 0 0 0 0 0 0 0 0 0 0 0 0 0 0 0 0 0 0 0 0 0 0 0 0 0 0 0 0 0 0 0 0 0 0
6.62470305893646 0.553259960426042 0 0 0 0 0 0 0 0 0 0 0 0 0 0 0 0 0 0 0 0 0 0 0 0 0 0 0 0 0 0 0 0 0 0 0 0 0 0 0 0 0 0 0 0 0 0 0
