0.800230689342397 0 0 0 0 0 0 0 0 0 0 0 0 0 0 0 0 0 0 0 0 0 0 0 0 0 0 0 0 0 0 0 0 0 0 0 0 0 0 0 0 0 0 0 0 0 0 0 0
0.232760125343077 7.4872557301361 0 0 0 0 0 0 0 0 0 0 0 0 0 0 0 0 0 0 0 0 0 0 0 0 0 0 0 0 0 0 0 0 0 0 0 0 0 0 0 0 0 0 0 0 0 0 0
1.23959938217036 1.57769867864198 0.268037147807792 0 0 0 0 0 0 0 0 0 0 0 0 0 0 0 0 0 0 0 0 0 0 0 0 0 0 0 0 0 0 0 0 0 0 0 0 0 0 0 0 0 0 0 0 0 0
2.61709574609769 5.85605401671097 1.95766486307979 4.06876640147217 0 0 0 0 0 0 0 0 0 0 0 0 0 0 0 0 0 0 0 0 0 0 0 0 0 0 0 0 0 0 0 0 0 0 0 0 0 0 0 0 0 0 0 0 0
1.3436906121942 1.08809471700229 5.15877407942309 0.199115429844669 0.103819002387632 0 0 0 0 0 0 0 0 0 0 0 0 0 0 0 0 0 0 0 0 0 0 0 0 0 0 0 0 0 0 0 0 0 0 0 0 0 0 0 0 0 0 0 0
3.89560793465653 3.8683822257047 0.817397565674752 3.48902692251837 5.79907845807796 0.94036976626814 0 0 0 0 0 0 0 0 0 0 0 0 0 0 0 0 0 0 0 0 0 0 0 0 0 0 0 0 0 0 0 0 0 0 0 0 0 0 0 0 0 0 0
0.60286586607549 16.2204277096864 2.51869210407048 10.0922428197682 0.140196678701964 0.637314341829034 0.293631717568835 0 0 0 0 0 0 0 0 0 0 0 0 0 0 0 0 0 0 0 0 0 0 0 0 0 0 0 0 0 0 0 0 0 0 0 0 0 0 0 0 0 0
6.618597717922 9.24914729487146 2.29874126413406 2.57987271794504 1.59821449143696 7.00522480754283 5.70651879377442 0.951289689527604 0 0 0 0 0 0 0 0 0 0 0 0 0 0 0 0 0 0 0 0 0 0 0 0 0 0 0 0 0 0 0 0 0 0 0 0 0 0 0 0 0
2.70516795775466 13.2590087083152 5.03978085309159 4.72756673933533 4.30432521444305 1.5868351092245 4.88071644136238 0.658493407187793 2.52678778920497 0 0 0 0 0 0 0 0 0 0 0 0 0 0 0 0 0 0 0 0 0 0 0 0 0 0 0 0 0 0 0 0 0 0 0 0 0 0 0 0
3.28900501683155 1.82852548715081 4.94301979533401 5.17146501870822 1.47853901085495 0.952290851390251 0.577926022306403 2.16384926279307 11.273435925477 1.51141383293529 0 0 0 0 0 0 0 0 0 0 0 0 0 0 0 0 0 0 0 0 0 0 0 0 0 0 0 0 0 0 0 0 0 0 0 0 0 0 0
2.41950178906013 1.74556918727636 0.390113617023463 0.615421373937743 0.421375354719046 3.08359836264957 4.48905671331814 10.002282491132 5.25098069059938 0.242882330093152 0.763518667747316 0 0 0 0 0 0 0 0 0 0 0 0 0 0 0 0 0 0 0 0 0 0 0 0 0 0 0 0 0 0 0 0 0 0 0 0 0 0
0.292340895425999 1.11117509915953 1.31386603014128 0.210182677780799 2.53741076934348 0.0527015739464205 2.84914705491351 3.13309585229886 0.294351392542674 2.05016642877726 0.689111584806495 0.479947479955636 0 0 0 0 0 0 0 0 0 0 0 0 0 0 0 0 0 0 0 0 0 0 0 0 0 0 0 0 0 0 0 0 0 0 0 0 0
0.212494928801479 1.82369512781303 4.38341811163198 0.201630935067834 2.06109293609847 1.42613867182172 3.92442807649759 1.85150423713341 0.506764767126682 4.30131889233567 0.246373905971654 1.22744775484797 0.711230292775921 0 0 0 0 0 0 0 0 0 0 0 0 0 0 0 0 0 0 0 0 0 0 0 0 0 0 0 0 0 0 0 0 0 0 0 0
4.33935989103346 1.52359233894003 0.522838727572606 2.77023020853444 0.42016458900992 1.1720666078044 0.380717427809727 1.89297446780533 11.6319377894561 7.84652981426657 3.36187814689675 1.9033665314772 0.775763001244113 0.165913542531472 0 0 0 0 0 0 0 0 0 0 0 0 0 0 0 0 0 0 0 0 0 0 0 0 0 0 0 0 0 0 0 0 0 0 0
0.944085111164562 1.64968936085969 0.108877150987644 10.6816777585425 0.881795885366441 4.25064413143501 1.4683435199968 11.3453120627884 6.24373552766483 3.35536488318158 5.16153457214309 0.446613754756807 4.20418929746422 5.01942356331056 0.660297491758316 0 0 0 0 0 0 0 0 0 0 0 0 0 0 0 0 0 0 0 0 0 0 0 0 0 0 0 0 0 0 0 0 0 0
0.925101884827097 1.04276938408142 0.688015445500513 3.03458906922483 4.35554346333471 4.1523559372641 2.82463725957173 5.45313956516739 0.8348875388036 1.55465342774847 2.63387698810272 2.38732076311771 3.36493541229199 0.867703095997082 4.19062436609593 1.93343501855133 0 0 0 0 0 0 0 0 0 0 0 0 0 0 0 0 0 0 0 0 0 0 0 0 0 0 0 0 0 0 0 0 0
4.09006300667245 6.8022902694418 4.53084872460357 0.0590295335909471 14.5597451894978 1.76152411209075 1.38151732787823 0.0686110538305533 5.4553579417979 1.55477788478173 0.992095696296307 1.56981599027496 0.507523938414242 9.42909758691645 1.16274392861586 1.25094320713565 3.50274568149305 0 0 0 0 0 0 0 0 0 0 0 0 0 0 0 0 0 0 0 0 0 0 0 0 0 0 0 0 0 0 0 0
1.84022524030146 7.07096886898608 2.1733204721627 5.44458345964663 0.271730636460677 4.21918108247498 0.116898815227424 1.7173436640583 1.51313923997622 2.18447208761968 0.136216103832469 0.238949516132775 6.35797678098464 1.25983581653581 0.112162145444473 0.271765124799811 0.379630206840886 0.57843381806983 0 0 0 0 0 0 0 0 0 0 0 0 0 0 0 0 0 0 0 0 0 0 0 0 0 0 0 0 0 0 0
0.338648563183876 1.89824038942255 0.758185441026719 15.1290383053213 0.191153853728095 5.06924245882516 4.26168908575331 0.157183089446369 5.08678715927943 0.943336069669545 1.12087123775346 7.56599644836752 4.02226048078338 5.34594344237136 1.55915112313274 0.243167506025391 0.562075130747673 2.93029186627535 4.43632047780711 0 0 0 0 0 0 0 0 0 0 0 0 0 0 0 0 0 0 0 0 0 0 0 0 0 0 0 0 0 0
1.00453739555863 4.45082159112109 2.42249887255112 11.3825090787608 1.68712222233739 2.45931857860629 0.340023248026333 1.19937266566456 1.44983009119037 0.0857240889151134 2.5470122578802 1.14525867264926 2.13259590031376 0.594868314725041 2.01198958706528 0.744095280367418 0.524741156753449 1.02774850616653 5.76345910572664 1.14395199369719 0 0 0 0 0 0 0 0 0 0 0 0 0 0 0 0 0 0 0 0 0 0 0 0 0 0 0 0 0
7.83486235419942 0.119995253875007 1.09944251868717 1.77812691713142 5.50537385148172 1.8140547284203 2.63923489423506 3.69585578266363 0.888949272445027 6.90541726556602 1.96588840248514 1.10459658037785 0.163846409359496 0.175042489083566 1.19508407391261 3.1721560546385 9.52930102031076 1.74789151761425 0.321760652177514 4.51777366528242 5.73055518279058 0 0 0 0 0 0 0 0 0 0 0 0 0 0 0 0 0 0 0 0 0 0 0 0 0 0 0 0
3.90959460291824 13.3697168964391 0.00061282952251076 2.02084331061294 0.0237504417088874 3.00173650508645 0.148290710842109 1.09284813417796 1.57236201195748 1.06057125195658 8.31283997937601 0.824794774109773 1.53134325068054 1.9405927668587 1.19024902914497 0.511165846932464 3.22586271876229 6.4113058713514 9.55296119403534 1.92049277376258 0.729542551141787 1.0997361215627 0 0 0 0 0 0 0 0 0 0 0 0 0 0 0 0 0 0 0 0 0 0 0 0 0 0 0
6.28486567196542 3.39259035170567 6.4635591732807 2.78260398037497 3.63539714707689 4.10980847151396 1.93307240101156 5.34594510315857 2.85362910611493 2.01736882052268 1.32914933104763 0.530529648782062 0.795304760196029 0.0128030099040301 1.89505226323099 1.1024082704457 1.11212812134064 4.43733516028873 4.88408704405288 1.12182485665022 2.76929461861282 4.97455775807894 1.00264749087407 0 0 0 0 0 0 0 0 0 0 0 0 0 0 0 0 0 0 0 0 0 0 0 0 0 0
0.803302593637075 2.55382950982911 0.482626968408037 3.18952240170398 0.566269011099292 3.16500882455523 3.44125861380377 1.71619938086283 3.51370049888302 5.50914454565682 7.61402855448601 2.65644674363068 7.7895792852274 0.151390187682368 3.13365961059178 1.24705874692997 3.67668803821456 0.917897527246429 0.127616051160746 0.944428200205749 1.86350660110174 4.76718585077563 5.64200524612084 0.612973215260136 0 0 0 0 0 0 0 0 0 0 0 0 0 0 0 0 0 0 0 0 0 0 0 0 0
8.90551009406344 2.55609340929247 8.73208815961746 3.86027357480029 11.1478394634507 4.02875377261098 1.8154008688634 2.00088127849949 0.480578367590495 5.15441016758505 3.33209399711414 1.35732995564651 3.60184102711438 1.33497080908057 0.37108714356668 2.54538341672457 8.27701117290368 3.15326183843855 2.31091142564267 0.209752912102578 1.2405134845911 6.34215325016353 0.651990545096555 2.45249144373466 0.17470046443497 0 0 0 0 0 0 0 0 0 0 0 0 0 0 0 0 0 0 0 0 0 0 0 0
0.836205312628418 1.96700900614085 3.31581835129588 2.34675683858986 1.94016844435108 2.34347980724212 4.29790572273228 2.64238242015374 0.441370528536479 3.53514690343752 1.59376266814906 0.138913621855321 1.33826576309255 0.883035144154308 2.28901667384666 1.00748812071587 3.55891150785136 1.88794344074397 0.850845329566625 0.237922803696327 3.9635080089282 0.0875820777166991 0.701436946472071 3.05975011144964 0.878579109892462 0.623122546196603 0 0 0 0 0 0 0 0 0 0 0 0 0 0 0 0 0 0 0 0 0 0 0
0.0737150044260296 2.37411424114126 2.06012497525621 5.09544657517921 2.4745563355057 0.925951580786119 3.38160710758776 3.02179917891512 0.625600245097042 3.1184891951037 1.31969587701512 0.844779437332326 6.49283779354941 7.37181898749945 0.158903214069809 1.89893906701416 3.20125048532135 4.16826249948983 7.36687708821039 3.2648683534732 1.42653640475338 1.94849982478718 2.15843716404805 8.45154705298126 0.834467305570213 2.30195007833946 0.396323300981777 0 0 0 0 0 0 0 0 0 0 0 0 0 0 0 0 0 0 0 0 0 0
0.513736184340662 2.86720036628486 5.77523114184618 0.0512760429939533 0.938362064655536 7.48131796143423 3.65219215314346 5.32540788296381 2.09749063655789 2.15469625380069 0.117542915104011 0.805809604214012 1.36277295621099 0.0755915256830816 0.638608238461938 2.75312086235128 6.93163394017095 0.608116733632404 1.44647532124989 2.7462595666383 0.0537490555300271 0.945863182850345 1.50800552190356 2.40271529039943 1.20390029038718 6.40707632281339 1.03775929559979 8.1184446422055 0 0 0 0 0 0 0 0 0 0 0 0 0 0 0 0 0 0 0 0 0
1.28123187978178 7.77906986994044 1.62698095098522 3.5808755664061 4.91675714403766 1.41179417203258 4.59617723493564 0.750184603652299 3.71386477320892 4.83328194984816 0.00816978068895035 1.10139927964837 0.0342082972672604 2.20734419813474 1.62477221182314 1.8512576842633 2.2671952851805 5.54294404888343 1.49175125845345 2.02647034770416 0.0225031947912222 1.76350842172428 0.0738078698249884 2.31786280031307 3.3499075633858 5.88944918745467 4.17943028446987 3.59697527208977 2.21126557084231 0 0 0 0 0 0 0 0 0 0 0 0 0 0 0 0 0 0 0 0
1.62505727820712 0.492938268351714 0.283819766087637 0.00123422350362586 0.46467831168258 2.81863034899673 0.448709479248098 1.32225055994772 1.84738343807622 2.13100879568335 0.929561643823064 0.0233002952221561 0.156073111005374 4.34107285050403 4.555089830842 5.17727291672839 3.47000157604619 1.10575387842246 1.65188520696662 2.73037792351988 1.06404835160741 1.22836645951916 1.45697490397251 4.17629595035953 2.12121231404009 6.69414811680342 2.01109534733829 5.94891126806288 3.21875793345173 1.47361635102156 0 0 0 0 0 0 0 0 0 0 0 0 0 0 0 0 0 0 0
0.369084917587704 4.74847290739145 2.26482205938421 3.42667404650861 0.653919028187027 5.39726017462338 1.80473376978431 0.259887294346629 2.57446537292083 10.5330584127822 2.5485088652981 0.693385044233297 0.855563697257036 5.02517761650241 1.8835035617808 4.27437028373942 4.27504215295732 1.6893477715557 4.07066394168623 0.0402406980183978 3.38514022404905 1.73999509908001 2.11124694027079 5.0993822560316 2.80162310257655 2.33490828012603 1.99015242815101 1.78947429365635 0.836309187576175 2.05443292244707 1.46670845917576 0 0 0 0 0 0 0 0 0 0 0 0 0 0 0 0 0 0
3.47150011763 0.0835489416134498 1.9278759227703 5.40696985308084 5.46668272240457 6.07352270372534 3.36647017291808 0.772419134685364 1.0048655944213 10.9117366680404 10.2892280344781 1.7782549746637 3.07630312743991 1.10337033520018 2.66524390680981 0.623269457542861 1.63322870917625 0.438479369374639 1.28317707272913 0.641573732640697 0.730501329135577 0.380833493589488 0.742315911269911 2.62039635548148 14.9987901835116 2.25332733113734 1.04373533554044 3.72111860367653 1.89415590668002 2.79540290472266 2.46193204825792 6.33520856616718 0 0 0 0 0 0 0 0 0 0 0 0 0 0 0 0 0
0.991300032605557 6.29281404644792 0.691773217283429 0.440422980468749 0.93483048488038 0.443983204556038 2.94613094850616 10.2749716267665 5.91780130797519 1.04391125224586 1.96137165240962 5.20975343699026 1.23630060933964 7.38464098704875 1.90455851885692 1.41820961138968 0.442091887984362 0.405108263795055 1.90060396502894 3.04740073094732 2.23286830287401 6.81744775141722 0.407526668316087 2.73414517981435 0.488797115453728 0.561226007663604 1.27574153269317 2.62951660042939 0.397320944147569 1.12107837355787 4.18482535146095 1.68216386599248 3.14564840688876 0 0 0 0 0 0 0 0 0 0 0 0 0 0 0 0
3.84475158981831 4.53271376395075 0.957048512462006 0.310385912350545 2.47972069328286 2.36277338194741 5.97938844348029 1.16897364658351 0.259664623605276 0.407070294340046 2.74268860587334 2.81736994164147 7.38718261594214 6.17888072524379 4.46195630232042 6.30028014961471 0.678738857547026 5.84120493321597 1.46013878188485 5.08346741081716 2.07941220264677 0.0290903895989817 2.54605232740672 1.18875717803976 3.20899448686331 0.161633679750496 4.01472904027345 2.37140628229693 5.32923760843144 0.882110924373293 1.72717620205064 0.367215944592462 0 0 0 0 0 0 0 0 0 0 0 0 0 0 0 0 0
2.71979868814903 1.36194305153027 7.72550700330688 0.0732628442598036 3.20123812791942 0.836422362129412 3.39372376448202 2.44913211228253 3.44332012254271 4.28466934022007 1.3273215843849 4.64974908983337 0.924491511779468 0.100395290880093 3.4214889651124 0.564911697824485 0.842290600134691 0.570146041736682 0.463994796065103 0.961308837453266 2.59583928883342 5.41894518647018 1.7276120097336 1.46491654351732 4.12860934133675 4.16255468642037 5.88446691846745 1.87942663856383 4.05472173058366 1.59642235519545 0 0 0 0 0 0 0 0 0 0 0 0 0 0 0 0 0 0 0
0.457816046235393 1.14829074992678 1.83643791701004 3.16785016337905 0.383600648339594 1.63435206925642 2.61334136002689 1.15821993473336 0.498410586160499 3.25846552371392 0.0377854444544281 5.392376549136 0.917676761976967 2.21440367557319 0.300155930008702 0.401770112384847 2.38039448401515 3.74291599043565 2.1777127351997 1.56604320582068 2.23672697252904 2.71553715180423 14.5206915985438 0.575416808567852 0.705597416587101 1.66873408557485 0.813890424802614 0.424228228435674 0 0 0 0 0 0 0 0 0 0 0 0 0 0 0 0 0 0 0 0 0
1.81394287593525 0.0632152341053289 5.02104095956005 0.53438053803153 5.76657891448008 3.43945931666635 1.59642725005031 0.846729754722131 0.243833600795395 0.211284382891579 1.36583069555531 2.12218896493995 3.17119906553541 1.42706034518988 1.90634902234284 1.23228258354151 4.23995709048726 3.15359296715695 5.66017566244416 1.35592171917081 0.454126570084933 1.1823476110729 0.867196737322824 1.26222718444148 8.09607645524547 9.80639327466703 0 0 0 0 0 0 0 0 0 0 0 0 0 0 0 0 0 0 0 0 0 0 0
0.318301250574384 1.51408861331589 0.838201773782798 4.8582435945075 2.37382866420962 3.46921055485821 4.65314412899787 2.88456823151675 1.16401444172107 1.08964524978238 5.31655360818402 2.85463483329053 1.81780132362926 0.561737781968433 2.34664269803166 2.45634978454093 0.437716289402144 3.27735696694801 0.366826186050085 0.783334466253409 1.34250394573079 7.1418847270411 1.36366937538232 0.652678515148067 0 0 0 0 0 0 0 0 0 0 0 0 0 0 0 0 0 0 0 0 0 0 0 0 0
3.07368054611325 8.14650072309735 2.86370990024893 0.0479695750940387 3.4645559521762 2.21687216043844 1.99761864082753 2.23554529557584 0.601970778373409 1.04139994665452 0.825532195310295 5.56647105411572 2.18514697730211 4.19170139258996 0.823954373885724 6.3646246789135 2.53429652171338 0.497111824537206 0.324162182514923 1.9303264834367 0.568299007779233 0.546666239033649 0 0 0 0 0 0 0 0 0 0 0 0 0 0 0 0 0 0 0 0 0 0 0 0 0 0 0
2.59718120733158 2.52792990175863 1.60307528316294 1.84758690701258 2.20509045659933 2.5586928065451 0.198864129658846 2.635490787461 2.40581766034809 0.408279170522814 3.41604288975116 0.628905346193783 0.262151497301603 0.0655955572634278 4.47759316080587 3.99314827474913 3.74231463063865 1.86300895308197 1.79752161925423 4.372030547605 0 0 0 0 0 0 0 0 0 0 0 0 0 0 0 0 0 0 0 0 0 0 0 0 0 0 0 0 0
4.36508971456348 0.580361365958358 6.70878426693676 0.739856541021206 0.900041768425428 0.153547434549603 5.07113136830005 5.62803486847743 4.12434526596167 1.93341132707068 0.310526268455351 4.17112791162375 1.95984943416399 4.44943079865076 4.96277031479521 0.049229899323034 3.5935330123188 1.99303918303857 0 0 0 0 0 0 0 0 0 0 0 0 0 0 0 0 0 0 0 0 0 0 0 0 0 0 0 0 0 0 0
4.30529250360158 0.185205696628595 6.62777801952015 2.23425456580128 2.49746506748643 0.16105881210741 4.39072726447617 0.540669196736679 0.842934385513887 0.811974122052982 1.11867255096904 0.145497146423206 0.128050120447643 1.54505495564245 3.63177676316479 1.37552475097522 0 0 0 0 0 0 0 0 0 0 0 0 0 0 0 0 0 0 0 0 0 0 0 0 0 0 0 0 0 0 0 0 0
0.406957707658435 2.76648244870502 0.825012341132175 0.167651734110572 0.193815049801048 0.593970415645828 1.49795008581525 0.702142050071869 2.35005944600409 1.59114268036648 2.29696341736722 0.0905158801268509 0.802314439371668 0.51909555891575 0 0 0 0 0 0 0 0 0 0 0 0 0 0 0 0 0 0 0 0 0 0 0 0 0 0 0 0 0 0 0 0 0 0 0
1.30547027429839 0.348108306121222 2.58862684159101 0.735571934965656 0.935038783207088 4.33597237469299 1.05603262900792 4.06627771784297 0.430097043388004 0.485830106061171 0.23849889651316 1.63322645311633 0 0 0 0 0 0 0 0 0 0 0 0 0 0 0 0 0 0 0 0 0 0 0 0 0 0 0 0 0 0 0 0 0 0 0 0 0
1.36839471200838 3.50612778504981 0.319891418683245 3.5237942618218 0.370062927067633 4.09783420454376 2.51476255590576 4.38112957306439 0.0379249748434633 0.692798789635997 0 0 0 0 0 0 0 0 0 0 0 0 0 0 0 0 0 0 0 0 0 0 0 0 0 0 0 0 0 0 0 0 0 0 0 0 0 0 0
0.926099700291918 8.18338637388058 1.02177650260884 3.18948663816721 1.19182235716505 3.20272662490243 0.27342316837755 0.0793103683645915 0 0 0 0 0 0 0 0 0 0 0 0 0 0 0 0 0 0 0 0 0 0 0 0 0 0 0 0 0 0 0 0 0 0 0 0 0 0 0 0 0
0.773995384664184 7.07226316112273 7.87553752915228 0.897580322793297 0.574751144169844 0.75276678359849 0 0 0 0 0 0 0 0 0 0 0 0 0 0 0 0 0 0 0 0 0 0 0 0 0 0 0 0 0 0 0 0 0 0 0 0 0 0 0 0 0 0 0
0.63480982386319 0.083526823605837 0.78498563286174 0.810432593453081 0 0 0 0 0 0 0 0 0 0 0 0 0 0 0 0 0 0 0 0 0 0 0 0 0 0 0 0 0 0 0 0 0 0 0 0 0 0 0 0 0 0 0 0 0
1.171556107785 1.39789237676413 0 0 0 0 0 0 0 0 0 0 0 0 0 0 0 0 0 0 0 0 0 0 0 0 0 0 0 0 0 0 0 0 0 0 0 0 0 0 0 0 0 0 0 0 0 0 0
