13.9976400089878 0 0 0 0 0 0 0 0 0 0 0 0 0 0 0 0 0 0 0 0 0 0 0 0 0 0 0 0 0 0 0 0 0 0 0 0 0 0 0 0 0 0 0 0 0 0 0 0
15.1403973891524 8.96037526388525 0 0 0 0 0 0 0 0 0 0 0 0 0 0 0 0 0 0 0 0 0 0 0 0 0 0 0 0 0 0 0 0 0 0 0 0 0 0 0 0 0 0 0 0 0 0 0
8.06731786886523 14.4613629259579 3.40065536249563 0 0 0 0 0 0 0 0 0 0 0 0 0 0 0 0 0 0 0 0 0 0 0 0 0 0 0 0 0 0 0 0 0 0 0 0 0 0 0 0 0 0 0 0 0 0
17.4574152182051 5.87292404583577 5.07492989294524 4.28586711047635 0 0 0 0 0 0 0 0 0 0 0 0 0 0 0 0 0 0 0 0 0 0 0 0 0 0 0 0 0 0 0 0 0 0 0 0 0 0 0 0 0 0 0 0 0
1.12587369983637 5.21007914297513 1.29467684216789 8.35074535941825 0.637338495892125 0 0 0 0 0 0 0 0 0 0 0 0 0 0 0 0 0 0 0 0 0 0 0 0 0 0 0 0 0 0 0 0 0 0 0 0 0 0 0 0 0 0 0 0
2.35051169101032 2.44584745437552 0.541144674959371 2.97701191318891 2.22526395566588 0.440276518589484 0 0 0 0 0 0 0 0 0 0 0 0 0 0 0 0 0 0 0 0 0 0 0 0 0 0 0 0 0 0 0 0 0 0 0 0 0 0 0 0 0 0 0
0.0988868680908775 2.74061023754528 1.68350597974353 2.15787938614259 0.930616802607702 0.173149257326798 0.257697461320911 0 0 0 0 0 0 0 0 0 0 0 0 0 0 0 0 0 0 0 0 0 0 0 0 0 0 0 0 0 0 0 0 0 0 0 0 0 0 0 0 0 0
0.144612381111883 3.67246571605442 2.00948442181575 2.6744626968843 3.37148808999613 1.71403827592387 1.25957189348454 0.85158646028359 0 0 0 0 0 0 0 0 0 0 0 0 0 0 0 0 0 0 0 0 0 0 0 0 0 0 0 0 0 0 0 0 0 0 0 0 0 0 0 0 0
2.47229480053129 1.23258015819619 0.531693530500602 0.567183705975188 5.1860900715658 1.84073809117965 2.14608946293758 0.747504298980348 0.341753713735691 0 0 0 0 0 0 0 0 0 0 0 0 0 0 0 0 0 0 0 0 0 0 0 0 0 0 0 0 0 0 0 0 0 0 0 0 0 0 0 0
3.00855363837663 1.26042664460317 2.84730013293468 5.85269356827873 0.903264608982351 1.6523843141392 0.757700821871943 0.319307298470813 5.73088710587456 1.07893136880118 0 0 0 0 0 0 0 0 0 0 0 0 0 0 0 0 0 0 0 0 0 0 0 0 0 0 0 0 0 0 0 0 0 0 0 0 0 0 0
0.820323397799856 3.48787178220043 6.86022300747368 5.95015962549027 7.24316679996279 3.84081253611093 0.109264079210665 6.09978676617069 0.282316698803402 1.69731805135509 3.6047618026407 0 0 0 0 0 0 0 0 0 0 0 0 0 0 0 0 0 0 0 0 0 0 0 0 0 0 0 0 0 0 0 0 0 0 0 0 0 0
2.35372153405142 4.46288019215579 6.11814173238911 5.77815077089898 0.383611786591982 3.04200177561003 0.963063787776065 2.56809960356588 2.25216325147653 0.650969190817161 2.03009386258357 1.26447894634867 0 0 0 0 0 0 0 0 0 0 0 0 0 0 0 0 0 0 0 0 0 0 0 0 0 0 0 0 0 0 0 0 0 0 0 0 0
2.5917369545851 0.670097507523451 2.88359016711838 0.306975931059175 1.1178288395162 0.430986060338189 3.28064850437788 3.15590713576434 2.62734345950906 8.73126196064013 1.86279183666063 2.08338234634681 3.4998906808937 0 0 0 0 0 0 0 0 0 0 0 0 0 0 0 0 0 0 0 0 0 0 0 0 0 0 0 0 0 0 0 0 0 0 0 0
5.08449963058615 3.65252678606447 0.215837572411244 1.58008721505295 0.215039455364348 6.00013618727553 0.500816539935098 2.06613359897436 1.18196381911945 0.36650752583921 0.318494106674247 0.866425161094425 1.24092194425145 0.237931730146577 0 0 0 0 0 0 0 0 0 0 0 0 0 0 0 0 0 0 0 0 0 0 0 0 0 0 0 0 0 0 0 0 0 0 0
1.70104631235653 0.189223581379716 6.24203752596428 0.128945582760484 11.0746117821542 0.484784244258114 5.22202098473475 1.74402122842455 3.12671606564039 2.72472632780464 0.0417746324879776 0.463638157960913 1.13151919085609 2.52230025725084 5.29743162373187 0 0 0 0 0 0 0 0 0 0 0 0 0 0 0 0 0 0 0 0 0 0 0 0 0 0 0 0 0 0 0 0 0 0
2.06680001334365 1.14560498936131 1.32474357732196 0.777057216024944 1.34387958222424 0.0139933719912025 0.423862120368125 1.01404124163733 0.199917311065582 2.67093728956927 5.00851612995103 6.05403457248531 1.28741824767641 0.150893208546582 2.81910215394183 1.71290494693168 0 0 0 0 0 0 0 0 0 0 0 0 0 0 0 0 0 0 0 0 0 0 0 0 0 0 0 0 0 0 0 0 0
2.70570142094971 0.031388441844807 1.97626294335229 1.31511816347634 2.66879361565195 0.36261363855955 2.38567672853112 0.399530197245364 2.26056699445904 1.37448495592134 1.2068335864097 2.62214067611099 0.575540892872392 0.684576317411614 1.35621104546496 0.438994783880289 2.00677912437496 0 0 0 0 0 0 0 0 0 0 0 0 0 0 0 0 0 0 0 0 0 0 0 0 0 0 0 0 0 0 0 0
0.77150421026417 0.943645564871795 2.17188394821655 1.6048273225389 7.18288669091821 1.25805549721341 1.32551996951756 0.999518219204508 1.68774836119316 1.0149740421462 0.753719774736754 3.54188240817066 3.13110371328201 1.15750726156779 2.30818322426702 0.814513725873321 1.73913112206712 1.16456921408316 0 0 0 0 0 0 0 0 0 0 0 0 0 0 0 0 0 0 0 0 0 0 0 0 0 0 0 0 0 0 0
0.978933901926658 4.86094223731209 1.14282552405924 0.938340604400152 2.05976348936255 3.92303262589085 5.46795801405036 1.02561958893745 0.561474628563059 3.79317673050605 0.147385083959874 1.04099670465294 1.97019697591981 7.00299897476076 2.33324720235407 1.23069337059037 1.91585752838243 0.51317804963428 0.248213020970139 0 0 0 0 0 0 0 0 0 0 0 0 0 0 0 0 0 0 0 0 0 0 0 0 0 0 0 0 0 0
0.711755719035492 0.544416519672479 1.42205685994361 3.88911020321104 8.15947597499186 0.0159664292130994 3.65300062022522 0.243869410833812 2.02099256605213 0.296043793099206 1.07310491636439 1.40614063767932 3.43933469455965 0.650829483869557 0.298301064562578 2.15451903402604 0.0166368816813773 2.31052421096712 4.3129815703171 4.39091500604086 0 0 0 0 0 0 0 0 0 0 0 0 0 0 0 0 0 0 0 0 0 0 0 0 0 0 0 0 0
1.45857484649739 0.870501306107863 1.31421728955527 3.68326112057442 5.84340499941247 4.37095863707379 0.0430074485404876 1.9769288819694 1.20267826938231 0.136955710070582 0.389986224875889 3.49506255022392 0.15776492539933 0.441368152927557 7.55277904796952 1.39946307536299 3.90167624191462 0.979811966288378 2.39968347517292 0.885193811465932 2.37838625824106 0 0 0 0 0 0 0 0 0 0 0 0 0 0 0 0 0 0 0 0 0 0 0 0 0 0 0 0
2.41141903479049 0.243511089492936 2.73609306603109 0.0269071400822403 4.1390452604523 0.221411813399992 0.225323277994191 2.04421684548178 1.35639191585621 5.26683307527923 1.97957167577114 0.486065227043852 0.838581022173181 5.26999911022244 2.33071313247962 0.80663070369676 1.25757816105595 3.22896875341005 4.31137758324082 0.563831914635605 2.0447717594384 4.78906596182432 0 0 0 0 0 0 0 0 0 0 0 0 0 0 0 0 0 0 0 0 0 0 0 0 0 0 0
1.94382745441327 0.650142783196454 1.05153411772656 1.94834580788813 3.32250212673283 3.30302221203395 5.17652485648837 0.728583447919395 2.03084882011124 0.838516056655176 2.62210843121153 1.60995420868374 0.962317848027746 2.08850260470531 11.1542026687995 5.97629633943056 1.78127195014094 1.46736246539256 2.23696888814811 5.31606008738545 8.72999009926081 0.397957855044985 1.05923879254826 0 0 0 0 0 0 0 0 0 0 0 0 0 0 0 0 0 0 0 0 0 0 0 0 0 0
3.69751537176745 2.81128134884688 5.15060160920212 2.71690558639182 1.51258270503388 2.85085150554753 6.02751453793307 1.71369633845025 0.923689738020099 2.19292478471387 0.485698002421477 1.75419769387606 1.89528040596202 1.06368301218639 4.77125359560122 0.752920545534398 2.16833554509711 1.41357711387628 6.64092565188212 0.0793270532079494 1.16422776575397 2.46000074754102 1.13294603757287 1.20157766634585 0 0 0 0 0 0 0 0 0 0 0 0 0 0 0 0 0 0 0 0 0 0 0 0 0
0.760515377429939 2.10894556554039 0.996527574763881 0.826204567143413 0.127078812623211 1.83080771132463 1.73106228668569 9.39459549893891 3.05017074556412 0.361854556858391 0.816151973949378 0.0400467287336423 10.2692924106505 1.94975173757579 1.62071678403181 5.00253515705834 0.67059533314305 1.22612575814515 0.374720716161633 1.79726504866013 1.79179841809355 1.174114408276 3.41777253512017 1.68690546449259 0.224793078779006 0 0 0 0 0 0 0 0 0 0 0 0 0 0 0 0 0 0 0 0 0 0 0 0
0.080648171279954 2.92994039321864 4.95638543738726 1.54620927376447 2.12026262436733 0.344582294241053 8.59698081980271 1.51092611472453 1.01607367269707 0.254556768547514 0.246520517408748 0.916237604727608 0.33698890701243 0.45671183979542 3.77772352330353 0.9222353157746 6.16821632991981 0.679864768392017 1.22580086663692 4.96982233994028 0.699768163026704 2.397704526777 3.09672094644569 0.241190141423158 0.821703888917871 0.850204374168084 0 0 0 0 0 0 0 0 0 0 0 0 0 0 0 0 0 0 0 0 0 0 0
0.686042892340528 1.15701945919595 2.07167955335491 0.770132299792684 1.577358944828 1.03218960362833 1.72618388879331 1.08774587163161 4.15351021021239 1.91140234654221 9.34124164658619 5.40492580345187 1.53538801961311 0.387702005303417 5.4360328110039 1.71826480149454 0.443067657367753 0.503735286416477 3.64550646348441 2.09024996584706 2.45933417944485 1.83805572429536 17.7195346702744 0.0637683936581218 1.68079398957655 0.725024603621005 2.50089185429853 0 0 0 0 0 0 0 0 0 0 0 0 0 0 0 0 0 0 0 0 0 0
2.57984252401415 2.05693910675925 0.0112376776927453 2.22337007239192 1.48721510980361 0.900884091704539 5.37555275573637 2.79313913689307 3.48731948438784 7.41256578442999 2.10559686540804 0.936843439797102 2.17862198901931 1.55327629692654 0.492071325879629 1.77443190624774 1.45007615997482 2.04822124832099 0.978650174205413 0.771534127057813 1.19463015778732 1.18109515372258 4.96465815037382 0.648751930031208 0.822137706138409 3.93880842380639 2.71672709525464 2.91158689241779 0 0 0 0 0 0 0 0 0 0 0 0 0 0 0 0 0 0 0 0 0
3.46308743247115 0.0370937112467018 3.49780323226885 0.167337191243727 0.54032353879747 0.606154758332177 1.47344464427225 0.358598722431148 4.08752960144787 0.428048855864145 1.40199121695324 1.63266788401167 0.397134232160922 3.04456713264196 0.82142126639763 0.558073271333127 2.19515995486639 0.238644593047313 2.3480745319237 3.40671939363042 8.32616244044723 6.23525835384381 0.294354279899128 1.72004494461329 0.845151834895401 1.54923245796041 2.03579202336649 5.29535252838536 1.42432651715938 0 0 0 0 0 0 0 0 0 0 0 0 0 0 0 0 0 0 0 0
0.761076661478565 5.40924491633159 5.83088870291119 1.33913116001846 2.9904879291446 1.49535348219372 2.81494671012612 0.507024110259104 0.0470755314055906 0.896871174030707 1.49180246053971 1.39590178938417 1.20118179496966 1.6994102102889 1.44907397787861 0.316373306865206 1.32931161224231 8.1013963120814 1.22667629275537 2.89618533877991 1.78825673665255 0.0255173119028106 1.34123760175004 4.32663745474999 0.352705540410389 9.13386796492405 0.833491162200667 1.04552681861421 0.796482046515497 2.80493992135683 0 0 0 0 0 0 0 0 0 0 0 0 0 0 0 0 0 0 0
0.339537458365574 4.21506759312331 1.96594554480085 3.62961994720852 0.347046329079347 2.29762738339018 0.0465332482060046 2.69761684078664 0.597236033192199 1.1062891201977 0.564996963078584 3.01374064132491 0.0603482963974786 0.225888560492501 3.56016510231626 1.02543828988335 10.6794960888011 2.1050818900154 0.710523962097207 2.1401012277277 0.0639143759398736 2.84879298913982 1.56743614047796 0.202759073538823 1.04357853046377 5.67927007088209 1.69517496782207 1.71433319315035 0.207003024478013 5.95501910601323 3.45693520766749 0 0 0 0 0 0 0 0 0 0 0 0 0 0 0 0 0 0
1.74326440696819 8.12047214168332 2.66075997873985 0.215958094538902 0.244469330499205 0.548290361174034 0.089514800258017 12.2078585074525 4.86910762805442 1.06178861182156 1.02008097909962 0.459316847465645 0.144538414853966 8.98855464683585 1.17024039985602 2.32499292708859 0.282049857282899 1.3215859741201 0.282384544355169 2.67241371628145 1.19633843472312 6.5335082891859 0.494647340160459 2.4789901270319 0.571940857485438 4.21014666405027 0.0885011295819735 1.16713219588931 2.32272316942622 0.772616684006387 1.37627110679397 1.62155410261941 0 0 0 0 0 0 0 0 0 0 0 0 0 0 0 0 0
1.5792243864188 2.49079775645755 2.7812343221827 1.79541866688477 3.60142697357159 1.72684739227019 0.0227323627299867 0.486974998174692 1.51501242859238 1.34962868438003 3.51760875699432 0.254379160549281 2.18416093309565 4.90190149074166 1.31457550500402 1.74776359008948 1.91875482459384 1.4308266975811 1.33718761579571 6.6270125156916 6.99018347506277 0.256854283468343 3.03559130838841 1.14777024336151 0.799944601166161 0.730183988312967 1.58613363810168 1.9388167838821 9.68263794775434 0.958231485130389 0.151363861576631 1.62364337233243 1.31697380295089 0 0 0 0 0 0 0 0 0 0 0 0 0 0 0 0
0.0116532417852418 0.629714951245784 0.247970591683142 1.58762505320651 2.06017109601168 1.47420637673926 5.30041689374656 2.32863604395926 2.61247924205613 3.96638837997638 2.64314380765453 0.663801365626243 0.10546192169712 0.639173058299078 2.63427033325629 4.53064812969467 0.0937937057546841 1.17338189102903 1.07302113155386 3.15363979812862 0.862714806629831 2.94276026546665 0.78779232234235 0.342905489092067 0.429800919906395 9.39263949546899 4.32682732745051 1.50817341924568 0.14553296678652 0.509045646080663 2.47627463500538 8.52470035331542 0 0 0 0 0 0 0 0 0 0 0 0 0 0 0 0 0
1.09868422374956 0.225876473171138 2.78024595015494 3.0826895623476 0.0106240568442669 1.22279331872805 0.555920288347559 1.76873372618813 1.2326685862552 0.820954817454931 2.81473222062625 1.25055629975069 1.05429915050805 0.772756657407797 0.329542919268454 1.12619517495157 1.42000847427805 4.1350771979016 1.78262986904348 0.344849921168055 0.987279523106511 1.53292928149011 0.45379362172496 3.45741246213952 2.2932427706316 1.37374827338654 5.92386733681204 0.622820708635406 4.80326538382786 25.1540631237974 0 0 0 0 0 0 0 0 0 0 0 0 0 0 0 0 0 0 0
0.622807196301998 1.16917103400162 0.0474197407965425 0.815760435298265 1.70381264326787 4.53955307930872 4.59576221468372 0.0902614129546912 2.06988302954301 1.61270919928646 2.54314828776845 3.50854553735716 0.391922690538696 2.76955581549241 2.57018206720445 0.644643095106731 9.10121797341582 3.7007340939028 0.646400540143026 1.59817081261102 0.573252166879734 0.435578323504352 0.433030931831838 1.59280679600916 1.22845060195797 1.14039856633682 3.06331233274306 0.722308339245478 0 0 0 0 0 0 0 0 0 0 0 0 0 0 0 0 0 0 0 0 0
1.11790652550546 0.459215801958915 0.516002653302555 0.305670365600621 1.07497764952465 2.8681242334106 0.0522630544962398 0.698423048041689 2.77329091654077 1.59391332176049 0.0948700665371321 0.593532102155418 0.893024818066571 1.6865962052733 1.52899622320551 2.27806592219787 0.753450848051153 0.268035024839552 0.741865326965626 6.76648466749569 2.34207624759594 1.55523725019468 0.927528007382324 3.28813422067313 9.40066618904569 1.86014927789017 0 0 0 0 0 0 0 0 0 0 0 0 0 0 0 0 0 0 0 0 0 0 0
0.0540427242756155 0.459160671735982 5.34153224276725 1.13778119553742 2.99233447139527 2.0278674981149 0.232398760793307 8.43753140764843 1.4483736215331 0.795086826965286 6.96433462295613 3.02031143021068 1.86048356808732 5.04115649544984 0.857158824519169 4.27605439298407 0.788927267203957 0.355891582175504 1.33531556862834 3.58984681847982 3.38681762914264 4.01872470355154 2.0088867557799 0.523177672613417 0 0 0 0 0 0 0 0 0 0 0 0 0 0 0 0 0 0 0 0 0 0 0 0 0
0.712192152876006 3.81544199625545 1.65300174655486 3.32780952145952 3.45242929662908 5.65500411250323 3.96195929811827 0.201637366460889 4.3563522530033 0.425817626369399 4.08131610138506 3.98298494285822 1.59783964872356 7.00132203415315 1.59796488854464 2.51194316431269 2.04024336619242 2.1971719999239 0.621088435548815 1.9075665582082 0.478966920852972 0.541736559371193 0 0 0 0 0 0 0 0 0 0 0 0 0 0 0 0 0 0 0 0 0 0 0 0 0 0 0
4.26673204642872 3.36587878067666 8.20441174911951 3.18412308410567 3.7520978564239 0.956891405835655 0.565996492962462 2.7923082152865 2.10496303200389 0.315740332768272 2.17438300165952 1.19662167650132 0.796947300629738 3.68872606041875 0.182261908647757 7.35243575214375 2.51558047460783 1.12987746578354 0.328194814329352 1.45347517042629 0 0 0 0 0 0 0 0 0 0 0 0 0 0 0 0 0 0 0 0 0 0 0 0 0 0 0 0 0
2.67537354688152 1.24612012961197 0.893374259627796 0.0781207546882663 0.946539355874449 1.58767107632984 7.1644843140587 0.710976277806078 3.87249219074049 1.88538781070745 3.79315831632805 1.4771981810438 2.11862053987613 1.21407836278739 0.590404137907529 0.636680966057546 3.21413400084369 0.52746639299059 0 0 0 0 0 0 0 0 0 0 0 0 0 0 0 0 0 0 0 0 0 0 0 0 0 0 0 0 0 0 0
0.486822028370137 2.56749317155279 1.70287905943279 3.2269799930641 0.110568746298141 5.76216238160884 4.61287355818218 0.679336635937696 0.27999645232813 3.34009774385829 0.123558738892885 3.68366673177648 0.734570588764784 3.82262170445318 1.56435494416574 1.4636172736288 0 0 0 0 0 0 0 0 0 0 0 0 0 0 0 0 0 0 0 0 0 0 0 0 0 0 0 0 0 0 0 0 0
1.05132088774344 3.00707905615904 0.953572800575649 0.43681665624446 2.55012853108873 0.0576898278601225 0.511883041430744 4.06182238154108 0.47108814411147 0.0363765046473738 0.51726034620643 2.19287525829511 0.240414934188212 0.0630567524330841 0 0 0 0 0 0 0 0 0 0 0 0 0 0 0 0 0 0 0 0 0 0 0 0 0 0 0 0 0 0 0 0 0 0 0
1.76501137252864 6.62330162213131 0.936715154487491 0.230598603454755 1.81141195948077 0.358684416449084 0.219265858865392 0.274058357239683 3.02468667209722 2.70081304326132 1.62385963408037 2.42116295746724 0 0 0 0 0 0 0 0 0 0 0 0 0 0 0 0 0 0 0 0 0 0 0 0 0 0 0 0 0 0 0 0 0 0 0 0 0
1.92432591051429 1.69694834228803 0.105048749364019 0.604037846387747 1.06920060771823 1.22518950653962 0.177829345726515 1.80982651767825 4.32756764710613 1.884107095623 0 0 0 0 0 0 0 0 0 0 0 0 0 0 0 0 0 0 0 0 0 0 0 0 0 0 0 0 0 0 0 0 0 0 0 0 0 0 0
0.668805107349093 2.76973180951193 0.029256350736758 0.913200532766769 0.508559516530926 8.8956755705671 0.608151255280219 1.30250145869629 0 0 0 0 0 0 0 0 0 0 0 0 0 0 0 0 0 0 0 0 0 0 0 0 0 0 0 0 0 0 0 0 0 0 0 0 0 0 0 0 0
0.109171846353693 0.832162531855018 1.21615514055145 0.0417989142069368 0.632620525975293 1.81715798581881 0 0 0 0 0 0 0 0 0 0 0 0 0 0 0 0 0 0 0 0 0 0 0 0 0 0 0 0 0 0 0 0 0 0 0 0 0 0 0 0 0 0 0
0.605346228678756 2.18076046452607 0.905932471111413 1.19649580686397 0 0 0 0 0 0 0 0 0 0 0 0 0 0 0 0 0 0 0 0 0 0 0 0 0 0 0 0 0 0 0 0 0 0 0 0 0 0 0 0 0 0 0 0 0
0.436312384344038 1.80135185411165 0 0 0 0 0 0 0 0 0 0 0 0 0 0 0 0 0 0 0 0 0 0 0 0 0 0 0 0 0 0 0 0 0 0 0 0 0 0 0 0 0 0 0 0 0 0 0
