0.825231028576335 0 0 0 0 0 0 0 0 0 0 0 0 0 0 0 0 0 0 0 0 0 0 0 0 0 0 0 0 0 0 0 0 0 0 0 0 0 0 0 0 0 0 0 0 0 0 0 0
1.3290186224165 3.72857174639895 0 0 0 0 0 0 0 0 0 0 0 0 0 0 0 0 0 0 0 0 0 0 0 0 0 0 0 0 0 0 0 0 0 0 0 0 0 0 0 0 0 0 0 0 0 0 0
2.01609280358466 0.912286517080209 4.08452036321482 0 0 0 0 0 0 0 0 0 0 0 0 0 0 0 0 0 0 0 0 0 0 0 0 0 0 0 0 0 0 0 0 0 0 0 0 0 0 0 0 0 0 0 0 0 0
3.34158196076065 1.43758039144125 1.8021975105373 7.73979216666336 0 0 0 0 0 0 0 0 0 0 0 0 0 0 0 0 0 0 0 0 0 0 0 0 0 0 0 0 0 0 0 0 0 0 0 0 0 0 0 0 0 0 0 0 0
1.42002532421955 0.869163445267864 6.32333542846587 5.4432626317876 0.486776895043661 0 0 0 0 0 0 0 0 0 0 0 0 0 0 0 0 0 0 0 0 0 0 0 0 0 0 0 0 0 0 0 0 0 0 0 0 0 0 0 0 0 0 0 0
2.3807277228809 1.0679516544596 0.163636331089381 0.00352077130904887 1.52930359886994 0.361957462039671 0 0 0 0 0 0 0 0 0 0 0 0 0 0 0 0 0 0 0 0 0 0 0 0 0 0 0 0 0 0 0 0 0 0 0 0 0 0 0 0 0 0 0
0.0157688412787377 0.627469966501861 1.65366704695145 0.46031712349371 2.5617380480985 0.380644371794546 0.289068651158181 0 0 0 0 0 0 0 0 0 0 0 0 0 0 0 0 0 0 0 0 0 0 0 0 0 0 0 0 0 0 0 0 0 0 0 0 0 0 0 0 0 0
12.4096544394909 1.589240187751 0.979054981148899 0.0475727270435346 9.50699158119729 3.41829971334012 3.08506072872223 1.41401615067307 0 0 0 0 0 0 0 0 0 0 0 0 0 0 0 0 0 0 0 0 0 0 0 0 0 0 0 0 0 0 0 0 0 0 0 0 0 0 0 0 0
1.94434931646703 1.07008508397527 8.10559992480796 3.18605574606255 5.24685834767708 0.790863410040873 2.34330824162093 3.45326034522102 1.71905286279579 0 0 0 0 0 0 0 0 0 0 0 0 0 0 0 0 0 0 0 0 0 0 0 0 0 0 0 0 0 0 0 0 0 0 0 0 0 0 0 0
7.01166318389922 0.554352293850502 0.68769935640929 0.248256234153059 2.08204730580441 0.348462432899134 0.414951694675386 2.92658390969201 2.9543720242611 1.65545120280808 0 0 0 0 0 0 0 0 0 0 0 0 0 0 0 0 0 0 0 0 0 0 0 0 0 0 0 0 0 0 0 0 0 0 0 0 0 0 0
14.8966723909866 0.951436508745858 2.46722016538841 0.453749724428596 1.01008203193978 0.647788143812806 0.0370571468306689 0.174129376273859 2.94170311926627 0.0025874321667507 2.14497143688231 0 0 0 0 0 0 0 0 0 0 0 0 0 0 0 0 0 0 0 0 0 0 0 0 0 0 0 0 0 0 0 0 0 0 0 0 0 0
0.260383101964139 1.59512398520802 0.723120350148186 0.110547482982375 4.38943955710851 1.27896881104536 1.91925440484237 1.92768517512326 0.0406796741368807 1.89967175930675 0.599678280403934 0.190623989805481 0 0 0 0 0 0 0 0 0 0 0 0 0 0 0 0 0 0 0 0 0 0 0 0 0 0 0 0 0 0 0 0 0 0 0 0 0
3.2636435246346 5.18091670674691 2.73580224270125 0.0792389994144159 1.27728268980572 2.82801361018991 2.21373491349031 1.99263180257287 0.22802262930555 1.5996110611945 0.0560050075357433 0.663683766940908 0.733802828861156 0 0 0 0 0 0 0 0 0 0 0 0 0 0 0 0 0 0 0 0 0 0 0 0 0 0 0 0 0 0 0 0 0 0 0 0
0.0423999572386912 1.16360644335303 2.31687207843126 1.21645785490679 0.894896670460369 2.2447490098974 4.12761046871948 1.28087113933371 5.09140879495578 0.718702884580735 1.69764927722325 1.6146179673168 4.27812159836488 2.76915228828768 0 0 0 0 0 0 0 0 0 0 0 0 0 0 0 0 0 0 0 0 0 0 0 0 0 0 0 0 0 0 0 0 0 0 0
2.05396425657939 6.28615604771893 0.709395799681322 1.35025936752246 1.51941850558399 6.715974474849 4.03892070901464 4.16919938995679 0.622528777196528 1.76437803490011 6.14017915259074 3.78343555408632 1.90619076331555 1.9103022666365 0.882634826772567 0 0 0 0 0 0 0 0 0 0 0 0 0 0 0 0 0 0 0 0 0 0 0 0 0 0 0 0 0 0 0 0 0 0
2.83811654363991 7.50279643605888 0.146637306600313 3.39839124139459 1.02714147705268 2.96145548087729 1.12962172055024 0.43695618034732 0.16439131470487 1.53651780937794 5.70488013522861 3.90135022414123 1.15254431508668 2.22321109748739 0.100571236549844 0.677656101279467 0 0 0 0 0 0 0 0 0 0 0 0 0 0 0 0 0 0 0 0 0 0 0 0 0 0 0 0 0 0 0 0 0
1.44565974105746 0.26518372833793 1.79501534601654 1.07385296374474 0.359531986702916 2.18432227879535 0.138556283379216 2.01272559918049 0.392139805672781 5.61162901664378 0.336659094413942 0.863594865772518 3.77182729849886 3.00448609628958 1.07768789517569 3.41384165546296 5.03538300668637 0 0 0 0 0 0 0 0 0 0 0 0 0 0 0 0 0 0 0 0 0 0 0 0 0 0 0 0 0 0 0 0
2.91434591180616 1.25980378042288 0.810050944421686 0.505170316806019 0.776152076501817 0.0817664800315107 1.23392113205492 0.393759390776778 0.593264033939536 2.19812488590007 8.60475322463593 4.81938095077518 2.10837268015738 2.00747541968633 1.17781100194537 0.934399613915608 2.63484783369511 2.18041505992676 0 0 0 0 0 0 0 0 0 0 0 0 0 0 0 0 0 0 0 0 0 0 0 0 0 0 0 0 0 0 0
3.67807314393003 1.33747273217659 0.267297659703512 0.880536257874396 4.17781392723497 0.680121660034068 0.957357774999819 7.21530378649947 4.32132826521641 1.06920035861822 0.837995262291422 0.104020481753392 4.87025513728335 1.8045542050854 2.23812178298721 1.696690278913 0.137378374447804 0.626609619272665 0.733962504831549 0 0 0 0 0 0 0 0 0 0 0 0 0 0 0 0 0 0 0 0 0 0 0 0 0 0 0 0 0 0
0.57311223872853 4.53877100101582 1.62169482144182 0.254649386460207 2.39608384367677 0.0661436637496281 3.15660892110374 5.81280001648416 12.4256675131822 0.858855920371816 2.44697842786185 1.5245944327976 1.97609388064298 0.937423570487043 1.39252814475343 0.403484446290127 4.08402705370772 3.87725528473803 2.82473466731938 5.15863792577488 0 0 0 0 0 0 0 0 0 0 0 0 0 0 0 0 0 0 0 0 0 0 0 0 0 0 0 0 0
1.52549916328622 3.80824779729076 0.0544685514383039 2.25541826452347 3.32419687474541 2.44624577725674 4.26464401169486 0.191316489975896 0.73083015259388 2.45469444598094 0.38516829054286 1.41051823334067 0.0952206592691682 3.52043933369757 1.8364374597863 2.5627239555237 0.186476741627519 0.408746411489922 1.12916007670346 2.57898105669174 0.185800223234146 0 0 0 0 0 0 0 0 0 0 0 0 0 0 0 0 0 0 0 0 0 0 0 0 0 0 0 0
0.279683678330619 0.310494975338894 5.5372493964814 2.18782501341695 0.31645284770979 1.16750969307451 0.482534573273627 1.12856415069094 8.67043321790664 1.92469955438874 2.78714574061705 0.344546808460733 0.908328710485595 0.138732660924836 6.81514330321976 0.563266013854899 2.42281454877511 0.0888335272059966 1.41015093267338 3.36695530220563 3.98125403267568 0.352407196273039 0 0 0 0 0 0 0 0 0 0 0 0 0 0 0 0 0 0 0 0 0 0 0 0 0 0 0
0.0156737544172284 0.568057144763517 6.43562615136314 0.362155257849491 3.52007453931618 0.427886082387791 1.61287152978759 2.12333119559259 2.35476840020448 1.96723754206164 5.02166560675262 0.611295175792986 0.137899053651103 1.0549494996297 0.307111132261854 3.64758350641829 1.97080505975589 0.422839006679388 1.95428041031985 2.05812231999496 5.58450334840796 7.22272611476532 3.1554068124839 0 0 0 0 0 0 0 0 0 0 0 0 0 0 0 0 0 0 0 0 0 0 0 0 0 0
0.171466567517339 3.64487169326956 0.169530719134428 1.29159768266305 1.98599537101261 0.125497595825448 3.13478154090985 3.37079992134214 4.16947029147031 0.4399805787187 1.5343923931382 0.972046715386524 1.63810247424023 0.810592733398756 1.78707350036837 0.0683412636143389 0.696381617422098 0.162964483293822 1.51669574615711 1.75097670950565 0.665614797369428 0.824036136664371 4.28735281085174 4.00406705937022 0 0 0 0 0 0 0 0 0 0 0 0 0 0 0 0 0 0 0 0 0 0 0 0 0
1.43208178159105 0.174329506702651 4.46765206784517 5.44495595244685 0.563828873996817 0.54254774163107 2.71674942397497 1.37350689507647 1.87349360591619 4.98590647617947 3.37859794218588 0.32609328214515 0.25012596265579 4.01424957570466 3.50379088937508 0.303783506616233 11.3469835598231 0.944459837205987 0.625313452662945 0.945241306874712 1.03395727530749 0.171022650466761 2.26046132024823 3.23727396889442 9.12026897820675 0 0 0 0 0 0 0 0 0 0 0 0 0 0 0 0 0 0 0 0 0 0 0 0
4.55139325916596 2.1692396608861 0.492066954270181 0.651581922591151 0.141851605629835 1.70673826178988 0.156347331783565 0.471992206438137 9.38875023722754 2.33252747961489 2.45479499902571 0.790401393854837 3.26759138926901 6.6633700122642 1.65075137918879 0.646202343121635 6.58601053056721 3.14383495697251 0.334524828552209 0.40584752060176 0.142173876358017 1.20673389105836 3.66165378053414 0.705132141883801 3.22855903144262 0.540258545123557 0 0 0 0 0 0 0 0 0 0 0 0 0 0 0 0 0 0 0 0 0 0 0
11.0293808493327 3.71274744122598 4.22714456156131 0.0404781796032852 1.36130712213828 8.77863514730197 0.94066504686128 0.558568819398817 5.97340106891134 1.23266981438064 1.12211975429821 4.10353887546203 0.74405165600351 1.3659715895707 1.37996945529733 0.408562568067284 3.20066235261085 5.16567377035655 0.786702077616781 0.0874122337021701 0.817696979899313 6.65957650067495 8.73214795526563 2.39801313359835 4.3676243999891 3.75805279030423 2.20148957915262 0 0 0 0 0 0 0 0 0 0 0 0 0 0 0 0 0 0 0 0 0 0
0.578430447099006 7.73932699711453 1.81492862349978 1.16920479703922 0.656871729972977 3.00574720233531 1.74681299253569 1.62996452357993 3.051863749361 0.233663195732274 3.06648206702861 4.44991770637477 0.70789667431744 0.147098222753633 2.07663481164134 1.97140788430679 2.2675982246221 0.286317673491282 3.39954466872109 1.54289044147529 3.02540493756905 2.30074348772751 5.50259218839452 1.13550766378687 1.36183339930691 0.706409458431007 2.50281336703603 2.04136530043664 0 0 0 0 0 0 0 0 0 0 0 0 0 0 0 0 0 0 0 0 0
1.04733936874582 5.06652090301424 0.261328806312311 1.187951429597 0.750401322797691 1.79162597420958 0.437673609377912 9.33588112768227 1.32929570636455 7.53634408680719 0.672053431429734 0.408646816164041 0.320540484109919 1.49270249920778 1.60244154766557 0.159064471791336 0.378153678018132 1.39008138660855 0.487055803640507 4.53955174108053 0.367342067500243 1.57258940003239 0.0561616685821561 1.16928852985078 1.42124047971093 0.147408191124532 5.58422931403416 2.21747874783333 6.29104082510124 0 0 0 0 0 0 0 0 0 0 0 0 0 0 0 0 0 0 0 0
0.326359179810029 4.11871927942738 3.99121280094321 3.8538315241454 2.70776712611631 2.32758355126454 1.63008155743436 0.77653072745397 1.87028977552072 0.872412019439082 2.07565478184915 4.60401275877644 4.77792044757282 3.10286239195667 0.517989876701894 0.351126306857389 1.69675231280402 0.46401206409312 0.919946925231327 0.309326358552209 0.410629942752681 1.0933737987823 0.010361890641157 0.0375609359474122 0.181589156094898 1.14385549040089 1.03753441234738 3.04737585529405 2.45398532163624 2.89789771151858 0 0 0 0 0 0 0 0 0 0 0 0 0 0 0 0 0 0 0
0.432349631232361 2.52929780414257 0.558402350745921 0.240560707555544 0.195892487093122 1.14804495669367 0.0902868793063833 1.70750509753308 2.0638360988545 0.164910421021247 5.23518595378613 2.31137724187656 4.4217055710136 2.3294550872836 0.136408083475069 4.10730217555948 0.936539754408686 0.60642748883461 2.08421193149323 1.38360169930844 1.44636014547452 0.397278222844812 7.6815076071299 0.483539478685256 2.86482680769553 1.18627820436421 4.36566085277792 0.63152491019707 2.4575086515653 6.92478933522861 0.381708465229119 0 0 0 0 0 0 0 0 0 0 0 0 0 0 0 0 0 0
1.47271362717763 5.11732144956937 0.707454063982162 1.18255315382537 1.63157214529341 1.55511212902704 3.16661952919204 0.0120391283213104 0.0653875101331519 7.37472865652976 0.0952276455156318 2.30589598358453 1.38547368830229 0.641955711904912 2.75171226191367 2.53466169589027 2.04071366052024 1.8042665509106 1.81023121819864 0.0902923641222828 2.28824590661019 0.713291404925161 1.90426900285511 1.70046574179141 2.83335027286419 1.7631461030117 2.28536319852669 0.0886092488352794 3.1636582802958 0.394178515604422 1.4541628223463 0.888069108852723 0 0 0 0 0 0 0 0 0 0 0 0 0 0 0 0 0
2.81321117616542 1.30331683808161 7.34701182743858 3.45146435850114 0.0233498856538645 0.248487309466076 1.02536605476479 1.29505187138757 1.63255141823233 1.66796185644834 4.35777116301316 0.329772395446981 0.0406146587643345 0.064836920281923 0.622820111517838 0.835234757337553 9.57220982545186 9.93082757245963 3.69392322134481 0.976406261496933 2.94926428227602 0.299402328728417 0.706145125441864 0.566034680337524 8.50810854985346 0.360934413940171 3.69858696592616 3.02824059092527 2.49826214996097 0.715088207823105 0.507798602079163 3.22968040647873 1.58353129594763 0 0 0 0 0 0 0 0 0 0 0 0 0 0 0 0
1.75623742168492 0.550656914637477 10.1904309259199 0.814933391793839 0.849553064799842 1.21855741034749 1.59890974165611 1.93789741928149 1.671680052643 6.17474574343752 1.81319484719499 1.43213278548441 5.1281062530301 1.58980551945937 4.51883974216987 0.501785705585148 7.08764111554246 3.82772163805732 1.8966460041326 5.24854873966284 1.04253005957812 1.51335958030649 1.50213201446409 8.35029542977888 0.191928916775812 2.59509887725123 2.64359898852123 0.9937850402144 0.45161002902075 0.22683901294913 3.12544446448936 1.50996871599172 0 0 0 0 0 0 0 0 0 0 0 0 0 0 0 0 0
1.24743466662299 1.64226609912614 4.97688469587452 3.97787170291214 0.617316743541604 0.227644069242306 1.64485368059465 2.11976160309667 6.27123518398432 0.373061910003497 1.10815479136693 2.39751992541511 3.11318734655953 0.132524079732223 11.5914935474581 4.00192276279966 0.38637753058678 5.85943419997875 0.114075521843356 0.767306240599376 1.19597884059191 7.12217540408931 2.57901988687566 0.0221030967293037 6.63009158866915 0.0204332414240151 1.51149871651985 7.61132940352069 4.00605963713295 9.00949494090743 0 0 0 0 0 0 0 0 0 0 0 0 0 0 0 0 0 0 0
0.506356475868173 1.70913159699936 3.50048090570321 1.04590587908157 0.399166589813283 1.62668324891293 4.25033652770463 0.973123963491618 0.708778477838827 1.33391596366931 2.87563146298883 5.8334401136855 2.18609781833108 1.10400093225565 13.7983695203127 0.855757963568088 2.17516593867055 0.810688390909468 0.359924324180173 2.92285234195148 0.178709565015916 0.6925282579785 1.62726797426335 0.967305516961087 2.76866491595111 3.5958732961567 2.13861418908518 0.751459865400876 0 0 0 0 0 0 0 0 0 0 0 0 0 0 0 0 0 0 0 0 0
0.207083517542936 3.58148296562575 3.65236269378688 0.0613732657799688 1.91104415410973 4.88924689209236 0.520023144089699 0.763544696140534 0.973531689980326 0.238662189033411 6.45745580976173 3.09583730117683 1.00341619377712 0.464516738364291 0.467225327052612 0.51553672304832 1.13694909426746 0.974703331440382 2.11861080240837 9.40527726432121 2.22865808110785 0.345094064887312 0.863185101532593 1.99760527152107 0.208931150515892 5.63277918170272 0 0 0 0 0 0 0 0 0 0 0 0 0 0 0 0 0 0 0 0 0 0 0
2.30606372538332 2.66305111400845 2.09451207544299 3.73029300288492 1.27025801080033 3.01578108797111 1.95422341955434 2.11532335876905 5.28508560679753 4.91471712095919 6.54266539177793 2.64942456062239 1.44534895376762 4.35646458528789 0.290346832571891 0.492647167533893 0.322264512492303 4.40969266567269 0.742976745180804 1.4091800680115 1.24288722279791 1.97429626767816 2.72457010724887 0.545474769960505 0 0 0 0 0 0 0 0 0 0 0 0 0 0 0 0 0 0 0 0 0 0 0 0 0
1.37892835753172 0.0121571381325012 1.8072396859671 1.50339617538167 5.80655902510491 0.188854497453134 0.405949389313626 0.397719692623741 0.988740131306314 1.51607752550094 0.488767625173044 0.547598974843826 1.49005250621303 1.93318630881659 1.14225271130601 2.34076585280671 1.30290704945507 1.37955457627297 0.612379831006722 2.85500893402274 4.72690339312687 0.627415017328322 0 0 0 0 0 0 0 0 0 0 0 0 0 0 0 0 0 0 0 0 0 0 0 0 0 0 0
3.55792957230605 0.282456068823385 7.11950949088771 1.5717306426705 1.43952331955911 2.72620900045737 0.870276988186971 1.85490833515209 0.451276887329657 0.928060548207657 2.93880495505146 2.27733927319557 0.391220865018478 0.378645749152191 0.430906449809661 0.409996011905792 8.09196997617547 0.350695651086231 1.66331048857278 6.98936808427505 0 0 0 0 0 0 0 0 0 0 0 0 0 0 0 0 0 0 0 0 0 0 0 0 0 0 0 0 0
0.807072390758042 3.01839355451765 0.768957838414319 0.289345690399401 0.730615494407255 2.62833273949439 1.38108482856584 1.46792450156535 2.88170041564465 3.61913554816472 17.0647369099301 6.06617537777622 2.43986584293323 0.141754419075794 0.460336726368876 0.316337152724024 4.69564423111493 0.465444587419452 0 0 0 0 0 0 0 0 0 0 0 0 0 0 0 0 0 0 0 0 0 0 0 0 0 0 0 0 0 0 0
4.38351265424185 1.47752760760354 0.303892142115865 0.875138414431087 0.502114326546259 1.71632850692844 1.6076156193508 0.17340900467653 0.915012363862648 3.6511055648293 3.71992771333914 1.0426357138993 1.29342449395938 2.18502033671402 1.63801820318383 0.494010982804831 0 0 0 0 0 0 0 0 0 0 0 0 0 0 0 0 0 0 0 0 0 0 0 0 0 0 0 0 0 0 0 0 0
3.31862862758092 0.535510168122616 4.79056639655818 3.8522750076413 3.95796499281692 2.45965115144434 0.167660886394362 1.02042239868145 0.212782133226386 2.51765610349444 1.44904656396172 0.322692401616424 2.01305372171903 4.8549213079077 0 0 0 0 0 0 0 0 0 0 0 0 0 0 0 0 0 0 0 0 0 0 0 0 0 0 0 0 0 0 0 0 0 0 0
0.835675835224089 0.0690169328850782 0.145184567349964 0.688873169031991 0.496817574699233 0.300758081613805 0.452388445611595 0.679158786994229 2.06802413643035 0.64817098923396 0.53347139649505 2.55625878686438 0 0 0 0 0 0 0 0 0 0 0 0 0 0 0 0 0 0 0 0 0 0 0 0 0 0 0 0 0 0 0 0 0 0 0 0 0
1.90475139673747 0.631568748789366 1.27756713833711 4.66255521298252 2.9458247772663 0.000176302109378411 4.33103262685561 2.93503248531628 0.747432877542549 0.210634413962251 0 0 0 0 0 0 0 0 0 0 0 0 0 0 0 0 0 0 0 0 0 0 0 0 0 0 0 0 0 0 0 0 0 0 0 0 0 0 0
0.841472637594545 0.877759947088589 0.161668927032864 2.7385845609931 4.61010740080823 1.32929158266858 5.70450909969542 0.129420939564237 0 0 0 0 0 0 0 0 0 0 0 0 0 0 0 0 0 0 0 0 0 0 0 0 0 0 0 0 0 0 0 0 0 0 0 0 0 0 0 0 0
8.68005978650888 0.00317340916245427 3.7638165664942 0.0724885022719218 3.08916896945966 1.61760878219552 0 0 0 0 0 0 0 0 0 0 0 0 0 0 0 0 0 0 0 0 0 0 0 0 0 0 0 0 0 0 0 0 0 0 0 0 0 0 0 0 0 0 0
3.17612162344509 3.45129052341452 3.41440715629059 1.33466282123612 0 0 0 0 0 0 0 0 0 0 0 0 0 0 0 0 0 0 0 0 0 0 0 0 0 0 0 0 0 0 0 0 0 0 0 0 0 0 0 0 0 0 0 0 0
4.5477341434519 3.09929656592771 0 0 0 0 0 0 0 0 0 0 0 0 0 0 0 0 0 0 0 0 0 0 0 0 0 0 0 0 0 0 0 0 0 0 0 0 0 0 0 0 0 0 0 0 0 0 0
