2.42949693005874 0 0 0 0 0 0 0 0 0 0 0 0 0 0 0 0 0 0 0 0 0 0 0 0 0 0 0 0 0 0 0 0 0 0 0 0 0 0 0 0 0 0 0 0 0 0 0 0
0.206903855263263 4.93444043528386 0 0 0 0 0 0 0 0 0 0 0 0 0 0 0 0 0 0 0 0 0 0 0 0 0 0 0 0 0 0 0 0 0 0 0 0 0 0 0 0 0 0 0 0 0 0 0
1.91725661653094 3.1284432023173 6.80600286010045 0 0 0 0 0 0 0 0 0 0 0 0 0 0 0 0 0 0 0 0 0 0 0 0 0 0 0 0 0 0 0 0 0 0 0 0 0 0 0 0 0 0 0 0 0 0
0.0522560883681523 3.94884879113163 1.62986561250199 3.45004986071811 0 0 0 0 0 0 0 0 0 0 0 0 0 0 0 0 0 0 0 0 0 0 0 0 0 0 0 0 0 0 0 0 0 0 0 0 0 0 0 0 0 0 0 0 0
2.95183522017583 5.93505244866728 1.70829217533292 7.46302269228967 1.35457910265748 0 0 0 0 0 0 0 0 0 0 0 0 0 0 0 0 0 0 0 0 0 0 0 0 0 0 0 0 0 0 0 0 0 0 0 0 0 0 0 0 0 0 0 0
9.34196064557496 3.9184582686922 9.45582570490271 4.44992649350301 7.9337679142669 1.58985851691644 0 0 0 0 0 0 0 0 0 0 0 0 0 0 0 0 0 0 0 0 0 0 0 0 0 0 0 0 0 0 0 0 0 0 0 0 0 0 0 0 0 0 0
0.657347704152359 5.04821110943241 0.140891965446195 1.35767171110281 4.49895175658105 1.50657538692827 1.36113382340108 0 0 0 0 0 0 0 0 0 0 0 0 0 0 0 0 0 0 0 0 0 0 0 0 0 0 0 0 0 0 0 0 0 0 0 0 0 0 0 0 0 0
9.86063728454567 0.0707744581619694 10.6518117833591 0.0114794160175874 2.48108436338288 5.57881053816037 1.01549753343898 0.836331353261052 0 0 0 0 0 0 0 0 0 0 0 0 0 0 0 0 0 0 0 0 0 0 0 0 0 0 0 0 0 0 0 0 0 0 0 0 0 0 0 0 0
4.3740992827905 1.30198074363976 2.07566601044754 1.91624765239336 0.451155643887376 4.76660729406637 2.96256389092619 1.73606905748027 3.96233135919909 0 0 0 0 0 0 0 0 0 0 0 0 0 0 0 0 0 0 0 0 0 0 0 0 0 0 0 0 0 0 0 0 0 0 0 0 0 0 0 0
2.22834435139319 1.22047839482811 1.84080603087864 0.0717935839766292 0.209482021742425 7.5057252727145 1.88564398236236 2.81741360857586 3.88919641631952 2.45367667311643 0 0 0 0 0 0 0 0 0 0 0 0 0 0 0 0 0 0 0 0 0 0 0 0 0 0 0 0 0 0 0 0 0 0 0 0 0 0 0
0.525961954738018 1.95145691208167 2.89907100858467 3.50591197296759 3.67162215182474 0.02467142349344 5.63728033840021 1.11164562909345 2.21033601125788 2.30196454335203 2.28851497293833 0 0 0 0 0 0 0 0 0 0 0 0 0 0 0 0 0 0 0 0 0 0 0 0 0 0 0 0 0 0 0 0 0 0 0 0 0 0
2.6968508216424 3.28723027699448 1.32596781261531 1.2071984652136 5.31501408517605 6.26791794690515 7.09012116155027 9.22457231399032 0.797873044254143 1.49953463744911 2.76894890602105 11.9556110209205 0 0 0 0 0 0 0 0 0 0 0 0 0 0 0 0 0 0 0 0 0 0 0 0 0 0 0 0 0 0 0 0 0 0 0 0 0
0.733773579353752 2.78748440735689 0.942881277460902 0.0125727407505202 1.37468513577615 2.24664674206192 5.09353331512562 2.99212462443167 1.24371948287374 1.73662825317957 3.51050136631496 0.043901819466632 5.32110691350538 0 0 0 0 0 0 0 0 0 0 0 0 0 0 0 0 0 0 0 0 0 0 0 0 0 0 0 0 0 0 0 0 0 0 0 0
0.0238750157003484 0.0383389352128996 1.18835335072138 2.05305175324618 1.71989799684167 0.25393534306463 4.33328140898097 1.55435017270671 1.29855121750599 0.166309823810076 2.3792711160303 1.85008455253398 5.08391695849725 5.51699611596825 0 0 0 0 0 0 0 0 0 0 0 0 0 0 0 0 0 0 0 0 0 0 0 0 0 0 0 0 0 0 0 0 0 0 0
0.462648549153101 0.425814637538405 2.73972369317854 1.3820748354155 5.33298463646002 6.56889363713381 0.370350314440859 2.28515064577406 0.81107622666712 2.03033809265544 2.30294010224695 1.77821163991638 0.758052539060224 0.983686019611959 1.37602574789884 0 0 0 0 0 0 0 0 0 0 0 0 0 0 0 0 0 0 0 0 0 0 0 0 0 0 0 0 0 0 0 0 0 0
2.48222601586546 6.72785888493659 0.620990639953346 5.10487302169692 4.7436044873434 0.135267839717638 0.171583343451958 3.69212355114793 13.616154601821 0.46089580188236 0.899050392211823 0.929456917264327 0.274414273333892 1.0431676185687 3.65027607484134 5.99807179785787 0 0 0 0 0 0 0 0 0 0 0 0 0 0 0 0 0 0 0 0 0 0 0 0 0 0 0 0 0 0 0 0 0
0.12070370352907 5.64394372367062 3.02960017809382 0.0489455183823175 0.721987514838968 0.943321686960074 5.94184140091894 2.44787644837442 2.41738295098141 6.7485204078401 0.423835764878747 0.330101151649929 0.349901683933967 3.86580495765399 0.0495159942654241 1.49012008101415 2.1383804039956 0 0 0 0 0 0 0 0 0 0 0 0 0 0 0 0 0 0 0 0 0 0 0 0 0 0 0 0 0 0 0 0
3.41824329642836 2.45601587521636 3.91436680397726 2.71357084953541 2.5555624781366 6.19228199891219 7.44103740431043 8.97590750816922 4.29351208476855 2.64157204298491 0.247520593303762 2.20733829629616 0.421399484229607 4.52020199363426 2.3688390964946 2.34378600502326 0.0210339690963954 1.48802772902862 0 0 0 0 0 0 0 0 0 0 0 0 0 0 0 0 0 0 0 0 0 0 0 0 0 0 0 0 0 0 0
0.024044383337619 4.21752797342668 1.42371693718978 1.52945563045185 7.70704845964891 2.42599266116481 5.29203728282367 4.27961527273859 1.03870212875818 1.99040040248416 2.82802787389976 3.282723484854 0.160058170633623 3.02436151577014 0.640718637649465 0.993823478512033 7.02813754402539 1.03961007399278 2.38887560432308 0 0 0 0 0 0 0 0 0 0 0 0 0 0 0 0 0 0 0 0 0 0 0 0 0 0 0 0 0 0
3.11778369116118 1.51657138945394 3.71399178731111 3.71587393902341 0.0707654599127696 4.92289553851434 1.00023119411883 3.27337845159812 0.646820724416729 8.20689734301038 4.81933199699276 12.9341526433364 1.91238172989322 2.88633976875766 0.766509011325385 0.63573363257017 0.364302562202486 3.44839465736315 1.80840077029206 4.09069743534701 0 0 0 0 0 0 0 0 0 0 0 0 0 0 0 0 0 0 0 0 0 0 0 0 0 0 0 0 0
0.123658390776836 0.407510147881893 9.68946563931513 7.18599050527374 0.010076336781638 2.61162810980285 0.698430112569904 2.29875916573186 1.79710936277365 1.72645580615389 1.17991055383853 0.76428322241824 2.10598378521385 4.74888419291907 1.2764032143715 0.145184598407956 5.30161576381602 0.813736933916061 2.60493616562335 3.88191130372224 0.23907607970016 0 0 0 0 0 0 0 0 0 0 0 0 0 0 0 0 0 0 0 0 0 0 0 0 0 0 0 0
1.37568780942655 1.32108531167511 1.29798214145311 0.435051236716093 0.307322681207821 0.464705906254482 0.00767298755828992 0.393286557534165 3.66453210181146 2.19963102663007 0.161041536488834 2.44704892736232 14.4705696693157 7.44608265656527 1.52783480988014 0.47378226008474 6.84681428344739 0.196893823734683 0.237377786032026 5.25584648561412 0.118865141068486 2.6433602799193 0 0 0 0 0 0 0 0 0 0 0 0 0 0 0 0 0 0 0 0 0 0 0 0 0 0 0
2.43503623189543 0.919729243631771 5.50372833507319 9.08980914957547 2.03550364364717 4.30811128813421 3.15184600747804 6.23186379346438 0.841628358695559 0.822717691022867 0.325833153503616 3.32026950083703 1.40352508343299 1.15803427311717 3.04845446013052 0.313842723870555 0.765314703452778 2.75482884743081 0.916765897565848 0.246189128443315 5.30069182667828 2.04716444637263 2.60196029932589 0 0 0 0 0 0 0 0 0 0 0 0 0 0 0 0 0 0 0 0 0 0 0 0 0 0
2.45617064151539 1.21031966448215 2.19748248307889 2.43616155669207 2.45241572218507 1.92844370013795 9.45152192004592 3.39712476583042 7.91380878177174 0.942574958373422 8.38955077384182 5.55633206054262 0.726637699797227 2.32670342822796 1.06431332383868 2.31911843109988 7.29934388736893 7.07639456220858 4.84577077075976 2.06555811000798 2.26344603198242 2.27079922103348 8.38139557687811 0.364295687381681 0 0 0 0 0 0 0 0 0 0 0 0 0 0 0 0 0 0 0 0 0 0 0 0 0
4.422675677612 1.68795470065664 1.15098398299059 1.95065564956939 0.338338675732484 3.56105164419936 1.87305377387226 3.87132273583779 1.02508777765349 5.24106812626318 0.905999927148461 0.451831351939603 1.58214270769373 0.974186488312342 0.517079259658356 2.79468089906046 2.24900047654233 2.04976694670918 2.9888327157001 1.13630631719267 1.77049354236065 1.51521097706378 0.453834814246847 2.83752343386527 0.413854686661966 0 0 0 0 0 0 0 0 0 0 0 0 0 0 0 0 0 0 0 0 0 0 0 0
0.455286938738737 0.339535071829057 0.620185016640156 1.95077802625 1.67359916006838 0.672703631771463 0.285843394615441 0.163916003530822 0.0242795555699451 0.355497223304967 3.16213013853171 1.17765211409785 8.16331330410769 2.90184569154303 0.698525589149729 5.40968801807105 2.12007853394784 1.00976122893762 1.65540917000286 0.321533500836256 0.296780031580292 7.40935257399041 2.28434916467729 1.11524173555874 0.140005241333613 4.11471061788853 0 0 0 0 0 0 0 0 0 0 0 0 0 0 0 0 0 0 0 0 0 0 0
0.0268326432594194 2.26117001199284 2.89873326384482 0.0351019583273433 8.61655417493221 3.1193226914948 0.0123844075027199 2.22258914564317 0.30467044122588 6.82579082457771 2.28106780416891 0.72242975105129 0.0210945289405248 0.832839179164682 0.596483151018882 0.172193174040002 0.0631572456914488 1.35883690292675 7.33342871064484 3.75153059196242 4.10114390851335 1.43041826246278 2.14215221422651 5.41239685536034 0.959351724412564 1.54985057491409 3.12393497586773 0 0 0 0 0 0 0 0 0 0 0 0 0 0 0 0 0 0 0 0 0 0
0.542713259092953 5.64496574570894 7.70124606234003 0.252811673497402 3.87293147806774 0.199764388306832 2.29023854695214 4.14436467773866 1.14029216795362 7.37332979953088 1.40799145871528 0.605753316636023 0.281841674768432 3.99945875178277 2.37540855031508 2.13936609335606 0.528497951211558 0.368714917643155 6.53145819381181 0.506997617814896 6.38062385551598 0.286463619746435 6.85367638373406 1.81822661426052 3.10312427498153 1.44131069381627 0.416908970263295 2.58159971511959 0 0 0 0 0 0 0 0 0 0 0 0 0 0 0 0 0 0 0 0 0
2.58623505757766 0.586891532801242 5.25086862759661 1.09461321518054 0.527156049229644 3.97844640341707 0.58067030104163 2.59929484352092 3.6544419937624 1.16533765391827 3.74001542559708 0.70977209770268 3.77365939250472 0.444296896872475 7.17842150609246 0.600477823117291 0.237397054572428 1.13120341775942 0.501255805210591 3.6695509040501 3.0056042214182 0.260910613264655 2.31529617297343 1.19678635257692 0.877736555536976 3.46048927176574 5.42919808578562 1.38796038130652 0.571780757954744 0 0 0 0 0 0 0 0 0 0 0 0 0 0 0 0 0 0 0 0
1.54114754066358 6.45259638540288 0.181025883022502 4.00928055819417 1.12079231318304 0.917636409867579 0.666246088500183 1.69055336127055 1.95455287932107 1.93125457369647 0.435414905386982 3.94558196584518 0.150426810751632 2.04710151230402 5.75349875798631 0.0818183484188698 4.28475206808108 0.393108676745598 8.07524783326993 0.254812347117003 2.00126532461961 0.0769119276531426 8.1112535740123 7.53820537368167 0.599731375365453 0.519675855414191 10.7105586929065 11.6733749855596 1.48665797230531 0.753073778104082 0 0 0 0 0 0 0 0 0 0 0 0 0 0 0 0 0 0 0
2.50225335197082 0.883257010432598 2.65282333824734 5.17773495533452 2.42914804060934 0.610991965451003 3.65449940633428 1.09769708913413 8.20953008159246 1.34727823179482 6.47499824523546 2.69964449098247 2.25559343183113 5.99773760814635 2.22597090336705 6.06414054894309 2.08878460498456 0.581423538138924 0.428946090191105 2.45295718598827 0.391952060237195 2.23815904347996 3.33580896293561 5.48500866113762 2.8532032902107 0.24742725169357 1.59678547612666 1.35556659809155 1.0141613124457 2.08439078173125 2.83408571329541 0 0 0 0 0 0 0 0 0 0 0 0 0 0 0 0 0 0
1.76179673872433 1.94920594739552 3.46404285475898 2.04109567599161 1.77046974756192 1.39946125321132 5.24500752030319 0.601702825114633 0.919133961975726 13.6382494952134 3.63381969552656 1.35162579586767 1.50416965430204 4.45408566950415 4.8443115998296 1.13674854120246 0.0288515277498334 4.32458258013146 6.73617710231535 0.879172588129525 2.16309564015638 1.77415268478821 1.97146332717242 3.47178976781945 0.0548392241815037 2.09317649586812 1.27492397456315 0.968445912882521 3.25410906472515 7.99664152696205 0.460055325726743 1.77451689446289 0 0 0 0 0 0 0 0 0 0 0 0 0 0 0 0 0
2.8403914216178 2.15255583383327 3.29927536541286 1.6046450940852 2.96281436516682 1.79412881350722 1.79479576927097 2.45245519153074 9.09843237429174 3.28381650672517 1.12624308818377 3.1371187935215 3.32404402727564 2.66533267866527 0.29746506804641 3.98804727348644 0.621451252029598 2.90034115730062 4.07231738628118 1.01732470337307 5.38100348363241 1.59940457841204 7.97687503120232 1.01946060668209 1.31409222469049 1.16928219430118 0.735293487693673 0.355911255463947 3.99607601040815 2.98572370198931 0.163281184837324 1.49767931854072 1.6894578334658 0 0 0 0 0 0 0 0 0 0 0 0 0 0 0 0
5.83182061635815 0.330717194054448 2.43026494143861 0.516527125067247 4.20955967893153 3.93254657313315 0.750699942941334 0.015774062649387 7.20939631914363 5.21978857613399 3.88032253201849 3.26426591047301 7.02554123828861 5.09697400382371 0.699782018744213 0.476866801321331 5.59870074470158 2.82186575492249 0.779665515254577 5.27783371754311 1.45032689706408 0.172500250995486 1.20564083759723 10.4292104716026 5.25091046742723 3.3981686472624 1.2646629380148 2.08941345797852 6.81415439900656 2.23766355920121 5.64177005633674 0.00289243477501669 0 0 0 0 0 0 0 0 0 0 0 0 0 0 0 0 0
0.223081832775026 2.22367340458781 0.881778979549748 0.289642510676403 2.26231853466129 1.09216999935541 4.77315804374178 0.514286147935836 0.793522152222916 2.35927663710675 0.534638265808344 0.755387244185307 3.89972004843427 1.79889283171209 0.690359580550307 1.01561154999436 4.54898554636416 1.91009447435554 2.37450921418764 5.27116763754001 5.18324327874602 1.08342206224818 0.661386052084538 1.12071246491834 0.13978749529366 4.09470166828599 4.84792923778136 1.89914576184338 1.17950333355077 0.551934944311113 0 0 0 0 0 0 0 0 0 0 0 0 0 0 0 0 0 0 0
0.347490317013606 10.3874370554173 0.716389445297326 1.6031017825213 2.14028735824411 2.488665248743 0.0969668435769549 1.15139727287897 2.53936330890536 1.64775375736843 1.64301886421484 0.673050773118706 2.11355428543474 2.73445291384019 0.771734561382012 1.09142322259001 2.18651609260863 1.70087481492185 0.381551498035183 2.31220472378724 4.04993631783297 1.14110023892753 2.68035066716378 5.24777172688556 2.11217629715152 2.81132983314609 2.56049176261608 7.89673402426548 0 0 0 0 0 0 0 0 0 0 0 0 0 0 0 0 0 0 0 0 0
1.42639301392975 0.496638243972257 1.14663110539384 3.51461323242011 1.45143222662191 3.52917864201446 2.11947507151057 0.881688263832708 1.39486479966459 2.29753182634247 0.80022045822806 3.61305780403659 0.989735121902323 5.90063934502665 0.00569930304534679 1.23418194531183 1.78554095814712 2.70827639607242 1.58110883504016 1.1010362049093 2.58580878927972 0.668723925530811 0.463521028763442 0.386824033744622 1.04052871339734 0.282950663248301 0 0 0 0 0 0 0 0 0 0 0 0 0 0 0 0 0 0 0 0 0 0 0
1.15354322938373 2.25971265546829 0.377555058889029 3.31943174576276 0.659022381843118 1.92655589576951 2.069857347018 0.617468107743112 0.690527839804172 0.0484123581874195 2.22129482357174 4.44983757621191 1.68751749320963 1.00264771301371 2.05372139552796 2.4335416723903 3.32099505286695 0.528448938515523 1.63135170535574 0.124140503042156 0.409230112021095 2.1000303010077 1.36212019104787 1.27062399888337 0 0 0 0 0 0 0 0 0 0 0 0 0 0 0 0 0 0 0 0 0 0 0 0 0
2.81552646009262 2.67911708127933 3.65328255487898 1.58712891357694 1.70539612097777 0.0816240494684024 4.84487360071221 12.3790617918121 0.30966278516918 6.91125840566024 0.159163209817799 5.84710982385356 10.4588292534541 14.8408373579847 1.48481876091133 2.06256740685871 4.53660947391439 0.423549564927629 4.46589587545309 3.98117464124596 4.33778010709442 13.6044464787574 0 0 0 0 0 0 0 0 0 0 0 0 0 0 0 0 0 0 0 0 0 0 0 0 0 0 0
3.14712441384581 0.24974815448139 1.91245941041873 1.0093290234899 0.407771517149608 4.77501887944118 4.03731285682967 0.0675348645043363 1.98135447428753 0.426529039875196 6.05718019707813 0.976475654834952 4.07811829106181 2.7016880989014 0.416081231372051 2.45317409830471 0.034973883335548 4.84214237075862 0.828298788246211 2.37773887259007 0 0 0 0 0 0 0 0 0 0 0 0 0 0 0 0 0 0 0 0 0 0 0 0 0 0 0 0 0
1.64590632279294 7.01360394418351 1.7127881100995 1.06094272614221 0.271905659722636 0.465133709320065 0.681000264232328 2.36855880443568 0.250975596022766 1.54872029151234 1.16487817595346 1.21045198188395 3.47824650713582 0.408111201849005 1.3387252265003 2.45381523576942 2.22072881716087 0.0769044097705313 0 0 0 0 0 0 0 0 0 0 0 0 0 0 0 0 0 0 0 0 0 0 0 0 0 0 0 0 0 0 0
1.09624305549283 2.21970867162718 0.0157805102361283 0.526110421919018 0.698637004619565 0.514220958837206 3.73274411291805 1.31774295861698 1.85672793994708 0.755250255933593 2.81719074176536 1.19705077961132 1.76972242037486 3.82789404738628 2.95541739571674 0.641502644314715 0 0 0 0 0 0 0 0 0 0 0 0 0 0 0 0 0 0 0 0 0 0 0 0 0 0 0 0 0 0 0 0 0
0.318782400558784 0.425415161641957 5.54803307585206 8.63961196557273 1.23608948114047 2.0706090464106 0.272978762325597 1.2335564781281 0.361777477946246 4.99664503215135 1.53708424247481 0.653194401016093 6.15597344221625 8.45448355693923 0 0 0 0 0 0 0 0 0 0 0 0 0 0 0 0 0 0 0 0 0 0 0 0 0 0 0 0 0 0 0 0 0 0 0
1.74315020248516 4.24776349078928 1.20657262415489 1.16466577072446 2.22486122950501 0.468105169593321 2.65956673961512 0.288249934408581 3.58416253878114 4.97263018764608 2.98418276661733 0.540010955255911 0 0 0 0 0 0 0 0 0 0 0 0 0 0 0 0 0 0 0 0 0 0 0 0 0 0 0 0 0 0 0 0 0 0 0 0 0
0.639213305063401 1.04311391529761 1.33449319555696 1.11969174392159 6.67197329008294 1.75496741867557 0.300579596593479 4.03980840299339 1.02220552113259 0.704162765497219 0 0 0 0 0 0 0 0 0 0 0 0 0 0 0 0 0 0 0 0 0 0 0 0 0 0 0 0 0 0 0 0 0 0 0 0 0 0 0
2.31521701115713 0.119954508642116 3.81599931809532 0.427524816023608 1.19296845490432 0.441067474217242 3.13854234508447 0.291094705585698 0 0 0 0 0 0 0 0 0 0 0 0 0 0 0 0 0 0 0 0 0 0 0 0 0 0 0 0 0 0 0 0 0 0 0 0 0 0 0 0 0
1.08856066569697 0.573833827480275 3.09428716878371 5.11512431486106 1.29411470975572 1.55217375663169 0 0 0 0 0 0 0 0 0 0 0 0 0 0 0 0 0 0 0 0 0 0 0 0 0 0 0 0 0 0 0 0 0 0 0 0 0 0 0 0 0 0 0
0.526666846563109 1.70691581493516 4.43620831969413 3.3720371097204 0 0 0 0 0 0 0 0 0 0 0 0 0 0 0 0 0 0 0 0 0 0 0 0 0 0 0 0 0 0 0 0 0 0 0 0 0 0 0 0 0 0 0 0 0
3.22941499930351 1.02857770231856 0 0 0 0 0 0 0 0 0 0 0 0 0 0 0 0 0 0 0 0 0 0 0 0 0 0 0 0 0 0 0 0 0 0 0 0 0 0 0 0 0 0 0 0 0 0 0
