1.78801330373782 0 0 0 0 0 0 0 0 0 0 0 0 0 0 0 0 0 0 0 0 0 0 0 0 0 0 0 0 0 0 0 0 0 0 0 0 0 0 0 0 0 0 0 0 0 0 0 0
1.66258559089956 4.15550051886138 0 0 0 0 0 0 0 0 0 0 0 0 0 0 0 0 0 0 0 0 0 0 0 0 0 0 0 0 0 0 0 0 0 0 0 0 0 0 0 0 0 0 0 0 0 0 0
3.33429088152836 1.92548305179468 12.5326288771702 0 0 0 0 0 0 0 0 0 0 0 0 0 0 0 0 0 0 0 0 0 0 0 0 0 0 0 0 0 0 0 0 0 0 0 0 0 0 0 0 0 0 0 0 0 0
0.551926551001846 2.74046383076179 4.68165057198414 3.08224659568428 0 0 0 0 0 0 0 0 0 0 0 0 0 0 0 0 0 0 0 0 0 0 0 0 0 0 0 0 0 0 0 0 0 0 0 0 0 0 0 0 0 0 0 0 0
0.0164847491567813 0.870328963101922 3.22439302241079 4.66078476054904 0.655836199485588 0 0 0 0 0 0 0 0 0 0 0 0 0 0 0 0 0 0 0 0 0 0 0 0 0 0 0 0 0 0 0 0 0 0 0 0 0 0 0 0 0 0 0 0
0.797454246443495 1.12711714902472 3.02561406995333 1.2306521949734 0.720479308826481 5.14995730168054 0 0 0 0 0 0 0 0 0 0 0 0 0 0 0 0 0 0 0 0 0 0 0 0 0 0 0 0 0 0 0 0 0 0 0 0 0 0 0 0 0 0 0
5.86663017612514 1.45999192412893 0.108143788215723 1.90033739123897 1.00879432426191 3.48509895351952 6.49824955653687 0 0 0 0 0 0 0 0 0 0 0 0 0 0 0 0 0 0 0 0 0 0 0 0 0 0 0 0 0 0 0 0 0 0 0 0 0 0 0 0 0 0
2.33199221430871 0.354833476153779 0.68152741247446 3.66057891664054 5.47745318093952 2.36585971645528 0.286414386613734 1.34980809045748 0 0 0 0 0 0 0 0 0 0 0 0 0 0 0 0 0 0 0 0 0 0 0 0 0 0 0 0 0 0 0 0 0 0 0 0 0 0 0 0 0
0.374234560356258 0.824005362896153 1.91068902316679 2.54773844754122 3.12921344453547 1.13420650137838 1.56523682318331 0.684027260384235 0.325700749050371 0 0 0 0 0 0 0 0 0 0 0 0 0 0 0 0 0 0 0 0 0 0 0 0 0 0 0 0 0 0 0 0 0 0 0 0 0 0 0 0
6.32997527363597 1.05757309409622 3.95761029364931 0.104847881106681 3.58219243190206 0.227977375598547 0.325830297951976 0.794281984068756 0.950436165948098 0.261954189169281 0 0 0 0 0 0 0 0 0 0 0 0 0 0 0 0 0 0 0 0 0 0 0 0 0 0 0 0 0 0 0 0 0 0 0 0 0 0 0
0.375360070543453 4.8924748045143 0.260012947858402 1.36148768255702 1.17906429349759 0.529358920724719 1.03578119097635 1.93664065545259 0.964117415569452 0.512264000098073 3.24619601786907 0 0 0 0 0 0 0 0 0 0 0 0 0 0 0 0 0 0 0 0 0 0 0 0 0 0 0 0 0 0 0 0 0 0 0 0 0 0
9.4824881016702 0.403881230710542 0.0636839146690702 3.03502204392513 9.12250792234601 0.895956952013665 8.46936184953324 6.66447366298465 0.473653491593021 7.49324704064168 2.06693564661717 2.90889602824016 0 0 0 0 0 0 0 0 0 0 0 0 0 0 0 0 0 0 0 0 0 0 0 0 0 0 0 0 0 0 0 0 0 0 0 0 0
3.19833844165748 2.08570178281055 2.52923475291926 1.90321945393132 1.85565341634494 1.10679594920533 3.3529581509699 0.143843742638467 1.32410673588036 3.61973313078948 0.872787165987826 10.3129825857214 4.04808218981165 0 0 0 0 0 0 0 0 0 0 0 0 0 0 0 0 0 0 0 0 0 0 0 0 0 0 0 0 0 0 0 0 0 0 0 0
4.55566049242785 0.0659124082998222 0.231926005994733 0.334927987258655 0.179112999291181 2.64082981434115 2.6382952191381 0.0150847935727346 2.14904513947016 1.72529294940424 0.324821246208692 1.10133059215702 4.38813124555294 5.28601089084714 0 0 0 0 0 0 0 0 0 0 0 0 0 0 0 0 0 0 0 0 0 0 0 0 0 0 0 0 0 0 0 0 0 0 0
0.948252052411739 0.334585090093996 1.83421288286869 4.41269161201735 1.64408161438001 1.79107924193265 0.544272619418401 3.26166766742982 1.47825672371914 1.92473774406027 0.0723860366046756 1.06715804592061 1.50765405729405 2.64786501576158 2.87763152220779 0 0 0 0 0 0 0 0 0 0 0 0 0 0 0 0 0 0 0 0 0 0 0 0 0 0 0 0 0 0 0 0 0 0
1.6678795519414 0.857076059813438 1.60976004640473 1.9575524910119 0.418374332421349 0.995027517249088 6.28254357757289 0.617538483051202 2.56394142390703 0.379556467982888 0.186155151349472 0.543861482857126 6.23865268891814 1.26362483330585 3.58460140935708 2.2083889446365 0 0 0 0 0 0 0 0 0 0 0 0 0 0 0 0 0 0 0 0 0 0 0 0 0 0 0 0 0 0 0 0 0
1.17835314809341 2.56771249923502 1.13053296242026 1.01882078853485 3.64234052127055 0.289366022239888 1.25470769219607 5.15152226514566 4.16775088166202 1.47571591685931 3.88420782396157 1.50414012618684 1.94415163404828 7.34547053790613 0.252941787532665 3.0765567571036 1.85889072910274 0 0 0 0 0 0 0 0 0 0 0 0 0 0 0 0 0 0 0 0 0 0 0 0 0 0 0 0 0 0 0 0
2.47276447968264 1.83908574462042 5.53952064414201 4.42041099174472 7.28287966146428 1.17090217130477 3.94385340787809 0.886481283531052 2.42953265426694 1.33838809294164 1.06289393049181 6.46447371304371 2.04199540812215 0.702083632829951 0.452420643285788 1.32560300324249 0.0100240967944053 0.302237315787712 0 0 0 0 0 0 0 0 0 0 0 0 0 0 0 0 0 0 0 0 0 0 0 0 0 0 0 0 0 0 0
0.167972988981614 0.924290006979767 4.87024468209986 2.60482714938384 0.456202997555546 1.94785527138735 3.23797753915827 0.744858405771706 2.35411048980485 0.518820565549826 1.93927992750074 2.48510410297653 0.734186887207446 0.573010548891561 1.49539758089837 3.3213651851455 1.12620856503655 1.28451752214506 0.831239790128768 0 0 0 0 0 0 0 0 0 0 0 0 0 0 0 0 0 0 0 0 0 0 0 0 0 0 0 0 0 0
1.28936257456319 0.741775670313241 1.39759614212481 0.726172861366223 2.59764027967172 3.69502879627362 0.203597696037688 3.69605493910361 1.36173969984406 0.593668670951931 8.33040529418667 1.1563332121568 0.209378656573245 4.54621703397825 1.21687600339412 0.792613743785247 0.402565671537567 0.340985935199753 0.933459201406002 0.574564353454647 0 0 0 0 0 0 0 0 0 0 0 0 0 0 0 0 0 0 0 0 0 0 0 0 0 0 0 0 0
2.46474609275681 0.174980495468219 0.808331395463766 3.13905018811793 1.49558002321384 2.60858018853411 4.8960283931286 0.818939595291635 2.90912747227598 0.25091026492141 0.339165659500014 0.754933113252906 7.93595112878492 0.170124956690428 1.16743425026318 1.07328163178321 3.08306092131942 2.49993398118331 4.16110425780094 5.01501171292397 0.0996807319523924 0 0 0 0 0 0 0 0 0 0 0 0 0 0 0 0 0 0 0 0 0 0 0 0 0 0 0 0
2.54216852406639 1.03368885295066 1.21314311147877 0.665616322941195 0.317640023890309 6.67775180427576 0.17893926712078 3.84125319455095 0.00338828146389864 1.0070189527798 3.22939473615328 6.59492237716394 4.76092259895891 4.00752848961949 2.32450635486535 1.35968800131967 2.12522999948172 1.26393606178932 3.06277817838103 2.28664484483268 0.360712317962663 0.161404009273971 0 0 0 0 0 0 0 0 0 0 0 0 0 0 0 0 0 0 0 0 0 0 0 0 0 0 0
0.573903652448108 4.10558389632212 3.92636115671511 0.625464509719263 4.21976043402944 2.76778235735209 7.25968578465689 3.19425500368187 3.31737461839174 0.810249490149875 4.27124292862442 2.40403811162553 0.479050609103993 4.20150051648503 0.241042545955142 2.57204974028194 4.12230202851264 2.87265626744181 3.14176530758868 4.86750451420478 1.65546311912863 0.0469220493966296 0.504615526535023 0 0 0 0 0 0 0 0 0 0 0 0 0 0 0 0 0 0 0 0 0 0 0 0 0 0
2.49352378548717 5.55144100823374 5.45304955107919 0.195377413284336 1.52894676978336 2.3545463481629 4.83540185098174 0.409482538678222 0.708989703610765 4.0109341097894 0.100110830335858 10.0646649170948 2.06519259567487 0.0963921886561685 1.28286920940539 3.52552893314569 4.48760030960339 0.408226212476778 1.70233734855688 3.34868071051671 0.135346182272514 6.30507107515685 1.28872184458443 2.80400697410417 0 0 0 0 0 0 0 0 0 0 0 0 0 0 0 0 0 0 0 0 0 0 0 0 0
0.11797540798112 6.87392195992676 0.573586974521307 0.555802459690161 1.4547364562562 5.18354009454435 0.765718885631015 0.741740975260306 2.72569556169102 0.591579343973875 3.2227208852906 6.0557499335528 3.67560446366489 1.7269768138021 0.503186811068625 2.31903757200019 0.345424100737292 0.212325808028629 0.682823577389072 0.349356634411612 1.02356948523042 0.649198281378696 4.3237302672678 0.595810170853548 5.04380682012107 0 0 0 0 0 0 0 0 0 0 0 0 0 0 0 0 0 0 0 0 0 0 0 0
0.00375351835604689 2.89810872085583 1.35234608394309 2.24756290720021 3.56523780574081 1.04842010654349 1.1232372059505 2.43724803728727 2.07663526327281 7.85395008298634 0.94011577624977 1.74064205224995 0.527472216292195 0.877410081684446 4.3520843192001 1.68432592153571 7.36046102590229 1.99785926990239 0.347544399245078 1.0499010987809 0.053979282906323 0.0902602590307404 1.07238745632344 0.540400394813111 1.33879542532392 0.656268726461696 0 0 0 0 0 0 0 0 0 0 0 0 0 0 0 0 0 0 0 0 0 0 0
7.56691664037469 3.47728325840486 2.39360865644937 0.647644801395099 2.17821807205589 3.41788491091357 2.11473121008442 6.34252247766116 2.9184697714651 0.316478499337041 6.44876112033955 2.13648401935051 0.47417272814825 3.69935152865224 3.36435609655863 1.87026277263824 0.513475709865472 0.468098351763162 7.83112423922081 0.458289778011861 2.48761458367592 11.537677206085 1.13197831067979 2.40766250258565 2.17561310150073 4.56666978416875 2.93136055027716 0 0 0 0 0 0 0 0 0 0 0 0 0 0 0 0 0 0 0 0 0 0
1.25314428839578 1.21170285135094 4.50364431662826 0.196764161613546 1.20781872750067 3.8767943500934 0.671323693611317 1.78249588704763 1.23127847310208 5.64379677185637 3.44633906184858 2.17663806482209 0.31188126064842 0.323190382431699 2.69221012717814 1.20968646695612 2.20051382374585 5.07109479539777 2.19899598696326 0.478517469764949 1.6990207713441 1.26669471759911 1.52752215709001 4.30462651723509 0.805262615410557 0.443685548979012 0.63193472875815 1.55827327666761 0 0 0 0 0 0 0 0 0 0 0 0 0 0 0 0 0 0 0 0 0
0.746202204375467 0.536527737460104 0.627233251356707 1.27825212156577 1.59809761320031 5.88242061354435 0.826363957465164 5.98739117266578 6.97339268932593 1.6911781212374 1.62347388727911 6.13673765698502 0.983636484999091 0.322495841056513 4.23858860326967 1.19002647804988 2.84988573043217 7.253414463264 3.77574284561967 8.81950776237068 4.37445008776869 2.18323188450163 5.09131830306133 0.172702879809526 8.04039191915141 0.379273036528892 0.925489114173631 1.77778642741398 2.38001113199266 0 0 0 0 0 0 0 0 0 0 0 0 0 0 0 0 0 0 0 0
5.13236758699921 2.77633728186922 0.823814154399568 3.7127690003119 0.796173477366493 4.76241169080239 3.90117939002602 1.20402667671934 1.11639871826672 6.59005959063072 5.20343573144513 1.12094955922888 1.36223279773009 1.23705250638273 4.63472881887646 5.17521296086913 4.22851000787484 4.72976272924245 3.55026194473481 2.8412576682022 0.123166297322138 2.53027236971552 3.41529772501565 7.70745258214079 0.471458847463314 2.65203073746727 1.19564563731045 0.0855083460128552 1.71438164429416 5.12715185295954 0 0 0 0 0 0 0 0 0 0 0 0 0 0 0 0 0 0 0
0.490963828610359 2.39051657153798 3.33539023787419 1.63810270975942 1.20230233815539 0.971498567612523 0.869695080573806 0.619987969537528 1.87575168301717 4.24236183256923 3.24645740669036 0.601504879442388 3.62657673956495 0.109113822708895 1.51892601322217 1.16333136123018 1.62329840656336 4.90691689396824 5.365089108449 5.69169556874844 4.65867672845383 0.565296278665681 6.58113590697079 1.65915259548629 0.718593093592739 1.51829351077661 0.32661642007767 3.86805278117477 0.63378453644176 2.42406997036145 6.25875231878683 0 0 0 0 0 0 0 0 0 0 0 0 0 0 0 0 0 0
0.243591375255632 0.444412056766842 2.54433884647092 0.190799740243767 0.53292522105856 2.53782782211755 3.65340014159938 2.44644567706276 0.57073453666288 1.39197453974353 0.952747279956431 0.0953689470265746 1.264261248377 1.49871289071555 7.07135255964638 1.14742979135387 0.284808311644641 0.579965488758896 0.393654336715308 1.47099473956531 0.722270932941922 0.244416817523596 1.83866820689824 4.45525486385154 1.84345976359928 0.387440196225465 5.20659952919849 4.3513356053114 1.44888887916633 3.16289358594589 2.74191302773688 1.9057512162538 0 0 0 0 0 0 0 0 0 0 0 0 0 0 0 0 0
0.993101454705739 0.792109715922417 2.87089192037943 0.140641312233837 1.42638833428726 1.89125207817157 5.48941524891766 0.62547862620692 0.496999488113339 1.35092337299061 3.34563697822836 0.432014451609076 1.85874129192989 0.837591658331081 0.694642935409804 4.09859855339246 2.4949725457498 7.93644245523362 2.19095379153196 1.22399445883654 5.32147447030209 1.82120396907077 0.728341270494031 0.0283505419087944 0.0656005512923802 6.85189051068504 2.7693021036827 1.40811321400659 4.13074076567851 4.24256699956216 4.73700196521079 3.54476099132918 0.161917490133364 0 0 0 0 0 0 0 0 0 0 0 0 0 0 0 0
0.68454356909793 0.301079474459711 0.369886536376328 0.956763555235488 2.61085434258763 0.0683800505372587 0.0754171211546744 1.22043327967143 0.311704554793983 1.02869141930166 0.699489903435163 7.07327646365054 5.71273906478292 1.9544299079028 0.358971348828418 3.25152504401302 1.92367850579915 3.28240102308464 1.46220006270344 7.82206554831085 2.4557558828415 2.45543945297998 0.40173890413442 0.284928768770008 4.82602096146957 0.641958250248557 6.75773247433525 0.684505808122149 1.62580682350168 0.561178262319325 2.17467413456921 1.1332571788857 0 0 0 0 0 0 0 0 0 0 0 0 0 0 0 0 0
0.42612526056014 0.129940819498029 6.26318273294708 0.608262876457992 0.219538389905107 5.33340036375111 1.56999591957858 0.231291159360332 2.86788994521769 0.866817097576022 2.02466217191474 0.783218087589063 2.19069138199091 0.177017240224035 0.124538725742554 2.00833928658939 2.61168089270073 2.78663456673552 4.47053365701785 0.480461353242344 0.891505717152599 3.5006202614662 0.482312917981351 0.472347596312545 3.41666311861861 3.63127315652588 4.75670477872711 5.69525311883733 3.96170365439849 0.232105892720567 0 0 0 0 0 0 0 0 0 0 0 0 0 0 0 0 0 0 0
1.19512920757306 0.612892495706515 0.750446678044378 0.0405496152247552 3.63056069275221 1.08100782571237 0.956602139275778 3.63820103272092 1.57262405246209 2.38537795030284 1.94843038943618 2.1248895646719 0.14013644765591 18.3790588711287 2.02191640680252 3.96612372579145 4.11264645812529 3.34970192884247 1.30739265329404 4.4221093804249 1.25577052965177 0.0394363699960919 6.45262751870558 6.20087693042389 2.36950816572391 2.16445219474831 0.813970913037505 3.7282799761746 0 0 0 0 0 0 0 0 0 0 0 0 0 0 0 0 0 0 0 0 0
4.12242106372607 2.4991154587135 1.34460273925463 7.24371120910933 1.3495357291724 2.94144600993407 1.31546036821718 1.92199665556209 7.1050076963335 1.17197824997194 1.43308277314721 0.203717470655024 0.658363345711756 0.599162887455756 0.313530174390761 3.97715219249454 2.45561085486363 2.258027535926 0.29963148206893 1.0105047666593 2.67296174731355 0.94847562309716 0.132258925981167 4.18448669744975 3.24161829950796 1.63345088705324 0 0 0 0 0 0 0 0 0 0 0 0 0 0 0 0 0 0 0 0 0 0 0
1.62118831188696 0.491007125597891 7.62912737518874 1.52502135782801 3.51081776492253 5.18206853445826 1.92898133146162 0.110857709213786 0.604193969264815 1.419316083812 6.02634269372937 0.114000066850407 1.70148189753514 0.188131538270651 1.00113779281536 2.43450940566009 5.82227276498491 0.573865041438571 2.27484411895215 0.195639976404391 0.667044319274333 3.74081889266027 1.67467619212892 0.0364477179399609 0 0 0 0 0 0 0 0 0 0 0 0 0 0 0 0 0 0 0 0 0 0 0 0 0
1.21330658095855 3.19150816841039 0.448420981853253 0.0444462683641257 0.823743965771853 3.44484685177595 1.10027757475658 1.78797453853448 3.72527634992045 0.723131137340936 1.16280194108593 1.52639001044391 2.6670433471816 2.3788176975117 0.334867970839613 3.67289449749539 2.39920202621148 1.67500783346629 1.6101119225411 0.530348996189587 0.289218810901004 0.214471941379782 0 0 0 0 0 0 0 0 0 0 0 0 0 0 0 0 0 0 0 0 0 0 0 0 0 0 0
3.38240049488178 0.948361041514328 0.297328451078515 2.71048466757987 1.567933672401 10.2130422967585 0.623817216011778 1.8856942161713 3.62639587515252 3.3814691665973 1.62484423126393 8.89063846368549 3.6090232290447 0.788333863706959 2.35050067391929 0.0590107174283927 0.928506107398367 0.933839242056591 0.0274456316461099 1.63958983154402 0 0 0 0 0 0 0 0 0 0 0 0 0 0 0 0 0 0 0 0 0 0 0 0 0 0 0 0 0
0.304425647543946 2.76316978394828 3.44442392074366 1.04817088135163 3.4582223847789 4.06805050877542 0.196155805806232 0.957174584620682 2.04800644348986 1.01844017173412 1.77374825584134 0.0681944590473511 0.0925366582959078 0.177395959461984 1.33889025337112 1.94522965903636 1.2635026908948 1.33592347482541 0 0 0 0 0 0 0 0 0 0 0 0 0 0 0 0 0 0 0 0 0 0 0 0 0 0 0 0 0 0 0
0.976126300002233 1.32193564696538 0.321720444474151 0.463441461986051 3.59843514037751 0.22224295156572 0.661006534342671 5.64023648073586 0.439525870735246 3.74414312499601 0.494199095689233 0.254960584910654 0.654841401468753 0.0490962226996762 4.37034033614496 1.40659166707731 0 0 0 0 0 0 0 0 0 0 0 0 0 0 0 0 0 0 0 0 0 0 0 0 0 0 0 0 0 0 0 0 0
0.161433914793111 0.63111542485324 0.348041192155855 1.94143012782125 1.12119856480718 5.14830564009504 0.757622364156437 0.872889194101901 1.80037242764858 0.574859129669837 0.318401522250203 4.81650084437272 1.09086572953019 0.531800381190355 0 0 0 0 0 0 0 0 0 0 0 0 0 0 0 0 0 0 0 0 0 0 0 0 0 0 0 0 0 0 0 0 0 0 0
1.4254419750624 0.430025182760848 0.742962177286276 1.8286763876986 0.182542145567499 3.14482712802109 1.32555643038062 0.648784503500629 1.08841723896084 1.27486301728111 2.14520861360368 2.89030838408933 0 0 0 0 0 0 0 0 0 0 0 0 0 0 0 0 0 0 0 0 0 0 0 0 0 0 0 0 0 0 0 0 0 0 0 0 0
0.890983132905678 0.0759815342755411 12.8011598047711 0.0350373638039165 3.6710130776203 2.95589524377549 11.360836075604 1.8494731353184 5.74074188383431 1.55253270421827 0 0 0 0 0 0 0 0 0 0 0 0 0 0 0 0 0 0 0 0 0 0 0 0 0 0 0 0 0 0 0 0 0 0 0 0 0 0 0
1.7499123537596 2.88619550782845 1.45187360082259 2.96522163315858 4.29822416443736 5.34633596377616 2.06725844124275 6.95111187596241 0 0 0 0 0 0 0 0 0 0 0 0 0 0 0 0 0 0 0 0 0 0 0 0 0 0 0 0 0 0 0 0 0 0 0 0 0 0 0 0 0
4.68771758683164 0.0723889034578031 2.72815898133401 2.02874660440281 5.41579856042796 4.85780891696769 0 0 0 0 0 0 0 0 0 0 0 0 0 0 0 0 0 0 0 0 0 0 0 0 0 0 0 0 0 0 0 0 0 0 0 0 0 0 0 0 0 0 0
1.02188711261807 2.38932301003706 2.51157515145554 6.76432496892234 0 0 0 0 0 0 0 0 0 0 0 0 0 0 0 0 0 0 0 0 0 0 0 0 0 0 0 0 0 0 0 0 0 0 0 0 0 0 0 0 0 0 0 0 0
2.02257397028953 0.350364504197879 0 0 0 0 0 0 0 0 0 0 0 0 0 0 0 0 0 0 0 0 0 0 0 0 0 0 0 0 0 0 0 0 0 0 0 0 0 0 0 0 0 0 0 0 0 0 0
