1.27216706647461 0 0 0 0 0 0 0 0 0 0 0 0 0 0 0 0 0 0 0 0 0 0 0 0 0 0 0 0 0 0 0 0 0 0 0 0 0 0 0 0 0 0 0 0 0 0 0 0
1.61943562625258 1.31006664261095 0 0 0 0 0 0 0 0 0 0 0 0 0 0 0 0 0 0 0 0 0 0 0 0 0 0 0 0 0 0 0 0 0 0 0 0 0 0 0 0 0 0 0 0 0 0 0
3.16835312601089 0.80008582909441 2.30540933343253 0 0 0 0 0 0 0 0 0 0 0 0 0 0 0 0 0 0 0 0 0 0 0 0 0 0 0 0 0 0 0 0 0 0 0 0 0 0 0 0 0 0 0 0 0 0
2.53359219037985 4.35361103000035 2.98799058269631 1.38916901775008 0 0 0 0 0 0 0 0 0 0 0 0 0 0 0 0 0 0 0 0 0 0 0 0 0 0 0 0 0 0 0 0 0 0 0 0 0 0 0 0 0 0 0 0 0
0.0534212697811485 6.26051115976518 0.246430998469253 1.40979737211282 0.343759352832628 0 0 0 0 0 0 0 0 0 0 0 0 0 0 0 0 0 0 0 0 0 0 0 0 0 0 0 0 0 0 0 0 0 0 0 0 0 0 0 0 0 0 0 0
0.546228216051211 1.92245558070828 3.13455051044019 0.0982243595917836 5.34620745136618 0.325092166940761 0 0 0 0 0 0 0 0 0 0 0 0 0 0 0 0 0 0 0 0 0 0 0 0 0 0 0 0 0 0 0 0 0 0 0 0 0 0 0 0 0 0 0
2.43838922676785 0.50812319905648 4.33373567289038 2.12365583160453 5.88067462626812 1.84277095021386 4.75721890135825 0 0 0 0 0 0 0 0 0 0 0 0 0 0 0 0 0 0 0 0 0 0 0 0 0 0 0 0 0 0 0 0 0 0 0 0 0 0 0 0 0 0
1.99944925154526 0.869976077291964 5.76844827347671 1.02176378898685 1.35121658131286 0.200830767825469 0.459084661673148 0.659846310485243 0 0 0 0 0 0 0 0 0 0 0 0 0 0 0 0 0 0 0 0 0 0 0 0 0 0 0 0 0 0 0 0 0 0 0 0 0 0 0 0 0
1.97457862194856 4.04791946934821 4.46371056189693 0.942704704152282 2.94209067980548 0.974799271339479 1.9625429813463 4.30878469301413 5.38557505471678 0 0 0 0 0 0 0 0 0 0 0 0 0 0 0 0 0 0 0 0 0 0 0 0 0 0 0 0 0 0 0 0 0 0 0 0 0 0 0 0
1.25500584529129 4.0250260180574 1.04740456941476 1.15274055500236 1.93844307039799 8.20733896747905 0.0526191148696936 0.80484784667421 0.00727316418005732 1.71752141528236 0 0 0 0 0 0 0 0 0 0 0 0 0 0 0 0 0 0 0 0 0 0 0 0 0 0 0 0 0 0 0 0 0 0 0 0 0 0 0
1.77589430701862 2.59742001716361 2.90143009274875 0.180408186594492 4.66515163642438 2.65516300134824 0.921917165783255 0.721921826990984 0.858191258564015 0.813108960617027 0.816371680483183 0 0 0 0 0 0 0 0 0 0 0 0 0 0 0 0 0 0 0 0 0 0 0 0 0 0 0 0 0 0 0 0 0 0 0 0 0 0
6.12219448744574 4.98324796295061 0.423487057393833 0.291830007699492 3.37644292872522 0.0775582668224597 2.08231400704726 0.35382296149344 8.89174222042346 1.56777482264955 1.04517743280149 7.30752800600714 0 0 0 0 0 0 0 0 0 0 0 0 0 0 0 0 0 0 0 0 0 0 0 0 0 0 0 0 0 0 0 0 0 0 0 0 0
8.49680305894504 1.33191199753675 1.92351329608895 1.72525508328895 0.840682882241723 0.76740655693746 5.49140043369008 0.839824304645437 3.15944728975266 2.21263374107832 3.8730189479742 6.59966653280945 1.52269955671818 0 0 0 0 0 0 0 0 0 0 0 0 0 0 0 0 0 0 0 0 0 0 0 0 0 0 0 0 0 0 0 0 0 0 0 0
3.1751776639948 1.58796479891285 1.14891648032688 3.68731660750068 2.72735225037991 3.61811898669534 1.46649110887012 0.258737895721449 2.73251958971672 0.278807569766524 2.93321628278134 0.0154507648521259 5.50865071761157 1.01413306580035 0 0 0 0 0 0 0 0 0 0 0 0 0 0 0 0 0 0 0 0 0 0 0 0 0 0 0 0 0 0 0 0 0 0 0
1.21997958909583 9.10102036295646 3.77995231997483 1.2146224762489 1.70126002337207 6.88675680600728 2.70975047009914 0.0225768997712655 2.85244798103846 3.01453848454972 1.95055990122658 0.59274956193567 2.27362314301258 4.59956504251224 2.14271178308219 0 0 0 0 0 0 0 0 0 0 0 0 0 0 0 0 0 0 0 0 0 0 0 0 0 0 0 0 0 0 0 0 0 0
2.04038081872266 0.838196769857714 6.08126251234199 1.21743278945456 1.31113923785588 3.02110330397776 0.999305977339567 3.21265395923328 0.0496883723665471 5.82415391285978 4.08882230708197 0.0344297537965881 0.56747533204913 6.44793565818851 6.08560307353756 1.75763276670784 0 0 0 0 0 0 0 0 0 0 0 0 0 0 0 0 0 0 0 0 0 0 0 0 0 0 0 0 0 0 0 0 0
3.53880270852369 0.841334735496034 0.492325522331743 6.22436483070671 0.164612576908919 0.18810639211454 0.477871913059213 0.188654507633181 3.49453617905485 1.85485104278126 0.412579109304697 0.145684597733584 5.13243488088324 5.09844969751303 0.0378968709626532 2.64378228222546 1.93312368450515 0 0 0 0 0 0 0 0 0 0 0 0 0 0 0 0 0 0 0 0 0 0 0 0 0 0 0 0 0 0 0 0
1.08020542135195 2.04319611134522 16.8960678384631 0.730670331398689 3.19916308466887 6.11916224227068 2.31193622932989 0.842572945750379 7.15228000573622 2.50134010127 1.64739646039249 0.459583131285728 1.84467761133788 2.07805311610048 0.338635922966672 1.52994513636849 0.495841656998011 2.55303267414088 0 0 0 0 0 0 0 0 0 0 0 0 0 0 0 0 0 0 0 0 0 0 0 0 0 0 0 0 0 0 0
0.187833828360457 0.829136934695443 1.36202639609169 1.36614773857876 3.64385881769973 1.80039753003699 3.57885186322202 4.25629788963365 1.85884340009053 5.65891511439731 0.709349757901923 2.72211174697249 0.873203936337126 2.8372823157962 0.230960676737597 0.892897520678589 1.34336250234856 3.56353048229908 2.80856094581137 0 0 0 0 0 0 0 0 0 0 0 0 0 0 0 0 0 0 0 0 0 0 0 0 0 0 0 0 0 0
6.33702619983963 1.607943941245 4.02158414811827 3.16160331617397 3.76671407515165 3.78809171669828 0.0570521404841821 0.285464451308361 0.268322832600767 4.80934629950782 1.64575116870578 0.406508064584195 0.464463135936435 4.78519363885593 5.24809960217531 0.61438370573669 9.62934093677809 14.4975456146213 1.17686754129991 1.33987214263476 0 0 0 0 0 0 0 0 0 0 0 0 0 0 0 0 0 0 0 0 0 0 0 0 0 0 0 0 0
0.912508204722666 0.753050081738333 2.71517547909628 3.48491664755965 3.17592196878504 0.410333435682765 0.152703244577852 2.08157695163989 0.00035805470114848 3.5928988881377 3.23447198393585 2.45818401724281 0.52812358715776 1.39711937137022 0.69505361789774 2.51696067506633 1.36682393207949 0.524711992875837 0.389272805875897 1.33880908919786 1.27475861439996 0 0 0 0 0 0 0 0 0 0 0 0 0 0 0 0 0 0 0 0 0 0 0 0 0 0 0 0
4.77229091893783 3.74104761420945 5.26800371905219 2.38687115150361 1.61981383630867 0.462603488410363 1.37795117335792 2.20748605322505 0.964320516336012 0.889009397155627 4.54416481032144 3.4979471257133 4.54160323860709 0.589843202141673 9.14989524311912 0.0733758107724443 5.89752536496007 4.1809216504895 3.30335298976348 2.52065909148295 2.30774809523676 1.38985777155507 0 0 0 0 0 0 0 0 0 0 0 0 0 0 0 0 0 0 0 0 0 0 0 0 0 0 0
0.295412312601221 4.97696247530718 1.49455546500583 9.68357580500698 3.01618688575825 5.39475698131252 6.24469140496044 2.07005078683878 1.7356604483877 1.4056171071891 3.42319933180422 0.223863479034139 0.131215893125926 5.94818042281279 0.112792938246513 2.57736155143805 5.81608611552209 0.0319387539846763 1.96023042839997 3.79797780243224 1.10397795483489 0.225848173640603 0.273516928500313 0 0 0 0 0 0 0 0 0 0 0 0 0 0 0 0 0 0 0 0 0 0 0 0 0 0
3.32323700275399 0.00637663849449088 9.68193767226033 1.85640858204132 4.64497915456498 0.0195845561436589 1.72173488416733 0.0587079720596033 0.74041388213538 2.86424209924389 0.838060717803052 2.26681803859968 11.4013107974178 6.70955339678269 0.0587881300481521 5.0617535434491 0.0535484408608314 2.25870626587631 0.807632458189544 1.94599971077018 0.577404851977056 7.8672133045484 0.688197676242288 0.982670639382959 0 0 0 0 0 0 0 0 0 0 0 0 0 0 0 0 0 0 0 0 0 0 0 0 0
4.34115287661643 1.33056215484635 0.616560456306032 3.77730216401343 8.23260303189267 0.693587931165011 1.79560096818958 1.90713574126079 1.09539018898142 1.39638992923708 0.0151769790768868 6.68817570433912 1.94279643258704 3.81738603932451 0.951654651291917 2.42531552895623 2.78686576197573 1.71656914064772 3.6453404303825 1.39573151411245 5.52985489395272 1.45648860649323 2.18798963512448 8.08459625487929 2.59845181264797 0 0 0 0 0 0 0 0 0 0 0 0 0 0 0 0 0 0 0 0 0 0 0 0
1.32268625617996 2.04290124871778 0.935568216065035 2.81935289654456 0.047097710180768 2.11200820179658 1.1643737738616 10.6121517480718 1.33049570429251 4.04561340942177 1.46242620960481 2.25809712944204 2.06061426310447 2.69964384121507 1.69413659426321 7.67811402107119 0.630405378753066 1.88207002537851 2.24027156112092 2.99236007000064 1.84734508013304 0.115322831628558 2.01613446756803 2.01709566937797 5.87248046252826 0.845680891055365 0 0 0 0 0 0 0 0 0 0 0 0 0 0 0 0 0 0 0 0 0 0 0
0.552577485668033 3.13189028874032 3.48113060274435 0.336854420098351 6.77294389041059 6.0898818933027 1.47922881712746 0.0522856381259173 2.89948450383769 0.105787678918879 0.725974084089361 2.70636233007736 4.06315552612374 1.1046734856604 7.95662354552108 1.65207256305272 1.59638148358241 5.23364800002371 1.87753670277661 1.26147357162302 0.859291959558368 2.55361808349249 1.70342248542852 4.91938639832044 1.32567544688513 1.03792526856195 1.71235884138528 0 0 0 0 0 0 0 0 0 0 0 0 0 0 0 0 0 0 0 0 0 0
1.33531256915982 0.385759697763487 0.320023783653542 5.36173638948719 1.14325305172348 2.98016357821099 0.524002887291266 4.68973592428785 4.33548134322788 6.34210521728168 1.11271036014021 0.842669566783344 0.777791697054143 1.38131243316965 0.346100798879577 2.90284844344462 1.73465282178118 3.01731825667549 0.76168714179141 0.558212669382733 9.9027004899352 0.697906151718444 3.19522378888214 1.44757859192502 2.41244504222525 3.80465248697024 4.21639604692589 0.567190395576352 0 0 0 0 0 0 0 0 0 0 0 0 0 0 0 0 0 0 0 0 0
1.74812818746708 4.05010625890239 0.443502721395015 2.34254148212155 3.08040368437598 0.139173250507384 4.63039504986648 0.736713852406669 3.56640602830109 1.85455397649412 2.10251964515566 1.08720794122894 2.6579490031773 3.91966338708655 3.5540074808039 3.68317478394519 2.67555683267487 2.75349797572056 3.05147436070283 2.56197541657776 1.98804854240454 3.39228157191955 0.995443850856589 1.98932533739193 5.24604996304765 5.8183207778115 5.02476574256614 0.808662620469095 5.96791935740481 0 0 0 0 0 0 0 0 0 0 0 0 0 0 0 0 0 0 0 0
3.33310466750817 0.397552231191692 0.702489776068099 0.516185300624973 2.21768522897141 1.66350226301139 5.5308621198079 1.00053320036427 1.90559376900475 0.582046213772708 0.642747601068618 2.65348418580496 1.06235009160468 6.78793869604177 2.02082658976211 4.82069003918308 8.20149263091526 5.77240340862936 6.5585829218443 6.95084930470711 0.417798292703633 3.63524544587489 1.32092423736709 2.95571813782245 0.983366916022308 1.92017855479086 0.686067069083807 6.14237103753275 0.0881546558247566 2.04107113440437 0 0 0 0 0 0 0 0 0 0 0 0 0 0 0 0 0 0 0
0.200535543018313 0.502819295819721 0.262487471009722 1.40378137669165 2.86876792975261 15.1344708234562 2.15657254071301 1.02912912791852 2.70402596538288 1.33484096425643 10.2691482304343 1.62819757749816 3.55180724225007 2.53830167956553 1.50971081514772 2.07116423776372 2.47092827273944 0.559683963252486 0.0582072249652272 0.151732772632913 2.93814230739731 1.59188227032787 3.70252019112293 0.250525759533812 6.63586039393686 1.56967476617855 10.2989949622623 2.09975810568401 8.6267099207663 4.41677381939161 0.209921589190789 0 0 0 0 0 0 0 0 0 0 0 0 0 0 0 0 0 0
1.13152068829152 1.02919917104982 1.19421700803866 0.377311391950924 6.68878647474222 3.14032990280057 3.45767015147081 1.69414087066838 0.0720155498048898 6.19253213234248 0.881289929682139 2.80109703549444 2.58971262741363 0.118505402953069 2.12556782635638 3.89505745445214 3.18595789260407 4.19065785521447 0.702910998746368 4.32895337760662 0.0211780949492894 0.241123692114994 3.27717657793731 0.380901523233777 1.37843769239397 1.4363641827188 0.82888463935712 2.3744849935598 0.703334765430627 0.342619161552967 13.7461979963554 0.768419077648934 0 0 0 0 0 0 0 0 0 0 0 0 0 0 0 0 0
0.170357941587005 2.6287722378981 1.64288063765995 2.33204154176374 3.48892960461695 3.40473710643165 0.929341251724321 4.14958919625817 5.70570912736786 1.38519306978142 1.16215207944632 0.691071631042691 1.3718057272501 0.349647146297438 5.1393811180713 10.0567620783361 0.102634305095962 0.145928585174506 0.95596321901513 1.45647971404611 0.972269830400177 0.908887807190089 1.26563748937305 1.26102027881192 13.0448138506123 1.98560175764765 0.987150356078067 0.219675281321675 12.2079760976259 2.64865462743243 1.53902144227526 2.70954185251961 3.76999095250338 0 0 0 0 0 0 0 0 0 0 0 0 0 0 0 0
1.2633417853354 0.647643092646303 1.35897199568217 1.0853324417563 1.49411155067988 4.15321458740042 1.62830640432245 0.0674364335722223 4.85780311010202 3.07885607511617 6.04968827367163 2.16540559372745 3.88508419615014 1.90359717790058 2.56038798305507 2.54396299006211 3.71671556854692 1.82027370563639 3.99210343998726 0.94345401567844 0.39021685764845 1.78596748087125 2.68496707540919 0.571175757360791 0.112672390139566 0.22297549385337 1.27578667814259 1.75865952876551 1.57688392781906 1.07696859319324 2.66263527442962 0.959749124340611 0 0 0 0 0 0 0 0 0 0 0 0 0 0 0 0 0
0.46255500020503 0.68279761135693 11.6821476055764 3.06400008247973 0.676322356654418 0.251724031135209 1.94258109383765 0.677172651330075 6.34753321891679 1.20722189515176 2.65791947080333 0.28894416189567 0.347461452479896 1.91943533504446 2.23701479821679 1.00352471665562 1.28731592041657 11.2562955971521 0.350461501313585 3.32167870667655 0.728787755742754 0.336468094146751 1.0957262292766 0.518084620236869 3.94377396869391 2.68431401559787 3.67499879843751 0.886112179966153 1.10855981280024 1.60239327700132 0 0 0 0 0 0 0 0 0 0 0 0 0 0 0 0 0 0 0
6.71338096797231 0.544009559729244 1.0202454580029 4.44412525140245 0.270689920073009 8.02927194229714 0.0645099183556532 0.688988800725737 0.672677403191591 2.31689356806087 0.0592706059453508 1.97792938388299 3.41801193476284 0.211443766217963 0.836770169887828 0.613081639847285 4.06723491082625 1.86739211135972 1.19936534243147 0.402640269476159 1.69534169055492 5.20678852426939 8.31235784651155 3.35705163821198 0.41589426378549 3.12712854014164 4.95213013069487 1.2452809665545 0 0 0 0 0 0 0 0 0 0 0 0 0 0 0 0 0 0 0 0 0
1.80798347337178 3.16435645107887 1.73743958778686 1.86084077867217 4.20695954331383 5.69525463100758 1.22895366498618 2.42861364495279 5.21213217893584 0.0263476244395712 0.629332820698812 3.84189824288008 1.00402658963601 1.11237557864289 3.53910809868533 2.71003877723379 1.04299195266169 4.72561893932468 3.98589919580056 0.54605528592407 12.0045111626333 0.557781524921609 1.95471677330164 2.31333584896824 2.91769907646505 0.455394072884525 0 0 0 0 0 0 0 0 0 0 0 0 0 0 0 0 0 0 0 0 0 0 0
0.638384733224964 3.39216348839254 1.17142111607819 0.239405742479038 3.39243534840442 0.335734811044138 2.89611690049504 3.6685596239998 2.41083183893619 4.03653101463446 0.460817934468069 0.581680318278733 2.00531771837144 0.457550330919364 2.28347388425173 4.05510178250203 1.19685147968282 1.65899524170007 0.843423179068226 2.62721747196881 1.14836766238766 0.949614349913065 1.54279232300975 2.981513899389 0 0 0 0 0 0 0 0 0 0 0 0 0 0 0 0 0 0 0 0 0 0 0 0 0
0.30875031131534 0.628422952025338 0.0828854954206207 2.94196735410444 10.5940419817119 0.622418351476166 3.8699849039012 0.106416210485003 5.64667088349883 0.282178223576151 1.34784962387905 0.160574707181487 3.30503277362005 3.33044110920063 1.75131886850966 0.649322451029322 5.83251901910141 3.71301756268646 2.56115020913787 1.2552534785732 2.52498703354247 0.79316411808904 0 0 0 0 0 0 0 0 0 0 0 0 0 0 0 0 0 0 0 0 0 0 0 0 0 0 0
0.236357993569541 1.78930158550392 1.68261272603045 0.623258552067854 5.8151139673603 3.23515003646916 1.03223419469974 0.806476656381219 0.907404240061156 0.956501914431573 2.16616317713594 0.140733363219876 2.02712471973403 1.9992545668595 0.668587914205907 2.93996318636886 4.48712777453624 2.00734522216092 2.34138364581624 2.66337697588376 0 0 0 0 0 0 0 0 0 0 0 0 0 0 0 0 0 0 0 0 0 0 0 0 0 0 0 0 0
3.40648845398992 1.76872796027545 1.39645052460692 1.64079389463281 1.60969763024209 1.11407318480967 0.401823183836181 7.15964568297182 2.05290293430793 4.06210419273021 0.786198778026239 3.6636687222327 1.02769560723205 0.00741571100340776 1.88109135670365 1.44545075941683 3.54754618690715 0.514146529400045 0 0 0 0 0 0 0 0 0 0 0 0 0 0 0 0 0 0 0 0 0 0 0 0 0 0 0 0 0 0 0
0.344384750766636 2.76357891532783 2.0558741057881 1.09340409448932 0.972626288043554 2.02597929860599 0.856620728616908 1.41259772685004 1.29453602307503 2.9847816180067 0.435422459409153 4.46876924139851 0.274569222614116 2.57124888921704 2.04459412091459 3.45025729670388 0 0 0 0 0 0 0 0 0 0 0 0 0 0 0 0 0 0 0 0 0 0 0 0 0 0 0 0 0 0 0 0 0
1.90792016121325 0.054996265912752 5.69303308335181 1.00025800400108 1.08737034179777 3.22191454563864 0.0620191835384194 10.2786467287589 4.81069940949234 0.531593550242125 0.455083951618213 1.20961590940058 0.0745716678459013 0.708388682114503 0 0 0 0 0 0 0 0 0 0 0 0 0 0 0 0 0 0 0 0 0 0 0 0 0 0 0 0 0 0 0 0 0 0 0
2.84530938065801 3.062169159133 6.63510856831527 1.73230210056332 4.38883518199211 6.91704818635851 8.9914987276046 0.67123723353768 11.1881736609977 1.07271446914926 1.34417785929655 0.354931791211594 0 0 0 0 0 0 0 0 0 0 0 0 0 0 0 0 0 0 0 0 0 0 0 0 0 0 0 0 0 0 0 0 0 0 0 0 0
0.835702539272137 1.22698206126028 1.02199436117778 3.86829180718064 2.69235970084503 0.860536236961999 1.44252758278419 0.751688472809486 1.48166212125712 1.25598313282976 0 0 0 0 0 0 0 0 0 0 0 0 0 0 0 0 0 0 0 0 0 0 0 0 0 0 0 0 0 0 0 0 0 0 0 0 0 0 0
4.25450314057991 0.671446993243884 6.23266613765797 3.04890930187457 8.43151034662823 1.98470627900601 1.8022925846624 0.508106571719279 0 0 0 0 0 0 0 0 0 0 0 0 0 0 0 0 0 0 0 0 0 0 0 0 0 0 0 0 0 0 0 0 0 0 0 0 0 0 0 0 0
4.95084718297793 0.606847841847592 12.5207175041547 0.670051787420223 3.44973384332897 0.115106309575134 0 0 0 0 0 0 0 0 0 0 0 0 0 0 0 0 0 0 0 0 0 0 0 0 0 0 0 0 0 0 0 0 0 0 0 0 0 0 0 0 0 0 0
0.266401314979333 1.20385984591433 11.6633301076256 1.0419303414826 0 0 0 0 0 0 0 0 0 0 0 0 0 0 0 0 0 0 0 0 0 0 0 0 0 0 0 0 0 0 0 0 0 0 0 0 0 0 0 0 0 0 0 0 0
6.49470145435735 1.49443493121067 0 0 0 0 0 0 0 0 0 0 0 0 0 0 0 0 0 0 0 0 0 0 0 0 0 0 0 0 0 0 0 0 0 0 0 0 0 0 0 0 0 0 0 0 0 0 0
