1.22600086567495 0 0 0 0 0 0 0 0 0 0 0 0 0 0 0 0 0 0 0 0 0 0 0 0 0 0 0 0 0 0 0 0 0 0 0 0 0 0 0 0 0 0 0 0 0 0 0 0
3.16160164491409 2.86635593426875 0 0 0 0 0 0 0 0 0 0 0 0 0 0 0 0 0 0 0 0 0 0 0 0 0 0 0 0 0 0 0 0 0 0 0 0 0 0 0 0 0 0 0 0 0 0 0
1.86817876614406 0.305580585933906 1.18403105285719 0 0 0 0 0 0 0 0 0 0 0 0 0 0 0 0 0 0 0 0 0 0 0 0 0 0 0 0 0 0 0 0 0 0 0 0 0 0 0 0 0 0 0 0 0 0
2.52563657418232 2.05895689599748 1.77476664770373 0.205584852483761 0 0 0 0 0 0 0 0 0 0 0 0 0 0 0 0 0 0 0 0 0 0 0 0 0 0 0 0 0 0 0 0 0 0 0 0 0 0 0 0 0 0 0 0 0
0.228206679495034 7.53768658248566 4.46707003939715 2.05934038531428 2.13405405167867 0 0 0 0 0 0 0 0 0 0 0 0 0 0 0 0 0 0 0 0 0 0 0 0 0 0 0 0 0 0 0 0 0 0 0 0 0 0 0 0 0 0 0 0
2.19481107694723 2.35169289162951 0.576926203228134 0.16108093316313 1.20705072399813 2.05727887723618 0 0 0 0 0 0 0 0 0 0 0 0 0 0 0 0 0 0 0 0 0 0 0 0 0 0 0 0 0 0 0 0 0 0 0 0 0 0 0 0 0 0 0
1.26204977755024 2.97591761869909 0.779197823785434 1.84367027234484 0.144496893538032 0.061192486867055 2.18088630625711 0 0 0 0 0 0 0 0 0 0 0 0 0 0 0 0 0 0 0 0 0 0 0 0 0 0 0 0 0 0 0 0 0 0 0 0 0 0 0 0 0 0
3.29829852512064 3.32565930888327 6.17729716225163 0.731318507213752 0.118965866604109 3.90596750716271 0.337987066731751 4.64287933974926 0 0 0 0 0 0 0 0 0 0 0 0 0 0 0 0 0 0 0 0 0 0 0 0 0 0 0 0 0 0 0 0 0 0 0 0 0 0 0 0 0
2.10742819258529 2.99953871687415 4.47808814112525 0.454863404990186 0.207225942242078 0.694329035446778 4.30618093205407 3.82192044278192 1.92583501631645 0 0 0 0 0 0 0 0 0 0 0 0 0 0 0 0 0 0 0 0 0 0 0 0 0 0 0 0 0 0 0 0 0 0 0 0 0 0 0 0
0.0675360993080887 3.02892397075398 6.01253553579146 0.773858247232654 2.33770157665759 0.470365540586211 7.34269043728592 1.7323822094544 2.21398636176387 3.28359318969524 0 0 0 0 0 0 0 0 0 0 0 0 0 0 0 0 0 0 0 0 0 0 0 0 0 0 0 0 0 0 0 0 0 0 0 0 0 0 0
0.331685982314002 5.24122857241793 1.16377408646774 1.88815452503505 6.4791114934405 4.06015129043828 6.38233333790744 3.27207362824085 2.31708953826907 1.93201759719688 0.113216063567587 0 0 0 0 0 0 0 0 0 0 0 0 0 0 0 0 0 0 0 0 0 0 0 0 0 0 0 0 0 0 0 0 0 0 0 0 0 0
5.00213399349244 0.890179688396331 2.5301634567895 1.06052930178659 1.92839403305513 0.170927474112251 2.50395703099689 0.44957699803841 2.27895811493286 7.91707923762642 0.502331845249257 4.90882370543695 0 0 0 0 0 0 0 0 0 0 0 0 0 0 0 0 0 0 0 0 0 0 0 0 0 0 0 0 0 0 0 0 0 0 0 0 0
2.30587654514337 1.65470543732576 1.73938363594411 2.58837415542137 3.19869314738108 4.58211634533795 2.12519150564538 9.18462080057038 2.44095482333146 3.57704184614423 3.67473564646561 5.69572260702709 1.73916123982119 0 0 0 0 0 0 0 0 0 0 0 0 0 0 0 0 0 0 0 0 0 0 0 0 0 0 0 0 0 0 0 0 0 0 0 0
0.629768897774214 4.37836703625802 4.07168352718637 0.352003842635278 0.537461324801261 1.05584318749065 4.12726483323835 1.11417607875236 0.18090482173035 0.0683054264056033 3.15070969771748 0.903517802522504 4.83483869107457 1.70840714689138 0 0 0 0 0 0 0 0 0 0 0 0 0 0 0 0 0 0 0 0 0 0 0 0 0 0 0 0 0 0 0 0 0 0 0
0.117645487532388 1.61342805748887 4.86261192545812 0.813471392025381 3.20400916072057 7.41618591760442 1.60843179182831 1.08271941165405 3.867631599242 6.58212919989951 1.12014075921836 1.60731395599792 3.25081254611691 5.79499415971674 0.467190456788249 0 0 0 0 0 0 0 0 0 0 0 0 0 0 0 0 0 0 0 0 0 0 0 0 0 0 0 0 0 0 0 0 0 0
0.912428268214517 3.64662816922586 1.91791126311966 1.13713853988163 3.24969558993473 0.0149014904700921 0.0534701496972841 2.06286396516306 1.98580845026268 1.02322729779345 6.69338903644211 2.39064486959348 0.365693651887769 0.195501209435095 4.53823293674471 1.9342503145296 0 0 0 0 0 0 0 0 0 0 0 0 0 0 0 0 0 0 0 0 0 0 0 0 0 0 0 0 0 0 0 0 0
2.30140339540531 1.82731765588391 0.925947141793317 0.892098886820859 1.31232312290651 0.408696209370219 1.15101032183269 2.22715592081358 1.45321901424585 5.15664337583173 0.355094032183104 1.08522263727714 1.98709363962044 3.50599004613432 0.555619431191946 1.33769307613455 12.0864964609969 0 0 0 0 0 0 0 0 0 0 0 0 0 0 0 0 0 0 0 0 0 0 0 0 0 0 0 0 0 0 0 0
3.32621947747424 9.50653789629014 6.76835712190567 0.227514051991082 0.438085988419125 0.421637606066054 3.08874279010247 1.96319503718106 0.896497667687755 0.394401211237044 1.77049776163981 10.6999580715527 8.66997903696317 0.255120087890532 0.118936968419398 2.70059635225738 2.60575039673682 1.05047887422569 0 0 0 0 0 0 0 0 0 0 0 0 0 0 0 0 0 0 0 0 0 0 0 0 0 0 0 0 0 0 0
1.0505928160926 6.99571872261911 6.67778221078131 2.01474623291243 1.60498207988659 4.57425044405248 3.31044895281955 1.24948640494231 5.37521682275173 0.559296707322531 2.24928438686152 4.11159914016669 1.19719901452071 3.48221430889682 0.989036262423553 3.89179556861572 0.391306422337599 2.55720244128465 2.04107816223965 0 0 0 0 0 0 0 0 0 0 0 0 0 0 0 0 0 0 0 0 0 0 0 0 0 0 0 0 0 0
7.61608509154658 3.5332886173675 2.55869628431302 0.232061936246366 0.482095770332454 1.2315879260578 2.94350204676854 2.60362717343762 0.198346697313009 3.44928555676317 3.71068419779362 4.06659146921336 14.5458889194401 0.232682067119664 0.230103946538845 1.70682880722307 0.569117412484363 1.98872685735355 0.422732489344234 4.23276023922892 0 0 0 0 0 0 0 0 0 0 0 0 0 0 0 0 0 0 0 0 0 0 0 0 0 0 0 0 0
10.400618944951 0.384021600669255 3.66491473515411 0.680214864997515 0.71265825932938 0.169419344765987 0.686605412406155 4.22685361926341 6.30645395442092 5.48620665577327 2.15469241360904 8.73220323223592 0.168104923890372 2.09508914088889 1.25460469175324 3.51501695878781 4.98139581516644 1.63587709177704 6.37960525035197 5.96047721171942 2.07429494156961 0 0 0 0 0 0 0 0 0 0 0 0 0 0 0 0 0 0 0 0 0 0 0 0 0 0 0 0
8.8790157936077 3.91916718771703 11.1490138491871 2.89517487614791 1.40146232292166 0.559448753667555 0.472599596753719 3.155210511999 0.222934061827592 1.33716001671217 5.12423010886771 0.0846446387945044 1.69969438317554 0.877540754120734 1.13452300061022 2.96174252559387 2.11136486591248 2.86683907079055 1.16690303709443 1.5687875230287 4.81336975731644 6.58782018248735 0 0 0 0 0 0 0 0 0 0 0 0 0 0 0 0 0 0 0 0 0 0 0 0 0 0 0
1.64192845040717 1.25066632451343 4.00887697248218 4.86010487760064 0.779362786630406 0.174362076575725 3.15044332553149 3.73488612676266 0.427949994987142 7.21355957404813 2.25589919641736 8.87334593805573 1.46138959339843 1.39565187424318 5.19500475681286 1.87480229497453 2.13612130175157 2.55231202767896 5.14519943731309 4.12442705352385 5.02089940372584 0.941527575996607 2.97618817808837 0 0 0 0 0 0 0 0 0 0 0 0 0 0 0 0 0 0 0 0 0 0 0 0 0 0
4.79293522410068 4.80002732343273 4.53324392032319 1.35821416966636 2.21008250207746 0.804231681895057 10.2590598687908 4.6256809255779 2.32680934686936 1.1616042887897 3.99929356514512 2.95824543190515 2.8581037466087 1.80794711453477 2.70720153678726 0.176842712463965 3.81099504498027 1.037606196473 0.363895949250289 5.8035880684664 4.48488295778857 10.7097501137456 5.92903528125948 0.290373524520862 0 0 0 0 0 0 0 0 0 0 0 0 0 0 0 0 0 0 0 0 0 0 0 0 0
0.0499421076523296 2.43231291005503 0.204914098960381 1.06005012137427 0.0506064366821565 1.78998646314545 1.61664140047663 3.73420665185722 1.84185311973673 0.128414782760181 0.217954591442709 1.60601206475466 1.2723502229782 0.178523818329189 4.3170596035514 0.686847246919596 0.477023788076841 4.96354233455025 5.77528678722991 0.704703026226606 3.45835621568802 8.23998444450004 4.33784102548648 5.53685355330143 5.24891181540765 0 0 0 0 0 0 0 0 0 0 0 0 0 0 0 0 0 0 0 0 0 0 0 0
1.48372812346743 1.76185258496535 1.0876502075077 0.298236306262377 4.9492212756149 0.150050041357826 5.1249244145763 7.79400091252761 3.69911918900352 3.08738788053058 1.92673154202084 5.92448431790836 0.837291013300038 0.999400356248641 2.76706900148047 0.900844576934634 3.38993097055279 0.551632198650312 1.30502320383389 0.519924222286375 0.585060440520343 1.49849504903408 0.315045126336524 2.85724834556836 0.385046141694437 0.426390689876937 0 0 0 0 0 0 0 0 0 0 0 0 0 0 0 0 0 0 0 0 0 0 0
0.68346631806655 0.509982143790954 0.021155376672932 6.10493685549509 0.790462835688024 4.61739957552227 2.28679173873108 0.674590904891657 1.3658811017503 1.62594074143027 3.39779151641969 0.288929480759276 1.91606929441271 2.17041534724468 1.18327392225761 3.03456656970599 0.136395695281104 2.57663024081995 1.75729423009385 0.245171317481583 3.97773993688145 4.28090677152816 3.48863990864184 0.0306506355713298 4.51412314202743 2.41920282808639 0.321404359988821 0 0 0 0 0 0 0 0 0 0 0 0 0 0 0 0 0 0 0 0 0 0
1.31067439993862 0.677110732924154 0.214480070301827 0.934987837878149 5.07731558099976 0.229389643383576 0.0518816073552068 2.33427962786503 1.34084482181189 0.394030061508135 2.35010303719823 0.192014914367628 4.95798670941118 2.65391236476505 5.20572424940863 1.72651005512016 1.57206186934139 2.38834583925223 2.97248227502099 5.21580446449504 3.05407100054424 2.35806889840127 3.1729602267643 1.7783757534849 1.36502824872577 0.234160473731315 0.0215650011284858 1.69966735042242 0 0 0 0 0 0 0 0 0 0 0 0 0 0 0 0 0 0 0 0 0
4.96617690049853 6.00295672571804 0.392447940314235 5.58715205054196 2.51560216292831 1.3321986634961 5.08530368043428 0.0479997504372909 3.85929973318987 0.112920074542102 4.48278129213459 5.85839122657761 0.924987570263625 0.407906504284669 2.59185089421067 1.86220423382448 0.266570347728847 1.25812804067524 5.88719147761628 1.63733636659976 2.67946950230569 4.2603703281725 4.47150450625009 4.61516626919893 8.47718266591423 2.09287755210998 0.158164445897139 1.28792736835459 2.91732267460061 0 0 0 0 0 0 0 0 0 0 0 0 0 0 0 0 0 0 0 0
5.62378219637514 7.59321884643285 7.59473617729202 0.318557171617915 1.47344634423394 1.97420032648112 3.44692500000027 5.93790877902191 0.45721988321006 0.609951510702409 5.35747609579777 1.54910303646523 0.365917762227769 1.653951015632 0.51365576248585 1.62198324699463 1.15756313499186 4.56985325195016 2.77213897835291 2.19742441824304 1.44863363978773 4.51082298221878 3.83450113181155 0.985096018847858 1.5641456714111 0.604130821085222 3.34086922027221 2.03282920056503 2.14471106227998 0.30703077043773 0 0 0 0 0 0 0 0 0 0 0 0 0 0 0 0 0 0 0
3.57816547365837 14.2390615199126 2.89764315808554 2.69629569918038 2.45779780681359 1.16621400796939 6.28319410495041 1.21290694794433 0.643066298004525 6.94734588470112 2.55297434378171 3.05192344641939 5.18023942569434 2.1168260060773 3.72150394079968 1.24293975304005 0.459732019523814 6.11798461735271 0.971135527321032 4.08955687434502 8.94687766096978 7.33681100316285 7.92822672359531 7.41365313928216 2.81241301049331 4.61221406436363 1.15295436697036 8.43528167560583 6.06665035242258 2.58529133121623 1.39989608436024 0 0 0 0 0 0 0 0 0 0 0 0 0 0 0 0 0 0
5.4008039240491 12.4819211832042 7.02330174111542 5.25236809162676 6.5952313234102 2.20127649957492 2.78921302210721 3.83104369667818 2.07879136123347 1.54227194332123 3.35127410579029 2.16660574035594 0.915429600623061 0.0146568817099609 1.18184539991755 5.39613620169496 3.18897375267913 10.615675397061 6.81427986436498 0.681166772839819 1.09402107681969 1.25025416529723 0.952349583109831 0.937528459364615 7.76089123137586 1.24844636634208 2.1638810116786 0.57714850916713 2.96083372410256 4.20526384614013 3.5286234155164 2.54714636438364 0 0 0 0 0 0 0 0 0 0 0 0 0 0 0 0 0
3.98999936905036 8.63895796544048 3.78953578483855 0.0572356725340055 3.52642346848094 0.306047408907228 2.20070050414508 3.25585430788272 1.05201176002502 2.0590417549762 2.1305336048849 2.77142983327761 1.05974803724092 6.34212260774132 1.01491958694645 1.58501252189427 20.0236515164642 4.07482526128844 3.18272627043075 2.09955845279672 4.47904690006299 2.84487507089921 2.85880588303938 2.63185119288725 1.46828029028872 2.33062131259614 0.450414648712471 0.952904818529382 8.06242239932885 4.01172858341975 5.72315725720096 9.85454594160398 9.51697181225475 0 0 0 0 0 0 0 0 0 0 0 0 0 0 0 0
4.92001732248904 9.8356235760463 0.0668137213554584 2.75688477480075 1.23335397954719 2.02277725426381 1.30707770095371 3.65927055198173 2.79347691646527 2.04841138769723 1.39694997676292 4.36576592365081 2.33656569095585 2.79325819459325 3.01177883752622 2.92854441689089 0.164492000300443 0.527928876091423 3.73937455686976 1.51453857828195 1.33690545159428 2.81734448415409 1.93187166407979 0.683290096260034 4.52062858616257 1.90165023740051 0.513651846448978 0.573087501443893 1.22505241575338 4.39608971644667 10.4122115352034 1.45997487968881 0 0 0 0 0 0 0 0 0 0 0 0 0 0 0 0 0
1.41167180306494 2.83073553581961 8.02588755926456 0.516264059495543 2.22459777830953 0.159981195602297 1.72394980499799 5.11697702007193 2.22493022746474 0.714853726183944 2.10664452198581 4.59419618038004 5.68239420138068 3.23545497293336 0.114469772027301 2.82513124631559 0.420144705242121 1.57856091317379 6.2408170290045 2.38824146537249 8.78756083462107 7.42598167260537 2.12614592535398 6.00407445316417 4.58296413716552 0.520706160224573 3.01106190665979 1.91963056980846 4.40426094767683 0.0267164764287235 0 0 0 0 0 0 0 0 0 0 0 0 0 0 0 0 0 0 0
0.222409571100249 2.8647002959825 1.49558522315817 4.89682652226362 3.24178186228869 3.3360376260986 0.245885101243659 3.17125362737648 0.108415980027745 3.207836048584 3.38160527469293 3.3499593754991 1.41164982549512 3.44008257984329 4.852413342931 1.43843550446886 2.06667247232538 2.06328344797486 1.36546620030081 0.515814742157848 4.38379257124307 0.0160966037853788 2.98190261554995 2.11807777940541 1.0618753088781 2.82905846687406 3.85992557908487 0.0946836125791845 0 0 0 0 0 0 0 0 0 0 0 0 0 0 0 0 0 0 0 0 0
8.81292662363169 4.7282270375725 0.683980338350133 0.977468843312676 6.25356667453015 0.533064640722587 1.15080486488334 1.34107217361118 2.97373704065364 6.52031318664275 0.0488726185383931 3.94832695783628 5.13045403037918 0.915235344080022 2.92567974269896 3.7542676312883 0.34841939790132 0.615974272391279 9.02885033328701 1.88686109804675 8.04172156700594 5.22840270199639 3.03066932176788 2.69534650637633 2.79313161919119 2.14539177190501 0 0 0 0 0 0 0 0 0 0 0 0 0 0 0 0 0 0 0 0 0 0 0
1.88286062183331 1.19557561480365 3.15709302577358 1.24043470472182 0.0753368835237005 0.81515970560922 0.801143372699839 2.46724066303905 0.473894036370861 3.82488967066861 2.85356504150587 2.50773500934251 8.49325645057236 0.941828988700708 3.87102566828086 3.07275998070408 2.45847036965957 1.68872676360697 0.630580535178967 0.900124216463578 2.36279460575994 11.9248492926366 0.228760402461425 2.69212565567352 0 0 0 0 0 0 0 0 0 0 0 0 0 0 0 0 0 0 0 0 0 0 0 0 0
0.656642671414055 0.920927023212127 2.74979726020837 0.32652181602781 1.68707708492831 1.21640600470354 5.31484448114519 1.38727849323997 3.46736359671233 2.82782124645056 2.72009762216489 1.12701177736566 3.14167473512049 4.03657517617745 2.85002102918602 0.285577059525482 1.4475777342068 1.23593668518192 2.70402868429084 1.63904091363727 2.72852253531314 0.221146644462799 0 0 0 0 0 0 0 0 0 0 0 0 0 0 0 0 0 0 0 0 0 0 0 0 0 0 0
8.68835700847378 0.915879522566544 9.87708551175908 2.32440874861161 3.69445775866185 3.42943479882436 2.54755550354724 1.01799590734058 1.961310467097 1.78937598205113 2.43557770857662 4.32532228912267 7.95396637976241 3.07180132424556 1.74306285098044 3.89071907378905 1.64390398012592 0.562281044594303 2.79664721251843 1.89250395827433 0 0 0 0 0 0 0 0 0 0 0 0 0 0 0 0 0 0 0 0 0 0 0 0 0 0 0 0 0
5.99661607085646 6.40659752148792 0.722453436962982 1.19685491489355 0.257446413836574 6.09768381109184 4.90587007901697 4.56549272861643 0.959969678918481 2.53111381704229 0.920977698971547 0.103952844014443 6.01447526051544 0.383291192395643 4.57726671490515 2.09369654490564 0.291644895119615 6.340907665713 0 0 0 0 0 0 0 0 0 0 0 0 0 0 0 0 0 0 0 0 0 0 0 0 0 0 0 0 0 0 0
4.24190698669756 0.846482971044477 1.12934918736556 3.10335300198089 1.88506254678911 7.18930699457554 1.79643617666971 2.69479569182367 0.588603218080395 3.59756967808303 0.0494132793656781 2.53493148902539 4.5027703844511 1.86654711128212 1.37981685638394 0.954235367589267 0 0 0 0 0 0 0 0 0 0 0 0 0 0 0 0 0 0 0 0 0 0 0 0 0 0 0 0 0 0 0 0 0
3.17908174434997 2.38181511422005 7.20032224610068 1.10898953797991 1.614140546425 0.894188272589721 0.350884015572384 0.408421337086295 0.0967980676759646 3.35524726531429 2.37177670950355 0.358807947554625 2.01624069149382 4.53875080399875 0 0 0 0 0 0 0 0 0 0 0 0 0 0 0 0 0 0 0 0 0 0 0 0 0 0 0 0 0 0 0 0 0 0 0
1.01631531414857 1.67687144967867 8.16025672224968 2.58813114746006 7.78314156892485 0.675488066297454 0.0919896559571327 3.68640988809056 0.795071354479496 5.88005040865128 0.519263697381147 6.05169435655332 0 0 0 0 0 0 0 0 0 0 0 0 0 0 0 0 0 0 0 0 0 0 0 0 0 0 0 0 0 0 0 0 0 0 0 0 0
7.56363016679181 0.520760459049225 3.11606890682066 3.42984575423084 2.693495599319 2.14096769583439 2.42200060251903 1.76472763625701 2.61251281489143 2.56478183899181 0 0 0 0 0 0 0 0 0 0 0 0 0 0 0 0 0 0 0 0 0 0 0 0 0 0 0 0 0 0 0 0 0 0 0 0 0 0 0
7.50108059466667 3.03946584114805 3.3738513531749 0.360631420598829 3.72900903346085 0.0393742420531058 2.14317067362325 2.69411017296494 0 0 0 0 0 0 0 0 0 0 0 0 0 0 0 0 0 0 0 0 0 0 0 0 0 0 0 0 0 0 0 0 0 0 0 0 0 0 0 0 0
9.3547697536222 1.3919941971939 1.90867159962724 5.35386123401414 0.176710903777822 1.25920825124347 0 0 0 0 0 0 0 0 0 0 0 0 0 0 0 0 0 0 0 0 0 0 0 0 0 0 0 0 0 0 0 0 0 0 0 0 0 0 0 0 0 0 0
2.84095375455984 6.53942567596523 2.87713945572092 1.1310175052152 0 0 0 0 0 0 0 0 0 0 0 0 0 0 0 0 0 0 0 0 0 0 0 0 0 0 0 0 0 0 0 0 0 0 0 0 0 0 0 0 0 0 0 0 0
1.90504010657349 0.104908850781997 0 0 0 0 0 0 0 0 0 0 0 0 0 0 0 0 0 0 0 0 0 0 0 0 0 0 0 0 0 0 0 0 0 0 0 0 0 0 0 0 0 0 0 0 0 0 0
