0.13175770480377 0 0 0 0 0 0 0 0 0 0 0 0 0 0 0 0 0 0 0 0 0 0 0 0 0 0 0 0 0 0 0 0 0 0 0 0 0 0 0 0 0 0 0 0 0 0 0 0
1.55841673736276 0.550026603797729 0 0 0 0 0 0 0 0 0 0 0 0 0 0 0 0 0 0 0 0 0 0 0 0 0 0 0 0 0 0 0 0 0 0 0 0 0 0 0 0 0 0 0 0 0 0 0
9.62176049515956 0.627221646051776 2.41043600892653 0 0 0 0 0 0 0 0 0 0 0 0 0 0 0 0 0 0 0 0 0 0 0 0 0 0 0 0 0 0 0 0 0 0 0 0 0 0 0 0 0 0 0 0 0 0
5.15637540771047 0.451948714648035 8.63165329923589 0.515061563034199 0 0 0 0 0 0 0 0 0 0 0 0 0 0 0 0 0 0 0 0 0 0 0 0 0 0 0 0 0 0 0 0 0 0 0 0 0 0 0 0 0 0 0 0 0
1.05365219749526 0.411741101635722 5.15294851348313 2.1753559071807 3.29471292422641 0 0 0 0 0 0 0 0 0 0 0 0 0 0 0 0 0 0 0 0 0 0 0 0 0 0 0 0 0 0 0 0 0 0 0 0 0 0 0 0 0 0 0 0
0.405772866433995 4.1155166319267 6.87354991864714 1.05275375216317 6.62352252459142 0.925550805404821 0 0 0 0 0 0 0 0 0 0 0 0 0 0 0 0 0 0 0 0 0 0 0 0 0 0 0 0 0 0 0 0 0 0 0 0 0 0 0 0 0 0 0
3.01942740878614 1.21227797923274 1.24159972017722 0.107897791735058 0.977845035932665 10.8399371857289 7.21783402021081 0 0 0 0 0 0 0 0 0 0 0 0 0 0 0 0 0 0 0 0 0 0 0 0 0 0 0 0 0 0 0 0 0 0 0 0 0 0 0 0 0 0
2.08083595728689 2.07578578564912 5.15692429115622 2.38647827281652 0.321122891586534 0.455016630446468 1.26526900351089 4.89945278020218 0 0 0 0 0 0 0 0 0 0 0 0 0 0 0 0 0 0 0 0 0 0 0 0 0 0 0 0 0 0 0 0 0 0 0 0 0 0 0 0 0
4.80940872779349 10.3166509478052 4.58159870414609 7.19563648453136 6.66200500956894 1.70076807709216 1.81467044139858 5.90554780211928 2.17833277281157 0 0 0 0 0 0 0 0 0 0 0 0 0 0 0 0 0 0 0 0 0 0 0 0 0 0 0 0 0 0 0 0 0 0 0 0 0 0 0 0
1.15776790861189 1.02292240757278 0.172321796101629 0.476749753664264 0.43705268169362 3.37131272281094 1.6950313549215 1.1761115030653 3.02221363093701 0.713491113621491 0 0 0 0 0 0 0 0 0 0 0 0 0 0 0 0 0 0 0 0 0 0 0 0 0 0 0 0 0 0 0 0 0 0 0 0 0 0 0
1.04807663674977 0.804950203199236 2.54657823517553 0.881452884527238 5.15405773856958 3.44553539303704 2.24242328897321 2.77725208162909 6.60910529945679 3.25212454123406 1.90873467842167 0 0 0 0 0 0 0 0 0 0 0 0 0 0 0 0 0 0 0 0 0 0 0 0 0 0 0 0 0 0 0 0 0 0 0 0 0 0
0.0785746715632122 0.515495810610064 1.69329018084652 0.473758823878099 4.44475058919211 4.82463598402849 2.38984199038352 1.71176072387637 4.02903363843701 5.42835640080009 0.312425360317721 1.88604521597193 0 0 0 0 0 0 0 0 0 0 0 0 0 0 0 0 0 0 0 0 0 0 0 0 0 0 0 0 0 0 0 0 0 0 0 0 0
1.60180900444399 1.69585201201889 0.089206803592891 2.99846717972508 1.13973751329881 0.130372326233033 0.752913957999328 3.50329792658853 3.36603833286872 1.55066590564798 0.373193946580731 0.0876542246290034 2.72725134892426 0 0 0 0 0 0 0 0 0 0 0 0 0 0 0 0 0 0 0 0 0 0 0 0 0 0 0 0 0 0 0 0 0 0 0 0
1.31277782094475 2.87802606732284 2.09726158580203 0.627164927495837 4.23773977891247 2.33258946060235 5.32090970404201 1.92045554210184 1.882022301372 0.0494933805719757 8.68769076098584 0.525887304083826 1.59333696419518 0.699525232909344 0 0 0 0 0 0 0 0 0 0 0 0 0 0 0 0 0 0 0 0 0 0 0 0 0 0 0 0 0 0 0 0 0 0 0
4.12619780243369 1.6791746942671 0.87290062028016 1.22698710109339 1.51058610597697 2.22440694566786 0.0212127130990745 2.08295629134207 4.58551048369145 4.54309540369187 1.09920527025324 0.214787849492212 0.407984991354796 2.67000113761458 0.523568343084138 0 0 0 0 0 0 0 0 0 0 0 0 0 0 0 0 0 0 0 0 0 0 0 0 0 0 0 0 0 0 0 0 0 0
2.41640071103678 3.43111899831845 5.50649114341962 1.70279353664908 3.86966349179705 2.84293083296324 3.17389142896853 0.350651980466642 7.62271236156497 0.531029197483731 9.59181336326228 1.04775082180599 0.839924202098702 1.52825192675446 2.68371306079381 1.0919547872884 0 0 0 0 0 0 0 0 0 0 0 0 0 0 0 0 0 0 0 0 0 0 0 0 0 0 0 0 0 0 0 0 0
2.20471757336135 1.65850686574843 1.62774373408666 1.11963282998957 1.01726834387501 2.62242243934433 0.710924618800645 8.09612654696189 3.23896115113967 2.04277750001152 2.55930857601831 5.08414891797819 1.61160097854526 0.228919071541834 1.47046170227315 5.02984199016847 3.52986580774299 0 0 0 0 0 0 0 0 0 0 0 0 0 0 0 0 0 0 0 0 0 0 0 0 0 0 0 0 0 0 0 0
5.61306678186872 0.706898991702867 3.76427983445918 1.8103369175162 3.91697200983381 0.172526233367093 1.01174923259897 2.44327976481447 1.66107158755859 2.26949954436017 3.24058622737789 6.45646304934514 0.53985967455464 5.81821336831587 0.544775147176978 0.593334467499904 0.501879745056915 2.6095136391674 0 0 0 0 0 0 0 0 0 0 0 0 0 0 0 0 0 0 0 0 0 0 0 0 0 0 0 0 0 0 0
0.935734353101555 5.6464596600986 0.239993660675666 0.838840272417834 2.34764685917988 1.02631080158648 3.48652968397729 0.315591078633464 6.47930037617901 1.75812802947953 4.82528878144399 7.32750736119517 1.82757904864888 0.320386865754189 2.71427482122735 1.01641428323582 1.17513557734522 1.51676698441253 6.1276567522825 0 0 0 0 0 0 0 0 0 0 0 0 0 0 0 0 0 0 0 0 0 0 0 0 0 0 0 0 0 0
3.65053837988894 0.215432392337687 1.46384795782936 0.520454183661723 1.06004924404293 2.310261674051 4.51383413775642 0.654755996170378 0.671276014919326 4.22732655910019 0.552344751224536 1.80116346833302 8.75775455230135 0.394820427926058 5.20832263808536 2.01413801955383 5.2730430239347 1.89731106934997 4.36702332329878 1.92397838923419 0 0 0 0 0 0 0 0 0 0 0 0 0 0 0 0 0 0 0 0 0 0 0 0 0 0 0 0 0
0.307192751239388 5.9225113480822 1.20295316680188 0.347414129410824 1.20497671134278 3.35415357915914 0.543251907545746 2.08423243399783 3.05914060890776 6.48816267589597 4.35146328571521 1.10287672913915 4.15939389500059 1.01512577036332 0.0258659086269902 4.00744772086553 3.56395087797639 5.0712358199121 6.5207678831647 0.651630960804761 0.255890967039151 0 0 0 0 0 0 0 0 0 0 0 0 0 0 0 0 0 0 0 0 0 0 0 0 0 0 0 0
0.646229681122391 1.46940525980462 4.24963520888465 0.545740633411342 1.29225567270935 3.18206925233475 1.36286504305883 4.18869917403229 3.3058217980038 4.88173535797187 0.71705161376061 8.54067224223035 2.56864674114175 2.49900265830745 4.66501513213458 0.257446933636432 0.360062485228162 1.01328281325788 2.22559733922287 7.21436143070715 4.31075257837188 2.91427260252852 0 0 0 0 0 0 0 0 0 0 0 0 0 0 0 0 0 0 0 0 0 0 0 0 0 0 0
2.36642042447833 1.877259359453 0.0272142093604931 2.4032921170692 11.7059832097602 2.86914059419035 0.948211398615777 1.23306473386071 6.24456126396288 2.86749406605785 2.35172490591831 3.5049524591638 0.0842068334831973 2.76586289944941 2.98692700000612 2.18531038170514 4.47323537512925 1.45319052404189 1.61724527097012 0.519622176307432 0.558846982136516 1.67215049933146 4.26560070251838 0 0 0 0 0 0 0 0 0 0 0 0 0 0 0 0 0 0 0 0 0 0 0 0 0 0
9.31563598045675 1.01834617638976 1.58380130012136 1.48511032955085 1.24652760395948 0.113785272766275 1.99283867469264 0.854789638167944 2.30051692403135 1.57299631398102 1.30146988060946 1.45672448092019 1.36535026453538 1.33834646847817 1.73379484293185 2.18181014811923 2.88780272252717 0.621613981919303 0.729776696720754 4.65984338534522 0.658094795551003 0.990688642246169 5.98726234403011 0.502649065146074 0 0 0 0 0 0 0 0 0 0 0 0 0 0 0 0 0 0 0 0 0 0 0 0 0
0.0462864106679335 10.3241430632778 0.875234104014544 2.56575401465295 1.40079480198228 4.26203928651857 0.38967953482121 4.53694799352032 0.472436831775895 0.995391053884481 2.64604014722618 9.58288348294507 0.784050635513281 0.250931061680176 0.14153358975862 4.26292550298185 1.65119057485647 0.245670487698928 1.66703406473767 4.31171708490234 0.255617116629665 6.08438390420617 0.537653158472922 7.11735251268991 0.400716523050148 0 0 0 0 0 0 0 0 0 0 0 0 0 0 0 0 0 0 0 0 0 0 0 0
0.82455813762143 1.87223422815687 0.86526276249165 2.79110257471931 0.884445177040147 2.70488537332798 11.5590889181744 9.08852404632788 4.76900651638157 0.301748707173505 1.35398884132236 0.440542259273036 4.36160329678862 0.769222393809205 0.116020293604994 0.56411994761384 0.0816384511103379 0.602059390290332 0.537135851172913 2.51076159090449 1.9073978749248 3.82214045893955 1.09755295655257 2.54189632759045 0.594793723775408 2.77271605708758 0 0 0 0 0 0 0 0 0 0 0 0 0 0 0 0 0 0 0 0 0 0 0
4.60643561729526 2.25228383638652 2.12457856358661 2.83837165032138 3.77321079595615 8.75489526385782 0.367474487324774 5.62709260185833 0.844666513863219 0.8094133862233 6.56401556131881 0.118887301808357 0.52044073158014 5.92958697880611 0.0106427859108477 1.23689614055547 4.95235669396765 1.11767776108693 2.69775338542374 0.156977524425142 4.02420609169576 3.09928325402664 1.56164157298388 0.874218603564157 4.82930561876476 4.72105929475063 0.944568908567139 0 0 0 0 0 0 0 0 0 0 0 0 0 0 0 0 0 0 0 0 0 0
0.744765518232827 0.50376773518516 2.62773601929613 8.86516817275326 2.21413836716713 1.66011045535534 4.61311349821543 0.977251904558668 4.3911964075163 5.02703308951154 5.1682151498647 4.00604655254383 0.16795300264061 1.75693004527012 1.70803927490128 1.84143495473402 9.39975221730751 2.98679940476578 1.84824063774503 1.76640450211832 2.97778978697727 2.02457610443056 4.68639888133396 4.27284741268992 3.62327914672429 0.249958578801325 6.06712553273891 0.609963123781562 0 0 0 0 0 0 0 0 0 0 0 0 0 0 0 0 0 0 0 0 0
0.2392390516404 6.76225028193658 0.866032693156341 1.16029132311227 0.254902660770329 0.42121566875479 0.462127811967182 0.339558382094747 1.88262527883579 5.54781268945386 1.536227672899 3.49812456048865 0.201166139665489 2.64191548823678 7.75978233605245 5.20133122259361 1.10174035763292 0.558767579041109 1.57901438072216 0.799122064250996 0.932666222581078 1.87969393822871 0.238614958937693 1.47371361692241 0.353334442265448 2.17958243189127 3.79560065511673 2.78630327913126 0.470474861029432 0 0 0 0 0 0 0 0 0 0 0 0 0 0 0 0 0 0 0 0
2.63107956646355 2.00768026874333 3.74728104962848 1.49451588205367 0.506076184359668 0.683503611128088 11.2279214042697 0.386713443307201 3.57686593212144 1.24289849376421 0.0983630799893631 6.3935302128454 1.44181295016207 0.809593980081955 0.865678470282242 1.4154797720232 2.09969138436812 2.9830883572063 2.93816541826886 0.380985645280338 0.401582274960052 1.39821307817488 1.61316068012104 1.3273554225076 0.569959141236171 6.23932096653434 0.507131076184372 1.5258152201515 1.92399735325642 2.70999745026607 0 0 0 0 0 0 0 0 0 0 0 0 0 0 0 0 0 0 0
0.571163630427731 1.10022662144277 2.05896059635208 6.69566763399946 2.89446178143215 0.32135363997465 2.99549885179508 0.621557371406945 7.53958983367137 3.9021276372841 0.18531975187358 0.810500965271225 1.37555762031585 11.1944272155219 5.24134265073177 1.90097683881224 1.58132366690262 1.72118180908926 0.763399374181598 1.07924114307215 1.40913080646202 2.16005664797562 5.27408021454378 4.34287406896169 3.12792848164472 1.47472379418733 1.74401323455761 0.106950777091623 0.395967067300126 0.0252758671670683 7.69555958816955 0 0 0 0 0 0 0 0 0 0 0 0 0 0 0 0 0 0
0.118045374718695 3.4858298765639 4.54619392108263 5.70124623162091 1.57377755450919 0.23064069367854 4.92068621095297 2.48826696765355 0.551893005298129 1.97569221646384 2.52789406381109 4.25658347567255 7.16000547176247 0.832727925730347 2.14149665997488 2.41735206287606 5.35090198899951 0.540541081228126 4.45294932783538 3.4708164453241 1.29537873576426 3.21243590780956 1.98063719056198 0.521870663369358 1.46647784115772 6.83407459451688 0.113689711665677 1.68660930033882 3.31749242545422 0.469700437178258 0.00471509885905726 0.24753796488116 0 0 0 0 0 0 0 0 0 0 0 0 0 0 0 0 0
3.3922670672892 0.434600884266013 5.20713347860232 0.0629242225750421 3.82053016633475 0.739869398403315 1.70081442155684 0.306965952168685 6.58919378847166 2.29623806610771 0.62733650283649 0.34604000757557 9.34739794881941 0.477261718004954 3.55521692020457 2.55178780807286 5.00661777706164 0.168075713891842 1.36386423370309 2.73154389818172 1.05802636552218 8.4540004502712 1.40556805411686 6.12433872830889 3.12020795816064 0.90868985836598 3.27453345665697 0.163802513675498 0.432536448241787 0.495483029214675 0.44659274278295 0.82254324038906 1.88813928270399 0 0 0 0 0 0 0 0 0 0 0 0 0 0 0 0
7.82788678264811 0.268034966689924 4.26455986138576 0.182763490225857 1.13519894036286 6.43847674562173 0.485794840159283 11.1960991791116 2.14938153629744 2.11136113590717 1.35763042959373 1.32241059530019 2.07418185276571 0.0108342441947765 0.076481002112758 0.947455757302273 1.03421393960301 0.268406469393627 0.155031550733702 1.34227238139276 0.830943902431659 4.15297257851253 1.68746699459302 4.43563074314343 1.20513411611264 0.407971557055061 1.04599730152832 1.03577217322603 0.0469711689407398 4.01961156367381 2.45396635365183 0.913122269298999 0 0 0 0 0 0 0 0 0 0 0 0 0 0 0 0 0
1.79311953224073 0.155107445686343 2.1869241203064 1.43873491575482 10.3384070540216 1.05013537079596 0.544585085604077 6.41625453548992 1.80903497815535 1.41809658666699 0.0635993422907741 1.45719639202479 0.261625852281725 5.94738984629692 0.57798135965656 3.49135108834698 0.533023024005052 4.87618200275339 0.62032921050551 0.475204791191892 1.67446394015335 0.483106322754497 3.87397412496729 0.358008667209718 1.01249720953143 1.02712166595358 4.8130153165444 0.864495217622253 0.0315089148353035 3.84627174723246 0 0 0 0 0 0 0 0 0 0 0 0 0 0 0 0 0 0 0
1.4501737531905 0.402339485535551 2.4190781565667 1.18937905513774 2.48169424419111 3.90394431972071 4.73104760585337 6.61507940179796 2.12669260600267 0.747799573679757 1.85170043186266 6.25460999612762 0.411989612491342 1.04487413681474 1.40209380934503 0.441870210117336 0.617106249831905 0.688284032221284 1.50480446938785 5.93860028315108 0.0547030927631458 5.01512222303878 0.097418213596039 2.04107815209941 0.458563395755388 0.186467779975335 0.208017500617824 1.63779560117204 0 0 0 0 0 0 0 0 0 0 0 0 0 0 0 0 0 0 0 0 0
2.37582408802959 1.34926821908107 0.956980608092573 2.80732238863755 0.656556264516488 3.7980008264265 0.388727490344088 0.742471781301424 3.47373506797503 2.64035671025683 1.89386136863591 1.64427202643756 1.94764408539819 0.210673091169283 2.43386173702833 0.42517649129232 0.0509012809093841 2.24230786596883 0.0502727816459315 0.932931684515931 5.57125012090303 1.29870776140033 7.31780049817473 1.55578610024977 0.239049840514312 1.17798065372851 0 0 0 0 0 0 0 0 0 0 0 0 0 0 0 0 0 0 0 0 0 0 0
2.32390598459294 1.51022771967978 0.319255463051023 0.809851339090071 7.42798421054535 0.681113497436939 1.26140495284994 0.554325774454319 4.39978009413199 0.803814198247206 3.05157667138478 1.34591431547064 0.234311208650163 6.4446723643833 1.77342881472423 1.36802399405748 1.5682314683692 0.854465353155154 3.65144045269168 0.0513382107799885 0.901015284330938 0.530453383890258 8.5424053114501 9.67783474187795 0 0 0 0 0 0 0 0 0 0 0 0 0 0 0 0 0 0 0 0 0 0 0 0 0
0.14006997321139 2.6646990677928 0.167125405688014 2.02195200307557 0.861644271143697 6.012990899849 6.54149334176414 0.171897846888149 0.550388689482096 0.275418932920585 2.80733647772915 1.77395522023266 6.0374464952035 3.51235860202921 1.5356482707844 2.7732425428074 0.970451075794129 1.86577584088868 1.35579080162936 1.8787474022421 4.55298166659335 3.56435858376172 0 0 0 0 0 0 0 0 0 0 0 0 0 0 0 0 0 0 0 0 0 0 0 0 0 0 0
1.50528292454646 0.772133781905827 1.14635481446435 0.412335771822024 8.57332968469486 1.01249519950962 2.79133927240454 2.48825831527693 4.16178943144123 2.40240672939225 1.16941363474704 2.67461525769372 0.603249968512905 2.21103054764037 6.52907977190861 2.30179214235995 2.68884390421206 2.46636516642476 0.17517328690716 0.584251394148259 0 0 0 0 0 0 0 0 0 0 0 0 0 0 0 0 0 0 0 0 0 0 0 0 0 0 0 0 0
8.49791832217375 0.827118541994672 5.45842303242298 1.20654640867776 0.474991942279314 4.18904913972385 5.71092824355647 0.22629866325655 2.34868618592092 2.14484466826236 0.322821954268787 0.846798013208411 2.15708229434228 1.81394074504826 2.02885846567424 3.30230690043247 1.21096192231106 1.2242463660933 0 0 0 0 0 0 0 0 0 0 0 0 0 0 0 0 0 0 0 0 0 0 0 0 0 0 0 0 0 0 0
4.2502395382261 0.689890508847964 0.521585118816446 1.26385203820496 4.27240004050829 7.19459963503696 0.441853026788073 1.41046689078262 5.36893119177424 2.39858815383615 3.80031334610076 0.312401690043974 2.78592416842725 1.42937380475273 1.70695866982888 1.15288265849676 0 0 0 0 0 0 0 0 0 0 0 0 0 0 0 0 0 0 0 0 0 0 0 0 0 0 0 0 0 0 0 0 0
2.81569070331759 2.09097160624097 0.699585861757489 0.935197101262855 0.139081182519746 3.15986252492117 0.701066217475107 0.691625341897664 6.75667172108744 3.76280497034165 1.88581497856873 3.73206945620966 2.15147004370009 3.31758040528438 0 0 0 0 0 0 0 0 0 0 0 0 0 0 0 0 0 0 0 0 0 0 0 0 0 0 0 0 0 0 0 0 0 0 0
0.698446723933468 1.27385320405508 3.27481988235329 3.51489773556009 1.00038603018649 0.246311208141747 0.476049019372232 3.21144575505818 0.603059397405618 0.632511972083535 2.17199634046264 3.44181081897871 0 0 0 0 0 0 0 0 0 0 0 0 0 0 0 0 0 0 0 0 0 0 0 0 0 0 0 0 0 0 0 0 0 0 0 0 0
1.05744506634739 3.22618270777608 1.00227405899391 2.75032428168516 0.67369742738409 3.23233205950781 1.82699946357165 4.27334808454251 0.146078156590758 0.176268908378539 0 0 0 0 0 0 0 0 0 0 0 0 0 0 0 0 0 0 0 0 0 0 0 0 0 0 0 0 0 0 0 0 0 0 0 0 0 0 0
4.52982116934343 5.53161705260077 0.396068252477725 1.02593195559854 0.660317006792016 0.249770057371343 0.696468698754713 2.35347144096257 0 0 0 0 0 0 0 0 0 0 0 0 0 0 0 0 0 0 0 0 0 0 0 0 0 0 0 0 0 0 0 0 0 0 0 0 0 0 0 0 0
0.172194300858119 4.56597577800683 0.477463285499151 0.52386440993642 2.06623061685859 10.1961181973604 0 0 0 0 0 0 0 0 0 0 0 0 0 0 0 0 0 0 0 0 0 0 0 0 0 0 0 0 0 0 0 0 0 0 0 0 0 0 0 0 0 0 0
2.13373006343035 5.86037180248456 0.846040084566269 2.1828770537408 0 0 0 0 0 0 0 0 0 0 0 0 0 0 0 0 0 0 0 0 0 0 0 0 0 0 0 0 0 0 0 0 0 0 0 0 0 0 0 0 0 0 0 0 0
0.647968354105408 3.59692800909187 0 0 0 0 0 0 0 0 0 0 0 0 0 0 0 0 0 0 0 0 0 0 0 0 0 0 0 0 0 0 0 0 0 0 0 0 0 0 0 0 0 0 0 0 0 0 0
