0.0864597045231506 0 0 0 0 0 0 0 0 0 0 0 0 0 0 0 0 0 0 0 0 0 0 0 0 0 0 0 0 0 0 0 0 0 0 0 0 0 0 0 0 0 0 0 0 0 0 0 0
0.164558325332384 0.181335443513102 0 0 0 0 0 0 0 0 0 0 0 0 0 0 0 0 0 0 0 0 0 0 0 0 0 0 0 0 0 0 0 0 0 0 0 0 0 0 0 0 0 0 0 0 0 0 0
6.24699861885572 0.909199349869636 3.3563812708001 0 0 0 0 0 0 0 0 0 0 0 0 0 0 0 0 0 0 0 0 0 0 0 0 0 0 0 0 0 0 0 0 0 0 0 0 0 0 0 0 0 0 0 0 0 0
0.0968040102173601 0.218046855118975 5.64017846521892 0.660680079449576 0 0 0 0 0 0 0 0 0 0 0 0 0 0 0 0 0 0 0 0 0 0 0 0 0 0 0 0 0 0 0 0 0 0 0 0 0 0 0 0 0 0 0 0 0
0.00478571111292624 2.16967753992984 1.30767538494478 3.20690540904585 0.977001703464839 0 0 0 0 0 0 0 0 0 0 0 0 0 0 0 0 0 0 0 0 0 0 0 0 0 0 0 0 0 0 0 0 0 0 0 0 0 0 0 0 0 0 0 0
0.489554371721016 3.57107783602019 0.646210588226999 0.518782590648593 3.96705930322587 3.04260133077854 0 0 0 0 0 0 0 0 0 0 0 0 0 0 0 0 0 0 0 0 0 0 0 0 0 0 0 0 0 0 0 0 0 0 0 0 0 0 0 0 0 0 0
3.06398352075631 2.30329582585086 9.63144014150338 4.21782150888652 2.27673181434493 3.35324652509797 4.85308386685268 0 0 0 0 0 0 0 0 0 0 0 0 0 0 0 0 0 0 0 0 0 0 0 0 0 0 0 0 0 0 0 0 0 0 0 0 0 0 0 0 0 0
6.56981860886127 2.03229744339814 0.989262137169687 0.680907235484912 4.26478177974729 0.210004869910841 1.15246927005459 1.37708669971244 0 0 0 0 0 0 0 0 0 0 0 0 0 0 0 0 0 0 0 0 0 0 0 0 0 0 0 0 0 0 0 0 0 0 0 0 0 0 0 0 0
7.06006498840094 3.59856061890823 3.70559290351332 9.63883674727275 0.605108890145871 1.63580357782704 0.133587823177688 0.21396820573686 2.4319638178936 0 0 0 0 0 0 0 0 0 0 0 0 0 0 0 0 0 0 0 0 0 0 0 0 0 0 0 0 0 0 0 0 0 0 0 0 0 0 0 0
1.11017233497186 2.94240345877694 3.4881186175381 0.726872018053777 3.12264425279521 5.25407358635664 1.12838649890497 0.081103283368371 9.2359004347742 2.67477171997089 0 0 0 0 0 0 0 0 0 0 0 0 0 0 0 0 0 0 0 0 0 0 0 0 0 0 0 0 0 0 0 0 0 0 0 0 0 0 0
0.489061518733105 1.85993581082457 2.26674255962414 1.91955119622097 1.7213204105844 2.00454730808546 1.83131833923185 1.21625605872769 0.699668982392896 1.70455994418443 4.54329548815177 0 0 0 0 0 0 0 0 0 0 0 0 0 0 0 0 0 0 0 0 0 0 0 0 0 0 0 0 0 0 0 0 0 0 0 0 0 0
5.48896705998787 2.12690447503264 1.64474661714843 1.43691741183336 1.83793666426843 0.00367556367096169 0.453980370908377 2.19427087019679 0.693570928134614 1.26125432048086 5.7679979428166 0.924785185401441 0 0 0 0 0 0 0 0 0 0 0 0 0 0 0 0 0 0 0 0 0 0 0 0 0 0 0 0 0 0 0 0 0 0 0 0 0
0.409441788307803 1.51510199227431 2.50285134018436 1.09314903944898 4.0803958461187 1.52969253576841 3.35162712683703 3.69307236865269 8.55135024773122 2.91667983500473 3.18811809022319 4.44061770350338 0.136242244035687 0 0 0 0 0 0 0 0 0 0 0 0 0 0 0 0 0 0 0 0 0 0 0 0 0 0 0 0 0 0 0 0 0 0 0 0
1.91065581224526 0.424925394939924 0.206665225602352 1.49460892737883 2.45532831218527 3.38741991781004 1.35861829537401 0.717656432865371 7.62638408660629 2.45129219849159 2.14814797974438 0.476331983986217 1.84007697637717 0.756039932256102 0 0 0 0 0 0 0 0 0 0 0 0 0 0 0 0 0 0 0 0 0 0 0 0 0 0 0 0 0 0 0 0 0 0 0
1.90276013685474 3.16212850473478 0.0929097742095048 0.333055158344252 1.26319684941399 5.33179740628277 1.49984463155436 7.07182271288284 0.0554707450288413 0.981001367333158 7.51692745839039 3.87026447877007 1.23740678680865 5.78114496262097 2.44091867212952 0 0 0 0 0 0 0 0 0 0 0 0 0 0 0 0 0 0 0 0 0 0 0 0 0 0 0 0 0 0 0 0 0 0
0.354818617614512 0.356658619182952 4.37079898754115 7.10636411395676 0.736835046769872 5.68159406865009 0.222070900399193 0.587991456154027 2.40487307907719 0.121415981309624 1.70593983055651 5.73746335155325 0.604003972446966 4.48800724694625 8.07632877213139 4.53430397311932 0 0 0 0 0 0 0 0 0 0 0 0 0 0 0 0 0 0 0 0 0 0 0 0 0 0 0 0 0 0 0 0 0
1.89261626472899 0.149344301751915 3.42104255366166 3.45871825183156 1.79575866960128 2.77223652773978 2.24077575310491 0.827932794489129 0.127590753472154 3.51904789266939 0.570326840672859 1.50147845666561 2.39547920336937 4.94926749462929 2.30367799229 4.87602587885308 1.96808779613989 0 0 0 0 0 0 0 0 0 0 0 0 0 0 0 0 0 0 0 0 0 0 0 0 0 0 0 0 0 0 0 0
2.10745423039709 0.980487323263786 3.62077716187622 1.83330440029308 1.93908567274567 4.74129026906977 0.183385461444432 0.820402857904588 0.74783648816179 1.90745643049355 0.256113804618424 0.313176666531131 0.755177269606165 5.00236936613296 3.59108980403135 2.04396968671427 1.72479203457056 2.85900057179116 0 0 0 0 0 0 0 0 0 0 0 0 0 0 0 0 0 0 0 0 0 0 0 0 0 0 0 0 0 0 0
0.962354807816524 2.78305104837802 1.25778326146015 0.0651674351305586 4.07994067339106 0.860237948756173 3.26126233417035 1.22677495859898 4.44714795237825 4.86319151352807 0.109347364689594 1.11432961874833 0.290467240092704 4.96543253646275 0.394537128276184 2.18769967573746 0.325562496211906 5.41239076230163 0.0980961668565059 0 0 0 0 0 0 0 0 0 0 0 0 0 0 0 0 0 0 0 0 0 0 0 0 0 0 0 0 0 0
0.778371635279659 0.212405263863643 1.05848648641682 1.03794225210434 1.36606024546227 0.479709949612297 0.175629365691942 0.996511985448514 0.409577555209614 1.54779047097585 0.869151394657693 3.57148847392636 1.67127089729243 0.915604074981328 7.56822198428715 1.03984078365518 3.06682329557581 3.47227683028668 1.04876108047262 0.0613622806476461 0 0 0 0 0 0 0 0 0 0 0 0 0 0 0 0 0 0 0 0 0 0 0 0 0 0 0 0 0
1.64521264908774 1.11018994753505 1.18730977503835 0.938732804694997 3.63171202300923 0.374078553831937 2.02070887400929 5.14298649130562 2.86994606099273 0.708877351546743 2.64477062974867 3.06942153092031 1.17013252374563 5.66134564237942 5.59872669637282 2.51641893765009 1.64192931495445 4.17558002689272 1.48594916479068 1.68050313567312 4.06490373549622 0 0 0 0 0 0 0 0 0 0 0 0 0 0 0 0 0 0 0 0 0 0 0 0 0 0 0 0
4.00018896515675 2.52138598898211 1.70667056940281 1.04670555603856 1.50485617754112 0.717305286041686 4.20301248134376 4.10600079841729 0.239538386529199 0.143451972856963 0.0232651470176388 4.58095917998996 9.98262976736405 1.67053066173162 1.0197696235068 5.26006309502695 1.57667800867696 2.0764332097771 1.26780421587972 2.32436296528642 0.652730678775202 2.83695319657954 0 0 0 0 0 0 0 0 0 0 0 0 0 0 0 0 0 0 0 0 0 0 0 0 0 0 0
3.85055592947768 1.7887013219928 1.79849256720892 1.22553221810539 3.08833111706556 1.45993141798273 11.3184298911771 1.68945843451004 0.570735525356386 5.86506075723962 0.354857180135412 1.11499941693746 1.10010703979019 0.15877448360286 1.78382693801401 8.30483320869822 2.27232468617696 5.18635747684422 1.17422581226287 0.993949310398984 1.50545395678747 5.92950645623466 0.789517953783737 0 0 0 0 0 0 0 0 0 0 0 0 0 0 0 0 0 0 0 0 0 0 0 0 0 0
3.12656711297085 0.163115977270023 0.095313963128555 9.27927774864142 1.55001362436975 1.94886761781486 1.39382786143246 0.511302468084237 4.52650480675886 1.3697785311726 1.56461192375612 0.165984413735015 4.25826513897925 0.277272288378797 0.490369735398971 2.355845387965 0.598397576321997 2.82748741402206 2.15483506514408 0.18223109896987 2.43451484089379 5.83620117417997 2.10574151301897 2.45046819443572 0 0 0 0 0 0 0 0 0 0 0 0 0 0 0 0 0 0 0 0 0 0 0 0 0
1.10349393232929 1.41693137850876 3.24612958639287 2.31062225819367 0.239881883624193 2.76565631149328 0.785485104826214 1.57016769983305 0.755230558273181 1.57108354410787 0.275474627710761 3.36300032410979 1.51265072352972 0.259949403210225 1.04071919502853 1.73963321068 1.42309553997344 3.04074719869772 2.42921720645486 3.0629189409521 1.28391664671815 1.06808736727827 2.83162550910938 1.1307616556752 0.0307237823403128 0 0 0 0 0 0 0 0 0 0 0 0 0 0 0 0 0 0 0 0 0 0 0 0
0.0814986101710545 4.89100018472645 4.03446387304591 3.91981749401864 1.85569019173218 0.183071137635035 0.2093315285859 1.00178451846777 4.14688140452664 6.73074867455813 3.13138337797211 0.600016410193183 4.88717745436074 1.23431622549712 3.42772850066627 0.644579418886477 0.24777161837858 0.378799649426616 1.72736057485428 0.201949906421831 0.699505574718236 5.00670418490504 0.574143416701697 2.11925521461337 2.96714856749838 2.27521820988342 0 0 0 0 0 0 0 0 0 0 0 0 0 0 0 0 0 0 0 0 0 0 0
0.445339884484959 2.8133849036411 0.57767547357513 6.36473875910966 2.82158141638851 1.4112298161715 1.24367214497288 0.209211795584897 1.04498300621644 0.637337848223577 2.16649798271884 1.61983810932125 3.97763819625984 11.5134768077898 3.23550928905852 6.88649444704232 0.510793820232032 1.60528287625231 3.40059681053723 0.53762583937145 0.860098182896023 4.45830892479659 0.247928247857034 0.857220750244145 1.22442109866771 1.57486963404806 0.845946378319615 0 0 0 0 0 0 0 0 0 0 0 0 0 0 0 0 0 0 0 0 0 0
6.91237833240746 1.04555218339395 1.01905135826912 0.00494794598386172 5.05893413384988 2.80739389817441 7.52222673134158 4.51355331241929 4.32717893968026 12.4226521724527 1.78731813438245 6.21102775722553 1.15040265493618 0.0179324690950351 0.450840059256095 0.24188537524811 7.40209249740801 3.50595518634295 0.371447849666322 2.64007249585416 3.95144493225114 4.27622184836705 5.11345854689053 4.41367992407708 7.52273501582217 3.83073685130656 0.583546787618392 0.631519974283331 0 0 0 0 0 0 0 0 0 0 0 0 0 0 0 0 0 0 0 0 0
1.75818536759593 0.407337748847837 4.48397393669063 1.84645595662955 0.810616079091574 1.41606730013294 2.16166371900263 2.07563204804596 6.06640374050513 1.50282209399483 2.01378158169537 1.54100794403566 1.80292044156606 2.69910944712002 2.30482144303522 2.78345565977804 0.270806400255223 0.0499354899840905 1.26469779782203 3.1115255017949 3.74300765713037 9.1886535709838 4.53528210343504 2.86431480675428 1.47461202574008 4.63768140902782 1.1993297386559 0.930898658907296 0.260795523914492 0 0 0 0 0 0 0 0 0 0 0 0 0 0 0 0 0 0 0 0
1.66486535480687 0.976113896471539 0.398824991926776 6.12492531410343 1.29338438102768 2.84160974299783 1.22238326498474 1.01024937538757 2.38189240412744 11.9523060930445 0.177408406448591 5.70859259664672 8.99145850374761 0.0929827358927827 2.65869589609204 0.105437292579706 3.04205817021687 4.04850962432207 0.874462550551721 1.98612405139796 1.18819284366257 0.34656920930124 9.14186180969896 3.49321651720151 2.93845969728854 1.28624097480973 12.0072260110809 1.27370049576751 1.0277909142191 2.5632186878355 0 0 0 0 0 0 0 0 0 0 0 0 0 0 0 0 0 0 0
2.86388140046642 4.14672652996148 2.6287281964404 6.02995544670971 0.149472370534996 5.6822602177934 0.629239439347644 0.110327010510543 0.88208967963181 0.346460677321726 0.962512297512562 3.15628116362957 0.28649879199671 7.75562885807476 0.000516875623464827 1.27869072392131 1.46536634038043 2.53699660361219 8.33546710877462 1.06826811021828 3.8390018988288 0.853561419986158 0.0319444068267914 0.913457094919277 1.37241834468557 1.58634654641062 4.12015517616452 1.41286464772338 3.21025906833547 0.21375455700229 0.0465974668101523 0 0 0 0 0 0 0 0 0 0 0 0 0 0 0 0 0 0
2.72458834923104 2.03621796571361 1.06123849234731 2.15883631000629 2.43125645407494 2.2623045228734 2.74443727087989 0.584075513630599 1.55173309493922 3.59469905438816 0.162101109064643 1.82912564898761 6.98557035843137 0.00689858695543636 7.29000638930085 2.12756514946614 3.5883708920829 14.1227535334621 2.29272260742699 0.266049361759255 0.507315555304116 0.19995970902825 0.998059258899054 2.21206364235829 1.24767364538959 0.577126563304755 8.69727834638708 6.67247426214068 10.0799532348934 0.733809638513252 0.529018234984097 1.35365782065678 0 0 0 0 0 0 0 0 0 0 0 0 0 0 0 0 0
1.17393229418527 2.09094203190764 1.5170466911077 3.62735914973943 2.78503297871907 0.356516042662182 0.502785186688117 0.0177486984932369 1.37989156075213 4.5065517178869 0.073170588231307 5.86692180959862 0.66312132158479 2.00240836540736 1.8661294802961 0.46222822314755 3.74204476866254 0.447478298125559 5.75538750716548 3.24071749388694 1.38736244781474 0.3863097858828 3.67688099315363 6.65172823078398 0.144018183860227 0.302548539765805 7.51640870366754 3.45553505161943 1.36772721153668 10.2824423918056 3.51474824831189 0.694066163777188 1.17494814640915 0 0 0 0 0 0 0 0 0 0 0 0 0 0 0 0
3.06316284855618 0.611593490191815 7.27860486075578 3.23727311826096 6.33639525641148 0.55662561326966 0.291148882090706 0.00113894479600421 0.78950604060901 1.84371647413432 2.3993935323937 1.04127787062696 4.81228590886797 0.249644473727222 1.52737015099395 1.30030349657455 1.87972679794334 0.599517583093136 2.79183766964058 3.92262018705811 1.6227468474099 1.98254757943571 4.62479689567977 3.50176500115967 5.88377365284801 0.0309398218075426 0.517100233051167 4.37445082821821 8.72397786935819 0.192239183070369 0.924109710884399 0.460506706560386 0 0 0 0 0 0 0 0 0 0 0 0 0 0 0 0 0
0.66995390912361 4.28654822228786 0.919412543303841 0.316223098541902 0.781414822204634 2.896339626438 0.555595191141996 2.3463790337473 0.0969318885385585 0.320713399338825 1.02295397937342 6.02986329255275 1.11341823777195 8.2786380347795 18.4002480332187 10.0311409241747 0.616945109524732 3.84631521284236 1.46676116815362 1.65570859047445 2.17837753740419 0.655669078648087 2.29584151141728 0.562867710498795 0.0318500012406705 2.44749589272205 0.292733226724277 4.18582148869228 3.60909575990826 4.43801370769652 0 0 0 0 0 0 0 0 0 0 0 0 0 0 0 0 0 0 0
0.54502808519804 1.10559068698528 0.727212237846035 1.54233017898537 1.82999540617572 2.49042096413754 8.61137025098331 2.54384379474812 1.59779662421927 2.01097981646751 2.68605828291368 1.86739762581669 2.03371647780129 4.17372315855841 2.08273698141987 1.45429596205336 6.60498411986514 4.19536399674139 0.938197326807155 3.79293252522463 2.95837572969499 4.57218569160261 1.91977892483171 1.79467832191794 2.31803676403751 1.79755456499346 1.9134159119567 4.38039978183018 0 0 0 0 0 0 0 0 0 0 0 0 0 0 0 0 0 0 0 0 0
2.92220352505174 1.61565010115386 4.80940050784212 1.12986615278596 1.16828601941269 0.742799137946406 2.23811481978738 2.75645122342274 0.632166348364016 1.333369242214 0.139778007804972 1.54888529584988 0.587025102382355 2.1467778152901 0.605706194253067 2.46886505214595 0.877375771910177 0.716452544119417 0.00794639685594069 0.126266119121796 0.876390447702184 0.548090376777482 5.42952761523291 5.89472031002786 2.26247990768387 8.03392651613597 0 0 0 0 0 0 0 0 0 0 0 0 0 0 0 0 0 0 0 0 0 0 0
4.55775076283508 2.42124890401368 1.30985030368839 2.74916602242207 0.964985934366295 0.630007694940107 11.3955578841617 1.97367821179276 4.71092582245692 5.85261482928235 5.18265982091408 7.33375300926126 2.6355935675413 2.67765282086843 2.85604860334689 0.691189425299386 1.02399901327837 1.15472648591879 1.53943367425832 1.24131113699659 3.01655726827491 0.141835445385228 0.183424746241847 0.843200113246916 0 0 0 0 0 0 0 0 0 0 0 0 0 0 0 0 0 0 0 0 0 0 0 0 0
1.81218744740402 0.863604852782746 0.283689256168712 1.28928762108837 0.277784385272677 1.44580971757893 4.33858315108416 0.782602680537122 3.95574005915165 0.456887909708168 1.70769512223682 0.0405379960091109 1.50486160693137 0.0347003728264621 0.815709396979559 0.512553434783504 0.200089681747086 1.84992740286479 0.00161581856914277 0.313587019923532 7.87527512913886 1.71689321896982 0 0 0 0 0 0 0 0 0 0 0 0 0 0 0 0 0 0 0 0 0 0 0 0 0 0 0
1.2420603429159 0.999260250315837 1.18402441847706 2.2746277204049 1.59222011252158 0.233596096604243 4.45319703034285 3.05015318640635 0.418467544791145 6.44711669698782 0.63084986682536 0.878386866570792 1.42233106080417 0.237649808875159 0.754591004068994 0.163873538958867 5.68218163244554 6.16326165901716 1.72668798104462 3.8417031579426 0 0 0 0 0 0 0 0 0 0 0 0 0 0 0 0 0 0 0 0 0 0 0 0 0 0 0 0 0
2.7531424576495 2.83405652351219 0.643760942267195 0.0856158911215077 0.261707861063628 2.77904874339423 1.0822437717848 0.785777990603787 2.56090906397694 2.31820148761858 2.05287946371151 1.16840943580684 2.74030501461753 0.891122962478091 2.10118786415897 5.47240768316635 0.405356960567525 0.79311522741443 0 0 0 0 0 0 0 0 0 0 0 0 0 0 0 0 0 0 0 0 0 0 0 0 0 0 0 0 0 0 0
0.00185236144923478 1.28983924404658 1.34802906977508 2.60996640218688 1.66191488268096 2.14531016878972 0.291151982307137 3.3615571413289 0.099156534728128 0.929975285641981 1.23824394909408 0.145372298187519 3.45815436923921 3.19752972166816 3.6994230370921 5.59655341327966 0 0 0 0 0 0 0 0 0 0 0 0 0 0 0 0 0 0 0 0 0 0 0 0 0 0 0 0 0 0 0 0 0
0.559900712253237 1.49463231112104 3.69047591115426 0.214438806012691 1.25388558864682 0.684039565565775 0.481391818899382 2.89819541899236 1.34098866931133 0.18158320430506 2.94553330981532 1.40573924584371 2.04676998621585 0.745275267088404 0 0 0 0 0 0 0 0 0 0 0 0 0 0 0 0 0 0 0 0 0 0 0 0 0 0 0 0 0 0 0 0 0 0 0
2.38435764679581 0.928333529181169 1.10360891704393 3.08686653196156 3.85848850009036 1.39410797688628 0.435258313318062 0.378848208533204 0.3489066974772 0.236102216384508 0.233255294262405 0.125616254214399 0 0 0 0 0 0 0 0 0 0 0 0 0 0 0 0 0 0 0 0 0 0 0 0 0 0 0 0 0 0 0 0 0 0 0 0 0
1.17179642626156 6.39262057199822 1.57479218967608 1.59512463685787 0.927615669877484 1.5532215593084 4.13264914226023 0.953747424353568 2.41263110676952 2.88626793959608 0 0 0 0 0 0 0 0 0 0 0 0 0 0 0 0 0 0 0 0 0 0 0 0 0 0 0 0 0 0 0 0 0 0 0 0 0 0 0
0.212362658526864 5.24088112394747 1.47032461966976 0.118680941527181 3.0388387255707 0.872183686153555 3.31770267514807 1.86151949650203 0 0 0 0 0 0 0 0 0 0 0 0 0 0 0 0 0 0 0 0 0 0 0 0 0 0 0 0 0 0 0 0 0 0 0 0 0 0 0 0 0
0.845740271455722 3.89738983970248 6.17005514900001 0.0404946814302127 3.51769957716275 0.662820538323302 0 0 0 0 0 0 0 0 0 0 0 0 0 0 0 0 0 0 0 0 0 0 0 0 0 0 0 0 0 0 0 0 0 0 0 0 0 0 0 0 0 0 0
1.6379548100573 1.88987501789011 0.397454637751334 5.46949399882757 0 0 0 0 0 0 0 0 0 0 0 0 0 0 0 0 0 0 0 0 0 0 0 0 0 0 0 0 0 0 0 0 0 0 0 0 0 0 0 0 0 0 0 0 0
0.581332761564213 0.0318225693083157 0 0 0 0 0 0 0 0 0 0 0 0 0 0 0 0 0 0 0 0 0 0 0 0 0 0 0 0 0 0 0 0 0 0 0 0 0 0 0 0 0 0 0 0 0 0 0
