5.37072654051768 0 0 0 0 0 0 0 0 0 0 0 0 0 0 0 0 0 0 0 0 0 0 0 0 0 0 0 0 0 0 0 0 0 0 0 0 0 0 0 0 0 0 0 0 0 0 0 0
1.57309362551841 0.623361376159633 0 0 0 0 0 0 0 0 0 0 0 0 0 0 0 0 0 0 0 0 0 0 0 0 0 0 0 0 0 0 0 0 0 0 0 0 0 0 0 0 0 0 0 0 0 0 0
1.17461478667854 1.50516798415573 10.7697065538701 0 0 0 0 0 0 0 0 0 0 0 0 0 0 0 0 0 0 0 0 0 0 0 0 0 0 0 0 0 0 0 0 0 0 0 0 0 0 0 0 0 0 0 0 0 0
0.970713679769943 1.21246850817974 1.93887669822873 5.56224137105415 0 0 0 0 0 0 0 0 0 0 0 0 0 0 0 0 0 0 0 0 0 0 0 0 0 0 0 0 0 0 0 0 0 0 0 0 0 0 0 0 0 0 0 0 0
3.05774634010394 2.7827550943994 0.120641782843845 0.829655950837243 0.567071219078168 0 0 0 0 0 0 0 0 0 0 0 0 0 0 0 0 0 0 0 0 0 0 0 0 0 0 0 0 0 0 0 0 0 0 0 0 0 0 0 0 0 0 0 0
0.113555863017049 0.248405470545959 5.16851664822124 0.317121926906581 4.24851210434663 2.7850697511392 0 0 0 0 0 0 0 0 0 0 0 0 0 0 0 0 0 0 0 0 0 0 0 0 0 0 0 0 0 0 0 0 0 0 0 0 0 0 0 0 0 0 0
0.738695424724383 3.13320344040806 7.69995706269652 0.145916780732399 0.987666212417404 0.0973218448004537 1.5649581863381 0 0 0 0 0 0 0 0 0 0 0 0 0 0 0 0 0 0 0 0 0 0 0 0 0 0 0 0 0 0 0 0 0 0 0 0 0 0 0 0 0 0
0.75862993659723 3.59376729914399 3.39765768169734 2.63125629171705 1.18300677321917 1.13317299480837 1.1419127867861 0.601963182763456 0 0 0 0 0 0 0 0 0 0 0 0 0 0 0 0 0 0 0 0 0 0 0 0 0 0 0 0 0 0 0 0 0 0 0 0 0 0 0 0 0
0.62486409321652 2.69473046976841 1.13952283794892 1.60458176657258 0.758520868504209 1.40613828606021 0.334006834356949 0.792252844886499 0.866077447722935 0 0 0 0 0 0 0 0 0 0 0 0 0 0 0 0 0 0 0 0 0 0 0 0 0 0 0 0 0 0 0 0 0 0 0 0 0 0 0 0
0.728329914611077 0.266187290721772 2.38952868657718 0.544583520052279 1.27781456018022 2.98997498161207 1.31775756301304 0.272570556648609 9.62969031602981 0.823800367913653 0 0 0 0 0 0 0 0 0 0 0 0 0 0 0 0 0 0 0 0 0 0 0 0 0 0 0 0 0 0 0 0 0 0 0 0 0 0 0
3.32572782136335 3.68758878491794 1.79300836611269 0.399327499859991 8.47335291143843 2.58155732160251 1.87097478257561 1.49183701708327 4.66629263579458 2.91425542830339 1.45250235869539 0 0 0 0 0 0 0 0 0 0 0 0 0 0 0 0 0 0 0 0 0 0 0 0 0 0 0 0 0 0 0 0 0 0 0 0 0 0
3.21453049025483 0.700338748193184 4.21948423140916 0.173536566046898 2.73819487602008 0.147221117170335 2.18714083002511 0.182332443814499 6.07315263239488 3.08340710775327 0.662856846416579 1.91800566311611 0 0 0 0 0 0 0 0 0 0 0 0 0 0 0 0 0 0 0 0 0 0 0 0 0 0 0 0 0 0 0 0 0 0 0 0 0
0.829597737434309 1.28056555273719 0.126557629625417 2.32095425089425 1.19557429897178 1.41486484395774 2.52773538227329 1.65405775841181 5.68093793418846 2.16541588930279 0.351410856716198 0.0918804324209912 4.70115346577791 0 0 0 0 0 0 0 0 0 0 0 0 0 0 0 0 0 0 0 0 0 0 0 0 0 0 0 0 0 0 0 0 0 0 0 0
1.05657514331825 4.27129044024184 0.984478780537173 3.15040650954597 1.64965957242944 0.441794538482221 0.10136724958256 0.945393008317609 1.48256674923765 3.97110957813676 5.3570281998215 1.16509867064646 1.52287613838873 7.75708119255012 0 0 0 0 0 0 0 0 0 0 0 0 0 0 0 0 0 0 0 0 0 0 0 0 0 0 0 0 0 0 0 0 0 0 0
4.44819143380324 4.93774121190437 0.250029029633976 6.1571057316424 0.307947704680539 2.89470989182129 0.0415433048989073 1.97726008748778 0.510549584174025 1.13283052811413 3.45828126336018 0.903925465515601 0.453897417143786 2.94231274971387 1.19263553943325 0 0 0 0 0 0 0 0 0 0 0 0 0 0 0 0 0 0 0 0 0 0 0 0 0 0 0 0 0 0 0 0 0 0
0.745970905118356 2.40041111717316 0.0984781675401174 0.403579471346152 4.52880191743339 2.52098894234942 0.597348800732708 3.03875392609315 6.13881361282511 2.50103305999653 2.40605766956087 1.29919888303708 0.99160544418987 3.29198980906763 4.1731732163472 5.01262555472124 0 0 0 0 0 0 0 0 0 0 0 0 0 0 0 0 0 0 0 0 0 0 0 0 0 0 0 0 0 0 0 0 0
1.55839012498991 3.26474011016481 0.723304060751976 2.48136643448659 5.51668318522536 0.143714156503491 0.626298143999468 1.29314957158881 0.791202963152234 7.78070453040769 1.21560000877597 1.91293580378643 0.484391937955708 0.111285334631702 3.4566311736591 2.26385086930264 0.872572215107677 0 0 0 0 0 0 0 0 0 0 0 0 0 0 0 0 0 0 0 0 0 0 0 0 0 0 0 0 0 0 0 0
1.09757934293491 2.74024075166197 1.76594191491293 4.36216420194216 6.81711413456744 3.54846913531885 0.847992443209498 1.13821611864864 4.63435492246714 6.61017708353205 0.188753308807523 1.69916929140015 1.47004805408704 3.89135785110775 0.056966561240142 1.01683281790627 2.80632088593695 0.619336939831919 0 0 0 0 0 0 0 0 0 0 0 0 0 0 0 0 0 0 0 0 0 0 0 0 0 0 0 0 0 0 0
3.23532537336446 4.36993809616941 4.02490881256845 1.70386096334888 2.44793754530738 0.205509867925906 0.91073980420769 1.12939254889207 2.12226586348125 1.61931207624979 2.00992598660299 7.38499801566492 4.76698853853035 1.35822379223282 6.38416903355405 0.129995477139967 2.55409819473838 2.48617451697449 0.318592596066148 0 0 0 0 0 0 0 0 0 0 0 0 0 0 0 0 0 0 0 0 0 0 0 0 0 0 0 0 0 0
0.570455601363933 6.83343859566619 0.689526625824528 0.782622403101317 2.15690871180731 2.29595730883383 1.07049284357 6.19192322892128 1.05554353171506 2.4903406405804 6.91325693443636 3.1169254762221 0.650910694207421 1.80753470979434 3.09440192544181 1.62578577866985 0.471335173116712 0.286501054617897 4.24059106832816 2.27646453963949 0 0 0 0 0 0 0 0 0 0 0 0 0 0 0 0 0 0 0 0 0 0 0 0 0 0 0 0 0
1.92267485605033 1.22367915088205 2.29252376043144 0.34547311657629 1.94711143596693 3.30478432606925 2.48895006249379 1.30769406899059 1.67920460819568 1.13232022603811 2.44613472739673 1.62192049646121 0.703437880341823 1.54925750541313 0.872519409620933 5.09605847738181 1.52732180098002 0.0140133196861306 1.39287858338278 0.255042110941996 1.26398210669969 0 0 0 0 0 0 0 0 0 0 0 0 0 0 0 0 0 0 0 0 0 0 0 0 0 0 0 0
6.53281632959595 0.134687480208273 1.24705196942594 0.600710325294592 0.931408186856612 0.297212227738169 0.723763137299147 2.15049211561062 3.99117942326304 1.30918529712028 1.33346609867147 3.78967277281534 4.48398054820477 4.58919837397092 3.20779622261648 7.38679138824692 0.562035480516097 2.47874424616986 1.98985643201939 9.54824879045449 0.724287744300795 4.12632410298715 0 0 0 0 0 0 0 0 0 0 0 0 0 0 0 0 0 0 0 0 0 0 0 0 0 0 0
1.80766340652289 0.503098960116373 2.12708727970814 2.78844022347472 0.081394064893829 2.02768750401648 0.578666500029788 0.497508818814662 1.02265324126292 1.96750992591615 0.418553954162242 3.81660344836919 1.53525757801222 0.649537896781758 1.60525929109119 1.52093648625053 2.76716491221008 3.34253283321309 1.9412009670254 0.159348033689954 2.00386373470023 2.1859965661066 4.15783222354463 0 0 0 0 0 0 0 0 0 0 0 0 0 0 0 0 0 0 0 0 0 0 0 0 0 0
3.80859055923581 2.20419551040239 0.590213953133804 1.39445888567115 3.52999735132167 0.107206001474973 0.303243338154847 5.90599078903218 1.69714467595801 2.8583088816263 0.108620700510346 6.34428509064609 1.30885668991105 2.92233302786444 2.36570009414921 9.37681412789718 0.484145780725217 2.20882727784209 0.156699091562487 1.28470940752566 1.39329357716938 2.25115367717892 0.875995178818107 0.0544768549953614 0 0 0 0 0 0 0 0 0 0 0 0 0 0 0 0 0 0 0 0 0 0 0 0 0
2.01227265459323 0.856100825434881 4.26034446282821 2.1478905711058 2.61198416805936 0.16317442721281 5.47422529158646 1.21199376040439 10.9789760649208 3.67192766696822 4.50941072872508 0.488704338590732 1.02041500502196 0.749830127401095 3.57770974220195 0.190580453747982 0.214375830079855 0.846129603375222 0.714595984555371 2.43639509150374 0.218057701571617 6.30659806195524 1.18646067311113 4.29453824376016 1.21914831903535 0 0 0 0 0 0 0 0 0 0 0 0 0 0 0 0 0 0 0 0 0 0 0 0
2.94720043437542 4.00668403794382 0.376011060748257 1.59892466299164 0.490456785032635 2.4857952334024 0.453293113400877 1.81499259743699 0.112956136400093 0.474582151012105 0.387755247210306 0.615827494132233 1.68852679947581 1.07553280091379 0.135177884373075 2.47883958292233 1.06853272117091 4.01005967633437 4.97786719517749 1.71975119020148 0.567229898807985 3.52325693357783 4.37817694711997 0.371878293248744 1.25439425801264 4.62771094134383 0 0 0 0 0 0 0 0 0 0 0 0 0 0 0 0 0 0 0 0 0 0 0
1.71311428962811 4.48329308140722 1.96397600761862 5.89143007242334 2.44576873824957 0.924355365834305 3.53455570158148 0.0118317096020086 0.209022657475711 3.07865524953715 5.22512726638163 3.41463938821399 5.57243669063823 0.440156547573347 1.90013800511902 1.65914840228723 3.2472738439011 9.78972872201482 7.34613153106934 0.488780005492499 6.23004915292336 2.66241930576526 6.29986858951161 0.161028014837121 4.15849838065163 5.224972810184 1.19085985619535 0 0 0 0 0 0 0 0 0 0 0 0 0 0 0 0 0 0 0 0 0 0
5.66283403125145 0.049689294265601 0.0866178027585917 1.28864568207659 3.96529380204787 0.414040567693599 0.0576499201283271 2.9120711817104 0.256972331927024 5.21969995007581 1.53181867395303 0.85616317858165 0.0718731044430325 6.308228899123 0.205520809494257 1.94118420944551 0.160715721936595 2.33213269970091 1.13663962642569 3.16932130802865 2.46485678169191 2.04181807408839 1.8491703529193 1.63527589678331 3.79728999055021 3.36772398332393 1.38159495774333 4.6268026810467 0 0 0 0 0 0 0 0 0 0 0 0 0 0 0 0 0 0 0 0 0
0.197305674367535 2.60392746646034 1.88072388278892 2.98172215081041 1.81401772353126 0.239559265653252 4.92990777773464 0.210219125157274 8.93735051879218 4.16610004533905 0.745623875271057 1.0511573226891 4.42188681358935 2.01149910939261 0.270923226700523 3.57182473230534 0.198807314483631 4.75576656515975 10.6816855658068 3.18290176540933 1.27892361343648 5.03583644703855 1.32718774375912 4.09591276729073 1.79511666228848 7.92426870945836 3.63346551358154 1.87300379075497 2.54769834581447 0 0 0 0 0 0 0 0 0 0 0 0 0 0 0 0 0 0 0 0
1.69072293734001 2.70526329612833 1.77428213037581 0.232319229882166 0.715977664257376 1.12532693849803 4.58289490539584 0.441028725960756 3.18742496847097 5.29856410931184 0.915913057436231 4.11112641822922 2.07243275636121 3.63210258290114 4.4678213626341 5.07359303369592 0.0536661021611726 0.000669590281726377 2.00974442771757 4.31848264738213 0.23348526575007 5.94021422615968 1.53435341486744 1.94198428525154 0.287936548223262 3.6165017528272 0.532084910589817 0.0407919002363574 2.78748590203463 2.11760363904167 0 0 0 0 0 0 0 0 0 0 0 0 0 0 0 0 0 0 0
1.65834965186856 1.50931336982582 1.56816492244365 2.9537707493332 3.96569920966599 0.925220838889575 2.80960078578993 1.67087140916443 3.13795051474008 2.5016795535286 0.512458884328553 2.58184114438502 3.39375951896834 1.44500000130841 2.88575892202199 4.23454170415166 2.82265461624313 1.91728890432919 1.1176143792322 1.00878406546017 1.15757602099335 3.20442345817073 2.12169444402531 5.92133225988827 0.468637951782045 0.679723692923389 6.79523780539139 1.07555747688939 7.03668191927912 0.148809730923921 1.37696520024197 0 0 0 0 0 0 0 0 0 0 0 0 0 0 0 0 0 0
1.07102577953012 2.48730273235958 1.49963438359973 0.900564720080803 9.57940891784992 5.10423206352064 1.65761605639343 0.0567658257950928 5.72407546350183 0.872332497366459 7.28619013230008 1.94421435043256 2.32909663403225 0.951989302459438 0.321575631801842 3.4882824804655 0.0363648238052438 5.43794946814974 1.57044413414603 0.872761503599663 0.0420964446982243 0.312908006729993 2.51289810569705 2.52368218399707 2.94348450900356 2.44471259796463 0.302278837145147 1.92419922364441 5.25429551260613 3.607132870178 5.83196510501134 7.95747768129762 0 0 0 0 0 0 0 0 0 0 0 0 0 0 0 0 0
1.51889917344483 0.143374493991939 9.09991223384411 1.71953825540383 5.10528746346387 5.99486663657039 2.29113482953911 0.0342848369862126 2.79157890393359 1.31454421803328 2.24568107815329 2.26838664181491 2.20837752266441 5.19232475788152 3.72864072829602 0.507323192922406 0.74014179091722 0.383634653732046 3.83311051395682 0.973788304449785 1.54712613368107 1.67209885521199 0.212344897815544 11.1592224062838 1.20632347045819 0.24194466725958 6.48206512572593 0.902064576104738 22.5879704618186 5.00431134101029 6.8500923949607 0.932337839709677 1.20736689555627 0 0 0 0 0 0 0 0 0 0 0 0 0 0 0 0
0.916973252817446 0.154529618785889 0.397374497994045 2.3639739120364 2.62265890468872 2.04329086803857 0.303078938845445 2.17913152626231 1.75696001359762 1.77758445008998 0.494586323857839 1.05811146127189 7.89942159825075 2.61385280940075 0.995611750763576 1.76597898878256 1.23963200701078 0.623010445826039 4.80243303575172 0.443741549557733 2.41627727081332 2.42701381528744 0.453956802906199 6.05216657444192 1.91954829513202 1.96199315582378 0.412672401538114 8.56901393646847 0.528235215159596 2.2920911829832 0.798059269167934 4.68561088320631 0 0 0 0 0 0 0 0 0 0 0 0 0 0 0 0 0
0.275150236331751 1.3797387292221 1.47099474374813 2.08711713354923 6.16997720079179 0.595130586347846 2.94090726720941 3.74591991445233 3.12829331411745 1.69138767795919 3.94975876496803 0.772504251733134 1.7334912264441 0.658678881500856 0.764314618140696 3.53970127441239 0.888321425865616 2.36864883887429 0.25834237664608 3.90544271886662 1.01936056162043 8.09146597611864 1.21513579136656 0.98907809928254 1.20235632226767 0.479235832703395 2.7416437938881 0.271800784948694 2.95688534351383 3.21623984382703 0 0 0 0 0 0 0 0 0 0 0 0 0 0 0 0 0 0 0
3.91851922774636 1.84892203343355 0.290426333876332 1.93112519287193 0.837274906293257 0.969487293925149 2.79769572488601 2.48693706261207 1.25294783436563 0.20673531046664 2.38736020100748 5.15430135902773 0.0839537944978004 2.7014453728032 1.75929599368641 1.85877984222294 1.56435792851216 0.675364057674884 2.83006075736127 2.64242665310114 7.09882119447044 0.204648397684191 3.11561153082409 2.27149929934815 0.0408216953057438 0.107514265537993 2.11978163697202 9.59175949034681 0 0 0 0 0 0 0 0 0 0 0 0 0 0 0 0 0 0 0 0 0
6.17366990765544 2.29624763655869 6.94073284062977 0.0236204475087491 3.71393840806776 1.6953823760241 0.777411127917907 1.80508320386245 6.5162284340567 6.89597869482573 1.00166121887258 2.22939927105834 0.0419841841503495 7.32027412731797 3.23837763144287 3.41480893429663 1.26095650709163 4.92827349751059 0.81565826945814 0.842009202999591 0.760232970493831 0.0601605734786576 1.12665269030816 1.62608004276148 5.55881834730901 1.01480528756202 0 0 0 0 0 0 0 0 0 0 0 0 0 0 0 0 0 0 0 0 0 0 0
0.654679800179211 9.41156858453633 0.74283142265624 2.04049856194821 6.23621139636495 1.73436029497063 1.70249280678542 0.876799657247108 0.406094340320916 1.30828959945374 2.60043447526493 3.87800685104373 0.462888535801803 0.398233158156417 1.85716731054037 0.73791767591375 2.81774532438061 2.84186295705523 3.94793726270489 6.90703716355942 0.660196152280483 1.87029965331091 0.0688509405302638 2.4352116957747 0 0 0 0 0 0 0 0 0 0 0 0 0 0 0 0 0 0 0 0 0 0 0 0 0
9.13440467410736 1.20015054842738 1.34541710714952 0.248043040074535 0.544957272029264 1.64362273912654 1.68176169637043 2.12474330145608 0.341576861568205 4.26796542830172 0.510627999418459 2.51394070735801 4.01279849913546 5.83095721804053 0.385697797645493 2.1063641825634 1.81502509396619 0.145054917998834 4.7985939781401 0.454538451209994 1.76697997175788 3.27042962647528 0 0 0 0 0 0 0 0 0 0 0 0 0 0 0 0 0 0 0 0 0 0 0 0 0 0 0
2.46977217694824 8.41878247617331 0.897502049892246 2.13752365723213 0.722794658200081 3.2419126777114 0.749935993025296 0.219648352457875 1.97478642211663 6.11347949628219 1.6890779355582 1.16755850941301 0.73711945359662 2.75487486204761 4.9195981306634 3.90081458958554 1.35835707281329 3.20873586459482 0.232867571137923 3.01018025292355 0 0 0 0 0 0 0 0 0 0 0 0 0 0 0 0 0 0 0 0 0 0 0 0 0 0 0 0 0
0.662745998117526 5.18330829977215 1.53518271924983 4.11523673109431 4.27967930016232 0.346571005539452 4.79813933360737 0.110819805559123 1.81028940946801 4.50250133232239 1.42835846625787 2.78016918654131 1.36980618502387 2.02710398254082 3.13045949334562 2.81785316289238 0.32931001877166 0.0303904343893165 0 0 0 0 0 0 0 0 0 0 0 0 0 0 0 0 0 0 0 0 0 0 0 0 0 0 0 0 0 0 0
1.93097393170699 4.25352000937247 0.538709358094814 1.80073653554699 1.10606498924367 0.16966794876236 1.33232586954461 2.67830406106463 5.34921520910567 2.26805782583054 1.60354511158607 0.55285065123733 1.09311683776753 1.3368487071877 1.75964049046226 0.101678098261534 0 0 0 0 0 0 0 0 0 0 0 0 0 0 0 0 0 0 0 0 0 0 0 0 0 0 0 0 0 0 0 0 0
0.668856856138233 5.10438212153067 6.06639835418804 0.504531783510402 0.406093542134954 3.82824671551249 3.60444155480595 1.38893160513468 0.321459551158799 0.477428188602464 0.21320499341414 1.47665558278082 0.896850990782811 0.777386095044401 0 0 0 0 0 0 0 0 0 0 0 0 0 0 0 0 0 0 0 0 0 0 0 0 0 0 0 0 0 0 0 0 0 0 0
0.971674144759985 1.93002099731124 2.83591126077935 2.19623555151744 1.63660116299961 0.595800699617489 4.67023488847739 1.41357461979971 3.49077012407326 0.0350851529760304 0.358524685835103 4.2782149375555 0 0 0 0 0 0 0 0 0 0 0 0 0 0 0 0 0 0 0 0 0 0 0 0 0 0 0 0 0 0 0 0 0 0 0 0 0
6.25203938425566 8.23865656714637 0.68000996226372 0.53377860737339 1.48224774560988 1.45770208935394 3.6976348042247 0.0698029505284309 1.19282374973422 9.72783024719007 0 0 0 0 0 0 0 0 0 0 0 0 0 0 0 0 0 0 0 0 0 0 0 0 0 0 0 0 0 0 0 0 0 0 0 0 0 0 0
1.18639627758209 0.969211605738704 9.28149917282806 0.827616404538385 3.36853119994371 4.75872016531079 2.32593818360203 1.81302727193306 0 0 0 0 0 0 0 0 0 0 0 0 0 0 0 0 0 0 0 0 0 0 0 0 0 0 0 0 0 0 0 0 0 0 0 0 0 0 0 0 0
1.87517761327362 0.0960767136837042 1.18061901040599 7.03812078632108 0.321238452562461 2.49971117229949 0 0 0 0 0 0 0 0 0 0 0 0 0 0 0 0 0 0 0 0 0 0 0 0 0 0 0 0 0 0 0 0 0 0 0 0 0 0 0 0 0 0 0
1.01542288398781 0.369363050284786 1.0376718798449 1.30742564506578 0 0 0 0 0 0 0 0 0 0 0 0 0 0 0 0 0 0 0 0 0 0 0 0 0 0 0 0 0 0 0 0 0 0 0 0 0 0 0 0 0 0 0 0 0
1.2801033715746 2.40628379617111 0 0 0 0 0 0 0 0 0 0 0 0 0 0 0 0 0 0 0 0 0 0 0 0 0 0 0 0 0 0 0 0 0 0 0 0 0 0 0 0 0 0 0 0 0 0 0
