4.83151830844995 0 0 0 0 0 0 0 0 0 0 0 0 0 0 0 0 0 0 0 0 0 0 0 0 0 0 0 0 0 0 0 0 0 0 0 0 0 0 0 0 0 0 0 0 0 0 0 0
0.611955072714008 4.17035767219964 0 0 0 0 0 0 0 0 0 0 0 0 0 0 0 0 0 0 0 0 0 0 0 0 0 0 0 0 0 0 0 0 0 0 0 0 0 0 0 0 0 0 0 0 0 0 0
0.738602666615092 1.78325499056055 2.03031762668419 0 0 0 0 0 0 0 0 0 0 0 0 0 0 0 0 0 0 0 0 0 0 0 0 0 0 0 0 0 0 0 0 0 0 0 0 0 0 0 0 0 0 0 0 0 0
0.139904617557791 0.964121287670441 1.97779107375966 9.543882518699 0 0 0 0 0 0 0 0 0 0 0 0 0 0 0 0 0 0 0 0 0 0 0 0 0 0 0 0 0 0 0 0 0 0 0 0 0 0 0 0 0 0 0 0 0
0.0967842321392314 2.47604236545002 3.71299947601725 0.557094564779686 13.5615234680843 0 0 0 0 0 0 0 0 0 0 0 0 0 0 0 0 0 0 0 0 0 0 0 0 0 0 0 0 0 0 0 0 0 0 0 0 0 0 0 0 0 0 0 0
1.12451267515217 7.52641978883879 0.991325484557193 0.187395360544316 0.441035216881297 6.31932917571942 0 0 0 0 0 0 0 0 0 0 0 0 0 0 0 0 0 0 0 0 0 0 0 0 0 0 0 0 0 0 0 0 0 0 0 0 0 0 0 0 0 0 0
6.46589139685068 5.2952885042985 0.303193354097637 3.73661817556695 0.743229882381706 3.97070415007202 5.49942054738051 0 0 0 0 0 0 0 0 0 0 0 0 0 0 0 0 0 0 0 0 0 0 0 0 0 0 0 0 0 0 0 0 0 0 0 0 0 0 0 0 0 0
4.31163513219814 0.522298209150709 0.514581797511524 4.93704503347239 0.612274466966631 2.27087947686509 2.06653721504335 0.031582750208677 0 0 0 0 0 0 0 0 0 0 0 0 0 0 0 0 0 0 0 0 0 0 0 0 0 0 0 0 0 0 0 0 0 0 0 0 0 0 0 0 0
0.101511234183371 8.50882280795792 0.902088701873436 0.238884019157215 0.621582475892915 3.52802510947341 0.0591790746441721 0.63131593682889 0.193094637685935 0 0 0 0 0 0 0 0 0 0 0 0 0 0 0 0 0 0 0 0 0 0 0 0 0 0 0 0 0 0 0 0 0 0 0 0 0 0 0 0
0.257638409134719 1.50441978896156 2.35145845398432 1.77230767089387 0.508987322070652 0.614258077363076 0.626471817609121 1.50994577039646 0.0754312981786495 2.4151609412783 0 0 0 0 0 0 0 0 0 0 0 0 0 0 0 0 0 0 0 0 0 0 0 0 0 0 0 0 0 0 0 0 0 0 0 0 0 0 0
1.39292118434917 5.06573367578386 0.651720095705474 1.83159922897068 4.26296409926397 3.43989058591495 0.595821541128391 0.368022009637353 3.36603785209217 2.35064587098821 1.38720780506724 0 0 0 0 0 0 0 0 0 0 0 0 0 0 0 0 0 0 0 0 0 0 0 0 0 0 0 0 0 0 0 0 0 0 0 0 0 0
0.0949757050109052 0.268146844839743 2.63811862749217 1.75827029131034 5.08992450692875 4.04327096366844 1.7118828259612 0.137973571440737 0.443932462273657 0.106723124334602 1.79866610072362 0.120322936964336 0 0 0 0 0 0 0 0 0 0 0 0 0 0 0 0 0 0 0 0 0 0 0 0 0 0 0 0 0 0 0 0 0 0 0 0 0
3.03477364104435 0.845629498864523 0.257508028278261 2.9907257884711 0.753687073913207 0.517379973214339 4.08039602523774 7.88059007103276 0.141873500546902 4.4393917458473 2.85066997407636 0.61198737643924 0.59189199954432 0 0 0 0 0 0 0 0 0 0 0 0 0 0 0 0 0 0 0 0 0 0 0 0 0 0 0 0 0 0 0 0 0 0 0 0
0.345739661284099 2.77689348680165 7.94903700933129 0.711286150067908 1.03677489125349 1.35493177741902 0.673814252821543 2.26445079779733 2.07145645169299 2.22878206352167 4.62472446485147 0.310517064158465 3.66431359764175 0.950413592495906 0 0 0 0 0 0 0 0 0 0 0 0 0 0 0 0 0 0 0 0 0 0 0 0 0 0 0 0 0 0 0 0 0 0 0
1.60161335291011 0.855566749348603 1.05201425093601 3.88224852827921 3.10447534864634 0.214160611381251 1.77430143564428 5.7691242603473 3.36348804161519 2.91425660239985 3.61097995227798 0.344718139703736 2.9256007663268 7.20251713584667 5.76223697062862 0 0 0 0 0 0 0 0 0 0 0 0 0 0 0 0 0 0 0 0 0 0 0 0 0 0 0 0 0 0 0 0 0 0
3.69657470902451 1.83257520465116 1.13525234889918 0.915407603137595 0.256316006358261 2.30102033059884 0.216289846260668 0.147822214877721 4.24148758001814 0.322644847652222 0.883987127517786 6.01467996914311 2.3309617116335 0.902007359231008 0.265290368486203 2.6547384961428 0 0 0 0 0 0 0 0 0 0 0 0 0 0 0 0 0 0 0 0 0 0 0 0 0 0 0 0 0 0 0 0 0
5.48941723179526 1.68038291068032 0.158982478219536 2.474900349215 2.13384949601281 1.8761661288692 2.0772936181623 1.51032061333783 8.91660676490191 0.82580668175021 2.60202989318613 0.918202618985749 3.35747173801019 3.06684447310192 0.953560082230426 3.42698400241713 0.648132307387016 0 0 0 0 0 0 0 0 0 0 0 0 0 0 0 0 0 0 0 0 0 0 0 0 0 0 0 0 0 0 0 0
2.76857835792003 3.97702014035866 2.85003840956602 0.208701163760096 0.116159440582001 1.37961814026268 3.98964216913815 5.70544227054205 0.139173045721198 10.7827898934385 1.1274704636303 4.13886323260033 0.918525826904846 0.730880562556097 2.70685549937236 0.72077697138237 1.57344753344283 1.99346704303133 0 0 0 0 0 0 0 0 0 0 0 0 0 0 0 0 0 0 0 0 0 0 0 0 0 0 0 0 0 0 0
0.945686632721191 6.20360742351009 0.19726549774489 4.7247379783757 0.85206056387497 0.795186488993485 2.92789086924553 0.980888746879302 7.25171765546129 0.40942543903841 1.9092941181067 0.769192871064986 1.372072672574 5.58259123271216 0.309895635641692 0.837063469101957 7.57142707677548 3.19046505203295 2.05773869161455 0 0 0 0 0 0 0 0 0 0 0 0 0 0 0 0 0 0 0 0 0 0 0 0 0 0 0 0 0 0
0.601630751502989 1.85035979810722 1.73999321515573 4.82276170614311 0.467118293231009 1.12080576635525 1.09464839639254 2.27885303150848 0.540869199177152 3.59531329965709 1.21090021521814 1.15054057994353 1.82584356006526 0.224355443349052 1.67175108696938 1.86790146028378 0.115901960294578 0.713233398593723 0.686332520661843 0.139036686799093 0 0 0 0 0 0 0 0 0 0 0 0 0 0 0 0 0 0 0 0 0 0 0 0 0 0 0 0 0
0.0290245348985672 5.08796400828017 0.500961950383586 2.1555625493802 1.39984887589956 4.95805315805907 0.830260554753965 0.0591552180441305 5.92803494014696 0.75113602148924 0.360751881867179 3.27231638213527 5.96599142180125 3.5834030330996 1.06872080082744 7.121043447035 1.21561727754295 1.72582451574834 2.44880725869241 1.30356538648256 2.84923893215691 0 0 0 0 0 0 0 0 0 0 0 0 0 0 0 0 0 0 0 0 0 0 0 0 0 0 0 0
2.27316388279692 3.68823508837304 2.84687969138044 6.00041454775038 1.01510259075445 3.58014682274141 0.146629477215144 0.750830286898257 0.127536523929541 3.11823476702932 0.149240006963529 0.466095799157497 0.0611285672728413 1.96820690862576 2.77289525901946 4.0765747644662 3.31288192759446 0.860207510519201 1.43149238835527 0.0253043606249091 2.41977393256417 3.12308642921783 0 0 0 0 0 0 0 0 0 0 0 0 0 0 0 0 0 0 0 0 0 0 0 0 0 0 0
0.559237025861504 4.12862594307562 0.119401579533899 4.35665099537575 2.96446724821071 0.752658825562468 0.819125878064593 3.55753970228195 8.29491059972256 0.648948618499682 2.86712464169981 0.90142591020213 0.822895055906133 1.07224988538605 0.999570635064264 0.506393711445391 1.1798945533371 3.26015323185383 2.2624810303161 0.0680147225634209 1.58004159221953 2.45741414139416 0.736901419496648 0 0 0 0 0 0 0 0 0 0 0 0 0 0 0 0 0 0 0 0 0 0 0 0 0 0
0.611940079926168 9.34965843399862 0.600089739339664 12.393463899144 0.583216919176866 2.67392112218605 3.06550016565475 0.76825879882282 2.4277966602219 0.638416490128355 4.29029322960907 9.93934383985795 0.367991103517605 1.8027979671574 4.30016903053592 0.0588576911974488 3.09833199721389 6.27148102635472 0.519822808418168 2.05766892686842 2.36568213589295 4.18283330977835 2.24189468303751 3.3761379889795 0 0 0 0 0 0 0 0 0 0 0 0 0 0 0 0 0 0 0 0 0 0 0 0 0
5.8625982500835 4.98131367385244 2.2804813419378 1.51894861022643 0.549102284972842 3.08089972417583 7.06680600563617 0.0753640486687261 4.63948532123252 3.01383490999453 8.17156276770114 2.25460741273626 1.06793753822015 0.492868486554354 0.392010396070178 4.53276479408911 1.2324855908772 3.03441406940901 0.302760846199452 2.79102989523998 1.28822067804279 0.823761714967031 2.94414031349127 1.17082706518064 0.420966764196654 0 0 0 0 0 0 0 0 0 0 0 0 0 0 0 0 0 0 0 0 0 0 0 0
0.808746041432114 3.09489222271386 0.799372838512898 7.67208867409566 1.38297241501288 1.40886920079447 0.868822494710296 10.2113504489054 0.145033047313904 0.407810971515593 0.425724925613141 1.09217418461736 0.618621035950849 4.16172101764787 0.739408277610318 4.42462418777005 0.648241679970347 2.23006147428961 4.95779389005901 1.8756038735458 0.935719574643527 2.0849528270918 0.312823402236272 0.310593678194473 1.17249820966302 4.482844815552 0 0 0 0 0 0 0 0 0 0 0 0 0 0 0 0 0 0 0 0 0 0 0
4.11612322327864 0.469637555128221 4.13519980548194 2.53617849959312 1.93633492818245 0.102223273451483 4.29065226649946 0.745166337434275 0.263095973088296 0.636765896658734 2.94399404095054 5.49002457409429 0.870110344381743 0.636950988591551 6.23081977480971 0.385791611412695 4.73983694802441 1.03955972316714 0.329191587227606 0.600872080798208 1.79675043926411 3.36118778954525 6.20904299060256 0.435899573974726 1.16579956415061 0.724362540160295 0.737326081499894 0 0 0 0 0 0 0 0 0 0 0 0 0 0 0 0 0 0 0 0 0 0
1.5206299115287 0.711048114318129 0.788155990064033 0.658308364350161 0.407266924634763 1.10056411163101 1.10508537935705 0.905278789348921 6.12814110798042 1.62878412980683 0.377948796193974 0.667499987771255 1.85774556241699 1.21441770670531 0.694694461855944 0.212160636704109 4.57165634796143 9.9329013587504 0.450374138810512 0.218437067844086 1.75915126526063 2.80630605253191 1.51496550045153 7.70914343836066 0.687325459722501 7.30021798920544 0.600571914772506 0.766991060107235 0 0 0 0 0 0 0 0 0 0 0 0 0 0 0 0 0 0 0 0 0
2.39726075812987 0.0448458925604687 1.24669435682656 0.351656978719271 5.49904478248199 0.609247359218148 1.13361716626889 2.98384269314644 0.407481744323109 0.88125054894825 0.791795791318184 0.00360328356847619 3.97086277291467 1.61154004340478 2.91716178935491 5.25494152222589 0.122168342279662 1.86050581930833 4.73240257471858 2.91163128624513 5.523835095208 1.41051827030603 12.6457796178178 0.226040978681292 1.43155611129002 2.54548687629102 1.13613029117094 0.0900088930225735 0.682130550277993 0 0 0 0 0 0 0 0 0 0 0 0 0 0 0 0 0 0 0 0
0.296208230735544 2.33090359583366 1.88163840126699 1.61821381924645 3.66070138935016 1.10881508266809 1.41581008332152 2.72406267090945 2.47174698079204 0.390727975449121 2.52816361707942 2.62983471971506 2.43230869795808 0.387209832673146 1.78523547844641 0.594684401171572 2.06188917165571 1.09165938976839 0.579773339179078 6.33807059770977 1.95146180949809 3.23281455547331 0.03197696846422 0.0360535764477 0.0425493356316599 1.48225843398263 1.95263175435633 2.41420941268192 1.73710347084844 1.28422070482795 0 0 0 0 0 0 0 0 0 0 0 0 0 0 0 0 0 0 0
1.72702257551897 0.426127125318014 2.18583940124704 2.23615917469049 3.67597460613807 5.19368691166129 0.69438476607111 1.29368165713094 1.04430341920308 7.63869702116379 2.7291037855326 1.78402309376796 0.130850163084214 1.07554525982621 0.295460033577064 0.176615026347789 0.573957481068954 0.646474413792629 0.595979095321556 0.215288774281113 1.14202390314478 1.07144024002863 5.07732261609552 2.62929942583522 2.35663908083479 0.0989595762719677 0.0740241099035017 11.5335645069622 0.660915355700684 2.74279723656636 5.62001808394669 0 0 0 0 0 0 0 0 0 0 0 0 0 0 0 0 0 0
0.000706901300587703 0.89782280477478 0.516221740574863 1.21702650129366 0.981825979782724 0.477587973196818 4.34413157204953 0.137097855886669 1.41886159422821 5.10046630665666 0.316099164163069 9.48757025857227 2.35090153044246 2.5314437715352 3.01015684227502 0.46264825886815 2.64370887477293 2.0553869427088 3.70206211205171 3.12378761118178 0.431503775693142 0.0473958574593544 1.83617032017555 5.24006554633989 5.26474653404485 0.22281105368403 6.57389078343365 0.127886322124103 0.216806707282675 4.45489748272959 0.9855733236065 2.20486298973651 0 0 0 0 0 0 0 0 0 0 0 0 0 0 0 0 0
5.50439338090839 0.366384435171522 5.29914885684273 0.0241909743370834 4.87526610692452 0.974754550342671 0.717301553730477 5.60912684491751 0.420688873107708 1.14764198535411 1.38166163566678 4.12351084248584 2.35011900499876 1.98579357637246 1.95014533653568 0.620108150027812 4.29380032283668 1.4408704409467 1.25206430264921 0.374869217621975 0.987098357214599 0.804155327584871 1.18541607350989 5.77299276170076 0.852510137506107 2.19945818348128 1.63179331699748 0.277899867721283 1.12409520364482 3.21137265314701 3.17509866397378 0.578262466532215 0.830376977698587 0 0 0 0 0 0 0 0 0 0 0 0 0 0 0 0
0.154044610198734 1.14345608871828 0.457762460533246 1.86121291329372 2.69706983355468 0.304888975927415 1.06227895655567 1.86373632263952 4.51708154563717 4.24460643870766 0.7994564144359 0.143478999863329 1.56709964656987 1.05748577415138 6.46947841761094 7.79450459740579 1.39338126701776 3.27500459831239 1.11701576500916 7.40556721093599 0.0688703792072933 1.71795543283328 0.297641824533354 1.52252957373233 0.469906005241343 1.41625336498096 0.940122295416066 6.44310857246489 1.23672666437833 0.579755470431228 2.07773499353601 13.1620106518786 0 0 0 0 0 0 0 0 0 0 0 0 0 0 0 0 0
2.24088148044189 4.28056865297017 3.26632349254737 0.693830546881435 2.9944164200936 2.95151787346352 4.20323156035713 0.331827638215136 1.37624012011407 0.108144274061622 0.603649805660531 3.74785551995078 6.17390724828497 0.645707404140665 6.97292125782776 1.41000016308331 2.14203828361583 6.77251952000672 0.472345773023337 2.38911137418287 1.1229161514695 1.01604316994225 2.65127346095535 1.62606202645417 0.360082175223664 0.513862499747186 0.195017851349046 1.00554143980771 0.177572975474805 1.29115999720493 0 0 0 0 0 0 0 0 0 0 0 0 0 0 0 0 0 0 0
1.54288262554673 5.38510946701796 0.398571669364737 0.157744090217195 4.17632426696007 6.58990561838775 1.14419137793436 1.18769154592497 0.839686698234954 2.35467743401494 2.83768615744537 1.8879248475856 2.80970044832651 0.0674006824794781 0.601678499389586 4.74072442156682 2.15881310864749 4.96686330093528 4.88410757548742 1.83650348712641 1.46806942539428 5.07282332132304 3.27336487609655 0.928512892113648 2.54272664919663 3.48225825868873 4.1673731256192 3.11723492599436 0 0 0 0 0 0 0 0 0 0 0 0 0 0 0 0 0 0 0 0 0
4.07738892613277 1.84728994875391 1.74581184907251 0.532157363610267 0.747724364845235 2.04778087654384 1.16272313002911 3.44912307976629 2.4146974526722 0.904030094067578 6.97944851294946 0.194264807565982 2.48618078319099 0.250518667143007 0.861820376753134 1.59469894876545 2.18756442398075 5.40719735344906 3.18260372349015 1.91746959740943 1.48928264516884 3.47809572857658 1.60797487237199 1.87706442514284 3.52832706109563 0.422546196132532 0 0 0 0 0 0 0 0 0 0 0 0 0 0 0 0 0 0 0 0 0 0 0
1.05851925116725 0.570994318280381 3.46160707726594 3.56933128097248 0.695362940862931 0.185883857518258 1.98718936958522 5.75706118827165 1.22521578316706 1.61511772661544 3.13333552165242 1.45237980706089 4.43292470709354 3.97623159384589 0.601023747093322 0.59752798118234 6.62917111488427 3.1540114502811 0.819579963989267 3.41716052244431 0.567707383848337 1.09264148524961 0.985072496713622 0.327357822643245 0 0 0 0 0 0 0 0 0 0 0 0 0 0 0 0 0 0 0 0 0 0 0 0 0
0.143829472398687 0.447719684230033 4.95127856273607 0.381535188909446 3.06144225070526 0.0929628013263633 0.509586019244605 3.88122451655298 1.00917951427427 0.83427867073329 3.31414380843026 1.30551388319438 6.2417797608857 0.426671048385014 5.42899194449338 4.47822777277278 0.739217692209305 2.08313888085143 1.52415858109065 2.37050471606573 1.17647372346219 3.0817414261918 0 0 0 0 0 0 0 0 0 0 0 0 0 0 0 0 0 0 0 0 0 0 0 0 0 0 0
6.78097948634467 0.0137062768727304 1.07953088445103 1.08517897244928 1.05376211902717 1.26125457162227 0.449554692021854 6.78457631435672 1.7248701746965 2.75084530671887 1.29228010963612 3.10698763582046 3.90840220359081 1.68062658405643 0.567204110786762 0.374120053054241 0.592289316234533 5.21965233968146 0.388864400903247 0.552606581059955 0 0 0 0 0 0 0 0 0 0 0 0 0 0 0 0 0 0 0 0 0 0 0 0 0 0 0 0 0
1.29071116415043 0.166515589201589 3.28661948846439 0.565511940660525 6.52052807872514 1.45356594297307 1.08364320261624 1.39518727843513 2.45108810464685 2.06020630687075 4.81891926163091 0.357042405533955 0.00748529789281967 0.945458554748054 1.17519115417447 2.67150339662972 1.15419536702894 0.490275741505779 0 0 0 0 0 0 0 0 0 0 0 0 0 0 0 0 0 0 0 0 0 0 0 0 0 0 0 0 0 0 0
0.487538183101732 1.35757391654508 5.30454594113319 0.0174364483580169 0.632227357319913 2.35159432761332 3.24127418993284 7.25812897822113 2.30159741850858 2.14218553641159 1.62915012664047 7.05907933823745 7.03952195541096 4.86080003241029 0.883016526045825 1.12026644623838 0 0 0 0 0 0 0 0 0 0 0 0 0 0 0 0 0 0 0 0 0 0 0 0 0 0 0 0 0 0 0 0 0
0.705194362469841 5.60588498798676 2.42893157040078 0.0337520353352837 2.18535549369311 2.37060935524279 0.222342254171259 1.1941203536898 3.3670723835681 2.87050707693973 0.545583469046387 1.07047973138088 0.528238981426157 5.9494326521832 0 0 0 0 0 0 0 0 0 0 0 0 0 0 0 0 0 0 0 0 0 0 0 0 0 0 0 0 0 0 0 0 0 0 0
1.7961078330399 2.99781596565981 2.79136418045032 1.86296937703846 2.34686997545118 1.54984481402605 0.316234513192066 6.60872795935019 1.5870714626074 0.71631987216678 2.66725349285897 1.73861940643774 0 0 0 0 0 0 0 0 0 0 0 0 0 0 0 0 0 0 0 0 0 0 0 0 0 0 0 0 0 0 0 0 0 0 0 0 0
5.50034679172326 0.4023305186156 3.71476208711418 0.0528291391533952 1.28856114463796 0.136517613075558 6.87144912350461 0.142562278073881 0.78724831940857 5.04419857077706 0 0 0 0 0 0 0 0 0 0 0 0 0 0 0 0 0 0 0 0 0 0 0 0 0 0 0 0 0 0 0 0 0 0 0 0 0 0 0
0.198356978559402 1.40966091813529 1.0485128743246 5.80007739111946 0.274889153095624 0.101637542650539 0.441077542003653 15.3966742604203 0 0 0 0 0 0 0 0 0 0 0 0 0 0 0 0 0 0 0 0 0 0 0 0 0 0 0 0 0 0 0 0 0 0 0 0 0 0 0 0 0
5.82892976927114 1.5910388895996 2.1628882624543 2.5958096523847 0.860535366742531 0.112388429821487 0 0 0 0 0 0 0 0 0 0 0 0 0 0 0 0 0 0 0 0 0 0 0 0 0 0 0 0 0 0 0 0 0 0 0 0 0 0 0 0 0 0 0
0.29316703320846 1.18177321102115 1.1441358817702 0.953311291065981 0 0 0 0 0 0 0 0 0 0 0 0 0 0 0 0 0 0 0 0 0 0 0 0 0 0 0 0 0 0 0 0 0 0 0 0 0 0 0 0 0 0 0 0 0
3.58940942057352 1.58765354892695 0 0 0 0 0 0 0 0 0 0 0 0 0 0 0 0 0 0 0 0 0 0 0 0 0 0 0 0 0 0 0 0 0 0 0 0 0 0 0 0 0 0 0 0 0 0 0
