3.15375318095205 0 0 0 0 0 0 0 0 0 0 0 0 0 0 0 0 0 0 0 0 0 0 0 0 0 0 0 0 0 0 0 0 0 0 0 0 0 0 0 0 0 0 0 0 0 0 0 0
0.282120651753825 2.49584590004185 0 0 0 0 0 0 0 0 0 0 0 0 0 0 0 0 0 0 0 0 0 0 0 0 0 0 0 0 0 0 0 0 0 0 0 0 0 0 0 0 0 0 0 0 0 0 0
4.14613796011766 3.66730360387723 1.51888583832456 0 0 0 0 0 0 0 0 0 0 0 0 0 0 0 0 0 0 0 0 0 0 0 0 0 0 0 0 0 0 0 0 0 0 0 0 0 0 0 0 0 0 0 0 0 0
5.01464122239635 1.15411624777903 3.40520941398473 0.883194836251803 0 0 0 0 0 0 0 0 0 0 0 0 0 0 0 0 0 0 0 0 0 0 0 0 0 0 0 0 0 0 0 0 0 0 0 0 0 0 0 0 0 0 0 0 0
1.55458923224768 3.12207939334882 5.08425262475599 8.71897394447222 1.62660736038802 0 0 0 0 0 0 0 0 0 0 0 0 0 0 0 0 0 0 0 0 0 0 0 0 0 0 0 0 0 0 0 0 0 0 0 0 0 0 0 0 0 0 0 0
0.250662859959372 7.48731640288704 0.413077454081266 0.484015387714928 0.257897167902084 3.57553557005707 0 0 0 0 0 0 0 0 0 0 0 0 0 0 0 0 0 0 0 0 0 0 0 0 0 0 0 0 0 0 0 0 0 0 0 0 0 0 0 0 0 0 0
2.65396196658974 6.8376698502829 3.24656863912134 0.333694785857025 2.2525085466587 0.595814808375979 0.490878977395286 0 0 0 0 0 0 0 0 0 0 0 0 0 0 0 0 0 0 0 0 0 0 0 0 0 0 0 0 0 0 0 0 0 0 0 0 0 0 0 0 0 0
3.59772708942192 3.7101282028442 7.47827014160025 1.03343532912345 0.92484981472954 2.54047334936913 3.25860350882643 3.46888980632155 0 0 0 0 0 0 0 0 0 0 0 0 0 0 0 0 0 0 0 0 0 0 0 0 0 0 0 0 0 0 0 0 0 0 0 0 0 0 0 0 0
3.40042178135696 1.82430911897559 3.62585191217119 6.33704368607835 2.60164911489923 2.12331830208614 1.51343315527845 3.9551273853848 0.160642530206648 0 0 0 0 0 0 0 0 0 0 0 0 0 0 0 0 0 0 0 0 0 0 0 0 0 0 0 0 0 0 0 0 0 0 0 0 0 0 0 0
2.82988477898258 1.77118440239494 8.07978816309123 1.31471387670952 3.34441272202319 4.4181229431749 1.44603832826792 1.41049094501016 0.762952281257813 0.904810598714188 0 0 0 0 0 0 0 0 0 0 0 0 0 0 0 0 0 0 0 0 0 0 0 0 0 0 0 0 0 0 0 0 0 0 0 0 0 0 0
7.76101387019637 1.34683450158269 0.0466330387819563 7.35425801377135 1.35999918619559 4.55560065779755 1.78813312048778 3.06047224425374 1.14083463405952 0.554624881603569 1.77112721818717 0 0 0 0 0 0 0 0 0 0 0 0 0 0 0 0 0 0 0 0 0 0 0 0 0 0 0 0 0 0 0 0 0 0 0 0 0 0
5.34938350259989 3.45023023178934 2.7704360507911 0.767313602316328 0.944966006989086 0.189796690126057 3.94666409097521 1.15468546838583 0.00220183102985634 3.15251973033656 4.21263982245956 4.1259492237778 0 0 0 0 0 0 0 0 0 0 0 0 0 0 0 0 0 0 0 0 0 0 0 0 0 0 0 0 0 0 0 0 0 0 0 0 0
1.34283103919545 2.58360265801005 4.0064685706068 2.2757198604281 3.88049970222454 3.499377515118 1.35462475970604 1.37773856024209 1.07251166851845 0.208085982371606 4.48319519130934 3.16304127058292 0.114165194020953 0 0 0 0 0 0 0 0 0 0 0 0 0 0 0 0 0 0 0 0 0 0 0 0 0 0 0 0 0 0 0 0 0 0 0 0
4.34144870842499 3.7159309519437 8.15739458950956 4.34219037681336 2.41118242193746 0.223764915464878 0.823539586015034 3.00244403771401 2.48113504124977 0.598524594345839 0.282195720611561 3.13697530432757 2.55302379538047 1.15691731505488 0 0 0 0 0 0 0 0 0 0 0 0 0 0 0 0 0 0 0 0 0 0 0 0 0 0 0 0 0 0 0 0 0 0 0
2.35257106956547 1.04061131047753 0.332301453588235 2.44916055718109 6.84633136455261 3.02547014001333 1.71095162620255 3.14377832340007 1.28145150662394 3.48630568416542 3.83788454166836 1.67232870762279 0.180282656811084 2.75886657394669 0.563047756419796 0 0 0 0 0 0 0 0 0 0 0 0 0 0 0 0 0 0 0 0 0 0 0 0 0 0 0 0 0 0 0 0 0 0
3.0750403017923 0.333578079165119 2.8385026408286 1.22511718553067 6.70213682129379 5.40146101134092 4.18968762208077 0.230331913292112 1.28090590604617 1.69217168863008 1.64759707710231 0.00866079289621026 0.44300317124187 1.28685422909279 2.62592861601309 0.156632988281439 0 0 0 0 0 0 0 0 0 0 0 0 0 0 0 0 0 0 0 0 0 0 0 0 0 0 0 0 0 0 0 0 0
3.26559510175891 0.958190689769615 1.15731928516332 5.06369354500746 3.21335219488386 4.14446304331157 5.39728522141712 2.14581060884762 4.57099327603063 2.48656673465914 0.698044182945347 1.09972418128724 1.84580137419417 3.2042088520814 1.32791489917047 0.160082396054716 1.65367289530936 0 0 0 0 0 0 0 0 0 0 0 0 0 0 0 0 0 0 0 0 0 0 0 0 0 0 0 0 0 0 0 0
1.2997732922686 3.21702922202335 0.55213427660078 1.99895640500684 2.82367615774072 1.17455066126422 0.771327539891316 0.549835627914479 0.84923888707964 4.15021905410462 0.426554002273667 0.654919409439761 2.36007599237942 0.288372053252506 5.23203311819526 2.73704974015838 4.98285688348016 0.718248863470606 0 0 0 0 0 0 0 0 0 0 0 0 0 0 0 0 0 0 0 0 0 0 0 0 0 0 0 0 0 0 0
6.49943535600784 0.980232078204127 4.34042174539965 5.4750970731895 10.3056173358247 0.747044858339772 0.869547902406845 3.74780410564891 0.853180214330841 1.88193990913334 1.50526087409728 5.91822316951744 0.955229981800723 1.2621866635208 0.237263723644262 0.522638679061637 1.24465247417483 1.89358856910206 2.61788545938579 0 0 0 0 0 0 0 0 0 0 0 0 0 0 0 0 0 0 0 0 0 0 0 0 0 0 0 0 0 0
2.54000059283316 0.212414121518547 1.63554356288131 9.42185281346622 7.00695621739491 1.11704570394153 12.6326842341229 10.0381481115403 8.85149976719588 1.44963529600801 2.36153938091959 4.08861518227449 0.0839624167006981 2.95059411804368 2.75909347732542 2.01291120974562 1.22646015788975 3.22911782528557 1.73895074806098 1.65072087701173 0 0 0 0 0 0 0 0 0 0 0 0 0 0 0 0 0 0 0 0 0 0 0 0 0 0 0 0 0
3.32758504193459 2.08172549136403 0.481568858906318 1.12503224592789 1.38587481224878 0.423144381873254 0.159058737863193 1.54367146182815 3.36579972376111 2.13910409783796 0.372356658277868 0.313884038272506 0.946518247655442 0.0859468676330563 4.55949610693678 0.963385350086536 0.646566312131481 1.36332479724407 1.5264237237511 0.845923912255221 3.55069457449152 0 0 0 0 0 0 0 0 0 0 0 0 0 0 0 0 0 0 0 0 0 0 0 0 0 0 0 0
0.967447679021465 0.76577847237652 1.48573545867807 6.55602085402095 0.274158793937639 2.58167506918333 0.103361822916437 1.16887055650652 3.01258369186877 3.17448549724125 2.56671047834179 2.99295679097718 3.22745034165733 3.76002316216744 1.48365519923681 2.46319819384076 0.613401349312306 2.0270513485867 3.95218383451785 3.76377140337636 1.46229892815661 2.35709864291288 0 0 0 0 0 0 0 0 0 0 0 0 0 0 0 0 0 0 0 0 0 0 0 0 0 0 0
8.34005222422558 0.60887088851353 2.40069595333144 1.94703131227178 0.478731549604919 2.82642783981905 3.35800586640375 0.902913423634143 0.684862404048328 2.85220397375002 1.49571212223269 1.3411725498851 0.334770760534073 2.18776416620866 0.455722566738524 4.29598676535123 1.42215066483712 1.92562892667107 2.39851135405582 4.70590470650454 0.716969338184904 2.20794030694319 1.51055654208883 0 0 0 0 0 0 0 0 0 0 0 0 0 0 0 0 0 0 0 0 0 0 0 0 0 0
1.67492771317985 1.36362656023345 3.35511617613959 1.98744442710286 24.8395169133345 3.86415463323058 7.1702385793109 1.32416053057372 2.12911427380166 1.58577748902979 1.85012993448039 1.32073657051466 5.50650646186585 0.582180317944676 0.789417025580158 0.196704426606773 2.56325097892093 2.29368484400384 3.61637385703217 1.646254055415 0.283042242219422 0.819593706352644 0.731671542118012 1.98037146193203 0 0 0 0 0 0 0 0 0 0 0 0 0 0 0 0 0 0 0 0 0 0 0 0 0
2.60991765149074 9.94031988766862 7.85534069836862 2.35032609154391 0.550790239907161 3.25673427460287 4.18701109690652 1.9136798316527 1.42422946649228 4.11303191267247 0.0154167167953842 0.103486368424414 1.78154125819475 3.06210992975552 0.0369740910087864 0.200125386094006 6.85408727747324 0.0123675821035782 2.25135054739256 1.06924420077358 2.41123864240591 0.384532968457458 9.89047156794825 1.18771069537995 1.79917847720645 0 0 0 0 0 0 0 0 0 0 0 0 0 0 0 0 0 0 0 0 0 0 0 0
2.15409914971121 0.274911099578314 4.96458359618898 0.461714628567139 8.06774496986781 0.227152920290238 9.53831712617176 1.39413692825472 3.33145496064818 2.05429355614619 2.1704147119739 5.73129507699644 1.18937564406179 0.732570742147874 0.837481352790629 3.41439003360496 0.994291342279199 2.1612265913711 0.89109258986839 4.25985684384583 0.623443569167274 0.486459412775381 0.455310171300064 3.23637914800386 3.32036707836168 1.88240344956854 0 0 0 0 0 0 0 0 0 0 0 0 0 0 0 0 0 0 0 0 0 0 0
5.64209931099095 8.16497374321261 1.05877900518222 0.631503525530447 2.28892432577299 1.49207446553881 0.765825608878208 1.01857291104819 0.331447149404354 0.600784669889857 4.65422944653016 0.539409461122477 3.31655827823121 1.12409613654872 1.32190686101911 0.241541918419629 2.12934404959121 0.400782446435034 0.192410126380903 0.361034573712881 0.852057682235105 2.37277703216445 3.23263265137647 2.6921146998344 1.72275803647832 1.96124122524513 2.18738848981921 0 0 0 0 0 0 0 0 0 0 0 0 0 0 0 0 0 0 0 0 0 0
6.27637471762557 0.0232637498796554 4.82631276538822 2.83692237144266 2.8138803800569 1.8779587912448 6.71859972975795 4.92474864175999 1.35584488560285 8.00722536697507 1.47975348023933 0.481455538896032 0.980288618896805 2.26328984913294 1.04963765474134 0.647923014637595 1.5989292742978 0.4145759983516 0.109712292779015 1.54946371009624 4.21963513958413 1.37300838298392 2.61776601565949 3.99284784568885 1.82327909866079 2.49661481574697 2.85392731635734 3.01958818404137 0 0 0 0 0 0 0 0 0 0 0 0 0 0 0 0 0 0 0 0 0
0.306875750883377 9.19363330560165 0.303551939672974 1.092679155996 2.12384374038662 3.00619555947842 3.05411024685188 0.544149257216408 5.5117406212551 3.23676635960417 0.365009659840649 2.68733207961691 1.88019622653171 5.88233280602209 1.75382420294335 0.816768342145236 4.79796014189141 0.860933190840585 4.70118488072404 3.89191226363757 0.90890864055952 1.50498173043169 1.65796762789417 0.26097638921906 1.72441688726543 1.07810221361296 0.43843365957648 2.66128576469688 2.74797143495818 0 0 0 0 0 0 0 0 0 0 0 0 0 0 0 0 0 0 0 0
1.06506243526566 1.34131233262087 0.459944356607872 0.18590284640978 0.360384010129601 3.79239242988787 0.639315998341251 1.79629459555776 1.55309177156376 4.12858116663797 2.68804234365264 11.0252712411816 0.048543181128486 3.73100845684318 4.56189432962459 0.717088590970556 0.306578176155665 2.05741452347396 0.990570354221404 0.274945918215999 0.430788615600688 0.162896301826936 2.05558125672142 1.23789023680016 0.250853686773909 0.0995358879939744 0.256257394836251 1.02132506287563 3.29797439134984 0.819286465106359 0 0 0 0 0 0 0 0 0 0 0 0 0 0 0 0 0 0 0
1.8476058915218 3.74198161119812 3.83616169110836 5.07776951633374 3.92500207051628 0.685924496836991 7.14423204657445 9.22199587658973 2.57591662163135 1.5337246820663 2.0783379616467 1.33610061090453 0.563354963791102 3.13065712404666 0.181133512350183 3.0988078779034 0.0108522788951671 3.26794089501022 2.19356591719693 1.6224606637976 0.829511637003384 4.07079850288198 1.19397558222295 5.15300220747393 1.85561977670256 4.42011424865446 2.87494666894857 1.97411237946241 4.8021221016669 3.47495752752205 3.09315914236673 0 0 0 0 0 0 0 0 0 0 0 0 0 0 0 0 0 0
0.408835741059664 3.28329606872156 2.65217263224786 1.59180464270374 9.58540892474957 1.91648775138866 2.41973912988717 2.66327485981828 3.94460218530081 4.5566495242289 0.443951475048591 0.121004800803566 2.64147156336733 5.15796648733794 0.2147292263453 2.14800688908644 4.96826533564337 0.643732754680848 4.9872821279125 1.59757385080557 2.86304124011524 0.522593815227098 3.1042180727062 1.40474150887958 2.72536454990201 0.726575940493493 1.51588441644944 0.19009175848159 0.56466377263158 1.49478166266902 1.52999060469684 3.48125976877568 0 0 0 0 0 0 0 0 0 0 0 0 0 0 0 0 0
0.362732230141776 0.980941346584341 0.424344214813442 0.930908975215078 2.20991204479442 3.82116877323562 0.208683239383188 1.56941991263677 0.82148368367551 0.15799801070004 0.0168501140013188 0.66998331579518 6.53901349977961 0.632030960355676 0.535415672541493 1.5484558709836 1.81855104055676 1.59030820489283 3.79871372137746 1.4761056714105 0.72306106941372 0.258674264743379 0.313709306095643 3.21161022140845 3.93114640361973 1.73426343889285 0.188009388060932 3.83224482827235 4.29729598301037 1.39510751032349 7.83136914308797 3.63921565802658 0.670386149466307 0 0 0 0 0 0 0 0 0 0 0 0 0 0 0 0
2.09003368853931 2.00479943086507 2.64097044129494 0.00720894148520396 0.525813831832593 1.27785724596567 0.536685041367462 2.24760159620142 0.113208864054347 4.22898766061258 2.24194508356824 0.168459214510341 2.34408391875872 4.6411461862858 1.15902107161523 0.419182780064292 2.42236619542033 5.04178846258772 1.44082526392114 4.96908494024365 3.99785860177491 2.51654031530714 0.380586482973369 0.489468751511728 0.936141572102071 1.1961836497212 1.8092084411247 4.78357680129531 3.52538748268272 0.870231901201651 2.30501041072219 0.677370794438906 0 0 0 0 0 0 0 0 0 0 0 0 0 0 0 0 0
1.08127327074442 3.93820437227563 0.303364342318878 3.65729943080434 0.923310375568649 0.235482776887187 0.614755587718975 0.627151817599639 5.83516763781845 2.76714506143681 1.13157610955331 3.66842488740678 0.204985050633628 0.523615266592794 3.06534142860036 3.02630367652846 3.52404391913551 0.804956435071781 1.17112070841945 0.525306510678563 4.05430305213308 0.981426704198134 0.134716360759699 0.750092562439435 0.349650197177974 1.77782992468508 6.07179482020194 3.21503370069801 5.42271801719239 6.13794833193324 0 0 0 0 0 0 0 0 0 0 0 0 0 0 0 0 0 0 0
2.28596602032693 2.89085791147513 0.299955528622236 0.119698391308063 1.04268444923903 4.71055699547916 1.54524698003583 1.59941863885728 2.08650340966003 3.11603148847983 1.91439037291382 0.951330641409961 1.0830590380341 3.50391931431183 4.71460144056395 2.25118315066653 1.43624286510098 1.36424911726495 1.18458967968775 2.23691315753483 2.46913009283451 6.65841380233403 0.162744769322901 1.32656944357307 1.09829554248121 4.35580488730659 1.29157713486452 4.35327283120354 0 0 0 0 0 0 0 0 0 0 0 0 0 0 0 0 0 0 0 0 0
5.01918176631446 0.616628458939675 0.204798226629352 4.55946162110786 0.303934854825677 2.11319661380514 0.339256455568388 0.454405679678599 4.87062925736034 0.16875124181817 0.014114548934424 6.74184043443751 0.617239330210545 6.28118724294102 1.65937527257801 2.41663189281 1.74128977080606 0.310372170352985 4.06676422739928 3.18883303303836 2.62003583417397 2.98795220265011 0.407638883064809 0.321292123206452 4.50389163894583 1.32742541645233 0 0 0 0 0 0 0 0 0 0 0 0 0 0 0 0 0 0 0 0 0 0 0
0.646242657673423 2.48323056586996 0.378713314030516 1.7624605258959 0.774082328030701 1.57385634505406 2.20971731088862 4.23060778658702 0.738922987629954 2.7376131362445 1.49486046502216 5.57198604156333 3.00024544997543 1.45623016592954 0.891394798896841 2.31679723312332 1.21460352508093 0.772272127206195 1.24515606061893 7.70419710976158 1.11403662860314 0.904412801982876 2.37846336494231 3.21623221541497 0 0 0 0 0 0 0 0 0 0 0 0 0 0 0 0 0 0 0 0 0 0 0 0 0
1.82411541646893 0.16635995208062 1.16696675236157 1.42584844625854 0.948841236562955 8.32552443875521 1.75095233248641 2.33149782862372 0.0032354528026498 4.09242468370323 4.60102898320884 2.17055400122428 5.96277372609379 1.61271804209458 2.93617342951028 5.18595112603918 2.84599286133394 0.288485177554823 4.0434331152986 0.772256863227142 5.19429287221585 7.12588443763283 0 0 0 0 0 0 0 0 0 0 0 0 0 0 0 0 0 0 0 0 0 0 0 0 0 0 0
3.06822691737522 0.650126313655597 0.990042986305482 4.93941304901504 1.83899995394635 2.13236284208598 0.439142763912923 3.3981120620529 1.57692464722808 0.466480515012129 1.60533371152595 3.44932340480052 14.4709439496194 0.118137287584159 1.31996587916951 1.44571159077283 2.16191869907871 1.24533537966004 2.31382229029796 0.398132503594138 0 0 0 0 0 0 0 0 0 0 0 0 0 0 0 0 0 0 0 0 0 0 0 0 0 0 0 0 0
9.06004863470627 1.66344687123129 3.46500252137354 0.778838796129426 1.30577043713877 0.0952803458445997 1.12701537049699 0.908025739116624 13.1935231982771 0.758610078327781 4.95324942969493 1.48074305250045 0.246512091780923 0.396403702273932 5.28233340104455 5.2281543690266 0.257606239482729 0.702462640541713 0 0 0 0 0 0 0 0 0 0 0 0 0 0 0 0 0 0 0 0 0 0 0 0 0 0 0 0 0 0 0
0.0259494653007557 0.837067474359261 1.13606379163955 0.587452140678836 0.39543380783097 0.996305656760319 0.481434894441139 2.61446937167829 2.66081596421959 1.60825102072665 4.15994722193845 1.34077826859733 1.35442757633367 4.87945991987952 2.763306201338 3.22395232149128 0 0 0 0 0 0 0 0 0 0 0 0 0 0 0 0 0 0 0 0 0 0 0 0 0 0 0 0 0 0 0 0 0
0.699126596033149 3.00919270362034 4.84738341342019 0.0723719152457301 10.142321802759 0.105302204180409 2.25516584123311 1.38102493065054 2.78302815916595 0.612241812081449 2.55655363530268 0.252202040257218 0.414888172692248 1.27281648807502 0 0 0 0 0 0 0 0 0 0 0 0 0 0 0 0 0 0 0 0 0 0 0 0 0 0 0 0 0 0 0 0 0 0 0
0.386610123029423 0.758692765592558 2.88698082940987 0.193902375668538 3.23596895256835 2.47082879183133 0.182986828659962 3.18809311473814 1.16959035126994 5.45966224379826 1.66331356459838 0.129238067770645 0 0 0 0 0 0 0 0 0 0 0 0 0 0 0 0 0 0 0 0 0 0 0 0 0 0 0 0 0 0 0 0 0 0 0 0 0
2.63020345061779 2.07498918285415 0.989297094284854 3.51971726229188 2.00467946034374 0.303361969590668 0.165340198823119 2.76424538443283 0.915624111552613 7.29678034842958 0 0 0 0 0 0 0 0 0 0 0 0 0 0 0 0 0 0 0 0 0 0 0 0 0 0 0 0 0 0 0 0 0 0 0 0 0 0 0
1.81983860026208 2.97817884590038 3.20710275096991 0.3224787601331 2.49866409168194 1.53086701065158 0.14747810171675 1.60441808982255 0 0 0 0 0 0 0 0 0 0 0 0 0 0 0 0 0 0 0 0 0 0 0 0 0 0 0 0 0 0 0 0 0 0 0 0 0 0 0 0 0
0.268970781124827 0.00208569997977254 4.59751693188727 0.0150129165303738 4.11917125623535 1.65807522615373 0 0 0 0 0 0 0 0 0 0 0 0 0 0 0 0 0 0 0 0 0 0 0 0 0 0 0 0 0 0 0 0 0 0 0 0 0 0 0 0 0 0 0
1.02976911250558 0.297074135294256 0.00449980115421213 0.0366203999261941 0 0 0 0 0 0 0 0 0 0 0 0 0 0 0 0 0 0 0 0 0 0 0 0 0 0 0 0 0 0 0 0 0 0 0 0 0 0 0 0 0 0 0 0 0
7.82446132556873 0.150558546769526 0 0 0 0 0 0 0 0 0 0 0 0 0 0 0 0 0 0 0 0 0 0 0 0 0 0 0 0 0 0 0 0 0 0 0 0 0 0 0 0 0 0 0 0 0 0 0
