0.0299931440829798 0 0 0 0 0 0 0 0 0 0 0 0 0 0 0 0 0 0 0 0 0 0 0 0 0 0 0 0 0 0 0 0 0 0 0 0 0 0 0 0 0 0 0 0 0 0 0 0
2.59114657965113 1.30930444643738 0 0 0 0 0 0 0 0 0 0 0 0 0 0 0 0 0 0 0 0 0 0 0 0 0 0 0 0 0 0 0 0 0 0 0 0 0 0 0 0 0 0 0 0 0 0 0
8.50903105874743 3.42045559559424 5.16523059968194 0 0 0 0 0 0 0 0 0 0 0 0 0 0 0 0 0 0 0 0 0 0 0 0 0 0 0 0 0 0 0 0 0 0 0 0 0 0 0 0 0 0 0 0 0 0
2.57611367075935 1.01957000701285 1.53372933151427 2.89655185965605 0 0 0 0 0 0 0 0 0 0 0 0 0 0 0 0 0 0 0 0 0 0 0 0 0 0 0 0 0 0 0 0 0 0 0 0 0 0 0 0 0 0 0 0 0
1.89855850587345 0.261861670574433 11.319242632964 3.249017798332 0.231736330349616 0 0 0 0 0 0 0 0 0 0 0 0 0 0 0 0 0 0 0 0 0 0 0 0 0 0 0 0 0 0 0 0 0 0 0 0 0 0 0 0 0 0 0 0
1.35394665392984 2.60818634297013 5.79672158176711 0.984530106769737 6.09260623371156 0.645907619578998 0 0 0 0 0 0 0 0 0 0 0 0 0 0 0 0 0 0 0 0 0 0 0 0 0 0 0 0 0 0 0 0 0 0 0 0 0 0 0 0 0 0 0
0.670247611348966 1.17556483533361 1.15116934218761 2.62763897080411 0.405320295348119 0.774454183956012 3.35478518118573 0 0 0 0 0 0 0 0 0 0 0 0 0 0 0 0 0 0 0 0 0 0 0 0 0 0 0 0 0 0 0 0 0 0 0 0 0 0 0 0 0 0
2.03679634745246 2.40723010452646 1.00915581993737 2.6215404769331 0.405988919805569 2.4370202374998 0.978639650095402 4.47669619882846 0 0 0 0 0 0 0 0 0 0 0 0 0 0 0 0 0 0 0 0 0 0 0 0 0 0 0 0 0 0 0 0 0 0 0 0 0 0 0 0 0
5.51577933950162 1.79747747327009 3.7958709486096 2.12840556872483 3.01370144167321 12.8844623423496 1.60249717076847 0.0549846739318812 4.93367310632303 0 0 0 0 0 0 0 0 0 0 0 0 0 0 0 0 0 0 0 0 0 0 0 0 0 0 0 0 0 0 0 0 0 0 0 0 0 0 0 0
0.469480321203959 0.262635769819387 2.6489845620806 0.600601655879523 9.09338086516979 8.6780518812428 1.01794586705153 0.981368685398017 0.361743223889023 1.5352425036727 0 0 0 0 0 0 0 0 0 0 0 0 0 0 0 0 0 0 0 0 0 0 0 0 0 0 0 0 0 0 0 0 0 0 0 0 0 0 0
3.30022898307061 3.99023551257715 0.450860114247104 3.89985136997023 1.78147352833158 1.64780702281501 1.44113441983183 2.24878721146769 5.68585254655904 2.40474436147923 4.80754882968894 0 0 0 0 0 0 0 0 0 0 0 0 0 0 0 0 0 0 0 0 0 0 0 0 0 0 0 0 0 0 0 0 0 0 0 0 0 0
2.06840541648547 0.22057313467188 2.73324469327571 1.76942491728289 0.212958920894525 5.06532119238002 0.392694660584832 1.27314092484658 5.6095263084809 0.0724788871156574 2.88849281298244 3.26590415437743 0 0 0 0 0 0 0 0 0 0 0 0 0 0 0 0 0 0 0 0 0 0 0 0 0 0 0 0 0 0 0 0 0 0 0 0 0
1.65116674431741 0.50365211027887 0.666125446978266 1.21935696379215 2.81105491677671 0.978460695171936 0.931514186262562 0.470644818567129 1.57217978237455 0.612728383415019 4.53907585418444 2.03722060955702 6.7610991682498 0 0 0 0 0 0 0 0 0 0 0 0 0 0 0 0 0 0 0 0 0 0 0 0 0 0 0 0 0 0 0 0 0 0 0 0
5.91822814845641 2.29313988949757 0.779514019955653 8.70773038326065 3.48950022826862 5.66701689325044 1.15155362793818 2.18931791467492 8.15531344467572 7.3804541295987 7.96068428042762 1.54964294620967 4.91863285838111 1.50273327624111 0 0 0 0 0 0 0 0 0 0 0 0 0 0 0 0 0 0 0 0 0 0 0 0 0 0 0 0 0 0 0 0 0 0 0
2.14575823115136 3.16412147285419 1.90741482314801 0.622067731355749 0.973449120030422 2.53309048324507 6.97196471732414 1.1220641716474 2.81335906287894 0.552852387765465 1.64790512213293 0.627171744017816 0.86043874945342 1.6547628191022 3.31124442752735 0 0 0 0 0 0 0 0 0 0 0 0 0 0 0 0 0 0 0 0 0 0 0 0 0 0 0 0 0 0 0 0 0 0
1.54990514426329 2.08089097254548 1.93576898865764 3.29596003224422 8.20348165212922 1.16244776479847 3.41728122210653 1.24429373413579 0.580184630914664 9.00005898855332 1.80648448610151 2.14272000452528 3.47448929298768 1.77693554279174 4.05138877745246 1.35325509478229 0 0 0 0 0 0 0 0 0 0 0 0 0 0 0 0 0 0 0 0 0 0 0 0 0 0 0 0 0 0 0 0 0
2.7988833608898 1.79257097180414 1.94043643782774 10.4705922295957 0.0411766108938577 4.27261201123806 0.901258790898076 1.94793722538395 0.491787866686265 0.79734510944628 0.378275582531881 4.42478359945109 0.7982402000877 0.148502455867326 2.71844060512769 1.43821962662089 7.86375064020938 0 0 0 0 0 0 0 0 0 0 0 0 0 0 0 0 0 0 0 0 0 0 0 0 0 0 0 0 0 0 0 0
3.27400464267594 1.84527403317345 0.624367089630729 0.616485582867055 10.0555997637633 4.96962621608681 1.30148709575193 0.803832254460092 1.32080559248778 4.06822322702306 5.30055336468982 2.15525925074307 0.996381218607881 10.9895784835687 2.84250221068058 1.33676352267674 1.28932665234666 1.43988743579484 0 0 0 0 0 0 0 0 0 0 0 0 0 0 0 0 0 0 0 0 0 0 0 0 0 0 0 0 0 0 0
4.74839684196611 0.325860916251109 2.35390509058948 14.4076200259063 2.05489691500354 1.27578211870041 0.422592165378985 4.00179216401133 3.90928974239287 2.50982361089859 2.08589806749464 0.891113163600859 3.57346592397385 0.173320775509036 0.0348736478413893 2.56344144763133 0.603928089604382 0.814834662329305 1.40287749057868 0 0 0 0 0 0 0 0 0 0 0 0 0 0 0 0 0 0 0 0 0 0 0 0 0 0 0 0 0 0
2.64312418495156 0.376519160728455 1.84352647530707 0.764838965006702 0.428871621019282 5.13284698560412 0.261892341985284 4.17225402857675 3.76316322960339 1.94765378165401 1.67294043803654 1.8338968671452 0.591774976560245 4.55981391880532 2.45640421548927 4.39671446239344 2.24439501108265 0.58683003894521 2.34527702740818 0.798704844087284 0 0 0 0 0 0 0 0 0 0 0 0 0 0 0 0 0 0 0 0 0 0 0 0 0 0 0 0 0
0.575975938468625 3.5197346264834 0.370502661716797 0.145556940953908 1.91798534301369 0.0106211085201994 1.59833424487487 3.37940966146465 0.82226565417967 3.48294691145143 2.49163932086957 1.21114877072711 0.827056725272063 0.245316138982268 2.3159165176929 0.230171713710822 1.94443613687677 0.364666769836713 0.882646352324714 2.48945560142422 0.278400023208848 0 0 0 0 0 0 0 0 0 0 0 0 0 0 0 0 0 0 0 0 0 0 0 0 0 0 0 0
8.25552701010049 0.631704512490446 0.179759049995806 6.63716566709272 0.574658324412782 1.51799935655061 2.02982223467729 6.7692003791709 3.37017350097289 4.45836577907971 2.74626135776727 4.49054352576767 1.52648710940026 0.724934401763173 1.19878024071922 0.333010043590067 3.24908806040915 0.910971299397462 4.51976763487855 1.43798059633315 0.0464984670679864 0.408526375494973 0 0 0 0 0 0 0 0 0 0 0 0 0 0 0 0 0 0 0 0 0 0 0 0 0 0 0
0.128221050922038 0.368129177679166 1.5238059388678 0.98462736783199 0.788747464629921 0.593531941730108 0.865233940724238 0.408520525227275 3.0631779694855 0.650992847445822 1.95535760929931 1.32645661084986 3.66717670688538 0.13675222836549 0.970041316002871 0.0989207365471728 2.23807848960533 1.02763201742901 2.62854604795263 0.776192876184445 0.52178161407688 4.55434495696202 0.378343462206877 0 0 0 0 0 0 0 0 0 0 0 0 0 0 0 0 0 0 0 0 0 0 0 0 0 0
0.217914623348865 0.878006211845828 3.70856706997234 0.811994840245182 11.5951372899451 0.947931714329272 2.2149510466944 0.103300899781541 3.20668852063921 2.27894355366511 1.17215772309085 2.13830315884783 2.6775122374471 1.47461711924615 2.06594628073821 3.3195600108677 1.99714563911787 4.9931567255581 2.82786588076948 3.62069708013415 0.0623973015518863 2.03460369309207 1.28078487382392 1.88487574047368 0 0 0 0 0 0 0 0 0 0 0 0 0 0 0 0 0 0 0 0 0 0 0 0 0
0.218688271437741 3.08710384268089 2.59608685015845 0.95450293035684 0.0339709906783543 1.02886539209217 4.46138118143991 0.0721418059522836 3.34885737099033 0.743273495082187 1.04318948147719 1.3172139208247 0.841971800528733 0.696254303586029 2.30675207492151 1.13658899895718 5.64687231055767 2.02654967842206 1.09241559800848 0.47304414060392 0.46303959145513 6.98232052261119 4.31672851272827 1.48933044643155 1.97681447666189 0 0 0 0 0 0 0 0 0 0 0 0 0 0 0 0 0 0 0 0 0 0 0 0
4.78786094447995 1.07763400173271 10.431362150365 4.11224075083192 4.84354676357528 4.9610070344295 0.70211787980683 4.88777607463747 1.75557218018598 7.86826904527535 2.84992396139876 1.31551019121015 0.191586843975421 6.91776176688842 0.164356330076918 2.88001417583309 0.0692953171524375 1.79377381308735 2.01122451151781 4.52499693862495 0.616255945876392 0.66131430137275 0.980099937073533 0.0759255793425948 3.15515299802002 1.43029940846807 0 0 0 0 0 0 0 0 0 0 0 0 0 0 0 0 0 0 0 0 0 0 0
0.854277025943184 1.99291108452489 0.964319923433687 0.180940118551165 0.642997404907394 1.54197092208372 1.35289306351454 2.30747137735058 6.62403667749362 0.0409549532536886 0.211457725094294 0.12082650393872 0.327888288784437 1.42150059789373 1.53267191815635 0.230879132133339 2.8165460167923 0.796249768210544 1.04733196623425 1.02776271697621 0.144843238151744 2.30428969216825 0.760094680854403 0.256744707349255 0.813233438357172 0.757416291804793 1.26001145390744 0 0 0 0 0 0 0 0 0 0 0 0 0 0 0 0 0 0 0 0 0 0
2.41892890632232 5.25464895130903 2.7746633689268 0.588610492786567 1.14186396454383 4.58437317789028 0.380959932605427 0.507687944574826 0.832399295295434 3.22242998954926 0.402351957389253 0.990820589586708 0.798106783930494 5.95283362741615 1.49455008590568 4.08013411567102 0.00197125954765856 2.30680727368706 1.49536142051577 0.267017568698764 0.199499257270509 3.31723811242038 0.221272509644397 3.52074087914931 1.66730435404462 0.415037791300941 2.46530349989317 1.09905598558533 0 0 0 0 0 0 0 0 0 0 0 0 0 0 0 0 0 0 0 0 0
1.883667790983 0.744556712230216 3.85490448675753 2.59976351407277 0.405997892554046 1.02186935146077 3.05850364037824 3.90173330703224 0.546302280412849 0.0164406448962132 1.94123548027581 0.323531628661736 0.441943060828262 7.07545816565194 0.336344950970425 13.9718484600462 0.90792130405597 0.416089540020284 4.44132005943127 3.94533457505838 1.28060454638413 1.57500809050838 2.59480237971584 0.717762133938908 2.85947808063657 5.31387685512069 1.25756159730531 5.53730258162508 4.7634206339748 0 0 0 0 0 0 0 0 0 0 0 0 0 0 0 0 0 0 0 0
0.293695939433903 7.54466894741779 3.5336398822376 0.621672177318446 0.371775720460814 4.28303239140438 0.869690617345048 9.1987472776915 2.01098388853541 2.02542666847489 4.69831162057824 0.0829133066914387 1.76156264310561 8.90913555083185 2.20539150065281 0.922965582455337 0.277530677619793 0.489491814472831 0.671323007494594 3.94357210788799 1.77140602727672 1.56917612685639 1.15325167697111 2.50230346712301 5.26920265782859 2.05656821092298 1.75758279601981 1.1769932323622 3.53017449666369 2.22413356452282 0 0 0 0 0 0 0 0 0 0 0 0 0 0 0 0 0 0 0
0.156422451746719 0.0977660474282348 4.12978290071391 0.117435577768291 1.95091010622832 1.38839780329224 2.46361523378512 3.72964742326906 0.0341891437175736 1.62876702148505 0.874940215031195 2.2816590520477 2.37047123026653 1.94043915656687 2.29135995235421 0.796850587393834 2.76976493413616 0.0797714146009829 0.389022493997632 3.08298314557498 3.15562482608894 4.97205520482308 3.8741676955661 0.300984048506953 0.529841789708756 1.57520247748485 0.696535670071486 0.326321428065285 1.91186202026411 2.23189973812839 3.15617514202554 0 0 0 0 0 0 0 0 0 0 0 0 0 0 0 0 0 0
4.11755053135094 1.49771673102726 0.594386985224437 4.7789189479918 0.0280672580423154 3.75647833092657 0.445431776610725 1.68600257160259 0.884488724068078 2.3578355137852 0.360381619205951 1.50653576395808 1.62314474385919 2.00150341279396 1.04948985816587 2.77852169404106 0.268814590103458 1.22889682087913 0.0379065786642662 5.09697009857763 0.403821821044179 0.928938285180793 3.25679892657112 2.36545416121652 0.194454427542302 1.60731471932357 3.80240461514971 2.9928561262633 0.991620665307074 3.5958929543772 0.282998871456354 4.8011173956299 0 0 0 0 0 0 0 0 0 0 0 0 0 0 0 0 0
2.61155993234867 0.89097791177371 5.62722729600226 2.2693651506903 2.09492056217613 1.28988393182563 2.16732249792462 6.3346661873261 1.14235027228741 0.148358450572025 0.849717492066143 0.451059506563752 0.684041591881577 1.03929185249038 1.22751898828746 0.066520695564464 8.63979642243173 0.0630021430289962 0.711557020610081 1.67161649543895 0.772484545435048 0.0673858845568848 0.441093001603259 1.31965553324389 1.19762893598014 2.38291159914631 2.29465659818616 1.53851099163664 3.90102204606023 0.34594917260671 4.19385733235512 2.71304557926254 2.34220254540984 0 0 0 0 0 0 0 0 0 0 0 0 0 0 0 0
2.59073568518133 0.890263125926803 2.49449618742119 4.99810282770527 6.98226888280352 0.760157196635122 5.91335145610133 1.04967990365603 0.591149809524111 0.992260842306716 0.329915320691819 0.12335690385469 1.52532738886058 2.68720993474814 0.0436780341325046 8.23304807044749 0.728273173668931 4.57723023391294 1.02114058161325 5.21841466630311 1.1144387889014 3.82919873152177 1.18370685907007 7.28999454437663 0.910219170354574 1.42225502380623 0.16192293672241 3.66398143614548 0.644860179931565 6.93480782141705 0.499859918690801 1.39061982137368 0 0 0 0 0 0 0 0 0 0 0 0 0 0 0 0 0
0.421535939436413 4.16304465045598 1.46641397031859 0.23178758469853 1.93089919461063 1.68300623108395 0.259652763267433 0.902346766757839 1.24168202148765 1.93245693965886 0.881206392167147 7.55827047560826 0.143267600710082 0.346392645782669 1.66924591250751 1.49685075431919 3.2804364811417 2.76790922035186 0.896888197314429 3.34445363673309 0.536049833504728 0.397722435829556 1.86231978264495 1.91070762628009 1.79836017095028 1.483209660473 2.62318971093515 3.4721989866893 0.628177092351781 4.91582393102198e-05 0 0 0 0 0 0 0 0 0 0 0 0 0 0 0 0 0 0 0
0.926980648701395 1.41579725777653 2.86124327238022 4.1102832187635 1.77916243065334 2.97646686123883 3.33555283174443 3.87037800180522 1.05799456294019 0.177072275377587 7.43520433370554 0.14352270183128 5.02017855015975 0.394302869620197 4.51318918038882 0.195272176895246 7.73901646015257 4.24262944877282 4.12489302739693 0.985268976540196 1.66824213376323 10.4055660712492 3.28336440293736 2.33849575640356 2.40411604456666 4.16097056887292 0.316297102665483 7.1596257871897 0 0 0 0 0 0 0 0 0 0 0 0 0 0 0 0 0 0 0 0 0
1.02538940835194 6.51988960785532 3.86602448919092 1.21979508275175 8.15214045828338 1.31297227440031 1.33892164678302 1.20032624573111 0.240460181009504 0.0648939461075894 0.0463849425907504 1.68401958264205 0.153695307843762 0.10182460224627 0.630857821259831 0.27941419638708 3.30563652708835 3.10948833875568 0.697627656078177 0.437198561587093 0.438038148150776 2.7145978517726 0.0665716148850196 0.185981161536391 0.830865316936992 0.598010581399698 0 0 0 0 0 0 0 0 0 0 0 0 0 0 0 0 0 0 0 0 0 0 0
0.154531064140492 0.676617694817156 4.97180344199688 0.0681419860613374 3.69535535638749 8.06091823039752 1.70183498937315 1.25245261732617 1.93307619924725 0.342973646620561 0.883564035114678 2.0959561990322 2.54660396898772 1.90147052512693 1.80115788016738 1.21217787505906 0.403163895465858 1.13027485336367 3.55359495707356 3.23223830558983 1.52171199985999 3.21311938430537 1.38238652435296 0.440559674126271 0 0 0 0 0 0 0 0 0 0 0 0 0 0 0 0 0 0 0 0 0 0 0 0 0
0.51184064333024 0.846713838234547 1.27296464906177 2.36603436234659 3.07436917223237 5.93245764727103 0.835090396733937 0.245658059812544 0.906653588619027 4.09301021251798 0.216892531118251 0.187454161323425 2.82253265909795 0.475196292829829 0.78381572922568 1.13423916656522 1.79655975859254 0.543707617906554 1.45844893025668 0.092807987959854 0.8132936500264 1.24356990742781 0 0 0 0 0 0 0 0 0 0 0 0 0 0 0 0 0 0 0 0 0 0 0 0 0 0 0
0.971435687383977 3.20131496217325 1.93303143034501 11.7275777691522 3.68694539275278 0.315701652128733 3.58061994742143 6.09163634093507 5.0003363135088 1.87340484638569 4.59230755564834 2.76096672698221 1.13045086931305 1.01400720970654 0.119924231352293 2.7199505182162 0.42124253923823 1.79070318167402 2.71832239667031 2.80547535712899 0 0 0 0 0 0 0 0 0 0 0 0 0 0 0 0 0 0 0 0 0 0 0 0 0 0 0 0 0
0.0275991790292926 2.19864539633223 1.98694385069679 0.788352293989162 3.90697991646629 0.229556308256306 0.771035917590804 1.57698438438647 0.657566337706639 0.566781412156173 0.562925730889419 4.01904148082317 3.68435564689081 9.85430762704855 4.62045436725081 3.60366933880805 0.819764627085831 10.9147422035414 0 0 0 0 0 0 0 0 0 0 0 0 0 0 0 0 0 0 0 0 0 0 0 0 0 0 0 0 0 0 0
3.2990488520886 0.36045790503282 8.34012119203478 0.873611486238119 0.212333971825978 2.01682200046988 1.97022458518284 5.33637443606288 3.73897389407682 2.53159268517324 1.8231623479667 2.72357083022833 3.97157885061354 5.76659603632723 0.130779785755234 8.57349714947371 0 0 0 0 0 0 0 0 0 0 0 0 0 0 0 0 0 0 0 0 0 0 0 0 0 0 0 0 0 0 0 0 0
1.83138324479254 3.58194338319002 2.57913909620323 8.70574859749869 6.00029677109517 0.598301218149889 5.90386997636081 8.66342126078939 1.60828227850602 0.518949183517861 1.56248049059132 2.96045582139128 0.425372493528194 2.23784455564788 0 0 0 0 0 0 0 0 0 0 0 0 0 0 0 0 0 0 0 0 0 0 0 0 0 0 0 0 0 0 0 0 0 0 0
6.11842641773504 0.135357446071686 2.40987073229599 7.3672076632632 2.36745950088511 1.58514184240483 1.55822467664126 5.2109928618747 0.218456958113041 3.29512811863668 2.7322977611401 0.398889325040439 0 0 0 0 0 0 0 0 0 0 0 0 0 0 0 0 0 0 0 0 0 0 0 0 0 0 0 0 0 0 0 0 0 0 0 0 0
1.45987873424098 2.11341644807198 0.339885138244775 5.62473930615607 1.67907570278247 0.151262052464213 0.205397699839803 3.11924733144029 1.28768768782583 1.10003137797021 0 0 0 0 0 0 0 0 0 0 0 0 0 0 0 0 0 0 0 0 0 0 0 0 0 0 0 0 0 0 0 0 0 0 0 0 0 0 0
2.04675100720638 1.75083519236268 0.226122881652027 2.23809493085902 1.14864424369425 1.06806434053622 1.01300545177536 1.190656309915 0 0 0 0 0 0 0 0 0 0 0 0 0 0 0 0 0 0 0 0 0 0 0 0 0 0 0 0 0 0 0 0 0 0 0 0 0 0 0 0 0
1.65459461192189 1.92219275406449 7.0821588002925 2.14203349742426 2.33056871156514 3.79884844298845 0 0 0 0 0 0 0 0 0 0 0 0 0 0 0 0 0 0 0 0 0 0 0 0 0 0 0 0 0 0 0 0 0 0 0 0 0 0 0 0 0 0 0
1.33983000726367 1.49187938803403 0.209229664623962 4.13625638602162 0 0 0 0 0 0 0 0 0 0 0 0 0 0 0 0 0 0 0 0 0 0 0 0 0 0 0 0 0 0 0 0 0 0 0 0 0 0 0 0 0 0 0 0 0
2.47453055583864 1.35145760196537 0 0 0 0 0 0 0 0 0 0 0 0 0 0 0 0 0 0 0 0 0 0 0 0 0 0 0 0 0 0 0 0 0 0 0 0 0 0 0 0 0 0 0 0 0 0 0
