10.0576058744021 0 0 0 0 0 0 0 0 0 0 0 0 0 0 0 0 0 0 0 0 0 0 0 0 0 0 0 0 0 0 0 0 0 0 0 0 0 0 0 0 0 0 0 0 0 0 0 0
0.479215372183536 2.83699725294377 0 0 0 0 0 0 0 0 0 0 0 0 0 0 0 0 0 0 0 0 0 0 0 0 0 0 0 0 0 0 0 0 0 0 0 0 0 0 0 0 0 0 0 0 0 0 0
1.4998485433902 13.8117103486404 6.64143824692282 0 0 0 0 0 0 0 0 0 0 0 0 0 0 0 0 0 0 0 0 0 0 0 0 0 0 0 0 0 0 0 0 0 0 0 0 0 0 0 0 0 0 0 0 0 0
0.0617633592474223 0.952672248341729 1.15868460843981 0.858006480246563 0 0 0 0 0 0 0 0 0 0 0 0 0 0 0 0 0 0 0 0 0 0 0 0 0 0 0 0 0 0 0 0 0 0 0 0 0 0 0 0 0 0 0 0 0
1.48541191604046 0.757160670383812 5.83034519245922 7.83707005627918 2.01079448080356 0 0 0 0 0 0 0 0 0 0 0 0 0 0 0 0 0 0 0 0 0 0 0 0 0 0 0 0 0 0 0 0 0 0 0 0 0 0 0 0 0 0 0 0
2.27332423303655 3.05496580524103 5.53850791012936 2.13040183324654 0.112371152841626 0.537728506430341 0 0 0 0 0 0 0 0 0 0 0 0 0 0 0 0 0 0 0 0 0 0 0 0 0 0 0 0 0 0 0 0 0 0 0 0 0 0 0 0 0 0 0
0.311359485903457 1.16907003251317 0.143882552876066 1.03962522174298 3.29423345852982 0.232252221748825 4.75934625952172 0 0 0 0 0 0 0 0 0 0 0 0 0 0 0 0 0 0 0 0 0 0 0 0 0 0 0 0 0 0 0 0 0 0 0 0 0 0 0 0 0 0
0.0665497485528259 0.953547226065133 0.817286298815566 0.926868118950492 1.44660400210893 1.03596488728771 2.21815629308247 5.95854608029011 0 0 0 0 0 0 0 0 0 0 0 0 0 0 0 0 0 0 0 0 0 0 0 0 0 0 0 0 0 0 0 0 0 0 0 0 0 0 0 0 0
1.30672588744336 0.771807235982302 2.71380858446426 2.64351216428051 3.76909942723273 3.89446113527035 4.39735066448157 2.78624439516209 0.923681844105214 0 0 0 0 0 0 0 0 0 0 0 0 0 0 0 0 0 0 0 0 0 0 0 0 0 0 0 0 0 0 0 0 0 0 0 0 0 0 0 0
2.91226067928662 1.59704790154918 0.16572175386274 0.0348053784836337 2.40236517928117 8.1215174793685 0.325956119663488 2.04084139588197 1.19283196608494 1.43362138656218 0 0 0 0 0 0 0 0 0 0 0 0 0 0 0 0 0 0 0 0 0 0 0 0 0 0 0 0 0 0 0 0 0 0 0 0 0 0 0
0.834071303454519 0.871927265766541 4.13412417874674 1.03090878781306 1.21164972991205 1.74386242252635 2.21654872183074 3.75597161515181 2.24057837387192 0.910483085524924 5.31784050867468 0 0 0 0 0 0 0 0 0 0 0 0 0 0 0 0 0 0 0 0 0 0 0 0 0 0 0 0 0 0 0 0 0 0 0 0 0 0
2.54431272694949 2.05404978551734 6.76703890875568 0.395957702051917 3.57798217460092 4.34253566371381 0.439873186664165 0.78325235101992 2.22177802650266 1.85962912853357 1.79839786372889 0.398110802775245 0 0 0 0 0 0 0 0 0 0 0 0 0 0 0 0 0 0 0 0 0 0 0 0 0 0 0 0 0 0 0 0 0 0 0 0 0
0.593923572422454 1.44402732971027 0.359894709739175 2.05206494778846 1.59215110062043 0.774704436953435 5.37465189097633 1.79785325285921 2.77124020339694 7.53825157600324 0.362926047387174 4.32044684755836 4.66662850724579 0 0 0 0 0 0 0 0 0 0 0 0 0 0 0 0 0 0 0 0 0 0 0 0 0 0 0 0 0 0 0 0 0 0 0 0
0.386333416423038 1.03632199574871 1.84081617190955 0.0163071999434518 0.542030300892222 7.1140325811121 1.99367724684217 1.79239530717657 1.49425663970065 1.43619910050263 3.00926443787047 4.90889330440127 2.16781029439665 5.94820320769057 0 0 0 0 0 0 0 0 0 0 0 0 0 0 0 0 0 0 0 0 0 0 0 0 0 0 0 0 0 0 0 0 0 0 0
2.59542968641974 1.41089639560132 1.42641522329057 0.0536197102370171 4.06156099923349 4.90103674991506 1.7894486750683 6.03627822305086 0.309445443728881 2.28191762732491 5.56026029731012 1.86696737560929 0.594478240277306 0.837329540470185 8.62383562088312 0 0 0 0 0 0 0 0 0 0 0 0 0 0 0 0 0 0 0 0 0 0 0 0 0 0 0 0 0 0 0 0 0 0
4.5631799255348 4.15041377060947 0.453150731462101 0.644109989882308 0.298508867983884 3.60441147061549 1.31436400179905 0.42930324129362 2.31204751713603 5.25529151360553 6.75262237193062 2.01528252666289 0.343667033123906 1.96377876404203 0.0232716213334499 5.5172550383872 0 0 0 0 0 0 0 0 0 0 0 0 0 0 0 0 0 0 0 0 0 0 0 0 0 0 0 0 0 0 0 0 0
0.552848921325491 1.28088692999096 0.615028860897619 1.80582394292267 1.1488430354289 1.2796162074957 0.672708039333557 5.06313671359128 0.390819901638699 1.36585778956283 2.26731075640851 1.10482219215063 2.71053288825673 0.839220565373882 1.02170629355426 2.17979307131969 3.29722674238997 0 0 0 0 0 0 0 0 0 0 0 0 0 0 0 0 0 0 0 0 0 0 0 0 0 0 0 0 0 0 0 0
4.29581606753909 4.39037555047898 2.20741992346089 0.710912493024733 0.960696670589414 0.843450573906467 1.02838575835987 3.22902750335138 0.0295861947548491 0.328299739258153 0.256310786610123 4.64203860778249 3.16394700469546 6.81398988468947 4.73809062202083 0.383637713250053 4.80823225245388 13.4383316071559 0 0 0 0 0 0 0 0 0 0 0 0 0 0 0 0 0 0 0 0 0 0 0 0 0 0 0 0 0 0 0
0.739917238914592 2.92894148569464 4.62735065202634 3.32218467362187 2.09702018941973 1.93878239107594 2.76011060242997 4.56463328151457 0.190001018991541 1.11309231116116 4.27557773896916 5.01379243979396 0.112245722282556 0.757582148366941 1.43849826084203 4.45098349916965 2.45654578092059 7.91972867755669 0.197393451483543 0 0 0 0 0 0 0 0 0 0 0 0 0 0 0 0 0 0 0 0 0 0 0 0 0 0 0 0 0 0
2.30459672124889 1.65596253207211 0.363637729241623 0.0823672535852481 2.62426649064461 0.962020843690353 1.4523471426324 1.67313212234089 1.45020978861965 1.07194784816097 0.477905981235905 1.02710290004386 0.233217536933599 2.31881104913726 0.888110210514128 0.830640985208087 0.0152591210697259 2.88158842372829 5.32342801096123 1.7618520206914 0 0 0 0 0 0 0 0 0 0 0 0 0 0 0 0 0 0 0 0 0 0 0 0 0 0 0 0 0
1.41821048627795 4.69211616832307 0.576070046184645 1.78376327795349 0.568376480924199 0.564549480412985 7.13670967017531 0.0689088264134468 2.82752962495139 1.47980826480179 0.314275839104153 3.21080051324191 6.73712650882734 0.270707726523968 1.22173058052029 7.26298291357756 0.0165637543178431 9.2953400604663 1.83413616740679 2.28927885051926 0.561352742390972 0 0 0 0 0 0 0 0 0 0 0 0 0 0 0 0 0 0 0 0 0 0 0 0 0 0 0 0
1.71219320967217 1.37039869818859 0.815924744477561 2.70931200826059 0.261982640478999 1.02587518357367 3.53863146520473 0.991409073183401 0.377703991265005 2.39046877162569 5.46713337922567 0.334224024540249 1.83962724406348 0.219572251200262 0.16848488144671 4.50124641253272 2.31525987521525 3.82973242242567 0.361335417478275 0.119236421939157 2.04420396192876 0.611004039655662 0 0 0 0 0 0 0 0 0 0 0 0 0 0 0 0 0 0 0 0 0 0 0 0 0 0 0
3.96500950073004 5.09946389668115 2.17341557565547 1.42335011780462 1.11244023545968 3.4775287061806 0.630430426806149 5.37988130922909 2.80858208171697 2.9032590866944 7.24253704702866 3.64444055739655 3.85833287528126 1.95845395494153 0.576465168196014 4.16693869490405 4.71959775674663 0.974221394931626 4.3624208625827 1.67412893791529 2.61561656814 1.22321126798291 3.82679165499343 0 0 0 0 0 0 0 0 0 0 0 0 0 0 0 0 0 0 0 0 0 0 0 0 0 0
3.90495223679694 0.35081095163981 3.21654667785739 3.9627311966307 4.21302840177155 2.76030203790463 0.0422370611058541 0.307292344381639 2.33213116182849 0.883289152695245 2.13318623535381 0.71677275815323 1.9840194872957 5.70043030709851 0.0979113281378153 2.99940606916357 0.205037078143238 4.17051399226856 8.18224469456381 0.177253048590482 1.19982594231915 0.53750416953091 10.6894725972561 1.23057893388452 0 0 0 0 0 0 0 0 0 0 0 0 0 0 0 0 0 0 0 0 0 0 0 0 0
6.28407529058278 0.332911088187582 0.421790146708039 0.676973646544357 0.0727204778656245 3.22650826086913 1.0131825433686 2.63581576693591 1.39148111934615 0.739604156150511 1.57990227437184 7.07599675230242 0.788638671538496 1.1990252106106 7.89219522328058 4.48683015189202 0.84192808408518 2.18744656371933 2.47265524113741 0.493844766176471 10.9154848847687 6.66435603693164 1.97147895678279 2.37495107700379 0.670651457699878 0 0 0 0 0 0 0 0 0 0 0 0 0 0 0 0 0 0 0 0 0 0 0 0
2.3392972244013 4.04960730296255 2.27343191008912 0.041046098448 1.8265804413923 4.26879760791022 4.46830324138392 1.93855003874323 0.13337237080883 0.558776294477686 0.475863779948612 3.22805638070419 0.180024822663912 1.51762641230638 4.8135424301876 13.3401741156364 0.0634171037717864 3.64987446942693 0.599366484002333 5.60425183232095 3.55475134173644 0.411120706919695 1.86735311633933 0.358255446627328 2.59801243397123 0.467385169779169 0 0 0 0 0 0 0 0 0 0 0 0 0 0 0 0 0 0 0 0 0 0 0
0.269593676677557 4.13513722313951 8.73499106500693 1.33093385386933 4.77673919591235 5.49992588753082 6.1941946649381 1.25636424360086 1.38004214486715 0.0795688559886663 5.36608936504852 0.879642365999457 3.96398249058113 0.13053127478165 8.76623367055111 0.350186343290826 1.49053054255381 2.1461823906802 2.05973994241437 1.00144323538581 2.47768729129341 0.0264256735727608 2.89613134700644 1.27453145135915 1.88737038658087 0.438334157484725 0.284069383693975 0 0 0 0 0 0 0 0 0 0 0 0 0 0 0 0 0 0 0 0 0 0
0.332172094970157 0.610243036430164 2.10892313472575 0.138550146433631 0.0729931760406409 2.4176699341383 0.577779034184701 0.477833391126867 3.60432469069631 1.58343815213867 1.82374154231195 1.60341132050436 4.20201676848722 0.737525799128056 1.9690931294618 1.80984736622533 2.9116947189359 2.96805659294334 3.19772408812693 0.873592881684378 0.0514778654307485 2.82287833455117 0.5620487331005 1.23313566980094 4.60846106880144 5.39362135958828 1.05855285885566 4.66069306629001 0 0 0 0 0 0 0 0 0 0 0 0 0 0 0 0 0 0 0 0 0
0.2172381125756 9.22652938068444 4.498238940303 3.58934383578409 5.49212681486816 4.15086631235023 0.746435992987256 1.699292267266 4.28657644157588 3.04345065416821 2.40391520329091 2.66251850318239 1.48702590605081 1.17819903479497 1.68846973097433 0.146301011178819 0.607091477180532 0.958545361127393 1.25203167891236 1.10644084744163 0.494949538364168 1.4417476623396 2.02812392104775 1.3503469071082 3.5865680856344 0.355571683023381 0.32784078388702 2.13925334298178 5.92911150725014 0 0 0 0 0 0 0 0 0 0 0 0 0 0 0 0 0 0 0 0
2.09687910998463 0.47890193335552 7.96973172668703 4.10647054355027 0.514810606807957 0.0839491859105074 3.11816602274768 0.875751260913837 0.233883984918999 0.694296301698119 0.301525709060269 0.520940915817678 0.969166094714657 0.169816845517997 3.87817214652425 4.76273077619721 2.68633422155626 0.0301015735821069 0.411647956617028 15.6786182595307 2.54212117705838 0.902671045541703 0.639247959739145 0.164659708478479 4.26988776753081 5.93758624327182 3.85275971979465 9.65647238526033 0.470802069568895 0.870627067775003 0 0 0 0 0 0 0 0 0 0 0 0 0 0 0 0 0 0 0
5.69625564925091 5.31424442744369 3.8783168898318 3.6704992335394 0.916731152258258 1.88996072536082 0.37085061497834 1.44295863514324 1.31915855065892 0.440497185630245 2.22381647937899 7.09930052976476 0.143254066921588 2.73361502127943 1.87696059610676 6.19091705185215 0.164378790758054 6.18902577494926 2.17329970318955 1.13459901846698 1.3987344332122 7.49370156814292 2.7568169140609 1.79439543638449 4.53411127043119 3.07502243427684 0.564018113227383 0.67002616959563 0.986520178293057 0.580808797524107 5.24192947293246 0 0 0 0 0 0 0 0 0 0 0 0 0 0 0 0 0 0
4.44055368237617 4.87269915994832 2.74032191522563 2.72034019995089 0.380426720707939 2.05860728151107 2.58458269915789 3.0645255230775 0.280123710275086 0.185489254034207 0.128730502728248 0.469936368346578 4.91156257231631 0.492492999597873 0.712342530532497 0.464014956577871 2.11239812119267 0.657394535780443 0.0222368354875893 4.15387101843017 1.97904709445852 3.46085180808896 4.08230881829172 2.33834696886154 0.768042808269153 2.76387591004685 0.347149489672086 3.27226462428191 0.933705594861919 2.86874382610755 3.5297296922311 6.18196439928405 0 0 0 0 0 0 0 0 0 0 0 0 0 0 0 0 0
0.890260055337945 1.32026338778391 0.514450380374137 2.00923841000203 0.105016936967144 0.483439623243459 0.484615744787454 1.82689992969611 0.656218476636822 3.05800130179998 4.75214388260512 2.11616981433619 3.37209916355043 0.121516267682746 1.28847078596972 0.454811673142139 0.625595966462255 1.61707870230419 1.04340917180586 0.109163452699249 7.3657845076933 2.27167081207801 0.801017670015412 3.01197901646097 3.67269456105625 3.29931500215415 0.238532182861369 3.69796488209003 2.49440455854046 1.89481506267901 0.232380623326944 4.4968025008157 5.06761406093421 0 0 0 0 0 0 0 0 0 0 0 0 0 0 0 0
9.03540525794556 1.94141882452734 3.36011310586111 1.5364245876604 1.74481239161623 4.22534175459944 1.83876003616151 0.386926059852349 1.23561584970173 1.15643952640715 2.95655603361922 5.01924973496564 2.07257245840789 2.36710869273364 2.28910562260291 2.25755103562301 0.746789430674613 1.37190797594424 1.37054530522205 2.8411056469663 2.12396013149105 0.315729230351087 2.7631936709816 4.40818249413617 0.0482517060987471 5.73170502883814 3.34938735091331 0.547719153563343 0.877667409747498 1.43889004347198 3.09489243687428 6.21538803950257 0 0 0 0 0 0 0 0 0 0 0 0 0 0 0 0 0
9.95531375930336 2.99280070733413 0.892936489712217 0.957053397558738 0.398255441835834 0.111078736099238 1.60349821680414 0.0200472769445942 0.239450003290147 1.6670569751812 7.01184451877115 1.01398506370538 0.512145857237545 4.65826707085098 3.30135462930779 6.69037205386742 0.117394191465386 6.95028768920941 2.28060808173777 3.36454810388097 4.91320698515769 2.27768965342106 2.02139332126655 0.41626055051476 10.1259245181279 8.52196672038775 3.85046526213404 2.02958035374881 0.431845668399926 1.34542885332502 0 0 0 0 0 0 0 0 0 0 0 0 0 0 0 0 0 0 0
5.6690061451837 3.98131524257685 1.87801594293169 3.18126618732975 0.458924568894507 4.73365220162399 0.894669188161038 0.117590225725867 2.68213747842233 2.72054294431925 4.55172802114296 0.0863377622780958 0.481590746459276 2.74327450680556 1.67734918901072 1.61079762022734 6.04377210951883 1.28809180963626 1.10763499464364 6.49077244126829 1.49431109147895 0.893699133915381 0.602756922823451 5.97365950572256 3.9906105055035 0.572390504130978 1.51777084217311 4.49740860095891 0 0 0 0 0 0 0 0 0 0 0 0 0 0 0 0 0 0 0 0 0
4.94031909920164 5.13977201361624 1.68717230014856 2.43766846100898 0.75366397099816 2.57378205590568 0.208007246433341 0.507327490578931 2.53700408644821 1.14961754092995 0.88823699799451 3.06096936133954 0.562684206483692 2.50985669507541 0.156578683208139 1.98191135197055 0.244011198423649 1.16803465603006 0.510116907523017 1.7449237603635 16.9525032237236 0.133058904339694 0.382772367194609 1.28767759099168 3.42626881385472 13.8062954705754 0 0 0 0 0 0 0 0 0 0 0 0 0 0 0 0 0 0 0 0 0 0 0
5.01035454634647 1.79563477980156 2.79388046122908 3.20997804228039 4.53903014750309 0.353449444192928 0.571938916569874 2.46340350702766 0.729668410189819 1.72025878638507 7.8193029522074 4.1212963315966 0.992797194833295 0.566863858485813 1.68703280384186 2.10171516787549 0.213629785698972 5.95271235798652 1.12329973600855 1.80599773599628 5.35896326588867 0.620843411335417 0.653889885205212 0.0134696297903373 0 0 0 0 0 0 0 0 0 0 0 0 0 0 0 0 0 0 0 0 0 0 0 0 0
9.12053801399677 0.0651983994004981 0.912460806885554 0.708871637303412 1.03339317934444 1.8663179956669 3.73978062462616 7.6204923510593 1.02867828571998 3.37761424974567 0.696471267793647 0.94899834764311 0.691681443649858 1.34479595063051 0.51572092572235 1.29856430676876 0.801304950279294 9.00342242111356 7.2709277088648 0.359189601423489 2.3240623881411 7.61039410756559 0 0 0 0 0 0 0 0 0 0 0 0 0 0 0 0 0 0 0 0 0 0 0 0 0 0 0
0.226272909925408 0.931340899144555 3.83807833786046 5.12998805684523 1.68564424062287 0.197803695098531 2.22440558239419 0.911672106864752 6.81854647246907 1.19585568345937 2.52201980087521 2.48628853562191 15.4151977404154 1.44423418306791 2.1871680742357 2.21813225930311 0.723813743423748 0.167540402906419 0.00910968376875198 0.505775377251667 0 0 0 0 0 0 0 0 0 0 0 0 0 0 0 0 0 0 0 0 0 0 0 0 0 0 0 0 0
2.15611884676907 2.06174477418465 1.75047078645858 3.45591454519108 0.608277766217176 0.274285471472034 1.77367274357808 4.66243983171399 4.26159247481695 3.60991168769005 0.313788546521573 0.71602766690744 1.79255981931416 1.77680861881625 6.50892540735589 0.925663266002223 1.47434430692843 5.09863213639995 0 0 0 0 0 0 0 0 0 0 0 0 0 0 0 0 0 0 0 0 0 0 0 0 0 0 0 0 0 0 0
3.00641615282454 0.345300961169574 0.821655254362764 3.46816811068551 0.531503926551672 1.37767590285263 7.07359205244457 3.09817311501363 3.28368278993138 0.458844521512822 4.20385220620707 0.774996178421542 2.28825194752998 1.17087522282913 1.88141653856279 1.30480447724322 0 0 0 0 0 0 0 0 0 0 0 0 0 0 0 0 0 0 0 0 0 0 0 0 0 0 0 0 0 0 0 0 0
3.21401224104714 0.916156886726223 0.163429717353406 2.61126823103275 1.20555738173363 1.56167159230028 0.308505608960236 1.42857955017807 2.55861842100835 8.36119925041405 1.86626089172646 1.1669801117346 0.0256276340523963 0.55975109412861 0 0 0 0 0 0 0 0 0 0 0 0 0 0 0 0 0 0 0 0 0 0 0 0 0 0 0 0 0 0 0 0 0 0 0
0.475293031922427 6.55291601128598 1.6249949268718 0.100699391454022 0.775704476840832 2.13890180910245 1.5943633483873 2.37867082555885 7.76958345727828 3.73199620330683 1.70029955059202 2.74151077517781 0 0 0 0 0 0 0 0 0 0 0 0 0 0 0 0 0 0 0 0 0 0 0 0 0 0 0 0 0 0 0 0 0 0 0 0 0
0.243268184350697 0.0355390273491116 3.81183068350971 6.60738314848449 0.951263849642973 4.09737195288618 0.395313438164283 6.7665659491364 3.76422110246903 0.0725719525003073 0 0 0 0 0 0 0 0 0 0 0 0 0 0 0 0 0 0 0 0 0 0 0 0 0 0 0 0 0 0 0 0 0 0 0 0 0 0 0
2.4831821058177 0.473804470119926 3.22304335967567 3.77240893323708 2.98724200143353 1.22467537706156 3.63410747305941 0.0565384545044612 0 0 0 0 0 0 0 0 0 0 0 0 0 0 0 0 0 0 0 0 0 0 0 0 0 0 0 0 0 0 0 0 0 0 0 0 0 0 0 0 0
1.18419939683635 0.374068564571334 5.6274193439701 0.21885198929184 2.408559670718 9.94737184886646 0 0 0 0 0 0 0 0 0 0 0 0 0 0 0 0 0 0 0 0 0 0 0 0 0 0 0 0 0 0 0 0 0 0 0 0 0 0 0 0 0 0 0
0.0301960942242781 4.28105762576226 3.32030205910058 1.20212061635017 0 0 0 0 0 0 0 0 0 0 0 0 0 0 0 0 0 0 0 0 0 0 0 0 0 0 0 0 0 0 0 0 0 0 0 0 0 0 0 0 0 0 0 0 0
1.50626724173395 1.66632832820656 0 0 0 0 0 0 0 0 0 0 0 0 0 0 0 0 0 0 0 0 0 0 0 0 0 0 0 0 0 0 0 0 0 0 0 0 0 0 0 0 0 0 0 0 0 0 0
