0.993276039175853 0 0 0 0 0 0 0 0 0 0 0 0 0 0 0 0 0 0 0 0 0 0 0 0 0 0 0 0 0 0 0 0 0 0 0 0 0 0 0 0 0 0 0 0 0 0 0 0
0.348985502567806 0.813734753048998 0 0 0 0 0 0 0 0 0 0 0 0 0 0 0 0 0 0 0 0 0 0 0 0 0 0 0 0 0 0 0 0 0 0 0 0 0 0 0 0 0 0 0 0 0 0 0
0.610741260461051 1.89790507539616 1.2376118647038 0 0 0 0 0 0 0 0 0 0 0 0 0 0 0 0 0 0 0 0 0 0 0 0 0 0 0 0 0 0 0 0 0 0 0 0 0 0 0 0 0 0 0 0 0 0
3.13262197499803 8.99762991080626 0.500346525904237 3.16220144716752 0 0 0 0 0 0 0 0 0 0 0 0 0 0 0 0 0 0 0 0 0 0 0 0 0 0 0 0 0 0 0 0 0 0 0 0 0 0 0 0 0 0 0 0 0
8.4195502896923 0.699063959649753 0.000534963829633947 12.1434297334433 4.75423252329633 0 0 0 0 0 0 0 0 0 0 0 0 0 0 0 0 0 0 0 0 0 0 0 0 0 0 0 0 0 0 0 0 0 0 0 0 0 0 0 0 0 0 0 0
4.8538436866942 1.77811013758423 3.66130507233507 5.07280266050815 3.6590650724804 1.63664617247089 0 0 0 0 0 0 0 0 0 0 0 0 0 0 0 0 0 0 0 0 0 0 0 0 0 0 0 0 0 0 0 0 0 0 0 0 0 0 0 0 0 0 0
0.926107974765947 11.4352351274739 1.99724475188905 5.89102740239565 1.86211823779385 3.20704416276697 3.13006675829942 0 0 0 0 0 0 0 0 0 0 0 0 0 0 0 0 0 0 0 0 0 0 0 0 0 0 0 0 0 0 0 0 0 0 0 0 0 0 0 0 0 0
0.274571123246027 4.83655632242228 1.03490910533841 2.08235846448148 2.03357414780117 3.77825334770918 1.37445022796507 0.30903376465695 0 0 0 0 0 0 0 0 0 0 0 0 0 0 0 0 0 0 0 0 0 0 0 0 0 0 0 0 0 0 0 0 0 0 0 0 0 0 0 0 0
6.34266100190561 8.51161822664857 6.62689942567632 3.64952208016137 6.9363144171453 0.967365132478022 2.15664283106836 3.49832514176399 0.191749975588958 0 0 0 0 0 0 0 0 0 0 0 0 0 0 0 0 0 0 0 0 0 0 0 0 0 0 0 0 0 0 0 0 0 0 0 0 0 0 0 0
1.57022966822669 3.27892754875205 3.78441592892549 18.8889025273426 1.17259060488776 1.81595171708879 10.512016807683 1.77689636970428 5.0122483088764 1.06942471816317 0 0 0 0 0 0 0 0 0 0 0 0 0 0 0 0 0 0 0 0 0 0 0 0 0 0 0 0 0 0 0 0 0 0 0 0 0 0 0
0.37950733576974 2.1423976016782 3.67894211945887 4.09600658924144 0.378860856128985 2.10882709801675 1.29940256065148 1.38955587854372 1.25136997905028 1.77721849061779 0.95935795614892 0 0 0 0 0 0 0 0 0 0 0 0 0 0 0 0 0 0 0 0 0 0 0 0 0 0 0 0 0 0 0 0 0 0 0 0 0 0
0.124137334536328 2.19588442049495 4.30845305202272 0.39170016156116 4.59445574531652 1.22792294127223 0.0593672644975842 2.37966681796368 3.18301944266003 3.52784479711836 3.77033934559362 2.24792516951471 0 0 0 0 0 0 0 0 0 0 0 0 0 0 0 0 0 0 0 0 0 0 0 0 0 0 0 0 0 0 0 0 0 0 0 0 0
3.515641909973 2.93589700317992 0.0698805451324667 6.72891275210596 5.65470879632011 2.01408508713628 3.94857825809148 1.86722706679172 8.26742181055855 4.95617115986733 0.505074930697581 5.15928925281812 5.17485347612682 0 0 0 0 0 0 0 0 0 0 0 0 0 0 0 0 0 0 0 0 0 0 0 0 0 0 0 0 0 0 0 0 0 0 0 0
2.29781588929271 2.03600183196448 9.67520346206666 3.88507362924961 3.7562393041371 3.73206328404017 0.563528175507837 4.09530365833952 5.80270402362681 6.50988833381165 1.33522940325479 9.09378979575901 0.983299705470438 1.12362724266288 0 0 0 0 0 0 0 0 0 0 0 0 0 0 0 0 0 0 0 0 0 0 0 0 0 0 0 0 0 0 0 0 0 0 0
0.178837034648908 5.44538784483688 1.69648271790217 6.12083865339647 0.881677538396632 2.55745074986865 1.85745880338632 4.22163788831671 5.70758787190716 3.03670890247059 0.830294088449289 4.25477692681597 2.33903049174549 0.0332244882343125 9.24215190879298 0 0 0 0 0 0 0 0 0 0 0 0 0 0 0 0 0 0 0 0 0 0 0 0 0 0 0 0 0 0 0 0 0 0
0.732968420437117 3.56372983379917 0.856698636418346 3.39230497642333 2.4485687664938 4.14325703597483 1.42216601881255 7.44977209987861 1.73484503641899 4.54361603278874 0.872054174023074 1.92700904465501 0.430282928833662 6.43153479825592 1.43064783792179 0.862822687333336 0 0 0 0 0 0 0 0 0 0 0 0 0 0 0 0 0 0 0 0 0 0 0 0 0 0 0 0 0 0 0 0 0
0.784879444111007 6.83836024735103 2.80870701517048 0.348748243304658 5.60837857383804 4.21997160065421 3.27281135523595 2.49452221202808 5.81716637826921 1.63462569344253 3.6768916474408 4.77771500331493 2.22525282934925 3.02673065843281 4.61533730774903 3.50672362996479 3.31239850523828 0 0 0 0 0 0 0 0 0 0 0 0 0 0 0 0 0 0 0 0 0 0 0 0 0 0 0 0 0 0 0 0
0.0702366864068243 1.13098056018416 1.43702324894677 7.94059130442706 2.02790351922749 6.09252999805201 4.29414604721135 0.0147169728835311 0.494673191501295 0.715436377608128 5.39626094954495 2.30850634775918 0.373716980370973 4.299667774283 0.636890714372847 2.43481960738882 3.76299330033914 0.615667329956746 0 0 0 0 0 0 0 0 0 0 0 0 0 0 0 0 0 0 0 0 0 0 0 0 0 0 0 0 0 0 0
1.44044218404345 3.40284911392021 3.49305738948064 0.347156996927387 0.537252852811842 3.64195097242895 3.9889594674328 10.7432558039448 1.44681109951806 3.35758745532697 0.0483979855398754 0.870103393986445 0.871361637850808 1.76243245987863 2.00109944298614 3.83885309825574 6.16833915166526 0.585059069356671 0.823661237030597 0 0 0 0 0 0 0 0 0 0 0 0 0 0 0 0 0 0 0 0 0 0 0 0 0 0 0 0 0 0
0.452429325422723 0.917431849596247 0.824867298141709 1.51290433550161 0.396450596806439 0.256972459822386 0.80973485780017 0.587329368454229 1.2672379739898 0.317513102563053 1.88533496649303 8.514041442676 3.95751167476438 1.15305724159148 0.335400659838897 1.19089591011523 0.574157176962279 2.19687789004915 3.26775747566847 5.32272696647266 0 0 0 0 0 0 0 0 0 0 0 0 0 0 0 0 0 0 0 0 0 0 0 0 0 0 0 0 0
1.20467879737654 4.10068293922396 6.08943201557267 3.34551214031657 2.63771764218135 5.71845543724691 1.73076268179447 4.7368805869319 1.36368657885968 2.35705517490754 8.28790518848774 0.694439142923012 3.51839986088666 1.83254282459988 1.80557554998924 4.83657746241016 6.12489114873173 1.24967574781073 0.933579280699692 0.145483585885824 5.82562849039607 0 0 0 0 0 0 0 0 0 0 0 0 0 0 0 0 0 0 0 0 0 0 0 0 0 0 0 0
0.208985221828259 2.39067359954936 4.97523361394562 1.35411419963051 3.63192004658172 0.626943288670511 4.768037040624 5.1538749804318 1.94685882547615 2.83893596375247 7.94539673009742 5.37218316307967 3.13850767038385 6.21330748932733 2.41014966466075 6.35788868999571 6.4407355749844 3.88705907585115 6.46454717604505 1.55046722936313 0.505197819358556 0.495635010141516 0 0 0 0 0 0 0 0 0 0 0 0 0 0 0 0 0 0 0 0 0 0 0 0 0 0 0
1.80600710202785 1.29542366465963 6.59036689016442 2.09795407191055 2.62764664654241 6.3401851038182 2.81005056545721 1.65956642464026 0.26989537958026 4.0721570607841 0.400286355266437 1.56338150674478 4.31079798500731 0.69425350297356 0.620317935484758 0.924521336825044 4.78366793591488 0.559323454493451 6.48638684256288 2.00852198651132 6.11625684657689 6.42413471299332 1.80918501228142 0 0 0 0 0 0 0 0 0 0 0 0 0 0 0 0 0 0 0 0 0 0 0 0 0 0
7.57054032832807 1.61828366841999 1.98207770114439 0.644334603093499 4.25203432972826 10.0679873622503 1.55612222242506 1.77317863747548 9.45848294228814 3.61588317714194 2.22042531991614 9.57479164618976 5.1107326102776 3.95697510194441 1.83752401258034 5.07285112457964 7.36144128626213 0.0719635573822061 3.12968393251902 3.80238251303148 0.295174413504021 0.265931177875517 0.381682201837877 2.67981084443424 0 0 0 0 0 0 0 0 0 0 0 0 0 0 0 0 0 0 0 0 0 0 0 0 0
2.00883277895493 1.26805631774238 1.38374183917777 2.07873539721649 0.278073514768435 4.67119999480786 5.22096252203058 1.63678698404731 2.08221919769171 5.13500046645176 3.80551474389273 3.6757168310983 0.650414164890206 2.60252169504025 0.856692811626938 5.88451330048718 0.359218231976372 9.4723368873478 1.84756076879914 0.851724966837545 2.07984419195742 6.00348655587107 1.47335475449575 2.34838101829284 2.49319506858706 0 0 0 0 0 0 0 0 0 0 0 0 0 0 0 0 0 0 0 0 0 0 0 0
10.2808587724497 0.227144150560743 12.8751663519942 2.82610606837503 2.32627164212724 10.4644937903869 6.12939779164027 7.62909324561293 3.82255293924803 12.9621259570196 0.388303388686021 7.1788729899574 4.84555852314287 5.77993346922513 3.63076551522755 0.238385248716134 8.64754155416885 1.85623534085605 0.176467300935139 2.63742437886776 6.73558541037766 0.116278349384348 4.27135898415076 3.68103725279586 9.3480073051514 3.49529048785622 0 0 0 0 0 0 0 0 0 0 0 0 0 0 0 0 0 0 0 0 0 0 0
10.0558817326075 1.31971441893455 3.4378496695851 3.64014015906414 2.29257246126122 4.0338872854562 1.61079951076717 4.377513210058 2.68919914908965 1.90241675708775 1.60712904214937 3.31378709554041 1.86785866002823 2.67287839917686 7.48788166136418 1.70513765065475 2.75431228606618 4.33736475292123 6.183025383019 0.629574774914663 0.463590194646077 9.46192601213362 0.731009951828093 1.3741477428593 2.90804488561435 3.40434036213306 5.84777726586524 0 0 0 0 0 0 0 0 0 0 0 0 0 0 0 0 0 0 0 0 0 0
4.18642546481079 2.05017330687376 2.0758873981344 2.40296587841421 0.41046678499479 1.31997983653237 7.20026107550747 2.58505372464423 0.249113760715285 3.22007700916928 2.03589235569448 0.857357063804859 0.415914635356888 1.59360753417867 2.37105711211117 0.878694744798833 2.62850840639114 4.68973914543429 0.725125311376556 3.76200683990011 5.82070352953803 4.5647737902528 4.40220946188433 0.157362223316774 8.47780844072416 1.65809926225457 2.35398610581443 1.30161273209238 0 0 0 0 0 0 0 0 0 0 0 0 0 0 0 0 0 0 0 0 0
4.99190031880795 1.18386894453043 0.285051575541533 5.82670586796172 1.11173686662722 9.32422664381569 5.38238993295878 4.34168417075475 2.76044360121465 4.42058453781311 4.823154118448 5.92504777951958 0.555773394700642 4.99056674965095 3.35316861885905 1.47360002516538 3.39500843416231 0.627898433268429 0.749643194543021 2.18486169152263 1.08651018403618 1.44653925052477 2.56980464472052 0.119974183825023 1.46343039680897 1.56416226678474 0.291928921281672 0.683481922651622 3.8074730390624 0 0 0 0 0 0 0 0 0 0 0 0 0 0 0 0 0 0 0 0
1.13412977271723 4.28417808334694 0.0364586262530488 5.13333856738115 0.721604484962286 9.54095359928185 1.47358802740116 0.529976896445094 4.15012647301187 2.35091807848905 0.255922577866017 2.32316735085683 2.04897622699885 1.63139933737494 4.98585447063117 9.22548854321938 1.89183583249479 1.90875317794408 9.63583035829232 4.66013135836415 5.15219409981925 0.476753021952479 1.91137227372211 4.95408761217846 0.709770123065532 0.248524148402033 2.40221814909528 0.890337197096572 0.261192129216525 1.89997306466861 0 0 0 0 0 0 0 0 0 0 0 0 0 0 0 0 0 0 0
1.23850388572517 2.59864881391892 0.174420067331663 1.74766104107909 1.32757011916047 4.33843925630274 2.73324255690617 0.262395440425184 7.73842997420975 2.51435031304521 7.48221653052192 4.48713450408628 1.42799430121748 2.55657047001516 6.46623963924565 8.56014432104553 2.06888277647832 0.268068128084623 1.17712640323509 0.795632515352098 1.78286215002096 12.9738023072181 6.44230449121365 1.03793494536713 0.86903818424918 5.97154058815848 7.43828786802423 2.97680064313049 5.73786682031201 3.38422911608963 13.7501917732626 0 0 0 0 0 0 0 0 0 0 0 0 0 0 0 0 0 0
7.33744451552865 2.34441426252079 4.76309992674079 6.02476990871347 1.55348642714962 4.90898597585894 10.2444509390616 1.72255029360246 2.7462160838145 3.8150133548094 2.47990749958604 3.87125661306109 0.218841743526093 3.72659422007728 2.51031062881997 5.05534349417683 2.69308046929019 3.58781960909311 11.2211215278147 1.04289079545765 3.02418082729881 0.891909290811352 4.35124570699499 2.31176340081145 7.42400055124171 5.02865854662714 11.57341873914 6.30537161884351 6.96828611248304 4.21428498770827 0.710325777869977 4.48086386667477 0 0 0 0 0 0 0 0 0 0 0 0 0 0 0 0 0
3.07272287909456 0.574567304038844 10.1439001980192 2.03606864765326 3.64424592856968 7.38778125116848 9.31698062844871 4.83996814821959 1.47571718548289 5.29381089872484 3.56965035928893 0.351833776885069 0.267785666179196 0.425377838776199 0.185975940401235 1.1034523450726 3.83140671614545 4.96981261678359 2.47773571067249 3.88268902519522 0.252582893874272 0.262873093936468 2.67503135086975 6.78484304436972 6.13752057163677 0.788347374055536 0.790209469808206 5.04372434210189 5.28862590261935 0.479208010040132 4.56690200119012 6.6357083059929 0.385864097589271 0 0 0 0 0 0 0 0 0 0 0 0 0 0 0 0
4.51001436733781 0.762069593956879 1.06833912156387 2.70113565696682 4.11558920043899 3.57370920946946 0.805204303252754 7.83214661115797 1.17872103134392 0.802924448807356 3.14457294299624 1.57412832941382 0.869660777715241 3.76010887731303 11.7386402154398 5.46104086057392 0.378272067475465 0.659716026108156 2.44788933766868 0.391563604843109 0.314852558148962 1.67238300066018 5.82374179538852 0.00103632388410333 5.82435351011929 6.9080391220064 6.02552676721094 0.945919960586796 1.41939134255413 1.03666759404665 0.189255767014887 0.296369895827071 0 0 0 0 0 0 0 0 0 0 0 0 0 0 0 0 0
6.86810798039446 1.24556654624666 0.04772833249138 2.68017657688991 0.0177499071039673 2.50603002788803 2.47654647226138 2.97871360317503 3.30301698922007 2.72249612285604 1.42048564304403 1.25598781445192 0.356622974129966 1.85555205596716 7.27092691847455 4.52239916237752 1.17722339316026 0.223046577306479 1.88991517352027 0.811031995526116 3.86717906487665 5.29056528217042 1.31650015627948 7.75999129585393 3.65707221082005 5.35341700781573 3.02290396032803 0.463144092326725 4.71440101059167 0.45419235772386 0 0 0 0 0 0 0 0 0 0 0 0 0 0 0 0 0 0 0
1.48422965549097 1.70646265492235 2.57574233703597 9.22052978208394 2.53119915786291 2.22649846808395 2.2905741681944 1.15830134155248 0.295404565098193 0.899418121073315 1.88142762603188 2.2514366740592 0.917618769667347 0.68419909117111 2.04051458448041 2.39597038466473 0.816516934546837 0.483442250866187 1.19836488257041 1.52455763288546 1.5394676658241 4.57317282958952 5.11268017742473 3.97613142082001 5.06930956170497 4.2356943256612 4.92542465565105 0.652222834716304 0 0 0 0 0 0 0 0 0 0 0 0 0 0 0 0 0 0 0 0 0
0.151049497934661 2.08086247484611 3.35057016253319 3.17902982662538 1.89633242442571 0.662961412297224 0.324867788706281 4.09187480676965 1.30574478674458 2.6955587909541 3.18041808687918 1.84379594188603 0.280796138501716 0.150364141712802 0.254166687739068 6.69188164761231 3.05149676396855 0.0665485713861584 0.603416616838825 1.15591094570998 5.79684008692552 0.744447154495955 1.05996388336527 1.3859643804486 8.30970943031249 1.37552782535986 0 0 0 0 0 0 0 0 0 0 0 0 0 0 0 0 0 0 0 0 0 0 0
6.60459709021158 0.237400784122063 2.13061664010894 2.2619495826532 2.26450411562683 0.466317281174621 3.44366244422882 0.180460241482903 0.980632797089189 0.809083800675557 2.75979930798285 0.304067679897703 2.62969455104811 2.58150935512847 0.491197022382686 0.457132073061614 0.229185594489972 4.0332555722548 2.86673901315164 0.154948366223491 1.73389087256126 7.93603992112501 0.571076980794285 1.42457813098639 0 0 0 0 0 0 0 0 0 0 0 0 0 0 0 0 0 0 0 0 0 0 0 0 0
9.93480432737532 1.5425928662467 2.02797483513472 1.26538128298659 0.333070751778964 1.48665547914243 0.570914127986658 1.45124196587138 1.65843571028552 0.154242225866853 0.91968687350812 2.03589885529282 2.50946763442508 2.59809046443861 2.58342317718936 0.973337946741104 1.26431084132548 4.97721734617057 0.398989367248648 1.12088582045358 2.69544036346893 1.3786654933331 0 0 0 0 0 0 0 0 0 0 0 0 0 0 0 0 0 0 0 0 0 0 0 0 0 0 0
0.760921597977685 1.36380165092504 7.13817355781907 3.41696067604825 0.0681987599295593 0.436567773798155 0.341905961564969 2.29260370968504 3.5659390085381 0.16025975024089 0.131207913929075 1.52751325004981 2.08372642010801 2.86102678950056 2.24368883159358 0.295745868537307 3.54223412846258 0.638012574121109 1.90638443424071 5.89633543629576 0 0 0 0 0 0 0 0 0 0 0 0 0 0 0 0 0 0 0 0 0 0 0 0 0 0 0 0 0
4.97235093357506 0.177212787959476 4.17225268593006 1.05905885681798 2.45879567872796 1.39451991274343 0.65152535407168 11.9732128864526 2.46858031534855 2.99455182211597 0.290113337891624 3.87310398135855 0.0155997769020616 0.838982514524175 3.54655100209029 2.6817848361206 0.0197323205103213 3.17123749499834 0 0 0 0 0 0 0 0 0 0 0 0 0 0 0 0 0 0 0 0 0 0 0 0 0 0 0 0 0 0 0
5.06411290933715 0.202649499739558 4.41209626260475 0.0189356583078135 2.96139135044938 0.717475792093555 4.57699440912627 0.318792914128507 0.932334634970165 0.731965136503642 5.00965944670693 4.72603017453537 5.55750147433227 3.08678131893645 2.65692948253809 0.501938644372432 0 0 0 0 0 0 0 0 0 0 0 0 0 0 0 0 0 0 0 0 0 0 0 0 0 0 0 0 0 0 0 0 0
0.698369229669824 0.522588358345172 6.12119911585565 1.77465880912513 0.229138926182949 8.17342490996238 1.16098612529812 7.07783225768407 0.493931014557912 1.20237988067727 0.927459904243884 1.29269861796388 1.3920182645571 0.362921031088367 0 0 0 0 0 0 0 0 0 0 0 0 0 0 0 0 0 0 0 0 0 0 0 0 0 0 0 0 0 0 0 0 0 0 0
0.290708699517859 4.29144093678448 1.06351150920541 0.292938852061972 0.13476327059268 0.417028275289645 0.133935670933162 3.81989560949177 1.15467557558344 2.4862444159578 1.34971713262858 0.668753551500745 0 0 0 0 0 0 0 0 0 0 0 0 0 0 0 0 0 0 0 0 0 0 0 0 0 0 0 0 0 0 0 0 0 0 0 0 0
0.0439205304008556 7.73972961078079 3.63954559322773 5.18819839952752 2.50713675605892 1.72072218141034 0.138028280846463 0.785406834854148 0.185678444058352 0.117127708681141 0 0 0 0 0 0 0 0 0 0 0 0 0 0 0 0 0 0 0 0 0 0 0 0 0 0 0 0 0 0 0 0 0 0 0 0 0 0 0
0.0584947041490012 3.47794314361612 0.24518809231585 2.98380783205917 0.541026692570016 1.13157276491595 1.75914327970604 0.0623801008981747 0 0 0 0 0 0 0 0 0 0 0 0 0 0 0 0 0 0 0 0 0 0 0 0 0 0 0 0 0 0 0 0 0 0 0 0 0 0 0 0 0
1.81187753862175 1.6346398848463 1.40672097275369 3.01381967332151 0.504178996737939 0.505871704650838 0 0 0 0 0 0 0 0 0 0 0 0 0 0 0 0 0 0 0 0 0 0 0 0 0 0 0 0 0 0 0 0 0 0 0 0 0 0 0 0 0 0 0
2.68646330728588 3.77370751962847 2.57942161434394 0.622785223954681 0 0 0 0 0 0 0 0 0 0 0 0 0 0 0 0 0 0 0 0 0 0 0 0 0 0 0 0 0 0 0 0 0 0 0 0 0 0 0 0 0 0 0 0 0
0.228337268405397 2.00897298405337 0 0 0 0 0 0 0 0 0 0 0 0 0 0 0 0 0 0 0 0 0 0 0 0 0 0 0 0 0 0 0 0 0 0 0 0 0 0 0 0 0 0 0 0 0 0 0
