11.4714287800366 0 0 0 0 0 0 0 0 0 0 0 0 0 0 0 0 0 0 0 0 0 0 0 0 0 0 0 0 0 0 0 0 0 0 0 0 0 0 0 0 0 0 0 0 0 0 0 0
15.6308375774452 14.0593157732102 0 0 0 0 0 0 0 0 0 0 0 0 0 0 0 0 0 0 0 0 0 0 0 0 0 0 0 0 0 0 0 0 0 0 0 0 0 0 0 0 0 0 0 0 0 0 0
7.76050577047416 3.82160796140762 0.0830981296521444 0 0 0 0 0 0 0 0 0 0 0 0 0 0 0 0 0 0 0 0 0 0 0 0 0 0 0 0 0 0 0 0 0 0 0 0 0 0 0 0 0 0 0 0 0 0
3.80749014871396 2.89288069442376 5.97450010629638 3.06741929770112 0 0 0 0 0 0 0 0 0 0 0 0 0 0 0 0 0 0 0 0 0 0 0 0 0 0 0 0 0 0 0 0 0 0 0 0 0 0 0 0 0 0 0 0 0
0.529668995118982 2.63637256194963 1.1944439495338 6.68843106491353 1.79486788687276 0 0 0 0 0 0 0 0 0 0 0 0 0 0 0 0 0 0 0 0 0 0 0 0 0 0 0 0 0 0 0 0 0 0 0 0 0 0 0 0 0 0 0 0
1.86382873768945 4.34462339062939 2.57436987217678 4.35884864348788 0.0784190935219264 3.84651099079767 0 0 0 0 0 0 0 0 0 0 0 0 0 0 0 0 0 0 0 0 0 0 0 0 0 0 0 0 0 0 0 0 0 0 0 0 0 0 0 0 0 0 0
5.08453154841903 6.41796869550596 0.10076605243755 0.809398043321681 0.204432055782642 4.07021320951722 0.589590456037649 0 0 0 0 0 0 0 0 0 0 0 0 0 0 0 0 0 0 0 0 0 0 0 0 0 0 0 0 0 0 0 0 0 0 0 0 0 0 0 0 0 0
2.37126352822879 6.06318315439258 2.65698853657859 0.594182356730423 1.69682029703712 1.18150218143352 1.19266824938363 5.79572472608385 0 0 0 0 0 0 0 0 0 0 0 0 0 0 0 0 0 0 0 0 0 0 0 0 0 0 0 0 0 0 0 0 0 0 0 0 0 0 0 0 0
4.93859485486117 3.14906063590896 3.31702186373378 1.72664963064495 0.226738150559006 4.27776111940016 0.0120866427728679 2.37220240927197 0.665796821492398 0 0 0 0 0 0 0 0 0 0 0 0 0 0 0 0 0 0 0 0 0 0 0 0 0 0 0 0 0 0 0 0 0 0 0 0 0 0 0 0
0.592034483662153 1.37581995991589 0.0687397522981384 2.84754384330633 1.26789701207315 4.23791491136895 4.62286847361015 4.10337076281598 4.0269505711541 0.755553794489533 0 0 0 0 0 0 0 0 0 0 0 0 0 0 0 0 0 0 0 0 0 0 0 0 0 0 0 0 0 0 0 0 0 0 0 0 0 0 0
0.659089145268741 2.68137747762307 0.820219207935043 0.54797485449702 1.22924118398362 3.32096063884099 2.84693494241834 0.0864003777576897 3.34156339751328 0.680224890678245 4.79435059889062 0 0 0 0 0 0 0 0 0 0 0 0 0 0 0 0 0 0 0 0 0 0 0 0 0 0 0 0 0 0 0 0 0 0 0 0 0 0
0.153030832911614 2.46317860195137 1.53696036352296 0.745584017750668 7.61244294606454 2.99344208655504 1.60841256349549 0.398027246905824 0.299594541678886 2.20971638046096 2.84306717940283 0.145344022900887 0 0 0 0 0 0 0 0 0 0 0 0 0 0 0 0 0 0 0 0 0 0 0 0 0 0 0 0 0 0 0 0 0 0 0 0 0
1.1564194492271 1.16760751792354 0.231544035599449 3.05321863228425 3.29472735037773 1.55115037240198 1.9398768971333 3.99706185738611 2.97926799822599 0.818798208739123 2.91725559771842 1.77270339123047 0.866307446954197 0 0 0 0 0 0 0 0 0 0 0 0 0 0 0 0 0 0 0 0 0 0 0 0 0 0 0 0 0 0 0 0 0 0 0 0
1.07545277477088 3.00007612747194 1.74838560550609 7.72514438278404 0.725316865021755 2.88680239318955 0.122232250994409 0.448210992865348 1.89603548639726 1.94913253494079 1.20702852094095 0.247562201871655 3.78143746126481 0.988383401420181 0 0 0 0 0 0 0 0 0 0 0 0 0 0 0 0 0 0 0 0 0 0 0 0 0 0 0 0 0 0 0 0 0 0 0
0.518335853918397 2.94686287060876 0.0575901915064915 3.50670523140192 2.37265334893498 0.0166229213941103 0.0237142835103723 0.0970820594431811 1.53709778997991 5.910947857023 0.25136760547769 0.720018414623716 1.1063709521982 4.50231308669448 1.26496579365239 0 0 0 0 0 0 0 0 0 0 0 0 0 0 0 0 0 0 0 0 0 0 0 0 0 0 0 0 0 0 0 0 0 0
3.46716702071821 2.35897756803295 0.789562509606036 0.912514445467022 2.89541065988325 0.161519106353376 0.648795897754582 0.227450910182736 3.08895740267442 0.37914115722587 1.60934918773666 8.25721276217367 3.17571931963079 2.39535702172429 1.70496921001133 0.204066755010384 0 0 0 0 0 0 0 0 0 0 0 0 0 0 0 0 0 0 0 0 0 0 0 0 0 0 0 0 0 0 0 0 0
2.05670329553254 1.41461694586634 4.13554062645831 2.36720319099877 0.538376877760907 2.11719817351215 1.06020252517441 5.07887777405478 2.55371433346186 1.50210926992608 4.26909064584185 5.45486937080798 0.403609808512188 0.277960995618674 9.15750145821558 7.17165574119556 0.108596834160771 0 0 0 0 0 0 0 0 0 0 0 0 0 0 0 0 0 0 0 0 0 0 0 0 0 0 0 0 0 0 0 0
0.480905175247292 0.632971123829528 0.717886750612739 1.42809233486632 0.668354643446729 4.35044532589232 4.16940177798724 2.19664579091833 6.30076103236269 0.385975922765976 0.867008152911553 6.56572221012591 1.44699918647536 0.887499933882926 1.41608021267667 1.07452009243978 0.120590214822844 5.08062150588223 0 0 0 0 0 0 0 0 0 0 0 0 0 0 0 0 0 0 0 0 0 0 0 0 0 0 0 0 0 0 0
1.14849102089841 1.55473826197332 0.536418162087887 1.3207048649292 0.184185892435328 0.336012550623302 0.0582742470134709 0.637069309645257 3.4505335541042 2.89108265937685 1.31732801622166 1.70085613742232 0.882616915364891 1.34533919052612 1.48099057482996 2.6275931541451 0.0482255174493364 1.64038703835081 0.445099327503479 0 0 0 0 0 0 0 0 0 0 0 0 0 0 0 0 0 0 0 0 0 0 0 0 0 0 0 0 0 0
0.0208439358941108 0.73948919578329 2.75171244030621 0.470314749510729 1.41710771283214 3.85206027243082 4.36499856311381 5.11868563039849 2.67192204060106 0.373445705014496 2.87482761432468 2.48189521563982 2.3467488272009 1.56213513873264 2.19477591277707 1.08115937327428 2.94885559742745 7.15401345217146 0.0493703744737635 2.54104955890668 0 0 0 0 0 0 0 0 0 0 0 0 0 0 0 0 0 0 0 0 0 0 0 0 0 0 0 0 0
0.00593304991671067 1.39158314218375 0.0447878900828964 1.15138844373929 2.73195092862077 0.945186764703461 1.97899857964634 3.73201479637527 3.55048632017784 2.7173886872999 2.48062194863966 6.39796858030103 2.86654302562985 0.0371323307641631 1.16827321441912 2.73890785534809 0.114627182428372 7.07816720115347 1.20427030696116 0.735969087799182 2.4456591493406 0 0 0 0 0 0 0 0 0 0 0 0 0 0 0 0 0 0 0 0 0 0 0 0 0 0 0 0
1.58378568231416 0.00318753316605024 7.38695827212042 1.37951953070284 6.32441482198079 2.03921824963834 3.57074955500199 0.116271900593178 0.40433490639093 1.30183215491549 2.66509812305232 3.87563015010567 3.34553771340585 6.57378307796451 0.644125905980789 0.346621547918647 0.0972890650366099 0.0692500764521671 1.23250708703998 0.951853614363334 0.256079550639636 2.65054711119217 0 0 0 0 0 0 0 0 0 0 0 0 0 0 0 0 0 0 0 0 0 0 0 0 0 0 0
3.7146749108228 3.15490239841129 0.363981561727245 1.13619843993076 1.49354325034469 0.0643624305640517 0.879719973316584 0.231767799335269 0.948617484627419 8.19121126935797 7.87923018529101 2.10499913642088 1.12654061533217 0.556948381215713 3.43280739308531 0.094089669178925 1.59095080732623 0.545489008506734 0.670323188840063 1.54584726228166 4.12369770313561 1.48095308735305 3.48743818687137 0 0 0 0 0 0 0 0 0 0 0 0 0 0 0 0 0 0 0 0 0 0 0 0 0 0
0.0475711869107769 3.69643183487525 1.11542619552735 9.10702498375737 1.06209957142504 4.48281175357606 0.933922560354616 1.13604562620535 0.657027602884888 2.14044315390056 2.56556655519692 0.0509950764442141 3.01272188865588 1.18082432248135 4.73213582486257 0.327715868332121 0.67914079375865 4.32671904818091 0.604045557986832 1.05908856100994 4.65882850630738 2.20920870614846 0.682811184999414 0.303219004253657 0 0 0 0 0 0 0 0 0 0 0 0 0 0 0 0 0 0 0 0 0 0 0 0 0
0.859855946519897 3.72572334455549 2.44184650430011 2.22938389978331 1.47808395423253 2.12558091805313 4.73565143678568 1.28045214311623 3.42027066697311 3.94887043154867 0.177594443196184 0.0584530887356996 0.682900339530489 4.71007275401556 1.62771736963098 0.300709570864306 2.78748622176038 1.95637859209835 2.51309179123712 0.439333042301456 2.47948387696625 0.776467324591584 1.72270904331314 3.5923533397535 6.79593685154019 0 0 0 0 0 0 0 0 0 0 0 0 0 0 0 0 0 0 0 0 0 0 0 0
3.23816118230665 11.1421433295248 1.44074011692824 0.00889144013093053 0.158959188145408 5.05351203111508 2.26631910068727 0.150820684371792 0.489245636638513 4.38069530861952 0.92049183685992 2.15118264114161 4.82761565534796 1.97316153942424 1.17405243366758 6.00958210219284 2.83371436567375 5.65868771971145 5.08242799981047 0.0489244829465873 4.56630150283922 1.18169759756829 0.0713999262623162 2.08311699108618 1.28676692651849 3.48083940538755 0 0 0 0 0 0 0 0 0 0 0 0 0 0 0 0 0 0 0 0 0 0 0
6.90003811311701 0.674069516475631 2.49986227389697 3.08798016657087 3.75064394782235 0.799038288408956 0.746564890741243 1.10832411895989 2.67070552813522 7.57764611580474 5.28365318847767 5.32883804943455 3.02647656514167 5.77981569173368 2.34451825756197 7.84819779172622 3.01592870329847 3.94948223701462 0.488032609300465 0.850356747658662 1.95108622376598 2.12472360723067 0.420365014587703 3.28480750467595 1.67165930206542 3.05727215442224 7.28678135399038 0 0 0 0 0 0 0 0 0 0 0 0 0 0 0 0 0 0 0 0 0 0
0.174726866682234 4.76189504016034 0.735763802347432 0.583118954595069 4.05905022818458 0.0332132256049977 6.21311023033138 0.542929318053622 0.598929381848597 1.24467936915096 0.285987632610811 1.6089931588256 2.78661975701532 4.62058777141166 1.31086410880299 0.683448814290159 5.24481892665051 1.1674683114174 1.51773783433241 0.662776282214581 0.742167541807423 2.20964861158289 2.35011094166198 6.89589612830899 1.40753107809415 9.22650130954033 2.61688840691794 0.762384496939044 0 0 0 0 0 0 0 0 0 0 0 0 0 0 0 0 0 0 0 0 0
0.358919105315058 0.437374097714294 0.00392173658404341 1.94083350639008 2.23681666058288 1.79970677914896 5.5844014726999 3.06961252496561 0.380236907625836 1.754025661637 1.95937283967459 3.69535143473058 4.91414742883442 1.86310599114746 1.55146029871391 1.4483363162017 3.75159389565585 0.635591623814475 5.30932101844011 1.8877969212737 0.290910159236675 0.555247336773159 0.169001052391727 0.770046595150699 0.440576771056541 0.893131516095401 6.32432311591714 1.55446659311782 1.71554657353717 0 0 0 0 0 0 0 0 0 0 0 0 0 0 0 0 0 0 0 0
5.84638043255854 3.19332917158819 2.65887890228404 2.77671547730399 0.952229713753651 2.01227222332068 0.5525696572746 1.2171274481808 0.606345301428272 5.27180832826009 0.283298078047442 4.17173702289427 4.18024581146231 1.06377683286651 1.93823391359715 0.71236975001057 0.368364359177874 1.13013034747829 1.16378220712372 1.96799209117503 1.58043874282393 0.537108505900024 2.52135317317946 0.915371143219271 1.570045602551 0.430491679539808 2.6867683819439 4.32993912424465 2.45479767413801 0.429586489793147 0 0 0 0 0 0 0 0 0 0 0 0 0 0 0 0 0 0 0
3.11540604265291 1.64637462815753 0.325531562278957 5.10254471248417 0.38916316930169 1.34810694908057 5.38107639868214 0.654406688859731 7.73558984820761 3.9412016722791 4.11338654642714 1.5533288974738 2.06517726957434 4.95946878921417 1.20017563333 0.574245398823926 2.06213649024168 4.34977826305574 0.269375314373167 3.74249565318617 0.168424160498809 0.429509841975837 0.000690494898205956 2.19499750478048 0.331183070843779 1.03101511393252 8.3270846744624 1.92707556366288 2.67233527069714 1.73668937896127 2.24962352631498 0 0 0 0 0 0 0 0 0 0 0 0 0 0 0 0 0 0
2.58108563493147 0.726018392538863 2.49664898872609 0.67381680165304 4.24273900760901 0.56091615370418 3.08831098512988 0.0272297024711399 2.78273170281904 9.03898754916669 1.00473390080861 4.69781444596657 0.296257247633483 7.06951063084555 0.0210680165326507 1.88615637417358 2.51266313774477 4.74515535415366 3.77627361525825 0.0561205613164058 5.04471465581473 4.90039857385587 0.762661155553012 1.11370215894813 1.0718198209989 3.97961114766314 1.53149152701289 0.775205910286303 0.669336525692617 2.44173385902327 0.200112156931469 0.33229471379313 0 0 0 0 0 0 0 0 0 0 0 0 0 0 0 0 0
0.874895153513755 1.58929871149796 5.25663638323529 0.697595830132924 1.11063720828315 1.44842758868813 0.0659583190743137 6.71712230013236 1.9563017032274 0.631148604157521 0.056908235804481 5.40570817107818 4.50905820183925 0.465059249906972 2.03871843082429 1.62327361155762 0.760422546538131 0.193907796194685 0.0675340211185292 1.65785145391057 1.27772576168455 1.07240345991476 2.71116466319627 4.3686421264216 3.73757628274111 0.431451043441281 1.02504889371002 0.903769131780441 3.76676398386135 0.378619078962919 1.68091323747734 0.88132845729994 0.0146503508275985 0 0 0 0 0 0 0 0 0 0 0 0 0 0 0 0
0.442292691585577 0.658322872022936 6.23289556837397 2.01245372034432 0.561223113429977 2.18931864493766 5.19545733568765 0.88310702828933 0.123233952179516 2.14344681021719 6.86700896661881 1.97439987202438 1.17556429376218 1.83120938946691 0.0304171959710208 0.278980115961421 0.859143408964898 2.90780199657733 0.933057187166089 0.386447835341541 0.652700653729987 3.1561845122223 0.811171892412037 5.04766448367303 2.00186562553335 1.02824005267221 2.90001026737669 2.166428428025 0.446242005913918 0.372269528559574 3.55995170716662 0.133271483497304 0 0 0 0 0 0 0 0 0 0 0 0 0 0 0 0 0
2.74474597288566 1.42413808667592 0.299308939716247 0.0928096466850649 0.67465118944523 0.57111724324857 2.91420148155405 6.95248639634776 1.99140087549066 0.648937496061339 0.622294868399435 1.26012847513421 2.59615053777117 0.468608555812559 1.99230272325603 0.991309808362046 1.12051484167378 3.84935723642147 5.83745910610216 1.00081880242907 1.46228936279072 9.69337017748297 0.795056028001925 1.47453649509311 1.80579776781387 4.90599863311471 0.303333211317074 0.0339409307604855 1.39120122128792 1.86356710294773 0 0 0 0 0 0 0 0 0 0 0 0 0 0 0 0 0 0 0
0.8202689391655 0.70156563088236 0.715469923749229 1.87013686154997 1.19661433139448 6.13606156923978 0.686860242947413 2.1972534129877 1.53757074358732 5.75849207524606 1.96363420692993 1.04639496770912 1.84195929861465 1.92616073362063 0.995872629509361 0.621539752510517 0.329100006671957 2.16565879797784 1.46522952330589 7.93332297730581 11.2617843248802 0.00157769878450583 0.605313464035459 0.119818892717212 0.004282100119205 0.77450021042549 1.51531064438975 1.49370085233381 0 0 0 0 0 0 0 0 0 0 0 0 0 0 0 0 0 0 0 0 0
3.85069887962512 2.15241247008524 0.205361749458752 4.04811031139645 2.5017731872393 0.565266654413433 2.25320981042886 4.08087520819398 2.50702255203108 6.69932085603167 1.79637304627443 1.6387596514085 0.340825747622474 1.34270526941689 1.41921847844502 1.9352807649681 1.81731912508383 0.219050893368944 0.941517041842885 0.709143395117784 0.507149575170677 1.50275004518122 7.15033411139983 3.81033818332892 7.03648316330395 0.150163733831683 0 0 0 0 0 0 0 0 0 0 0 0 0 0 0 0 0 0 0 0 0 0 0
2.78096218532916 5.22153076407864 1.63503620054898 5.44818669055218 1.68851435556495 4.45582149819749 6.7288723585772 1.79038794042437 0.530014374319608 0.633678104961609 3.23042774086511 1.48755288638006 0.195438085880051 0.799034258194427 0.26716228108267 6.83702139176904 4.33881983445304 6.41511953135141 0.874876061988424 16.1295505750081 2.87140713916717 2.76131994759388 2.03355915864165 0.971481499287926 0 0 0 0 0 0 0 0 0 0 0 0 0 0 0 0 0 0 0 0 0 0 0 0 0
1.37005037248505 6.51100116636328 4.48827590816043 2.17843118694313 0.0672344530701104 5.85936856615183 4.96205401469927 8.61576930349648e-05 3.20804198996936 1.08525003704569 2.62325128384912 3.755543793557 2.09215608697123 3.510860089696 6.00175225661761 1.38241894810181 5.54986118277709 0.649090669408974 3.98376480892579 0.381638670675414 3.01598336036674 0.0804043153185787 0 0 0 0 0 0 0 0 0 0 0 0 0 0 0 0 0 0 0 0 0 0 0 0 0 0 0
2.43573477236469 4.00843331220972 1.0498966249448 0.254731043171609 1.50934767158733 0.11379534298245 0.421019487858045 0.555730889744875 0.947617764725643 0.605645770073044 0.639859092985288 0.276263677307957 2.30656775824282 0.77643038236672 1.05088729369174 0.517140660736993 1.7722774580256 0.0699236972620459 1.54348531094258 0.511483190797416 0 0 0 0 0 0 0 0 0 0 0 0 0 0 0 0 0 0 0 0 0 0 0 0 0 0 0 0 0
9.28562324087378 2.40410498650176 0.36231205397265 2.52804973638786 1.25627771517481 6.86990284294085 0.0806066239954334 6.78706250923766 4.14920065126069 6.45889458117727 0.550416082355045 0.317204655767832 2.46257177524761 0.587152640745789 1.68024914140296 0.513769293844578 2.43295568399553 0.0256426593998632 0 0 0 0 0 0 0 0 0 0 0 0 0 0 0 0 0 0 0 0 0 0 0 0 0 0 0 0 0 0 0
0.234093323260872 0.0630865452092378 2.20744839379986 0.493217753156622 3.59474070353187 3.01927617828467 0.977697794994301 6.55711640409976 9.43013681364599 7.38024986721309 0.159986838172813 5.00948252803953 3.27573559213605 0.510942416341744 0.294211827187498 0.936988156422508 0 0 0 0 0 0 0 0 0 0 0 0 0 0 0 0 0 0 0 0 0 0 0 0 0 0 0 0 0 0 0 0 0
1.73730562386977 0.534712698472401 1.02105491040095 1.9824294346149 0.292347510683882 3.82077630385554 6.65755695211519 3.35588863097546 0.475847650136674 1.67531585729399 1.46931878850254 0.460571257697975 3.84918227836105 0.106293093561375 0 0 0 0 0 0 0 0 0 0 0 0 0 0 0 0 0 0 0 0 0 0 0 0 0 0 0 0 0 0 0 0 0 0 0
2.76380868436408 2.64253826343533 1.7663358457633 0.230508476597815 0.562431949908492 2.20434006294555 1.79756381882005 1.50107751124986 1.66740394578864 3.03036720619241 2.21136911306315 0.418400951782018 0 0 0 0 0 0 0 0 0 0 0 0 0 0 0 0 0 0 0 0 0 0 0 0 0 0 0 0 0 0 0 0 0 0 0 0 0
0.687266069739207 1.50355894781317 0.451629135936937 0.415935060506226 1.18573115126115 1.96376299822582 0.709931089521989 1.57349381120562 2.3109494941929 0.892991229473803 0 0 0 0 0 0 0 0 0 0 0 0 0 0 0 0 0 0 0 0 0 0 0 0 0 0 0 0 0 0 0 0 0 0 0 0 0 0 0
1.49189661659917 3.01152133817353 9.17379142113589 3.88439187172498 0.26038458700674 4.3486005013116 5.7931719484876 0.670209146350653 0 0 0 0 0 0 0 0 0 0 0 0 0 0 0 0 0 0 0 0 0 0 0 0 0 0 0 0 0 0 0 0 0 0 0 0 0 0 0 0 0
1.93913417694053 5.6972723084856 2.27697409290067 8.58875041954125 0.249254732444198 0.165083441501677 0 0 0 0 0 0 0 0 0 0 0 0 0 0 0 0 0 0 0 0 0 0 0 0 0 0 0 0 0 0 0 0 0 0 0 0 0 0 0 0 0 0 0
1.70348390305721 1.9712481158889 8.86200495753121 1.90575232597465 0 0 0 0 0 0 0 0 0 0 0 0 0 0 0 0 0 0 0 0 0 0 0 0 0 0 0 0 0 0 0 0 0 0 0 0 0 0 0 0 0 0 0 0 0
1.22462769854886 2.9709248384826 0 0 0 0 0 0 0 0 0 0 0 0 0 0 0 0 0 0 0 0 0 0 0 0 0 0 0 0 0 0 0 0 0 0 0 0 0 0 0 0 0 0 0 0 0 0 0
