1.72431444905485 0 0 0 0 0 0 0 0 0 0 0 0 0 0 0 0 0 0 0 0 0 0 0 0 0 0 0 0 0 0 0 0 0 0 0 0 0 0 0 0 0 0 0 0 0 0 0 0
3.38376181536972 2.80383623365973 0 0 0 0 0 0 0 0 0 0 0 0 0 0 0 0 0 0 0 0 0 0 0 0 0 0 0 0 0 0 0 0 0 0 0 0 0 0 0 0 0 0 0 0 0 0 0
2.95080032708772 5.30528582175207 0.688815149947885 0 0 0 0 0 0 0 0 0 0 0 0 0 0 0 0 0 0 0 0 0 0 0 0 0 0 0 0 0 0 0 0 0 0 0 0 0 0 0 0 0 0 0 0 0 0
3.87070207507187 4.15802339825827 5.7198919018104 4.65131674260665 0 0 0 0 0 0 0 0 0 0 0 0 0 0 0 0 0 0 0 0 0 0 0 0 0 0 0 0 0 0 0 0 0 0 0 0 0 0 0 0 0 0 0 0 0
1.81199221633936 0.134200027939637 2.85548160845269 1.9325639684399 3.93858923533496 0 0 0 0 0 0 0 0 0 0 0 0 0 0 0 0 0 0 0 0 0 0 0 0 0 0 0 0 0 0 0 0 0 0 0 0 0 0 0 0 0 0 0 0
3.71910692388431 4.28551765929307 1.66551620569755 4.15821208782658 0.213922537162162 2.83164017701226 0 0 0 0 0 0 0 0 0 0 0 0 0 0 0 0 0 0 0 0 0 0 0 0 0 0 0 0 0 0 0 0 0 0 0 0 0 0 0 0 0 0 0
3.01892418594877 7.55897597516899 0.351608046342715 0.48800290851429 12.5593808963535 1.98678324120866 3.21127153876617 0 0 0 0 0 0 0 0 0 0 0 0 0 0 0 0 0 0 0 0 0 0 0 0 0 0 0 0 0 0 0 0 0 0 0 0 0 0 0 0 0 0
1.86711764003456 2.00615799687453 2.67779179842286 8.21836666054395 1.16425708917682 6.49809637823517 2.1964176864606 0.392296467201297 0 0 0 0 0 0 0 0 0 0 0 0 0 0 0 0 0 0 0 0 0 0 0 0 0 0 0 0 0 0 0 0 0 0 0 0 0 0 0 0 0
0.796178562758573 3.87177813762588 3.94416479397785 1.81456228666583 4.70947817105152 1.74757199647859 4.17282963906428 4.11788872396558 0.929389360853347 0 0 0 0 0 0 0 0 0 0 0 0 0 0 0 0 0 0 0 0 0 0 0 0 0 0 0 0 0 0 0 0 0 0 0 0 0 0 0 0
1.2414005327155 0.276928090630249 3.41360840900785 4.11529710980747 0.941458410857827 3.29136505799073 3.14132251826223 5.51863647276142 1.69717926737454 0.266434538995841 0 0 0 0 0 0 0 0 0 0 0 0 0 0 0 0 0 0 0 0 0 0 0 0 0 0 0 0 0 0 0 0 0 0 0 0 0 0 0
1.56973008394914 1.74288604809879 12.5640747684326 2.57128512476032 6.56832953223032 0.740809024734616 1.82936543718173 7.14081894320731 1.16233115263865 1.22409353986086 3.90528700212437 0 0 0 0 0 0 0 0 0 0 0 0 0 0 0 0 0 0 0 0 0 0 0 0 0 0 0 0 0 0 0 0 0 0 0 0 0 0
1.21290369870538 3.18868071250437 2.05804514627324 4.18975399163099 5.30573731186608 7.61287846199195 4.84846611999321 2.4701776787295 2.13363231964795 11.7570669305603 1.02152965195564 7.35731840247585 0 0 0 0 0 0 0 0 0 0 0 0 0 0 0 0 0 0 0 0 0 0 0 0 0 0 0 0 0 0 0 0 0 0 0 0 0
5.66884636313321 2.34965817600021 1.04662308255506 1.44280313583743 2.11636072187207 0.948224726305631 3.63182182959421 0.46615222062892 1.70300098267121 4.28660416512185 1.07914757081776 0.0395476106797878 0.523864753890106 0 0 0 0 0 0 0 0 0 0 0 0 0 0 0 0 0 0 0 0 0 0 0 0 0 0 0 0 0 0 0 0 0 0 0 0
2.62508000843758 1.9120666036563 0.306272374136856 1.28438760379776 4.73299962543889 0.587479929403836 0.0558269687291337 8.08781633631429 0.425859485126485 3.48367881180103 1.69213085048669 8.00364543474156 3.88942633097028 2.86061889775272 0 0 0 0 0 0 0 0 0 0 0 0 0 0 0 0 0 0 0 0 0 0 0 0 0 0 0 0 0 0 0 0 0 0 0
2.51439255567846 1.43423276856666 3.07444953881366 8.90912059658556 0.688906664863666 7.45324201880082 3.9931856914911 2.46459943506472 0.308813797801853 8.71185337362314 1.56622132469552 0.617399049312614 1.22188761125693 2.76359863151208 0.222029063361788 0 0 0 0 0 0 0 0 0 0 0 0 0 0 0 0 0 0 0 0 0 0 0 0 0 0 0 0 0 0 0 0 0 0
1.06397659645943 7.18905240050281 0.891884405592127 4.60006535193318 4.94061124782898 0.595627318863749 2.605401549819 1.75712647986569 8.90506399355768 3.36862229377336 0.876551757278952 5.72340079762924 5.44830731564092 1.38447424258027 6.97735859484581 0.588812515410989 0 0 0 0 0 0 0 0 0 0 0 0 0 0 0 0 0 0 0 0 0 0 0 0 0 0 0 0 0 0 0 0 0
2.86173927493424 2.02229719237915 2.09236895701241 3.54434420645042 1.42519301522041 9.96993052535006 3.29642739591384 12.9885341721169 0.246103473109776 5.28423008179332 0.436312647423922 0.638843472131198 2.53188571253673 1.05032227001923 1.35950482294054 3.1970843102134 0.288692127645344 0 0 0 0 0 0 0 0 0 0 0 0 0 0 0 0 0 0 0 0 0 0 0 0 0 0 0 0 0 0 0 0
1.24963064737335 4.34455612037893 1.83086900463748 2.68362497437828 2.66855147050638 2.04401928806253 4.86858806470895 1.41324887355414 1.60759502775804 9.6045109754158 5.14321903174187 11.6019595788391 1.86562288367757 5.20716734954308 9.06657936410585 1.65642402452111 3.78541831980204 2.0997164880382 0 0 0 0 0 0 0 0 0 0 0 0 0 0 0 0 0 0 0 0 0 0 0 0 0 0 0 0 0 0 0
3.77651135914627 0.388669855047907 10.2761641480773 2.83926377031937 8.42150392222568 7.54320869080727 5.12963198919592 0.529495409359475 0.150909575916516 3.60629488805417 3.30870131745922 1.49990152345835 0.129946989454578 4.64318641413072 3.02125982033156 1.15925065412524 6.70533887184958 2.82603225983168 1.98993252791279 0 0 0 0 0 0 0 0 0 0 0 0 0 0 0 0 0 0 0 0 0 0 0 0 0 0 0 0 0 0
0.824889730294854 1.02399817443046 0.956479974755349 0.235226105018791 5.84879929328869 1.91539370477021 1.33741639828823 1.00951413744096 3.03115604584503 5.05974162819879 1.16141159725196 3.59836922708396 1.0026348280789 0.81590973590335 5.31326594757301 0.546344021353894 3.3219903247651 1.19863151736732 2.89026184866373 1.03638231719833 0 0 0 0 0 0 0 0 0 0 0 0 0 0 0 0 0 0 0 0 0 0 0 0 0 0 0 0 0
0.530478066345133 2.31927583948968 0.958492706940148 16.6854077356103 5.31978391795821 1.60866698784297 1.24377147991074 3.23737206152478 7.12296394094042 5.58627957259674 3.51877486081587 3.69431578601057 6.31525202879385 6.72982202030276 5.01370631161668 15.9554487933744 0.471784123562439 6.27468001899648 4.10727602682698 3.12678559371871 0.296100713367177 0 0 0 0 0 0 0 0 0 0 0 0 0 0 0 0 0 0 0 0 0 0 0 0 0 0 0 0
0.343850412355766 1.33109850595583 3.88674236964536 4.58134309916744 1.00544143375483 3.44107070701881 0.676489198916538 1.49946312332075 0.440634220932394 0.796399824912074 0.781712973911568 13.1966719068281 1.70980575569213 2.92381389853551 0.118626478336766 4.05800231122645 0.0571438107248964 2.96738732465626 3.24143929086053 5.81410940422154 4.28434634648559 0.930773942991675 0 0 0 0 0 0 0 0 0 0 0 0 0 0 0 0 0 0 0 0 0 0 0 0 0 0 0
1.55573151672052 1.57836033365434 5.78880603928851 0.928751493411117 4.83507011296756 3.87925513870758 0.219757673902131 3.70868602251894 0.291113831712986 2.14036198006259 8.6101849520661 3.65257268819396 0.653658304112554 11.3649536111522 0.714745484385972 3.41958566666566 0.120725265501008 5.61879209193528 3.08326305327045 0.913257177504399 12.1976137703536 0.904066167257697 2.36821719721285 0 0 0 0 0 0 0 0 0 0 0 0 0 0 0 0 0 0 0 0 0 0 0 0 0 0
1.89243949163284 1.94555628568898 0.0856295273773007 0.206249545447855 2.0549718980331 5.21962472853149 2.57453488832035 0.154075643842744 8.17205391435313 1.33920532145002 7.09603803690581 2.56798458888528 5.08094013058332 1.15317370067653 3.53239036936415 5.15646686411942 1.43687164499092 4.96737397207286 7.66031137375071 1.01689653290552 2.25185972495085 3.87020977670044 0.90125103167279 1.82739525472424 0 0 0 0 0 0 0 0 0 0 0 0 0 0 0 0 0 0 0 0 0 0 0 0 0
2.22895154847862 0.168234479228382 1.02645469399876 2.20596135622385 8.77818047749095 4.22069777743605 1.8892905485383 0.206433668149385 0.3510069998468 4.34683426682627 2.80522186313621 17.3086770492386 0.880563804369413 0.706231488207657 0.168623121760098 1.3126337898495 9.67332711413058 2.41145226306057 3.09541148397762 0.455355281862168 5.02158118787126 1.73334146544332 3.12378834610166 2.47268254965408 8.59859261719876 0 0 0 0 0 0 0 0 0 0 0 0 0 0 0 0 0 0 0 0 0 0 0 0
0.530162490113351 3.38241229059757 1.3309862746923 1.21212312002994 0.111283929805268 4.38428630824315 2.25273950763665 0.44061225006527 1.2886323078528 0.0363453089339983 1.24472795330581 1.26108501758729 3.16307158146768 0.980691632295946 0.565081877186367 1.42226078748519 0.0846565919982732 0.225993810507826 1.89122459259564 0.878234954692839 0.999813063395262 3.86113452006968 1.93224259029642 9.29890978617092 1.58627239137209 1.93534245657164 0 0 0 0 0 0 0 0 0 0 0 0 0 0 0 0 0 0 0 0 0 0 0
0.728872391408497 7.39761619352359 3.18664812073927 8.27498455490912 1.1168917021618 0.439904426361981 0.752318063456326 1.56325215235555 1.54667746300315 4.54302142995739 3.22921240586531 0.211242849751469 9.02671003840479 2.79613887814671 2.36995414170445 8.98664981394038 4.42519406364844 1.41964447004295 5.85622923905218 5.64149413145597 1.51340139566186 0.691278051474183 5.22270806282546 0.111821904920442 0.355423135271947 0.688844912509768 3.08669668652765 0 0 0 0 0 0 0 0 0 0 0 0 0 0 0 0 0 0 0 0 0 0
4.77650898923187 7.30272701393869 4.23479656453009 6.64456602174397 13.8387923867431 6.98559039013568 6.84735241331928 0.0868156145375571 1.51825750165072 0.56979543923418 3.73826516510069 5.0856331727991 1.8239049984533 4.72172281329728 7.57000716595709 0.648801923652914 1.6997306567755 7.80756965916287 2.77434644944182 4.46337886871846 7.76419263029748 0.299484605641214 0.975581521166068 7.80008521623999 3.96121766067532 1.24829904713575 0.777058389410847 1.21372417236647 0 0 0 0 0 0 0 0 0 0 0 0 0 0 0 0 0 0 0 0 0
0.0909240554306592 3.03553727789698 1.23987279259669 4.70976556309762 0.608084414454246 5.78853409747666 3.31306825468886 1.62388175325587 0.000104853931355382 2.31567880850001 3.67649587784867 6.76658712399387 1.14820525588223 0.830950945819396 4.6101350662725 0.140782196779124 2.95948341745396 7.3575868442396 3.89084189119338 5.20972205456321 9.55636920712474 3.85163937500653 0.187148768550131 4.39659410761199 3.50746782437199 0.504689237450265 2.23778453327892 4.18134139004727 3.7382388564553 0 0 0 0 0 0 0 0 0 0 0 0 0 0 0 0 0 0 0 0
2.87380029735485 0.35044200877747 6.21283498433848 0.795821982702134 2.33131964466909 1.33530365067788 9.52267410498452 2.71608620326588 2.29903046015214 1.90169808367101 2.19650151126812 11.3709783632123 9.14518995775208 0.631704385683926 1.90039055266468 4.1525500254783 2.88698373548518 11.3742256348385 0.759513428068629 4.56733210223288 0.236017694811888 0.414368974219823 4.27395163067585 6.89574171819787 0.0369288934840678 1.00213663335185 4.09480215914173 3.56142780632836 1.59891141388127 0.0350889299616905 0 0 0 0 0 0 0 0 0 0 0 0 0 0 0 0 0 0 0
2.54197340487994 3.83408935711726 1.1078436986859 3.44758659388502 2.82998299109087 1.92681117097093 1.04639255117977 12.6361425111251 2.87590077453144 10.3718934581545 1.3748533135873 0.22162547354259 6.5476103097929 4.86947046473949 1.07288699616482 2.74829485285398 2.04173576698159 2.16769952338663 14.65857549272 0.704682248818964 4.0939563604984 1.26449807222235 5.80677437984413 1.53501847011354 6.21581531595961 2.15600698229374 0.500625520524813 4.51923939573665 0.394974758028172 3.62469360625706 2.74886347813678 0 0 0 0 0 0 0 0 0 0 0 0 0 0 0 0 0 0
1.62944239368953 3.39874642415941 9.06452717982192 2.11794171903273 5.88141378724026 2.92089191506264 1.37748555713172 0.91869822935286 4.34217992615258 0.385009164069979 2.14820261483047 1.47332876921246 2.2751846352549 1.20149957085996 2.94723378391586 2.69593394224778 9.51776274864437 0.47383676200448 1.87283154697199 8.38713294764918 0.828706380248051 0.715209382993862 3.74900840301867 2.2953390196873 0.243212944110656 8.04268267981264 1.87761142814499 1.72644215014296 0.0383025294831769 2.99576926437772 5.05863323503779 3.0652904608882 0 0 0 0 0 0 0 0 0 0 0 0 0 0 0 0 0
0.410615275758192 2.78675886975999 6.35974916263427 0.259810458385139 4.54034864754257 4.00912149479683 0.508347312247671 2.32758940708801 1.82027629667783 4.23908821493711 4.54244694122542 0.180796511362061 0.950908690656903 1.25642604174216 0.510132305656795 3.91010836937628 1.50812348685618 1.93114206867869 0.824923621708938 2.82987313794995 0.762800301315213 2.04557258317597 2.63256221955798 1.66709617837784 12.0519666051276 0.896804092911849 0.00209975331633439 0.25579528663154 3.26560878082367 7.64511853480113 1.3280441340892 1.63133935373949 2.70954939365272 0 0 0 0 0 0 0 0 0 0 0 0 0 0 0 0
0.547903009006474 0.309559411004549 7.56391853118984 0.146571036666763 2.36985865620811 1.45453312570072 2.46439550022466 2.23712002018065 6.30995807529789 4.94582440172494 0.38804588515184 0.301070620104284 2.66056931390158 3.52274375424146 7.07756832927831 6.41945189529561 0.836349762212856 6.74331340774551 1.07901915144948 4.71711998918372 0.751461002916753 1.09403409220598 8.27813572047338 0.903683811354436 3.09601873737783 2.13605300275623 6.02816098310384 4.02417496913557 0.017331649597345 0.911705607212493 1.17395771746572 1.81311776689273 0 0 0 0 0 0 0 0 0 0 0 0 0 0 0 0 0
1.70240725667846 6.33472538747913 3.56290332471472 2.85473931037931 0.509324216513887 1.71206776522323 0.165689252857329 7.73460045516972 3.44541771611382 4.6158908218408 6.4176248590764 7.2355874593745 0.46302865397894 1.59015629038062 3.2791756311671 3.21871336837498 1.17806449078555 21.6065683152981 0.915128547105686 0.676810339552638 2.47695894927047 2.85612835455499 0.796142044104351 3.15077005109566 3.77953921477813 6.80126191979067 3.76673577688132 8.0313163528989 1.98922520062626 5.36611435467866 0 0 0 0 0 0 0 0 0 0 0 0 0 0 0 0 0 0 0
0.991464670367608 1.74034569165315 0.0933801431608978 6.92931677443606 3.40333941182239 5.24353239713014 4.77753835152413 11.0254047565072 0.0207868532674363 3.36934382020129 4.21319599371722 1.55381431127915 2.03246525689339 6.05098141038926 1.44245231452221 3.54446967043927 0.37044104382039 1.9478624985025 2.422992732764 1.74814107032066 3.22468598515864 7.25074241128624 4.01317247931437 6.12431011746534 3.91331683242566 4.32142351809093 1.30242459952703 0.527323605443587 0 0 0 0 0 0 0 0 0 0 0 0 0 0 0 0 0 0 0 0 0
3.35619952769665 8.63665918164359 1.61058591596149 3.9038667138508 6.93244578668063 0.627977550441481 2.69041380279521 2.3153364193959 8.63752611251099 2.88745675887579 1.216480952713 4.01013392614493 9.89357701605434 3.89859603138281 5.61284454526666 0.207605372504386 0.740835419838643 1.9708800474096 0.938388480758262 0.00423216865283263 2.6696037727665 3.56529902926696 5.56507063560285 6.57315561293458 0.0711622223898616 1.12496386590605 0 0 0 0 0 0 0 0 0 0 0 0 0 0 0 0 0 0 0 0 0 0 0
0.771828373037651 2.58889150343088 2.22412634615167 1.64842140298526 0.815551220205782 5.65840902135966 0.483935772422274 2.67906682491037 1.27583956730516 1.19174232683215 6.3543698816544 1.44793691792435 1.03904990378248 2.99610479225903 0.143964767387664 0.771631705272577 1.96941381785327 0.917878276855779 4.27776727036817 5.35168924219209 2.28206395315781 0.970289874099215 0.885250676252823 0.905367487537345 0 0 0 0 0 0 0 0 0 0 0 0 0 0 0 0 0 0 0 0 0 0 0 0 0
0.214440769489961 5.15299250790781 1.06978139260858 7.22716153685794 0.720575494852681 0.108864220012794 1.49521264220201 0.767322373945629 7.24978663424749 5.2022069572629 4.54836839451617 0.861608213642456 0.0937347787577804 10.0889430314561 4.68915321699669 2.50346815398405 1.64711745772204 0.863736342751479 3.66259358062492 1.93714023971095 4.55705173931392 3.87187301121902 0 0 0 0 0 0 0 0 0 0 0 0 0 0 0 0 0 0 0 0 0 0 0 0 0 0 0
0.970359766262438 0.291666352447694 7.15362999888846 8.27598714046244 0.164056037176313 8.93775407903762 4.59608889835865 9.62056944309748 4.1125477053841 4.56443328997923 8.15365321360891 0.195776007049413 4.15366550648497 5.81721125537892 2.77205475085198 3.81939426605537 9.41609268601055 1.92503450993572 2.39682965667213 0.574642483283344 0 0 0 0 0 0 0 0 0 0 0 0 0 0 0 0 0 0 0 0 0 0 0 0 0 0 0 0 0
2.14181435867886 3.07493789389439 1.81394292621289 0.952670730267635 1.38606536122887 2.75621718288934 4.0891086214256 1.54043375901579 5.6021819468468 3.10212648410776 2.16553050695772 2.15329070007216 5.91256566547494 0.0614949853901785 7.5503514799944 0.817274323884607 1.84883648461129 1.99485074693144 0 0 0 0 0 0 0 0 0 0 0 0 0 0 0 0 0 0 0 0 0 0 0 0 0 0 0 0 0 0 0
9.41205129885647 1.55930117672514 0.87301812941241 5.5927905684319 9.77569239328074 1.41230452845429 3.18911266754764 3.51091870010389 0.708901051498768 4.84653038999207 7.66108774832296 0.730182921776221 0.333196144991623 0.397534765936068 3.68334757513121 0.606963074791603 0 0 0 0 0 0 0 0 0 0 0 0 0 0 0 0 0 0 0 0 0 0 0 0 0 0 0 0 0 0 0 0 0
1.98484652319976 0.571768337539344 5.59247539627341 6.24973435390711 6.72198258384387 1.45259812581099 1.17663919409116 4.95382793877056 2.01960983071019 4.68762565017225 1.42806672938736 1.11655496209149 2.98531968385284 1.4160950254516 0 0 0 0 0 0 0 0 0 0 0 0 0 0 0 0 0 0 0 0 0 0 0 0 0 0 0 0 0 0 0 0 0 0 0
0.235450131048235 10.201574999891 0.114719019912232 0.944915906875878 0.668421107684224 3.24114296683653 2.67344123746322 5.17171970659103 2.4455627044871 8.4171214856546 0.258856342669294 2.6674291008431 0 0 0 0 0 0 0 0 0 0 0 0 0 0 0 0 0 0 0 0 0 0 0 0 0 0 0 0 0 0 0 0 0 0 0 0 0
2.891732555009 17.4155209440946 1.90703942655193 11.6776184099022 4.36761387785754 1.44316661890013 11.4102089859512 10.5155106494657 3.25420824605146 0.173495162861862 0 0 0 0 0 0 0 0 0 0 0 0 0 0 0 0 0 0 0 0 0 0 0 0 0 0 0 0 0 0 0 0 0 0 0 0 0 0 0
10.5868637273115 3.81688741414537 5.01199616042682 5.59206175669685 2.52135454850309 15.1734425873296 5.65011267060901 0.19107273448315 0 0 0 0 0 0 0 0 0 0 0 0 0 0 0 0 0 0 0 0 0 0 0 0 0 0 0 0 0 0 0 0 0 0 0 0 0 0 0 0 0
3.44604175732307 1.51785306116242 7.82009078379883 8.12264522175665 1.87136902662686 1.42804591572373 0 0 0 0 0 0 0 0 0 0 0 0 0 0 0 0 0 0 0 0 0 0 0 0 0 0 0 0 0 0 0 0 0 0 0 0 0 0 0 0 0 0 0
1.51007628749018 11.1203616565159 0.791187094912057 0.367412645181053 0 0 0 0 0 0 0 0 0 0 0 0 0 0 0 0 0 0 0 0 0 0 0 0 0 0 0 0 0 0 0 0 0 0 0 0 0 0 0 0 0 0 0 0 0
3.90169437440414 0.73717065083132 0 0 0 0 0 0 0 0 0 0 0 0 0 0 0 0 0 0 0 0 0 0 0 0 0 0 0 0 0 0 0 0 0 0 0 0 0 0 0 0 0 0 0 0 0 0 0
