4.05719592433094 0 0 0 0 0 0 0 0 0 0 0 0 0 0 0 0 0 0 0 0 0 0 0 0 0 0 0 0 0 0 0 0 0 0 0 0 0 0 0 0 0 0 0 0 0 0 0 0
8.69130568720162 2.54781553926423 0 0 0 0 0 0 0 0 0 0 0 0 0 0 0 0 0 0 0 0 0 0 0 0 0 0 0 0 0 0 0 0 0 0 0 0 0 0 0 0 0 0 0 0 0 0 0
0.00637557867163456 2.03661422189958 3.0715608182216 0 0 0 0 0 0 0 0 0 0 0 0 0 0 0 0 0 0 0 0 0 0 0 0 0 0 0 0 0 0 0 0 0 0 0 0 0 0 0 0 0 0 0 0 0 0
0.0329865974428169 2.16828757670254 2.38849523980824 0.299015494368452 0 0 0 0 0 0 0 0 0 0 0 0 0 0 0 0 0 0 0 0 0 0 0 0 0 0 0 0 0 0 0 0 0 0 0 0 0 0 0 0 0 0 0 0 0
2.40421134695361 1.24686202450288 1.73399500358701 2.5311144670488 4.4994806383671 0 0 0 0 0 0 0 0 0 0 0 0 0 0 0 0 0 0 0 0 0 0 0 0 0 0 0 0 0 0 0 0 0 0 0 0 0 0 0 0 0 0 0 0
2.15481911150451 2.11729139564425 1.00173942977764 0.148077617796742 1.69727745913996 2.4484491009222 0 0 0 0 0 0 0 0 0 0 0 0 0 0 0 0 0 0 0 0 0 0 0 0 0 0 0 0 0 0 0 0 0 0 0 0 0 0 0 0 0 0 0
0.364068755525798 0.368526680318877 6.13063073747681 0.173571680586375 5.84298800247628 0.51936479179861 2.43594991623937 0 0 0 0 0 0 0 0 0 0 0 0 0 0 0 0 0 0 0 0 0 0 0 0 0 0 0 0 0 0 0 0 0 0 0 0 0 0 0 0 0 0
0.695605603325664 1.73934050982312 3.55761052649635 0.0263591358876384 5.5258850830171 0.514185975026041 2.58292741257452 0.494767248459077 0 0 0 0 0 0 0 0 0 0 0 0 0 0 0 0 0 0 0 0 0 0 0 0 0 0 0 0 0 0 0 0 0 0 0 0 0 0 0 0 0
0.26914933004782 1.26334403053114 0.0122994788572831 2.80119515434736 0.760559874800577 4.53268135813485 4.37648125408773 0.299223239145169 3.98990454672682 0 0 0 0 0 0 0 0 0 0 0 0 0 0 0 0 0 0 0 0 0 0 0 0 0 0 0 0 0 0 0 0 0 0 0 0 0 0 0 0
0.6819760030355 1.62461331102668 1.72363115244653 1.02799201925561 1.48036927975753 0.20877254117873 2.53956342980806 0.619685397355987 0.352180612326052 2.92067056456125 0 0 0 0 0 0 0 0 0 0 0 0 0 0 0 0 0 0 0 0 0 0 0 0 0 0 0 0 0 0 0 0 0 0 0 0 0 0 0
4.26627223608907 2.39598494632447 1.94864719446075 1.23781599844791 3.39516533039236 0.203307745482843 2.24160716845222 0.42522341422721 0.0313515737089066 0.248314526031007 1.3936206369308 0 0 0 0 0 0 0 0 0 0 0 0 0 0 0 0 0 0 0 0 0 0 0 0 0 0 0 0 0 0 0 0 0 0 0 0 0 0
0.650968995113316 1.13698493704063 0.0593863420483755 4.71284553743126 1.80657391064937 1.56672841042458 0.982057142639258 0.72641439808816 1.31732179246692 2.47097008211333 1.08465840537092 2.5430344077384 0 0 0 0 0 0 0 0 0 0 0 0 0 0 0 0 0 0 0 0 0 0 0 0 0 0 0 0 0 0 0 0 0 0 0 0 0
0.603067415525996 0.39365238036127 9.0524539368078 2.94016454724919 0.126806728162601 0.052693812700686 3.78017690166794 1.10257820570921 0.936613439556701 0.927418976352884 2.01075626845444 0.156873515100151 2.21176098457216 0 0 0 0 0 0 0 0 0 0 0 0 0 0 0 0 0 0 0 0 0 0 0 0 0 0 0 0 0 0 0 0 0 0 0 0
1.38597522906328 0.883195119342081 1.31724022694247 1.31128745423681 2.00990998623647 1.40965220796155 0.282944364146455 3.74578187307311 0.553176016640312 1.16514115335389 0.491358829140896 1.80572203050091 1.9785513945535 2.00971693669839 0 0 0 0 0 0 0 0 0 0 0 0 0 0 0 0 0 0 0 0 0 0 0 0 0 0 0 0 0 0 0 0 0 0 0
0.560670445934818 1.27859016787484 1.93921860913698 1.03107471697395 8.96922444084392 5.98695860973034 3.1138020942314 3.98105034060515 3.18938752237474 0.975240409162929 1.24719088384732 0.00678352855343336 6.30760618954307 2.57536885492345 0.665984112883041 0 0 0 0 0 0 0 0 0 0 0 0 0 0 0 0 0 0 0 0 0 0 0 0 0 0 0 0 0 0 0 0 0 0
0.829114110648232 3.1720297318225 0.907491822111422 2.60574060224313 0.88883868888292 3.17532108534395 0.855947102822597 2.15339160872764 1.73476397465958 3.66422969337656 0.774406621853737 5.01840055443711 1.38577087540195 1.96404436523418 0.292996058794604 0.416059416347648 0 0 0 0 0 0 0 0 0 0 0 0 0 0 0 0 0 0 0 0 0 0 0 0 0 0 0 0 0 0 0 0 0
0.272338469116987 1.06701732314846 1.21176324812271 2.247376667771 2.34384334170523 1.82229716037112 1.15547435344801 0.510003270643673 2.63997429576659 2.9433227165884 0.288250558201902 0.170468405837011 1.60720315987961 1.9081212762803 3.02642304448382 2.05014019068024 3.26616788726509 0 0 0 0 0 0 0 0 0 0 0 0 0 0 0 0 0 0 0 0 0 0 0 0 0 0 0 0 0 0 0 0
1.23441646103503 4.06210322580674 0.414420710552808 1.43094015542383 0.067100031242378 2.89487931911012 0.661557959849041 1.06912565457565 4.13322254376386 10.477432881687 1.84791427544149 3.83099213115945 0.838336859586328 5.90022236516302 2.49393638491471 0.427735870953323 0.0102974535930453 2.19458850678986 0 0 0 0 0 0 0 0 0 0 0 0 0 0 0 0 0 0 0 0 0 0 0 0 0 0 0 0 0 0 0
5.391697885674 3.06427082785115 5.02145033327516 1.81573846578909 1.89173144778253 4.71143886721252 0.780094058407793 4.13567827230006 6.19910996306705 2.24141331709102 1.3910334084987 0.148889660752295 2.57140104554111 2.6476905952633 3.46001157817811 2.86922281443189 0.445275664522673 0.345856627003113 3.78158123741293 0 0 0 0 0 0 0 0 0 0 0 0 0 0 0 0 0 0 0 0 0 0 0 0 0 0 0 0 0 0
2.48738643650953 7.92316298255198 2.09435876735524 1.03141902517811 1.4819302519694 0.308464385363259 3.19695493037891 2.93026707946727 0.152453621258389 0.643087224156438 1.52499045630767 1.02486498714446 0.98171256400738 5.88537549619909 1.01275710077597 4.90303942748378 1.08691463319241 3.07929755798316 1.10347257901102 3.05217014955656 0 0 0 0 0 0 0 0 0 0 0 0 0 0 0 0 0 0 0 0 0 0 0 0 0 0 0 0 0
4.64828030055291 6.75971155419982 10.3681520093817 0.328948489860541 5.29214040036193 1.90838292008854 0.501681374190319 0.361190449367115 1.20805881845428 2.56932984439636 3.519849547029 0.110217471404817 2.11837032403454 0.509265465643636 0.317476217544422 4.3393482605065 2.64888316265667 0.772655487400807 2.15343050855215 5.45343852562053 0.531550092076155 0 0 0 0 0 0 0 0 0 0 0 0 0 0 0 0 0 0 0 0 0 0 0 0 0 0 0 0
0.63997356675709 5.56259712765109 3.42826354522174 1.59865531912377 1.00312543006723 1.66047066866666 3.98351813140505 1.30807052107945 0.947100840067607 2.735807711434 2.00125434510201 3.79652272539707 4.14664066339214 0.144117467508437 0.343648183354177 4.26920568055823 1.58816215205851 8.08401742672513 1.83395302858096 7.32972329396445 0.349903928302185 1.25989232202726 0 0 0 0 0 0 0 0 0 0 0 0 0 0 0 0 0 0 0 0 0 0 0 0 0 0 0
11.0293015556269 1.91711380070292 0.797791733194084 0.283441435340734 3.19996989805403 7.68832499972955 0.499500960588762 0.576510567031243 0.681534470505184 0.442327388463118 11.3810294088887 0.699108946525717 1.76028316293177 2.30002264862852 0.0422589335055679 2.10101852518107 0.169686151196963 1.67314438636255 0.177095581142967 0.578927206533028 8.18200363700712 2.57204580877761 1.21103338365573 0 0 0 0 0 0 0 0 0 0 0 0 0 0 0 0 0 0 0 0 0 0 0 0 0 0
0.776842828784124 1.14985403324953 0.245489861763048 6.00234625978496 0.350007712492391 0.921917354458223 3.62398995922533 2.78299010730487 0.0682793604255026 3.04655503162055 8.40535123275578 0.901960944551609 0.302447882833901 2.96834945409847 2.1272169474983 4.0996363297535 0.314302343137177 1.52072892866897 0.320470960219445 2.9206240959332 1.67715118839773 3.45035875410217 0.835347191278354 0.558159111974419 0 0 0 0 0 0 0 0 0 0 0 0 0 0 0 0 0 0 0 0 0 0 0 0 0
0.0189474795422005 1.60005660256693 5.55564560458089 1.66124215677068 0.147981256349927 0.403769973426393 2.42789131718162 3.74096217705178 8.14271133326998 0.198487053272433 0.481352207798875 4.93852839124514 10.9580957923841 1.16266680716264 9.67920005688006 2.2755200735883 3.83314707518774 2.36365408920204 0.703791776565037 4.7863891944922 0.975414858574087 0.209115315514035 0.112010860701388 4.03692509867945 0.0906098560549 0 0 0 0 0 0 0 0 0 0 0 0 0 0 0 0 0 0 0 0 0 0 0 0
1.60950351894597 0.462199556367289 3.05454879827633 1.87621216127889 0.541787478555124 0.465366927648137 4.64561221051113 2.56866902288911 1.33185125795775 0.439245937740174 0.776295914514074 8.74407642884287 0.346561970836731 2.48948502614263 1.8690805819334 2.68228761091219 4.44754408860729 0.0118385172899771 0.682897165330122 0.0495927316153488 0.368921745098994 0.499561073842918 6.11342750757925 3.68176555205875 1.43864542834723 2.56567874367087 0 0 0 0 0 0 0 0 0 0 0 0 0 0 0 0 0 0 0 0 0 0 0
0.439717216950195 0.174580515531867 1.28503135056772 8.18169002365252 1.17864939553958 2.01404090082483 8.00159685393856 2.78730045930011 0.304531195678041 6.24035953430288 3.48059816545029 0.319269547736699 4.50372010663176 3.18762998761545 1.09915241132894 1.31154696210727 0.940489595228036 0.663775219464392 4.27680143272481 1.48296234212091 3.52312724723706 0.975387141644344 1.12177739061605 2.02558970347211 0.488070720206462 3.52014400203017 1.21886448012688 0 0 0 0 0 0 0 0 0 0 0 0 0 0 0 0 0 0 0 0 0 0
2.64535516207039 1.65426752424488 2.36367523481089 1.38471138102725 4.33448917750678 1.1734655618559 0.871080290460082 1.01968634482954 0.0670690974480836 2.96486361916422 0.0622843193513254 6.19853812142616 0.952898741321041 0.914123510294225 3.89926770887439 4.40258449336752 0.110344891888018 0.335854800480756 0.637200401244137 0.915712922869515 4.29656687218867 1.77294693663697 1.52158628104611 0.436346088248016 0.0228069957979588 0.126243438273922 1.37570049366465 1.52079322261659 0 0 0 0 0 0 0 0 0 0 0 0 0 0 0 0 0 0 0 0 0
0.276234506360336 1.49195617272191 1.39846229650395 3.06382688275666 1.50128111327086 2.45086840609699 0.0771574058745696 1.64024428011475 0.86091253735695 0.756522875803939 1.23327377656263 1.9269646869408 1.90948369569144 0.69955860178615 7.57239789108989 1.44465813788374 0.181011521714013 3.72223592417206 0.664670864349684 1.01120032451643 1.05559126056391 2.03636064051699 0.0955925766057027 2.55606652227214 2.8810869678839 4.34799157730489 1.9716594565971 1.52684676131028 1.59727962961305 0 0 0 0 0 0 0 0 0 0 0 0 0 0 0 0 0 0 0 0
0.855679716923213 0.479805544163641 5.04578915139967 7.52612680105317 2.66530800988153 0.160001200663636 0.81562279506081 4.78875122936025 0.762705234969249 2.38629478877765 1.04651795786407 4.98494788601055 0.80405059199652 6.4412403919382 2.44656885875927 0.597317347823534 0.537911577629903 0.532366935567019 0.934230014824848 0.0260481816154667 0.882695518699223 4.10596159759751 2.68743455308583 1.97388126685408 0.576730871123019 2.30704191488591 2.14477052499722 4.20606256528025 0.479272425412977 5.44416499042624 0 0 0 0 0 0 0 0 0 0 0 0 0 0 0 0 0 0 0
0.602493255315912 3.95693504694572 0.799327518212199 3.72201661802708 1.78108919640411 0.152875870820386 6.27443825463417 0.306965567909272 0.514686819464366 4.13325987610496 0.615063132922048 0.729382575178438 2.96326938927329 0.681117416555083 3.06481210470341 0.893185816687444 0.534948697197746 0.995088555299591 2.62367659820826 2.16800890402889 2.31257321599725 0.637187163259836 0.257186576142187 2.52696725338351 0.606780129631718 0.560966414794531 3.48560268512686 1.07593888039689 0.038420302921364 0.0269121473551241 3.61260435588306 0 0 0 0 0 0 0 0 0 0 0 0 0 0 0 0 0 0
1.14662611963111 1.19503914363429 3.08625952651426 0.624501607539228 0.110260168206123 2.21187710756969 2.10215027921822 6.55900895549346 1.93893347188954 1.98956754856309 0.601609825641101 0.533505018982289 3.19408318061436 1.75835344480226 2.15415074812052 0.674453692604922 1.24567783492541 4.95554190546422 0.196687018237391 1.4855495307322 0.0511570622247526 1.53335096322135 1.14801579914586 1.40348415174899 1.05095384049596 0.780066184898065 0.105616809038441 1.27730596392783 0.576107154943487 0.0615732778177672 1.05522424145313 1.27750240494074 0 0 0 0 0 0 0 0 0 0 0 0 0 0 0 0 0
0.958580536742866 1.95500477638612 5.43941380119519 2.59525017931078 0.925222103862208 0.39854699504787 4.28061607367501 1.45789949714861 3.87283943119599 1.21647216964959 0.278396051598261 8.74753019509726 2.83882548387819 0.740175258183212 0.026930458545928 5.50845786570871 2.14718127727798 0.52890366742936 2.01017826351935 0.846643390426891 2.68403301454448 3.15879937899599 6.45174196137821 1.37522245286516 7.30488653267022 2.14691363172764 0.299328090771844 0.0583251136476779 0.0690847506977553 0.987333884172861 0.512635297508923 1.5023645919172 2.73524242291262 0 0 0 0 0 0 0 0 0 0 0 0 0 0 0 0
1.92453285278655 2.60922725533643 0.689718947556419 0.409822385469173 4.54655368766264 3.34384393069522 2.79997139481331 0.145631323295674 2.77258621130031 0.200126623632157 0.403285984370697 2.19745348887078 1.03887963821766 0.342939551642226 0.894640212945268 0.0100472641089287 2.70561411290158 0.768098374778865 4.32678989212311 5.28337010949002 1.00519070429596 6.32478515260623 0.0172518618099689 2.38879051829717 0.678856503318739 1.85424525464216 1.17043107411264 1.0565664759758 1.7842297654062 0.494679645399084 1.10518389261763 0.607671506991984 0 0 0 0 0 0 0 0 0 0 0 0 0 0 0 0 0
1.30257924332898 0.575817609964241 1.15505734328722 1.75381861886652 3.13196564724782 2.7242751409147 0.219917627698455 1.97304251138311 0.245962150433798 1.14091268998042 2.60945515552081 0.219797540769179 2.77095227222845 0.254139181657706 2.28472978476147 2.88254589892595 3.1494702582811 2.03118660489588 2.40271557628123 2.80723638273621 3.51766925798979 0.0373401397517686 3.82643950228781 0.843537809640486 1.29080620869412 1.52911953637882 0.703982905518965 1.97495999735951 0.175137681469634 0.53269506131351 0 0 0 0 0 0 0 0 0 0 0 0 0 0 0 0 0 0 0
1.68156315680314 2.3586201073416 0.365820129171213 1.23001580427134 4.20933030115736 8.87944882213291 0.317184091944991 2.143489156181 7.49273214842863 0.912867136071739 1.36734554629086 3.83376671217277 0.0246541694801091 2.71682667846212 1.06469164682577 0.371432599223603 0.164416558027991 2.85296240194115 1.19615669868254 3.15792482876939 3.73285324203405 6.79571232715886 0.647481963035039 1.57951327244296 2.9818568707409 1.18433185906215 0.833780590428581 0.115818302007383 0 0 0 0 0 0 0 0 0 0 0 0 0 0 0 0 0 0 0 0 0
5.25367041464829 0.366900113356307 0.805838740330685 2.36840607267984 0.291038217031588 0.645494732192554 0.108134163901171 3.1899499339378 0.186591829223831 0.34629529926638 1.43603568169069 1.74879055020312 3.3194486165755 9.29559178442931 1.7830187252823 1.11467940381536 0.409914240451959 2.41639009742003 0.911519877509416 0.65865970504025 11.0784445425585 3.38679207108636 2.55928939012092 0.845699542800919 3.63916750443047 1.013141548983 0 0 0 0 0 0 0 0 0 0 0 0 0 0 0 0 0 0 0 0 0 0 0
3.95676547383099 3.00572763330682 1.35833636276349 0.359571581129059 1.70245574714429 1.1209541348042 5.7348704082222 0.06617497319285 0.349287859894698 0.108554004909908 6.90885081127467 1.09556898530997 5.81194974944039 1.46674987506211 0.980776018575061 1.16995850127125 0.0502800891510831 0.90857403479685 1.37763354127894 1.57384771652758 2.80314631386338 3.31647388455929 0.966089374017881 26.7270613442528 0 0 0 0 0 0 0 0 0 0 0 0 0 0 0 0 0 0 0 0 0 0 0 0 0
1.2934321722014 0.739472348126052 2.1830067962742 2.28659591993813 7.49346614948432 0.548722869219561 0.0445165553729288 4.11108654419748 1.53165138653146 5.91826214319994 0.765322467264023 1.14255135611184 0.965957743801385 6.16577855064926 1.38256803506539 1.48457041763171 1.42554657995653 2.67363134919542 1.05267370057204 0.801781059920925 0.362956924816241 0.403028638629119 0 0 0 0 0 0 0 0 0 0 0 0 0 0 0 0 0 0 0 0 0 0 0 0 0 0 0
4.10988825675203 7.27616222373846 0.345515000958142 0.226018073169987 9.57125921030558 4.0564351497806 1.78865292862494 1.78216767391708 4.27990622822653 2.25226272138578 4.30787214594448 2.44961142583213 0.0309185985329851 4.29350078834926 3.322216146964 2.6640632706953 1.65473950182324 0.557359065000912 0.0655461466467362 10.2198461927469 0 0 0 0 0 0 0 0 0 0 0 0 0 0 0 0 0 0 0 0 0 0 0 0 0 0 0 0 0
5.6134920657055 0.485988723757378 7.02803081030792 0.377637459948085 1.15377029884804 1.0069996278563 1.84599825871425 0.113458264567148 0.698307597542827 1.59306655493508 1.31194785582988 0.0839500188310082 1.37252567060507 2.01767457103636 0.478726873755585 0.358089533590859 4.05814542251682 0.577424907774013 0 0 0 0 0 0 0 0 0 0 0 0 0 0 0 0 0 0 0 0 0 0 0 0 0 0 0 0 0 0 0
3.29227240073821 1.35483232305554 0.0754532479313515 1.09193919359347 0.195425983716806 0.682052520989744 4.98746746489063 2.1825282374068 2.07698006580976 3.04992399645883 1.18461011674123 1.46460948551791 1.22093767037432 1.78011080782338 1.97456282586909 2.73849768204099 0 0 0 0 0 0 0 0 0 0 0 0 0 0 0 0 0 0 0 0 0 0 0 0 0 0 0 0 0 0 0 0 0
2.01114465904187 3.87512875051744 0.228515351983158 2.61403752443321 0.274432051521979 3.06156319942037 1.20898870952528 4.94818723471979 2.20276084305998 5.00162480072308 1.32219645591747 4.77894301397284 0.37702007284951 0.341068857164818 0 0 0 0 0 0 0 0 0 0 0 0 0 0 0 0 0 0 0 0 0 0 0 0 0 0 0 0 0 0 0 0 0 0 0
0.79048765644114 4.19584704098231 0.528446598601347 0.401050909751932 7.16336904203326 0.654475126357071 1.24953735226009 2.03976572562291 0.21282286296699 0.49903633672065 1.77867765395183 0.309650064733948 0 0 0 0 0 0 0 0 0 0 0 0 0 0 0 0 0 0 0 0 0 0 0 0 0 0 0 0 0 0 0 0 0 0 0 0 0
1.2202834888998 1.29830886547986 0.413446936985576 1.52942561639809 2.39010375124208 3.87583040501133 1.79229297371846 1.21397011169373 0.615143613973399 1.33691364755142 0 0 0 0 0 0 0 0 0 0 0 0 0 0 0 0 0 0 0 0 0 0 0 0 0 0 0 0 0 0 0 0 0 0 0 0 0 0 0
2.42255208629391 1.32188672821254 1.41206410562872 0.998167032269285 1.31152271963228 1.75701651043819 2.7465145282308 4.70367682064745 0 0 0 0 0 0 0 0 0 0 0 0 0 0 0 0 0 0 0 0 0 0 0 0 0 0 0 0 0 0 0 0 0 0 0 0 0 0 0 0 0
0.382943477386502 2.86592888875743 1.2048583949058 0.880883545954168 1.61210940165908 3.15838168981907 0 0 0 0 0 0 0 0 0 0 0 0 0 0 0 0 0 0 0 0 0 0 0 0 0 0 0 0 0 0 0 0 0 0 0 0 0 0 0 0 0 0 0
0.193559209332169 0.420922364996991 0.904007306533609 0.91434283894085 0 0 0 0 0 0 0 0 0 0 0 0 0 0 0 0 0 0 0 0 0 0 0 0 0 0 0 0 0 0 0 0 0 0 0 0 0 0 0 0 0 0 0 0 0
3.3434324891595 0.133714728157623 0 0 0 0 0 0 0 0 0 0 0 0 0 0 0 0 0 0 0 0 0 0 0 0 0 0 0 0 0 0 0 0 0 0 0 0 0 0 0 0 0 0 0 0 0 0 0
