0.776104020979922 0 0 0 0 0 0 0 0 0 0 0 0 0 0 0 0 0 0 0 0 0 0 0 0 0 0 0 0 0 0 0 0 0 0 0 0 0 0 0 0 0 0 0 0 0 0 0 0
1.13341018441789 5.66232704527085 0 0 0 0 0 0 0 0 0 0 0 0 0 0 0 0 0 0 0 0 0 0 0 0 0 0 0 0 0 0 0 0 0 0 0 0 0 0 0 0 0 0 0 0 0 0 0
3.27723244287534 3.08622384764026 4.91820038388074 0 0 0 0 0 0 0 0 0 0 0 0 0 0 0 0 0 0 0 0 0 0 0 0 0 0 0 0 0 0 0 0 0 0 0 0 0 0 0 0 0 0 0 0 0 0
4.81198965395375 0.366121060981665 5.1838768342337 1.09421581416959 0 0 0 0 0 0 0 0 0 0 0 0 0 0 0 0 0 0 0 0 0 0 0 0 0 0 0 0 0 0 0 0 0 0 0 0 0 0 0 0 0 0 0 0 0
5.35993311550917 2.66516213334959 1.96150897106708 0.502713593647058 1.18533895889589 0 0 0 0 0 0 0 0 0 0 0 0 0 0 0 0 0 0 0 0 0 0 0 0 0 0 0 0 0 0 0 0 0 0 0 0 0 0 0 0 0 0 0 0
0.202956179617798 1.0855150091435 0.00491923773580274 0.569335071399318 4.51409537278382 4.40203591723115 0 0 0 0 0 0 0 0 0 0 0 0 0 0 0 0 0 0 0 0 0 0 0 0 0 0 0 0 0 0 0 0 0 0 0 0 0 0 0 0 0 0 0
0.716545074412906 8.02377408448473 0.0740647857264453 0.505263928577009 1.65983462688687 2.63302721132864 1.35078319107397 0 0 0 0 0 0 0 0 0 0 0 0 0 0 0 0 0 0 0 0 0 0 0 0 0 0 0 0 0 0 0 0 0 0 0 0 0 0 0 0 0 0
0.454212358255643 0.581873679920518 3.40815889383113 6.20531805932255 1.76992525568411 0.00538144026601464 3.51811499324348 0.52548418861588 0 0 0 0 0 0 0 0 0 0 0 0 0 0 0 0 0 0 0 0 0 0 0 0 0 0 0 0 0 0 0 0 0 0 0 0 0 0 0 0 0
1.5348323626482 4.18584148092763 1.19700556941723 0.481501154977565 2.52312045596555 1.21895039426845 3.25247365225679 3.21365714282189 1.61564045955186 0 0 0 0 0 0 0 0 0 0 0 0 0 0 0 0 0 0 0 0 0 0 0 0 0 0 0 0 0 0 0 0 0 0 0 0 0 0 0 0
1.34937968551131 4.59365136849107 4.86821920329984 0.624538397985717 2.877730531485 0.426888196937242 3.13537091751723 1.94615781348935 1.63084035645755 2.05011204219801 0 0 0 0 0 0 0 0 0 0 0 0 0 0 0 0 0 0 0 0 0 0 0 0 0 0 0 0 0 0 0 0 0 0 0 0 0 0 0
3.29659116809511 5.07427397046259 3.39557188290614 4.71855117474407 0.599814424564343 3.07071404487397 7.88958448963845 0.383181241276419 1.68213197909669 1.48677312399407 0.574864818745855 0 0 0 0 0 0 0 0 0 0 0 0 0 0 0 0 0 0 0 0 0 0 0 0 0 0 0 0 0 0 0 0 0 0 0 0 0 0
0.344588133443064 2.25283633941141 2.83001623604335 0.00846250044234736 1.33694344545502 1.76731074675749 3.97938829573263 2.19598360859407 3.65866921304064 0.813615542800035 7.01604159663461 1.7567977179497 0 0 0 0 0 0 0 0 0 0 0 0 0 0 0 0 0 0 0 0 0 0 0 0 0 0 0 0 0 0 0 0 0 0 0 0 0
0.426559433257459 11.5483628870817 0.2642376519576 0.564512691951981 0.067330329713582 1.32496724640235 0.712347658773272 0.433097475631156 0.908536050465399 0.966024160135159 2.00527594948561 1.48541825714336 0.340366188450275 0 0 0 0 0 0 0 0 0 0 0 0 0 0 0 0 0 0 0 0 0 0 0 0 0 0 0 0 0 0 0 0 0 0 0 0
2.61460768081257 3.78797886520241 0.16960726308368 3.98426411082344 2.9260185351945 2.73063430383811 4.93015250060319 4.43754783338344 1.27847546501761 2.07243137779358 8.8086667250685 1.99314553804931 0.052171097159951 0.154085676435279 0 0 0 0 0 0 0 0 0 0 0 0 0 0 0 0 0 0 0 0 0 0 0 0 0 0 0 0 0 0 0 0 0 0 0
0.17451049919793 5.81443843755784 3.79670901829595 0.311015645556358 7.75667912741801 2.56294355579535 3.81444377830596 3.92282846448739 2.92072336899327 1.29647496696378 3.52246262385117 6.88802683937585 3.83664597516407 5.42993926480877 1.44825079875244 0 0 0 0 0 0 0 0 0 0 0 0 0 0 0 0 0 0 0 0 0 0 0 0 0 0 0 0 0 0 0 0 0 0
0.639546711777748 1.6067628499021 0.587016759333399 4.57612444188604 0.313126586894563 1.52787286629465 1.00415874425782 1.89921657625084 1.4738431564762 3.5261756658994 2.44810269917872 0.269315944451895 10.7785438273512 8.46355956967284 1.9903849582287 0.00946414309169338 0 0 0 0 0 0 0 0 0 0 0 0 0 0 0 0 0 0 0 0 0 0 0 0 0 0 0 0 0 0 0 0 0
1.67217327029813 2.55475051673416 1.5622709469376 4.79472907082249 2.08277337486838 3.49881405469226 0.0809985747930923 2.71393064174257 1.37317369452419 5.11103568601494 0.303235404203772 7.49248130824213 2.13524432800214 1.87848876467773 0.339554629333148 1.16781798056638 0.711985141840546 0 0 0 0 0 0 0 0 0 0 0 0 0 0 0 0 0 0 0 0 0 0 0 0 0 0 0 0 0 0 0 0
0.162084109582332 1.13025370110393 0.300398972851942 2.30472192271458 1.30172600077707 0.36776667929967 4.34790690785089 5.08882346102258 2.38794579044021 0.8152778065638 2.10328246717594 5.05789300583633 0.664960360474694 1.80092653746408 1.19634335714667 3.9001046170653 1.55025496015744 0.935980090260234 0 0 0 0 0 0 0 0 0 0 0 0 0 0 0 0 0 0 0 0 0 0 0 0 0 0 0 0 0 0 0
3.91471739168644 2.47792199746976 3.43739494324926 2.10891018863068 1.5522306504381 0.0727899518172475 4.08939579032814 0.533200893413762 1.41510279054486 1.80689503848807 1.72983952347731 0.274744148809895 4.24733161100967 0.590577824927034 3.36736116017373 0.183779353800698 0.447742146121812 6.49538481879993 0.980316969350814 0 0 0 0 0 0 0 0 0 0 0 0 0 0 0 0 0 0 0 0 0 0 0 0 0 0 0 0 0 0
0.0426436221892414 2.2085973014295 1.09726706680406 0.152567291292941 2.6620213238341 0.543088565328735 0.764828266743628 0.768773024005811 7.6660061821349 1.10931000060404 1.2709785112352 0.284163732024482 0.952690236518718 0.595120837369244 2.39893997478918 0.962617554927755 0.37962363239489 0.895082086972811 0.391190822870925 1.04051663798212 0 0 0 0 0 0 0 0 0 0 0 0 0 0 0 0 0 0 0 0 0 0 0 0 0 0 0 0 0
0.113095075037736 3.70351038604523 1.74454173846921 6.26555613967546 0.773383486750209 3.50191631690669 0.282680391342058 5.0300915743984 0.315320811296183 0.389872583773517 2.84367932012908 4.19762371210107 3.51315624383365 0.788941934690789 5.2615865911376 1.65095910038236 2.31315959760261 2.79716485085849 1.64466124223293 1.39705044150731 0.738713184865694 0 0 0 0 0 0 0 0 0 0 0 0 0 0 0 0 0 0 0 0 0 0 0 0 0 0 0 0
0.274762953543206 2.22315698024938 1.06134891437945 0.346444318500326 3.41996936437402 0.366307702498616 7.74663307247077 0.181197688401136 1.71194910169629 1.52371793763235 0.195256578778147 1.33031358632336 0.572965164342404 2.07980083931483 0.293841769275206 0.661289318167901 0.317789325965579 6.84751261713896 0.493430751603224 0.95014241584542 5.99941152413037 2.55210687979456 0 0 0 0 0 0 0 0 0 0 0 0 0 0 0 0 0 0 0 0 0 0 0 0 0 0 0
2.44442330964247 0.383632176946466 1.90365567581648 0.268216921289069 3.87934241595482 0.713068429829793 3.64058149246854 2.21371963794204 1.63422108583439 2.05367230743254 0.86940495030742 3.36749437969895 0.795049192769303 1.78543149764056 6.89747375721727 4.39847031499244 0.113486487271982 2.40282563429932 2.10669623443086 0.481921110930301 0.991097593727506 2.1229950507922 4.72933153793719 0 0 0 0 0 0 0 0 0 0 0 0 0 0 0 0 0 0 0 0 0 0 0 0 0 0
1.31885663098205 2.54360555750588 1.18075793894528 0.0216262672211209 3.66910158434871 0.881346083688672 0.519391033903214 1.40414276676053 3.2084843323181 0.692547296969488 0.0166637522522714 3.25816040690627 4.44708841717552 2.92145627057179 3.27483775711383 0.232865111184533 3.49286712038874 10.1600095891827 1.07246332551751 2.80895802857951 1.18620675521142 4.58975771171778 4.06504090243625 2.10442957005657 0 0 0 0 0 0 0 0 0 0 0 0 0 0 0 0 0 0 0 0 0 0 0 0 0
0.982658479988134 0.00559899099596412 0.631990360408453 7.61205331643027 1.99666512953846 0.761770006602231 3.59503609913748 2.22780712725534 0.835650942811827 1.15550936987904 1.85677904839056 0.166237999086195 1.05805696331909 1.26470704991173 0.897989130322141 0.637188871066917 3.13180853816492 5.2554980428661 2.97040108056342 5.59998892074673 2.02708037247634 0.95512728875929 0.712724639034903 0.855389674142135 0.70867180404777 0 0 0 0 0 0 0 0 0 0 0 0 0 0 0 0 0 0 0 0 0 0 0 0
1.19731960843568 0.670966041447505 6.30220662912372 3.28008248659017 1.28882677912116 0.633648808174469 3.54585567311867 3.99374486040054 1.21703074361668 0.882068296023103 1.58076226787633 1.83375053942104 1.76383073893149 2.4421797079167 1.98264950373002 1.77151800716144 1.49899644410742 5.598521339541 1.49063378021 1.44414006695358 11.7738126989372 4.10300908166498 3.97102705600415 0.0386150228172755 1.44310615944984 1.43819901691175 0 0 0 0 0 0 0 0 0 0 0 0 0 0 0 0 0 0 0 0 0 0 0
0.363761727105568 4.65971620295559 3.39779195609976 0.222645020074138 1.43103407994522 0.370521514968444 0.945742564363503 0.155360077290968 0.462023161612623 0.382803228862374 8.12927221473967 3.01734446078987 0.626968587050166 1.49659576016046 0.421919607508634 1.48130646781871 1.24534621357209 1.2836105938753 0.0269003670782406 0.370105743128994 4.71337579728216 0.833525998188068 0.670724069839145 0.129574221314987 5.16084401312086 1.54519652548253 4.55729604231026 0 0 0 0 0 0 0 0 0 0 0 0 0 0 0 0 0 0 0 0 0 0
0.734698615623724 4.7707547268489 2.72327588695486 2.1791151446761 5.59794124118515 2.36699307484258 2.48671118059742 5.69833249316783 1.48534814862729 2.27681416724944 0.00106894052450987 3.63206593161052 0.810448224051533 3.50652679921588 1.06927677922822 7.62781792126835 2.59603074935019 0.969389689414288 11.3605446695602 2.09271780183367 6.57722337685569 4.22479744404766 1.22582322349142 1.91553519189512 1.85324956469847 1.02288837026794 0.218194687102784 4.34220617808961 0 0 0 0 0 0 0 0 0 0 0 0 0 0 0 0 0 0 0 0 0
1.10280011356752 1.30977155530304 3.39046127762486 1.30509703619658 2.75258700599478 1.65436196851353 1.37080316614296 2.66621538810121 2.64172842384671 3.02330581777468 1.96671402024386 1.4266902311666 2.75774387021655 4.92646906870868 0.255269627788233 0.351106071334729 2.84388942391202 4.33939231225524 0.125033294289985 1.52981817393349 0.709950493167539 0.275643097509641 0.0127182914179143 0.123748040983563 3.87544826557805 3.81054840280298 1.19198607686276 0.757613308363124 2.6127529761104 0 0 0 0 0 0 0 0 0 0 0 0 0 0 0 0 0 0 0 0
4.98046845355435 0.496999260917265 0.676499366219788 8.36760093042855 0.306694774058346 5.21247163737292 0.172572903687402 1.2928755311115 3.67160849389602 0.36705779390879 9.28909869334475 0.633371560840099 0.678579577074656 0.309990714937542 2.72405731987209 0.795742745497524 2.61238294212797 2.02291058561389 1.79852591980368 3.48486986400241 1.10974042571107 0.64102492519472 2.19268701724602 2.78016325480702 8.45036318866863 2.23501089326967 0.0206770744188217 3.33507957394056 0.233371603058292 1.2565315152185 0 0 0 0 0 0 0 0 0 0 0 0 0 0 0 0 0 0 0
1.31618126564991 1.21474209446474 8.87689755160833 1.09483684761757 5.68438882662764 0.56852530915898 2.99505745093015 5.27098344319141 1.79433403965311 0.599447035196128 2.59792232748529 0.0841710794741779 9.17162709169544 4.80591552323287 3.03568275583336 2.18059164197828 0.245592035479208 0.213055060629399 11.8998809149112 3.26010576277935 0.597881268685147 2.8747346917625 3.09796490646033 5.7067026262762 2.71182139035058 0.0892826998142931 4.40124136481494 1.80366117123422 3.19768589510261 5.37016005173353 2.34382954897333 0 0 0 0 0 0 0 0 0 0 0 0 0 0 0 0 0 0
0.0598911423522522 1.37926867393198 0.380851258674018 0.686544900600814 0.502334665057057 0.431391589224946 12.4330459415143 1.85180754589738 1.59729921373927 1.43608846099474 0.881694187201847 2.94705806761143 0.432510183554593 8.0618332693432 6.3357789773288 0.782857353264722 1.53009430952879 5.49788917506888 1.01953401129493 0.139174038131609 1.66293849149415 3.05938930845664 1.09412748201317 2.32571019307305 2.02978156170182 2.79395207062492 2.13587488682061 6.34391864598094 1.65142246068647 1.28122272377057 2.26469004133084 0.0177200880976102 0 0 0 0 0 0 0 0 0 0 0 0 0 0 0 0 0
2.20484675355742 2.23043801060213 4.08942008272577 0.746200650964036 4.93005113363401 3.65408878577453 5.10722498599237 4.46191673893736 1.50144772247884 0.213598631093405 1.52191470242373 0.742575574392299 0.37242111833827 2.73232811935208 0.287038031198171 6.5279727141827 1.76582079019903 0.00357138633751464 5.65661585504231 5.2122351965594 2.00377414433774 9.04118973960008 2.19213439109518 0.0609083373040989 4.04844176230324 2.23325839272553 0.217911753289143 1.24972653040789 0.101433753958159 1.05378027627244 2.82596778267387 0.392000980041528 1.54347984947941 0 0 0 0 0 0 0 0 0 0 0 0 0 0 0 0
1.00896183792901 0.676901494106685 0.956390125588834 1.63498828907834 0.394063040563721 2.12677222784605 2.85041306181881 1.70258061762226 0.500256359510235 2.22926317190077 3.01045971668834 3.28472384843397 0.0107464584129146 0.310603260782117 1.58488508295009 2.14523137425389 2.10588493028086 7.98080846937924 7.90473750028467 1.39855162422067 7.79302465617849 0.432454342702036 0.80328863219811 1.80058540388291 3.55595080544995 4.5250233432883 0.337110762486078 2.67056702712178 1.4438942947424 1.96841388853918 0.662183480505827 1.68450855036328 0 0 0 0 0 0 0 0 0 0 0 0 0 0 0 0 0
1.55759308172092 5.60076068664474 0.406438297911458 0.599193840815273 3.19664090025283 6.10982551199674 0.729281845594941 0.762080827307627 1.97291708689948 1.51849380884731 0.00564333257175547 0.264383245736412 3.2368695998175 4.74573065234687 1.88907020173288 0.532568088927273 0.190419025949998 3.97785609108259 0.388291561998335 0.95131900057917 2.67054529754815 1.31065466780899 2.68442433259364 2.43260958258123 0.815302245341734 4.46925430800477 0.134514418656208 4.53518715378544 5.22053596654106 0.012673832693449 0 0 0 0 0 0 0 0 0 0 0 0 0 0 0 0 0 0 0
3.00722419528929 1.13194479641556 1.6844711848936 1.13034885948019 1.62096112866329 4.79672775530273 0.319548658595355 3.00880629036252 1.16402759620508 1.26927582950325 1.73646214729615 2.76738507381161 0.12322094287221 6.63589298338787 1.89490708641636 2.38484282991893 2.15574865308227 0.915780741936949 1.31491845039202 2.53646906058265 0.16847288559709 0.591149770904818 0.274785605671985 3.19927830187136 0.926753808559966 0.328528039663265 3.29495750977521 9.64263310955032 0 0 0 0 0 0 0 0 0 0 0 0 0 0 0 0 0 0 0 0 0
4.91729149200956 3.96753694628982 2.39727517471338 0.975051883741014 0.529977565101968 0.832020924083131 0.209511127372671 1.23253898531287 5.92592592546902 2.07647194144242 0.703390936749527 3.652776200902 1.01053479485059 1.15012742116241 0.714321720219438 3.72955695018685 2.33134916611645 1.43712916073717 5.14435935556199 0.377629853367856 1.69957882330009 1.11137247739572 5.57094701334842 0.044322530155084 1.95929154822645 0.0730782311991513 0 0 0 0 0 0 0 0 0 0 0 0 0 0 0 0 0 0 0 0 0 0 0
0.725890469145058 1.47401766703305 3.8903669872262 3.53953328609426 0.993445186944471 4.76976192125565 0.283489606520112 2.86537381400983 3.84401794371559 1.32582735939724 3.97210413253293 3.59386089530098 0.464178193245725 4.46116128064113 0.256230612028524 0.658952869930418 3.02573903204344 5.82464258151856 0.198186267554277 0.32162175154451 0.0530853322952265 0.832633805134986 3.76644034544745 1.1257673663937 0 0 0 0 0 0 0 0 0 0 0 0 0 0 0 0 0 0 0 0 0 0 0 0 0
0.0219054076236842 0.416641401356742 0.0303897001097338 3.27949480825829 8.05012481309858 0.742255213459356 9.82383836681366 1.95898834046753 0.105525634991876 0.512635572112425 10.594680792856 0.957018782155948 2.4928371349471 1.3131701829188 7.45534907521457 0.0721941255358787 2.41049376540665 1.97853978617516 6.31010152455685 0.377077053981221 6.68669729186792 3.32168855363175 0 0 0 0 0 0 0 0 0 0 0 0 0 0 0 0 0 0 0 0 0 0 0 0 0 0 0
2.82149038237819 0.123640885706227 1.69914405410862 4.31287374577588 6.53569130663229 4.1972357305081 2.41598633024131 0.157148464312024 2.32057394107443 2.18207042463403 2.24481698873218 1.701972603629 0.461137895302995 2.14226304754636 2.92730078036221 6.71111190631331 0.140934737446379 0.63745075114848 0.569733660617248 1.71474674268303 0 0 0 0 0 0 0 0 0 0 0 0 0 0 0 0 0 0 0 0 0 0 0 0 0 0 0 0 0
1.19907961987457 1.70742754957544 6.85752464042086 7.32256802146005 2.59489588241722 12.0719450890933 0.134990449680816 2.02777437305072 3.75258487354953 2.33417017682663 1.84894180982763 0.184881737718898 2.66912795650642 4.59400353345682 3.65096927527153 3.07742900838682 0.522760032809302 0.385129830440294 0 0 0 0 0 0 0 0 0 0 0 0 0 0 0 0 0 0 0 0 0 0 0 0 0 0 0 0 0 0 0
0.238741892429416 6.40556808002469 6.12022497554945 2.86513548414312 2.67302780146614 1.80984145194163 1.04284892787299 9.07694627865386 5.55304927310117 0.481169903491094 2.60255085757523 2.89073730433351 0.286560835677859 7.53834304251854 0.596434959785567 0.260978718130392 0 0 0 0 0 0 0 0 0 0 0 0 0 0 0 0 0 0 0 0 0 0 0 0 0 0 0 0 0 0 0 0 0
0.0811681161115218 0.181008338823099 0.3990381271379 0.615671134156077 4.1107188719036 7.30611053228263 0.922561022837686 1.98815460174627 0.0416017616436711 1.58435485084565 3.17006106436746 2.22663790251361 8.68510418374755 0.0666582258334859 0 0 0 0 0 0 0 0 0 0 0 0 0 0 0 0 0 0 0 0 0 0 0 0 0 0 0 0 0 0 0 0 0 0 0
1.14874797186792 1.0685588966362 0.107901756020515 7.94316991965778 1.81292403298733 7.78222145981378 0.241741892869321 0.250701902463098 6.7625954601647 3.27883065982434 0.0528015419245462 0.763227916904783 0 0 0 0 0 0 0 0 0 0 0 0 0 0 0 0 0 0 0 0 0 0 0 0 0 0 0 0 0 0 0 0 0 0 0 0 0
6.43098137736561 1.9997442935336 3.7397198640665 9.24272274171201 3.32359408354671 11.221997226515 1.05237142055935 5.08461453858644 1.12387765930389 0.213539651319889 0 0 0 0 0 0 0 0 0 0 0 0 0 0 0 0 0 0 0 0 0 0 0 0 0 0 0 0 0 0 0 0 0 0 0 0 0 0 0
0.0386777064097145 1.02776099209165 0.613235301144124 2.56341646905646 1.13789384206792 0.374327560603188 3.70251173856443 4.70965070677413 0 0 0 0 0 0 0 0 0 0 0 0 0 0 0 0 0 0 0 0 0 0 0 0 0 0 0 0 0 0 0 0 0 0 0 0 0 0 0 0 0
1.56592636816921 1.085951853612 7.78049720994385 10.7117253802247 0.495293494444996 1.22869600377733 0 0 0 0 0 0 0 0 0 0 0 0 0 0 0 0 0 0 0 0 0 0 0 0 0 0 0 0 0 0 0 0 0 0 0 0 0 0 0 0 0 0 0
3.66899401749785 2.6324217254092 5.81544824319689 0.668621478404103 0 0 0 0 0 0 0 0 0 0 0 0 0 0 0 0 0 0 0 0 0 0 0 0 0 0 0 0 0 0 0 0 0 0 0 0 0 0 0 0 0 0 0 0 0
6.49431379941726 0.241599936832809 0 0 0 0 0 0 0 0 0 0 0 0 0 0 0 0 0 0 0 0 0 0 0 0 0 0 0 0 0 0 0 0 0 0 0 0 0 0 0 0 0 0 0 0 0 0 0
