1.03838284501175 0 0 0 0 0 0 0 0 0 0 0 0 0 0 0 0 0 0 0 0 0 0 0 0 0 0 0 0 0 0 0 0 0 0 0 0 0 0 0 0 0 0 0 0 0 0 0 0
3.98623737218373 0.161836023858832 0 0 0 0 0 0 0 0 0 0 0 0 0 0 0 0 0 0 0 0 0 0 0 0 0 0 0 0 0 0 0 0 0 0 0 0 0 0 0 0 0 0 0 0 0 0 0
6.89489791390154 11.9531884057044 0.339815514521136 0 0 0 0 0 0 0 0 0 0 0 0 0 0 0 0 0 0 0 0 0 0 0 0 0 0 0 0 0 0 0 0 0 0 0 0 0 0 0 0 0 0 0 0 0 0
4.17006981990763 1.36979746771698 5.0808761022916 1.10877206580786 0 0 0 0 0 0 0 0 0 0 0 0 0 0 0 0 0 0 0 0 0 0 0 0 0 0 0 0 0 0 0 0 0 0 0 0 0 0 0 0 0 0 0 0 0
2.20481719865428 3.29435948601058 0.545521564219529 1.61869578460906 0.575424932225697 0 0 0 0 0 0 0 0 0 0 0 0 0 0 0 0 0 0 0 0 0 0 0 0 0 0 0 0 0 0 0 0 0 0 0 0 0 0 0 0 0 0 0 0
1.87307292142353 0.122204800425084 2.69783664261493 4.00384444379996 5.6168597491874 0.630699183629721 0 0 0 0 0 0 0 0 0 0 0 0 0 0 0 0 0 0 0 0 0 0 0 0 0 0 0 0 0 0 0 0 0 0 0 0 0 0 0 0 0 0 0
7.08945171849268 2.0956083996649 3.44572940197818 1.92704124988838 1.54850701345136 1.00339782633551 2.33013646138659 0 0 0 0 0 0 0 0 0 0 0 0 0 0 0 0 0 0 0 0 0 0 0 0 0 0 0 0 0 0 0 0 0 0 0 0 0 0 0 0 0 0
0.669649905837601 0.46373885659569 4.99866757760326 2.49336234715303 0.834946219737103 5.9145690580564 7.66504017428315 2.83288813894148 0 0 0 0 0 0 0 0 0 0 0 0 0 0 0 0 0 0 0 0 0 0 0 0 0 0 0 0 0 0 0 0 0 0 0 0 0 0 0 0 0
0.0304731772767247 1.97900187114189 0.471471264608149 3.05144804078472 2.97150192920847 1.578264402086 0.8276802812277 1.05656515821808 1.33327062759922 0 0 0 0 0 0 0 0 0 0 0 0 0 0 0 0 0 0 0 0 0 0 0 0 0 0 0 0 0 0 0 0 0 0 0 0 0 0 0 0
4.2165024885776 0.755357988410643 4.23918553570149 9.39550703975388 0.383451596094791 13.9564870689538 0.453772803494122 0.11153047629223 0.229772751420607 6.59392483451106 0 0 0 0 0 0 0 0 0 0 0 0 0 0 0 0 0 0 0 0 0 0 0 0 0 0 0 0 0 0 0 0 0 0 0 0 0 0 0
0.891646670888494 0.413070486120345 0.945122250786944 1.37435939000802 0.0595271642997751 2.43520127692547 2.7796486671969 0.597237327288167 1.23820422351653 0.943543074193852 0.382331466117115 0 0 0 0 0 0 0 0 0 0 0 0 0 0 0 0 0 0 0 0 0 0 0 0 0 0 0 0 0 0 0 0 0 0 0 0 0 0
0.49303187785702 0.256122130584948 1.6305766689827 0.668934094576454 2.34805889400542 2.66728580016247 1.83452231035068 0.00510636777976913 0.586936635022011 1.72332818187531 1.71146178568731 3.63416961383918 0 0 0 0 0 0 0 0 0 0 0 0 0 0 0 0 0 0 0 0 0 0 0 0 0 0 0 0 0 0 0 0 0 0 0 0 0
0.311982037049293 6.70734189844791 10.8027325119933 2.06328489582638 3.81013818085026 0.689928033634231 0.621888803309919 5.63108308751971 1.76202095907913 3.55508630952628 6.59544561415936 1.06790174622712 0.473479976799174 0 0 0 0 0 0 0 0 0 0 0 0 0 0 0 0 0 0 0 0 0 0 0 0 0 0 0 0 0 0 0 0 0 0 0 0
1.85939551118186 1.85274113742982 1.72469691522696 7.20377275593867 3.24577444849225 2.37183377205159 9.02938727933617 2.38764205354758 5.43505014264774 0.766697540596545 2.35184483674441 1.35972603622321 0.624705142046002 2.65065715078534 0 0 0 0 0 0 0 0 0 0 0 0 0 0 0 0 0 0 0 0 0 0 0 0 0 0 0 0 0 0 0 0 0 0 0
8.60954271053219 4.31355730184655 3.81635695662961 5.09350999857602 2.20734762872316 3.6314072459808 0.932563740324347 2.122112615026 0.277259075221087 0.835385342935406 1.56907438969687 1.53538715791369 6.13501303267891 4.81605051984415 0.827188712329298 0 0 0 0 0 0 0 0 0 0 0 0 0 0 0 0 0 0 0 0 0 0 0 0 0 0 0 0 0 0 0 0 0 0
7.13341143827456 1.24245585122456 6.20557203584679 1.42215999755103 5.38137508959576 2.20525579367835 1.14479421008117 0.509991704352576 0.184518606693102 8.46463571664233 0.466438079971284 2.19077299560307 0.585066781424007 0.428441402813032 3.91862705668589 4.43588400374868 0 0 0 0 0 0 0 0 0 0 0 0 0 0 0 0 0 0 0 0 0 0 0 0 0 0 0 0 0 0 0 0 0
1.49831381197942 7.91927681459322 5.1787073224008 0.674996975789629 2.99091075608359 6.75762503435984 3.50968465867312 0.1608390717706 0.686578742785969 2.83342336329257 0.738416157437025 1.46339565834588 1.72468637725194 3.10999236184862 5.18261845416528 3.02086101883587 2.39289547601433 0 0 0 0 0 0 0 0 0 0 0 0 0 0 0 0 0 0 0 0 0 0 0 0 0 0 0 0 0 0 0 0
1.31817806029375 1.63937282776756 7.83087310160826 1.27969588704322 0.21970954077487 2.19641145968157 0.638138651157003 1.10641561110861 1.27566393595307 2.91763265505931 4.13208137656897 0.770173215454794 7.88233215067859 1.63713160187229 1.88142379312577 5.54086419810455 1.66610975932202 0.244862065613378 0 0 0 0 0 0 0 0 0 0 0 0 0 0 0 0 0 0 0 0 0 0 0 0 0 0 0 0 0 0 0
0.361709908075946 0.813406501516563 1.66654180538697 4.72109539732517 0.0872012871724023 1.26260201675467 7.5238004557147 2.43855802705152 1.75994833479139 1.51795929068061 1.04849069719914 2.02143163059568 0.385830889741885 1.31596596090183 0.810734780216817 2.70709682420807 1.87446208558107 2.34516983114591 0.541288176451534 0 0 0 0 0 0 0 0 0 0 0 0 0 0 0 0 0 0 0 0 0 0 0 0 0 0 0 0 0 0
2.43057484462992 1.80228949993947 0.398197792240813 2.95801030380171 2.5862870553298 5.9951052471169 0.527920615965377 1.68167874646331 2.93126274682712 0.245627262534951 2.10932837143281 7.50166331320527 2.5823425887623 0.389568461834288 5.84534836046144 2.75601414860658 3.39391617700286 0.22505522323455 0.50524979468922 0.751571353992545 0 0 0 0 0 0 0 0 0 0 0 0 0 0 0 0 0 0 0 0 0 0 0 0 0 0 0 0 0
0.0613680598695569 0.472939076991986 2.16998416498273 3.54616507631465 2.21928414217535 0.307489117522222 3.83596848662262 6.38237935755521 1.45831269469934 2.12974101845798 0.507549864735634 1.98890642768638 5.25896396189068 6.7283378137924 0.136708339976771 1.05681922753292 2.59150760267556 3.87598729054611 1.51194510852122 2.52027293104578 0.157471003661185 0 0 0 0 0 0 0 0 0 0 0 0 0 0 0 0 0 0 0 0 0 0 0 0 0 0 0 0
2.74927420761796 1.64572553304826 0.169939666351191 5.36139032509892 6.17698372933329 0.860971589658248 2.4192065531949 1.14858966377258 1.1862103541371 3.56047713880362 0.536277591345512 2.82794196029705 1.62419358154586 1.24048407918924 0.287318727486306 3.38722830879196 2.77536632046323 4.26817318005641 0.358861146963907 1.39798070579164 1.41751500145312 0.935644866660049 0 0 0 0 0 0 0 0 0 0 0 0 0 0 0 0 0 0 0 0 0 0 0 0 0 0 0
7.68053074570448 0.676879516538042 8.9755387383315 1.28898904558263 0.22761632360656 1.22184267916892 6.18867622423562 1.84049020554528 2.93459977419554 3.64264496000721 0.481172933519884 0.578130626305177 7.75547651640628 7.10162396370954 5.26504382430084 8.66719828020126 0.023489100417995 5.33457192048296 1.02048775080795 0.424138255628693 1.44976018805498 4.57393908307106 4.02808996256861 0 0 0 0 0 0 0 0 0 0 0 0 0 0 0 0 0 0 0 0 0 0 0 0 0 0
2.16354920647805 5.04777661691639 0.591295326936531 0.036028771439505 2.79838982865565 1.88475771127274 2.13995771059679 0.0532712090146688 0.490531400378976 1.81898980156216 0.225772498829168 0.279675651283171 1.73657209679057 1.90858752918992 0.0167218311980954 0.0707628656145182 0.687917601602043 0.359779099954968 7.5309426638328 1.74267183556864 0.702803353239855 0.362112985226111 1.42630126031214 4.63398154112898 0 0 0 0 0 0 0 0 0 0 0 0 0 0 0 0 0 0 0 0 0 0 0 0 0
5.31891322282806 0.599669646984507 4.30528632629556 6.29873687358928 0.124525421198156 2.11020722118973 4.14134733788586 4.43874660147808 5.14892826364152 2.92051013567154 2.43623837017731 1.89213979904024 2.179901812327 3.89304728528838 1.39129818025697 3.32931375491128 3.40146684289109 1.43626976254564 1.05797372503802 0.104540675312459 0.147030002036218 0.431882097830947 5.99302192163968 2.72236448708464 1.92104604468913 0 0 0 0 0 0 0 0 0 0 0 0 0 0 0 0 0 0 0 0 0 0 0 0
0.652329119595455 0.571928400718138 0.353740348729065 1.84338413349711 4.39279096857063 5.8091636608505 1.746947054434 1.38730730032594 1.8999870906034 0.241712719925846 0.914383106627522 4.38555432298225 2.88786091039313 1.08517218749165 0.534970019802174 0.525747279170357 4.34785665435004 1.89109169908457 2.02750394181625 3.26218101162947 1.59087480598449 4.18688411557727 1.16564663837238 3.11453991856046 3.0660561648697 3.81976829840178 0 0 0 0 0 0 0 0 0 0 0 0 0 0 0 0 0 0 0 0 0 0 0
0.143539355584404 3.45815655663131 2.19226707509572 1.27964930628969 2.28864084660567 3.8163193863939 0.170840960749993 4.32390142213723 3.18966828495469 2.5696851455694 1.05673945937961 0.581148607310552 0.549059712378299 6.36895676732274 1.15349246725658 4.72934525572479 2.35399151304033 0.312766428387103 0.941052296249839 1.05676373544311 0.286238930983424 1.42180416026257 3.10039577521144 0.795007460382695 1.33379445737626 2.48568950605838 3.83827467638078 0 0 0 0 0 0 0 0 0 0 0 0 0 0 0 0 0 0 0 0 0 0
1.7664417907594 0.633508962179896 2.55873365458638 2.5970413345099 1.41385498448024 7.24646148886199 1.51654208076634 0.0800563859194946 8.33483650904955 6.05409696739477 0.463060788252172 0.390493596959163 0.581775121065527 0.0966199344268588 3.40217626378677 1.29861083831931 0.620808630247476 3.43715264709075 0.787686771466344 3.504468009206 1.56586430638535 5.28986373845415 2.56977359187098 5.89516751966872 2.05328575519282 2.08177906612943 0.11911638389909 3.2359019106555 0 0 0 0 0 0 0 0 0 0 0 0 0 0 0 0 0 0 0 0 0
4.13682005552891 0.723048781249344 0.801316820991723 3.58917126426769 0.324620775349763 5.58719507542934 0.548304249111098 4.45304888129948 1.06562881987699 0.189612736021684 1.69730423590398 0.492027178770532 0.0786323183698425 3.64107925011169 0.243923974048752 1.99361917826855 1.77731997646903 0.352932344663368 7.64669003240532 4.17755188667563 0.145223271985167 2.20879725345102 2.75078053732365 1.45327236331591 10.1530899407616 0.95670824638294 1.01974142903377 2.4662361985391 0.569526433627129 0 0 0 0 0 0 0 0 0 0 0 0 0 0 0 0 0 0 0 0
0.533955522158619 3.75883124536551 3.31276117174255 10.2647828261231 2.6049166623184 0.922118232099828 3.26833693500054 4.7486471472749 0.426484108222196 0.498717976168851 1.09819477702906 3.77849943853081 3.79066337524996 2.40676741688087 1.80692962688556 1.73946096164542 3.83252737806334 2.15335801404408 1.18198825973474 1.4461860575736 5.82083468556431 4.53846625393225 1.19002688384541 1.61537647341454 0.11904316192455 0.994278807427202 4.43607357598408 1.23252338035351 0.154555173930075 4.13401346651005 0 0 0 0 0 0 0 0 0 0 0 0 0 0 0 0 0 0 0
1.1190358120899 1.38352192070845 9.2208848873349 2.25491054475709 2.43020571052182 6.79344499692619 0.807953614005417 3.10601191277928 0.499477123844916 1.86308252136273 3.38500959846891 5.07904508581112 1.6576895156962 1.02359101978146 4.83940352801489 9.21709933782711 2.15960687942536 0.279096845684536 1.2460224236041 1.80453062106099 0.345455903024329 2.26079403124307 4.99624337478369 1.50371052040805 1.53931231150715 4.31695991147781 1.20327550149909 2.55176248283417 5.27830855608987 0.14224735116166 3.16230742242478 0 0 0 0 0 0 0 0 0 0 0 0 0 0 0 0 0 0
1.30616269214991 1.22248266216593 0.850732192390641 3.35546068900288 1.03659309516937 4.09786359570795 2.55841812864634 2.93127906805574 2.01379506927895 4.46135928194788 1.04598627258486 1.15015785299506 0.105867109668191 3.97057912843479 0.462448980369199 4.86598241139461 3.02571357127959 1.65090434415847 2.26157681755294 1.42668618304025 0.0841575449351527 8.64494818415212 1.87904627091213 1.461099379829 3.42545339746113 2.96424025962736 0.97796649930863 0.888736575923144 1.72624402449526 7.60622018577969 8.14853798831667 0.381949004628519 0 0 0 0 0 0 0 0 0 0 0 0 0 0 0 0 0
0.789949802464495 1.65959031040386 4.53250794167839 3.49207889567218 0.250814236626267 0.0201278217598798 2.61494768176447 0.530418546012131 0.771318085687219 0.429354997713675 0.742629147646551 1.39137528724409 3.50750831530864 0.757639873499502 0.962869649923151 1.58627008290309 0.906122187504316 2.10873918711886 0.22534857274947 0.289170226370531 1.10177099958413 3.42464762894374 0.140124379274264 0.693902279558206 2.47798813349408 4.42279899805423 2.49924748469284 0.902342148822302 1.6360869610101 1.93390431359625 2.03255390358712 3.87165810209604 0.919450201266785 0 0 0 0 0 0 0 0 0 0 0 0 0 0 0 0
0.0564660679269936 2.33837356793225 3.36155324069246 2.5419731527422 5.89097464833997 1.99012953050027 0.226581273459219 2.80878469274233 0.119637025662407 0.257563435727052 2.8746301308654 13.4397220777418 3.64488112167687 0.301436245575466 0.0101563312926944 2.00675689037249 1.3965335363642 0.0823990117315631 4.38245464822061 5.0797737005902 0.383977573279881 0.336493644288167 0.183859324900831 3.13940908553874 0.373031091962145 0.177313171040711 0.00074095195858943 9.37025953836078 3.31399830872318 0.559381280890433 1.03096469808244 3.80388146614096 0 0 0 0 0 0 0 0 0 0 0 0 0 0 0 0 0
0.338850056074217 4.6071164762887 0.674968892873285 6.05815857063698 4.77230117570429 1.64935380682324 2.65906661134409 3.01484626071339 4.08951712896403 0.850183473265205 1.90345877323745 0.748754085212962 3.30240496681324 0.209912091404918 1.43332986074207 1.44984776239419 1.23834768019088 0.604698223188751 0.879295638350707 0.546639267429976 4.90403808664532 10.466597266606 2.9820824520738 2.85857262070035 3.69404918698453 0.0590029449932625 0.418138825002753 3.91833650140118 7.2033331563145 1.29550371278222 0 0 0 0 0 0 0 0 0 0 0 0 0 0 0 0 0 0 0
0.794469673866944 2.07469338808242 2.40373710349739 5.23439327774465 0.147700355651604 1.62025213928044 2.97287914125838 1.70015242492818 0.836877603465686 4.8240712367564 0.635094964532129 0.150546324908649 1.36184892218405 5.31596594226815 1.55771314239403 5.27738418066977 3.99072159314617 5.29288534110668 2.66857142345721 0.858065251660756 0.123246407611831 0.513124067440836 1.4150563629691 0.356474010843062 5.7676348253053 0.273643550040143 0.787703718873146 1.80808678471963 0 0 0 0 0 0 0 0 0 0 0 0 0 0 0 0 0 0 0 0 0
1.09632251685 0.174759179186927 0.00295553434354912 0.531697142043737 2.01478159623145 1.31709436029179 3.54430964767016 0.20174594208193 1.89677528451723 0.602854035366484 3.95478344654919 0.469785451935615 5.13914343252814 1.26478899807235 5.04213344591398 1.93934288787194 1.16405540373067 2.21064528907418 4.47315210580552 3.70409605384798 4.17736179652879 0.099420825345495 0.134462742159679 1.44117931079937 4.88387237862002 5.30358044809574 0 0 0 0 0 0 0 0 0 0 0 0 0 0 0 0 0 0 0 0 0 0 0
3.54158274426947 5.36615706086347 3.99683119306875 2.57673165999092 6.5013584468167 0.3386466146497 1.18585304476959 2.18948031918239 1.82904410882563 5.35865513679954 0.217758983918825 0.886566646629871 3.5240799368617 6.02714176818652 4.55604079440337 10.1859833737662 7.65138630467263 0.233299986796095 3.59701062527752 4.36430874552012 0.458734353589806 0.61032875194172 5.58863815106873 1.0996231106001 0 0 0 0 0 0 0 0 0 0 0 0 0 0 0 0 0 0 0 0 0 0 0 0 0
1.39180748246047 0.263365025312541 0.926223052891811 3.01047666217056 0.0721258212992436 2.25654094357027 2.73582219066915 3.37915164706169 5.15973436045889 1.6774466252774 3.46127360340637 1.06477135218564 4.05987493906743 1.37630777314289 7.19332354816365 1.54634944341419 0.378956025094608 0.343416580620322 1.79545063017349 4.12931179903777 3.55690528604264 0.516017784070273 0 0 0 0 0 0 0 0 0 0 0 0 0 0 0 0 0 0 0 0 0 0 0 0 0 0 0
1.00782848541684 1.07632802482803 2.6103788395539 0.798195693695262 3.35817266201638 2.70849804147821 0.576253220691113 0.760858236726026 2.02777666677187 0.0512460607539831 0.347940306735142 0.252472021281145 3.14254968541255 1.32960755364506 0.22831270223049 1.47328735030511 0.462204776319368 0.809130030847007 0.580564197301782 1.45492458237091 0 0 0 0 0 0 0 0 0 0 0 0 0 0 0 0 0 0 0 0 0 0 0 0 0 0 0 0 0
0.799176473798672 3.02039515978577 0.0724740232799174 2.50100867518346 2.68386620641577 1.18199939703479 2.1672052564869 1.05855828821337 4.43426341026722 0.707859766779159 7.75527691676356 0.768261652548079 1.56355270564903 1.64893605253302 0.237429323474402 0.0772489880487146 2.32750118022691 8.38665803297705 0 0 0 0 0 0 0 0 0 0 0 0 0 0 0 0 0 0 0 0 0 0 0 0 0 0 0 0 0 0 0
1.05463311805155 0.0955181498348194 3.14495670417255 0.606405620888244 2.20680672744553 8.85776739110488 0.453904215897761 0.53929100873552 1.53127367511426 3.04631448383208 4.49337928667769 7.3165321474199 6.65519146616783 0.793311173967713 0.575033646701796 11.8313455595602 0 0 0 0 0 0 0 0 0 0 0 0 0 0 0 0 0 0 0 0 0 0 0 0 0 0 0 0 0 0 0 0 0
2.37829841218047 0.892019393116037 1.79011571757342 2.52568250703846 4.61619941625977 1.4509587425276 10.8605918983816 5.49736264726864 2.22751990774382 1.18695387053644 2.3961482663489 0.63872076157897 3.39503806052264 3.95006095334063 0 0 0 0 0 0 0 0 0 0 0 0 0 0 0 0 0 0 0 0 0 0 0 0 0 0 0 0 0 0 0 0 0 0 0
0.5990160138419 2.8822381464269 0.471881910089376 2.95924780408939 0.765479324446868 0.674366523265696 2.758443907356 0.243025931746785 1.85739335588515 0.380684850622088 1.85273930836686 1.19597611937551 0 0 0 0 0 0 0 0 0 0 0 0 0 0 0 0 0 0 0 0 0 0 0 0 0 0 0 0 0 0 0 0 0 0 0 0 0
4.50663815667249 1.75562688442747 4.44154358541161 0.962704734061054 2.92595959251522 1.31998988800749 6.99467723634706 0.220725844776518 0.323559219641294 0.0869209437771751 0 0 0 0 0 0 0 0 0 0 0 0 0 0 0 0 0 0 0 0 0 0 0 0 0 0 0 0 0 0 0 0 0 0 0 0 0 0 0
2.73397070911803 6.64859461088567 2.24473615620951 0.191924786655456 0.339568746598697 6.45574939833536 0.652095199857963 8.27821162525603 0 0 0 0 0 0 0 0 0 0 0 0 0 0 0 0 0 0 0 0 0 0 0 0 0 0 0 0 0 0 0 0 0 0 0 0 0 0 0 0 0
0.638208986787825 0.724296255415873 1.03518807654673 0.671227945491826 4.68798024874287 0.0655735603222726 0 0 0 0 0 0 0 0 0 0 0 0 0 0 0 0 0 0 0 0 0 0 0 0 0 0 0 0 0 0 0 0 0 0 0 0 0 0 0 0 0 0 0
1.28737389192876 0.359801973332018 0.349339494066062 1.17425192936402 0 0 0 0 0 0 0 0 0 0 0 0 0 0 0 0 0 0 0 0 0 0 0 0 0 0 0 0 0 0 0 0 0 0 0 0 0 0 0 0 0 0 0 0 0
5.86665196212608 1.0942429142326 0 0 0 0 0 0 0 0 0 0 0 0 0 0 0 0 0 0 0 0 0 0 0 0 0 0 0 0 0 0 0 0 0 0 0 0 0 0 0 0 0 0 0 0 0 0 0
