0.0883638350646656 0 0 0 0 0 0 0 0 0 0 0 0 0 0 0 0 0 0 0 0 0 0 0 0 0 0 0 0 0 0 0 0 0 0 0 0 0 0 0 0 0 0 0 0 0 0 0 0
0.501917737415925 3.86543315648616 0 0 0 0 0 0 0 0 0 0 0 0 0 0 0 0 0 0 0 0 0 0 0 0 0 0 0 0 0 0 0 0 0 0 0 0 0 0 0 0 0 0 0 0 0 0 0
4.0766758165198 2.01490679601411 4.83739412193633 0 0 0 0 0 0 0 0 0 0 0 0 0 0 0 0 0 0 0 0 0 0 0 0 0 0 0 0 0 0 0 0 0 0 0 0 0 0 0 0 0 0 0 0 0 0
5.49932730809088 4.00543229362833 5.73071033503862 2.43177864381396 0 0 0 0 0 0 0 0 0 0 0 0 0 0 0 0 0 0 0 0 0 0 0 0 0 0 0 0 0 0 0 0 0 0 0 0 0 0 0 0 0 0 0 0 0
8.36416673186639 1.00780739796846 6.35947560204673 8.49680892472029 3.21015934420697 0 0 0 0 0 0 0 0 0 0 0 0 0 0 0 0 0 0 0 0 0 0 0 0 0 0 0 0 0 0 0 0 0 0 0 0 0 0 0 0 0 0 0 0
6.26969922503709 4.13878599248182 1.81597432714512 5.82555806340075 9.11957155506112 2.431009913594 0 0 0 0 0 0 0 0 0 0 0 0 0 0 0 0 0 0 0 0 0 0 0 0 0 0 0 0 0 0 0 0 0 0 0 0 0 0 0 0 0 0 0
1.05190061909413 2.79006963623908 4.14470402036427 1.60261346956065 6.8047849735027 6.59151138420828 1.36789080846439 0 0 0 0 0 0 0 0 0 0 0 0 0 0 0 0 0 0 0 0 0 0 0 0 0 0 0 0 0 0 0 0 0 0 0 0 0 0 0 0 0 0
5.53357325126921 0.684563528924168 5.38150584501349 5.2975293917372 10.0687565125083 6.51310747486962 0.524225920129108 3.52628398652202 0 0 0 0 0 0 0 0 0 0 0 0 0 0 0 0 0 0 0 0 0 0 0 0 0 0 0 0 0 0 0 0 0 0 0 0 0 0 0 0 0
2.52638284495471 3.23928303847313 0.500517455536451 4.15475423169957 3.6082573879359 4.90894570582993 1.35059826375721 5.55712115249995 6.22754877523018 0 0 0 0 0 0 0 0 0 0 0 0 0 0 0 0 0 0 0 0 0 0 0 0 0 0 0 0 0 0 0 0 0 0 0 0 0 0 0 0
2.23061508983751 5.29351896002938 6.01162405890018 11.0848106804474 0.836871769989197 0.965207360939671 1.99399713605609 1.66679410831796 2.22324892509808 1.31213266399898 0 0 0 0 0 0 0 0 0 0 0 0 0 0 0 0 0 0 0 0 0 0 0 0 0 0 0 0 0 0 0 0 0 0 0 0 0 0 0
1.74015314822664 2.89891499786893 3.1184019776117 4.37119814422948 3.03617752277848 6.69936809093935 6.50617354334752 0.34700332699073 8.58300992940912 0.30870267279742 3.27317019597341 0 0 0 0 0 0 0 0 0 0 0 0 0 0 0 0 0 0 0 0 0 0 0 0 0 0 0 0 0 0 0 0 0 0 0 0 0 0
7.96401418270948 1.40662379415439 2.46205355183999 2.39178462598984 0.295350447762716 4.6719648997313 1.23217960990976 5.61295066065991 1.83306668229859 2.50004799538551 2.52648657050516 1.34577903773506 0 0 0 0 0 0 0 0 0 0 0 0 0 0 0 0 0 0 0 0 0 0 0 0 0 0 0 0 0 0 0 0 0 0 0 0 0
1.41019973549487 3.32290765540469 3.35069450473052 1.97271355736305 7.78468107775831 0.882041405598093 2.94463955204658 3.61575358767877 1.65831059434069 2.54369480721689 0.751939285634845 3.45424556951129 3.50499178877216 0 0 0 0 0 0 0 0 0 0 0 0 0 0 0 0 0 0 0 0 0 0 0 0 0 0 0 0 0 0 0 0 0 0 0 0
0.91167379499787 3.66025597098195 0.640813916647436 14.9829385331845 0.123155165589075 7.18305979767918 0.589450571269223 4.1999101365096 1.22663577535814 0.434524924119677 1.78458748877456 0.384202495902682 3.87910225106034 0.647914355431434 0 0 0 0 0 0 0 0 0 0 0 0 0 0 0 0 0 0 0 0 0 0 0 0 0 0 0 0 0 0 0 0 0 0 0
1.60169875353407 4.51763348089349 1.33747456490722 3.16222277699162 1.21372739977695 5.19801477704206 3.16911620963014 2.84291938241864 1.62154673940941 1.82843883999239 1.90032379359822 2.84009611165592 6.26536023561291 0.205963082576317 2.36368017404377 0 0 0 0 0 0 0 0 0 0 0 0 0 0 0 0 0 0 0 0 0 0 0 0 0 0 0 0 0 0 0 0 0 0
0.0187976649212288 6.78659373195222 0.147591443080161 1.59030655948729 5.16855423445119 2.79984322542351 0.0320200359550014 0.987821307957226 8.25117498161688 0.730784591516183 10.2775113067913 1.46591631248858 1.8756330351857 2.13132796434082 9.37808748768938 2.76590902274488 0 0 0 0 0 0 0 0 0 0 0 0 0 0 0 0 0 0 0 0 0 0 0 0 0 0 0 0 0 0 0 0 0
5.39673622871351 1.12617226241293 4.24201697247933 12.1189719971697 1.7837321768829 5.84443247822663 1.91901144830515 4.26920689050398 0.0481262729956601 0.630701358658291 2.08629965039663 1.95970082898937 4.72172959522362 0.14448933704629 1.95831328299078 2.06938781027053 2.05188606586182 0 0 0 0 0 0 0 0 0 0 0 0 0 0 0 0 0 0 0 0 0 0 0 0 0 0 0 0 0 0 0 0
0.895601242782913 9.42409611688288 3.17782165644343 3.34229048629046 5.65878706245774 3.74250061968163 0.920209919962207 4.99797691371975 17.1398724553514 1.69853267841312 1.32105096252249 1.63476687102533 2.64561382299535 1.07441695544129 3.73674910279067 5.00536502271699 0.363576626507607 10.7645831431415 0 0 0 0 0 0 0 0 0 0 0 0 0 0 0 0 0 0 0 0 0 0 0 0 0 0 0 0 0 0 0
2.72910040711392 6.82658181619268 3.7261271372409 6.19146535459922 1.41374509030233 5.08175615107511 1.34837960397363 0.813745812134452 0.193686155847237 2.79455215341035 2.24754198701278 1.69476322032116 0.109029853351744 0.855946485224572 7.01172834286077 0.279212922896441 0.500005353135275 3.53691690754471 0.867606431866603 0 0 0 0 0 0 0 0 0 0 0 0 0 0 0 0 0 0 0 0 0 0 0 0 0 0 0 0 0 0
2.50226699824163 3.60216009730117 2.81946735959692 7.34950915404461 4.52640105408144 6.11396789535796 0.468014344175815 4.21962482373004 0.53778141454175 2.51272197142735 5.79214878459981 1.60222145346453 0.190047363604213 0.962230591944957 1.28072296767196 7.57162264340315 0.880337300396435 0.45334558978642 3.23230453724493 0.658825068816097 0 0 0 0 0 0 0 0 0 0 0 0 0 0 0 0 0 0 0 0 0 0 0 0 0 0 0 0 0
1.50111397869082 3.20334441486119 6.96669883261743 1.42078590397002 2.8127573065973 5.38448150893817 0.156076532178986 14.3099908437625 1.31921967905127 3.91450155527714 1.10811208374832 8.1953702900556 3.7532763132555 3.94760953462814 6.46675915447529 0.0107217483216016 0.736199977509698 3.17538012094695 5.24733250550858 0.764859400918361 5.33954961319059 0 0 0 0 0 0 0 0 0 0 0 0 0 0 0 0 0 0 0 0 0 0 0 0 0 0 0 0
0.31584576168923 6.43495529535973 2.93894399345573 10.4574167839408 2.97166361262212 2.536121692015 5.65930425466857 1.885984260476 4.72957084357389 1.97289599521448 2.43515345351802 8.63516928122223 2.57837588668658 3.06338816059962 2.55314892528515 0.229881969123323 1.09801118316406 8.65676813181736 5.37326691566992 9.43015252302345 7.33725490812307 0.221435331097215 0 0 0 0 0 0 0 0 0 0 0 0 0 0 0 0 0 0 0 0 0 0 0 0 0 0 0
3.53755770439867 1.85354565350421 7.10635451812091 1.32268924333143 8.12391508619679 1.89568062773433 0.76991491039802 2.12402488730635 3.01714522253517 4.45663634680736 1.61705707947111 0.42902643621676 0.181179891416202 1.11945700469076 4.7088008083855 0.795142077060507 0.761107666042768 1.90942809240876 2.62634651034603 2.81254757609312 5.89119762843521 5.10810962374123 2.27658116755226 0 0 0 0 0 0 0 0 0 0 0 0 0 0 0 0 0 0 0 0 0 0 0 0 0 0
2.09038579405668 3.36257101265903 3.03334012063719 5.59733514542627 5.40114503008124 1.46509790359803 2.09525326209432 2.26084917488659 1.11438594995298 8.56251298712485 0.115482866988336 6.00820471308997 1.46786610736488 1.29347172624485 1.6771562895728 3.8520950204539 1.47743462874622 2.26241532796228 4.49173894626579 0.505311552575678 6.98049066887 3.58821738832755 8.72390044138174 0.491911596290261 0 0 0 0 0 0 0 0 0 0 0 0 0 0 0 0 0 0 0 0 0 0 0 0 0
1.43827549255384 8.9813838384299 2.86027508179396 2.73714708686063 4.72917967214579 5.04020130592476 0.982894628420493 1.5856835792054 4.97486814489888 2.70834636130996 12.0201161266425 1.53828841982265 2.04552292800198 8.74161416342869 3.50937345447436 0.272657550812682 13.2021132072988 1.77925042022585 7.05587803819216 4.73643248457691 5.8278630877827 2.72886198464524 0.13091718412077 1.36990079591111 0.15317392938331 0 0 0 0 0 0 0 0 0 0 0 0 0 0 0 0 0 0 0 0 0 0 0 0
1.05299629987187 1.19254596495523 11.6161467551575 1.39207641072927 4.44522980351325 0.413509106188977 2.8648549344368 5.04951987185824 2.88846040995523 1.70386054740248 0.921303171849447 3.02196332861354 3.22113522400535 1.24067251118837 1.13938355869591 0.169950498767566 2.83923310854487 2.41822899496115 1.53390912679496 4.06475607875391 7.28555444518806 1.13053523847742 5.96278244079719 4.67582834403212 9.43818547950431 3.91745861215629 0 0 0 0 0 0 0 0 0 0 0 0 0 0 0 0 0 0 0 0 0 0 0
1.49750958575516 7.62610482251917 0.394917696164671 2.88825251209306 2.50887788853529 0.897720594412528 9.67525549785736 0.468196197788742 15.1692244452386 5.21906941023435 0.973534607938186 0.821695075120949 2.87354636894374 4.47916989848607 4.35023013283635 1.94353306007495 1.18332930938813 5.93900311164655 6.60294503388091 0.543954262257529 0.830354776355958 4.07861134368906 0.580087087827784 1.15566215660926 0.875903991563624 0.336298431033003 0.766980338742874 0 0 0 0 0 0 0 0 0 0 0 0 0 0 0 0 0 0 0 0 0 0
3.00421298967112 0.668366170490925 1.66524047383386 0.696501670048841 0.608712329263156 0.493865365093966 2.6878047027711 0.295967014752684 4.88493267491392 1.10089133167257 0.379880671683306 1.49578923416542 1.29255129975145 2.44573617405516 2.66695523382168 0.965276298170566 0.240285901937146 1.87591498726301 0.416465042065556 0.127367160244054 7.92996794493833 0.921548963963503 1.07988735713075 1.82700702512077 1.70199996638235 5.24576084985521 0.276238399442007 0.024911244392025 0 0 0 0 0 0 0 0 0 0 0 0 0 0 0 0 0 0 0 0 0
1.82663868876856 1.01096044708322 1.10322004106515 0.977629762129876 5.45646689334848 5.60096300520282 1.55904734717687 0.223948165233176 1.77152624427447 1.39190547179301 2.95029639503432 1.03157499332209 9.14542394622246 3.08323556424047 3.41019500787862 1.85619478464976 6.43547162881196 1.08630837806218 0.583800112202861 2.22493983839273 2.37283223327768 4.20505807728856 3.1565075815524 3.75123151280789 3.52269241089466 3.9314197178355 2.85906487886435 2.65124683373733 3.07834956681215 0 0 0 0 0 0 0 0 0 0 0 0 0 0 0 0 0 0 0 0
3.98507103094796 0.369432776326316 0.443095365418194 4.65986022553375 4.34081257496598 5.68388574681231 0.42838317927774 3.17396480042937 2.6469036679965 3.45177870758187 1.40189897699513 0.16455632146914 3.62992127241273 1.77671973230756 0.413669773757158 0.403784492269754 6.9671505921544 0.0915714689114236 3.2726088116491 2.70669597773719 2.20629531630709 0.640065090680853 1.73264837686087 0.609061337780772 0.570737920030054 3.25851870739609 0.541312980869877 2.97737182227949 1.30287326499456 1.11749187190431 0 0 0 0 0 0 0 0 0 0 0 0 0 0 0 0 0 0 0
0.79563972383033 4.87469026552644 0.328463275993094 1.2113676732579 4.6717986650109 2.03966811433431 0.606166772893677 5.53380883048637 6.71246176961089 0.127600444574757 1.9530656935351 1.45781929187928 0.0501121841562243 0.183137049816759 1.94018622637687 1.06183417073942 2.29536976454471 4.60589172594511 1.62422081978782 2.40251901890608 6.31060765002721 1.5213580588777 0.753399130259542 2.98315066247092 1.1207942487715 1.87964467508692 1.05739936109784 0.631961578417417 0.716470938966125 0.266915442176466 1.56639373152518 0 0 0 0 0 0 0 0 0 0 0 0 0 0 0 0 0 0
2.53039633561767 1.25110484752098 1.1524458988994 3.41483910709146 8.20163260110735 2.79853633510252 0.704847899462424 0.177642948161189 5.06611214740682 2.92240392345902 0.370507204707191 3.90421879798423 7.38550765537766 1.1729375267079 3.20017119131795 1.07156407084331 1.69406457000127 1.21378137116281 5.0991472901203 0.790537771674486 5.30057914006189 5.46193344708442 2.69146206782761 3.86157064505326 1.59758648156654 3.00634485533372 1.74234592592625 0.336865283004751 0.0274610384068454 1.38033218651129 1.7505405562881 3.59443328515306 0 0 0 0 0 0 0 0 0 0 0 0 0 0 0 0 0
0.340387509436892 2.79388184357594 0.440717392365289 1.51515819622093 2.34366985166717 0.363937528584199 2.14009796322336 0.52016153997785 1.51694574812783 1.5198966444739 1.17321937267838 2.22495418677412 4.05047817105961 0.917752940848615 3.13746860331442 3.79941131976909 1.98509644496781 4.385681649647 0.572586332921645 3.08545976404987 3.45328224931757 3.70325709775416 2.94659384081962 2.14678862152899 7.34249308372991 0.57290416098545 5.20271935865918 1.36263757387927 0.568057242625388 2.1716164191797 7.73763081278631 1.51789971898841 1.43284783791983 0 0 0 0 0 0 0 0 0 0 0 0 0 0 0 0
1.87599695602305 2.15390422415974 0.904770097426094 5.9727159478199 0.726089768169623 2.49659747344864 0.617466927194115 11.4894845773302 1.08025513510839 2.13873130849411 0.641049632521094 1.78556070622233 8.539429005241 1.4996422046387 3.85357607612874 1.16914907183905 0.708751691436465 2.07272309483297 2.7532198186809 4.16728605218597 11.3849012310327 1.3378703676089 1.78748734242456 6.2713572333222 1.11515172869321 0.860296800891739 2.1446607501056 3.91425141823552 1.10214341189469 0.128145694835303 0.15619140230091 1.04040199140228 0 0 0 0 0 0 0 0 0 0 0 0 0 0 0 0 0
0.614370616980439 3.63785229334904 0.794034926410008 4.35542142177038 0.225379992516065 1.4259089505559 0.942897115521841 2.04486748568998 3.65851077618519 1.48020784419325 1.534608049707 1.82745898799648 1.0671696396628 0.390004324778343 0.185131630765602 2.07958228190389 0.51484054626228 1.04521787614976 2.31805437704722 1.43688523322066 2.57770761974767 1.44778711229448 0.635030740574174 0.175629019950614 1.69372059178967 0.0898398418250364 1.669776585791 0.334310329875103 3.13349411648739 1.21344467780637 0 0 0 0 0 0 0 0 0 0 0 0 0 0 0 0 0 0 0
1.22544372546608 4.05366498436802 0.502914171866526 2.1285539965521 2.14540239746272 0.351298193432507 1.21435064741181 2.06352676701495 0.723909738262271 0.760017154515457 0.609533346084606 1.03235868521185 2.28934355066473 0.503623637788741 2.44733636367779 0.656491010871518 3.80786268151537 2.48860362036702 5.20445245195438 2.41125752583654 0.985255414196359 4.41190114552858 2.99493324440585 2.66717482834851 0.668306360002886 3.32073062923828 2.19260672450976 2.33207393497011 0 0 0 0 0 0 0 0 0 0 0 0 0 0 0 0 0 0 0 0 0
0.0720333862647065 2.14714209224165 2.28492005006964 1.30225426602351 2.67543312389934 2.24163221500115 6.04907753081634 0.886355035595905 3.42754911962337 4.01129231317667 2.14252814714793 0.989263826662642 1.35803976603035 6.421116015069 0.274170633721716 0.827908634531937 7.12717350051602 0.848264923639468 6.52315228570291 5.57691270445657 4.15408707024837 3.30295408328681 2.28106247302594 0.291134659035813 1.92785403521982 1.36430955461944 0 0 0 0 0 0 0 0 0 0 0 0 0 0 0 0 0 0 0 0 0 0 0
3.09186492527622 3.46124652461621 2.34941169991144 16.3313929112453 4.82461420650369 5.75825121671201 0.182591897783301 15.3016421817535 3.36620461139756 0.79351878851543 1.48118515471576 0.477196750454773 8.1573991184414 3.93228543301182 0.528960183144757 2.67579767980472 6.59458334844976 5.86588404159911 2.03715063993341 14.2610084631275 1.90818138877924 5.16281750026316 2.42685526256167 7.80960526136903 0 0 0 0 0 0 0 0 0 0 0 0 0 0 0 0 0 0 0 0 0 0 0 0 0
0.07913183255377 6.96996100465117 0.585183622144562 1.90895513408553 3.00641582689634 0.302401261534372 0.568542353072167 1.81590574290117 2.00639851296103 0.599718376618874 2.01593535156624 0.895506791997147 0.551558396638606 5.1518557825109 1.65537617575514 0.243086107309637 0.243063973731843 0.55597134918232 1.4509380569631 1.27129664635057 0.310519526891205 0.785668490038028 0 0 0 0 0 0 0 0 0 0 0 0 0 0 0 0 0 0 0 0 0 0 0 0 0 0 0
1.04565903516717 7.89348170429778 5.28005691126143 1.73839278122961 1.75937112342484 1.25674264152216 0.0841616772843638 1.49609034481579 1.05943624890123 2.89079416568591 1.13654430526648 6.33897593870388 4.96821130519108 0.336959187836033 4.94157724019107 0.632221376126291 0.202669333113321 2.92004950341998 2.97223823867342 1.70795564041515 0 0 0 0 0 0 0 0 0 0 0 0 0 0 0 0 0 0 0 0 0 0 0 0 0 0 0 0 0
2.03933807563052 3.37803295200082 5.26047313147282 8.94885540137682 9.46954438754814 1.29714832364514 1.77390502416105 8.68060332737465 2.95737732281781 2.02272353143594 0.903251979140501 1.37234272786998 2.41750409243276 6.24383041982381 3.83089276207517 0.336814133648686 6.55240997432976 0.698330196380436 0 0 0 0 0 0 0 0 0 0 0 0 0 0 0 0 0 0 0 0 0 0 0 0 0 0 0 0 0 0 0
2.39232971300159 7.46114183517807 0.416211190019929 2.96669998902417 5.35782752506505 1.95253891974974 0.454026209528368 5.96443121843821 0.470673241506784 3.54540338506923 2.20682933547951 2.61698218006244 4.81972659109572 0.787685517159541 0.142347178799838 3.79822179531102 0 0 0 0 0 0 0 0 0 0 0 0 0 0 0 0 0 0 0 0 0 0 0 0 0 0 0 0 0 0 0 0 0
0.0402918073001782 3.52291297586034 2.93084472154826 9.83021984042472 3.27715949627483 4.25282664384374 0.961059217019151 8.56477183720625 0.945489341143969 11.0063872425493 0.937422170039103 10.8492887022272 1.44108002884442 0.745226471756248 0 0 0 0 0 0 0 0 0 0 0 0 0 0 0 0 0 0 0 0 0 0 0 0 0 0 0 0 0 0 0 0 0 0 0
2.40670318463552 11.2909755114375 6.72304810493327 1.25959672794293 11.413683832488 2.57519140217544 0.102555445447718 2.69562250836207 0.958780732742465 0.908922741559216 0.514024871889763 3.74396227212754 0 0 0 0 0 0 0 0 0 0 0 0 0 0 0 0 0 0 0 0 0 0 0 0 0 0 0 0 0 0 0 0 0 0 0 0 0
2.44926340713056 2.41367226991932 3.90800813364915 8.7162654298259 9.15501779815138 0.639262891322978 2.28407031497528 7.21828221102664 0.998804959116076 11.5144725614705 0 0 0 0 0 0 0 0 0 0 0 0 0 0 0 0 0 0 0 0 0 0 0 0 0 0 0 0 0 0 0 0 0 0 0 0 0 0 0
0.900291088060196 1.31883010635153 7.32666999988415 5.27901724511541 5.32957770404866 0.155654624530781 0.681271615572238 2.32685051061321 0 0 0 0 0 0 0 0 0 0 0 0 0 0 0 0 0 0 0 0 0 0 0 0 0 0 0 0 0 0 0 0 0 0 0 0 0 0 0 0 0
1.41429789235326 5.58883901078908 6.66744574402278 1.90016201293604 1.77030752445122 1.9350367012571 0 0 0 0 0 0 0 0 0 0 0 0 0 0 0 0 0 0 0 0 0 0 0 0 0 0 0 0 0 0 0 0 0 0 0 0 0 0 0 0 0 0 0
0.123745588677824 5.52123193062146 4.33744143298979 1.21375736195313 0 0 0 0 0 0 0 0 0 0 0 0 0 0 0 0 0 0 0 0 0 0 0 0 0 0 0 0 0 0 0 0 0 0 0 0 0 0 0 0 0 0 0 0 0
3.86825303617101 0.401542552658111 0 0 0 0 0 0 0 0 0 0 0 0 0 0 0 0 0 0 0 0 0 0 0 0 0 0 0 0 0 0 0 0 0 0 0 0 0 0 0 0 0 0 0 0 0 0 0
