1.7969619362476 0 0 0 0 0 0 0 0 0 0 0 0 0 0 0 0 0 0 0 0 0 0 0 0 0 0 0 0 0 0 0 0 0 0 0 0 0 0 0 0 0 0 0 0 0 0 0 0
1.25663977500268 7.23439472273204 0 0 0 0 0 0 0 0 0 0 0 0 0 0 0 0 0 0 0 0 0 0 0 0 0 0 0 0 0 0 0 0 0 0 0 0 0 0 0 0 0 0 0 0 0 0 0
6.42440751334925 5.64076080611451 3.92925082598798 0 0 0 0 0 0 0 0 0 0 0 0 0 0 0 0 0 0 0 0 0 0 0 0 0 0 0 0 0 0 0 0 0 0 0 0 0 0 0 0 0 0 0 0 0 0
0.0595937100838493 3.88242783521923 2.98653071177538 2.88228155886876 0 0 0 0 0 0 0 0 0 0 0 0 0 0 0 0 0 0 0 0 0 0 0 0 0 0 0 0 0 0 0 0 0 0 0 0 0 0 0 0 0 0 0 0 0
1.85737500572089 1.45237214717367 1.00196726133532 0.809803777036877 1.37394513021343 0 0 0 0 0 0 0 0 0 0 0 0 0 0 0 0 0 0 0 0 0 0 0 0 0 0 0 0 0 0 0 0 0 0 0 0 0 0 0 0 0 0 0 0
2.66847598110105 0.954255019749622 0.565616462453018 0.00100772881538129 0.619826272531435 3.63697396873242 0 0 0 0 0 0 0 0 0 0 0 0 0 0 0 0 0 0 0 0 0 0 0 0 0 0 0 0 0 0 0 0 0 0 0 0 0 0 0 0 0 0 0
0.251767788175133 0.104207441954903 7.62865117032187 6.69294853587114 5.13095842074241 3.57781050610467 10.0597770243669 0 0 0 0 0 0 0 0 0 0 0 0 0 0 0 0 0 0 0 0 0 0 0 0 0 0 0 0 0 0 0 0 0 0 0 0 0 0 0 0 0 0
0.437239104793623 3.40740248711976 7.73586562654195 1.01740691040873 2.28550684718696 0.223074207517149 2.8896152755563 5.06140065248943 0 0 0 0 0 0 0 0 0 0 0 0 0 0 0 0 0 0 0 0 0 0 0 0 0 0 0 0 0 0 0 0 0 0 0 0 0 0 0 0 0
2.15627661631617 12.0492429611461 3.86861118662912 3.61020133596554 0.024646022737883 0.333784417357696 1.2600990079952 0.248300925951434 1.5882845421252 0 0 0 0 0 0 0 0 0 0 0 0 0 0 0 0 0 0 0 0 0 0 0 0 0 0 0 0 0 0 0 0 0 0 0 0 0 0 0 0
9.73678547791293 2.676106585862 10.0966145709637 0.24105979991668 1.32863781287936 0.27939225932232 1.72553203722984 2.18703596675981 8.05736937607368 2.12439437963535 0 0 0 0 0 0 0 0 0 0 0 0 0 0 0 0 0 0 0 0 0 0 0 0 0 0 0 0 0 0 0 0 0 0 0 0 0 0 0
0.880600323560455 1.61858583407796 0.877915795384365 0.752110821157551 4.32486620248603 0.448459229898446 1.75418025763949 3.39358241134249 0.215666028908652 0.586745060370734 0.419780159646767 0 0 0 0 0 0 0 0 0 0 0 0 0 0 0 0 0 0 0 0 0 0 0 0 0 0 0 0 0 0 0 0 0 0 0 0 0 0
0.101092950097144 5.45910803368804 5.94877760979316 2.08013166514404 0.264058090575706 0.120445292585028 1.68387995012246 4.90233955724806 0.958299596368958 0.965637235261479 0.49855827159685 0.947327290957109 0 0 0 0 0 0 0 0 0 0 0 0 0 0 0 0 0 0 0 0 0 0 0 0 0 0 0 0 0 0 0 0 0 0 0 0 0
1.25332839062353 3.55016308023985 0.0311697245272741 1.24781002954334 1.41019128433419 1.71750174948163 6.19131919253072 6.29157138164324 2.31227175145905 0.578289288453985 1.9362071411687 3.63658504290877 3.44825687612505 0 0 0 0 0 0 0 0 0 0 0 0 0 0 0 0 0 0 0 0 0 0 0 0 0 0 0 0 0 0 0 0 0 0 0 0
0.795963537982908 1.6955323563006 3.53470589407238 1.31756801910734 8.34559380953649 0.388153685952612 3.09163959453333 1.31524632435913 0.943084412204823 0.242343239819599 0.568048636186298 0.87807930135335 6.18583386926326 0.593943862743439 0 0 0 0 0 0 0 0 0 0 0 0 0 0 0 0 0 0 0 0 0 0 0 0 0 0 0 0 0 0 0 0 0 0 0
5.90151764346027 0.973772382965562 9.87589026666624 0.354463493032315 0.183281288423547 0.499812782152302 1.15951199601064 0.814934267579372 0.959443342669669 4.37297605735041 0.860563563817021 0.548526712085319 0.653460921336637 3.39213691724104 2.99541023874022 0 0 0 0 0 0 0 0 0 0 0 0 0 0 0 0 0 0 0 0 0 0 0 0 0 0 0 0 0 0 0 0 0 0
3.09801839573391 0.450261208967068 0.22234216804906 0.989573709031165 7.71890479113442 0.555578144711165 0.109658042834035 3.1913161207393 2.46884624802919 0.135395901360833 1.13507812305765 0.189880503105678 3.23057718430235 0.068141907266318 4.7186204311415 3.63882920651026 0 0 0 0 0 0 0 0 0 0 0 0 0 0 0 0 0 0 0 0 0 0 0 0 0 0 0 0 0 0 0 0 0
12.7102684669278 0.789652621348098 8.21228118859824 1.55674777494147 3.20190127640759 0.77642872435447 0.620433793915676 0.710102037737434 0.262627320178983 3.01000650698381 2.69642012501668 0.710245471705956 0.468786335056988 3.61152310700976 12.4118500291748 0.857725127824307 1.38955362400299 0 0 0 0 0 0 0 0 0 0 0 0 0 0 0 0 0 0 0 0 0 0 0 0 0 0 0 0 0 0 0 0
3.17250648125591 5.21887587322369 7.53144357132579 1.55193832804479 4.91569467357743 2.11788114090547 0.109197587326995 2.87390579100334 6.8696862132582 5.38124104916762 0.414186039919571 0.567263611333681 0.352055241128388 3.34904717959754 1.13649149292877 1.05729532725907 3.94255969135833 2.3765148038462 0 0 0 0 0 0 0 0 0 0 0 0 0 0 0 0 0 0 0 0 0 0 0 0 0 0 0 0 0 0 0
10.0824245637992 0.0104880294525153 1.10339611199222 3.10081431624967 2.57515427058387 2.35081123713267 0.271487098755299 4.37908574228225 12.7661305525821 0.125969408365417 0.593670691829304 0.0637990203556088 4.95245417868079 0.378989876497486 0.556151902544622 0.462264588799063 0.117586817025935 5.86468631350284 13.3269843675666 0 0 0 0 0 0 0 0 0 0 0 0 0 0 0 0 0 0 0 0 0 0 0 0 0 0 0 0 0 0
8.59266997200753 0.418001644282674 4.55741009759188 0.666686709920562 3.85833527598293 1.45131125285317 6.14770443500682 5.90846957737847 0.17960500434514 3.05340106566397 1.5579007060035 1.06999183688029 3.48722549890227 3.48349292613929 10.2095690419468 1.84498578650778 11.4533495552071 4.7780099407639 2.42503643967048 2.76990262235888 0 0 0 0 0 0 0 0 0 0 0 0 0 0 0 0 0 0 0 0 0 0 0 0 0 0 0 0 0
0.228866054446266 3.45802469029992 6.5666712973292 4.14654622736381 2.87509576440426 0.540828052060625 3.31444926930986 4.97491728345153 3.39952022768213 0.245793929005754 7.58862719415874 3.76333323564757 3.44897567996898 0.79841035886579 3.47431077367078 1.25682284290525 0.0966591564314597 7.76837307559745 2.52798404924593 7.16767589958036 0.533829085561782 0 0 0 0 0 0 0 0 0 0 0 0 0 0 0 0 0 0 0 0 0 0 0 0 0 0 0 0
1.78323032438971 4.66041977611023 3.75455959027794 3.3698493303231 3.38364762696043 1.81611937112351 2.35751184626015 0.573358987750545 0.658379827068536 2.07895087035698 0.930569293925045 0.00934037085546836 0.969120722725873 2.17377448952723 3.34767236426957 0.661433304831841 0.326407600646885 2.40064948833475 4.01569476107087 0.895608479315959 1.84872165423064 2.10064114179995 0 0 0 0 0 0 0 0 0 0 0 0 0 0 0 0 0 0 0 0 0 0 0 0 0 0 0
5.58860580755155 5.36645541714107 9.25881598946023 0.163864518213436 2.31749965119043 2.65744771929548 0.816207923091292 3.32075222350392 0.974304586857142 2.16250081310641 0.975605982549511 5.13761388128122 0.295425567426025 4.09325803252344 7.02138523183697 0.242235229959636 9.2496050698809 6.83866278125283 3.73636615983659 3.96064928475574 0.788797034393134 3.11252425726487 3.39235666461644 0 0 0 0 0 0 0 0 0 0 0 0 0 0 0 0 0 0 0 0 0 0 0 0 0 0
0.000943326343822482 1.16952274490734 4.61402589120969 3.04503018173941 7.54408508951294 2.07685962851659 1.75143359570073 15.8335147690424 2.08544656642956 0.056104588480849 0.267407318186205 0.0824923453067173 0.105833131860029 1.84748561777482 1.34989123365892 0.164767070223858 0.182649807596365 1.68995338136678 0.892743441301087 1.26092184455989 1.8335918051784 0.833323326087084 4.05845753829351 0.00768680421983256 0 0 0 0 0 0 0 0 0 0 0 0 0 0 0 0 0 0 0 0 0 0 0 0 0
4.96281902341404 0.483579815614982 2.77629323927217 5.48929282270245 1.25356824190162 0.197317104421676 3.1709866669993 3.17735617414869 1.99130368911613 2.54587208415805 7.34942059516177 5.96169569206097 1.43387572846426 0.0621140633608961 6.6840455937624 3.4762963790857 5.3992501371717 3.69726403823477 1.01434467114002 1.87831128498873 2.53926453539521 1.96043935125735 4.04120980366072 0.0985152816739526 1.13632638738643 0 0 0 0 0 0 0 0 0 0 0 0 0 0 0 0 0 0 0 0 0 0 0 0
2.01875209726532 6.94449018216783 3.29271880097046 3.17590533767471 0.612340670887364 0.444581493366205 2.75337872440124 6.26395775818299 3.23337646367881 1.51740458304404 4.68627699813074 0.477372329478854 0.603266465974421 3.19461515475431 10.8411795775122 0.881664314185251 1.21080213092772 3.54516608277169 4.43272578447342 5.75139112473054 1.2895504973741 4.74372712046245 5.56725334123104 0.226077952583118 5.08719723277445 3.62579863894916 0 0 0 0 0 0 0 0 0 0 0 0 0 0 0 0 0 0 0 0 0 0 0
4.76151748120403 1.04866052926502 3.00119372268338 0.83430298428512 4.37555119062829 0.314417638658817 1.62888567885944 1.60425756537111 0.306006979782718 4.96816999682278 0.151041154788284 5.94348942039703 1.60382399228757 5.10346095383246 4.13493175778518 3.96951250170888 2.14886349492454 2.87572689973469 2.17225692659128 11.5131575972648 0.636766985727007 4.4600259644465 4.60240007871604 0.114315246608247 0.631005612429467 6.60927058492086 2.25184423181503 0 0 0 0 0 0 0 0 0 0 0 0 0 0 0 0 0 0 0 0 0 0
0.202237513011976 1.42729907642101 0.61691705250963 0.741879980174621 1.19443066509446 3.40958316748511 0.879796903147144 4.52814620445617 0.439470852683022 0.718399823327651 3.6493745273554 1.34389007605898 0.258337034760665 0.541705852599875 0.132686451588096 0.752380196142639 0.0837370172628567 0.908662477092904 2.92432559167076 0.482980739194096 0.333961969562303 3.57967835084231 2.35823607721404 6.92655006994665 0.762257146810405 1.01699921137368 0.0163575422358313 1.28750094571485 0 0 0 0 0 0 0 0 0 0 0 0 0 0 0 0 0 0 0 0 0
2.40072724700984 1.23840676831356 0.846334939152974 4.38786549036609 0.017173909379059 4.50485685411202 2.24760732784865 2.09875602618732 1.29825537086439 0.862145098950899 0.430497930500312 5.56734064017672 4.31608695880838 1.40463901659395 3.76179369931062 1.94329462473546 1.12847331078598 0.585962203167006 0.0747107423639904 3.29544305436503 0.370725489287222 1.31256904466363 0.661554539754773 1.51518576731058 1.52200624436569 0.97173436778672 0.624131958622305 1.35621254888392 3.39580815145279 0 0 0 0 0 0 0 0 0 0 0 0 0 0 0 0 0 0 0 0
0.712309377074937 1.53086701594526 2.51162843785987 2.02492922809004 0.254229627642283 2.22776817257146 1.14872920905356 0.363175537154182 2.33870545094399 0.0994720970796924 1.09479294577712 5.35755991584309 0.712598220024663 2.44484061880011 2.19877371324685 0.030726894457926 2.49571302008343 1.50010470157587 3.33627057604855 6.55007066322851 3.0474152710677 1.41579743410432 7.96065855213784 0.185786303970373 4.18491324487322 0.761311496460726 5.29349181066108 5.25772668584673 11.5033750863496 0.777304386935934 0 0 0 0 0 0 0 0 0 0 0 0 0 0 0 0 0 0 0
4.52458893522923 4.30220044255242 1.71969959089678 3.65254948553137 4.41968125689377 2.1094318009009 0.129537803489275 0.286450343121784 4.11561909781361 2.81589013532169 3.03641096669611 1.19472696022877 2.56657849813782 0.195717488772525 2.02464555324468 2.03683901040493 7.23502380749553 1.55030576101545 3.52589468677171 0.152204687197255 6.34951235801709 1.04023094313985 2.73674101165423 0.764064018073626 1.20138077484564 1.64706113433558 2.20114044481936 2.30693775522766 1.48144401886232 1.30695751280822 0.655639334340811 0 0 0 0 0 0 0 0 0 0 0 0 0 0 0 0 0 0
2.47773122984503 2.29266549981242 0.508666893625168 2.27279165975585 2.29009201645122 1.67625906164223 7.96464876508797 3.03861632125367 1.74546317250332 1.75613940050827 1.20966857150116 3.51617727690417 4.14590117720837 8.38020809310591 0.122414868605359 0.303574716123615 3.56384215719587 1.43614217558212 3.47143968887357 2.87288203720999 2.25212142025275 3.66117307083635 0.75877147148379 0.415943797887462 2.06178210578216 0.489491926563908 2.34241810291011 2.03670654074368 1.15566211512043 0.339823165688188 0.968567964710249 0.171569598774595 0 0 0 0 0 0 0 0 0 0 0 0 0 0 0 0 0
0.347331840606072 0.449471471680886 0.0998382829113096 0.67303122605102 2.17592045585198 4.8912328863967 1.33236721661253 0.2023585325387 0.895642128624854 2.79986003364247 3.53626706745472 2.72756204399392 3.82224626870321 2.08815192162279 4.94465509007606 0.0477589654180534 2.32648300523947 0.764136331105928 0.347865452692257 2.56880068885239 1.00779272359078 3.02456471169744 0.627509441276568 1.2219461222727 0.289244470285869 1.66789827553187 7.15137375194178 2.79293744102051 0.669628464408947 1.74606780902374 4.62204365490392 3.46783754028265 1.83026650088454 0 0 0 0 0 0 0 0 0 0 0 0 0 0 0 0
1.99639910423425 0.831251984601861 8.67323764341859 5.62553934870609 1.40836222667701 1.17700001125132 1.72468680540608 0.34941685431346 4.27131916812765 1.38822373616823 1.49610236681846 0.761291613398582 0.447931440398773 3.40679085373939 2.00636156277008 1.01278659445793 3.69131867671222 5.10534965462357 10.020252482727 1.45272979894877 4.46703229590355 2.02493992900773 5.70696008876001 0.0834087415108848 4.1769381295675 3.23737340697321 3.77746544748784 1.64451486900405 0.28400364404627 0.377359110647169 0.830227566876983 0.628031678881272 0 0 0 0 0 0 0 0 0 0 0 0 0 0 0 0 0
0.200032581965982 2.80090245625576 1.30348778105783 3.24185607496495 0.0309808732632359 0.609585855754052 2.05751613564932 1.06771835258494 0.00464849751719107 2.15503372914567 3.47177246540584 0.340966868503787 0.432567518560933 0.666185525644575 1.17542046326961 0.00589157547045702 1.84184719061809 2.5855305857434 3.67617416510559 2.13652352987449 6.12088359919704 0.46084959271513 2.48264487501289 1.46797925897017 2.93175099943368 0.949152799245434 3.06453438499216 0.374628582825651 0.0843831312547586 3.32102180779529 0 0 0 0 0 0 0 0 0 0 0 0 0 0 0 0 0 0 0
3.32673166455373 2.00406181444652 4.18530158523137 1.14364043854794 2.48173884209072 4.00695322443774 1.27620527159694 3.11201152581533 1.52292016163537 1.98925675129772 1.22449953778257 0.570829479700357 0.671934056735631 0.0691073173233043 2.48445127026927 2.62621847518398 7.94777705716246 3.39452875295631 0.302862628242232 3.1583128819213 1.33473939073386 5.17505535465633 5.03660748748012 3.01341644170175 3.22844918884768 4.97200740637727 7.26788181517442 0.00241702858321255 0 0 0 0 0 0 0 0 0 0 0 0 0 0 0 0 0 0 0 0 0
0.98750615438215 0.604635543974389 1.46893000991058 0.856257504702304 0.0928214380985738 6.3312684470784 5.4212666608742 1.59060421503333 0.262717055598464 0.785729495335741 2.53621982078171 0.646984801023676 0.888093243151081 1.14587300938516 5.55320175585025 2.98342949192355 3.29986474315071 0.488244571043569 4.74998037755672 2.71870473644112 0.396504512634966 1.3862190382978 3.22149401412407 0.296899617556357 0.443208237161516 0.0273859307961619 0 0 0 0 0 0 0 0 0 0 0 0 0 0 0 0 0 0 0 0 0 0 0
8.45981378713095 2.64418176927299 14.7732769718662 3.54574691459705 1.32950515907042 0.278161625359207 3.02082855585549 3.00747114484711 0.0575966642251487 5.20359813757603 0.355075431241941 5.22051827635425 4.03753315708392 5.66004654880869 2.89580082466916 0.0771013991995232 5.11863072144234 1.57847799404782 3.0349434655376 6.88611823685583 8.60513868289183 7.4267721132603 4.28108440587468 0.985427212618536 0 0 0 0 0 0 0 0 0 0 0 0 0 0 0 0 0 0 0 0 0 0 0 0 0
1.10416148592149 8.34119382188534 0.312506140695942 1.87200949660978 3.16429142070974 6.37867817145167 3.59133074721592 1.79103780812971 2.67656514325967 6.19004514243873 0.0993236261536647 2.42960304322374 2.02413432310171 1.35856630334196 1.21286154453239 0.698662606712481 0.100128643807735 0.23579424193922 1.54791714606953 2.61611520101938 0.469688691896362 0.887262030178259 0 0 0 0 0 0 0 0 0 0 0 0 0 0 0 0 0 0 0 0 0 0 0 0 0 0 0
1.27818416103588 0.728185741981971 0.652893838633774 7.31356269547921 2.72776486441786 3.59511548449232 0.132790943733842 2.99634867864276 0.620826257371897 3.4901427017062 0.021214571832385 2.08933824674261 5.62459228124391 4.6885519146852 1.72301509915488 1.41192343546929 0.753687593661903 0.0730780198140987 0.169749219007341 0.317282179085207 0 0 0 0 0 0 0 0 0 0 0 0 0 0 0 0 0 0 0 0 0 0 0 0 0 0 0 0 0
0.925594727698257 3.76055990404451 0.0778040129961265 0.416231458826137 3.81265201884409 0.101976429482763 2.72124713970454 0.923504599896565 3.98599093764037 0.999317694318976 1.52269824814228 0.221726638348512 0.893758922498162 0.966836962415682 0.13920196594342 3.48395938124873 2.15526915374828 8.10366211630466 0 0 0 0 0 0 0 0 0 0 0 0 0 0 0 0 0 0 0 0 0 0 0 0 0 0 0 0 0 0 0
0.609027665699558 6.11942293483633 3.66159281669864 4.60258907032185 0.939063765074491 1.13427938144348 2.39421945933631 0.828459150143184 2.87635977123285 6.46953192130483 0.0641009112879151 5.87105988750177 2.44810618972803 5.77958625590088 0.240546076364533 2.94261001262332 0 0 0 0 0 0 0 0 0 0 0 0 0 0 0 0 0 0 0 0 0 0 0 0 0 0 0 0 0 0 0 0 0
1.58723618865917 2.61171029680485 1.15374513166522 1.98431083895603 0.0141290705675765 0.743617200808801 1.77878484423377 2.12648095730225 0.83176038401467 9.24232915250816 1.06722602073576 1.02852759734261 1.52242357281301 0.72284812642234 0 0 0 0 0 0 0 0 0 0 0 0 0 0 0 0 0 0 0 0 0 0 0 0 0 0 0 0 0 0 0 0 0 0 0
2.57793934349318 1.34982368390946 3.58058283555211 4.08486098139583 1.04369310111616 0.102660100864711 0.705359392470022 0.261485117479931 1.35452885199433 1.27234408611145 1.10357675589036 4.47890352641339 0 0 0 0 0 0 0 0 0 0 0 0 0 0 0 0 0 0 0 0 0 0 0 0 0 0 0 0 0 0 0 0 0 0 0 0 0
3.41151546550452 12.5056265883616 6.29585338738154 3.69827107455688 0.236311543661197 1.48106007368362 6.30748094434617 1.29571929073875 3.84605173714787 7.36092520085285 0 0 0 0 0 0 0 0 0 0 0 0 0 0 0 0 0 0 0 0 0 0 0 0 0 0 0 0 0 0 0 0 0 0 0 0 0 0 0
4.86948988010938 8.36811271384824 4.95934784419018 0.99454399769834 0.8248852052796 0.924772311336544 1.83498272073068 7.8826673519096 0 0 0 0 0 0 0 0 0 0 0 0 0 0 0 0 0 0 0 0 0 0 0 0 0 0 0 0 0 0 0 0 0 0 0 0 0 0 0 0 0
0.563791252948664 0.159254895320854 1.91454189587638 0.706174503565104 3.34467636613833 0.0916614716609002 0 0 0 0 0 0 0 0 0 0 0 0 0 0 0 0 0 0 0 0 0 0 0 0 0 0 0 0 0 0 0 0 0 0 0 0 0 0 0 0 0 0 0
1.85566924930554 2.08213931201556 8.20838742941024 8.57245594453553 0 0 0 0 0 0 0 0 0 0 0 0 0 0 0 0 0 0 0 0 0 0 0 0 0 0 0 0 0 0 0 0 0 0 0 0 0 0 0 0 0 0 0 0 0
5.58595604519139 3.72428617741601 0 0 0 0 0 0 0 0 0 0 0 0 0 0 0 0 0 0 0 0 0 0 0 0 0 0 0 0 0 0 0 0 0 0 0 0 0 0 0 0 0 0 0 0 0 0 0
