2.61046210900559 0 0 0 0 0 0 0 0 0 0 0 0 0 0 0 0 0 0 0 0 0 0 0 0 0 0 0 0 0 0 0 0 0 0 0 0 0 0 0 0 0 0 0 0 0 0 0 0
11.2798170403912 5.34913389446553 0 0 0 0 0 0 0 0 0 0 0 0 0 0 0 0 0 0 0 0 0 0 0 0 0 0 0 0 0 0 0 0 0 0 0 0 0 0 0 0 0 0 0 0 0 0 0
4.7010737864336 12.1192066619477 5.42007749628781 0 0 0 0 0 0 0 0 0 0 0 0 0 0 0 0 0 0 0 0 0 0 0 0 0 0 0 0 0 0 0 0 0 0 0 0 0 0 0 0 0 0 0 0 0 0
9.63595249519465 2.1483120320594 11.9869670453045 12.0707721643718 0 0 0 0 0 0 0 0 0 0 0 0 0 0 0 0 0 0 0 0 0 0 0 0 0 0 0 0 0 0 0 0 0 0 0 0 0 0 0 0 0 0 0 0 0
7.54693362394321 13.9555288262687 2.419376559168 4.30387467106176 0.621887245568977 0 0 0 0 0 0 0 0 0 0 0 0 0 0 0 0 0 0 0 0 0 0 0 0 0 0 0 0 0 0 0 0 0 0 0 0 0 0 0 0 0 0 0 0
3.28828349856949 1.33104971846892 3.94517300605817 4.14504575507828 8.7062097987262 1.33403624370661 0 0 0 0 0 0 0 0 0 0 0 0 0 0 0 0 0 0 0 0 0 0 0 0 0 0 0 0 0 0 0 0 0 0 0 0 0 0 0 0 0 0 0
2.68507813219452 9.73936858433114 2.67192924283594 12.6661483763357 4.80305621244392 5.36811415145957 11.2022093831906 0 0 0 0 0 0 0 0 0 0 0 0 0 0 0 0 0 0 0 0 0 0 0 0 0 0 0 0 0 0 0 0 0 0 0 0 0 0 0 0 0 0
1.33193773584975 0.374166187261897 4.2078711960491 5.28099062050624 2.80856845149969 0.533188692012186 6.67591227305921 1.68283528642386 0 0 0 0 0 0 0 0 0 0 0 0 0 0 0 0 0 0 0 0 0 0 0 0 0 0 0 0 0 0 0 0 0 0 0 0 0 0 0 0 0
3.0574920046388 4.91366694703232 8.92015289535578 2.59600460557505 11.8309994330984 2.94823778824888 4.40543606669959 4.64878679231023 0.143941998770883 0 0 0 0 0 0 0 0 0 0 0 0 0 0 0 0 0 0 0 0 0 0 0 0 0 0 0 0 0 0 0 0 0 0 0 0 0 0 0 0
2.11379728287055 4.24973894263395 8.32727246982989 3.63407197973725 2.72377418872987 10.1083118179577 0.0923469978507638 5.46358306162926 4.35015973320393 0.972417664771989 0 0 0 0 0 0 0 0 0 0 0 0 0 0 0 0 0 0 0 0 0 0 0 0 0 0 0 0 0 0 0 0 0 0 0 0 0 0 0
1.68707913648119 1.39719319593226 1.9222215354181 0.237587166110848 2.71811160876757 0.818482452330741 1.52092840461765 4.99368801889861 1.20709843798418 1.03914806425043 1.43155873946368 0 0 0 0 0 0 0 0 0 0 0 0 0 0 0 0 0 0 0 0 0 0 0 0 0 0 0 0 0 0 0 0 0 0 0 0 0 0
3.27928767143869 1.65620974943726 8.01106168607169 2.12133469892412 3.67618830302838 5.38863151441289 0.759481441640045 4.36250318305798 4.91928435114637 0.81473230451955 0.744799322182488 1.67063577553638 0 0 0 0 0 0 0 0 0 0 0 0 0 0 0 0 0 0 0 0 0 0 0 0 0 0 0 0 0 0 0 0 0 0 0 0 0
0.234265967186233 3.50648772697854 4.55830392115418 1.12915373069786 0.965189154401667 1.48961144823695 4.79126608621535 7.26576587418067 4.73518590796442 12.5826171127538 1.52495855030754 2.20101959499056 9.15269100313544 0 0 0 0 0 0 0 0 0 0 0 0 0 0 0 0 0 0 0 0 0 0 0 0 0 0 0 0 0 0 0 0 0 0 0 0
3.76616400366219 8.61664288006555 0.684777479909733 2.97009324882289 3.41858039600071 7.02888655130646 8.67667195492617 8.41208473240608 2.2592052575247 0.809641318506925 0.422867240341636 3.51744779028462 1.4074427543129 8.309157133452 0 0 0 0 0 0 0 0 0 0 0 0 0 0 0 0 0 0 0 0 0 0 0 0 0 0 0 0 0 0 0 0 0 0 0
1.41598132711582 8.26550660250478 6.99181192524523 4.41229697592992 13.0493813212544 1.83106806515685 4.26974713330443 3.96555449820642 5.53382056985188 6.61806947297866 0.543846343038857 0.613120744649665 4.52689011055896 2.86098869287315 1.93709596560602 0 0 0 0 0 0 0 0 0 0 0 0 0 0 0 0 0 0 0 0 0 0 0 0 0 0 0 0 0 0 0 0 0 0
0.532931750466099 0.860666005598524 5.72045833767246 3.67027432586546 2.00352759872254 3.66319595268152 9.94411443210412 1.07426404263011 1.79960925119826 4.83588454981618 2.55078233018999 2.4162010367354 4.43425454479182 0.995012635035761 5.62884040007961 1.22457210851154 0 0 0 0 0 0 0 0 0 0 0 0 0 0 0 0 0 0 0 0 0 0 0 0 0 0 0 0 0 0 0 0 0
3.82348700219537 5.53146173989652 10.5515684916815 0.952063247613741 4.23943652844292 0.176697010273934 1.57846038913524 2.20961973825888 0.486158469251221 0.294479746539759 0.638205388587348 0.34712219843645 2.38329777356813 1.93007888203974 6.01757880969326 0.435733755561933 4.95888038504335 0 0 0 0 0 0 0 0 0 0 0 0 0 0 0 0 0 0 0 0 0 0 0 0 0 0 0 0 0 0 0 0
3.60992473449521 6.07079261615719 7.60660579462832 3.32342542943552 1.89081959526495 8.10413498068774 10.7983144449501 5.73652835559905 13.2985727685329 2.53146031325225 1.93243741717222 9.49426735082034 0.0877310062887996 1.23718328824484 6.8492617149369 4.90073471420479 6.10753714657189 6.18099280044317 0 0 0 0 0 0 0 0 0 0 0 0 0 0 0 0 0 0 0 0 0 0 0 0 0 0 0 0 0 0 0
4.80031350096391 4.26235153171185 0.18688339126046 9.04077631093575 0.578836563468942 8.68170067778406 5.06836150420829 0.445130392747871 1.93319496168765 3.83396831154638 0.0747212496521003 1.0150740091045 1.45879337763419 2.79004216401706 10.274652891541 5.90005349153788 6.57152856698389 2.94167501856223 2.82326781873459 0 0 0 0 0 0 0 0 0 0 0 0 0 0 0 0 0 0 0 0 0 0 0 0 0 0 0 0 0 0
1.2711117638085 3.44529426361884 2.32014783476156 7.14026137580428 2.61307537057755 0.569957066053596 8.96259898864038 2.87141469329407 4.56937315929506 0.868983058224241 1.41350423031256 5.03781416588064 1.85045925025681 4.58720511688879 6.8727121444105 2.72392076149519 10.245593293776 2.22155043503476 7.8368328849603 6.93153742648704 0 0 0 0 0 0 0 0 0 0 0 0 0 0 0 0 0 0 0 0 0 0 0 0 0 0 0 0 0
2.40563381629504 5.30503743649024 4.3509157181907 13.1625370645266 3.07796427236968 6.86574663995645 17.8133286581762 4.42241224158822 17.4457741407613 4.70443380141035 0.992492298713151 7.56411382656681 4.16555795480865 13.6840339304094 3.13621401954811 7.71956831110747 3.090834981371 7.44169476699758 0.0288151099925491 3.17950091827184 11.3071522840809 0 0 0 0 0 0 0 0 0 0 0 0 0 0 0 0 0 0 0 0 0 0 0 0 0 0 0 0
0.418754079974616 0.668779007728707 1.85320783593032 2.88394121787288 2.78609001495745 1.78778655413011 11.9981574758925 4.78734637859074 3.31143961947394 1.69254857580939 0.255338707311167 0.980201767199252 3.78387124476836 3.10188385233839 1.09941113780515 0.532757085354178 3.21634990533252 1.66162490176416 1.94076443710016 8.76838092930956 3.11604009461937 4.85543451070311 0 0 0 0 0 0 0 0 0 0 0 0 0 0 0 0 0 0 0 0 0 0 0 0 0 0 0
3.0256778236409 10.2686520691845 8.0722328975934 1.98365820321368 6.30812080223642 11.4018256594979 18.8834093478845 2.40293898746181 16.9549761183148 10.6421066941069 2.18331388015866 3.80678275599722 3.43983341466481 8.81207939478481 2.55916345121388 7.52754254182048 6.03482953740343 7.03868416696329 2.14338185357204 2.25401927465278 9.5687265406786 3.73809562452624 2.9539148566657 0 0 0 0 0 0 0 0 0 0 0 0 0 0 0 0 0 0 0 0 0 0 0 0 0 0
0.309098520948552 3.1457492445453 2.04948966338382 6.71893708483464 2.94059454242493 0.142446797474894 1.9476021213092 5.00365091169139 2.04729686828311 4.42583432949061 3.99786387111133 2.52798761240316 2.19431943023094 1.21443829677902 0.335518134507874 4.28303230014614 0.610699391381818 2.06884687595345 4.89036296345589 2.05451249409728 0.180461715186887 0.0660278140211881 3.1811346507772 2.14638562898719 0 0 0 0 0 0 0 0 0 0 0 0 0 0 0 0 0 0 0 0 0 0 0 0 0
0.0744105536392492 1.27184448663271 5.1526951078804 8.50674442100979 7.55111121585496 7.39068655105667 6.90387391007192 1.95089226192499 4.46424646540684 8.97864122516264 1.12923739560896 2.86909006031031 1.0727268130434 4.75673389975729 3.46096582403104 1.42262048189113 0.363474955089714 4.38097394723522 4.2423194778972 3.71339726236138 1.59982492557719 3.22611327941705 0.286841216660376 0.0761525847236954 1.02248580400358 0 0 0 0 0 0 0 0 0 0 0 0 0 0 0 0 0 0 0 0 0 0 0 0
2.29206283391756 10.7039020284727 3.18708876188433 11.5203288232606 0.648401471915206 4.13999292190478 15.2301321903621 0.490702793783017 5.70551632839421 4.73818762012964 0.440961386565562 3.32289942998536 2.76259444890292 0.343257941536024 4.79241862132 10.2985871406556 3.08984113927271 7.23237016704702 1.42555432649623 4.35592333225252 8.91633721816381 4.11465301132657 8.90673414089267 2.90557802643503 5.48382078587695 3.00487918577155 0 0 0 0 0 0 0 0 0 0 0 0 0 0 0 0 0 0 0 0 0 0 0
1.52849539047831 4.97607078532935 4.06976844908444 0.923233727988285 5.05077524826692 4.1770126486381 5.96782896417138 11.5736400579929 4.48634862192519 5.29654020409464 3.98743821252421 10.1370967603859 6.84916562489884 7.58734311221526 6.28067087234604 6.7258885404418 2.15159901620331 0.458181373802893 0.565773580665134 0.260538007784493 4.81894921434439 6.52108445973707 4.5864277907687 1.24082023725831 3.5854321901975 8.90810860954832 1.95220515036518 0 0 0 0 0 0 0 0 0 0 0 0 0 0 0 0 0 0 0 0 0 0
1.39880507287387 2.95777367520621 0.762571371259646 7.02865392788231 2.72289745413847 3.62743231264871 15.5438933622234 1.09574557983651 2.61026251378188 5.77593647869365 1.84882568488656 2.14228085546655 2.25204407160287 15.4820412013825 2.91480916938719 2.15536450608828 7.79613564072883 2.7552715922498 3.18870812972948 4.47443703974017 7.27320261320689 1.55588419629845 7.84745515850257 1.12925338822735 1.56489559322562 5.66738059373193 10.8499596591188 5.25955796398649 0 0 0 0 0 0 0 0 0 0 0 0 0 0 0 0 0 0 0 0 0
2.88388381260477 0.600181290832653 5.49727441578681 8.45982573991608 6.35198350244445 7.66423625426932 3.47350901683703 8.12191863508068 0.89865484641464 3.60266844811147 0.236788962192438 1.07059651251747 4.52329296827402 2.49997010028488 6.4982945558447 2.59489336068419 4.29748585189782 0.205714139147086 2.53014485530048 2.42757430961477 2.83601312542792 6.35126148816135 3.93129094639684 2.11303778071089 2.87763069014884 0.404850630003619 1.46302716338116 4.93052458013839 3.38467589380381 0 0 0 0 0 0 0 0 0 0 0 0 0 0 0 0 0 0 0 0
1.20787104458145 8.52966594212303 7.22775255951207 1.7231740735454 3.27558027416584 2.25636035391974 8.41066187855497 1.16730516903212 5.62328566999727 1.30483405249054 0.286675670874066 6.06334205589675 3.57785146004543 4.24652932230132 2.27820869749221 1.94822992298093 0.296694386161479 5.29171331876802 3.01664711733395 1.43690899258589 6.47112058756575 0.549086751968537 3.50240232442071 0.865006311048512 1.10892491694802 10.1709709541811 6.7054183063233 7.69834089649422 7.31722368093096 0.746942731124758 0 0 0 0 0 0 0 0 0 0 0 0 0 0 0 0 0 0 0
0.990786930824477 0.59782333761717 2.77089470583369 6.5836337594589 1.82548334925981 11.1521161368783 0.555770872684547 2.97816309131976 1.07625566719577 9.09920098684935 0.477732025623875 0.505489542312472 6.20201296712143 6.97055981878781 3.21291581498347 2.41811261580332 0.142623185983124 6.34357986716716 6.79014847477784 4.4810218297417 4.47629728668816 1.79406940758066 1.57675202380829 0.014325421065701 3.80347917785122 5.1308381797968 1.79679265909078 2.26626989667895 2.78572120862227 2.14212285099506 0.286054272966737 0 0 0 0 0 0 0 0 0 0 0 0 0 0 0 0 0 0
4.0867204839815 6.64114851200505 11.5990768075226 0.156187896819533 7.24730671676006 0.392950542357087 10.4905482850308 8.12688847104999 2.2073749861046 2.21371229618901 2.08651066899251 3.15067044700042 7.72704658959934 0.692388378496116 2.09479245695801 0.693815379511241 2.8974075042998 2.11251033505099 0.504509225427681 4.18721644354718 5.76356205972211 3.48636443701097 2.26311354058765 3.41646600483841 2.2141290251116 9.00183435754196 2.43744852054134 7.66784159252443 4.54189442344823 0.256741222784422 2.18369861096987 0.505412329567448 0 0 0 0 0 0 0 0 0 0 0 0 0 0 0 0 0
3.55962125883435 14.3286875068045 3.31150306994359 10.3987162158612 2.17996503525912 9.52424619632539 7.85325948504048 5.99773040428517 11.1328688002258 8.74823381078952 1.11882210171701 1.03303444253248 0.613508888996776 1.44265358970788 6.35408878364975 12.460260580921 0.84721588592013 2.86648855317854 3.46644014640722 1.37179662897989 3.08115511550345 4.93440295423114 12.1447655836127 1.85136955825918 7.58967778739724 3.38813465273688 1.56691499007163 9.26198650893937 1.65155165819123 5.47090234400504 1.9841063959919 8.21313828929596 1.10815888938703 0 0 0 0 0 0 0 0 0 0 0 0 0 0 0 0
2.98626147579848 5.0373940692505 7.29659281169262 1.44027870617078 6.61586498105523 11.4923912056018 2.0051037510463 4.47643287547654 0.647164340606434 1.23485708045707 2.46103395903228 4.65160610200592 7.2074849273732 1.6001396700529 3.12050327496254 13.4357407285687 0.0760830221239149 1.04235656205922 0.286489513793998 5.81276547695367 0.157668854466827 0.393887574295117 1.45013105338442 3.77444319661992 0.0521295085177464 5.86025646534221 2.94126698449923 6.51799943800038 1.6598150202832 0.0426418493999777 5.76446369916184 0.252448998881804 0 0 0 0 0 0 0 0 0 0 0 0 0 0 0 0 0
2.70600685478466 13.8959394612644 2.57771018924471 9.68031079934044 15.3248161112726 0.508931904209424 17.3987666013687 6.73059390053372 4.08961957280326 7.28052294366894 0.0142728116003394 5.06301177990538 3.16512655675264 12.8080419696133 9.65041016000373 8.12565782675186 1.17864399115284 6.70370665450112 5.06110107385447 14.1026176414771 5.17677517359903 6.62659947081835 8.62746916251353 1.58478122176454 2.99305129654018 6.07728652924938 0.525114530315424 17.2741835643728 0.117806761564212 4.12436401525722 0 0 0 0 0 0 0 0 0 0 0 0 0 0 0 0 0 0 0
6.63417647105393 6.93400438112489 13.7903357912329 1.50009203750089 5.76460480239835 3.99663088196796 2.80056190975674 1.46866114981701 5.27718778156942 3.53499709525059 2.58099291674808 4.12331335372442 6.76386781669682 2.89826046946545 3.0207983791509 6.01802460351196 1.41621754479338 4.27678365800165 1.23488901468864 4.38256240337875 2.09977030288254 2.24202020063761 3.59328826073192 3.97120299131949 4.2117772390051 3.1217777388243 2.31432807819225 0.435651884818034 0 0 0 0 0 0 0 0 0 0 0 0 0 0 0 0 0 0 0 0 0
3.01338965809728 9.02621257575514 7.83121220127831 0.104268745370376 1.92822255604339 0.371816678186018 0.534774864204221 6.3747303407627 2.06805474484113 4.02587660132621 1.69367995500254 1.96487261205776 6.0420429873281 3.08012580582706 5.77853017425405 4.30209943791138 7.35751106139748 3.20059005148872 4.36658459610153 0.173632730291383 0.727811790624396 2.4523056361117 3.66628676542977 3.37643688516713 2.62439299071377 1.09393172578678 0 0 0 0 0 0 0 0 0 0 0 0 0 0 0 0 0 0 0 0 0 0 0
9.0626514334264 4.95686438288709 6.39129520761658 5.14356171405704 2.62085834717279 1.94825865143426 12.3006259146869 0.423090257528279 0.62114103217415 2.24358375569133 1.25562014163228 2.33286043758971 5.30606348281054 6.02288484316644 0.76914102819758 2.42418335134493 2.69335875659498 2.80564274221142 3.32800824448633 2.46599178798675 3.32799532681028 1.00084730053549 4.18542444664853 1.15998588038744 0 0 0 0 0 0 0 0 0 0 0 0 0 0 0 0 0 0 0 0 0 0 0 0 0
7.90867704301306 3.84569688465243 3.63544114337561 2.95054674015292 0.24144861247123 4.98225499665402 0.045492321502219 1.1558503962866 2.90493887349927 1.74775496282951 1.19192748794695 0.675258212786911 0.912021148137686 3.61842404019343 7.58941186030773 5.43972435451926 3.49388250767407 0.386590513724541 2.35692498297196 2.12152528229659 0.877815384208986 0.961078436524874 0 0 0 0 0 0 0 0 0 0 0 0 0 0 0 0 0 0 0 0 0 0 0 0 0 0 0
0.503986522242391 5.75824029726064 4.09623500302371 5.7008285685421 0.012049575185213 0.469428156136479 2.05910207115844 3.13759659509547 7.04620776804585 5.16512245015915 3.91253028017607 4.89041665870398 6.67657691581791 3.00722469198949 4.02208345702292 8.26045444202854 3.01548058405174 3.14828468317896 1.13628365434662 2.70743409024189 0 0 0 0 0 0 0 0 0 0 0 0 0 0 0 0 0 0 0 0 0 0 0 0 0 0 0 0 0
0.0819943986556672 2.20294821858939 3.65167651067708 9.1769295000666 1.02301449504574 1.05745284102129 12.9930217405938 4.31196345611219 4.39732842017708 12.1248062154217 2.53469552696839 3.16665551720709 5.78798814612245 7.27523451911162 11.4553219815206 9.47763694661841 1.34417179997863 1.32792331352426 0 0 0 0 0 0 0 0 0 0 0 0 0 0 0 0 0 0 0 0 0 0 0 0 0 0 0 0 0 0 0
1.05855029470612 1.95500588703622 1.40015797411943 0.360385151375608 0.599532961403803 0.364502248500878 3.88959986353364 0.429030887768469 2.57925602319373 1.66539921300782 1.99012623019917 8.71271038358528 2.97280469511828 3.9530959648391 4.23500168535063 2.29965659546437 0 0 0 0 0 0 0 0 0 0 0 0 0 0 0 0 0 0 0 0 0 0 0 0 0 0 0 0 0 0 0 0 0
0.520222969941778 6.8398131718342 4.3631298041347 0.487115614738317 2.03213140762032 7.24994224665124 1.95525036768512 8.21243350510521 4.89012847621529 0.335123723468857 1.18276223451909 1.9627391518203 5.17409619985739 1.44045281948959 0 0 0 0 0 0 0 0 0 0 0 0 0 0 0 0 0 0 0 0 0 0 0 0 0 0 0 0 0 0 0 0 0 0 0
0.765726763612522 2.14494969421317 2.2008757011036 1.9992485013142 10.7720088981576 0.809542610024113 7.09816593324874 4.57859431241898 6.06496599021261 4.29651841229275 0.154392724541495 1.17980032205952 0 0 0 0 0 0 0 0 0 0 0 0 0 0 0 0 0 0 0 0 0 0 0 0 0 0 0 0 0 0 0 0 0 0 0 0 0
2.71111988865159 1.77295631043086 5.94377862238715 3.24340262742878 6.24742062697421 7.69347504668721 4.4505705767045 6.18066060926987 1.35260178107204 1.69109327639125 0 0 0 0 0 0 0 0 0 0 0 0 0 0 0 0 0 0 0 0 0 0 0 0 0 0 0 0 0 0 0 0 0 0 0 0 0 0 0
0.546291311758657 6.33257362530593 3.10417498988529 0.354309013724703 3.99161165213223 0.0326935007976408 2.63585700686773 0.191811855855961 0 0 0 0 0 0 0 0 0 0 0 0 0 0 0 0 0 0 0 0 0 0 0 0 0 0 0 0 0 0 0 0 0 0 0 0 0 0 0 0 0
0.124687414281425 6.26410264166925 2.52795285447857 6.15531433323088 2.31134142157239 0.797309137995313 0 0 0 0 0 0 0 0 0 0 0 0 0 0 0 0 0 0 0 0 0 0 0 0 0 0 0 0 0 0 0 0 0 0 0 0 0 0 0 0 0 0 0
1.33144420529206 4.33852767072085 3.16116624051373 5.10139842061863 0 0 0 0 0 0 0 0 0 0 0 0 0 0 0 0 0 0 0 0 0 0 0 0 0 0 0 0 0 0 0 0 0 0 0 0 0 0 0 0 0 0 0 0 0
1.36674769397206 5.09443176893587 0 0 0 0 0 0 0 0 0 0 0 0 0 0 0 0 0 0 0 0 0 0 0 0 0 0 0 0 0 0 0 0 0 0 0 0 0 0 0 0 0 0 0 0 0 0 0
