6.29319158527019 0 0 0 0 0 0 0 0 0 0 0 0 0 0 0 0 0 0 0 0 0 0 0 0 0 0 0 0 0 0 0 0 0 0 0 0 0 0 0 0 0 0 0 0 0 0 0 0
3.90106640070864 2.56834774458552 0 0 0 0 0 0 0 0 0 0 0 0 0 0 0 0 0 0 0 0 0 0 0 0 0 0 0 0 0 0 0 0 0 0 0 0 0 0 0 0 0 0 0 0 0 0 0
3.25725367534335 6.11286396856924 0.597261503417286 0 0 0 0 0 0 0 0 0 0 0 0 0 0 0 0 0 0 0 0 0 0 0 0 0 0 0 0 0 0 0 0 0 0 0 0 0 0 0 0 0 0 0 0 0 0
4.88548209432185 0.215911384317324 0.0932971028755029 0.82540754641952 0 0 0 0 0 0 0 0 0 0 0 0 0 0 0 0 0 0 0 0 0 0 0 0 0 0 0 0 0 0 0 0 0 0 0 0 0 0 0 0 0 0 0 0 0
1.57593445015766 0.531589230594106 4.38513412689793 6.03389776835007 8.42548603367344 0 0 0 0 0 0 0 0 0 0 0 0 0 0 0 0 0 0 0 0 0 0 0 0 0 0 0 0 0 0 0 0 0 0 0 0 0 0 0 0 0 0 0 0
0.990311458172614 2.72832285810414 0.715324360117451 2.04088864033689 1.48397950243427 7.51166351955822 0 0 0 0 0 0 0 0 0 0 0 0 0 0 0 0 0 0 0 0 0 0 0 0 0 0 0 0 0 0 0 0 0 0 0 0 0 0 0 0 0 0 0
3.19403728374685 2.30204797486779 1.69202296730038 1.5260585234109 0.572533376214591 0.212759344889198 2.09184595914656 0 0 0 0 0 0 0 0 0 0 0 0 0 0 0 0 0 0 0 0 0 0 0 0 0 0 0 0 0 0 0 0 0 0 0 0 0 0 0 0 0 0
7.58754387250191 1.63964697611168 3.27590451259457 0.114997907022583 8.77531330926877 2.46705521587986 1.33366787388339 1.00446690546372 0 0 0 0 0 0 0 0 0 0 0 0 0 0 0 0 0 0 0 0 0 0 0 0 0 0 0 0 0 0 0 0 0 0 0 0 0 0 0 0 0
4.5640453517244 6.46399047210685 2.06958742075322 1.90239618526893 8.19058366453801 0.164854146696955 2.0162742646248 6.68532269619073 0.548261952388442 0 0 0 0 0 0 0 0 0 0 0 0 0 0 0 0 0 0 0 0 0 0 0 0 0 0 0 0 0 0 0 0 0 0 0 0 0 0 0 0
3.50380912122915 4.9000483906467 0.450010689724708 0.171568966073976 0.96393746701357 15.6638934184888 0.293716498213402 1.41318425738836 1.333900013988 3.81855673107227 0 0 0 0 0 0 0 0 0 0 0 0 0 0 0 0 0 0 0 0 0 0 0 0 0 0 0 0 0 0 0 0 0 0 0 0 0 0 0
0.784929555408327 0.553215560592159 6.21195328152808 0.486902152010859 2.48116791154353 0.627538750310623 1.35763354026925 3.81461151580946 0.16436022456498 2.43471059807816 3.44878953078395 0 0 0 0 0 0 0 0 0 0 0 0 0 0 0 0 0 0 0 0 0 0 0 0 0 0 0 0 0 0 0 0 0 0 0 0 0 0
0.0146516169157968 6.91224090192928 0.605075959767773 4.96073486090877 0.660017678347381 1.66074455223298 0.0266341898936047 1.38191484936035 3.18072460869373 1.06161156202766 5.00956876316316 1.80276173085652 0 0 0 0 0 0 0 0 0 0 0 0 0 0 0 0 0 0 0 0 0 0 0 0 0 0 0 0 0 0 0 0 0 0 0 0 0
6.50010835953814 2.31288295764995 0.882702237159803 2.33710743859968 1.14889236314839 2.52772831194255 0.602879877142365 6.31780880378845 0.842588114599043 0.921394406448518 0.370508919289016 4.65291463884064 0.138963760985442 0 0 0 0 0 0 0 0 0 0 0 0 0 0 0 0 0 0 0 0 0 0 0 0 0 0 0 0 0 0 0 0 0 0 0 0
0.104996109712295 0.186815700027324 1.15829798465445 1.27006156547624 5.28961328516988 3.08068526440065 1.49423490590287 0.597862396452648 1.57480567453822 0.149178054795056 3.89738793190852 0.573594542232466 3.04284504261907 5.54616679115577 0 0 0 0 0 0 0 0 0 0 0 0 0 0 0 0 0 0 0 0 0 0 0 0 0 0 0 0 0 0 0 0 0 0 0
0.941530627602103 1.64421619771749 3.408143995114 3.17123587960776 1.61496910840499 1.20163489182286 0.641571951637864 0.441244268742242 0.313416356619637 1.93663030675607 1.73616755638959 4.47239766778772 0.65956166098381 5.88343351159236 2.41762458804638 0 0 0 0 0 0 0 0 0 0 0 0 0 0 0 0 0 0 0 0 0 0 0 0 0 0 0 0 0 0 0 0 0 0
0.781846070121234 0.0495512929167855 0.14713411087143 4.97884309494313 0.971309927708156 0.573844701121878 2.59014916111436 0.249767870441766 5.49090405522136 0.553367776618082 1.06279313323578 0.079014173845891 2.17338594630569 1.6557924835897 1.99519667111693 0.613478970616016 0 0 0 0 0 0 0 0 0 0 0 0 0 0 0 0 0 0 0 0 0 0 0 0 0 0 0 0 0 0 0 0 0
5.20073538619009 0.0338962429396612 0.709674205425824 1.43662059096098 1.69992554888779 2.12663513988606 0.0645379558132541 8.71909123298806 1.01022865962512 0.0260632185998955 0.254667224195781 0.503591605146382 1.30483547910024 0.809684002116803 0.100593256747247 3.01193515551369 1.66828996648916 0 0 0 0 0 0 0 0 0 0 0 0 0 0 0 0 0 0 0 0 0 0 0 0 0 0 0 0 0 0 0 0
0.78272659518021 3.51308049914951 7.37508358499968 1.49664629293374 1.8774546375221 0.684306153091783 0.277863876201019 0.606290211808952 1.46204659457605 0.951715352747802 1.30457777529979 1.57426546233085 0.200981298805907 5.73813554185195 1.21173371674429 1.70437083722106 10.909672589881 4.36031617047081 0 0 0 0 0 0 0 0 0 0 0 0 0 0 0 0 0 0 0 0 0 0 0 0 0 0 0 0 0 0 0
8.0965420421049 8.10136926735912 1.33440043348407 0.947334256776465 0.680999015339141 3.39811227469212 1.57297984528816 0.414632315431775 4.83207634006614 9.74788885904371 1.16218735597604 6.29556360858615 0.432282057029379 0.669267402023769 0.448157208702033 0.371644873072022 1.26228057271237 0.319605622647154 11.397584775866 0 0 0 0 0 0 0 0 0 0 0 0 0 0 0 0 0 0 0 0 0 0 0 0 0 0 0 0 0 0
1.02341880748994 0.277375235233991 6.82408059683213 0.267425477628615 3.53952589039341 1.58237822574098 2.1807825395881 0.0981514523115513 2.43176210983019 0.716920820287418 1.31739911172561 1.53409988955363 5.41336259767694 6.74876479542739 6.46676689491036 0.540339210060795 1.10642881195103 3.2236076090681 2.64531277930547 3.16606139918387 0 0 0 0 0 0 0 0 0 0 0 0 0 0 0 0 0 0 0 0 0 0 0 0 0 0 0 0 0
0.720668181980632 0.860481062968835 2.00113850745313 0.620579957704201 2.34598235965584 0.160220883373925 3.96912829794267 3.53707412209984 1.34869203523082 3.21338615187096 0.805391961555992 3.82361310355005 0.709326507081553 2.35769588475137 4.47712414424212 1.51353778415687 2.78640315500978 3.473058721928 4.59284406594865 3.14163471911772 3.85764256028035 0 0 0 0 0 0 0 0 0 0 0 0 0 0 0 0 0 0 0 0 0 0 0 0 0 0 0 0
0.110042655784077 0.92478805100922 2.54037643398645 1.66917106869427 0.51023173100318 3.6706044866685 5.40201039584473 2.22680956898464 0.602914685843959 0.571510723990989 1.87515157649476 0.990246004576016 2.76922568079298 3.85470462066141 1.67218417078656 2.38904514877122 1.9485797496042 2.71068678860357 1.23190834566199 1.93077338120478 0.450398170193376 4.96242050596329 0 0 0 0 0 0 0 0 0 0 0 0 0 0 0 0 0 0 0 0 0 0 0 0 0 0 0
0.429529911233674 0.814695566085481 1.39223418927783 2.35763714172715 1.46658662694948 1.96359981872533 3.28978194597197 3.14516940612814 2.52287628671695 0.282320254285744 3.10292893845424 6.47407427012612 0.729015624700597 0.436609130250487 0.426677184638717 2.07686403923128 0.0350134454529534 5.49534128936774 2.97125804296619 5.8868735059745 6.22485726278703 0.906008694320761 7.33264769444243 0 0 0 0 0 0 0 0 0 0 0 0 0 0 0 0 0 0 0 0 0 0 0 0 0 0
0.833918972984298 0.0813247173285076 3.58365510020956 0.357377671367613 4.14792344819411 0.810694384017973 2.60056773152128 3.792994747467 0.582400594994275 0.0155877991008186 6.75038893799731 0.400638905732722 0.97234130584718 2.15374826662526 1.32718611536828 2.38850165490083 1.01186932010162 0.558871450606308 1.73348249617323 2.59252947141584 10.2981517426227 4.91508235072295 0.138457046231289 0.751499252609426 0 0 0 0 0 0 0 0 0 0 0 0 0 0 0 0 0 0 0 0 0 0 0 0 0
0.120302338914128 3.41270277493571 5.04908325292671 4.71750902163654 0.643776914857924 0.470718063970872 1.84132961293599 5.32478405956667 4.98587092400296 0.320200132978611 1.58879364205422 1.5025583665479 3.16491052116389 6.80138094023891 2.8016555943144 0.31544047630445 1.02530877100721 2.12565886793689 4.01182702903744 0.0411131797861511 0.502273329908959 2.83171675981859 8.2844276791935 3.57301873745967 0.134807092191193 0 0 0 0 0 0 0 0 0 0 0 0 0 0 0 0 0 0 0 0 0 0 0 0
0.821837608690332 1.10431882710173 3.15220896678569 0.827367230808209 0.571985775176897 0.0486139621367795 3.0156067566866 1.15284507405924 0.724864566396391 1.48687020585313 1.62572962482789 1.15266800070958 0.537469945150561 0.408707583707166 2.62062272283567 0.847635214372497 0.889757033914748 7.51421403065789 1.55977148409601 0.969251575276371 1.68591764880719 1.38542637918546 1.13174138442012 1.32331268278203 2.33479850169929 1.42363010985099 0 0 0 0 0 0 0 0 0 0 0 0 0 0 0 0 0 0 0 0 0 0 0
3.46381034607649 0.537847877843265 1.69173054441094 2.73309525900162 2.61082628595942 4.02573627324991 0.311420948110476 0.952212544713155 3.97723373899443 7.92743219384574 0.522236230905643 0.101134014656226 1.79232023519501 2.77058345672228 1.30928280395455 7.3794832189272 0.146562897360113 5.52831649942833 1.20599154205442 2.76573957817102 2.7278970477385 8.28169094880906 1.08132198965367 4.93244356839722 1.28130074246021 0.289740397244468 1.85722465355605 0 0 0 0 0 0 0 0 0 0 0 0 0 0 0 0 0 0 0 0 0 0
1.4391791986114 1.21403380832944 0.717276136145992 0.0111432903321467 4.35775756101224 0.19859551387355 0.991084053496632 1.43619207421944 0.291575158739647 0.758072884391854 1.76449739521858 1.00899998415357 2.95792655279035 1.1561850194038 0.811108899848295 0.805472875347464 2.91637263721348 2.73311879717977 2.40235255320801 3.42213478845065 0.625313166635709 0.254499285767994 2.35350723685753 4.0465765359375 1.57040785908764 1.71728522959297 2.00818374848522 1.73670094351301 0 0 0 0 0 0 0 0 0 0 0 0 0 0 0 0 0 0 0 0 0
0.778688527577938 1.36281382520796 3.99195872004732 3.63449294837499 3.15813611571637 0.663786388065919 1.91710859616561 0.0541600522832117 0.768540887764462 3.67146251218576 4.36101866836082 2.70560854690482 1.64603302168986 4.85781458283593 1.89914572454367 2.50080710747332 1.82126689714514 1.13337772016359 5.12661765417691 1.24742544049129 6.08775359998658 2.99167706511185 3.47461977331718 0.671307805409667 1.50855521299715 6.48177294181003 2.07087011499867 1.94795720323332 1.32047035369457 0 0 0 0 0 0 0 0 0 0 0 0 0 0 0 0 0 0 0 0
0.869919210338551 1.22369200126527 0.793914070707718 0.37943972072163 1.30211576506535 0.70208994575491 0.404108700911288 1.27195563760216 2.12930942405784 1.24855893452666 0.931479149057063 1.83335548254828 1.47092970330663 0.786826462293262 1.52871660613896 1.70659470117568 0.0765813638355279 3.31852364908092 4.46962579084585 0.809461225118811 4.34287128169941 5.91528004761241 8.30473786399063 0.297454556439942 2.57815125630375 1.15440406047777 5.56932310573064 1.49271118408329 3.46334311253363 0.294029543937799 0 0 0 0 0 0 0 0 0 0 0 0 0 0 0 0 0 0 0
0.734503615098227 6.30940973626069 3.49326322382787 4.84921506775984 0.21256204617731 5.83877969368403 1.0154556244415 1.72348516006758 1.09736667703697 0.259269027861893 1.75647253281677 5.19264448582539 0.984338457355985 2.76698045418143 0.905180790360761 2.04463746112782 1.51177954809732 2.31987936500664 1.9499610406279 7.65518184004703 6.28469678118061 5.6752525562455 3.50285197698656 2.1565032325948 0.633967949890489 0.573665733038483 1.20106728398823 2.75588930564055 0.631672926247233 1.44555624193204 3.09700872115159 0 0 0 0 0 0 0 0 0 0 0 0 0 0 0 0 0 0
2.81891695431533 0.456892607988834 1.27093131387974 1.30149685720827 0.258211877323863 0.99759717729741 0.480589789953626 2.32850552575173 0.413231179587133 0.193387954274378 1.19065883834955 1.01114652039586 7.17240863207876 2.91618365307099 1.27389890555229 4.32857123351925 3.76253832370698 0.48506864727083 0.376919284741592 1.50443401598571 2.18260301863262 0.106352674702177 0.826086722438245 1.47122464416924 0.0100775516779054 6.1742009941942 0.0437479779476706 3.28779670487028 0.803449116209723 3.05220070592237 0.700274799247218 1.31353738243025 0 0 0 0 0 0 0 0 0 0 0 0 0 0 0 0 0
0.760684622255973 0.0660964280820144 4.02165576322468 1.78018538989528 6.87955070909379 0.0199250794322538 0.994820901746838 2.23319112761035 0.267066694236736 2.42737493602084 0.820927368145901 0.803551663557007 3.35646895056138 6.85789479277755 0.400542277349171 3.87638492366241 0.174276926175094 1.62875561863279 2.79905420195752 3.61564083359771 0.0923293315396502 0.180418197082614 1.10261646633034 0.365442005478143 8.45099390593229 1.23309628202361 0.729993903555178 3.09440197737718 1.68420590667081 2.55184045059551 2.07555853303345 0.5667853989854 0.0879383851606217 0 0 0 0 0 0 0 0 0 0 0 0 0 0 0 0
7.08938141801489 0.447215867018774 0.165126254672694 1.53566697493192 2.22797852047269 0.56278534093988 1.36086006027808 5.21538068930134 1.19287985255696 2.85447445018773 0.0137482678498547 1.66975835035003 1.76116752597887 0.293298643106717 3.16581231595017 3.19311842962085 2.2565239287431 6.21704170907002 0.172219916554754 7.17744754375884 1.87557181374503 0.673975574688382 2.27625969777967 3.07898157198956 0.984214305140392 5.5543922321777 5.40216577753533 1.87830089803919 0.77289602107558 1.72472082572542 3.09221646442648 1.35134694379595 0 0 0 0 0 0 0 0 0 0 0 0 0 0 0 0 0
1.95506507665105 0.303971773123108 8.87773242267133 0.241221180293474 4.07106668796826 3.22517553005448 2.03476709693965 1.56951846064729 0.394576716199425 0.00831130073312642 12.4115853288056 0.660855375462581 2.01099559324689 5.15265240501259 0.150802971240722 2.94251663723723 1.92273362488916 0.117893704681773 2.28791380286129 1.47439946117567 1.10340401225557 2.1743104484068 4.91887874026811 0.475445458594269 2.43930395177359 4.55639607312259 0.262824126881215 3.46208782673722 1.00793903026344 2.03365930426259 0 0 0 0 0 0 0 0 0 0 0 0 0 0 0 0 0 0 0
0.221477952688751 2.64574865130834 0.278120194373856 0.23060723137303 0.0674164640774644 3.85218960372381 0.867756132797644 1.66253538545735 0.865141893568986 0.861226630796497 1.51116916180315 4.27743787234251 0.814113913801138 0.0931781968161125 1.91254572079111 2.0315882421643 0.480962377552327 2.04055636535412 0.434761399787306 0.518040425566346 6.88389497901175 0.707877195494702 0.19896748512902 0.839348747429804 0.606589544261156 1.77267217822062 1.19024313915437 1.714635235787 0 0 0 0 0 0 0 0 0 0 0 0 0 0 0 0 0 0 0 0 0
3.17293079106106 4.33638592497415 2.93696199813322 5.48889071370041 2.20940544913475 3.50154240454555 0.53706706664141 0.741098482693012 3.00987776232421 0.873334620007661 1.25508995299756 2.45553752796143 1.7389904943884 5.66697701279511 1.31819483031393 0.626049556761822 7.59183965365728 0.165863505168198 4.62796602863052 5.53122043284764 3.22071059690816 2.99068231345832 0.158347375400532 4.01895453533979 1.38041675275515 0.249927145183004 0 0 0 0 0 0 0 0 0 0 0 0 0 0 0 0 0 0 0 0 0 0 0
1.02643803402665 3.51567302848372 0.423428861386962 1.47443807324439 2.47130207972492 3.74098084528663 7.21936135400805 5.98992283586505 2.4550888255406 2.33658623973717 0.909153124940854 0.917494544370949 8.00665247080009 1.49367820989665 0.0522005041874805 1.51914041260792 4.02749895468872 1.84351748760984 2.79383699510587 1.21393939861494 0.590420630082598 2.20136832242988 1.10820840480052 1.87539876233423 0 0 0 0 0 0 0 0 0 0 0 0 0 0 0 0 0 0 0 0 0 0 0 0 0
3.08915729385383 2.41418041178126 8.55318036303418 9.04310229499217 0.377509721802388 2.22319823266638 2.01016407185234 2.21915522592142 2.85346955901551 1.42356121557054 5.26956422681135 2.99686706286086 1.92262873006901 0.853132513034458 3.19365089221045 0.454561793824182 2.06655241584827 1.51343673064089 4.01616928756762 3.47700612904208 2.81101987042177 0.151572267544215 0 0 0 0 0 0 0 0 0 0 0 0 0 0 0 0 0 0 0 0 0 0 0 0 0 0 0
0.0670567601136356 0.57380030180734 1.36279896816957 0.353086264316196 3.34742142329842 0.259796039176631 3.01447439829008 3.82524118271233 4.85657127349617 0.695582821248494 0.964686485186984 6.9919727702082 3.74713991531148 0.145377832717264 6.37405057492815 0.690459796857841 0.439826094533628 2.10315609704371 0.235898520112335 4.2305741602635 0 0 0 0 0 0 0 0 0 0 0 0 0 0 0 0 0 0 0 0 0 0 0 0 0 0 0 0 0
1.4726572145531 4.58291577158013 7.48024428516081 0.950126115323111 2.8568728188893 11.0928782171914 4.62412465115512 0.779160305652327 4.60426081218632 2.19899061142987 2.49177966238941 5.36224174229618 0.256066411069666 1.32931800720923 2.94685928507462 5.33495714022273 5.76299336749756 0.00522731672022494 0 0 0 0 0 0 0 0 0 0 0 0 0 0 0 0 0 0 0 0 0 0 0 0 0 0 0 0 0 0 0
0.956621129096234 0.767937482416511 5.1102315159904 0.162848674367846 1.88060739510072 4.3550506928399 0.620481430297132 1.49263611825739 1.42966947941609 1.24010306690969 0.551843142660491 1.61694899261782 0.539872970300579 2.82703253399259 0.883489642866303 0.168237870922083 0 0 0 0 0 0 0 0 0 0 0 0 0 0 0 0 0 0 0 0 0 0 0 0 0 0 0 0 0 0 0 0 0
1.34478694230881 2.07369405964043 2.4203939939727 2.37475953369367 9.35064654982039 11.122169654669 5.79478867655229 1.6815564070661 3.86951227886999 4.30530296395075 1.96528731784597 0.401267079750818 2.70526347801087 4.19811771187581 0 0 0 0 0 0 0 0 0 0 0 0 0 0 0 0 0 0 0 0 0 0 0 0 0 0 0 0 0 0 0 0 0 0 0
0.0160457113155355 0.487269994765736 0.445613322417171 4.51224522633829 0.072710462407456 3.06603759305447 2.87717787061928 2.17031666555873 0.211748569641212 0.574841837785553 0.550433880179122 2.53895894332428 0 0 0 0 0 0 0 0 0 0 0 0 0 0 0 0 0 0 0 0 0 0 0 0 0 0 0 0 0 0 0 0 0 0 0 0 0
0.386698838996521 1.30339951695924 8.24608620141229 3.18769228805855 1.98804277027743 1.03720500765898 9.2926183256457 6.75700626414713 5.07685419589982 0.0782782487367377 0 0 0 0 0 0 0 0 0 0 0 0 0 0 0 0 0 0 0 0 0 0 0 0 0 0 0 0 0 0 0 0 0 0 0 0 0 0 0
2.75783640093374 1.34169746387239 5.47308671963807 0.0325504440471307 2.96887074420233 6.06830164916399 1.7106152119604 0.105432864167806 0 0 0 0 0 0 0 0 0 0 0 0 0 0 0 0 0 0 0 0 0 0 0 0 0 0 0 0 0 0 0 0 0 0 0 0 0 0 0 0 0
4.9790516283717 2.76741093757922 2.81788431268427 4.65397520110976 2.18036619959333 0.332522461924209 0 0 0 0 0 0 0 0 0 0 0 0 0 0 0 0 0 0 0 0 0 0 0 0 0 0 0 0 0 0 0 0 0 0 0 0 0 0 0 0 0 0 0
1.82491816758648 0.00198722896842875 11.0591891849629 0.747339433203232 0 0 0 0 0 0 0 0 0 0 0 0 0 0 0 0 0 0 0 0 0 0 0 0 0 0 0 0 0 0 0 0 0 0 0 0 0 0 0 0 0 0 0 0 0
1.64709067178227 0.935708865721534 0 0 0 0 0 0 0 0 0 0 0 0 0 0 0 0 0 0 0 0 0 0 0 0 0 0 0 0 0 0 0 0 0 0 0 0 0 0 0 0 0 0 0 0 0 0 0
