0.669370202831359 0 0 0 0 0 0 0 0 0 0 0 0 0 0 0 0 0 0 0 0 0 0 0 0 0 0 0 0 0 0 0 0 0 0 0 0 0 0 0 0 0 0 0 0 0 0 0 0
2.76518434697298 1.13387476774716 0 0 0 0 0 0 0 0 0 0 0 0 0 0 0 0 0 0 0 0 0 0 0 0 0 0 0 0 0 0 0 0 0 0 0 0 0 0 0 0 0 0 0 0 0 0 0
1.29532617128788 4.05552717209266 0.575817953665132 0 0 0 0 0 0 0 0 0 0 0 0 0 0 0 0 0 0 0 0 0 0 0 0 0 0 0 0 0 0 0 0 0 0 0 0 0 0 0 0 0 0 0 0 0 0
0.908009087607948 3.30777114983938 0.726039487454754 3.45061042952142 0 0 0 0 0 0 0 0 0 0 0 0 0 0 0 0 0 0 0 0 0 0 0 0 0 0 0 0 0 0 0 0 0 0 0 0 0 0 0 0 0 0 0 0 0
0.0529478756540164 1.42663361065041 3.20754722001942 2.22313394818983 5.80546862639 0 0 0 0 0 0 0 0 0 0 0 0 0 0 0 0 0 0 0 0 0 0 0 0 0 0 0 0 0 0 0 0 0 0 0 0 0 0 0 0 0 0 0 0
2.53832648404772 5.70752454186894 4.39702471075232 1.75843460579463 8.24283911727549 0.483907947682279 0 0 0 0 0 0 0 0 0 0 0 0 0 0 0 0 0 0 0 0 0 0 0 0 0 0 0 0 0 0 0 0 0 0 0 0 0 0 0 0 0 0 0
0.824718491195319 4.31840244055906 4.471105215547 5.38527633811072 1.25712414325004 6.91099267863361 1.26779906185488 0 0 0 0 0 0 0 0 0 0 0 0 0 0 0 0 0 0 0 0 0 0 0 0 0 0 0 0 0 0 0 0 0 0 0 0 0 0 0 0 0 0
1.12240466644385 7.39309592036895 1.96806041428612 0.979218612806962 7.86808396487437 0.078728605211025 1.98651697866544 0.833519047708026 0 0 0 0 0 0 0 0 0 0 0 0 0 0 0 0 0 0 0 0 0 0 0 0 0 0 0 0 0 0 0 0 0 0 0 0 0 0 0 0 0
2.61689360468405 8.6428537955386 6.0332299019203 2.93362853754712 5.84641698009316 4.13216825895458 0.571918471032655 2.14554687955681 2.42469347639243 0 0 0 0 0 0 0 0 0 0 0 0 0 0 0 0 0 0 0 0 0 0 0 0 0 0 0 0 0 0 0 0 0 0 0 0 0 0 0 0
2.92853414417387 0.591803321792305 2.67601806428714 1.0095645670753 0.586591625116652 1.14020453223774 0.105747370703421 0.640301373100808 1.98372238647791 1.17486867538502 0 0 0 0 0 0 0 0 0 0 0 0 0 0 0 0 0 0 0 0 0 0 0 0 0 0 0 0 0 0 0 0 0 0 0 0 0 0 0
0.116330263754638 6.99920958508968 3.2598349061784 2.00711272450966 1.50210984142587 3.81947230937621 3.98293857349306 4.01314620298881 11.6660363765911 1.37121861677472 6.44036772610206 0 0 0 0 0 0 0 0 0 0 0 0 0 0 0 0 0 0 0 0 0 0 0 0 0 0 0 0 0 0 0 0 0 0 0 0 0 0
0.176454302501425 5.13376238391641 2.09796945808648 0.298189624571354 1.88202990542181 0.632349899890386 8.21868339264976 1.06326950636831 4.03342458974355 0.383459535771304 8.62208543298006 2.68463757544461 0 0 0 0 0 0 0 0 0 0 0 0 0 0 0 0 0 0 0 0 0 0 0 0 0 0 0 0 0 0 0 0 0 0 0 0 0
6.18642989490937 3.45108351522904 4.41890681858308 2.66499708823508 2.53909302649805 3.92635401461228 0.738220685722195 3.95309799472191 4.52658919565807 1.19547496270337 1.90200169251103 4.54215184431335 0.80061389957803 0 0 0 0 0 0 0 0 0 0 0 0 0 0 0 0 0 0 0 0 0 0 0 0 0 0 0 0 0 0 0 0 0 0 0 0
4.91586659747727 6.42083546996571 7.28302428259119 2.30361976843249 3.47500187308023 1.94322804659727 10.7819701177319 3.66261613097487 13.2564304004551 0.503675213587306 13.5951546033804 0.833463939459626 2.6392947269708 1.99248835662461 0 0 0 0 0 0 0 0 0 0 0 0 0 0 0 0 0 0 0 0 0 0 0 0 0 0 0 0 0 0 0 0 0 0 0
7.43102870654104 0.18324854646544 0.627545559448526 2.58889743886569 0.828285110310275 0.637309232952403 0.843921182659329 8.34337574763943 0.1057768154991 2.94536798635516 1.02607213901365 0.493752319872171 4.04804703966692 0.0961845055831375 3.04355476577176 0 0 0 0 0 0 0 0 0 0 0 0 0 0 0 0 0 0 0 0 0 0 0 0 0 0 0 0 0 0 0 0 0 0
1.53777875193109 9.46463730665107 0.763406355579153 2.02222285573647 3.98815692875643 2.24716574629783 10.5236441412003 1.16218738783261 12.039055606905 3.06472958829558 5.59564270918876 4.44884663892103 0.746634442777737 4.28192123245311 2.57520145766873 2.5165099709893 0 0 0 0 0 0 0 0 0 0 0 0 0 0 0 0 0 0 0 0 0 0 0 0 0 0 0 0 0 0 0 0 0
2.87659916596898 5.49817180149324 2.99602975312349 1.13484221279565 1.1802437734981 1.49175765239275 1.08750286750189 7.02208836402239 4.25247990189839 6.53469734638484 7.85820608817632 2.41665172364492 7.8929503321288 5.38840317916042 0.129348323072564 7.85277317614629 0.22507230304064 0 0 0 0 0 0 0 0 0 0 0 0 0 0 0 0 0 0 0 0 0 0 0 0 0 0 0 0 0 0 0 0
1.34056486530803 8.99033814446991 2.13597676292752 2.19341807738588 0.899070752836462 0.781469179766114 3.65655617689344 1.44491743666168 4.49581513572405 1.69906729932016 4.83756472156257 6.31137660938134 0.207485846855202 6.14930959133065 1.03424829244503 3.01747093409274 2.5420979605177 1.36511753135417 0 0 0 0 0 0 0 0 0 0 0 0 0 0 0 0 0 0 0 0 0 0 0 0 0 0 0 0 0 0 0
1.59845886981983 3.08613673772654 3.73931033714736 0.752233857219045 1.55032517890089 3.03770422939824 8.78504529834726 0.229181393425724 15.991683103907 0.599389504296858 4.90227336622742 5.36529424754056 1.91373569806543 8.16190369790067 1.53337493866337 5.92797930404683 1.33197037246351 7.49759311977191 0.314223910697791 0 0 0 0 0 0 0 0 0 0 0 0 0 0 0 0 0 0 0 0 0 0 0 0 0 0 0 0 0 0
3.02907337878162 2.39642643112622 0.662172887639866 1.40404598067885 2.14263605326967 1.30895259721691 2.07061922750713 0.0490491998574071 2.89430340447436 0.41492447201659 3.67648897983198 5.31884290213984 0.22243771111256 1.19228315673665 0.607294396503271 0.510404619084274 6.3779266510833 1.09877093057969 2.68698357139164 0.959063693273348 0 0 0 0 0 0 0 0 0 0 0 0 0 0 0 0 0 0 0 0 0 0 0 0 0 0 0 0 0
4.78797985653172 6.50134248998269 3.94663094053805 0.666580439507079 3.40895342094114 0.598891454781419 2.68371816816837 0.650812032587156 9.4189243765719 0.0278803379212855 4.56508725975835 6.23669864492092 1.24401520263862 6.3144928362116 1.10190260288527 3.68711487175733 5.8166047180736 2.59268044069157 4.7803886725243 3.60520921580933 2.09571346043862 0 0 0 0 0 0 0 0 0 0 0 0 0 0 0 0 0 0 0 0 0 0 0 0 0 0 0 0
3.41186647018948 2.03839100951831 6.30037176077259 1.28785492176536 2.11785069810084 2.68816832330388 1.04248104054225 6.03439008564852 0.916154486758308 8.64543160799965 1.85655116858471 0.158580675726582 3.71956776447206 1.716988664172 0.510144776024311 1.33347987045949 9.65725669607346 3.76858074977801 0.454878833371995 2.43931169885917 1.31904188532983 0.259309213204635 0 0 0 0 0 0 0 0 0 0 0 0 0 0 0 0 0 0 0 0 0 0 0 0 0 0 0
1.10444651475459 10.2930357426132 8.53775353573695 1.43858312248044 6.1058718942197 1.46407954466193 4.22789573816646 4.83168979098116 13.7523832702159 3.41479680395322 9.72679320194076 6.60954609529013 5.60957698460123 9.18510829885317 2.67127359480905 3.36313634178233 7.67057256780839 3.71993258026578 9.71364667449129 2.12634666730308 6.42756226167292 2.52089737973894 11.0492596369009 0 0 0 0 0 0 0 0 0 0 0 0 0 0 0 0 0 0 0 0 0 0 0 0 0 0
4.73816616264851 5.05549926113902 3.28099929648328 6.01118660385682 1.21749794506481 9.08222930943184 0.926226343385232 9.52868483945733 5.84811307313012 3.23943540018277 8.21441263454224 1.12922855413825 5.56281589645661 5.91128356568522 0.324690571589419 7.96332577021512 15.2287347150804 4.77237169140422 4.02887726628831 0.120703678726642 7.88387679575099 0.251308408677733 3.5645910589368 0.520906072607541 0 0 0 0 0 0 0 0 0 0 0 0 0 0 0 0 0 0 0 0 0 0 0 0 0
1.02111738555646 3.71504826089923 6.04374615910395 0.74961551103989 9.56618627106427 0.365116338973115 2.39374099953865 0.987180658075247 3.44741340972526 0.972558489807631 6.77847613112917 1.61035302894635 5.65406162620779 8.87328364412199 3.68962997011742 3.04778032303599 2.03844489667643 0.931898932398217 2.76051046236719 1.53266308702882 3.45582344528163 3.72846086314574 5.13492526807645 11.3835139407642 1.53110098027682 0 0 0 0 0 0 0 0 0 0 0 0 0 0 0 0 0 0 0 0 0 0 0 0
0.0369506895492227 8.98669723686795 2.52779669918353 4.4522290247592 0.567806039118791 8.3388910179279 5.18437447592381 5.62410727747666 5.77486860478022 3.38059258715925 8.16995593811324 0.962690427058849 1.07606397399093 6.48670593957525 0.870121239415154 8.32410515532777 3.17079774495739 3.88447130230948 8.95818101019588 3.41797988845042 2.29999471619705 3.21375142775867 5.27619386667335 6.40320473370838 1.69318944048365 4.21737446369822 0 0 0 0 0 0 0 0 0 0 0 0 0 0 0 0 0 0 0 0 0 0 0
5.08049913396931 2.36008236542479 4.32618316439962 1.40193084677251 6.50984354932563 2.74773012413979 1.16317411935857 0.823794880491358 4.58865535162379 0.254239722298661 2.63563482265307 8.42053748371571 2.11276563637785 14.7114438437202 0.994017564634456 4.19775811726472 0.158440077502375 2.36899718520422 6.29003145897376 0.666956730002704 4.91544154638185 0.80285838944981 5.49796438726612 1.75447196486604 5.6810687005999 0.154428610159668 4.14688894483908 0 0 0 0 0 0 0 0 0 0 0 0 0 0 0 0 0 0 0 0 0 0
0.190878891773978 9.5270534560201 0.625971251996066 1.83120660580706 0.561654662693305 6.14983246235425 2.66279434043007 2.81713300518622 5.72926142705992 1.13174646681049 3.46023145197816 2.80693103780434 0.648508951481916 4.87719280853629 1.62597984798923 0.894939623369932 1.97065938841398 3.33696375147877 2.38839761061459 7.74862599888925 1.23822904658235 5.22307340780148 1.87707869341565 7.18723814849386 1.01409532077222 0.154811017763346 0.200035112817048 2.67147085485539 0 0 0 0 0 0 0 0 0 0 0 0 0 0 0 0 0 0 0 0 0
0.153134199871103 0.507652526331263 2.72570024924203 2.17750738830578 1.12581592903783 0.986762525370566 7.07065615654128 2.75420428156471 2.34752105238253 0.22728465389352 1.53861568778156 9.52212287828023 0.257305609014212 6.38098109246802 2.0299754628512 1.64951375008381 4.44862338881592 0.585926444672937 6.58632764688886 1.14003672664652 2.59710457976184 2.96393935137513 7.13149635101839 1.24684631577257 2.84357355648857 0.374536390379361 0.252131820651046 0.857349677317228 9.08385410667183 0 0 0 0 0 0 0 0 0 0 0 0 0 0 0 0 0 0 0 0
0.122558346066104 12.9842529292299 1.95048080155892 5.25682756839876 10.8578111393137 2.51663517995882 4.86314767334946 6.48502623761846 5.22973703009387 3.3355191672276 8.48944839372915 2.2025216304721 5.41934824530064 1.95644030305034 2.11607313939279 6.87123575188371 2.30484860564778 6.32913837274983 4.81283315873908 0.204662161733438 5.43405874079669 1.40327870232743 7.27386606191661 7.88256384389304 4.55440108291058 4.66813996841057 4.14079365504171 6.8983982391044 3.78497227492333 5.05419654812142 0 0 0 0 0 0 0 0 0 0 0 0 0 0 0 0 0 0 0
4.746286758955 4.11178440413806 5.55649609298279 0.461552600825766 1.62617086653656 0.304276537825866 1.01967457251534 3.03550366281464 6.08241113087677 1.56261018541542 5.05035471098883 0.981000477312949 1.01381828782614 5.57627690902483 1.51046265807141 1.33791616203804 0.44788703471143 4.27935906398378 3.78603649793955 2.04104649992386 3.80209895109998 0.380387405420334 1.71600965634045 0.243200276425553 2.05343675618028 7.02372055831869 1.18555522202512 6.27169101148554 5.08901956861238 0.944822093538852 0.00944500364140411 0 0 0 0 0 0 0 0 0 0 0 0 0 0 0 0 0 0
3.18380580196697 4.71725835960433 7.74656179112689 2.18653467653275 12.5904533650511 1.59791870456096 3.23949449668756 1.00514002606984 9.29445806492806 3.47182434428059 9.55689528612544 2.07867726688639 9.19511227049447 5.36472302527445 3.73561665966901 2.90365246750391 6.8731579291581 0.867201830653477 5.26502220511559 1.12194337904138 7.11192248244269 3.45708248834025 7.46000222511086 5.65469152805294 3.01840673228017 6.54619565618106 7.14258199025486 4.90092354093629 8.20663223928623 3.23298133481751 2.54576060260019 6.64297420633489 0 0 0 0 0 0 0 0 0 0 0 0 0 0 0 0 0
2.00452244830872 5.8806109085688 1.04227512565619 5.67866545336807 0.558427611950456 0.764731484909166 6.67836547496068 4.78804986523014 15.6717513072594 3.97753457718934 7.13438575485832 1.79176973565715 0.789268715548727 0.193925292227172 2.28127829374218 2.14978228553164 3.05926509365722 5.83500193594722 6.33322185336067 4.89114352967046 1.45723254137111 2.60550779177278 4.97099019905639 5.36221550150044 2.00072012232686 11.4711614474892 4.02104842691835 7.49140791338998 1.03917186715429 2.44554568566596 5.27701058104099 2.61282887338133 1.01254797069515 0 0 0 0 0 0 0 0 0 0 0 0 0 0 0 0
0.739650168122404 6.15999285628352 7.45035131159424 3.42365781096701 4.52076171476877 1.41028186811167 6.72381399021936 3.18386830154885 5.24398017536572 6.6114410949945 7.05843615493677 4.42156589166525 2.66546130401703 2.33396975521762 1.36275641093478 0.908793089570076 4.58691748122058 2.55720055388438 2.46326220355383 1.18390026414803 7.20719811292482 0.854550312585634 9.39597211898305 2.81653809366716 4.82919493751563 5.22026466298267 3.18738094529994 1.27444727376121 4.07710369330558 7.03766155355052 0.72908031918028 13.7136357237147 0 0 0 0 0 0 0 0 0 0 0 0 0 0 0 0 0
0.888668858407897 5.40732763353236 4.47250173956787 0.990683823926305 0.955600402999277 4.62621848804723 5.06111590981697 2.48603794361291 7.64153115187972 1.5564046280155 6.375392682086 5.58846264845058 1.4484666575234 7.46002176990983 1.07118228085211 6.47305935295373 5.45571652186138 2.45958223187874 6.01534142772593 2.22031349534568 0.196430595037042 1.21672154408332 2.79258643000665 12.7294865837676 2.27914393715445 1.38109964570525 4.5002248652799 0.433271425003919 0.403225348635263 3.58446256128243 0 0 0 0 0 0 0 0 0 0 0 0 0 0 0 0 0 0 0
0.904437644448612 2.494936872252 2.84410186909753 5.44889598768177 3.06094478145664 4.00035429942176 5.67408902313128 6.61427017168749 8.13388073327882 3.84372743136243 2.57026843258499 3.56482745176532 0.506566627937041 2.80916159652506 1.24591099043671 5.77675247275218 2.73356348635254 0.5944006753703 2.73386619752157 0.793212577618942 0.654124421714277 1.56348745446273 7.94956983093454 4.15341314977411 5.27856670530603 3.76714228811842 2.23181969457332 0.633735031822147 0 0 0 0 0 0 0 0 0 0 0 0 0 0 0 0 0 0 0 0 0
7.04303775290285 2.57234718432609 2.63811224693591 4.56739478742739 1.0662682823362 3.49917104107276 1.66955598046311 0.176085753381879 6.07967019281104 0.328815975004096 6.82803864583473 3.30958618200441 0.827931132833814 8.11878111438912 5.72158877183165 0.00714099318883642 6.60154980908246 1.80350791425736 0.200326272432603 1.90722834052246 3.44735375265609 5.87287781593699 7.44637800833595 7.83863565296238 7.29603582329555 0.114404428208222 0 0 0 0 0 0 0 0 0 0 0 0 0 0 0 0 0 0 0 0 0 0 0
0.906014266440165 6.73274436676445 3.15675523736593 3.71053795533338 4.70043911662654 0.314060396152308 6.16952013835632 5.93612810695978 4.63427781095669 3.50136617173315 8.23831305430393 0.0599713467215518 6.11592177410726 7.90629699695941 0.714465471725714 9.33449070194298 6.03180002261475 1.7720150906107 3.79991521579205 3.34806719367505 8.26408320286283 4.16712798207484 6.62413129388106 6.90562589239648 0 0 0 0 0 0 0 0 0 0 0 0 0 0 0 0 0 0 0 0 0 0 0 0 0
6.18776175653527 8.11093052070616 5.18356074805705 1.0166359593734 3.73572366028026 3.40275433805224 9.6491285217233 5.10977889076051 2.39809167142566 4.64072951833189 5.62870752636527 1.71591348308426 6.95294646987829 4.50586710110218 0.994905252843141 6.76240109651146 2.05388597839323 8.70814576414296 1.73174176200747 13.4693703412565 3.28848476554048 1.48708204613551 0 0 0 0 0 0 0 0 0 0 0 0 0 0 0 0 0 0 0 0 0 0 0 0 0 0 0
6.87333765267796 9.8752703256689 0.987289228470826 3.12470430461575 6.17095415540588 5.62837416193489 0.574666980772247 2.87359927027287 5.69781052776925 1.93398254225912 7.84799797427501 3.90828988387617 1.37029084246736 12.8983945740337 0.132071041900974 3.37550745068301 6.06004881614898 1.08192558302487 10.6880166469569 0.648673630711004 0 0 0 0 0 0 0 0 0 0 0 0 0 0 0 0 0 0 0 0 0 0 0 0 0 0 0 0 0
4.71201292919145 4.0183248655332 3.77108917252306 2.88080661093838 4.26570758787246 0.197343692732808 9.75285883806725 1.71607895096937 11.3984490211955 0.727180132550026 7.2688964527988 0.171950484215394 6.1688988394499 9.81677399173175 2.9256016833412 9.01448346978494 1.78352166872523 9.08264387661811 0 0 0 0 0 0 0 0 0 0 0 0 0 0 0 0 0 0 0 0 0 0 0 0 0 0 0 0 0 0 0
4.35065042386011 4.00431964723102 2.35650262772364 2.231205485179 1.70869129367811 2.16475283996027 3.3921083351942 0.272527687853251 3.36188760387439 0.281383299642547 5.30158155805579 4.91682610568894 3.62588726338638 2.1520453488902 0.707604862295334 0.737621876144012 0 0 0 0 0 0 0 0 0 0 0 0 0 0 0 0 0 0 0 0 0 0 0 0 0 0 0 0 0 0 0 0 0
1.88944241538354 5.38650888095015 3.51351119388249 0.611805774304672 1.79585910737789 2.28569974553482 3.03883155278354 3.74027282595722 6.21391277309717 1.18529120713676 4.93304388959284 5.53093934204596 0.499251409132122 2.05481833384865 0 0 0 0 0 0 0 0 0 0 0 0 0 0 0 0 0 0 0 0 0 0 0 0 0 0 0 0 0 0 0 0 0 0 0
2.31508140091793 1.82636349084272 0.845603171948973 3.23440192489716 0.0828479780026891 4.75436401599801 3.23108269797996 0.831334950374124 0.738646235047534 0.613288035821829 0.712942905528957 0.86009215929086 0 0 0 0 0 0 0 0 0 0 0 0 0 0 0 0 0 0 0 0 0 0 0 0 0 0 0 0 0 0 0 0 0 0 0 0 0
4.2387494612982 4.96899022896869 4.24529848030749 3.39250947703496 0.0799889457555522 2.09096295764147 1.26134746722746 2.27883277834038 6.07995278326033 0.976579597836816 0 0 0 0 0 0 0 0 0 0 0 0 0 0 0 0 0 0 0 0 0 0 0 0 0 0 0 0 0 0 0 0 0 0 0 0 0 0 0
0.375268187544269 0.924381549799081 5.31988010970737 1.07327527255657 4.13573369001974 2.81128552297243 4.62184946048552 2.4571395959427 0 0 0 0 0 0 0 0 0 0 0 0 0 0 0 0 0 0 0 0 0 0 0 0 0 0 0 0 0 0 0 0 0 0 0 0 0 0 0 0 0
1.28269495745248 3.56104719989476 0.341874115217218 0.463238445804334 2.85881307670515 0.21567101013148 0 0 0 0 0 0 0 0 0 0 0 0 0 0 0 0 0 0 0 0 0 0 0 0 0 0 0 0 0 0 0 0 0 0 0 0 0 0 0 0 0 0 0
0.907419858277035 5.96981508488214 6.17944656038204 2.61179993627371 0 0 0 0 0 0 0 0 0 0 0 0 0 0 0 0 0 0 0 0 0 0 0 0 0 0 0 0 0 0 0 0 0 0 0 0 0 0 0 0 0 0 0 0 0
0.94285408216472 2.91374537891386 0 0 0 0 0 0 0 0 0 0 0 0 0 0 0 0 0 0 0 0 0 0 0 0 0 0 0 0 0 0 0 0 0 0 0 0 0 0 0 0 0 0 0 0 0 0 0
