1.59559830947988 0 0 0 0 0 0 0 0 0 0 0 0 0 0 0 0 0 0 0 0 0 0 0 0 0 0 0 0 0 0 0 0 0 0 0 0 0 0 0 0 0 0 0 0 0 0 0 0
5.63233868242367 0.5217956608093 0 0 0 0 0 0 0 0 0 0 0 0 0 0 0 0 0 0 0 0 0 0 0 0 0 0 0 0 0 0 0 0 0 0 0 0 0 0 0 0 0 0 0 0 0 0 0
1.37226901295627 6.38758650679933 0.323048624509251 0 0 0 0 0 0 0 0 0 0 0 0 0 0 0 0 0 0 0 0 0 0 0 0 0 0 0 0 0 0 0 0 0 0 0 0 0 0 0 0 0 0 0 0 0 0
4.34056208360231 1.77971722880536 3.9784669894325 2.27163644220674 0 0 0 0 0 0 0 0 0 0 0 0 0 0 0 0 0 0 0 0 0 0 0 0 0 0 0 0 0 0 0 0 0 0 0 0 0 0 0 0 0 0 0 0 0
0.00588395949979755 3.91258726628202 0.2597613051857 8.96104896796894 6.7964002872304 0 0 0 0 0 0 0 0 0 0 0 0 0 0 0 0 0 0 0 0 0 0 0 0 0 0 0 0 0 0 0 0 0 0 0 0 0 0 0 0 0 0 0 0
2.35394416641212 1.45341191469857 3.4821854937017 1.22181465316127 1.19721213575983 2.22660767188934 0 0 0 0 0 0 0 0 0 0 0 0 0 0 0 0 0 0 0 0 0 0 0 0 0 0 0 0 0 0 0 0 0 0 0 0 0 0 0 0 0 0 0
3.26206810618189 0.254577248954727 3.4411319638762 2.20806739207559 8.2704328330556 7.97403021245403 4.8576307072601 0 0 0 0 0 0 0 0 0 0 0 0 0 0 0 0 0 0 0 0 0 0 0 0 0 0 0 0 0 0 0 0 0 0 0 0 0 0 0 0 0 0
1.418470543763 4.07846789983196 10.4005690192381 1.71637928428862 3.98698865508653 6.47712999232008 2.09782111729667 1.47256215418298 0 0 0 0 0 0 0 0 0 0 0 0 0 0 0 0 0 0 0 0 0 0 0 0 0 0 0 0 0 0 0 0 0 0 0 0 0 0 0 0 0
2.39892285167695 2.14711036811366 0.41578812673623 1.71859065004985 2.96130763831546 1.3162366473885 1.74489323448849 0.324913333297709 6.63544180223383 0 0 0 0 0 0 0 0 0 0 0 0 0 0 0 0 0 0 0 0 0 0 0 0 0 0 0 0 0 0 0 0 0 0 0 0 0 0 0 0
2.68619839886798 0.265611867605887 3.50940693574541 0.038883987445633 1.69885288103757 0.959336049141117 7.56919124022215 0.640219973416588 2.65434750372312 0.492166270607104 0 0 0 0 0 0 0 0 0 0 0 0 0 0 0 0 0 0 0 0 0 0 0 0 0 0 0 0 0 0 0 0 0 0 0 0 0 0 0
0.0892437066654251 5.96730036156962 2.46159405739704 0.809588290149976 2.34279062418902 3.48689756890895 2.54378467986564 4.29978162181058 1.09924318580946 3.09153502053273 2.509303395691 0 0 0 0 0 0 0 0 0 0 0 0 0 0 0 0 0 0 0 0 0 0 0 0 0 0 0 0 0 0 0 0 0 0 0 0 0 0
2.21644934069044 0.389902661146487 3.28206452279773 0.423454930722704 7.19396285068848 0.782189194916474 1.86283130612761 0.0269158023909603 2.42785990335049 5.10594769499057 1.35902375355547 2.21437178449983 0 0 0 0 0 0 0 0 0 0 0 0 0 0 0 0 0 0 0 0 0 0 0 0 0 0 0 0 0 0 0 0 0 0 0 0 0
1.62884040294777 0.0829554475314468 0.989314283022514 1.29803118270215 10.3011625208979 0.198823862300006 1.98205603694035 2.16245353990097 7.02042488789779 3.35372630790889 0.512890579367849 3.01319291086056 0.668774648195009 0 0 0 0 0 0 0 0 0 0 0 0 0 0 0 0 0 0 0 0 0 0 0 0 0 0 0 0 0 0 0 0 0 0 0 0
6.58031980643363 4.18145940968917 2.77088091860041 1.02430633671877 0.459785889979304 19.1044179916802 6.24056227501811 1.32245702454588 0.988750938496971 1.99153788753068 2.00404281993391 0.471582448354743 2.11110721696657 1.90706496560014 0 0 0 0 0 0 0 0 0 0 0 0 0 0 0 0 0 0 0 0 0 0 0 0 0 0 0 0 0 0 0 0 0 0 0
3.90698578155032 4.99049249354085 2.69923549161349 1.81506211758468 2.02106151243689 3.92891620074291 3.73200353271024 2.52194554935476 0.327102499368562 2.26021409799956 6.86022832384157 4.09231506930454 3.12158508983732 0.572346001826927 0.0111736379981506 0 0 0 0 0 0 0 0 0 0 0 0 0 0 0 0 0 0 0 0 0 0 0 0 0 0 0 0 0 0 0 0 0 0
0.682490184997917 2.37470058414702 0.733012067554726 4.69179303276517 4.29766071533923 6.04792937493203 0.860827019625061 3.47549506174718 0.383693265741243 4.91870460744963 0.95492429795975 0.32625499902998 3.3611631962984 6.05609414859269 1.3247077652144 2.39669163337611 0 0 0 0 0 0 0 0 0 0 0 0 0 0 0 0 0 0 0 0 0 0 0 0 0 0 0 0 0 0 0 0 0
4.00520368027155 1.42836961292499 0.281686481917628 2.43411953866152 10.8908763675954 0.955853070616457 0.726724620923215 6.4741288241453 6.18096873088789 1.41388561268543 0.0406138448878261 2.39467110980032 2.42600524525336 2.14832866444934 2.31767946047022 0.749441962902425 0.191565646773191 0 0 0 0 0 0 0 0 0 0 0 0 0 0 0 0 0 0 0 0 0 0 0 0 0 0 0 0 0 0 0 0
1.26678469975435 2.37518841768234 1.87787118104395 11.6948796618408 4.98965937563928 0.560901522938068 3.85023179319321 1.95427564709312 2.79473395978769 10.2875728932762 3.32300774851021 3.26208917759484 1.60200322848948 2.16591716333874 0.0564741975018736 1.44217102613713 0.865401037467197 3.30932234887079 0 0 0 0 0 0 0 0 0 0 0 0 0 0 0 0 0 0 0 0 0 0 0 0 0 0 0 0 0 0 0
5.7653654185791 1.21226634730283 1.52524628083474 0.365644318747931 0.256028693148543 2.31743770312493 1.54943341572832 3.20811211433136 0.31193836437319 1.11028657931931 6.8528080539989 1.71315176129903 2.01330924473385 7.52211834932631 11.2377626418035 0.252174204530019 0.840581028267882 0.22757170855296 8.67402334200971 0 0 0 0 0 0 0 0 0 0 0 0 0 0 0 0 0 0 0 0 0 0 0 0 0 0 0 0 0 0
3.07075054046706 4.55772862461591 3.31380219892852 2.14995797578952 5.8240527351512 1.0611771018063 3.14585393330648 3.0114021056408 0.384436553163981 0.582977067187008 8.07350143890053 0.130972476559379 0.103195089422963 7.04864000632415 1.01151494865546 9.29758741867932 1.53568426958006 2.48104014111747 0.798348985498397 0.883856832748674 0 0 0 0 0 0 0 0 0 0 0 0 0 0 0 0 0 0 0 0 0 0 0 0 0 0 0 0 0
0.179799636057093 0.904700021134948 0.35564465208042 2.46010702386994 6.48972319048964 0.951380274601721 3.13912238665195 3.32271784328271 5.7541090093398 1.33237973360786 1.00016898928389 0.904790211982707 1.2209645959073 1.2343599546165 0.513121666451378 5.65600118589569 0.0376766562360914 0.529105264426588 1.14544211404757 0.0209763480895722 0.614862769187023 0 0 0 0 0 0 0 0 0 0 0 0 0 0 0 0 0 0 0 0 0 0 0 0 0 0 0 0
1.12311515559467 2.08447596644472 2.76612953949581 4.17470231735135 7.07669903900882 4.01366267734441 0.770645099506886 1.14758576684009 7.13837682299326 1.8181753079164 2.59720443661542 0.729811510409654 1.5523615912125 2.20196423163739 0.00662026884074463 4.60306713086571 2.7747009210041 0.11482049425811 7.4475686074872 5.93177014735394 0.0856570542064926 2.44349572641128 0 0 0 0 0 0 0 0 0 0 0 0 0 0 0 0 0 0 0 0 0 0 0 0 0 0 0
1.0586665730841 2.69136319333978 7.61313751881131 1.25996549591976 1.15509496690637 0.597088405080562 5.95553670958071 0.542125392290728 2.28732959354491 2.19046539699613 5.05922317015846 0.142952335087761 0.885693042207989 4.2378296439617 4.54726143745986 0.339154833542167 2.40552567952855 2.95813015473105 2.18198359564018 8.64151691161257 0.153249899790425 1.18449574150977 0.82604940032643 0 0 0 0 0 0 0 0 0 0 0 0 0 0 0 0 0 0 0 0 0 0 0 0 0 0
2.47844451779435 1.56704441928051 4.2426910320704 3.858770068639 3.54716626583239 5.29566146447901 3.31019585503953 0.385648073690279 1.31230129304557 0.214235706730547 2.80756661434631 3.39562834870689 0.889536216871332 14.2024301510414 0.200017755728628 3.11558917378952 2.56514084157091 7.38990040207574 15.6696747891762 1.96121397587512 6.5125628211249 0.0135541692121153 2.66513425469897 0.902682518730158 0 0 0 0 0 0 0 0 0 0 0 0 0 0 0 0 0 0 0 0 0 0 0 0 0
0.63066290326842 8.38765759720507 5.14248125435633 0.318301011331366 6.99149430966872 3.48917558191969 3.31547681074846 7.58536894957367 1.39210191244105 9.70051551710442 1.8775129731812 2.39326339402312 4.83303050079035 1.0587324192436 0.112991095604213 3.49211403724817 1.16527424073318 0.442140875885607 0.670358041341409 4.78557938345716 0.931958599561766 9.85549410607882 1.88805160838799 4.38730798477872 0.631206510103151 0 0 0 0 0 0 0 0 0 0 0 0 0 0 0 0 0 0 0 0 0 0 0 0
0.534629676766029 2.06188116068785 2.53868901162601 6.33282570191938 2.72736348103543 7.09207881216689 1.75723535172244 8.44413255526536 0.41840123875782 3.66289314155013 0.45948840255951 3.15470939139886 1.13741208166021 1.9271117974615 12.2126624012869 3.31038056888877 0.138704021223058 2.42906921652926 4.55032085370437 7.07054833878322 0.154282744391645 7.89658693854561 3.5404073156337 3.70540467564763 5.35244330483114 3.48924383863084 0 0 0 0 0 0 0 0 0 0 0 0 0 0 0 0 0 0 0 0 0 0 0
2.70797011454407 1.25906539582582 0.514475753921045 1.63683249376673 4.18328946853416 0.939975261458126 0.397041061469897 5.29819300175294 2.69914848358058 3.27148961181394 2.70588183033753 0.682541564596729 1.10251385830579 2.03126643735593 1.10533968311702 2.68397932009609 3.15018986426555 0.569309702364698 3.60816594777785 1.07987868137203 5.52130443341424 1.94920614249181 1.86978903788377 1.6853624473204 7.27981888243542 8.63311957686148 0.31054908495198 0 0 0 0 0 0 0 0 0 0 0 0 0 0 0 0 0 0 0 0 0 0
0.537285417376299 0.0699187742000117 2.66475784981444 1.53609888460577 1.23657751762563 7.0278079168185 0.326764232554434 0.939218042311247 1.02468984880833 2.3818318455514 0.916748901556863 1.02016190973641 0.458703944275589 3.45612501826804 2.82350800431698 0.0306688315394339 0.189066176091832 1.30192858813134 2.0607724603544 2.97834346858442 3.14129020488597 1.57734500099321 2.40196052377796 0.71602458788693 1.85445393403292 4.45519844790033 0.144411085758326 0.83911804451718 0 0 0 0 0 0 0 0 0 0 0 0 0 0 0 0 0 0 0 0 0
0.147555150879264 0.333287715080913 2.26368097487887 0.0281322169119885 2.34591019462507 1.68216165757874 3.84990559427741 1.58606700213963 0.375017861528472 1.06311954522165 1.64915794109716 4.63548124026735 2.05667048985804 0.650723226569174 0.279090646842925 0.72170480484766 7.14298901709464 1.26044544724675 1.2024599280762 1.08245694453009 1.53003887208908 4.59407430426408 0.205959456824165 4.62008719183348 4.85851708070963 0.647698243525648 1.49289300856606 1.70373537042002 4.98997073702545 0 0 0 0 0 0 0 0 0 0 0 0 0 0 0 0 0 0 0 0
3.7769104263791 3.71520904229841 0.155988414694713 3.31386896045354 10.6313876218191 3.47762755250337 8.48418241809072 0.194772844745548 3.10564978012151 0.0886232039481814 0.949209523536707 0.55114327116857 0.0588949192347119 7.24435487726474 4.54719509067755 1.50332647562534 2.26394875643176 4.42301720116282 7.67172630069004 5.2493560621815 5.63703513370605 3.68833008174027 0.639003268259091 0.855376231169543 3.36318694262362 2.29799768131473 3.80336205523068 1.22317101649355 1.55028662768613 0.309440989724274 0 0 0 0 0 0 0 0 0 0 0 0 0 0 0 0 0 0 0
1.18018111218595 1.96032375523416 0.327102980989296 2.33499705148763 1.48632538648656 4.97297436316412 7.03717524926024 1.58314486643795 1.42227142535876 2.61287715585624 2.84062477064803 0.11987218918177 3.40238310562398 12.3200839112349 4.46425626862696 0.404475960844889 1.20165478235269 1.26749759955323 2.0039132377137 8.38977753071324 0.911560458247235 3.74332674453154 0.0125085125773188 11.1360150523388 1.51464426141631 4.94038010743609 0.252885005723088 1.82486161941649 0.371577849416999 2.24388420208327 6.02275097406965 0 0 0 0 0 0 0 0 0 0 0 0 0 0 0 0 0 0
3.05741035501209 4.46827814691912 9.31910245723556 5.68902455572074 0.976387583044571 1.6128619219483 2.66417513630935 0.852796016024758 0.990104623763685 1.47861737128716 3.20799288689467 1.53060639306401 0.857927691575922 1.646941310977 13.8405221944212 2.84987276855111 1.92718944787451 1.68261263914008 8.87815241673679 2.18855530704624 3.31095958778096 1.75521864199507 2.48237642397663 1.04881639235332 3.15363756260375 3.30122995616891 2.83141572098838 3.7844777071111 1.23400194182858 1.88151225335564 3.62409119003054 2.02561556044212 0 0 0 0 0 0 0 0 0 0 0 0 0 0 0 0 0
10.2526640061626 2.72009363071746 3.96475443646709 0.848779719991501 1.80191374974238 0.578557547833263 1.80245809546417 4.40401799417935 0.151454389565956 0.273482360092582 0.372728258519159 0.132982997373141 0.469181517995358 2.32606569823727 9.05969088187637 4.75274729359558 1.35264320604273 2.00038128775685 9.75975823479275 2.442103968025 0.032825384769055 9.51726622656898 10.2502832451816 7.79257429917122 4.07243625059421 7.04743100697748 1.43755801556763 0.0583988228333241 0.465449115150198 3.26197753916905 0.720694036060041 1.96036134126962 3.61461982176945 0 0 0 0 0 0 0 0 0 0 0 0 0 0 0 0
0.405087321446065 1.6361537377979 0.312282718554963 1.93928103986074 0.968046429670511 0.316707625551167 0.49469396253907 0.183428164789795 0.40705804448303 4.5451327890206 2.83214584520445 1.88573169935672 2.48721947093288 0.974796741259977 0.0681987646111423 0.34712411167557 5.95346398257259 1.54046538517424 1.0854876508962 0.295265661705009 0.53777145989345 0.0718617081896649 3.97738366757096 0.976296742438662 0.969296873197725 1.15496670880936 0.223130383757285 4.96168801093316 0.772072010721376 2.69421859339703 2.39079031913422 0.769963539567587 0 0 0 0 0 0 0 0 0 0 0 0 0 0 0 0 0
2.16694832777058 0.0331339684006182 6.55128540010091 0.529666066080081 0.360895315978744 1.05644882434198 1.4719416539878 2.12107247681304 0.136928704021537 0.122861830368402 3.75175076108818 2.54007460869123 7.15054284831614 4.71044136167772 3.46375442091422 0.20947313987104 0.523710448992533 4.4190371990058 1.31324905674783 2.03565349648198 0.956470217474223 4.66985047260797 0.973700210867318 2.37860016315523 1.45869152693841 0.599588036415258 6.76368913065881 0.953266486014106 2.58935260383984 3.29656840352804 0 0 0 0 0 0 0 0 0 0 0 0 0 0 0 0 0 0 0
4.04564943165935 2.02947612231371 1.44036648794088 3.82162091829686 0.379371192540909 0.060644296508748 3.54763142807373 3.6862256764731 2.35502702932647 2.23730092288073 0.114674644479524 0.122590791266649 0.253047506094516 3.16732991775353 1.58913954030522 1.37191039793869 5.71223906873839 0.747352807661174 2.00006851258589 3.8430826284679 4.98864037604221 0.389892599250018 0.509949532493133 3.58370704917116 7.71163339088566 2.27553378527713 4.90484132739316 5.88228709339634 0 0 0 0 0 0 0 0 0 0 0 0 0 0 0 0 0 0 0 0 0
0.530402918477264 1.79267807631249 5.04452976603517 4.99000800937449 0.698891695922229 1.77968865666928 3.0737677746026 3.39488043262476 0.145403492094034 6.79371203600805 1.61742596327735 4.60192071575479 0.247743359273712 1.3769676814828 2.69377194775429 1.94220396806387 1.19698564218793 2.0760629502093 0.740170599807089 2.29920275447134 0.208592849102226 2.88009736819528 3.38205797407452 2.62239425725194 5.28899592776996 0.467797955457481 0 0 0 0 0 0 0 0 0 0 0 0 0 0 0 0 0 0 0 0 0 0 0
1.44479541910179 0.0287870609660849 1.15101799651117 10.9377288172504 1.78123267662311 10.1393437887574 7.51690066790368 0.425274155856954 1.17423702741735 5.07422596955854 6.44574385963983 0.594488837036605 1.6559327567992 2.13152095487931 1.78890134845057 0.945581430951718 0.836729797772309 2.42851059801434 13.3047174489599 10.4040929728601 0.41793754219591 1.23492258179654 1.46026113835758 4.82991828770932 0 0 0 0 0 0 0 0 0 0 0 0 0 0 0 0 0 0 0 0 0 0 0 0 0
2.18962706478252 0.0995919719784806 0.0328487762835847 0.103621395735007 1.0711690611195 0.489990574192016 4.30647356821229 1.02266022731885 0.0984949421709428 2.44024941131115 0.0100248400599499 0.787319936477501 2.12034939992294 2.0450559598961 0.0509230096726775 0.618518021750813 2.04421809795936 0.00979963905344339 1.47614687189607 0.711710840427546 0.129172322490134 0.174723461098282 0 0 0 0 0 0 0 0 0 0 0 0 0 0 0 0 0 0 0 0 0 0 0 0 0 0 0
4.83240009314335 1.18795449610866 2.69111530397652 1.05033987539873 0.248606416522671 3.5300637679155 2.89979426719015 7.96222733586163 0.528416732925172 2.26950693491229 2.13291350557352 5.08973437361825 3.17195053812114 1.47842555119737 3.95521258974476 1.26367583465965 2.77028979066307 0.348484465541668 5.96401553786149 2.44148638072746 0 0 0 0 0 0 0 0 0 0 0 0 0 0 0 0 0 0 0 0 0 0 0 0 0 0 0 0 0
10.7770946032066 6.64459368831133 0.361192068858298 1.4087061927429 4.57185575486467 4.78762186378022 5.45862552327593 0.330175656641252 2.54346954343905 1.79528724448493 0.0953816511116402 9.01467799965028 3.72687577133713 1.69792269510425 1.92168675924945 3.98681471697711 1.15147693864213 6.19237674300941 0 0 0 0 0 0 0 0 0 0 0 0 0 0 0 0 0 0 0 0 0 0 0 0 0 0 0 0 0 0 0
3.32621361643934 2.31784149040203 1.46558854308809 0.174284064926579 0.762447130671617 7.26300607884572 11.6425207080435 3.14419763900412 0.242905306161345 6.70750595881219 0.72449942731361 0.090320519571394 2.89971467870307 5.26139026597946 2.41250742084514 0.20303757896558 0 0 0 0 0 0 0 0 0 0 0 0 0 0 0 0 0 0 0 0 0 0 0 0 0 0 0 0 0 0 0 0 0
0.885923812635008 4.87291039944475 1.00732904670205 1.63906935637839 2.33235202452667 12.4247716836021 2.82906883304715 1.18191404742375 3.18482450473307 1.96518216618167 0.952166418338632 1.58625466785306 1.00703037359831 8.51012402511475 0 0 0 0 0 0 0 0 0 0 0 0 0 0 0 0 0 0 0 0 0 0 0 0 0 0 0 0 0 0 0 0 0 0 0
1.4105373532764 2.62048492312083 2.06948681265626 9.78651561959388 0.665634594445077 0.564752091990236 1.20509853221251 2.32551502524322 0.345424733988619 2.92570204971225 0.8489908850204 2.06740893348396 0 0 0 0 0 0 0 0 0 0 0 0 0 0 0 0 0 0 0 0 0 0 0 0 0 0 0 0 0 0 0 0 0 0 0 0 0
0.0405118935119352 0.842192115481968 1.68580911783818 0.539840240767463 1.11991125829087 7.14763708306267 1.04569305492484 3.74650828095994 3.93050432686993 0.0329567899094257 0 0 0 0 0 0 0 0 0 0 0 0 0 0 0 0 0 0 0 0 0 0 0 0 0 0 0 0 0 0 0 0 0 0 0 0 0 0 0
1.9865625757504 2.79580999929377 1.5261323871375 5.40145448310269 7.05864274843589 7.08519336900738 1.67299865710789 1.10776379994955 0 0 0 0 0 0 0 0 0 0 0 0 0 0 0 0 0 0 0 0 0 0 0 0 0 0 0 0 0 0 0 0 0 0 0 0 0 0 0 0 0
0.866724703303335 2.63924273575431 3.17960430772734 2.67905882303973 1.71707562126373 0.0696208678293644 0 0 0 0 0 0 0 0 0 0 0 0 0 0 0 0 0 0 0 0 0 0 0 0 0 0 0 0 0 0 0 0 0 0 0 0 0 0 0 0 0 0 0
2.13644352507476 2.31201966983258 0.689189474819393 1.7791386672848 0 0 0 0 0 0 0 0 0 0 0 0 0 0 0 0 0 0 0 0 0 0 0 0 0 0 0 0 0 0 0 0 0 0 0 0 0 0 0 0 0 0 0 0 0
2.09427902813891 7.35267172382602 0 0 0 0 0 0 0 0 0 0 0 0 0 0 0 0 0 0 0 0 0 0 0 0 0 0 0 0 0 0 0 0 0 0 0 0 0 0 0 0 0 0 0 0 0 0 0
