3.90879599527754 0 0 0 0 0 0 0 0 0 0 0 0 0 0 0 0 0 0 0 0 0 0 0 0 0 0 0 0 0 0 0 0 0 0 0 0 0 0 0 0 0 0 0 0 0 0 0 0
0.859634445974357 0.628921563371169 0 0 0 0 0 0 0 0 0 0 0 0 0 0 0 0 0 0 0 0 0 0 0 0 0 0 0 0 0 0 0 0 0 0 0 0 0 0 0 0 0 0 0 0 0 0 0
0.676008384620562 3.43815571378553 1.79778782333763 0 0 0 0 0 0 0 0 0 0 0 0 0 0 0 0 0 0 0 0 0 0 0 0 0 0 0 0 0 0 0 0 0 0 0 0 0 0 0 0 0 0 0 0 0 0
0.225088804334987 1.1142772243824 1.43228464858731 0.635017628237215 0 0 0 0 0 0 0 0 0 0 0 0 0 0 0 0 0 0 0 0 0 0 0 0 0 0 0 0 0 0 0 0 0 0 0 0 0 0 0 0 0 0 0 0 0
0.506670032109505 2.71926098495696 0.25140404809192 0.0675652801040926 1.25663424811465 0 0 0 0 0 0 0 0 0 0 0 0 0 0 0 0 0 0 0 0 0 0 0 0 0 0 0 0 0 0 0 0 0 0 0 0 0 0 0 0 0 0 0 0
3.65693507241902 7.30113456413279 0.353050527890165 0.746469545528368 2.24441130157462 3.50881861870125 0 0 0 0 0 0 0 0 0 0 0 0 0 0 0 0 0 0 0 0 0 0 0 0 0 0 0 0 0 0 0 0 0 0 0 0 0 0 0 0 0 0 0
6.17737147263058 18.0431514478362 0.32533368992933 0.826583517755047 0.195864450451214 5.30115039637175 9.7099084804739 0 0 0 0 0 0 0 0 0 0 0 0 0 0 0 0 0 0 0 0 0 0 0 0 0 0 0 0 0 0 0 0 0 0 0 0 0 0 0 0 0 0
15.1800829428476 6.63324315346413 0.500541337000718 0.0338521883375239 0.188045517230358 9.2273531659078 0.657317167075398 0.659718255528391 0 0 0 0 0 0 0 0 0 0 0 0 0 0 0 0 0 0 0 0 0 0 0 0 0 0 0 0 0 0 0 0 0 0 0 0 0 0 0 0 0
6.10251295044834 3.60816968176749 0.250722553637062 10.2749804969055 0.465130566320518 1.42814501063493 4.12121652137521 1.72542750047754 7.99927591861569 0 0 0 0 0 0 0 0 0 0 0 0 0 0 0 0 0 0 0 0 0 0 0 0 0 0 0 0 0 0 0 0 0 0 0 0 0 0 0 0
2.73557672345633 1.9008961628354 2.81511500414354 5.93812372817582 0.876665939294356 9.89853451932632 0.680086903502018 8.52426521996875 2.58575179888224 8.89149130591321 0 0 0 0 0 0 0 0 0 0 0 0 0 0 0 0 0 0 0 0 0 0 0 0 0 0 0 0 0 0 0 0 0 0 0 0 0 0 0
1.02165784729516 1.94282795337441 4.11493834589993 0.958233482827221 7.89391751268767 3.85311469257823 0.364399092334145 1.76424946656136 0.769804228534122 2.44770491751022 1.38000957115782 0 0 0 0 0 0 0 0 0 0 0 0 0 0 0 0 0 0 0 0 0 0 0 0 0 0 0 0 0 0 0 0 0 0 0 0 0 0
8.98313211592751 15.7509289308946 2.17051881450545 3.22623937021772 2.12698071585003 1.32682640683607 0.0425921842208545 14.6214643667804 9.92554723462261 0.526948029041223 0.0895934903979713 2.41177046548296 0 0 0 0 0 0 0 0 0 0 0 0 0 0 0 0 0 0 0 0 0 0 0 0 0 0 0 0 0 0 0 0 0 0 0 0 0
2.84976539412659 2.20140219546108 3.72650724496113 1.38327628541238 2.97646297680508 1.16849236904373 2.87086523097236 0.200642815587488 0.452258593567768 0.105774559120108 3.11521299456303 0.827605949048535 1.80408590965145 0 0 0 0 0 0 0 0 0 0 0 0 0 0 0 0 0 0 0 0 0 0 0 0 0 0 0 0 0 0 0 0 0 0 0 0
5.31804236719662 2.75763473140638 0.0976231644974892 1.41915816280931 5.06464045854225 6.92398739915126 11.4963664200671 6.58192040147988 0.635093869123795 1.43921337224146 0.169100292592771 9.16962820416181 6.12990298177086 5.03435227274232 0 0 0 0 0 0 0 0 0 0 0 0 0 0 0 0 0 0 0 0 0 0 0 0 0 0 0 0 0 0 0 0 0 0 0
0.418145625182548 0.72662847955581 3.95347169436954 4.15218245591449 0.342954476901527 5.44020186308847 2.50907485118368 3.30760769276172 0.669626491953456 2.7615362954058 0.526788582606494 3.67993690362717 3.32614078694818 0.227243942169281 0.0743025571828169 0 0 0 0 0 0 0 0 0 0 0 0 0 0 0 0 0 0 0 0 0 0 0 0 0 0 0 0 0 0 0 0 0 0
3.98117115590586 7.43972382699551 2.36584405821815 1.44007205732673 5.59460310455971 1.55325866793754 2.13741713985274 0.750596161753095 8.88421132994981 2.434825792852 0.221165492726847 4.96111880973052 2.8099403096477 6.12341095255903 10.0903180117271 0.754141014829966 0 0 0 0 0 0 0 0 0 0 0 0 0 0 0 0 0 0 0 0 0 0 0 0 0 0 0 0 0 0 0 0 0
2.57509767626028 4.15834680898773 0.875747995131772 2.24877809585555 4.50498467430719 8.18917943390193 0.773797770902655 6.33528238332922 6.74904716793553 0.248677526097076 0.303528191584367 7.89011772028287 0.900924039468198 0.349425824703302 2.68058162050863 0.620876660281554 9.99363604643461 0 0 0 0 0 0 0 0 0 0 0 0 0 0 0 0 0 0 0 0 0 0 0 0 0 0 0 0 0 0 0 0
1.0948523509661 1.00428392091125 1.27955411764278 4.65827485768335 0.915639619991853 11.051439960143 7.62222222463001 3.65567308419104 2.33459348395727 4.41640518093998 5.6269638110665 2.39291285805179 5.78175161646714 11.6978465398807 6.69410381097018 3.41405956960518 6.79737990250033 2.30831566365857 0 0 0 0 0 0 0 0 0 0 0 0 0 0 0 0 0 0 0 0 0 0 0 0 0 0 0 0 0 0 0
4.01731402050519 2.26059333377148 1.28495077472161 2.10247694296543 5.68978388595548 2.1031465787596 1.34450444881024 5.56232767004224 1.12307515827713 7.54321893810061 1.41411094553886 1.85843492882438 3.57065020937646 0.334888441157991 3.49748435363805 3.04574198287377 3.59236478657597 6.62966914591144 2.89923206896662 0 0 0 0 0 0 0 0 0 0 0 0 0 0 0 0 0 0 0 0 0 0 0 0 0 0 0 0 0 0
6.53512588047241 2.01537186226538 3.88730433969548 3.67111269520594 1.24016519569115 3.23270069950962 3.1252118966329 1.36119175957898 1.66556858235279 4.25159190214063 1.2041040890002 1.71409178411109 0.195275759092037 2.8634938444496 1.77093113766009 4.88580584077896 1.61605589378539 13.4182271203417 0.929961125496398 2.55976206305098 0 0 0 0 0 0 0 0 0 0 0 0 0 0 0 0 0 0 0 0 0 0 0 0 0 0 0 0 0
3.69995814571259 0.220619893289225 1.39657361855385 6.29049072347504 3.30800337695133 3.60498182257695 1.82655069983409 4.01756534490694 9.27670045998047 3.37349300230301 2.70372029140434 1.7449471137147 3.81244862482352 0.53508611377903 1.7589147790026 7.611327741139 6.72333742369258 3.44413816750925 7.07314377186515 7.22661434409655 1.58465921888363 0 0 0 0 0 0 0 0 0 0 0 0 0 0 0 0 0 0 0 0 0 0 0 0 0 0 0 0
0.966037164582333 3.01783587672022 1.33301156155802 3.20813852337867 1.46069143629986 0.253861124209151 0.796061746559043 2.6831206615984 3.8527952918362 1.25191322125553 2.62373133279109 2.74718304262736 4.45329976832687 3.75020931242535 5.17730746232028 1.25970536758595 1.86536064199159 7.79284241100218 3.31233525624457 5.15777678609309 0.646449672798966 0.665349083344998 0 0 0 0 0 0 0 0 0 0 0 0 0 0 0 0 0 0 0 0 0 0 0 0 0 0 0
0.270170092011393 0.964923271389364 0.0742718243702647 0.902608724656012 7.24895781811574 6.42276995389055 1.72423207657366 3.14027455899977 0.238580701560607 5.37652467807462 2.20684385588091 2.59599350604717 0.664414347527887 1.66574955649364 1.05460756520464 0.346160699812396 3.02276993116886 2.19246079283233 2.32387089278088 3.8859400693439 2.2019291046406 4.46386019574286 5.15190177191557 0 0 0 0 0 0 0 0 0 0 0 0 0 0 0 0 0 0 0 0 0 0 0 0 0 0
4.34698489082865 7.36350406714464 1.95375847412031 1.06586755442613 0.51423529752232 1.25473132481481 5.81968314385515 0.430095544746163 0.733803361626676 1.85455005432667 4.04277882846285 0.705440694222248 2.49551357862519 13.5376096880916 10.0765430562055 1.01065136613384 8.68399016359069 5.20626497847822 2.58216803156567 4.3421736898644 6.1206848256551 2.5177181575936 1.48945461558967 2.05172907433555 0 0 0 0 0 0 0 0 0 0 0 0 0 0 0 0 0 0 0 0 0 0 0 0 0
2.16068107305084 5.03337069437913 7.1142618121481 1.69927048810361 1.42848756359828 15.1259190691639 2.51088284972933 0.57909915930064 10.9400057266641 0.290433345631118 0.754254397952301 6.86033612191058 0.933906264079752 4.81985657716893 1.96419503645571 0.628849398591534 6.25046061817185 5.37621338570608 2.67738451853642 5.13520028928309 1.17995942065487 3.33017218205807 4.73149572767374 1.60122464094289 0.196705914514377 0 0 0 0 0 0 0 0 0 0 0 0 0 0 0 0 0 0 0 0 0 0 0 0
8.25013717573135 2.54031679172532 3.35453784956717 3.10065067516764 5.98458414947499 0.20631559618753 1.93208619966553 2.05327316732136 1.20207787213707 0.239513296093558 0.541920358884545 20.7978556528259 2.39680790834256 6.01182167759409 0.932240996769822 0.534648242432153 0.117530632751435 5.20873716880682 6.29224256585848 3.02888384934456 0.209433444555916 1.56776666767131 2.57799149028683 5.62312046779521 0.252494011831403 6.40948523400361 0 0 0 0 0 0 0 0 0 0 0 0 0 0 0 0 0 0 0 0 0 0 0
1.11647968821828 5.26978504667737 0.306239510847875 6.33390737557103 0.335363102423135 3.05509428070197 1.68593098959249 1.03426801296675 1.82904297344991 2.74155740299912 1.1972848756717 4.44909420054188 2.77883459312647 9.47538394915374 0.371669033154293 5.37380138022888 2.53534069077036 1.18262452021864 0.73740341493521 1.71490325669461 5.78292182454138 0.884452280912319 1.73130303887929 0.179926907644573 0.192509667787446 0.393105287424269 1.23592056852649 0 0 0 0 0 0 0 0 0 0 0 0 0 0 0 0 0 0 0 0 0 0
0.187309008063238 7.74338863376994 1.55741373584996 2.37521387951686 0.636769295165981 7.69597113983227 2.97312354604939 2.76267511873159 2.89624511196088 0.389645048630024 1.86052759614415 0.529584062375361 2.69957342630313 2.421848162489 2.68893052047804 2.78859095009134 3.10280924705908 2.75525664576381 2.96405223723891 1.92608783048614 0.553444535326125 7.62887242184891 2.99959256552844 3.0712291587585 0.806296205665078 1.78947951673576 0.916382802462901 1.10237153967249 0 0 0 0 0 0 0 0 0 0 0 0 0 0 0 0 0 0 0 0 0
1.32074471780043 3.83213050897574 1.05887934805062 3.24718366322397 5.39265391631867 2.34209120549624 1.2109208279542 5.7576852264689 9.45632229033911 0.410516502330307 0.479107721799704 4.53613197211073 3.71795774757098 1.19315613921016 3.97385237842883 12.1508466023443 0.193536748047801 2.71809998650624 3.17102732405812 5.21895428407904 2.02502099693476 7.62688120287803 4.24023105629329 0.193520444068866 1.53110853897175 5.49572533435098 2.26038531373528 0.206439871048606 2.68103432947712 0 0 0 0 0 0 0 0 0 0 0 0 0 0 0 0 0 0 0 0
0.974249531634379 5.68996123291868 2.08946721853115 1.22444419822151 4.56337182976138 2.87041787958479 0.18194061488246 2.49512684927592 3.60060333277124 0.192438791886897 3.21944344205351 2.25454003986624 1.36570393294998 4.64089394682598 4.53585606440683 1.48333056301076 0.518400756302979 7.87932229722377 1.94137272557419 1.37152136667572 0.587493114600464 3.53721989232904 1.94632729634885 1.23979886940059 0.427830021670839 1.94443278725401 0.910476849725568 1.14322297742429 4.8854862223379 0.54159817427142 0 0 0 0 0 0 0 0 0 0 0 0 0 0 0 0 0 0 0
1.24512847719767 1.10868073638978 5.0940483332434 0.839433900890553 4.9990386032233 2.89160013603571 4.68624125013731 0.450466378715324 4.95005841239105 2.06059104229394 2.03394447034678 0.513835606195541 1.89700819552787 6.70756451798296 1.52178724523572 0.271447139444709 8.72429589005174 3.1039755972457 4.86729522379677 3.95820569907557 0.347159755821577 5.77157853375163 1.23849602779255 4.29928263824896 2.33156763744795 2.15659884298653 2.09854799300721 3.51337441221226 1.33767171223585 3.55275225205836 5.9243726676904 0 0 0 0 0 0 0 0 0 0 0 0 0 0 0 0 0 0
0.136467780059639 8.29509513297167 0.199700563650054 2.17926621540725 1.69724618486525 3.45043269427274 6.53575297218605 2.87073318390883 6.82997985180371 2.74948992473997 3.01532940361174 3.19663520451121 1.84411575803071 2.09456702688768 1.67384657134059 2.20704101962185 2.84601971445655 1.34684513199204 1.30744469340308 3.41843498687395 0.331598494555491 2.34033025127797 4.1808508844946 4.50181912310225 1.59948923076711 2.30797818275234 1.51557323930436 0.661406468695749 0.739833192087784 6.882708016235 3.07628785522689 0.360651959420049 0 0 0 0 0 0 0 0 0 0 0 0 0 0 0 0 0
1.48147540008065 6.78380358085466 0.816603634620142 2.63319756037351 2.11784534086013 12.8812941097059 2.14383821267073 2.55233549334344 4.11468753138107 2.33460437419202 3.56993466886989 0.398960679622704 2.0522570837795 7.39921651239415 1.8134713992528 8.37079556837593 2.98736618481162 3.98781522722725 3.51603661194961 3.52869241821525 0.104287550350226 3.94798829358835 5.23822817426961 2.43159639491139 0.185853757202731 2.05131588228029 0.400796156922213 0.607000598892228 6.10995098463045 1.74720408744071 8.09900879308883 3.16373223714099 1.11215259787235 0 0 0 0 0 0 0 0 0 0 0 0 0 0 0 0
0.286716752718376 4.26255003811458 2.92775554196213 5.41208379809368 6.3556668269589 0.259948102397015 6.70307783650343 7.11081446880452 1.27784209650098 6.09266369275436 1.7956167595337 1.04225733332656 0.0525366044589115 6.891529557664 0.421287086151215 0.82742916775333 9.61346014681387 8.24016976713803 0.802403723382252 0.272481007086356 5.11052637770937 4.21888547649681 4.91329154818986 3.38550151902059 15.5271869489969 2.84035262450531 4.41027503080243 1.12457333067882 2.66650349610162 4.92870428466188 5.64224946965283 1.01648204550415 0 0 0 0 0 0 0 0 0 0 0 0 0 0 0 0 0
0.583019497735071 8.05595939778083 1.91515142307417 0.69175453883745 2.61399245924264 10.0898598352595 4.83224766681586 0.45090039977294 1.51622645783566 9.14156704977196 3.08172104041449 4.31847460478643 3.58789342526479 5.27506450771045 8.44154848532905 3.03696826372653 4.17217950321693 5.95097136654019 1.91903113744395 4.12133693864333 3.65977414355208 3.13785752756291 6.54948028643114 9.50945731146189 1.81848544122518 5.38707752428469 5.16167494986394 3.73544538119878 4.55694886192411 0.387829261959162 0 0 0 0 0 0 0 0 0 0 0 0 0 0 0 0 0 0 0
0.828059574537917 4.22498511842878 3.30756175664422 3.12493683136898 2.70176795096412 0.397821772603437 2.18415099508481 1.9346695010473 2.33160407488012 2.78573677245708 2.53233430070006 1.47395165212966 9.44876836571582 0.61636308671104 4.67454626041756 5.62224942883609 1.28633393788788 5.73729212187088 1.5273377060454 3.43261929242141 1.89829001212539 3.18460458777671 2.52417621521703 0.033736955244229 0.70911834912316 6.7863433416925 0.57102268362453 3.0852750876994 0 0 0 0 0 0 0 0 0 0 0 0 0 0 0 0 0 0 0 0 0
6.46273046931075 0.0637603025616541 0.680741890541102 4.51377295586656 3.20447692380894 1.69134987827075 4.5912675425117 5.0772717761769 0.0814827325880877 2.64023838248305 0.430912908255353 3.99555928418155 1.80905500878263 0.0610798438200014 2.02505696962565 0.0457162298623128 0.642722099728344 10.5276680744309 0.0347627018250968 3.02707086529467 1.11451875407104 3.88239957910289 2.80860907788788 7.51114674424371 8.39285040499473 0.16450318778873 0 0 0 0 0 0 0 0 0 0 0 0 0 0 0 0 0 0 0 0 0 0 0
0.832903882484985 5.6016113194695 5.41096524102576 0.0374779241338721 1.83640747119848 2.74285355922695 3.41122014706855 3.20323834051152 1.13657981974481 1.00156245340243 0.689721867354973 0.842977402021549 0.762711682611142 4.69495135503966 2.57742764863083 3.1563208949718 0.754573221802363 6.19889210682277 0.371514291671682 0.363539544555382 3.441782973182 1.26449083779626 2.70184816624464 0.0950949695997631 0 0 0 0 0 0 0 0 0 0 0 0 0 0 0 0 0 0 0 0 0 0 0 0 0
2.12294738260457 7.29711480454311 0.202251817792051 1.57328700529329 6.84073681167174 0.156416249868242 0.494631755074454 4.08789010051659 1.97767773821805 9.83085275594273 2.69126029106464 5.61696375719621 6.33141495776593 5.10724819672303 0.377678584309118 4.52040084133454 11.6066130752597 5.36899607194424 0.145421219430717 10.0689251341649 0.844837992020893 4.65726080232952 0 0 0 0 0 0 0 0 0 0 0 0 0 0 0 0 0 0 0 0 0 0 0 0 0 0 0
5.26436439198987 3.97129883642273 0.386654074167044 4.13778587982697 1.03016201315119 0.431419672653364 6.6111764383866 3.33075282866292 4.11792761220834 0.0595775669141871 0.689700578033669 12.1619333410169 0.675104867697316 3.1664856594923 0.86155575695937 2.21420311275354 2.96237474593277 7.14820724078927 1.57038167828153 0.463984689854356 0 0 0 0 0 0 0 0 0 0 0 0 0 0 0 0 0 0 0 0 0 0 0 0 0 0 0 0 0
2.89763021826071 0.506509833124821 1.65052973581846 0.607520340257502 1.15503297802824 4.66397543336976 6.23135351515284 3.63200759623607 0.439405380414524 3.94546938413172 4.73724041646877 0.826607337369863 1.37739208383989 1.64187055465947 5.84792517988099 0.354431843380122 11.7023321435362 4.37861963488116 0 0 0 0 0 0 0 0 0 0 0 0 0 0 0 0 0 0 0 0 0 0 0 0 0 0 0 0 0 0 0
0.345565817849422 5.31753632807038 1.44053745792875 3.95486253815103 0.0540073358113998 4.77808739577555 1.62462572794386 0.408970507245138 5.24317855654587 1.53477173641339 3.897906155019 1.7254467831444 1.43676562237995 8.35375632459935 1.87500106161538 0.656836223906409 0 0 0 0 0 0 0 0 0 0 0 0 0 0 0 0 0 0 0 0 0 0 0 0 0 0 0 0 0 0 0 0 0
0.697097136535703 2.19726639426173 2.50232082311029 0.579466519536201 7.10431746142258 5.75162871864577 1.46303855478236 1.53668368072987 6.9443838278589 0.440600975918136 0.41296716964986 5.63373421424682 2.56201119752578 1.30811466560979 0 0 0 0 0 0 0 0 0 0 0 0 0 0 0 0 0 0 0 0 0 0 0 0 0 0 0 0 0 0 0 0 0 0 0
3.49002718913153 0.611347520486286 0.109808755481147 5.92927819963952 1.44796717562416 2.68375184795765 0.903768949629147 5.36994924179176 3.22251601341874 0.871866360667247 5.30829677054706 0.10859007884224 0 0 0 0 0 0 0 0 0 0 0 0 0 0 0 0 0 0 0 0 0 0 0 0 0 0 0 0 0 0 0 0 0 0 0 0 0
9.37742784783199e-06 2.10259385062737 3.56528023775898 2.61663001602713 1.72456381715032 1.01177670969512 0.130522914568957 3.69971915830759 0.0862093532335515 6.199106152005 0 0 0 0 0 0 0 0 0 0 0 0 0 0 0 0 0 0 0 0 0 0 0 0 0 0 0 0 0 0 0 0 0 0 0 0 0 0 0
2.36610322575248 1.60500870667468 1.73734159011892 1.42287696197545 2.81013355753617 7.51957021648851 0.0384131697076125 0.355534951812142 0 0 0 0 0 0 0 0 0 0 0 0 0 0 0 0 0 0 0 0 0 0 0 0 0 0 0 0 0 0 0 0 0 0 0 0 0 0 0 0 0
0.633173756975794 10.9933528884071 0.307668396941939 0.0120279183742294 1.84181879426412 0.546343626803518 0 0 0 0 0 0 0 0 0 0 0 0 0 0 0 0 0 0 0 0 0 0 0 0 0 0 0 0 0 0 0 0 0 0 0 0 0 0 0 0 0 0 0
0.436287677477787 2.67878266238736 0.800587373074848 0.2918985189933 0 0 0 0 0 0 0 0 0 0 0 0 0 0 0 0 0 0 0 0 0 0 0 0 0 0 0 0 0 0 0 0 0 0 0 0 0 0 0 0 0 0 0 0 0
0.384426010308887 2.58266573904753 0 0 0 0 0 0 0 0 0 0 0 0 0 0 0 0 0 0 0 0 0 0 0 0 0 0 0 0 0 0 0 0 0 0 0 0 0 0 0 0 0 0 0 0 0 0 0
