1.40510785419828 0 0 0 0 0 0 0 0 0 0 0 0 0 0 0 0 0 0 0 0 0 0 0 0 0 0 0 0 0 0 0 0 0 0 0 0 0 0 0 0 0 0 0 0 0 0 0 0
0.794948047883683 1.07067645445439 0 0 0 0 0 0 0 0 0 0 0 0 0 0 0 0 0 0 0 0 0 0 0 0 0 0 0 0 0 0 0 0 0 0 0 0 0 0 0 0 0 0 0 0 0 0 0
6.91286643241058 0.18438559840741 2.29749600850297 0 0 0 0 0 0 0 0 0 0 0 0 0 0 0 0 0 0 0 0 0 0 0 0 0 0 0 0 0 0 0 0 0 0 0 0 0 0 0 0 0 0 0 0 0 0
0.325156359768126 1.49553416699188 0.460854581377443 2.44574002007241 0 0 0 0 0 0 0 0 0 0 0 0 0 0 0 0 0 0 0 0 0 0 0 0 0 0 0 0 0 0 0 0 0 0 0 0 0 0 0 0 0 0 0 0 0
2.95703047507286 1.09575964264505 4.97148927564669 0.346296012789088 0.0665714203420885 0 0 0 0 0 0 0 0 0 0 0 0 0 0 0 0 0 0 0 0 0 0 0 0 0 0 0 0 0 0 0 0 0 0 0 0 0 0 0 0 0 0 0 0
2.01337301851346 1.90342369795461 4.56532332882504 3.52431897939553 0.254372944534288 3.21003092817382 0 0 0 0 0 0 0 0 0 0 0 0 0 0 0 0 0 0 0 0 0 0 0 0 0 0 0 0 0 0 0 0 0 0 0 0 0 0 0 0 0 0 0
1.02718631805153 0.659556471194875 1.31491325050567 0.80284836616231 4.1749232311102 1.05164145757672 0.271832681056742 0 0 0 0 0 0 0 0 0 0 0 0 0 0 0 0 0 0 0 0 0 0 0 0 0 0 0 0 0 0 0 0 0 0 0 0 0 0 0 0 0 0
2.00101223477248 2.02377898375716 12.6388244504064 1.82548029324268 0.347742412355494 0.203034372317105 0.786931551544555 2.46259086861629 0 0 0 0 0 0 0 0 0 0 0 0 0 0 0 0 0 0 0 0 0 0 0 0 0 0 0 0 0 0 0 0 0 0 0 0 0 0 0 0 0
1.4075069016303 0.0939674092559461 0.398402082974257 4.58853310599075 1.64668523973625 1.9345760336866 1.79945761131099 2.75893009865205 7.88221752206094 0 0 0 0 0 0 0 0 0 0 0 0 0 0 0 0 0 0 0 0 0 0 0 0 0 0 0 0 0 0 0 0 0 0 0 0 0 0 0 0
3.36407167789653 1.54583115291407 0.0981441437946523 0.110752194629481 1.05447037138158 2.19450248383533 0.131021786606582 0.760479409842263 0.375267391519708 2.05051723103898 0 0 0 0 0 0 0 0 0 0 0 0 0 0 0 0 0 0 0 0 0 0 0 0 0 0 0 0 0 0 0 0 0 0 0 0 0 0 0
1.25542361714217 0.803744164909997 0.873653299216492 3.99315600741984 4.21390932089863 0.150120701321146 2.04777360719239 3.66024194404223 2.51827171729279 0.938030308440023 5.173706598591 0 0 0 0 0 0 0 0 0 0 0 0 0 0 0 0 0 0 0 0 0 0 0 0 0 0 0 0 0 0 0 0 0 0 0 0 0 0
0.257755975902692 0.425175306333164 3.144810658125 5.47972890840127 0.309418143523581 0.444681248560347 0.354228879267392 1.70683393941546 1.53996607550718 0.0477967874692247 1.17577535610508 0.917197410942816 0 0 0 0 0 0 0 0 0 0 0 0 0 0 0 0 0 0 0 0 0 0 0 0 0 0 0 0 0 0 0 0 0 0 0 0 0
3.49720349860752 1.20814136817434 1.42733809042026 0.0581346286817698 1.68093033598581 9.17644719872962 0.941126872389569 0.402671664048273 4.90865204492044 2.76948126702962 0.156296841030514 0.516800286514267 0.579219121832264 0 0 0 0 0 0 0 0 0 0 0 0 0 0 0 0 0 0 0 0 0 0 0 0 0 0 0 0 0 0 0 0 0 0 0 0
0.031665440122057 2.6997054152679 2.35030347627793 0.18281695355233 2.28931927513221 0.207273543170321 1.09218652785274 1.92764620452635 6.60810192461782 7.08426788490395 1.97136166998146 1.21942451641233 0.607168583439762 2.61579447313229 0 0 0 0 0 0 0 0 0 0 0 0 0 0 0 0 0 0 0 0 0 0 0 0 0 0 0 0 0 0 0 0 0 0 0
1.79603456818531 3.19732913296413 2.8274322796578 1.86763289803157 5.46747152696834 0.582112697958029 1.82788399847007 0.314972492361866 1.26503363470489 1.05537911094289 0.647639868788781 3.3918341720601 0.620895464079441 7.68801396447468 1.24527639987257 0 0 0 0 0 0 0 0 0 0 0 0 0 0 0 0 0 0 0 0 0 0 0 0 0 0 0 0 0 0 0 0 0 0
0.879837103371051 1.06188390967636 5.0865338291221 0.96817351459342 0.30448576463026 0.389548441822026 2.78470375210618 5.88609693823533 3.83995075240131 0.442765521093529 0.690262923807343 0.358469184862262 1.93608510599508 1.39871489584602 5.18235859253778 8.79969761934422 0 0 0 0 0 0 0 0 0 0 0 0 0 0 0 0 0 0 0 0 0 0 0 0 0 0 0 0 0 0 0 0 0
0.999234782154182 0.876195725208815 0.710504389056552 2.01097859412525 6.42947857148014 0.822935028496899 2.59780136081714 2.67624061172701 1.20035348457376 0.377559771477585 0.143284343789057 1.87684871471594 2.56859141735885 3.47011939309947 2.52510456523312 0.74703167936913 1.05837253002915 0 0 0 0 0 0 0 0 0 0 0 0 0 0 0 0 0 0 0 0 0 0 0 0 0 0 0 0 0 0 0 0
0.84967570695328 8.71077666197362 1.49297615281568 0.772913329255725 3.07342974098237 4.28955942106952 2.05359616879798 1.1276280932698 1.24037742416976 4.53343022123098 9.57948161589217 0.0168722736841213 3.2817870548563 2.40085555768092 5.280823150722 5.01048752804212 2.78119475608983 8.39068784990585 0 0 0 0 0 0 0 0 0 0 0 0 0 0 0 0 0 0 0 0 0 0 0 0 0 0 0 0 0 0 0
0.133089160437951 1.88068130580149 0.450606083615906 0.934847081000454 1.08905349294709 1.91590774143019 0.0546580253892882 0.301472758167002 2.55785847219247 0.617803489492329 3.78799015718235 0.739212044280406 1.98327920876704 0.440800648972007 0.341816605183547 7.11533371277157 2.42270379900164 0.537225940997416 0.59077958163221 0 0 0 0 0 0 0 0 0 0 0 0 0 0 0 0 0 0 0 0 0 0 0 0 0 0 0 0 0 0
0.598271495893543 0.610037417748182 1.08518306270247 3.71112257061382 0.281949160540958 3.26371613092917 1.56419204125549 1.16141803329285 1.78411849967982 0.561914196998157 5.01283732151494 3.07597868727701 1.16630997219876 0.343566712904412 3.64275190836411 0.478580711108948 0.064351610283308 0.978377576282453 0.279771284818381 0.545952440328209 0 0 0 0 0 0 0 0 0 0 0 0 0 0 0 0 0 0 0 0 0 0 0 0 0 0 0 0 0
0.71338125300661 0.693819775282557 4.82697538073916 0.678248240163324 1.28849569777761 0.771693818439142 0.248198016103633 6.33883040153837 1.18532415869664 2.28492659187308 1.96446698786541 3.71598087323323 0.85926924383797 1.74931037313354 5.052336001066 0.731228381382004 2.21663804863725 3.94342753825561 1.01259229496708 0.41771124603791 2.5078652101908 0 0 0 0 0 0 0 0 0 0 0 0 0 0 0 0 0 0 0 0 0 0 0 0 0 0 0 0
2.08309751684992 1.91732728683417 0.494177232968918 4.31201053236204 0.193822249661959 0.145543934773417 1.23279290383405 0.723568868265485 1.80884595538959 3.40011611615287 0.179265840609395 0.763126393079882 3.11565642195388 4.14593983631513 3.44075245978803 0.740853108459505 0.117621997493223 1.16024902406287 0.0473235037073792 2.13821061809339 1.48944171589128 0.245997957380077 0 0 0 0 0 0 0 0 0 0 0 0 0 0 0 0 0 0 0 0 0 0 0 0 0 0 0
3.19960872639657 0.215178272128341 0.998831059703473 0.212565026404593 0.241035786265525 1.60071154134757 0.339946905349822 0.238947563588089 0.661093514213939 0.142581800304673 3.14941421109246 3.27421020358932 1.43028247527612 0.103769037481826 0.223048884263156 1.21454442380989 2.44470572243206 0.330383383058535 0.90162204773749 6.37013189160105 1.41138093887098 3.17852691163477 5.39039006296498 0 0 0 0 0 0 0 0 0 0 0 0 0 0 0 0 0 0 0 0 0 0 0 0 0 0
1.59707298209771 2.32392937880975 0.138845723743549 0.51413111420581 8.87929502860809 0.78084547978181 2.52261297883082 3.97635774360931 1.94153014785477 0.80437532193664 0.15140345375053 1.76396341345192 3.18312854128119 7.68450514397933 2.94580939210559 1.47201484758317 1.99159556859068 3.13099894861725 6.25450500160146 4.5915928722144 0.11876491530341 1.50892626469044 2.18590505800165 4.84771304757376 0 0 0 0 0 0 0 0 0 0 0 0 0 0 0 0 0 0 0 0 0 0 0 0 0
1.56821451808361 1.90218888146447 0.261707598753295 0.918425355169825 2.50126452413148 0.129697134064554 3.06525038539226 1.44627219034106 3.44492265788431 3.75717752139149 2.69989193988424 0.367691086276058 1.01081514701395 0.35337391473866 3.32028614055082 0.991816306143377 1.72793034386356 1.31615035123143 1.71771570639163 1.25995042184099 0.209056399395056 1.22769784864688 0.341788080115355 0.353572053337205 0.0780939460932475 0 0 0 0 0 0 0 0 0 0 0 0 0 0 0 0 0 0 0 0 0 0 0 0
0.359625911112701 2.61038680765778 2.71516868147132 0.403705254770104 0.866793226218845 0.209401482682395 2.53801251686706 1.3534219634319 1.22941337067783 0.220592399936135 1.60331909817604 0.656010165500859 1.65826042923637 1.33377440489937 0.451738599223127 0.904164792252357 2.9969248526996 1.14219650766146 0.378959142033468 0.193656394147054 1.54129929841544 4.65545427965162 1.09429605120779 3.80847148123153 0.00686294551436559 1.67608926002035 0 0 0 0 0 0 0 0 0 0 0 0 0 0 0 0 0 0 0 0 0 0 0
3.53830984955673 0.145136223997708 0.45848593831459 1.47224905541311 2.02650987158489 1.70303167575305 2.4260829717698 1.44140742044277 0.784406100331221 0.452740640489868 4.82337194602172 2.64895267177746 5.81765166281092 0.903368321372117 2.02669957775629 1.06383582061184 5.03409073572767 2.71174911274221 6.42557577836512 6.52915102515423 1.66760550499023 1.48161002874343 0.438783169893186 0.525326230250332 3.63604793207758 0.948294688416866 6.12888466246652 0 0 0 0 0 0 0 0 0 0 0 0 0 0 0 0 0 0 0 0 0 0
3.23000965443602 0.852265230813104 0.37311241392846 5.63511014557241 0.62342161495774 1.40801502118432 1.58264615984077 1.76315649597724 0.79176096913827 0.193746457123082 0.283902530718122 5.50366350392661 3.28470271900761 4.40405920697918 3.4147188830665 0.00792004308871504 0.0783837254985899 4.42528778507028 2.64141917389869 0.103711003055177 1.54352764708566 2.84547788779439 1.6844996004541 2.16542840377447 2.08256506237751 5.32031848859949 1.52847393141813 0.983933659713782 0 0 0 0 0 0 0 0 0 0 0 0 0 0 0 0 0 0 0 0 0
0.505093132525014 2.17821867615568 10.1486931643584 1.12980038929638 1.6059761836345 1.95883891627211 1.06903702684894 1.3187164595754 7.39046012085589 0.995841033434218 3.6947116759915 0.519785369486081 2.85562860635921 0.629128886028122 0.901053690548608 3.64694450472374 4.28151462170722 0.253131414157415 3.26293383351838 2.08016933632727 2.70448232433062 0.565138210327163 0.307116897256475 4.07293290543686 0.275752551684657 4.29943919525338 3.89751603422037 3.05871122597996 1.07892531113734 0 0 0 0 0 0 0 0 0 0 0 0 0 0 0 0 0 0 0 0
2.59219024980005 0.670180570298286 0.571279695465245 0.0281848990992935 2.49084677537407 0.925035360596084 0.0155706313834458 2.19174470286933 2.54796984679086 6.43985841846799 11.7230260890671 2.11537247638536 1.56932197668371 0.278372961053947 1.77677831398568 7.1983682174585 0.325779306842733 0.317143734108281 0.523599133245742 0.0836912009464511 1.42548588301812 1.11594046132534 3.24956968597922 1.30120281246002 0.276988345413317 1.04011425382665 1.00516760811999 6.43971567727291 5.6462516676767 5.04920827391625 0 0 0 0 0 0 0 0 0 0 0 0 0 0 0 0 0 0 0
1.31170719989033 2.38237843473459 2.76483412579179 5.51467747426065 2.79909080729636 3.50196593605002 0.0399581673731158 1.92899186118644 2.42304275988147 4.5544042373981 2.31605704063041 1.06517972426075 1.25258592773123 3.66609152319434 0.144712913844008 0.393680305323402 0.0783081756995705 1.09885371800018 0.550318063875746 0.777407929458736 0.808778011694451 1.37864759985224 0.767712405093103 1.02219317793203 1.75672586305145 1.05295500617079 1.98259071438062 6.06160369414873 0.458754816305765 0.272879310769527 0.372421072947361 0 0 0 0 0 0 0 0 0 0 0 0 0 0 0 0 0 0
3.16866562092825 2.02765195519468 0.0577061335959291 3.8953152046566 0.211960967963298 2.10238458771531 1.4507342998795 8.73691224247911 3.92472236916532 1.27443176020177 0.701780866031776 2.08673710174454 1.64216631360074 1.11402405882319 1.59016354081696 0.904602397064598 6.56533876991687 0.059231637707261 6.07757215233686 0.504880262176039 1.51117256765608 0.240758594982956 2.30124516895178 0.93379189036837 0.190625530222394 0.917322912540675 3.07326077588915 1.92055850922028 0.330734559319186 2.73037923752409 0.0229327275998329 1.53698465609402 0 0 0 0 0 0 0 0 0 0 0 0 0 0 0 0 0
4.15355424016567 4.17223823964932 0.629285353687692 0.351766786991427 0.295399748163452 3.29646219831491 4.64704108243697 0.390991944251848 2.13192044062419 0.897831510758804 1.85852202305989 2.01255587907478 2.40170416537097 1.28398809495892 4.12381039799002 1.34962751579802 3.02699907676792 1.0847133895976 3.1038459677602 5.47157965603037 0.526605454002512 0.717843869369305 0.2614824213401 11.1929091551155 0.214087417047835 4.31679395153 6.80513830498132 0.0693964970845853 1.06318771955787 5.14321218427831 0.557291930646557 2.29759326409045 4.35765770384343 0 0 0 0 0 0 0 0 0 0 0 0 0 0 0 0
0.844574889783606 1.00329610123129 3.38747260254254 8.11467473808885 0.367776516384509 0.866213095811899 0.265418071327478 1.93049548397886 2.09567872065435 1.41826095777979 1.48267759331446 0.981156894708147 1.59875862310538 2.74431038327694 2.43167337764712 0.56607169022884 2.5221597549069 0.35926909521096 2.07487109200389 0.264446826766389 5.34950888319785 3.66529693156919 3.0672932873489 0.727944875057827 3.89432545603366 0.124684287614374 0.581824247455597 0.298747231822301 0.0174607455977554 0.297084550709768 4.721578253078 1.78582191402941 0 0 0 0 0 0 0 0 0 0 0 0 0 0 0 0 0
1.36000319001053 0.77572321121887 1.27548580229067 0.120523430031309 3.12477874931587 2.98551361104496 0.173998769260266 0.607313595399 0.458071131260143 0.797840474655053 3.98889262883322 1.71267604107899 2.64035546166097 0.0659125095430776 3.61171693675823 3.95736569609385 1.67373663951707 0.607983599111293 5.38724135686719 0.804517847501691 1.52580125346887 1.72350058867256 0.41623513715491 3.27229446934187 0.775406417662855 3.27650328248996 2.32245354007065 0.308951871776985 3.46822608625333 3.90835745974104 0 0 0 0 0 0 0 0 0 0 0 0 0 0 0 0 0 0 0
0.436208449177161 0.478525404490876 0.253820666785321 1.18244168384238 1.51069879454819 0.0771030869080052 0.515750629870252 1.36096480950965 0.175469941434878 3.95518383474662 1.50304613651108 0.324073435925025 0.951981102711401 2.34688161082039 0.153484832348859 0.376379707743729 2.27709607049254 0.996605252125031 0.870560872363508 1.37005719501 9.14455791217623 0.205567768872142 2.29030977461819 0.729532057250047 0.809466993741722 7.22423527432758 0.945865708212719 1.6862727224863 0 0 0 0 0 0 0 0 0 0 0 0 0 0 0 0 0 0 0 0 0
1.89484989859142 3.3366240573109 3.3347730047397 0.814688096256162 0.167737881074087 1.66552913033712 1.59300802988168 0.221126858333317 3.72447355647397 1.64626435983652 0.407378165068601 3.30129789520213 0.565108826439995 1.59834352886381 0.00362906521739005 1.65469710797292 3.27392945465981 0.100728614101748 4.55524681634145 0.00952245608531297 0.114278002807971 1.08015329916687 1.11261347726215 2.00602990050831 7.74183652811789 0.207988684220051 0 0 0 0 0 0 0 0 0 0 0 0 0 0 0 0 0 0 0 0 0 0 0
0.83851808263404 7.09329331662783 0.852983457760582 6.58556978552646 0.811315384330962 1.45643515532658 1.14900443402784 3.61669643074445 1.16873701457169 1.066753867502 0.467411589528922 1.94692211944419 4.79652456572602 0.0852510168136755 7.64350679704828 0.331962993097031 1.13617511495681 1.1855763005517 7.35076912131146 4.36360365365996 2.31877329050448 0.179330367998191 0.541764517722057 2.15868760951133 0 0 0 0 0 0 0 0 0 0 0 0 0 0 0 0 0 0 0 0 0 0 0 0 0
1.28149185956347 5.79404643154758 0.626566534866342 1.28531708426524 0.506911051457954 0.996334004511122 3.79050909613928 4.41973747906557 1.40568795216611 1.02786689580052 0.460364621360677 1.25196528052502 2.5097963625213 0.570621252234124 4.50010028612279 1.83894393358597 1.83932796369299 3.0863690624292 1.64691768137809 5.39507610498786 0.358689408607346 1.93477211899289 0 0 0 0 0 0 0 0 0 0 0 0 0 0 0 0 0 0 0 0 0 0 0 0 0 0 0
0.982448991145372 3.20231011983261 0.640826542731573 7.2354482408719 0.820844376365681 8.64655997234506 0.297557404121103 1.41718678385337 0.911870297674853 0.510683348190554 0.210880683799386 1.53622421149178 12.7916872811457 0.644113155926085 0.227123185535571 0.368833512207884 1.15408225334946 2.96738533937678 6.31407301469422 3.32410261964885 0 0 0 0 0 0 0 0 0 0 0 0 0 0 0 0 0 0 0 0 0 0 0 0 0 0 0 0 0
0.645476592087288 2.77936284131256 0.0638140563284132 0.342925491240415 6.38344950266557 6.2946918910734 0.74832118576116 10.021913246561 0.494106464369519 5.31236306189203 3.83332574057449 1.20356816668256 4.58521545499753 0.177650458397866 1.81012476491346 4.40637859520614 2.8803798189631 5.95659868944184 0 0 0 0 0 0 0 0 0 0 0 0 0 0 0 0 0 0 0 0 0 0 0 0 0 0 0 0 0 0 0
0.735435533220391 1.03461134284643 0.955148811944642 2.89379687743201 6.25488400787024 0.993312178891041 3.13518438147177 1.47336089888409 0.963663526647656 3.13714865711529 0.789194474199739 0.947879608109907 1.44771902181087 0.281653386441029 2.52690167412152 3.00885858767744 0 0 0 0 0 0 0 0 0 0 0 0 0 0 0 0 0 0 0 0 0 0 0 0 0 0 0 0 0 0 0 0 0
2.0408656494714 1.06622190130282 3.29081771192038 3.02747649204236 0.578653391908765 3.42988708854255 0.304400065118555 2.1716492440768 2.49024767765618 1.85315782875292 4.94242918635275 0.254983709535994 1.02768570919066 5.6257937671366 0 0 0 0 0 0 0 0 0 0 0 0 0 0 0 0 0 0 0 0 0 0 0 0 0 0 0 0 0 0 0 0 0 0 0
1.56684203577456 3.40795194656175 0.327470152904396 1.51734907307513 1.90941456742286 0.543815444759476 5.50202790522306 0.476842200377155 0.705818538225249 0.958274184024467 0.0896172682147448 0.588901490737755 0 0 0 0 0 0 0 0 0 0 0 0 0 0 0 0 0 0 0 0 0 0 0 0 0 0 0 0 0 0 0 0 0 0 0 0 0
2.44308145301563 7.95401318378994 1.50356295793637 5.13959779390313 9.70776457836208 0.894817889914732 1.72398771388482 2.15620893095673 1.06335042282542 2.35276086002121 0 0 0 0 0 0 0 0 0 0 0 0 0 0 0 0 0 0 0 0 0 0 0 0 0 0 0 0 0 0 0 0 0 0 0 0 0 0 0
7.74362102193369 0.27262054209876 0.0556909794805818 3.29601514628157 2.77411317460153 6.15256918079789 0.0127812848488675 0.018990501130174 0 0 0 0 0 0 0 0 0 0 0 0 0 0 0 0 0 0 0 0 0 0 0 0 0 0 0 0 0 0 0 0 0 0 0 0 0 0 0 0 0
3.84296067458753 2.85374614406986 0.391640103863894 1.25623143863654 2.17893906540431 2.8232712305718 0 0 0 0 0 0 0 0 0 0 0 0 0 0 0 0 0 0 0 0 0 0 0 0 0 0 0 0 0 0 0 0 0 0 0 0 0 0 0 0 0 0 0
4.84924062034831 0.504929129132315 0.765732334574278 2.06277346101607 0 0 0 0 0 0 0 0 0 0 0 0 0 0 0 0 0 0 0 0 0 0 0 0 0 0 0 0 0 0 0 0 0 0 0 0 0 0 0 0 0 0 0 0 0
0.189864479356599 0.985221795965534 0 0 0 0 0 0 0 0 0 0 0 0 0 0 0 0 0 0 0 0 0 0 0 0 0 0 0 0 0 0 0 0 0 0 0 0 0 0 0 0 0 0 0 0 0 0 0
