3.83794654614259 0 0 0 0 0 0 0 0 0 0 0 0 0 0 0 0 0 0 0 0 0 0 0 0 0 0 0 0 0 0 0 0 0 0 0 0 0 0 0 0 0 0 0 0 0 0 0 0
0.286865415656391 4.80965255718815 0 0 0 0 0 0 0 0 0 0 0 0 0 0 0 0 0 0 0 0 0 0 0 0 0 0 0 0 0 0 0 0 0 0 0 0 0 0 0 0 0 0 0 0 0 0 0
0.842904762109069 4.67448367738162 5.29922975215616 0 0 0 0 0 0 0 0 0 0 0 0 0 0 0 0 0 0 0 0 0 0 0 0 0 0 0 0 0 0 0 0 0 0 0 0 0 0 0 0 0 0 0 0 0 0
5.21230424489394 0.941263085688549 3.42456419054255 0.951510071550165 0 0 0 0 0 0 0 0 0 0 0 0 0 0 0 0 0 0 0 0 0 0 0 0 0 0 0 0 0 0 0 0 0 0 0 0 0 0 0 0 0 0 0 0 0
0.255446113708316 2.28372898836272 2.96643550193319 0.185801343593898 0.405136520490453 0 0 0 0 0 0 0 0 0 0 0 0 0 0 0 0 0 0 0 0 0 0 0 0 0 0 0 0 0 0 0 0 0 0 0 0 0 0 0 0 0 0 0 0
2.12197516196197 0.52758619822525 0.236837275187433 0.710214790030351 1.11788973302908 0.354797335301967 0 0 0 0 0 0 0 0 0 0 0 0 0 0 0 0 0 0 0 0 0 0 0 0 0 0 0 0 0 0 0 0 0 0 0 0 0 0 0 0 0 0 0
5.31243979174719 1.73921671241112 0.68411117258838 2.48390665958116 2.01876991788981 2.88173191437722 0.549848169420596 0 0 0 0 0 0 0 0 0 0 0 0 0 0 0 0 0 0 0 0 0 0 0 0 0 0 0 0 0 0 0 0 0 0 0 0 0 0 0 0 0 0
0.940174311784492 0.838761428567906 0.676712891049215 0.108241502918815 3.75423965198777 0.168946175964811 0.602523257121298 1.27215999382881 0 0 0 0 0 0 0 0 0 0 0 0 0 0 0 0 0 0 0 0 0 0 0 0 0 0 0 0 0 0 0 0 0 0 0 0 0 0 0 0 0
1.4297021259909 1.8672266523565 4.024456112213 3.85239566830083 2.79886900411096 1.10950896209776 2.05445031275698 0.358798974953819 0.0497237417322666 0 0 0 0 0 0 0 0 0 0 0 0 0 0 0 0 0 0 0 0 0 0 0 0 0 0 0 0 0 0 0 0 0 0 0 0 0 0 0 0
0.277360439503517 6.10122316156099 2.14074611714083 0.0985633073838934 4.82003544406027 3.16748728056204 0.158454106228555 0.605142825734582 1.48020012077133 0.248089406715418 0 0 0 0 0 0 0 0 0 0 0 0 0 0 0 0 0 0 0 0 0 0 0 0 0 0 0 0 0 0 0 0 0 0 0 0 0 0 0
0.536560157173417 4.69716048555001 0.0966900807304757 4.50875329222909 8.83828431742075 1.7497859948706 4.30271953046703 1.35860232125497 1.60320340355802 0.789781206779137 2.29952486322148 0 0 0 0 0 0 0 0 0 0 0 0 0 0 0 0 0 0 0 0 0 0 0 0 0 0 0 0 0 0 0 0 0 0 0 0 0 0
0.199459318245911 0.768149981989981 15.5609805171677 0.821907903134365 6.95554100247226 0.898892582389142 7.40648977845535 0.9695702209686 2.74139724036257 0.279004810112655 0.33453309583425 1.82874125411888 0 0 0 0 0 0 0 0 0 0 0 0 0 0 0 0 0 0 0 0 0 0 0 0 0 0 0 0 0 0 0 0 0 0 0 0 0
0.572030946958125 1.04753488308929 0.446739787836532 0.939530681083032 6.33599338780958 0.0751716867471414 2.28721075225868 3.66554589468241 0.316736999735529 0.269170280375829 2.79836353943003 0.767145750347429 2.13674718081057 0 0 0 0 0 0 0 0 0 0 0 0 0 0 0 0 0 0 0 0 0 0 0 0 0 0 0 0 0 0 0 0 0 0 0 0
0.858607141492231 1.80516380269562 5.29315527108774 3.06532298795887 6.45614837650133 0.246141880396526 2.69823394027596 0.261003123434926 1.32566119679113 2.05592849782914 1.1185302584906 1.90428394398203 1.0191261176537 0.298130945766804 0 0 0 0 0 0 0 0 0 0 0 0 0 0 0 0 0 0 0 0 0 0 0 0 0 0 0 0 0 0 0 0 0 0 0
0.551069562303898 4.11971178201441 0.47061362120874 0.404475091049419 0.7436081036789 0.863367079218415 7.24821545351735 2.24896860824171 0.872708938480605 0.995562093303674 2.06811151612797 16.3976274264392 1.47536090022937 0.732131234834707 1.78732412808278 0 0 0 0 0 0 0 0 0 0 0 0 0 0 0 0 0 0 0 0 0 0 0 0 0 0 0 0 0 0 0 0 0 0
1.36077848436919 0.249367070129353 0.618600057184401 0.818101163681113 2.29784636780453 2.29421408319149 0.45034762836268 0.490312323664067 1.25802211689853 1.89397457059356 4.97588960192305 0.492011824820862 0.46428200127346 0.985895533725333 2.71781776009048 8.57569106840817 0 0 0 0 0 0 0 0 0 0 0 0 0 0 0 0 0 0 0 0 0 0 0 0 0 0 0 0 0 0 0 0 0
0.530169218943142 12.0417108428168 3.84213348494545 0.782514970250628 3.804354160262 0.925880315592944 0.704483735258925 4.14187644394647 3.58619357714273 9.88984401939303 4.23978858917611 6.2224079020114 2.98303909393737 15.0698629590022 0.125051989102068 0.393009667018867 1.17491790282894 0 0 0 0 0 0 0 0 0 0 0 0 0 0 0 0 0 0 0 0 0 0 0 0 0 0 0 0 0 0 0 0
4.00665073089901 1.37746137059475 1.77538223168428 0.0583407512389083 0.57074869175209 1.41682747968148 0.254412051592582 2.40187551876436 0.358426429723084 6.32442199713423 0.162602192870955 2.15616328558333 0.0623897471363705 10.9825174395046 0.584929224197329 10.085832376801 1.81260248523178 2.85138286476537 0 0 0 0 0 0 0 0 0 0 0 0 0 0 0 0 0 0 0 0 0 0 0 0 0 0 0 0 0 0 0
2.63263329613514 2.89968573774683 1.42375832877108 0.504574169854485 1.48988851081484 0.51068770574371 1.06922611498478 3.02150431162961 2.34573307777861 1.60220302354767 2.38447775001798 8.79356932812543 2.90134362527835 0.986574610972148 0.944850196310705 0.00362384961022587 0.0444271895091451 0.226990460734252 0.250094068851158 0 0 0 0 0 0 0 0 0 0 0 0 0 0 0 0 0 0 0 0 0 0 0 0 0 0 0 0 0 0
0.761564208442381 2.23347801178578 0.369785788616072 1.84948098429814 3.24572078946524 3.12017706446599 2.55279590273117 1.85285158770254 5.2515413607837 0.239830885100631 2.19096955338997 0.191837241162533 0.120579114949219 2.13867466478127 0.0662061707894327 0.0504532734766916 0.80606291197368 0.349794166951845 0.431052812862371 2.68588165792583 0 0 0 0 0 0 0 0 0 0 0 0 0 0 0 0 0 0 0 0 0 0 0 0 0 0 0 0 0
0.284474542776198 0.304440912917489 1.12446836061168 0.157390933085351 5.03090073435066 2.34558905619604 4.22697826542955 0.169417078298473 1.89289690184099 0.265003435182346 5.38463772296546 4.17135251258727 3.41012682397041 0.604908901641153 0.83635708720487 1.27210082316586 2.54954304616137 0.31588114909486 0.609445604729855 3.98534390702799 4.30641310271776 0 0 0 0 0 0 0 0 0 0 0 0 0 0 0 0 0 0 0 0 0 0 0 0 0 0 0 0
1.36895565503669 0.456022090197877 0.924076041545529 1.36024574392066 2.99863105712016 1.09598616647884 2.17240425564565 2.66624156583142 0.619462547621057 0.259053833111895 1.48656105231965 1.31734098690889 0.024773534844198 2.85958487615066 4.56690767511304 0.437289302350752 3.96157340588685 0.00920410332990728 0.11868092598007 5.13201745155462 0.127247214513645 2.77064993935011 0 0 0 0 0 0 0 0 0 0 0 0 0 0 0 0 0 0 0 0 0 0 0 0 0 0 0
0.432742467345699 1.0523520302604 2.53736569929796 0.611776422692382 0.956521450209129 2.53909651774105 0.685156906096255 1.1951970675604 2.21085235740528 1.83062215521601 0.966960406325746 0.3565859667304 2.60326179682699 0.259038429020084 2.29118653290433 6.25801557254627 2.45888648197498 2.4361952449344 0.762067464607135 1.15701024284043 3.62032258974137 0.324764415379676 7.95800494343812 0 0 0 0 0 0 0 0 0 0 0 0 0 0 0 0 0 0 0 0 0 0 0 0 0 0
0.534081805228674 0.0318533525053075 0.56545263221771 1.39879582492753 1.99774200739761 1.05460187751074 0.0120832940122963 0.674867902192072 2.15536545167953 1.24865748673604 1.18047227436276 0.611988487478052 0.538758505697628 0.808726886955115 1.13183030521673 0.928136252723432 2.12834050702867 0.739548045627788 0.796173427831493 2.43458719124559 0.519615635324455 5.82178315312009 3.09135679460976 0.650259462419362 0 0 0 0 0 0 0 0 0 0 0 0 0 0 0 0 0 0 0 0 0 0 0 0 0
1.3222265540504 1.47884325941537 2.95073513610093 0.789305973458378 3.48646870463261 0.309118624074786 1.30939077537137 2.52369864544713 2.76415544690834 0.579110427766416 0.404903134064948 0.759702886499887 0.167238024407166 3.89044656519628 2.27133397688437 4.23302779677416 4.30260534834685 1.72755853768398 0.217726731165085 0.205834796184936 2.48958264916225 0.0665970681739044 1.42526207155859 6.6629707131806 0.120332222881612 0 0 0 0 0 0 0 0 0 0 0 0 0 0 0 0 0 0 0 0 0 0 0 0
0.827701014977328 2.8575304759057 1.62419306149119 0.871961378342957 2.81679566197326 2.54564496967457 0.406807687317385 1.28936063890138 2.60414543000991 0.964440470652719 1.8515766653604 2.39896162599989 0.998025193023794 0.409211364747912 0.941597170945635 0.89139715333781 0.144400882659585 1.38943423192289 0.330403667235393 3.20866445598219 0.328256639012633 1.84673248629068 0.0243393916315067 3.88812073789372 5.03821784770307 0.655749042541207 0 0 0 0 0 0 0 0 0 0 0 0 0 0 0 0 0 0 0 0 0 0 0
0.326224117291274 3.90711847162295 1.80274090193814 3.35026014577881 3.34214587021438 2.67162591094446 0.495905702812801 1.33730689294516 0.206538862131086 11.2702324564871 4.24101784754774 7.4014211529445 0.478531021340615 5.25729305638554 0.116141079273201 5.48415095261441 1.23324581252141 1.00647939653107 1.12498893972564 2.13364817007236 1.09293250347922 3.61172366696325 0.194142444105256 1.60901261297413 0.0646868548246133 11.4038316906533 6.85145288609725 0 0 0 0 0 0 0 0 0 0 0 0 0 0 0 0 0 0 0 0 0 0
7.42966106537017 2.41850226910331 0.976437401034298 2.07573700338356 0.0587558556300599 1.71872231871913 0.105121617818309 2.71106927743611 0.0354877050646839 2.75115377886013 1.72241612959024 0.867769195445852 2.90458523041013 1.11621643629655 1.11952184334224 0.828487381617689 0.0621780891897193 5.20165751532712 3.08278451540387 0.585021558936328 1.05666421229755 0.989463375080432 2.38173089355818 0.0708940519112847 0.875132170813473 3.98495358471626 0.307011415003181 2.5216097911985 0 0 0 0 0 0 0 0 0 0 0 0 0 0 0 0 0 0 0 0 0
5.68746604189395 1.10048067987004 2.52156261523136 0.702013966359684 1.05663648235762 1.86030029944289 0.174646764056406 0.994010270595605 4.55234460175754 0.854177011736754 0.419029368936666 2.23891773647199 1.40091792222092 1.86711058263522 2.57890932182913 1.40339859979301 1.2152990753987 1.66283482023069 1.28360592257453 3.75658835450212 0.425638019000661 0.358586566887134 1.64244977163166 0.0253981256533669 0.0275110956750438 0.122666273787694 0.974059498469355 4.05494548648897 0.728784741744651 0 0 0 0 0 0 0 0 0 0 0 0 0 0 0 0 0 0 0 0
4.71956888983661 2.09202101154905 4.61745094149386 1.4605222245784 0.623197800641062 0.611891493604965 6.38497495943079 1.62869816000815 3.03386954249618 0.0447165918611525 0.554794023431641 5.05821548686829 0.287245996592056 0.893692790659296 1.25584608587357 1.48952908089058 7.71232959704833 0.879345558887604 6.44564893299271 0.172097094820867 2.62393554238328 0.394452901359099 1.10373380335747 1.49229970315692 0.380118852507112 1.51980653060735 0.386985091142946 1.18912813968681 8.16612656926243 2.59881884317067 0 0 0 0 0 0 0 0 0 0 0 0 0 0 0 0 0 0 0
4.37495224144113 8.01661415717583 2.01220835883459 0.703361810029906 2.09743094873782 0.530311332724713 1.83610501856782 0.171845917388841 2.15754033113806 4.16175138230596 2.16229089694862 0.525282223623083 1.22567305558887 2.84246327876264 2.28795036548449 3.57351193993023 7.75665268470644 1.01844459917744 1.56099655519914 0.836139324926403 1.79833256111273 1.83773250688834 2.80811687010386 0.468159702572589 0.78348844521717 4.27233425158748 2.30297948975346 0.682310623957431 1.5561152884274 1.08665252549496 0.868619461517369 0 0 0 0 0 0 0 0 0 0 0 0 0 0 0 0 0 0
0.978464515734651 3.78812639219425 3.5753627125843 0.051268921800969 1.17435796618775 1.38439952058439 1.44522009191975 1.62075944103519 4.42176056386359 0.718313080453236 0.415427062446452 2.91790335506328 1.09116409310674 6.48358652030195 7.69234554912033 1.07036047867444 1.83220977860934 4.33571261365317 1.99740961671651 0.180557733442163 1.30773865584584 1.80292684665754 1.55944339973466 1.30780942055964 0.378077546173982 0.237765607466323 1.91739380520999 0.343886660693156 0.675359105496427 0.00885372114526229 3.62159089663817 0.68989532377899 0 0 0 0 0 0 0 0 0 0 0 0 0 0 0 0 0
0.314149952609948 0.979041630532763 0.679692053984482 0.162884758820257 2.44313473873879 9.99469400224605 1.00609893180645 3.72660923408533 0.828839982698296 3.81719205090838 0.948602460166724 2.19375579737185 8.39730391096227 0.267751521559324 0.63201014554834 3.26622602259608 2.98016258774995 1.91724363695969 0.209652981453906 0.409824241939506 6.11799590687906 1.546418298284 1.85627058515729 2.25861220369092 0.437778919403769 0.879253932254454 0.561496713597421 2.38584325476912 3.4085401898734 0.994906876633647 0.774453961480993 3.12410216156215 0.598357746182087 0 0 0 0 0 0 0 0 0 0 0 0 0 0 0 0
0.0366815251315539 1.92586184696162 0.118913072724734 2.24106287621044 2.74807700370794 1.26642901452772 0.415069375978883 0.517092122650266 2.23174889328245 3.08898480925412 0.997192006149238 1.87431263022116 0.0912058378129297 0.470162859758214 2.77377905370097 0.116658403813308 2.68993877406807 0.924401499904466 0.784053915653011 4.1723947935584 0.488227366788361 0.760961942198553 4.07423208420156 4.67799228260621 4.7491468531667 3.35865229187316 1.45696940234025 1.270174698895 0.0447375155492718 0.734682967809835 0.943572454087442 3.08584708237252 0 0 0 0 0 0 0 0 0 0 0 0 0 0 0 0 0
2.78580745202879 5.42507597525866 0.908883992639933 1.26349951005228 1.09809634397939 2.12153257472798 4.26264780454715 2.18622115255089 2.11558627246601 2.98244766734819 0.474843428152513 4.15050389009848 0.694718200950324 1.2052694967622 2.13014150112188 1.95712906777725 0.415655539721952 3.77630610619375 1.29476983785167 0.126850625978944 4.1273417340624 2.21454522686432 4.60231969040095 1.50767988638373 0.580399615174584 1.091646393161 4.61330383932542 1.13532656506663 5.90304359450961 0.191699550895794 0 0 0 0 0 0 0 0 0 0 0 0 0 0 0 0 0 0 0
0.0300564606462384 5.07405868364249 0.574779365572851 3.9861599364384 0.0731590944242845 0.347299617059027 0.820002241020678 3.60802123357373 3.17063259071203 16.2638997465092 0.46029365153938 5.68276158724661 1.65574362400604 0.893114296855768 0.122042020154307 2.56554853847791 7.8559057322387 0.897155704753021 1.55143996391554 0.917456274208444 0.325172363352083 2.58534335731963 2.27088351930238 0.868193840335354 0.602261434785779 1.51795096130483 0.705864434243562 1.16265498710848 0 0 0 0 0 0 0 0 0 0 0 0 0 0 0 0 0 0 0 0 0
1.62519008888506 4.35034978343113 2.21179474667794 1.99793094361518 1.20085005180675 5.30332790218331 0.125806377244073 3.81839533354143 0.979135935816306 0.732229726399875 1.85134598089812 0.328280540297975 0.42573545048685 0.227791808974057 2.68013990791333 3.99520322936429 1.00005224994675 0.285592236634496 0.00903467534509373 1.57397352731009 1.53580844222675 0.106291014307001 3.36669269123363 3.19677573107951 0.4234989762217 0.0167792421470734 0 0 0 0 0 0 0 0 0 0 0 0 0 0 0 0 0 0 0 0 0 0 0
1.83240842240057 0.325480024805653 4.32823031579117 0.670126335261751 0.271307154115265 2.38348267560163 4.572441005349 3.82231522125294 2.74798960488259 0.817071986353994 2.97370404389743 2.13678006362477 3.9542106291944 1.21578422680155 6.33902674136725 8.33147957326405 1.08254262091768 7.98965284578257 0.437917253299947 3.72559952259364 0.397692590785199 1.24770765095477 5.04705600638125 0.553460408636568 0 0 0 0 0 0 0 0 0 0 0 0 0 0 0 0 0 0 0 0 0 0 0 0 0
3.88159506164911 0.581090328994227 0.666488452989984 2.24525375557315 3.62700988170772 5.28951704994575 0.0197057678923679 6.25993316872107 3.79371859102316 4.46653628997979 0.370564519825681 0.272269447386451 0.0171486318172548 2.79043368146322 0.990408943230884 0.684849919023431 0.151147369876756 0.205231844932351 0.588756499236477 2.04675670648668 0.376170920833259 3.34187409893256 0 0 0 0 0 0 0 0 0 0 0 0 0 0 0 0 0 0 0 0 0 0 0 0 0 0 0
0.198770148446583 0.471667614406584 1.22519318089127 4.06390195679581 0.939074134052907 0.697471102808854 2.54911472178311 2.36655110225224 1.07787002553341 2.71118249509259 0.528020452125735 3.71451690603085 0.2893168824791 2.86593608362528 2.28286704948249 6.40252313854271 0.685223540250817 5.50838019969341 0.66122703548273 0.957366223882958 0 0 0 0 0 0 0 0 0 0 0 0 0 0 0 0 0 0 0 0 0 0 0 0 0 0 0 0 0
1.32972303505469 4.22799487924851 6.05358197204933 0.523053098237175 5.83729525425508 0.23460211880242 0.884509216078233 2.0540350616439 0.392194584097638 1.74599780232369 0.042421538290075 4.29885746773474 1.61384088916224 1.1164754668362 0.881017600591869 1.30702489992137 1.77308814622892 0.0608629594771941 0 0 0 0 0 0 0 0 0 0 0 0 0 0 0 0 0 0 0 0 0 0 0 0 0 0 0 0 0 0 0
1.9388227618876 3.29301076810454 0.712405964813014 3.52339918536904 2.64909213019793 0.411423097980719 2.38737263005666 0.539439859044127 7.27274293309419 0.765336634632155 3.14796900897096 0.342077427699229 2.4377872090326 2.25387741805076 1.14302701176347 0.113647750562228 0 0 0 0 0 0 0 0 0 0 0 0 0 0 0 0 0 0 0 0 0 0 0 0 0 0 0 0 0 0 0 0 0
0.0961378819738474 2.56462804059079 2.8026259420197 1.12959625242691 4.81765398170549 0.73418887016523 0.186567405890318 1.9995864016449 7.26877844839743 1.00796045333449 3.02213011426952 2.30063517871622 2.985806240382 0.256962411880323 0 0 0 0 0 0 0 0 0 0 0 0 0 0 0 0 0 0 0 0 0 0 0 0 0 0 0 0 0 0 0 0 0 0 0
0.582953896454095 3.95588231552086 0.583230793329093 1.16109899778794 0.140181347544637 0.845651269300369 0.829031952177884 0.0803518701937256 1.0525936163935 5.33412293660126 0.529196269417044 0.411602521295085 0 0 0 0 0 0 0 0 0 0 0 0 0 0 0 0 0 0 0 0 0 0 0 0 0 0 0 0 0 0 0 0 0 0 0 0 0
0.616017422566018 0.0716502059185754 0.352743480592554 7.63296068197515 0.735895173249254 7.58983130360568 0.152707903714221 0.138308888281374 4.80546068403598 0.0906591751593644 0 0 0 0 0 0 0 0 0 0 0 0 0 0 0 0 0 0 0 0 0 0 0 0 0 0 0 0 0 0 0 0 0 0 0 0 0 0 0
1.61587663127729 2.85697347211549 0.817198272152631 1.24531522060479 0.0865048118976723 0.72248895439721 5.21770389906468 0.637511941967846 0 0 0 0 0 0 0 0 0 0 0 0 0 0 0 0 0 0 0 0 0 0 0 0 0 0 0 0 0 0 0 0 0 0 0 0 0 0 0 0 0
2.78152511590805 0.450417332907427 0.91341979261607 2.36823294086743 4.42386356607169 2.62245894522939 0 0 0 0 0 0 0 0 0 0 0 0 0 0 0 0 0 0 0 0 0 0 0 0 0 0 0 0 0 0 0 0 0 0 0 0 0 0 0 0 0 0 0
1.96958160135448 1.81779190594348 2.36026151166921 1.73009280489635 0 0 0 0 0 0 0 0 0 0 0 0 0 0 0 0 0 0 0 0 0 0 0 0 0 0 0 0 0 0 0 0 0 0 0 0 0 0 0 0 0 0 0 0 0
0.120987218095439 4.46537295942611 0 0 0 0 0 0 0 0 0 0 0 0 0 0 0 0 0 0 0 0 0 0 0 0 0 0 0 0 0 0 0 0 0 0 0 0 0 0 0 0 0 0 0 0 0 0 0
