0.4043481139947 0 0 0 0 0 0 0 0 0 0 0 0 0 0 0 0 0 0 0 0 0 0 0 0 0 0 0 0 0 0 0 0 0 0 0 0 0 0 0 0 0 0 0 0 0 0 0 0
0.809253137002193 1.06463091647793 0 0 0 0 0 0 0 0 0 0 0 0 0 0 0 0 0 0 0 0 0 0 0 0 0 0 0 0 0 0 0 0 0 0 0 0 0 0 0 0 0 0 0 0 0 0 0
0.822234240376539 6.65535094763742 0.557394017169854 0 0 0 0 0 0 0 0 0 0 0 0 0 0 0 0 0 0 0 0 0 0 0 0 0 0 0 0 0 0 0 0 0 0 0 0 0 0 0 0 0 0 0 0 0 0
0.0979579405337334 0.737883696015191 6.78766971169668 1.41309199464376 0 0 0 0 0 0 0 0 0 0 0 0 0 0 0 0 0 0 0 0 0 0 0 0 0 0 0 0 0 0 0 0 0 0 0 0 0 0 0 0 0 0 0 0 0
2.1041337393012 0.811890280731488 0.480125763598833 0.0117659770547871 0.0323553405068774 0 0 0 0 0 0 0 0 0 0 0 0 0 0 0 0 0 0 0 0 0 0 0 0 0 0 0 0 0 0 0 0 0 0 0 0 0 0 0 0 0 0 0 0
1.49547004913366 2.84393902942952 0.172422461386781 1.54811299351782 0.551086308241138 2.22119068461408 0 0 0 0 0 0 0 0 0 0 0 0 0 0 0 0 0 0 0 0 0 0 0 0 0 0 0 0 0 0 0 0 0 0 0 0 0 0 0 0 0 0 0
1.71934212523333 0.00915998281861585 0.936191153661782 3.87280328069746 2.5185944541259 3.9902397259393 0.0621416994738653 0 0 0 0 0 0 0 0 0 0 0 0 0 0 0 0 0 0 0 0 0 0 0 0 0 0 0 0 0 0 0 0 0 0 0 0 0 0 0 0 0 0
3.5827949778949 2.60835958391257 0.291303292735242 0.205969299324752 0.254566146353885 0.65841717130664 1.1030772218033 2.1567388550637 0 0 0 0 0 0 0 0 0 0 0 0 0 0 0 0 0 0 0 0 0 0 0 0 0 0 0 0 0 0 0 0 0 0 0 0 0 0 0 0 0
0.328341689604161 2.40289170297432 3.26770172806553 1.36093924663005 1.90209644425347 1.3539159666963 1.00381661308314 4.17921540355853 4.00385486100503 0 0 0 0 0 0 0 0 0 0 0 0 0 0 0 0 0 0 0 0 0 0 0 0 0 0 0 0 0 0 0 0 0 0 0 0 0 0 0 0
0.485917034917075 1.765791739808 0.0421629380378368 0.0888422977610041 2.64070835502116 3.34563536242041 1.77771106505968 0.785626377128781 0.746706789801937 3.94506332734391 0 0 0 0 0 0 0 0 0 0 0 0 0 0 0 0 0 0 0 0 0 0 0 0 0 0 0 0 0 0 0 0 0 0 0 0 0 0 0
1.90159456503546 0.91599792798661 0.15094986984547 0.0323146361239902 2.14740674793761 1.02007934978974 1.2881119644052 2.55254848750949 3.09141477216743 1.3920987079846 6.37750496395355 0 0 0 0 0 0 0 0 0 0 0 0 0 0 0 0 0 0 0 0 0 0 0 0 0 0 0 0 0 0 0 0 0 0 0 0 0 0
0.345466972873227 2.54496297935991 1.15583268265289 0.91886744527523 0.214022885509435 0.903692731870061 4.11301131899652 2.5116724747123 0.697627632273818 1.92005630321877 0.77493440564951 1.47227332311598 0 0 0 0 0 0 0 0 0 0 0 0 0 0 0 0 0 0 0 0 0 0 0 0 0 0 0 0 0 0 0 0 0 0 0 0 0
0.626977991803523 2.0023275036248 0.304692283076525 1.08548763854539 1.61646261183962 0.5694665959027 0.438033439198358 1.31111358151883 0.385302701490666 0.902627801073098 0.138752907331743 1.69319894519101 0.349075437588237 0 0 0 0 0 0 0 0 0 0 0 0 0 0 0 0 0 0 0 0 0 0 0 0 0 0 0 0 0 0 0 0 0 0 0 0
0.741950747652907 1.29758779790143 4.94055798970721 0.742161547778983 2.78062194658941 3.92565362037355 1.99033974599781 0.833273534187735 3.10264843487269 1.57497362729749 1.24955266617037 0.721895760262734 4.10640687940518 4.49349426807732 0 0 0 0 0 0 0 0 0 0 0 0 0 0 0 0 0 0 0 0 0 0 0 0 0 0 0 0 0 0 0 0 0 0 0
9.84398416401332 1.30593022677441 2.35726172538569 1.20315870645545 1.3150546120165 1.62344714864178 1.40616420217377 2.33041382062117 0.979999186617496 0.0739233941333106 4.37285093376073 1.95004709532155 2.35389699911213 3.35137914487583 0.223667679680094 0 0 0 0 0 0 0 0 0 0 0 0 0 0 0 0 0 0 0 0 0 0 0 0 0 0 0 0 0 0 0 0 0 0
2.23869928500394 5.59600377769101 7.01559409975954 0.919313522314544 0.3225999978432 1.95105597014816 3.89679193339 0.589647892963278 0.568983281863598 6.01822445896367 0.550479971831502 3.48903367802317 0.32267079283266 2.07973005463407 1.12003140875226 1.28372884234262 0 0 0 0 0 0 0 0 0 0 0 0 0 0 0 0 0 0 0 0 0 0 0 0 0 0 0 0 0 0 0 0 0
4.83296455037128 2.27235026235856 0.500235254819421 3.94896796270984 3.52318852915733 4.28811599365857 0.776445430659216 6.6123044146375 0.0331502973292055 1.28505721204189 0.6943079158218 1.98122858738503 6.23255916737085 4.53124627408027 0.303700332022142 4.5126261248555 0.87742895619303 0 0 0 0 0 0 0 0 0 0 0 0 0 0 0 0 0 0 0 0 0 0 0 0 0 0 0 0 0 0 0 0
0.274468969100369 0.483091456427347 4.78803973533667 0.398288738582037 4.47736505283861 10.8138074507232 2.0800199775635 1.5676958754926 2.65833174144248 0.0250775078903451 2.63277482629709 0.0361428876542055 2.98615218110015 0.407315338641311 4.03486791194796 1.51309245123266 0.349661838853826 4.44299751560328 0 0 0 0 0 0 0 0 0 0 0 0 0 0 0 0 0 0 0 0 0 0 0 0 0 0 0 0 0 0 0
2.87084292813762 0.0129347921269463 3.7960250662822 0.161755372093007 2.12515820941852 0.827947275586613 0.65795097451252 3.04837652260574 1.36892527680233 1.76223531996164 0.509311076424616 5.42534767772254 0.973069802803191 1.17044432511235 0.88607758689461 0.687877579060119 4.44873268213544 0.075751390791637 0.902595483136505 0 0 0 0 0 0 0 0 0 0 0 0 0 0 0 0 0 0 0 0 0 0 0 0 0 0 0 0 0 0
0.391546735615823 4.72786366963244 0.50012262841096 8.38808582111479 0.603147165122715 7.68422511558249 7.59263527711493 0.307782940468569 1.24980764350005 2.36731394080509 2.3496106128003 0.0464308702073245 1.55636655508715 2.05303883926199 5.17760716978661 5.04408673548064 1.66650633993223 0.00266135309610355 5.96564773716596 0.36454380258954 0 0 0 0 0 0 0 0 0 0 0 0 0 0 0 0 0 0 0 0 0 0 0 0 0 0 0 0 0
1.92139026059785 2.29789324932372 3.88306681900336 5.24890489962001 2.51857894846517 3.57210531123439 0.553610157062731 0.703666399363315 5.49588303130819 4.10002062881543 3.51820440886615 1.19704546590918 0.0339092871281828 2.73250407248941 0.319442721759055 2.29990333099721 0.480738109999301 0.473542750677209 1.09675343186247 1.73679972189194 0.379263247677727 0 0 0 0 0 0 0 0 0 0 0 0 0 0 0 0 0 0 0 0 0 0 0 0 0 0 0 0
0.0894927478279686 4.00883268644177 1.60736257266538 2.13094764076609 1.60080325852606 3.96859447451046 2.40144480330433 0.745725432331667 0.466595012838055 2.13352520804534 1.62762273824269 0.695432023466969 2.60168493116449 3.94603537506575 0.403586632497301 0.0379694770672169 1.27909770973622 0.143315440515543 0.982421606115351 2.8501416904245 0.57030029510102 0.753059690773812 0 0 0 0 0 0 0 0 0 0 0 0 0 0 0 0 0 0 0 0 0 0 0 0 0 0 0
1.16570502541333 5.16918798780105 7.91359143710472 5.05728083600813 0.880589287470458 4.9138997449689 1.34234407415762 7.12734913356829 4.18587324211973 2.02096600831852 1.43183955407576 0.578843606964166 3.52130170629639 1.6818530857088 0.499145561334402 0.903333940328287 0.434025367264821 7.46895876349561 0.680231274406093 5.28821707253533 1.86432357586183 0.0736668809597417 1.41807438538198 0 0 0 0 0 0 0 0 0 0 0 0 0 0 0 0 0 0 0 0 0 0 0 0 0 0
3.12877955378802 3.84844561848685 3.59186903490364 3.69093402304319 1.67450425070289 6.15294977926322 0.0484461576919541 1.29261944177346 0.397724561621642 5.28747064901476 1.22860355133237 0.865785929921481 0.772502764236523 0.400098577793525 5.47030958156361 4.91570349847074 4.71440033108741 4.67801122199742 1.36493537135662 4.6314596610227 0.914664780009962 1.9557880661995 4.50927130488867 10.3869689908652 0 0 0 0 0 0 0 0 0 0 0 0 0 0 0 0 0 0 0 0 0 0 0 0 0
2.83561771657468 1.55494398667141 6.09647717353041 2.8758648262309 0.733959799260422 2.09881912176012 1.7897682457858 1.52118651306568 0.762657356227113 0.397301439848706 2.4376645006746 2.75965031891125 0.560870030871882 0.796152462476631 0.284082287210964 9.99637171355401 0.593988487180981 1.71879765642867 2.52857685335716 1.4772023071408 3.55256960380874 3.25791160487204 10.3499438990337 0.567237626771041 3.44671158228339 0 0 0 0 0 0 0 0 0 0 0 0 0 0 0 0 0 0 0 0 0 0 0 0
1.14206384489021 4.90125436617613 0.898666404079101 1.32666332704069 1.08730309413986 0.750576015563192 0.810945602075734 3.41712926938124 0.41351022339568 0.30740047049326 0.154079334189624 0.197998874195971 7.2713833122914 2.50579291277034 7.18296812805682 1.52254454129869 1.92159392091217 5.46318187441595 0.178849127815306 0.924050885191538 1.04372899971687 0.948483239744087 3.52305925464219 1.41018805171725 2.24549263351531 2.32853480370029 0 0 0 0 0 0 0 0 0 0 0 0 0 0 0 0 0 0 0 0 0 0 0
1.47903141405079 5.30577073523883 2.06553715683749 0.94478528788002 4.67743543818228 1.98900419599962 1.42912043062256 5.22479451711037 1.18040626596539 1.465639068473 0.85414827516767 0.618735109163577 1.51823092464966 4.17149893968373 1.01153441355117 0.477937809723095 3.71599008118081 5.90832969585661 0.4234532583838 0.794704702782413 1.07568505169977 0.817912287150092 4.04952685393009 2.44652121578576 6.63970849557706 0.62318212389775 2.11037890599419 0 0 0 0 0 0 0 0 0 0 0 0 0 0 0 0 0 0 0 0 0 0
1.54595406665232 0.0600682390520965 0.55327595164959 0.484660707547314 0.300920431311482 0.52336464071167 0.539634350817058 11.1874581975038 0.518692469607509 0.531028243143679 1.22049809383146 0.650258490860805 1.09353103752416 5.25297410515239 4.17477776606555 3.4144556117859 11.633524610612 0.487465488828313 0.981959908494003 2.3269941956525 1.9122644236111 0.990294610031439 0.194614166163363 10.0451301490857 7.5516682558208 0.227503091375572 1.05598457959207 0.935923526925526 0 0 0 0 0 0 0 0 0 0 0 0 0 0 0 0 0 0 0 0 0
2.75715329813158 2.06427284162149 0.482537853531528 1.78962441698166 0.625274850637431 1.84820644108172 12.3449261564458 1.25148673054159 0.302693272976524 8.70854699202302 2.58803580031825 0.385210854648813 2.35204014036178 0.518364023111134 1.12508296210979 0.564109169293252 1.43163883854496 4.77896563465468 2.70776884835931 6.00724087281089 3.62202397036361 2.07057569875143 3.48307749255967 1.17253135749985 1.50739268540734 2.39352713023956 1.53390979549452 2.71856269044819 3.81839296410519 0 0 0 0 0 0 0 0 0 0 0 0 0 0 0 0 0 0 0 0
1.18836447901834 5.59215516169748 0.960711029888233 2.93595093354897 0.770163583131551 7.46566440091678 2.49148631241352 0.405846413761402 1.14774725342006 1.20132850389764 3.60499356026376 2.12035650102628 3.42706721709319 1.52926215253935 0.0515037328048439 0.556025167540925 0.211758992093252 10.530188847595 1.968436339953 1.54339875201104 1.67494298537065 2.61639400444464 2.88906380910113 1.86899062122698 6.67424106464354 0.207466723715949 4.41941303178157 2.64604076581432 1.04099874314539 0.213060196481068 0 0 0 0 0 0 0 0 0 0 0 0 0 0 0 0 0 0 0
0.424233904664368 0.713953879796775 0.134555934763623 0.415323502736057 1.41365692372797 0.850235052552607 0.541459180907139 0.597717058395665 0.629846115187144 2.75838186873913 2.84847590014486 0.523795889330394 1.92870011420388 6.69164808871731 1.54305173441579 6.12184497322355 3.701380969585 0.11159401719898 1.10053706982429 0.139496370409624 1.9900795882135 1.71170822760581 2.90828744912636 6.88062190321061 3.24826509328875 1.64837277871273 2.81666363822267 1.42974321923215 0.0622692321530634 0.838230887777369 0.008543042789336 0 0 0 0 0 0 0 0 0 0 0 0 0 0 0 0 0 0
0.45972607650085 1.36587653684476 2.58622327436045 2.57039790001149 0.767586780453959 0.0783534851981176 4.45912945227401 2.64522312834156 3.15924693972555 0.213848670085086 1.57509158750474 1.52594522091639 1.26228935879733 0.0347947391136986 5.3481446040057 4.4171668661996 2.2496045182334 0.615428480914597 1.57453846412749 5.60702910265714 0.588678209477166 0.98298227857756 0.0800927462120729 1.19512344059114 10.4817477394947 2.89394216253223 0.132358037089286 0.442533459066973 2.13787618545276 0.37084393172566 1.19241252701048 1.50191453027929 0 0 0 0 0 0 0 0 0 0 0 0 0 0 0 0 0
8.06921447694001 3.23101316182912 3.92363406808949 8.08441074519279 0.324591825295081 1.92294112365868 1.39769639417095 1.8313852039905 0.792494004341527 2.09267421523255 1.64343685702117 1.35561640003875 0.454506200498896 2.75294618034709 2.61727369301555 1.42231479288723 0.563677488139696 4.49051564217126 0.191030994693923 6.6756466226067 7.47845976333526 3.12316744223516 10.3195527870233 2.91868058391061 1.57951287136616 0.150798838181405 0.823379403569903 1.45272840218152 1.81220226027461 2.94327902136308 0.218332339494379 0.455325168226233 2.36528817242795 0 0 0 0 0 0 0 0 0 0 0 0 0 0 0 0
2.78098957461547 0.540243376310258 3.97166573423474 1.77643948577538 2.02103322567242 0.691228185084309 0.526667967978354 4.86020516464667 1.13047186969694 1.13148818429242 0.0142484460373038 0.2601260658061 3.13695943294819 1.19275333881645 0.116090019657496 2.83595028784007 0.0896719059739299 5.87701267851098 4.86189347324795 1.0541112738842 0.424067030842192 1.03407241136696 1.33641106030544 1.02581115455381 3.24178494281289 3.04540621144331 3.4681193094076 0.888492827016247 0.060222886845494 3.10190621442891 3.851280520804 1.5191131273783 0 0 0 0 0 0 0 0 0 0 0 0 0 0 0 0 0
1.4918858711984 0.982681098735202 0.490305651033201 0.0246425301018846 0.2713857099955 3.75620828388014 0.171164809889215 2.43366974574886 0.0530839693957375 1.09860149466325 5.47564456605886 0.403785065122695 1.60944012933656 0.662946530069064 7.23078436206738 1.48897644641571 3.76602432881399 3.63119567572685 2.08594059173908 0.768963539491944 0.286686645863441 2.44943073006905 1.49209429205908 1.50913526192483 3.18628182606345 5.45160868414458 1.65918106334377 1.3437548735717 4.77017084807146 0.189758415986079 0 0 0 0 0 0 0 0 0 0 0 0 0 0 0 0 0 0 0
1.06366459313233 4.32972311910499 0.922634140797649 4.00759516912569 0.440471996791357 3.79937810512864 1.5207739443621 5.28346556469636 7.44301975678094 0.4389299530505 2.42840630400862 1.16478010472001 0.467270326988362 1.66912420136244 0.893202671438594 4.23425397651875 1.57246218834565 0.867094586510146 1.67187536750473 3.72022795169129 7.63572353133573 3.68302237410761 10.6664147765941 2.49842697204187 0.772511607902654 0.0417860132168574 7.01500082564656 11.4125089916346 0 0 0 0 0 0 0 0 0 0 0 0 0 0 0 0 0 0 0 0 0
2.88677527697473 0.734509354484985 8.02787736857793 6.32259499423926 0.520216563201148 4.52566331374157 2.19298526549989 3.08755217323993 2.15518360337997 0.414875969883292 1.48393527984074 1.4426578546444 2.1552119370705 0.928190830085236 1.49280146514702 0.839628779604724 1.15398429043607 4.94167794648637 1.49862272837064 5.60804508834359 0.0445536345970792 4.6863633305381 1.54285666891082 0.955989511371414 0.204601735314774 0.667799666021757 0 0 0 0 0 0 0 0 0 0 0 0 0 0 0 0 0 0 0 0 0 0 0
3.84666209877612 2.67548973160637 0.265944209159115 0.880326406702931 1.26771259101587 1.80779266095625 0.441334234872329 2.47708975556177 3.09041916799952 10.4788942995709 2.06276216837794 2.58420190865398 1.25477615701822 0.356834827008286 5.81299667476471 1.43435850115046 1.21582013517301 0.974734189667633 2.60434900634512 0.568081331754973 1.50794463991987 3.8853792779404 1.13196095365998 0.0832031381345276 0 0 0 0 0 0 0 0 0 0 0 0 0 0 0 0 0 0 0 0 0 0 0 0 0
2.45547247892348 5.96352157685015 7.25413251915807 4.99283569015711 0.798825980301507 4.87766666256601 3.82562346200818 2.71652076451448 15.4026320151813 1.90498784333882 0.278162062786304 1.41656991804067 1.88344575732993 0.372732832184215 4.26739025919527 0.651797783843014 1.12647730623446 0.864259980741384 4.87384243703608 4.29826609808538 1.56900649382764 1.2822924679204 0 0 0 0 0 0 0 0 0 0 0 0 0 0 0 0 0 0 0 0 0 0 0 0 0 0 0
3.15854223709196 2.73169588673601 0.496678407718523 3.88077218097896 0.201395957887494 0.199912432675523 4.59919615027523 5.28716337257766 0.280485793120566 0.948973748698466 3.79543670733164 7.79556315281712 0.430673998456178 0.676328873889599 1.80224900862435 3.1906297115916 3.33574648562334 10.0996229419456 2.10575419751218 1.75232833308915 0 0 0 0 0 0 0 0 0 0 0 0 0 0 0 0 0 0 0 0 0 0 0 0 0 0 0 0 0
0.0282667357376912 0.673237395046096 5.3321052773511 2.2569174163772 4.59115660766586 1.48210237750894 4.60138156073743 0.170497774569889 1.10261580222933 0.178739109468444 3.72986446397617 0.411229172917533 1.05940561258176 1.26285153272314 2.74838511744318 0.131710961193376 0.890251761072393 0.751468076631062 0 0 0 0 0 0 0 0 0 0 0 0 0 0 0 0 0 0 0 0 0 0 0 0 0 0 0 0 0 0 0
0.404942392579056 0.982448369972362 0.749414798185808 2.38810943761256 1.47622079021032 7.69825541231309 0.175708360205748 1.69475328678439 1.15773511354901 2.06547409216065 0.378179935297149 0.418877633922389 4.14735194946217 2.8846455600242 1.76613204980396 0.400979221328236 0 0 0 0 0 0 0 0 0 0 0 0 0 0 0 0 0 0 0 0 0 0 0 0 0 0 0 0 0 0 0 0 0
0.954840507840753 3.7988305410316 4.16837986557665 1.86466655834072 1.66919210760154 0.977252960449858 1.16087731265993 2.49152772507767 7.80708052987384 0.38046569321516 4.32229824603922 0.15614930364978 0.320760350233159 0.761639768170117 0 0 0 0 0 0 0 0 0 0 0 0 0 0 0 0 0 0 0 0 0 0 0 0 0 0 0 0 0 0 0 0 0 0 0
4.10476754724913 5.09104918305637 4.04175857934934 6.20820862299244 4.22044579986487 1.57869605690357 1.10952909422716 4.50377767513765 7.87267615370671 0.142930428642494 0.628140884596995 1.14495617665418 0 0 0 0 0 0 0 0 0 0 0 0 0 0 0 0 0 0 0 0 0 0 0 0 0 0 0 0 0 0 0 0 0 0 0 0 0
0.0319805563930224 4.15054345707338 2.62006555623174 0.0431356435695034 3.11667583443599 0.133296786932348 6.37345615736796 6.23965879345155 4.31731761713018 2.20052662641685 0 0 0 0 0 0 0 0 0 0 0 0 0 0 0 0 0 0 0 0 0 0 0 0 0 0 0 0 0 0 0 0 0 0 0 0 0 0 0
4.91109466309324 0.0916769215541112 0.088695590625138 0.249609251188584 0.902630339626868 2.47022588092796 0.789108435061339 0.18471295562318 0 0 0 0 0 0 0 0 0 0 0 0 0 0 0 0 0 0 0 0 0 0 0 0 0 0 0 0 0 0 0 0 0 0 0 0 0 0 0 0 0
1.99714105163913 0.736257726804885 2.63065534908196 1.20754920203957 5.38820952244959 0.117205549421942 0 0 0 0 0 0 0 0 0 0 0 0 0 0 0 0 0 0 0 0 0 0 0 0 0 0 0 0 0 0 0 0 0 0 0 0 0 0 0 0 0 0 0
4.90370394283907 0.0738054240979893 0.192149447300691 2.67548505316432 0 0 0 0 0 0 0 0 0 0 0 0 0 0 0 0 0 0 0 0 0 0 0 0 0 0 0 0 0 0 0 0 0 0 0 0 0 0 0 0 0 0 0 0 0
1.83326710829867 0.890764567516176 0 0 0 0 0 0 0 0 0 0 0 0 0 0 0 0 0 0 0 0 0 0 0 0 0 0 0 0 0 0 0 0 0 0 0 0 0 0 0 0 0 0 0 0 0 0 0
