14.7426698086232 0 0 0 0 0 0 0 0 0 0 0 0 0 0 0 0 0 0 0 0 0 0 0 0 0 0 0 0 0 0 0 0 0 0 0 0 0 0 0 0 0 0 0 0 0 0 0 0
8.16785902433228 0.759857526182993 0 0 0 0 0 0 0 0 0 0 0 0 0 0 0 0 0 0 0 0 0 0 0 0 0 0 0 0 0 0 0 0 0 0 0 0 0 0 0 0 0 0 0 0 0 0 0
0.287567900385738 0.797707590762031 1.40754069103958 0 0 0 0 0 0 0 0 0 0 0 0 0 0 0 0 0 0 0 0 0 0 0 0 0 0 0 0 0 0 0 0 0 0 0 0 0 0 0 0 0 0 0 0 0 0
0.166472787936248 0.157823940307677 1.58208916743349 5.35302594588315 0 0 0 0 0 0 0 0 0 0 0 0 0 0 0 0 0 0 0 0 0 0 0 0 0 0 0 0 0 0 0 0 0 0 0 0 0 0 0 0 0 0 0 0 0
6.42773881718689 0.843748669004417 1.9945396338309 0.26622492877968 0.00598890821958942 0 0 0 0 0 0 0 0 0 0 0 0 0 0 0 0 0 0 0 0 0 0 0 0 0 0 0 0 0 0 0 0 0 0 0 0 0 0 0 0 0 0 0 0
0.0972180908317025 2.47952782363891 5.30470236253363 2.34176391230707 3.13684533032171 1.05510939869548 0 0 0 0 0 0 0 0 0 0 0 0 0 0 0 0 0 0 0 0 0 0 0 0 0 0 0 0 0 0 0 0 0 0 0 0 0 0 0 0 0 0 0
2.16476955105044 1.59244665069215 1.75455058700674 5.09112822501074 2.51667613104404 1.9393516318109 1.20264864288526 0 0 0 0 0 0 0 0 0 0 0 0 0 0 0 0 0 0 0 0 0 0 0 0 0 0 0 0 0 0 0 0 0 0 0 0 0 0 0 0 0 0
1.50919703347495 1.67828107190755 4.14300542498123 1.63890753667951 0.171837936019592 8.85382817523641 4.66029495420675 5.72871319618137 0 0 0 0 0 0 0 0 0 0 0 0 0 0 0 0 0 0 0 0 0 0 0 0 0 0 0 0 0 0 0 0 0 0 0 0 0 0 0 0 0
0.26398903547454 0.436054529032032 5.62309987965282 0.021888393204128 1.51246112857149 0.885501784570037 0.178070899478185 4.46708760901001 0.683013192759072 0 0 0 0 0 0 0 0 0 0 0 0 0 0 0 0 0 0 0 0 0 0 0 0 0 0 0 0 0 0 0 0 0 0 0 0 0 0 0 0
2.23248742723844 2.28209927975448 0.529763031631651 1.04544366617213 1.34676814129762 6.98872193533137 1.51674635120881 3.64393124514725 4.48311563503004 0.133303738849004 0 0 0 0 0 0 0 0 0 0 0 0 0 0 0 0 0 0 0 0 0 0 0 0 0 0 0 0 0 0 0 0 0 0 0 0 0 0 0
1.27373612781759 0.365787989362672 0.853358112197704 1.97392197875393 3.4405628333326 5.90430364937932 1.85232034985392 6.65788729196169 0.744325905468169 3.4595900649659 1.39852659714677 0 0 0 0 0 0 0 0 0 0 0 0 0 0 0 0 0 0 0 0 0 0 0 0 0 0 0 0 0 0 0 0 0 0 0 0 0 0
0.221185168354204 0.446740502216818 3.62756542811192 2.12774682838754 0.509498101140715 3.28766645923381 0.330036142102372 0.745096287370815 4.96697415651241 0.115550622955846 0.389505519617595 1.66970349127087 0 0 0 0 0 0 0 0 0 0 0 0 0 0 0 0 0 0 0 0 0 0 0 0 0 0 0 0 0 0 0 0 0 0 0 0 0
1.64711331730893 0.612013316573021 0.696916009364777 0.312217222419331 1.83850314091876 0.251206235539277 0.298362926177776 3.85212440279326 0.143794568004259 0.761324360412198 1.1604260354665 6.59632157312302 0.940004704398701 0 0 0 0 0 0 0 0 0 0 0 0 0 0 0 0 0 0 0 0 0 0 0 0 0 0 0 0 0 0 0 0 0 0 0 0
1.91486474137639 2.36251117252773 3.4021051701764 3.0315366435929 3.87363641458103 2.81955720523721 2.43713863282296 0.609587012136853 5.36402135366303 2.72957161835118 0.805216917268418 0.309864420927725 4.06765438996628 0.106090770087694 0 0 0 0 0 0 0 0 0 0 0 0 0 0 0 0 0 0 0 0 0 0 0 0 0 0 0 0 0 0 0 0 0 0 0
2.12388364387672 2.09455767397452 2.76659519688316 3.08290208496046 0.531593201210673 3.05132436559171 0.525341740168076 2.48665922355526 0.442257817095388 1.88035320173246 0.38947569420913 0.947906886403056 2.30769134267329 1.15237844044953 3.55526353825967 0 0 0 0 0 0 0 0 0 0 0 0 0 0 0 0 0 0 0 0 0 0 0 0 0 0 0 0 0 0 0 0 0 0
3.27859113134214 4.46667926480384 2.29889065902271 0.433361194476275 0.62870935300826 0.628918573434706 1.73778967023233 0.172078681111143 5.23188606109276 0.482300497779709 1.15295318588244 0.199319908275247 6.05613694793604 1.06985133154546 2.62209987665124 0.524375283489763 0 0 0 0 0 0 0 0 0 0 0 0 0 0 0 0 0 0 0 0 0 0 0 0 0 0 0 0 0 0 0 0 0
0.77595591410109 3.46802747272331 5.52622530164801 3.26657016870277 1.53267481299801 0.632359896111686 1.25980848081461 2.37221571900502 1.42563222330358 2.71378477252875 3.22605026387764 2.01932491550335 0.446545723061451 1.56641655685433 1.84329100637022 7.01999256247321 9.79756477939549 0 0 0 0 0 0 0 0 0 0 0 0 0 0 0 0 0 0 0 0 0 0 0 0 0 0 0 0 0 0 0 0
12.9841656237005 0.0291069184637906 0.242807972512047 2.63088729462528 2.70998607737369 2.90789918085964 1.89973283460652 1.67016885838756 2.40183075234065 2.09801033765843 0.0618803492231916 0.177452660526945 7.97529550461625 0.226630588881355 9.12037105361877 1.77309046104356 1.00482489123638 1.25924529991202 0 0 0 0 0 0 0 0 0 0 0 0 0 0 0 0 0 0 0 0 0 0 0 0 0 0 0 0 0 0 0
0.432587039625316 3.44532336982644 3.0929154320635 6.11048206957289 3.21226324850282 0.212321436653084 4.19845799363753 1.59996243770101 4.40463049389405 2.89757251897866 1.88801808874881 1.3414390623351 0.102205069057147 0.836078756618754 3.75228279432682 0.0157714126542955 0.0299331651840896 4.26405318004036 1.08492370018306 0 0 0 0 0 0 0 0 0 0 0 0 0 0 0 0 0 0 0 0 0 0 0 0 0 0 0 0 0 0
1.62355444599381 0.192579883271485 3.48208651646281 2.96304691823229 1.55883664130805 3.55525903471007 1.2431543019983 1.49789771294911 6.76386069695357 2.69305776703111 6.73499359261947 1.01703788403468 4.06215369765789 0.221072958593463 1.83474984491175 1.08384468696078 4.36323608128239 0.19216081082367 3.26152318000826 2.81994833593352 0 0 0 0 0 0 0 0 0 0 0 0 0 0 0 0 0 0 0 0 0 0 0 0 0 0 0 0 0
1.86121731692342 1.95376126049981 1.33316935512253 1.99604712110341 0.040545777660058 0.116180440297575 4.60972908759187 0.250869299771467 0.0166602611493912 1.98489628653 0.341714446511255 3.20728712202766 2.94618584071394 2.29180443188227 2.37155109488061 0.0957420183323279 1.87479113577051 1.52112299008501 6.15707792231437 2.42625210145848 4.7988723604021 0 0 0 0 0 0 0 0 0 0 0 0 0 0 0 0 0 0 0 0 0 0 0 0 0 0 0 0
0.780553102669473 1.82732068392165 5.64672597756833 1.24609367878016 3.06032668616465 1.70876050448943 1.19021962595894 1.64722852627264 1.52549068175167 0.668944911038379 4.17191212206867 0.866900002603644 0.307342409727355 0.430427303363543 1.45930253971867 0.00446149621471517 3.65632627767417 1.53927746957884 0.319733763160801 4.37126431679897 0.874774779974729 4.24638401828814 0 0 0 0 0 0 0 0 0 0 0 0 0 0 0 0 0 0 0 0 0 0 0 0 0 0 0
1.47818008687644 3.46813591425255 1.55318758907925 0.277852199629965 1.09376367134515 3.90183013792589 0.00922391100804686 3.59941397420541 1.36878404541634 0.726644065835795 2.40919130026009 3.980548905213 2.675067371041 2.05841184772681 3.09580682982668 1.87472074293569 7.42409884336768 6.02861453708418 0.133543041342546 1.1141284063826 2.2726493068988 0.527909254740213 1.24683337489653 0 0 0 0 0 0 0 0 0 0 0 0 0 0 0 0 0 0 0 0 0 0 0 0 0 0
13.0286759195004 4.60941988493331 7.03391904615004 3.11601784078076 1.6083932206418 0.69348871842523 0.544804787792069 1.85630794577088 2.3401629931302 3.50397926645153 4.75827458027649 2.67235239923173 3.50555693331166 2.93691012781137 2.27042203348903 2.04179454563156 0.188989727040096 4.55446303537698 0.00607578616457784 1.36748100646337 7.15889672134202 6.69493450224337 1.27033420949734 0.25777799329363 0 0 0 0 0 0 0 0 0 0 0 0 0 0 0 0 0 0 0 0 0 0 0 0 0
6.63410882540661 9.30855274626578 2.00943072065137 2.26854428394908 0.425557263044905 5.15266877994344 0.714980105502174 1.83922680570794 1.58873711627792 1.94229140063259 2.59188273949667 4.40580428700588 0.717022557383948 2.65163429892309 0.363174481927113 0.191561317111376 6.467023366209 0.710209872123816 2.68438213831005 2.28870700164045 0.0783686085690307 1.77958127421122 4.66537700303657 3.06580194078603 6.66582768703188 0 0 0 0 0 0 0 0 0 0 0 0 0 0 0 0 0 0 0 0 0 0 0 0
5.52855259071646 0.531851934291546 2.33223666320329 3.3921568868691 1.38091679185313 0.753137480328357 1.03381509706719 1.21313172591831 0.833021692411973 1.86292373331307 1.90673769454589 0.246593505568339 7.39729938899767 2.90116135313043 2.74592753781258 0.496316871113198 0.417254139168481 1.81045481620997 0.355036777815721 3.44697756992133 0.811311758975918 4.53580371772128 0.242053976094295 1.8303309005456 4.03708827817218 1.83820793779058 0 0 0 0 0 0 0 0 0 0 0 0 0 0 0 0 0 0 0 0 0 0 0
0.15333160055172 2.98860917560808 0.14111950400944 2.76076141378229 1.33514832399102 3.4361279056247 4.08579567046281 3.36788201629013 1.36724818815146 3.59367186965628 0.541380264530096 0.584140963556784 3.14336484582564 2.08949827967626 0.135426539653796 1.46822235383241 4.56228279720251 1.38521523503225 5.37967840392773 1.0190877572593 0.411980777569032 0.795170113016089 0.228435666339962 2.0288266371191 0.180018986169472 4.22965161334411 3.02497758268682 0 0 0 0 0 0 0 0 0 0 0 0 0 0 0 0 0 0 0 0 0 0
0.855223728141819 1.14610244795873 2.01428123256994 0.078826770031516 0.854105752594637 0.641454900865851 7.12368930917565 0.157154806837181 0.731082120388453 0.0403792133227921 3.50207409531826 2.98210732832025 4.04229354509604 0.922834654668074 0.559215135967471 0.0329915240083411 0.159856469168818 2.80513348120513 0.170894737935747 0.96844489012251 1.32037939416312 0.487680523095533 0.452170664033167 0.817943556862498 0.948987015670095 1.3207827916424 2.03066411869357 0.254075850508499 0 0 0 0 0 0 0 0 0 0 0 0 0 0 0 0 0 0 0 0 0
0.464600951410824 1.94037750679565 0.517547460089678 1.80306122306644 4.94195418496807 0.574299541431125 3.67127740180289 0.0176103053134401 4.26504925604614 2.66565622801426 2.94136463780364 2.93357923720923 0.223110944555454 0.570820309607867 1.88298967557961 1.53960633772646 0.0354695020074545 0.0161026243354228 1.34083320277912 0.427387959844108 0.0984592958749201 0.309412112288391 3.07244072769416 1.15757221080056 2.55290704421503 1.51042047587936 2.24312780556782 7.84272195154396 0.557896707454074 0 0 0 0 0 0 0 0 0 0 0 0 0 0 0 0 0 0 0 0
0.355147225559984 0.463684479601985 5.96229232293377 0.706231093213394 1.30435104892258 0.215350200947082 0.159487658564743 3.96340498803504 0.81554095995483 1.11696467563463 0.318917437811097 1.17997719441271 5.04780581152445 0.148823738080206 4.77961879700704 1.23730995804141 0.254201626419497 5.63233294749018 0.356886887076511 0.604321850069263 0.537675357807208 5.57526421829366 0.470048769572752 0.878740798834314 1.5986478437987 0.872378277582102 4.95352905390152 2.09511228754325 4.1999500028561 3.81666969471496 0 0 0 0 0 0 0 0 0 0 0 0 0 0 0 0 0 0 0
1.75819683640283 0.674370081297671 0.0548691290970947 2.49444476046717 1.52040541538141 1.47204635036634 0.28025062823502 3.35870563640063 3.32475278542756 0.857058092429725 1.78724478614048 0.332892587311739 7.49529831294071 0.592419114947367 1.36397130424268 1.19134605033501 1.24546934294514 6.97520177918716 2.16853975537146 2.33548303501605 0.510366615982428 2.06471346439699 0.363122688288392 3.19527348626575 5.53075101698772 5.59181053129794 1.51186702539739 1.52086740360609 1.06857481583269 0.0301520069161223 7.37169483480921 0 0 0 0 0 0 0 0 0 0 0 0 0 0 0 0 0 0
0.821305936024771 0.218270650378473 0.0542880200500726 9.22109197517091 2.86876295387393 1.26194873592482 4.08362455051084 1.9407003698391 2.67172817849488 0.160509918157186 0.651432195218198 0.367469113465535 2.9475887325366 0.236655399375052 4.76641714062832 2.01274158628139 0.227878443630547 0.814297090568423 0.778483472276124 1.9825180297534 2.74088252955783 2.36672378744745 0.0674968665626176 0.678431951226084 3.3319304524472 0.204118097573964 3.17042546043766 0.410651938745642 6.39891548073642 3.29586482584303 0.480752588316293 7.6702348185958 0 0 0 0 0 0 0 0 0 0 0 0 0 0 0 0 0
9.95637111623518 4.61326783193596 0.941456866610077 0.426452065483631 0.916215514255984 9.5499691109415 1.8130010872164 1.78260993486125 1.99015970169665 1.21427577223033 1.29243225373125 1.02409707667119 1.76657618183801 1.10309887846366 4.00960836676362 2.07467799170051 0.129060648417526 3.69702168497954 3.86088103436508 1.61693517220071 1.43609290909135 0.262776111249286 0.0510705544353209 0.503759292248539 2.82316871573011 0.27109301539615 4.8359360056524 2.04418557074636 0.596296966832548 1.38402030184544 2.18113462593225 1.30862925675062 2.05149766393881 0 0 0 0 0 0 0 0 0 0 0 0 0 0 0 0
0.35799346170649 0.0992291624578707 1.65222416340479 1.10376014803557 0.278948149869151 0.790131977079225 0.770383809548164 3.50159802793845 3.18278953399896 0.0811822267079351 3.35807799923106 1.49180649335236 3.01416834318605 1.5110728751538 1.5916614679036 3.45089080941673 4.10658830080654 1.1548630151223 1.0193828002619 2.543195936463 0.396080699849254 6.85626246700058 2.27240655332036 7.44346289594456 3.76381301957695 7.18657991134762 0.284846999566988 2.48694206459683 1.91273245415324 1.22446069973858 0.361416319384348 1.27941415779435 0 0 0 0 0 0 0 0 0 0 0 0 0 0 0 0 0
0.603101018867457 1.00009105275653 1.12435208298578 4.53017980642154 7.38120001226342 1.31008170153893 1.29846821703113 0.920320555031366 2.27267611445454 0.917966875930142 1.21013860411363 0.70534370100945 3.15257943649178 0.0988700505573476 1.70099180379756 1.46061241470119 0.914530920293644 1.3134118355114 4.59164033612201 3.07249916570963 1.12596486518461 1.54914225382837 4.0722527933586 0.560537956042297 1.1520964686151 2.17162331738727 2.46552096398504 0.00271257592229903 6.8298771779391 0.217830756708344 0 0 0 0 0 0 0 0 0 0 0 0 0 0 0 0 0 0 0
1.45998663166247 3.0863069918871 0.30515053308151 1.82814572027233 1.19561248513354 4.22737746616434 1.17882222449488 0.556615924697027 0.985585714844485 1.87513388343703 7.70490461044554 0.754598085463819 0.238776331875149 3.31794427067421 7.19676521056153 2.83083859518698 3.26597893406933 5.71158946268702 0.996859918680672 0.64083297871523 2.34700333413064 0.136252490761828 6.03773836027742 1.01844823285625 3.64794754537766 3.2074994368849 3.63040863453773 4.39416586892663 0 0 0 0 0 0 0 0 0 0 0 0 0 0 0 0 0 0 0 0 0
1.2382640829881 0.848938676566505 4.92408632095091 0.635029521096456 9.31004508068986 1.97894043422473 0.749691496314734 1.85788809153301 1.77266625401101 0.380133127429762 1.77433254640627 0.391700185201288 0.779305091005325 0.972331072338846 0.230452327297402 1.35013186999052 0.0418487210574974 2.15181209932701 0.242873534783157 2.19047644597783 1.01551836369344 2.09579455581953 2.52742244837766 0.647564540833569 1.13626426318395 0.60400204645411 0 0 0 0 0 0 0 0 0 0 0 0 0 0 0 0 0 0 0 0 0 0 0
5.17907712146976 2.03896659393554 0.766677972942834 3.54891432816395 1.93416706061272 1.08754647145461 0.11510023387816 3.88379132093621 0.318991146718359 5.19876634110813 0.22579929740057 0.118043877534276 1.22485692287659 4.16959294390176 1.08943449337513 1.30597386943717 1.19193741823547 0.55750270920876 0.595433632220018 4.48414919619354 2.68513747986323 1.34739235340442 2.88814092513911 0.797557093106024 0 0 0 0 0 0 0 0 0 0 0 0 0 0 0 0 0 0 0 0 0 0 0 0 0
0.805961175125394 1.74725162490431 5.78736097186181 2.49157915312062 2.32463809000148 4.83176578339403 1.72546367269649 0.100660853887958 5.6574949607389 2.93962431268013 0.0143004659835096 1.87206771207363 1.03395988265656 0.869394593462343 0.605232879635596 1.26850468459297 0.323135212922524 0.334120028079164 0.535922168468211 0.627767090135789 1.7648548609644 0.783647969589315 0 0 0 0 0 0 0 0 0 0 0 0 0 0 0 0 0 0 0 0 0 0 0 0 0 0 0
0.0949704565855881 2.88273600461419 0.00465542230486745 1.40971212423999 2.34037194341161 0.640971776189509 0.305237469657333 3.6479505922782 0.890855558974291 0.772321295825633 1.78227576150404 0.439923845620456 0.538949765605381 0.291891692550666 2.10546441666547 2.73106764168248 0.837383452033141 0.516885071329224 7.5248273441455 0.757219466624308 0 0 0 0 0 0 0 0 0 0 0 0 0 0 0 0 0 0 0 0 0 0 0 0 0 0 0 0 0
4.73555357843943 2.02179610939605 0.0281931285334924 1.00821849401133 6.94833269423527 0.581652010601366 0.00560143968930561 1.17041673786993 1.07550402084355 0.369136665785417 5.63142688642171 1.80204699745817 0.610198599503833 7.78548532420716 0.793653959016974 0.214229340282358 2.49188805707641 0.565466442173355 0 0 0 0 0 0 0 0 0 0 0 0 0 0 0 0 0 0 0 0 0 0 0 0 0 0 0 0 0 0 0
0.919783148582723 1.78471884998724 0.106020251645807 0.354733520662196 2.72432071700995 7.30063252889364 2.03245619076609 0.304331665725863 2.71651872695469 2.9343616768485 0.221905880279629 5.06241634162797 6.74739730440041 2.26603997254042 0.211649796968288 0.44388177472755 0 0 0 0 0 0 0 0 0 0 0 0 0 0 0 0 0 0 0 0 0 0 0 0 0 0 0 0 0 0 0 0 0
8.30839961161743 2.52668552743158 0.936012484458156 1.62736367907292 0.62929948914721 0.72866628712124 0.544084042855714 2.92169381199885 0.431319183596305 1.9442937118451 1.24428629264498 5.46029765268484 1.76704853277588 1.00929460078185 0 0 0 0 0 0 0 0 0 0 0 0 0 0 0 0 0 0 0 0 0 0 0 0 0 0 0 0 0 0 0 0 0 0 0
0.787086752578832 5.24501598801757 0.919659498954973 0.163905643063614 2.17696984055533 0.39145218969051 1.32604331861036 3.90413840785909 1.6906891474632 1.36499906682976 0.932811540332277 2.40795660339853 0 0 0 0 0 0 0 0 0 0 0 0 0 0 0 0 0 0 0 0 0 0 0 0 0 0 0 0 0 0 0 0 0 0 0 0 0
2.89599115551809 1.78941000150692 1.29647331664425 9.19953532576283 0.180420103221114 1.26272674577798 2.93281338296394 0.094226364090533 1.17297398329377 0.46572304114389 0 0 0 0 0 0 0 0 0 0 0 0 0 0 0 0 0 0 0 0 0 0 0 0 0 0 0 0 0 0 0 0 0 0 0 0 0 0 0
0.0690924453599504 0.619128165380927 2.90818543199002 1.50958861497501 1.46356300350336 0.919847334517605 0.466685173677823 9.10147324014575 0 0 0 0 0 0 0 0 0 0 0 0 0 0 0 0 0 0 0 0 0 0 0 0 0 0 0 0 0 0 0 0 0 0 0 0 0 0 0 0 0
1.89231032045304 1.77776844419102 0.493447078807925 5.19135310901304 1.10980372980238 0.63477353808819 0 0 0 0 0 0 0 0 0 0 0 0 0 0 0 0 0 0 0 0 0 0 0 0 0 0 0 0 0 0 0 0 0 0 0 0 0 0 0 0 0 0 0
2.62026780534276 1.28487794208588 1.29056661571399 5.82069777396947 0 0 0 0 0 0 0 0 0 0 0 0 0 0 0 0 0 0 0 0 0 0 0 0 0 0 0 0 0 0 0 0 0 0 0 0 0 0 0 0 0 0 0 0 0
5.22479627434737 1.05700280736323 0 0 0 0 0 0 0 0 0 0 0 0 0 0 0 0 0 0 0 0 0 0 0 0 0 0 0 0 0 0 0 0 0 0 0 0 0 0 0 0 0 0 0 0 0 0 0
