1.64990219482125 0 0 0 0 0 0 0 0 0 0 0 0 0 0 0 0 0 0 0 0 0 0 0 0 0 0 0 0 0 0 0 0 0 0 0 0 0 0 0 0 0 0 0 0 0 0 0 0
0.694421070937727 3.36024438321913 0 0 0 0 0 0 0 0 0 0 0 0 0 0 0 0 0 0 0 0 0 0 0 0 0 0 0 0 0 0 0 0 0 0 0 0 0 0 0 0 0 0 0 0 0 0 0
1.31150210226525 2.23245871257202 0.00857805074792648 0 0 0 0 0 0 0 0 0 0 0 0 0 0 0 0 0 0 0 0 0 0 0 0 0 0 0 0 0 0 0 0 0 0 0 0 0 0 0 0 0 0 0 0 0 0
2.85175893659221 2.52456411172615 2.80639415298533 0.814050651762504 0 0 0 0 0 0 0 0 0 0 0 0 0 0 0 0 0 0 0 0 0 0 0 0 0 0 0 0 0 0 0 0 0 0 0 0 0 0 0 0 0 0 0 0 0
1.33561302084951 1.67893739197189 1.60936554949381 1.00729496064814 5.50990187702356 0 0 0 0 0 0 0 0 0 0 0 0 0 0 0 0 0 0 0 0 0 0 0 0 0 0 0 0 0 0 0 0 0 0 0 0 0 0 0 0 0 0 0 0
0.269325267659911 5.57824417587662 2.25999150873171 5.93807191476017 1.82746404340284 6.75972871948125 0 0 0 0 0 0 0 0 0 0 0 0 0 0 0 0 0 0 0 0 0 0 0 0 0 0 0 0 0 0 0 0 0 0 0 0 0 0 0 0 0 0 0
0.548391769082568 0.166253542861721 0.296105794397811 2.09418674951579 10.9006804344556 1.27500579736606 2.99968561982032 0 0 0 0 0 0 0 0 0 0 0 0 0 0 0 0 0 0 0 0 0 0 0 0 0 0 0 0 0 0 0 0 0 0 0 0 0 0 0 0 0 0
0.936826757693492 16.5764875576029 0.965095842107765 2.36265777017435 0.573239125139317 0.116261317317368 2.47246410411642 0.934960500562717 0 0 0 0 0 0 0 0 0 0 0 0 0 0 0 0 0 0 0 0 0 0 0 0 0 0 0 0 0 0 0 0 0 0 0 0 0 0 0 0 0
2.77779145609139 2.40448440574006 1.46657459755122 2.99422452272984 2.85397315671079 0.412358025843124 1.55510907380693 13.1367779805143 0.410284162845251 0 0 0 0 0 0 0 0 0 0 0 0 0 0 0 0 0 0 0 0 0 0 0 0 0 0 0 0 0 0 0 0 0 0 0 0 0 0 0 0
3.85070213917024 1.10034276129958 1.50760173467057 2.21473381401464 11.583509236357 1.52873756217757 3.41865104315253 4.15868441968917 2.48815538587252 3.00305664895174 0 0 0 0 0 0 0 0 0 0 0 0 0 0 0 0 0 0 0 0 0 0 0 0 0 0 0 0 0 0 0 0 0 0 0 0 0 0 0
7.39259724445634 0.0536188548383383 7.54440037520465 2.83893737121677 11.5106162188689 3.63170209060652 0.0817441090122857 2.83028128883748 0.232568049348708 0.20076813943056 8.93396577825153 0 0 0 0 0 0 0 0 0 0 0 0 0 0 0 0 0 0 0 0 0 0 0 0 0 0 0 0 0 0 0 0 0 0 0 0 0 0
1.24026677608268 1.9002862689437 3.22940751055734 2.32506033200919 1.48953080028885 3.77123978118592 0.712932007793641 4.76128088489388 0.787935619536019 0.484094157265349 1.62798914658717 2.56253740080078 0 0 0 0 0 0 0 0 0 0 0 0 0 0 0 0 0 0 0 0 0 0 0 0 0 0 0 0 0 0 0 0 0 0 0 0 0
9.56660383456202 5.55852029302679 1.67467368283864 3.3291080524061 1.89574319580081 5.70516039102325 5.10392842658836 0.787028058728555 0.163623222097243 3.20688215559641 3.65651493911174 9.3405928513831 0.903634486235987 0 0 0 0 0 0 0 0 0 0 0 0 0 0 0 0 0 0 0 0 0 0 0 0 0 0 0 0 0 0 0 0 0 0 0 0
12.3098861681329 0.966139520392261 0.816513086808072 1.98694625938535 2.73659635790091 0.555455511876914 0.798434584716259 0.303690615549936 7.06457880442911 2.12349039762072 2.94626516133188 2.81551458593898 1.66559997545314 1.78966025371265 0 0 0 0 0 0 0 0 0 0 0 0 0 0 0 0 0 0 0 0 0 0 0 0 0 0 0 0 0 0 0 0 0 0 0
4.52301302495125 3.64885268576083 0.338711395099626 1.89661126494281 2.88273120891554 5.65537530499762 2.18206040599969 0.477949949648518 0.203111252281004 3.32947952238675 0.0532985007453416 1.73633370913063 0.723773317222595 1.51449878208892 8.71463798882717 0 0 0 0 0 0 0 0 0 0 0 0 0 0 0 0 0 0 0 0 0 0 0 0 0 0 0 0 0 0 0 0 0 0
0.0580088426513857 0.77495241006923 0.101974016991701 3.0311087232993 0.561280750164482 4.69976538927525 3.86141396362584 0.596498174390544 4.52112907417923 2.00004196675707 0.516989118290306 4.36813748591355 1.04885159651383 0.0892535676138889 2.14991090890883 2.67695473286689 0 0 0 0 0 0 0 0 0 0 0 0 0 0 0 0 0 0 0 0 0 0 0 0 0 0 0 0 0 0 0 0 0
0.410572274573203 10.7924289493211 0.839288093677792 2.79076643246376 5.22541150764122 4.44894439238927 0.0285074694282126 1.63029020091829 1.75664559631069 1.03283201682153 2.16985884904834 0.205749052120869 0.0502970920373565 0.98697686050631 6.91688816381774 1.63090379030521 0.34813462563915 0 0 0 0 0 0 0 0 0 0 0 0 0 0 0 0 0 0 0 0 0 0 0 0 0 0 0 0 0 0 0 0
2.08335818100687 4.60496864775169 1.40947318559248 4.00130381310511 4.79358230791163 1.97399724015134 0.0288381919384675 1.07359186923638 0.0473274925105185 5.25182115984667 2.97066475244542 1.86025885105265 0.823361396548366 2.46461178953354 0.0475077820499233 1.44692813656883 1.29939901980103 3.96784677641602 0 0 0 0 0 0 0 0 0 0 0 0 0 0 0 0 0 0 0 0 0 0 0 0 0 0 0 0 0 0 0
0.775221723763029 0.450139585346229 0.245715277629757 2.16910194499766 3.76830289848721 0.721700623152902 1.60301573130926 1.55803779972599 5.57496737942482 3.55082513688852 8.1010756649091 0.0897207357785344 4.08083630148802 3.2978285064945 0.650540449596315 0.0199535354976601 1.46250306092687 0.539330312629615 4.83052470877975 0 0 0 0 0 0 0 0 0 0 0 0 0 0 0 0 0 0 0 0 0 0 0 0 0 0 0 0 0 0
3.63493964069007 3.8103425709388 4.22453226597311 1.16404815637223 4.91677743655623 2.9661021546642 0.466461416123266 6.59177843047206 0.084410667200571 3.3716955796551 1.07928296429116 0.541666840233031 0.552866623448298 1.67765478435933 1.63437359667432 3.7993532788864 2.14627157657619 1.11362750618393 1.61083541135411 0.327257912715128 0 0 0 0 0 0 0 0 0 0 0 0 0 0 0 0 0 0 0 0 0 0 0 0 0 0 0 0 0
0.403915730000133 3.40599140344931 0.25362530415564 3.80384936905259 2.93760867743854 4.62469439927914 7.40008703526255 0.256432221545281 4.52561981421483 1.15536564995272 1.6195748678308 0.348173219122098 3.16564715472358 4.48581840132392 0.471415165834332 2.01628639142997 0.0190005092358309 1.64908564461204 8.54659166023881 1.93037798917147 1.17155554925365 0 0 0 0 0 0 0 0 0 0 0 0 0 0 0 0 0 0 0 0 0 0 0 0 0 0 0 0
2.17145796851844 1.86205196657285 1.50804187437772 0.626446322519053 2.74268082255436 3.64114617101709 1.11648581066562 2.39039773633407 6.91108423119195 0.591387133271778 7.58812744669286 0.720293410939764 6.6563829636645 7.40976623638187 0.975271602706204 3.60086760449646 6.69426121848619 0.534228607810936 7.35399009483294 0.0536386073844128 1.45495132435 0.346672717195938 0 0 0 0 0 0 0 0 0 0 0 0 0 0 0 0 0 0 0 0 0 0 0 0 0 0 0
0.109818150751892 2.62093185096711 4.06167170991523 3.94806490544149 0.727759710038537 2.59268548793056 0.819096173499168 2.37574106804618 5.79844778205416 6.44340891183461 1.66085653097953 2.78799785505592 3.93645485355742 2.58625126516749 1.40811815142005 0.132579731187175 0.842701151499874 1.74645771110471 0.0449843868964089 5.86674089831622 0.347094181407717 0.741440917495302 0.661342557583156 0 0 0 0 0 0 0 0 0 0 0 0 0 0 0 0 0 0 0 0 0 0 0 0 0 0
4.53449587985858 0.581825151783865 2.31904045234035 5.88210041614806 4.10486568609626 2.74193825044996 1.60876341119081 0.916314451406935 3.15308032373957 0.678095770647623 4.3139827177699 6.73057426380857 0.270983909576533 1.29604939486955 2.8300032720012 0.817643537798898 7.72017812258438 1.95004580910435 1.63414121395748 1.86308840334671 0.0236813395265331 8.92465411602216 0.0113181489149179 3.65094823908714 0 0 0 0 0 0 0 0 0 0 0 0 0 0 0 0 0 0 0 0 0 0 0 0 0
0.999092341601029 1.09904455150891 7.02998670618332 4.34915933549171 1.40711206062724 0.470389214544763 0.572273890241538 2.86255020032947 2.17546555916387 3.28696270552077 2.44284246998628 0.907560105473907 2.95559648084463 10.9053042023445 5.63404420594803 0.548413252026705 0.764878989046895 3.44456778856242 1.54913944680673 2.55077924108281 1.07916410247895 1.15096869139935 0.958387572343211 2.93513055714188 0.622174553859831 0 0 0 0 0 0 0 0 0 0 0 0 0 0 0 0 0 0 0 0 0 0 0 0
0.330339433605189 0.731076829655375 0.207383879735817 1.35968844607929 1.07570766122154 0.840399518254043 6.56622231891639 2.00384517581686 7.75289589166996 3.14352123690667 0.267216376582555 2.27028492638815 2.14432375319263 2.38143023259113 3.79553163067445 1.83286039114784 3.85013330541626 1.87862653846394 2.49855025656935 0.701300459498255 3.29861640619083 10.7016795809883 0.915865899655741 0.837875871343068 9.65131867601461 3.31034505182926 0 0 0 0 0 0 0 0 0 0 0 0 0 0 0 0 0 0 0 0 0 0 0
0.221246001991205 1.35182832472053 3.37768844509516 0.297499699812563 2.82974668408658 0.751503623895808 0.529838398792446 1.8459490476626 4.98356748978728 3.83406023125091 5.81573549849394 2.83537758053103 1.62268030923891 3.51752347718458 0.181213402400628 6.27326046960873 2.67066549548012 4.49696016921355 1.16789579843627 3.4614536826274 2.13759252001535 0.972852365151738 0.801195279873662 2.64995176783736 0.655527068355888 1.57721348506659 5.04306952496262 0 0 0 0 0 0 0 0 0 0 0 0 0 0 0 0 0 0 0 0 0 0
0.33872138540966 1.80375669331619 4.76997178399377 6.54067865034203 2.40655374217717 0.549224933365545 3.51973463453138 1.34905142303061 3.00821200240693 2.64150804665349 2.17324398722723 1.5132764052154 0.0562633520600536 0.22555920180621 3.69851448433145 3.84822684673552 0.544051052366923 0.285963548645484 2.8194440418896 0.331194995131987 1.45979527797572 0.169812512061238 3.28003373744257 1.97272295106414 1.4073036930108 2.13933590165911 0.115806736624111 0.0683976473739482 0 0 0 0 0 0 0 0 0 0 0 0 0 0 0 0 0 0 0 0 0
3.47462312892489 0.0981298392449944 0.880429821912558 1.4596984613295 5.48507998884913 0.300499815197266 0.369614051477631 0.366387912999752 0.832783583245195 0.9369022655398 3.07669503895336 2.38519817402423 1.69427515341883 7.68367050957645 0.312528140989258 2.12468664914476 2.61854308340944 0.265540435096346 5.04238880622459 1.66275850253052 1.18530407526656 1.10335959255955 1.95553582592212 5.18115824896325 0.694711874368569 3.41890523762623 1.49217299267167 3.53605089072151 2.56939829889966 0 0 0 0 0 0 0 0 0 0 0 0 0 0 0 0 0 0 0 0
0.267798438822032 2.80382619643575 4.2584454143146 0.531853726188624 6.36828887411375 4.61722014909175 0.0485934501731964 2.93037468959756 0.222999863272485 0.875021346439229 6.27011974129752 0.0593724012330113 2.20696939450165 1.28946453727141 3.13103911918766 3.68524939224738 0.067154471807263 4.38102845927161 8.19553833781386 1.49701455486805 0.772346390273653 1.51408620015802 1.65522603769692 4.71293501966723 0.5868552735878 3.46596265525648 1.16565689885498 0.903095815829199 0.144941820738881 3.97544833538404 0 0 0 0 0 0 0 0 0 0 0 0 0 0 0 0 0 0 0
0.89511483095973 2.67107049261778 2.08106543637935 2.31030546017035 5.58942053909652 0.936248809113774 5.03407557359281 6.23836887572507 2.05423315353576 0.237853512645879 1.08794758773119 1.66575154379924 0.398250716531613 2.0713553163641 0.139751670967251 1.45668608900749 8.27179898756342 3.29522107246706 1.75535513889053 3.43069890443104 0.24510382128664 3.81610994310427 3.59267650306134 3.49554172702879 4.06379440858146 3.00314342565085 4.51175037622112 2.82289373535669 3.30876323020011 1.32059077281083 2.61121180830353 0 0 0 0 0 0 0 0 0 0 0 0 0 0 0 0 0 0
9.91981152357646 1.08666430466791 1.39207925178439 5.20971211472282 2.99616159213428 0.0849376155590584 2.84115660121794 1.48348435409112 5.50481876541859 2.36287657647371 10.4581806662172 5.27056548324026 5.92636471924133 7.42286272376302 6.2748788808885 5.5579505874187 0.327178950249887 3.32691405147919 0.793799670335716 1.27907743448116 1.00779113810316 0.406829073602696 3.90870940463198 3.031460991404 3.09675698873182 0.146528021513272 0.0834500414668109 0.280989141817167 2.08779713535627 3.44842294453438 0.127264343452608 6.51952270796688 0 0 0 0 0 0 0 0 0 0 0 0 0 0 0 0 0
0.245330488501618 0.971388310687052 7.66425014006228 1.44553838286829 0.394016218215515 1.84205050849095 5.21745677700434 0.0455704301243547 5.83214991131908 4.55950311428458 0.439240984027253 0.152392892348081 2.46229762064936 5.77061805624801 0.798303118144864 2.27040597421836 0.253732692248091 0.131948066069932 0.830407958200409 1.18926369804766 0.867920704400759 0.930400405030699 0.360634801311058 0.817250225322291 1.431757636566 1.73514088236779 5.19145477176569 3.91991216595342 1.67304941361446 0.466875396688496 0.895092796576073 3.68985951594499 1.05656096899677 0 0 0 0 0 0 0 0 0 0 0 0 0 0 0 0
2.78834998406086 2.58593777412304 11.020733269422 1.98258161521615 9.83219305150893 0.330942343716874 1.00735758000848 3.00852927750663 3.13249397260704 3.01425053852119 6.19015986806494 1.9141599225253 2.23318700223604 2.35184944841332 0.729796936845108 0.223582171479147 2.13313625013113 0.179375446946092 5.84541875946516 1.23937379818623 0.434310936617163 1.08895712455832 9.99533597587838 1.37198053300336 2.06361255258981 10.297771981306 2.9405424945514 4.21701436428541 0.895605585345372 3.52877787757238 3.2962441524094 2.27480493732114 0 0 0 0 0 0 0 0 0 0 0 0 0 0 0 0 0
1.28043223552853 5.40194893556247 1.05272882212289 0.161501002037561 0.764598594773115 0.748290526196569 0.888390874332865 2.33266357204313 0.844048233109356 0.996066696380184 6.15032193395414 1.28559792576494 3.26110547698287 2.98215326516051 0.777519929728258 0.7185017594119 0.0471776430965189 1.73211941608002 2.66012819683022 2.69858709555238 0.449082146300945 3.78957117578403 3.38007697023841 1.26419100021835 4.92458374939576 2.59462547198961 5.34517567520492 1.74800024735929 4.13521561335785 0.32851520307234 0 0 0 0 0 0 0 0 0 0 0 0 0 0 0 0 0 0 0
0.640210921808519 4.91427622575639 9.0061602817889 0.252305717985687 0.170744541838929 2.20180804236554 2.05867729276033 1.26243582034016 1.0484517941897 1.29716312700653 0.701274172765727 0.155837360337564 2.71154519512873 4.7147129070467 2.16135327013306 1.78955400778876 3.00791579579045 0.443277048477412 0.178331765553749 0.82320790157361 3.77305279863937 2.56548873607998 1.1428297523002 3.08532885164913 4.58240456123348 4.79812107544905 2.3878595396202 2.28069510687594 0 0 0 0 0 0 0 0 0 0 0 0 0 0 0 0 0 0 0 0 0
2.01956394175083 4.14340851959513 12.6488228589386 2.1127177362153 1.41761599084444 6.08438796428122 2.80272968791358 2.26159242070505 5.69637634448949 1.24242593606287 8.91254875533405 0.18300108437147 1.59595322018389 0.897148741234595 5.58270543217101 1.08389971057936 2.1876082325004 1.62403766359206 4.76760287332244 1.20561229653699 2.38978693868597 1.76704751314681 4.32577310911327 0.442704570652739 0.388539014400602 2.59472977512556 0 0 0 0 0 0 0 0 0 0 0 0 0 0 0 0 0 0 0 0 0 0 0
5.3792542016264 1.39527758538147 2.82779436361935 2.68935391196826 0.468791243097313 2.4060857233429 2.39700552063802 0.738839170265754 2.74926197506976 2.8083286264916 5.22762716604973 2.41137515530203 0.120061911482801 11.9928172864403 3.12849065873568 1.21031586263392 0.958383948402729 3.11052148750808 5.52788042615082 0.615329018341972 4.80919530262694 7.84425269679014 1.22994670408598 0.329604321077671 0 0 0 0 0 0 0 0 0 0 0 0 0 0 0 0 0 0 0 0 0 0 0 0 0
1.39166886417562 1.5321792099547 1.4591129693736 1.51396596272973 1.38931005903069 1.64392905111913 0.24218953345925 0.228577789604167 1.05376625107161 0.634820592709591 0.801989805381507 6.88012274505289 0.26142398471866 0.734689864502097 1.28445402365207 0.59548546218978 0.304662681686825 2.30572724724495 0.646915393341252 7.6672481754825 0.866600696998655 0.560427131826066 0 0 0 0 0 0 0 0 0 0 0 0 0 0 0 0 0 0 0 0 0 0 0 0 0 0 0
0.294229308014157 1.00592666841843 4.83769852461053 3.7219460843853 0.119828796249928 3.49688767354123 8.66002832044746 0.218574005848675 8.20936404078754 1.04391874218816 4.42136220088191 1.68017256374596 0.0826883114766732 2.35668761419271 0.179580598251287 1.50349508148206 3.1037209490032 0.301779614398682 3.82867952817584 0.287822145111444 0 0 0 0 0 0 0 0 0 0 0 0 0 0 0 0 0 0 0 0 0 0 0 0 0 0 0 0 0
0.343075687681707 0.243880549272289 0.115508187042127 5.3407452223434 0.263084547265925 0.0364463337675425 1.55520695371628 2.63711578118394 7.16343695401693 0.972196837499647 1.95748275823847 2.29266795875421 0.509640178999435 1.65844941403147 1.95245629956709 3.48444915983321 2.24893778035928 8.24106156883202 0 0 0 0 0 0 0 0 0 0 0 0 0 0 0 0 0 0 0 0 0 0 0 0 0 0 0 0 0 0 0
4.92115377034157 2.58824807021736 1.17375450148792 0.376131148910742 7.8213863153127 0.285475934274567 0.590105966823843 1.51190515187455 4.9716893997251 0.17181016633513 3.75743215615873 0.558908318896249 3.42660088859761 0.976102782768186 6.86865077406689 0.0540005267038738 0 0 0 0 0 0 0 0 0 0 0 0 0 0 0 0 0 0 0 0 0 0 0 0 0 0 0 0 0 0 0 0 0
0.111902922950217 0.708407874278769 0.798686538860465 1.14567711275728 4.2625342988203 4.60295404730759 1.20950459592617 0.187192030746166 1.45596221583425 1.15537074269297 3.71795789747588 2.19355634526398 4.12978010621732 3.80690768847627 0 0 0 0 0 0 0 0 0 0 0 0 0 0 0 0 0 0 0 0 0 0 0 0 0 0 0 0 0 0 0 0 0 0 0
2.70038799583721 0.0530591524007645 7.40364163310052 1.37346687010427 2.42244495864146 1.71319923546578 2.88619897340268 2.8743090159289 0.122258105822243 4.13765725166051 6.54653714916163 0.20106386856443 0 0 0 0 0 0 0 0 0 0 0 0 0 0 0 0 0 0 0 0 0 0 0 0 0 0 0 0 0 0 0 0 0 0 0 0 0
5.6296856469636 0.793417932860119 3.94024401033224 1.22203624271955 1.89305062351125 1.09353822350416 6.86068094859205 1.829513098104 0.429581094944104 1.28648128125667 0 0 0 0 0 0 0 0 0 0 0 0 0 0 0 0 0 0 0 0 0 0 0 0 0 0 0 0 0 0 0 0 0 0 0 0 0 0 0
3.73070272594139 2.26681709079067 0.412217107489973 1.32206536332855 0.313737968540407 2.90725775717975 0.222093492009039 1.20214179036039 0 0 0 0 0 0 0 0 0 0 0 0 0 0 0 0 0 0 0 0 0 0 0 0 0 0 0 0 0 0 0 0 0 0 0 0 0 0 0 0 0
4.78657193918389 8.63167920148642 0.853971472299847 0.606496503991981 9.35867177639931 1.68386840122033 0 0 0 0 0 0 0 0 0 0 0 0 0 0 0 0 0 0 0 0 0 0 0 0 0 0 0 0 0 0 0 0 0 0 0 0 0 0 0 0 0 0 0
0.980676862183215 3.90058749466802 0.67656329316528 0.923517113333018 0 0 0 0 0 0 0 0 0 0 0 0 0 0 0 0 0 0 0 0 0 0 0 0 0 0 0 0 0 0 0 0 0 0 0 0 0 0 0 0 0 0 0 0 0
5.07316184599953 5.33232566924887 0 0 0 0 0 0 0 0 0 0 0 0 0 0 0 0 0 0 0 0 0 0 0 0 0 0 0 0 0 0 0 0 0 0 0 0 0 0 0 0 0 0 0 0 0 0 0
