0.189744757770949 0 0 0 0 0 0 0 0 0 0 0 0 0 0 0 0 0 0 0 0 0 0 0 0 0 0 0 0 0 0 0 0 0 0 0 0 0 0 0 0 0 0 0 0 0 0 0 0
5.40459167092788 3.25499558675415 0 0 0 0 0 0 0 0 0 0 0 0 0 0 0 0 0 0 0 0 0 0 0 0 0 0 0 0 0 0 0 0 0 0 0 0 0 0 0 0 0 0 0 0 0 0 0
18.3781641706728 0.830818147899415 4.12354832005825 0 0 0 0 0 0 0 0 0 0 0 0 0 0 0 0 0 0 0 0 0 0 0 0 0 0 0 0 0 0 0 0 0 0 0 0 0 0 0 0 0 0 0 0 0 0
3.72777417299688 0.733560413634347 12.866392224315 3.680272738715 0 0 0 0 0 0 0 0 0 0 0 0 0 0 0 0 0 0 0 0 0 0 0 0 0 0 0 0 0 0 0 0 0 0 0 0 0 0 0 0 0 0 0 0 0
1.84133228697432 7.56562552139629 0.642157490075373 1.633843580256 2.07719942821858 0 0 0 0 0 0 0 0 0 0 0 0 0 0 0 0 0 0 0 0 0 0 0 0 0 0 0 0 0 0 0 0 0 0 0 0 0 0 0 0 0 0 0 0
18.64147580038 1.98295970824733 8.57568824436349 9.08605033172039 2.23978594023438 1.68990749773112 0 0 0 0 0 0 0 0 0 0 0 0 0 0 0 0 0 0 0 0 0 0 0 0 0 0 0 0 0 0 0 0 0 0 0 0 0 0 0 0 0 0 0
0.12707520002472 7.28399902808679 8.60253277250184 5.61065395310576 0.0951757182747631 5.32938846995417 1.17494619513318 0 0 0 0 0 0 0 0 0 0 0 0 0 0 0 0 0 0 0 0 0 0 0 0 0 0 0 0 0 0 0 0 0 0 0 0 0 0 0 0 0 0
3.51085237005518 1.02276459614829 2.48169750184978 4.19115657155078 0.138654623221115 3.98562653621872 6.29429547098147 0.203227797569979 0 0 0 0 0 0 0 0 0 0 0 0 0 0 0 0 0 0 0 0 0 0 0 0 0 0 0 0 0 0 0 0 0 0 0 0 0 0 0 0 0
8.87171789407271 0.503241933068642 3.42923594843182 5.67792728533942 5.45835846293586 0.366328050268481 0.497380817412999 0.854853234508875 1.20007609288903 0 0 0 0 0 0 0 0 0 0 0 0 0 0 0 0 0 0 0 0 0 0 0 0 0 0 0 0 0 0 0 0 0 0 0 0 0 0 0 0
3.18223190350646 2.51936162332889 11.4163726717163 2.5037649522929 0.900329411617719 3.59002627865758 1.11722883972362 2.48717161446779 0.0829825674862223 0.594622678005213 0 0 0 0 0 0 0 0 0 0 0 0 0 0 0 0 0 0 0 0 0 0 0 0 0 0 0 0 0 0 0 0 0 0 0 0 0 0 0
3.03556530960503 1.58511130813168 1.45227984767098 3.03775039192092 1.18557285096669 1.08243241960274 2.12370648791327 0.281593350801218 5.37600205593871 0.672046080233634 3.6969746305503 0 0 0 0 0 0 0 0 0 0 0 0 0 0 0 0 0 0 0 0 0 0 0 0 0 0 0 0 0 0 0 0 0 0 0 0 0 0
3.96934307150305 2.09519569439851 2.04439956188938 0.105432391294004 3.97483316369857 0.655847563811374 4.76763834685504 0.0330183079168259 2.49183978041201 5.8736964787414 1.61963839697032 2.43748447673576 0 0 0 0 0 0 0 0 0 0 0 0 0 0 0 0 0 0 0 0 0 0 0 0 0 0 0 0 0 0 0 0 0 0 0 0 0
2.11242079761846 4.17989559669532 1.42027451841597 2.35694221903074 1.01235663188796 0.192778710006734 0.2521254756956 3.66053492149706 8.83819381285338 2.05202969644958 0.57924009343342 8.79291027529418 0.877826411817838 0 0 0 0 0 0 0 0 0 0 0 0 0 0 0 0 0 0 0 0 0 0 0 0 0 0 0 0 0 0 0 0 0 0 0 0
2.26619655067012 3.19781417118528 1.25325151424827 0.134384935716306 1.6735010257151 0.976048182058357 4.18738864476226 3.27491238016509 0.843157115204463 1.27114107583807 2.26533117378311 5.6727088110852 0.167273758286704 1.14485478752474 0 0 0 0 0 0 0 0 0 0 0 0 0 0 0 0 0 0 0 0 0 0 0 0 0 0 0 0 0 0 0 0 0 0 0
0.26482287674988 1.72114692580767 2.51162439463207 2.21949862503606 3.94033559579518 0.010667070125105 0.0441692268499159 1.61159532584751 3.11632393832808 3.91308281508379 2.31025194007116 1.35111624222632 1.36445039257972 4.96484263163361 4.83056114546167 0 0 0 0 0 0 0 0 0 0 0 0 0 0 0 0 0 0 0 0 0 0 0 0 0 0 0 0 0 0 0 0 0 0
0.482567841959928 2.44626496103946 0.405157784210873 2.79041056406811 1.36707815489769 5.8390132653228 4.26595213896954 1.0070880344427 2.9399071911913 6.8174878002943 8.4698749185393 0.74671768217982 0.645976687623098 3.55314285616216 6.4773289293629 0.511731774546578 0 0 0 0 0 0 0 0 0 0 0 0 0 0 0 0 0 0 0 0 0 0 0 0 0 0 0 0 0 0 0 0 0
0.48128791725504 3.53722825234212 6.56981595898389 2.18789507376737 0.782897314347765 3.88393868563873 4.50616115008072 4.81623656992105 0.651007908160668 0.405427209234415 1.96298909515827 1.85040867955623 0.264509132450587 3.43008724092327 1.02816010406659 1.7439687397388 0.375090713093813 0 0 0 0 0 0 0 0 0 0 0 0 0 0 0 0 0 0 0 0 0 0 0 0 0 0 0 0 0 0 0 0
1.07215961600903 0.513994329882151 1.7495389235927 3.06932006551963 3.18557586813078 2.4474390376815 3.50402798459897 0.0920560599348983 1.08276975505686 1.88889409987842 0.680303741161266 0.82184908540469 1.3783641618518 2.24361852500345 3.64701163534276 2.8552061735395 13.138359992985 0.665078086073439 0 0 0 0 0 0 0 0 0 0 0 0 0 0 0 0 0 0 0 0 0 0 0 0 0 0 0 0 0 0 0
1.35919451075291 1.76134653517803 4.54079919259059 0.0348086568698387 7.89377318874316 1.25300583493123 2.11324951170491 3.51888203899159 8.94984887769114 0.105536328691119 3.69148311291613 1.17636777039268 2.14574541678144 3.6298300231307 1.96789448481198 0.115415322585854 3.07006795062431 1.05792495477519 1.38419868384064 0 0 0 0 0 0 0 0 0 0 0 0 0 0 0 0 0 0 0 0 0 0 0 0 0 0 0 0 0 0
0.211092909387846 0.64080361454173 1.33644636171367 3.56117734994778 0.431421900558149 1.11344214547216 0.710868034920958 1.06804988757162 1.09006162254989 0.123983953446315 2.43954645365914 0.46170321778559 0.419938019342209 0.342020133948312 3.64041949062022 1.16149714762712 2.33439775505162 7.75044320064724 1.21219482920616 5.89733704020003 0 0 0 0 0 0 0 0 0 0 0 0 0 0 0 0 0 0 0 0 0 0 0 0 0 0 0 0 0
6.06424053117232 2.15079733568163 6.562158433901 3.87875802024211 3.43498162874509 0.0521058010415393 0.36793725937554 8.02811788685608 6.71722201718512 2.5658615600637 1.11416815825579 9.6292633195106 0.828315364784987 5.15079388503471 0.121262590672406 7.65866844719404 0.568937354496678 1.89266552320153 5.46194019067536 2.77993704040961 0.91625676586514 0 0 0 0 0 0 0 0 0 0 0 0 0 0 0 0 0 0 0 0 0 0 0 0 0 0 0 0
4.15494172292862 1.85024424168246 14.4636792335611 0.262088658727771 0.145987498835604 1.73804159786701 3.10482248280458 1.48950374640328 0.297046738459556 1.28145916251131 1.36330219667088 1.54426084199262 4.44741649232418 1.36657001443497 5.25593365772182 1.7992001532707 4.82343811669757 3.48644918446507 1.86401317655826 0.866392761724218 1.85853314087566 1.07843286819278 0 0 0 0 0 0 0 0 0 0 0 0 0 0 0 0 0 0 0 0 0 0 0 0 0 0 0
4.10863226328674 0.216656473579112 0.298441624739991 0.0181749123813589 3.22590122932283 1.29405421267739 1.43230890742699 1.13116533996188 1.30030827340704 0.790744899617781 0.498555495025043 0.223974975385141 1.9595785713462 1.48684174468304 1.44408099094177 0.581764868703595 2.46621301390275 3.96532014437299 1.52148457028194 7.97613977206506 3.63741918208677 1.5736364869975 3.76817111111984 0 0 0 0 0 0 0 0 0 0 0 0 0 0 0 0 0 0 0 0 0 0 0 0 0 0
3.39747613377309 2.28356659606737 1.95405712798846 2.07188532479889 4.5225901371563 4.08354287010585 3.99527590660694 1.89063502267038 0.0273153544924739 2.33912113701394 1.01312474680356 0.0404306981305735 2.37563798447771 1.84990068840828 1.7871173038299 5.00468692010414 0.953704516689083 1.56884100939432 2.34404716534386 0.881894106100688 0.976883689593118 1.71634200060459 6.20061275986609 4.36560241529028 0 0 0 0 0 0 0 0 0 0 0 0 0 0 0 0 0 0 0 0 0 0 0 0 0
1.30389335942723 2.03891511897561 8.61320550108609 5.56205645162194 0.455752135013359 1.62061002155308 4.05748315468559 3.1449745899182 1.99155172017175 2.38603439329132 0.820158377155449 5.81514467515273 0.211423261263701 2.30436871712835 1.73815144660938 1.70479162749442 2.48396726716609 0.0519190598754284 5.34836474386843 0.175756104163825 0.154637390563947 3.32673253287178 3.06036552237826 0.619450311906414 3.73693877568266 0 0 0 0 0 0 0 0 0 0 0 0 0 0 0 0 0 0 0 0 0 0 0 0
3.46490657069213 8.38370266556334 5.21837793576316 0.202840589817742 7.56471661580314 0.425475205170713 1.12748888893657 0.472148929296182 0.506333785157608 0.10752973093987 1.27765059983794 1.56298014205032 1.28897064330416 2.13739513121935 3.29085813745874 4.77566358398988 2.24205062722242 0.466340255011247 0.38220157398436 2.91216615800504 0.40716441414574 9.31620833402375 1.42452664551617 4.79675191975629 2.06301515017705 0.382769333107074 0 0 0 0 0 0 0 0 0 0 0 0 0 0 0 0 0 0 0 0 0 0 0
13.0441199868354 6.4934448513488 0.927580268775634 3.29285054717531 2.08888027360871 0.109025131972558 2.52654868327247 2.09921668307307 0.387016348286695 4.27870730899262 1.26518997805245 3.20136521875731 4.16238174744819 2.23958513452029 3.38004388127712 0.176672113288254 2.73073696877796 0.445147265298327 6.24289786421568 0.134571877174901 1.01685197339982 1.5515280466197 3.93010340469549 1.13309599029254 0.31825599723131 4.80830628092453 3.11443205111859 0 0 0 0 0 0 0 0 0 0 0 0 0 0 0 0 0 0 0 0 0 0
1.91661116484869 0.786262842283446 2.05680303313988 1.64359274901094 4.90717414539095 2.00403347456455 0.547564676514121 1.98176753758366 1.06697748838494 0.81602670427271 1.16677717444755 4.02450189868833 4.15162917479979 3.25396609931418 1.95880096041123 0.967870473823381 1.26085791900425 1.19279156139744 1.49643455553236 0.0210166733229121 2.29443458330929 1.18475543697827 4.14292564511043 3.4478387424853 5.03763059899903 3.82271161239306 10.4336033884043 1.47092905948548 0 0 0 0 0 0 0 0 0 0 0 0 0 0 0 0 0 0 0 0 0
1.66302502187046 0.887342074678044 0.437065963463874 2.59305802889323 1.72908108556434 1.57184301978051 1.26790740994034 2.09931929211064 6.10254297904206 2.13733855367222 1.96313216800498 1.1737969276206 0.159252980467468 0.479408674502836 3.73710018169923 4.0243521450592 1.45746683671936 1.29751823473603 2.35272283415296 1.24559863509321 2.69125559194129 1.82221292668464 1.59886667519389 3.0803550933413 3.85418150250985 0.682248469351092 1.67725220151077 1.41435078892179 3.20437112434544 0 0 0 0 0 0 0 0 0 0 0 0 0 0 0 0 0 0 0 0
5.08572015687674 5.11684977018301 2.06444129129083 0.874752685047006 7.50856310486294 0.950758610082996 2.64714967184842 1.43812204336487 0.0716129190082664 1.26052340910326 3.42042778318614 0.112183040207435 0.848855250627093 1.64442878303561 4.62394596199857 4.27430181244489 0.0940727862398996 0.136958459734145 2.80316086399355 0.129631385468318 1.30724692975845 2.22677431907997 0.822773364563879 0.190546406383367 8.83310816887692 1.99525807965964 0.68268967541825 6.28890192669817 4.24438085216441 0.582649083060651 0 0 0 0 0 0 0 0 0 0 0 0 0 0 0 0 0 0 0
1.24614140749948 0.220106423711216 6.46388148957825 0.874853126909883 0.846953601957554 0.930690717950071 0.443621067899109 2.14290224217729 3.42825440786435 0.387477332441761 0.75174303129304 4.22227632525331 1.12888559714868 7.39510609907568 0.0751066853805906 0.956938249090791 3.37002707678725 3.62215422835577 0.304652035567473 0.259909938513746 0.055631598932962 8.27019175897537 1.88000793786811 4.47241119441753 11.9348125895088 1.07921082675574 0.74930129356923 1.07583257280329 4.93232018559316 0.159259554213027 5.75663943644218 0 0 0 0 0 0 0 0 0 0 0 0 0 0 0 0 0 0
1.12644530324694 0.125216628015558 0.0526681420832122 1.49445261063226 1.95164532457459 0.614900782073141 0.339868800278913 0.658746942778527 6.64020183828105 2.05428526753254 0.31731390396632 1.67354092437918 1.85081526243455 0.00838044027180389 5.08892655379963 5.62390358551563 1.59480356853103 7.16725916381193 1.19065812078355 1.11972134742734 0.198599895902213 0.743546761057277 1.60826397582934 1.29273328374177 3.99318154595752 1.70977700402091 1.0157743765971 3.5061239979212 0.0900954629579961 1.15756168635389 8.16623273568645 1.25671258246325 0 0 0 0 0 0 0 0 0 0 0 0 0 0 0 0 0
2.90457899076289 0.158689415144491 0.354728490165104 0.394828500684357 1.14648934573933 0.649158755538123 3.62350783247565 0.963022307974593 1.99770145772962 1.20087415359891 1.70163879174724 5.87356525328235 0.686673567124415 2.12495703763213 5.71022856036865 0.918506484683257 3.37097404015893 3.51487833950007 0.463712913232713 0.318002909494545 2.37344111874236 1.29217420825461 2.36047221603447 0.165880969683978 0.781074737153717 1.58209034769903 3.02111001633647 0.087073910219434 1.99032346487452 3.2313676358663 1.45942280707221 5.80241240050353 3.2723953496342 0 0 0 0 0 0 0 0 0 0 0 0 0 0 0 0
0.769760108809596 0.795555655065451 8.63994392100785 0.401212016675062 4.44691388905359 6.81191206338901 0.863309245794073 0.485018016571094 4.77735664257155 0.166800724369805 2.83354646246924 3.46084823547898 8.54766484436719 4.27826967753641 2.00921010539808 1.06431765964974 5.23584630641561 1.585939146194 1.0125216762262 2.16532072228241 5.12672249584848 6.03339699043145 3.83502131349395 3.05578280329039 0.786870810288287 4.45445976371105 0.202238490982248 1.1046187429021 4.41398195530131 0.000501522542646323 4.16609605938932 0.0879354822481129 0 0 0 0 0 0 0 0 0 0 0 0 0 0 0 0 0
0.337867262180871 0.161485140073351 0.41212099495463 4.29590294604474 0.318810208541605 0.312408102538035 4.95320210129871 0.0198369308169899 0.775384347313647 0.974184866913586 1.20880301492374 0.0483693827299493 0.98054373287257 0.679574113322517 0.8223902702548 0.402527599732638 2.66091181047985 3.08622812025459 9.02737676186127 2.68182026466811 2.61993921529114 1.52513502059284 1.27388406492849 4.57593588445507 4.63591856859893 3.43774237725723 0.397418691840199 1.11315037050289 6.36328264111388 3.35359987050737 0 0 0 0 0 0 0 0 0 0 0 0 0 0 0 0 0 0 0
4.20148655921974 1.74247664344367 0.2397623211534 4.08928347321167 2.95877314728431 0.0165887276728111 1.4777687111745 4.39921266763373 4.85526101952917 3.21684829984217 6.66371140975547 2.08050700100692 1.54173080860861 5.30755275797594 0.548837918585431 2.81697039461145 3.54238804084172 1.05374059856207 2.08321992874899 1.045157508065 0.776069217963671 0.289455431217867 2.41120321187191 4.23269538772051 4.56058519293551 3.47382654489146 5.28933549494493 1.48742198997871 0 0 0 0 0 0 0 0 0 0 0 0 0 0 0 0 0 0 0 0 0
0.947831459072434 1.40004419139227 1.2994842769143 1.26479993419315 5.9712146419187 1.8416888611192 1.34787741372708 2.08821862437212 3.36003204556418 0.774294622439888 0.331798568703468 1.27300079079878 1.71688412290609 0.419448281094867 0.282947455475558 3.35992087317433 2.97325559414781 1.44040046993638 1.10394309714326 5.69288650761827 0.317865335391502 5.26194779945375 1.14391031119346 0.372684035625416 5.2367916315828 0.790991880397686 0 0 0 0 0 0 0 0 0 0 0 0 0 0 0 0 0 0 0 0 0 0 0
0.681833024070036 1.89565108204991 0.95797966124939 8.18909270549779 4.10347582417607 0.0635527473613113 2.26826983999422 2.49206677172004 6.21677947363353 3.62291185911113 0.0460714644309095 1.3235083746534 3.50914751723057 3.30021589430953 0.465679845422814 0.288767945915385 3.92080866453541 0.650512211190265 1.18002135132945 5.51688492140366 2.87907644162104 7.77790444629894 2.48831792972343 6.28456478912804 0 0 0 0 0 0 0 0 0 0 0 0 0 0 0 0 0 0 0 0 0 0 0 0 0
1.08877981934602 0.414246093880562 1.85758320458863 2.35528669114099 4.75325943832827 1.11420334014549 0.485274307529707 0.781283960738706 2.52533232151187 0.936512299829568 0.245568144637151 1.16642213510217 2.67115594036098 0.336917256758548 4.2605783700988 0.814978349106941 2.52456234970721 2.0553993034411 1.49121260244328 0.301610749779562 0.209868962420146 0.753688816487055 0 0 0 0 0 0 0 0 0 0 0 0 0 0 0 0 0 0 0 0 0 0 0 0 0 0 0
2.4906219612974 2.19555396173641 0.76989292250728 0.905836096200174 1.46290704675773 1.15856183372224 0.200911934725164 4.99498747039016 4.25830252137001 1.4953755183169 2.36907614211237 0.955260255818292 4.39477544610363 3.06739668554119 0.304214192846506 1.98227524204181 3.99388116521156 8.81580977895571 0.189185524940979 0.486860720432634 0 0 0 0 0 0 0 0 0 0 0 0 0 0 0 0 0 0 0 0 0 0 0 0 0 0 0 0 0
0.377345229539978 0.0435350341007826 0.451348407744388 1.63286029515332 1.5858923617528 2.15728899916023 5.00469461421518 2.42560487286 5.78285403930432 2.50507902353549 2.28671346725866 4.58948803084735 1.43719588854672 3.26367232749605 3.21693886360313 2.36663735337718 0.807850463990805 3.28889403972948 0 0 0 0 0 0 0 0 0 0 0 0 0 0 0 0 0 0 0 0 0 0 0 0 0 0 0 0 0 0 0
0.20712889341139 0.0993273116989874 1.08163265301062 1.370214089584 0.313798156800512 1.3468859378536 1.66688590603164 1.40555015548299 1.1432423561767 0.981569148412553 1.22269515291306 0.471649011861515 0.320592873630773 1.9041936408602 2.52411034647629 1.35932002735153 0 0 0 0 0 0 0 0 0 0 0 0 0 0 0 0 0 0 0 0 0 0 0 0 0 0 0 0 0 0 0 0 0
1.21647917505312 4.06021751655243 1.37383327528098 11.2050117571739 2.34709895291964 1.69479195068518 3.2590773011486 3.09727033573495 2.08062927419174 6.87819394630328 1.61337525364458 3.96654470502281 0.372556817691811 1.09041199940191 0 0 0 0 0 0 0 0 0 0 0 0 0 0 0 0 0 0 0 0 0 0 0 0 0 0 0 0 0 0 0 0 0 0 0
7.3503938294343 5.75170574263375 7.740482170192 3.94177790348252 1.89878201689185 0.0774474036039326 3.74240425408741 0.288150980767046 2.15354122280756 0.264617661202684 1.59662591766359 7.9198891293622 0 0 0 0 0 0 0 0 0 0 0 0 0 0 0 0 0 0 0 0 0 0 0 0 0 0 0 0 0 0 0 0 0 0 0 0 0
1.19251025157561 0.859924022956761 3.36083320610843 2.70854035789744 0.755853698383235 0.530179123704938 2.83241658174282 0.238065990106621 3.87869953502849 0.330767950611589 0 0 0 0 0 0 0 0 0 0 0 0 0 0 0 0 0 0 0 0 0 0 0 0 0 0 0 0 0 0 0 0 0 0 0 0 0 0 0
1.9863917297643 0.797932182928788 1.08508295161106 0.840428582393299 1.14984351450044 3.4405677553357 1.58149827995841 0.486205188182793 0 0 0 0 0 0 0 0 0 0 0 0 0 0 0 0 0 0 0 0 0 0 0 0 0 0 0 0 0 0 0 0 0 0 0 0 0 0 0 0 0
1.9655041907612 3.87693388419987 1.64681299875368 2.28776940215766 0.596767620747411 4.15546760202267 0 0 0 0 0 0 0 0 0 0 0 0 0 0 0 0 0 0 0 0 0 0 0 0 0 0 0 0 0 0 0 0 0 0 0 0 0 0 0 0 0 0 0
2.24311305483572 0.117531021832042 0.463216955949828 3.62747421529081 0 0 0 0 0 0 0 0 0 0 0 0 0 0 0 0 0 0 0 0 0 0 0 0 0 0 0 0 0 0 0 0 0 0 0 0 0 0 0 0 0 0 0 0 0
0.628321955725076 0.419820857001508 0 0 0 0 0 0 0 0 0 0 0 0 0 0 0 0 0 0 0 0 0 0 0 0 0 0 0 0 0 0 0 0 0 0 0 0 0 0 0 0 0 0 0 0 0 0 0
