4.1591103905891 0 0 0 0 0 0 0 0 0 0 0 0 0 0 0 0 0 0 0 0 0 0 0 0 0 0 0 0 0 0 0 0 0 0 0 0 0 0 0 0 0 0 0 0 0 0 0 0
6.67832518729175 3.93331396939377 0 0 0 0 0 0 0 0 0 0 0 0 0 0 0 0 0 0 0 0 0 0 0 0 0 0 0 0 0 0 0 0 0 0 0 0 0 0 0 0 0 0 0 0 0 0 0
4.9602441614378 4.27344053906046 0.496859852886154 0 0 0 0 0 0 0 0 0 0 0 0 0 0 0 0 0 0 0 0 0 0 0 0 0 0 0 0 0 0 0 0 0 0 0 0 0 0 0 0 0 0 0 0 0 0
1.42238201203802 1.61281352534982 7.50604044246598 0.349654016727772 0 0 0 0 0 0 0 0 0 0 0 0 0 0 0 0 0 0 0 0 0 0 0 0 0 0 0 0 0 0 0 0 0 0 0 0 0 0 0 0 0 0 0 0 0
1.09882203170215 28.9825094871548 0.630684157624831 0.541439025857072 12.408808282561 0 0 0 0 0 0 0 0 0 0 0 0 0 0 0 0 0 0 0 0 0 0 0 0 0 0 0 0 0 0 0 0 0 0 0 0 0 0 0 0 0 0 0 0
9.64854533754444 1.69140527319236 9.78567966166678 9.52768430793449 5.88353602432831 4.7851897211653 0 0 0 0 0 0 0 0 0 0 0 0 0 0 0 0 0 0 0 0 0 0 0 0 0 0 0 0 0 0 0 0 0 0 0 0 0 0 0 0 0 0 0
2.21564849703997 0.403438832219276 10.0436705888318 0.214604650986967 7.86311292750856 5.08198362923653 7.99741486611642 0 0 0 0 0 0 0 0 0 0 0 0 0 0 0 0 0 0 0 0 0 0 0 0 0 0 0 0 0 0 0 0 0 0 0 0 0 0 0 0 0 0
0.210391231945385 3.14438456761237 1.38088583796926 4.39648509576471 4.04775158827687 4.84195497284986 0.191838743870495 1.92532476576406 0 0 0 0 0 0 0 0 0 0 0 0 0 0 0 0 0 0 0 0 0 0 0 0 0 0 0 0 0 0 0 0 0 0 0 0 0 0 0 0 0
4.79440736421626 10.1666466932467 5.68345077451806 5.00293198900668 5.99830511276043 14.0159251729906 8.97835728739174 3.51198638813312 18.2408182550092 0 0 0 0 0 0 0 0 0 0 0 0 0 0 0 0 0 0 0 0 0 0 0 0 0 0 0 0 0 0 0 0 0 0 0 0 0 0 0 0
2.69458485770645 0.247822277014136 0.300829280662281 3.3519385780186 6.60373781500054 1.34899781544498 1.6577043020485 1.11183091750574 4.400572026294 0.947561404339199 0 0 0 0 0 0 0 0 0 0 0 0 0 0 0 0 0 0 0 0 0 0 0 0 0 0 0 0 0 0 0 0 0 0 0 0 0 0 0
8.07937858915639 6.86676601669362 0.821416310336194 1.34951327336312 8.25445957273027 0.780830038469647 2.22123661563013 4.85903284456436 1.39065812375954 0.14052669554312 7.46700626279679 0 0 0 0 0 0 0 0 0 0 0 0 0 0 0 0 0 0 0 0 0 0 0 0 0 0 0 0 0 0 0 0 0 0 0 0 0 0
0.308193537397032 6.51193723665699 4.54269340309983 5.45205946010636 5.70923427943966 7.98280879808174 3.00479131066041 7.84554821098214 9.14333670537243 1.01216675854627 3.21451941124488 6.46593362161947 0 0 0 0 0 0 0 0 0 0 0 0 0 0 0 0 0 0 0 0 0 0 0 0 0 0 0 0 0 0 0 0 0 0 0 0 0
1.38146687547124 9.52862412479615 2.03615786238523 0.00859458011301813 6.7045036666658 0.264540187536973 4.62802981873405 0.693922937081796 1.2567500085275 0.705446305950001 6.69484150938316 1.02506034227818 1.7173156036112 0 0 0 0 0 0 0 0 0 0 0 0 0 0 0 0 0 0 0 0 0 0 0 0 0 0 0 0 0 0 0 0 0 0 0 0
10.6108043972081 8.51294407297634 8.61166562862948 4.2623427439106 1.06867108473746 1.4166116406246 6.82799002405901 0.160924410137644 1.15370632882697 1.25531180572647 1.96675617047781 2.12505912527714 5.22764241176579 4.25028054780336 0 0 0 0 0 0 0 0 0 0 0 0 0 0 0 0 0 0 0 0 0 0 0 0 0 0 0 0 0 0 0 0 0 0 0
7.15490649186888 7.2143507702106 15.4150458929859 9.16596659877351 3.02518489384757 7.51903996909217 8.70079109091791 6.06726157348413 9.05693110249758 9.74180679644248 0.400843029146211 3.71098210210013 4.03045348329689 7.76451275746714 8.6051654396796 0 0 0 0 0 0 0 0 0 0 0 0 0 0 0 0 0 0 0 0 0 0 0 0 0 0 0 0 0 0 0 0 0 0
1.83925466368788 8.13488002628382 0.978852664283792 6.14564469178027 0.673369023344499 0.169842560516632 6.3868777195122 2.00697433786238 2.51547474168372 0.597588818146298 2.17043465540966 4.15625096864332 7.51150201806391 0.129642734546389 2.99193869098982 2.29398986228939 0 0 0 0 0 0 0 0 0 0 0 0 0 0 0 0 0 0 0 0 0 0 0 0 0 0 0 0 0 0 0 0 0
6.56540618701648 6.80166705362422 0.778325041062218 0.909507473858731 6.26827103868932 0.582711618573689 2.0890980913922 3.59307820891036 9.01482136558946 6.16116253291007 0.32927489979521 1.12988615885006 0.545603862739495 6.03010800681878 12.2718119577278 4.60096638929627 3.90260702622965 0 0 0 0 0 0 0 0 0 0 0 0 0 0 0 0 0 0 0 0 0 0 0 0 0 0 0 0 0 0 0 0
0.202001952978453 3.98819044032879 5.33910208441893 7.27270598885289 3.56508252727893 5.00622611578729 6.45078677285601 2.93975155526614 9.96959906818791 5.6450340979125 2.78547812084626 3.56579222462474 3.21244538336598 1.37417550137081 5.49034975256299 1.02785825975833 2.94026377708773 3.92605290937278 0 0 0 0 0 0 0 0 0 0 0 0 0 0 0 0 0 0 0 0 0 0 0 0 0 0 0 0 0 0 0
1.02687626234951 2.14189279218214 1.347224165089 1.02872365987783 3.52824858669628 1.82821714870259 1.30733152643293 2.29799480405042 9.33384168927525 0.976831269958023 2.16800653854092 0.783962096871545 1.7724239209033 3.7822540067862 4.52535117785225 1.17299550015951 1.7198413185255 4.53408249497793 1.8915248996129 0 0 0 0 0 0 0 0 0 0 0 0 0 0 0 0 0 0 0 0 0 0 0 0 0 0 0 0 0 0
1.04527466664993 1.27701181451492 6.43788855514922 1.73151579749513 1.32086875787205 4.51777487972672 2.01108391283694 4.37735831218087 1.37117372330716 1.2570994433028 1.43478459748764 0.745987993166522 6.10275436411658 3.08825506014396 1.1615365627993 8.83165430833729 2.40919349951261 3.14067797898489 1.70499854855336 1.82010728998639 0 0 0 0 0 0 0 0 0 0 0 0 0 0 0 0 0 0 0 0 0 0 0 0 0 0 0 0 0
1.84257216712131 2.4714244546431 9.20436903004569 9.33381311807745 2.72826519440427 11.4891265336578 5.30276711999713 1.61306981270882 5.33080040583789 3.00592264849172 1.41714743485238 9.15589120786034 1.05856154843999 6.18126320966109 16.843190732679 2.54633886671434 0.783863411536065 6.28474839298046 0.718531624155537 2.825568090927 9.4279776574138 0 0 0 0 0 0 0 0 0 0 0 0 0 0 0 0 0 0 0 0 0 0 0 0 0 0 0 0
3.47085056854664 3.89041493759348 1.31869907812053 2.29671283635148 1.92433931464951 0.869364636923869 0.97808300906916 5.99598144331406 0.995421061330353 0.27992797932081 1.82085710879572 2.10382742198252 1.53097471266879 8.28772630809889 3.61475083345953 3.2896642528142 0.339734670575088 1.34324898353272 0.00599234974067523 3.30653276911202 3.02820782658033 4.80194941343943 0 0 0 0 0 0 0 0 0 0 0 0 0 0 0 0 0 0 0 0 0 0 0 0 0 0 0
0.398511059069192 2.04345689918111 0.967380624598267 4.72001304653332 5.22016837328389 1.80738744032826 1.31609341128823 0.615551033414194 6.34536543265842 0.44881772801456 1.25859869702576 2.80998112051579 0.566644525630344 0.179027271786157 1.45717843330739 3.85870606839557 2.50851849412207 4.60809895532934 2.38203242042466 1.18714182738939 3.33639639864347 1.45389820582393 4.57580976608023 0 0 0 0 0 0 0 0 0 0 0 0 0 0 0 0 0 0 0 0 0 0 0 0 0 0
0.349538015247791 0.148541770258548 2.01128138836934 10.5902190175051 1.67995015140382 4.18504586414435 4.35130310739352 1.46112297834843 6.97338371230769 1.70693762054413 0.71030195920945 3.20929871369727 2.57317681103118 1.35268919302763 6.26000169238817 0.612771922225372 6.33134066033484 4.199229832328 1.65026907795376 0.366985701198631 1.55041873732801 2.36261371200111 3.38190291903227 2.28133068126574 0 0 0 0 0 0 0 0 0 0 0 0 0 0 0 0 0 0 0 0 0 0 0 0 0
4.13231848703107 4.81199387909835 3.97361690305877 5.46206640622969 5.15108869476691 5.56443417236929 4.360683290262 0.899943884622354 5.11118924700753 1.37024514164962 9.38771971125473 6.52904486540086 2.95553936522978 0.809929728929019 11.7547261088585 1.65108341996911 5.71211421025596 9.2051469177164 0.339055719147257 1.89740567383866 8.17093165725725 1.00453767760865 3.00004362510272 2.552866787536 1.82711318157121 0 0 0 0 0 0 0 0 0 0 0 0 0 0 0 0 0 0 0 0 0 0 0 0
2.8815695485982 0.390859292717689 1.14163393272451 8.46108982307088 7.20595748096962 0.894589262413481 0.398413030101416 2.96286930675912 4.22912500355549 3.78504642281271 2.39635097920908 0.617372772892216 0.47260089276762 2.76502274439786 4.67366537433282 4.58309765206618 1.15722296021765 0.302102861784449 7.04608920138547 0.897602177596581 0.230127029989506 4.67674440237127 0.741945874616225 3.49518440968124 6.39790598747014 0.928252700686996 0 0 0 0 0 0 0 0 0 0 0 0 0 0 0 0 0 0 0 0 0 0 0
0.509387790481329 2.23652117758673 6.91418197835164 4.0620258792945 2.98435907150019 7.65303347658899 9.59744565715975 0.740615270317543 17.4172409617365 0.23883811920953 5.08160536153359 5.49506362556023 1.48035635101873 4.33452020180569 8.20205276867248 0.134745304433771 3.07330870462581 5.51572959945035 2.02387292557225 0.524263476642724 8.96289626393616 5.16373252753275 5.01771304468349 2.88812074706014 18.3700319444306 1.17684908717259 4.36664186659334 0 0 0 0 0 0 0 0 0 0 0 0 0 0 0 0 0 0 0 0 0 0
1.54610609390654 1.7721838208393 1.25239789417822 0.318892526178293 11.3436866742632 2.64083306094255 6.7107176911936 5.33763855427523 1.8649917903982 0.0305177675338803 2.74890127485233 0.792614724286656 0.6376210031888 1.62788976787919 7.51611141548696 5.25361562114403 0.437659624184885 0.900812164964865 2.61080627778253 4.42743760628237 2.0131999871219 8.09247691865592 5.63047582451317 2.41085263317807 0.306019326692754 4.9026665834647 1.64405472267111 2.42895411112643 0 0 0 0 0 0 0 0 0 0 0 0 0 0 0 0 0 0 0 0 0
5.8090481462906 9.57051121395716 5.61769414314374 9.4482567593796 6.41860239666522 4.75669573895384 3.20143787778312 2.55993755466878 1.63791875562213 1.19639307347723 0.529808209686412 5.59392351105196 2.5879569990556 0.270852177288771 7.1682552170846 1.88392889378804 8.92215562980728 2.85444726173216 0.279166024409042 3.4372275931576 7.5193461706501 4.02347715010614 0.0259047324657197 3.28965601664619 3.54018219700627 6.6863568206542 3.11816695948283 1.38773405866557 9.55244200874122 0 0 0 0 0 0 0 0 0 0 0 0 0 0 0 0 0 0 0 0
4.92146635911333 0.913112347203345 0.580117772070115 2.69924853272389 3.72531008305708 1.30350521326959 0.128801081153986 2.48360904553579 0.254615083757796 7.65679106358845 1.288184921888 0.341450877593177 4.01877000326755 4.13167374811278 3.25050590603386 2.12030083703112 1.88510965911136 1.38152521503095 2.62653624353982 3.41287673331204 1.54511438942834 3.31835339244471 2.85264256903098 0.0786915728833364 12.4344955519537 0.450552311521169 0.0741919613696371 5.31272953849315 0.965998687370672 1.55899532106163 0 0 0 0 0 0 0 0 0 0 0 0 0 0 0 0 0 0 0
3.64679258041865 1.56789082071671 7.25421443057573 2.35569359895898 2.78336545245549 0.496003556839044 3.23252400476905 3.1751817415599 6.46616466350646 0.252380164646083 3.81009084781147 1.22178937428257 0.28447207553029 1.81335224207252 12.1515067276898 0.155055585982438 8.29271912757734 3.02823358169356 0.633661516194389 0.509732511808639 6.48440705379636 1.88930179454383 0.581620407032166 2.38554404649656 0.81378741905758 3.69389250709335 3.81329312266799 0.605032636537556 11.0732323460178 0.757758308039926 9.53673670178916 0 0 0 0 0 0 0 0 0 0 0 0 0 0 0 0 0 0
2.03210722095344 6.11907830184204 0.294121031834768 1.26678969977824 4.28899155863167 2.17089139495521 1.81979152680707 3.6519503962541 8.40691903750282 1.30205470318853 3.11134976334395 1.68996774534126 1.02919731549507 5.86871135430942 8.04189066360338 0.0141387449488116 2.03957429709549 1.79140038120882 1.14042284152836 2.73060988918242 1.49808483306196 2.41789618923245 8.44104663454533 5.32058838416307 0.91631157821001 0.652217155794251 4.47252134851176 0.0372813818377878 2.96784618728459 1.80850177593282 0.0301052097757634 0.0745639879829859 0 0 0 0 0 0 0 0 0 0 0 0 0 0 0 0 0
10.023648069033 3.10213090990254 20.8664514237981 0.860323665638836 2.61785693474147 4.29501566704619 2.15164434302442 0.494818905159281 15.2769005144114 2.96679977183325 4.21647070117858 1.50184356995385 0.337543728625543 5.61846063200606 19.2765180520873 2.21681293012175 12.9458813880709 5.66557783397163 0.810706797594806 1.10779565256528 2.43119262901799 8.59982862346922 1.9720151788602 4.41503236407741 8.50106178989123 5.43458696345104 10.3155492553805 2.7545055955895 0.075500657281584 3.99445729390712 3.37870758877522 2.45619309552092 0.0844732089255426 0 0 0 0 0 0 0 0 0 0 0 0 0 0 0 0
3.06672652191015 3.1959311967635 3.9701605527685 2.26930424443767 3.44080575510927 4.70011882512885 0.782704983764659 0.587730582810063 1.99885683178538 1.82628360231493 4.22025418499828 0.186852902021913 1.48646020578376 7.45324825631184 4.5695297611943 5.85889332125901 3.29920171840437 0.359147166443938 0.637806289337929 1.80957311973749 2.36501235096023 5.684811607369 1.89675600581667 2.33850926322386 0.936828417079576 4.69869017585873 0.362423198207955 1.77826811074765 3.33644222676392 2.33405842601785 0.482514361876673 1.70478303849404 0 0 0 0 0 0 0 0 0 0 0 0 0 0 0 0 0
6.19318082863522 0.202183920007204 1.23158156641457 7.72463313185323 3.85522999503266 1.77865284137725 2.07563864087192 2.45625144507671 2.87202384782386 1.01782424397882 0.148342906202124 1.42894275266247 2.65466990439322 0.474873301307853 14.3827047891122 0.340506265738817 6.36896480559948 1.59138211788511 1.4913698628445 2.19579400524371 2.91188186118481 1.37134867101865 3.41195665864046 3.01539999225592 9.07227157855959 0.70881282526189 1.33687867315472 0.585032992781399 10.1424793532309 0.485387694097948 0 0 0 0 0 0 0 0 0 0 0 0 0 0 0 0 0 0 0
2.38414590800934 3.49936856381527 2.92011941953351 4.93672023889833 8.47324836916242 5.73195187920623 7.22525336986393 0.277029029048155 1.66279856725358 0.115338269005473 0.50260367252646 5.17982221400393 2.2167268573078 2.62359313480426 8.19833445183673 0.872427199507018 0.674490775743053 3.12522762303804 1.5422832762127 0.635921895993453 2.0992240018132 3.76796487390356 0.687963023816857 2.50118849735691 0.533401004763532 2.4936711460816 0.304358714362376 7.05284749425756 0 0 0 0 0 0 0 0 0 0 0 0 0 0 0 0 0 0 0 0 0
4.74566472124082 2.168763358274 4.92013726889962 0.00266471881408626 4.51911120836516 0.337451369129123 0.981155607559657 0.489285414474215 0.326389213909296 0.445332944507317 3.76446265089571 1.46850635885479 0.191692049822122 0.312095826814538 1.98679739304693 0.630304520854672 2.51501670331094 1.93126291835986 0.773896509832158 3.66108846139839 4.90215832571831 1.30593010977152 0.154929035987524 1.62426380851186 0.997622250938194 0.0315112463742151 0 0 0 0 0 0 0 0 0 0 0 0 0 0 0 0 0 0 0 0 0 0 0
1.81736973097689 6.54158938799039 0.776772038316741 2.79341168106044 3.06070014190373 2.97990929460949 3.39414346034869 6.37312480356012 1.09903970736457 0.430103148887042 11.2079076439757 2.82063854155577 3.02673665583261 1.85542226931983 0.167989917584701 0.639142289852536 0.260979874603754 2.12100654453072 0.826102684402876 1.99512917429148 3.95187849660688 0.162649688835765 6.41718443416713 3.21685987726228 0 0 0 0 0 0 0 0 0 0 0 0 0 0 0 0 0 0 0 0 0 0 0 0 0
11.0105086782224 3.08601182018107 8.11076946069198 5.48682942588969 4.69173955747243 2.55507814572053 12.7437936162101 0.530817472489294 8.8725512657726 4.21807174996143 1.00051943781499 1.65048172197706 4.69931600819562 0.502622210407545 8.74800671687332 5.24794495853167 5.7686689624195 3.4917577639914 1.40000086382358 2.46808427501935 9.30620218368299 0.788342926703671 0 0 0 0 0 0 0 0 0 0 0 0 0 0 0 0 0 0 0 0 0 0 0 0 0 0 0
4.43566880705524 21.0855723318592 5.8780828544065 3.39292523224631 4.74300041179511 3.04001849791503 2.32847645320247 1.72002645697493 1.02226770043279 8.47407265881636 0.178254120942668 5.38862825581937 1.06009970074914 7.85250240852134 7.87188139601754 1.08693693368951 1.44426649837605 4.06629207568637 2.14827760785097 0.764153134920012 0 0 0 0 0 0 0 0 0 0 0 0 0 0 0 0 0 0 0 0 0 0 0 0 0 0 0 0 0
4.52225884850319 4.61511643143214 1.21132867586398 0.49850522504344 4.66930122910877 6.81184674711053 0.980976626261372 1.19028197795896 3.00800478262863 3.1641820907799 1.99996528799611 0.955885145130633 1.50288081562491 6.35866026805286 7.34379324392968 0.872568963453657 1.72219451109064 1.33664769313884 0 0 0 0 0 0 0 0 0 0 0 0 0 0 0 0 0 0 0 0 0 0 0 0 0 0 0 0 0 0 0
1.68209808456567 2.34751792280601 0.554748225686443 5.55374222731169 3.27158643140605 6.00674883620505 2.97698002422517 2.18905557065909 4.25725869828992 0.590016517299565 0.640485654699282 0.356001337463761 7.57599909195866 1.06044378030908 2.61843795212181 4.71789907393069 0 0 0 0 0 0 0 0 0 0 0 0 0 0 0 0 0 0 0 0 0 0 0 0 0 0 0 0 0 0 0 0 0
1.17605929208035 4.07389408340626 1.41712277833744 0.332566689640174 3.28426341615263 1.12094531496098 8.10861777483173 0.946334169751753 2.90089283007332 0.684335528197804 3.23395436155441 0.65839250630361 0.900377714333868 2.06920562707959 0 0 0 0 0 0 0 0 0 0 0 0 0 0 0 0 0 0 0 0 0 0 0 0 0 0 0 0 0 0 0 0 0 0 0
5.47299937665177 3.61703511541995 7.95984386487077 3.24442069892617 4.39705232377271 3.47991678050703 7.01524699544332 1.65853761210074 3.02064643658387 2.2729551958205 0.642404376669739 4.19447708097996 0 0 0 0 0 0 0 0 0 0 0 0 0 0 0 0 0 0 0 0 0 0 0 0 0 0 0 0 0 0 0 0 0 0 0 0 0
3.5403704778 0.609435447363819 9.20812500735063 1.94512320684498 8.76142161468706 0.438583414390579 2.00217805732793 3.88777871713276 3.00967275984092 4.78794021739099 0 0 0 0 0 0 0 0 0 0 0 0 0 0 0 0 0 0 0 0 0 0 0 0 0 0 0 0 0 0 0 0 0 0 0 0 0 0 0
3.89413568768788 7.53538917581951 2.24034033519943 3.592663899082 5.35837149984617 2.68793969761782 10.8920306037763 2.25034932597815 0 0 0 0 0 0 0 0 0 0 0 0 0 0 0 0 0 0 0 0 0 0 0 0 0 0 0 0 0 0 0 0 0 0 0 0 0 0 0 0 0
6.37020688547364 4.30075450935974 8.51685054303443 1.43718292415105 1.13457966297671 0.420668283204325 0 0 0 0 0 0 0 0 0 0 0 0 0 0 0 0 0 0 0 0 0 0 0 0 0 0 0 0 0 0 0 0 0 0 0 0 0 0 0 0 0 0 0
2.87832983820861 6.21684630734745 3.34940238699404 2.54645999814582 0 0 0 0 0 0 0 0 0 0 0 0 0 0 0 0 0 0 0 0 0 0 0 0 0 0 0 0 0 0 0 0 0 0 0 0 0 0 0 0 0 0 0 0 0
9.10109185876698 1.40297561371864 0 0 0 0 0 0 0 0 0 0 0 0 0 0 0 0 0 0 0 0 0 0 0 0 0 0 0 0 0 0 0 0 0 0 0 0 0 0 0 0 0 0 0 0 0 0 0
