3.30506042132976 0 0 0 0 0 0 0 0 0 0 0 0 0 0 0 0 0 0 0 0 0 0 0 0 0 0 0 0 0 0 0 0 0 0 0 0 0 0 0 0 0 0 0 0 0 0 0 0
0.943399138031729 9.26092092426162 0 0 0 0 0 0 0 0 0 0 0 0 0 0 0 0 0 0 0 0 0 0 0 0 0 0 0 0 0 0 0 0 0 0 0 0 0 0 0 0 0 0 0 0 0 0 0
0.593386629876319 8.40914452125009 4.85316472996301 0 0 0 0 0 0 0 0 0 0 0 0 0 0 0 0 0 0 0 0 0 0 0 0 0 0 0 0 0 0 0 0 0 0 0 0 0 0 0 0 0 0 0 0 0 0
2.16590341047717 2.92806820794506 2.62311872028625 2.55747217903067 0 0 0 0 0 0 0 0 0 0 0 0 0 0 0 0 0 0 0 0 0 0 0 0 0 0 0 0 0 0 0 0 0 0 0 0 0 0 0 0 0 0 0 0 0
5.26421497177768 2.67371165693248 1.19004926915642 1.93094067896375 1.96371615732671 0 0 0 0 0 0 0 0 0 0 0 0 0 0 0 0 0 0 0 0 0 0 0 0 0 0 0 0 0 0 0 0 0 0 0 0 0 0 0 0 0 0 0 0
1.04535776863066 6.64884472088425 3.89350112571398 5.13258043702909 4.98717159604225 1.767046378226 0 0 0 0 0 0 0 0 0 0 0 0 0 0 0 0 0 0 0 0 0 0 0 0 0 0 0 0 0 0 0 0 0 0 0 0 0 0 0 0 0 0 0
4.32753685823998 0.775329988626755 3.07625647113903 12.9216998126195 9.55631321116221 0.668207150187921 0.268405219591102 0 0 0 0 0 0 0 0 0 0 0 0 0 0 0 0 0 0 0 0 0 0 0 0 0 0 0 0 0 0 0 0 0 0 0 0 0 0 0 0 0 0
13.10863590819 0.316288859754257 2.02298775103351 2.99179479792174 6.21620193860764 0.114943216023953 0.0760730985798627 4.28241627794835 0 0 0 0 0 0 0 0 0 0 0 0 0 0 0 0 0 0 0 0 0 0 0 0 0 0 0 0 0 0 0 0 0 0 0 0 0 0 0 0 0
1.64569003879224 0.274203633848298 2.70051264354019 4.01299617382719 0.310781722660349 0.602559627420648 0.119061076420047 1.72123193934647 0.545694357654375 0 0 0 0 0 0 0 0 0 0 0 0 0 0 0 0 0 0 0 0 0 0 0 0 0 0 0 0 0 0 0 0 0 0 0 0 0 0 0 0
6.6348327149447 3.45612702463359 1.84587168120577 1.81401343762759 7.7404631082831 1.70208597316757 13.8867243632356 3.30453040136181 3.40923892088463 4.02673099847524 0 0 0 0 0 0 0 0 0 0 0 0 0 0 0 0 0 0 0 0 0 0 0 0 0 0 0 0 0 0 0 0 0 0 0 0 0 0 0
3.89214489812809 6.98412024686867 2.79817483281644 12.3299503750094 5.71427190143946 3.31033744518607 16.1177377777571 0.0352027505350393 4.83600490078903 3.49642228597789 3.8390383699849 0 0 0 0 0 0 0 0 0 0 0 0 0 0 0 0 0 0 0 0 0 0 0 0 0 0 0 0 0 0 0 0 0 0 0 0 0 0
10.2055700386209 3.46026526887167 3.52337582543965 3.690195849508 5.26793546670995 0.38423163076985 2.94834244044256 0.803722728371938 4.36985746937244 0.568050427437571 1.15658221580555 0.711855801640586 0 0 0 0 0 0 0 0 0 0 0 0 0 0 0 0 0 0 0 0 0 0 0 0 0 0 0 0 0 0 0 0 0 0 0 0 0
0.0555267456683075 2.42380266118741 1.14863470232633 1.18804350405933 2.44525792662901 0.680642353372321 0.383189390376069 4.32944932957174 1.72145279744495 0.890613686667023 0.0428613837492414 3.66451198571541 3.82064237475488 0 0 0 0 0 0 0 0 0 0 0 0 0 0 0 0 0 0 0 0 0 0 0 0 0 0 0 0 0 0 0 0 0 0 0 0
0.564226116157805 3.53218431166705 4.09620400321806 8.65563805169887 11.1278705358528 1.61634335474681 0.60599225288232 0.305101878139723 0.284446680678189 6.33814523889563 5.10764330616412 0.0882149981878286 7.76442690959434 1.23256151684134 0 0 0 0 0 0 0 0 0 0 0 0 0 0 0 0 0 0 0 0 0 0 0 0 0 0 0 0 0 0 0 0 0 0 0
3.53393912480686 3.38626392676467 7.67954661357455 9.56470646202739 2.2654208002371 0.419872539839644 5.31327938504611 2.12277299578936 2.51487827781258 15.2878802705378 3.23684842005486 0.513992637164694 1.26027516522043 4.18576726461505 14.3541365614077 0 0 0 0 0 0 0 0 0 0 0 0 0 0 0 0 0 0 0 0 0 0 0 0 0 0 0 0 0 0 0 0 0 0
1.88958870680174 0.730574253427415 0.0303143852853236 0.564436220188393 1.57988092493533 3.11762247704588 7.88255463958773 2.21419229880096 0.670524871642748 5.34623539641629 3.74912183920189 10.7380100130458 4.49456596267679 1.20436531727341 0.771002957365038 0.343922486373311 0 0 0 0 0 0 0 0 0 0 0 0 0 0 0 0 0 0 0 0 0 0 0 0 0 0 0 0 0 0 0 0 0
10.0131468589302 3.15475120439321 5.83202437450299 0.0834100939152568 1.71160658552126 7.69000859450338 9.59982344548215 0.450470795868932 3.69339281357387 0.275032178073987 1.08783558177359 4.17456952688172 2.31626603315865 1.88960212275785 11.4562136315297 2.08419222562674 3.33792581236341 0 0 0 0 0 0 0 0 0 0 0 0 0 0 0 0 0 0 0 0 0 0 0 0 0 0 0 0 0 0 0 0
1.36996389162951 9.68178115977549 1.69661178535291 1.94697233969023 15.4996063113444 4.02698841626215 16.1040259308565 0.206825428838561 1.43314463840263 3.67586802895807 12.6246290686079 10.4416770435452 1.77084594084183 5.07523876233922 4.26191748891864 7.47211409895949 0.127941455574626 0.101161256350997 0 0 0 0 0 0 0 0 0 0 0 0 0 0 0 0 0 0 0 0 0 0 0 0 0 0 0 0 0 0 0
1.54035933598895 6.90549787854751 2.9430660114059 9.40796268202386 7.16601282442647 8.56907032274719 1.46028789206002 0.0839144553451778 0.407213245901972 6.67392687281235 14.0046617292483 2.93664245104414 2.71096511162717 1.36177805448708 17.0564065601155 4.35453941224455 5.56778603277524 10.7856454674445 3.65912749374212 0 0 0 0 0 0 0 0 0 0 0 0 0 0 0 0 0 0 0 0 0 0 0 0 0 0 0 0 0 0
0.612281000491892 5.88917598718005 2.50097950099701 3.93296646241552 0.210647645315714 1.94698618533535 1.49791541469767 1.56985614774767 0.438184899173574 8.92269226631099 2.28730780886386 1.69407302283495 1.30789162127456 1.8046474662472 1.27142859396298 2.64698109268916 4.2320786352291 4.39204857045217 7.09964670119624 4.88514352625932 0 0 0 0 0 0 0 0 0 0 0 0 0 0 0 0 0 0 0 0 0 0 0 0 0 0 0 0 0
0.198192583388673 3.20649330113932 0.272990809338144 3.82110693670615 0.544672996561994 6.38205535985601 0.393100214054507 4.4892824695138 5.57373716699524 0.689169589447615 4.4192017701825 1.54739845216709 1.5584405457078 1.01658492096965 1.51269010693898 7.3178938678288 1.57097675442558 6.55937229118793 4.58705410832621 0.213640177145487 5.32064468047349 0 0 0 0 0 0 0 0 0 0 0 0 0 0 0 0 0 0 0 0 0 0 0 0 0 0 0 0
5.03993213076295 3.41073553858309 12.9560126503203 1.88237721613798 1.75053983885712 0.455555433288517 10.4205902984028 2.04546682415783 2.76764887272009 7.74889171762038 4.1696536236818 10.4107634385601 2.61419719802823 0.471214094222886 15.4576144387185 3.51880476975857 3.79913118155591 13.6484450658944 5.49668905706965 6.35350429110674 0.823520505741591 4.77656029644765 0 0 0 0 0 0 0 0 0 0 0 0 0 0 0 0 0 0 0 0 0 0 0 0 0 0 0
4.04062559925468 7.7972947140079 9.19188171780816 1.3721453131367 0.0670977139178254 0.686654720451037 5.060328260972 0.371656699461027 4.63522325353797 0.531077878318646 7.50384182476976 0.991473057439487 2.19311696366843 1.97956514771739 2.04102698553548 1.47246173076972 7.89027976100353 5.72389655849289 5.15001791099614 5.76964446242377 2.44617340725863 3.10175699412995 2.96853431870913 0 0 0 0 0 0 0 0 0 0 0 0 0 0 0 0 0 0 0 0 0 0 0 0 0 0
4.06659926928758 4.31509962395628 4.6249319655993 7.23675423918085 12.2628175699322 7.51281882960208 2.79140122222597 1.44855091895692 1.49287791292548 9.07141856378665 1.97265844489341 0.901475695919776 0.692111188773585 1.60837011054899 4.05728020102375 14.0750224167037 6.60813441232743 6.51537434336294 7.25132151003581 3.55501113171594 2.8707053477311 7.77355745693675 10.0363016811345 0.726938502623871 0 0 0 0 0 0 0 0 0 0 0 0 0 0 0 0 0 0 0 0 0 0 0 0 0
4.34272377042025 1.33727660474325 1.37905301727138 4.51845597637558 11.1393839266178 2.98777503522662 5.67951115845555 6.79072958866419 0.441108380232338 0.287293872690728 0.0671953347447769 4.68846765680506 3.83134447127419 0.845955798296279 5.45928248535286 0.361967823664999 3.53869528031788 0.692804032545089 2.97344604045635 1.07725420533147 2.26863389649159 2.05435268943307 3.15895179457988 5.56861036100966 0.817469313968632 0 0 0 0 0 0 0 0 0 0 0 0 0 0 0 0 0 0 0 0 0 0 0 0
1.58112673426214 5.05816342730159 7.69783289901776 1.95929172216147 5.63393522893487 0.153782641414772 0.00694979662345699 1.0105973716426 1.72664595115668 0.414952423075657 2.64551694074588 0.582669392847301 1.31113011063449 4.90194903198534 1.71514140498131 4.11079198846742 1.7309621390747 2.592565576217 0.224643871497341 2.89804659644741 0.175269110368299 0.608455254611048 2.51129859335915 1.94087015359566 1.38393970023936 0.319194393562818 0 0 0 0 0 0 0 0 0 0 0 0 0 0 0 0 0 0 0 0 0 0 0
3.84896588914012 0.31862024654272 6.50673833412308 1.69660630809906 2.21452621738405 2.50930563252164 0.0844660072636988 3.16880736136286 1.88484611942966 4.40016941047531 0.905005808280127 0.146018620404983 1.14386986626309 1.48084647558336 0.66825794189391 5.86543384254156 4.89997035880347 0.449255720659257 0.562848031590483 4.58904288763997 1.05572110742288 1.77038739746172 2.39741377620543 0.31637055324594 0.939662908161431 3.87095590677797 1.53688026740303 0 0 0 0 0 0 0 0 0 0 0 0 0 0 0 0 0 0 0 0 0 0
9.83652090460309 3.33889838974279 0.293897663902813 15.4296792073831 0.109852958662829 3.85090898926097 2.23797352700797 2.61878644054061 6.89131118011448 3.22697922964935 4.86726045286376 6.42339162815499 2.31638951065 0.161098795947138 6.16117965726791 1.62267085545798 3.94517741400731 10.2625676039031 6.75800573415166 1.81252687419612 1.1157877481712 1.41457560823146 2.68633930607029 0.383629362566987 8.28369508032211 2.22775638779456 5.14010236085859 1.36652977739291 0 0 0 0 0 0 0 0 0 0 0 0 0 0 0 0 0 0 0 0 0
7.19738457271335 2.74533597044208 0.284995044816076 3.54889736797294 4.6666106210821 1.72292734781096 1.92932066862342 9.80576894022775 3.38876751124366 4.84453333172404 9.72660646787839 4.93798834446961 11.0726857049936 2.48995450827507 6.97788912262126 3.26943360010124 0.503214480023777 2.19255083004316 7.05555752032295 7.16462116434663 0.207426207012562 4.93977418444116 2.89808367351412 6.47828995023609 0.370772252260524 3.4259152139163 8.90506393408076 0.336532154585596 0.474753534607018 0 0 0 0 0 0 0 0 0 0 0 0 0 0 0 0 0 0 0 0
1.27937056450644 0.236862181910561 1.72430133602515 4.97511474702087 2.29116183784929 1.34042055924899 8.38773797987996 3.40949143402562 0.130401041143263 8.4305434212215 1.69091467120713 4.3897366843941 3.13080374486894 1.53623212698897 1.5454599856273 6.83480111803225 10.9431896237675 6.4676339662353 4.90052360786994 0.968766787949715 1.20751918207156 4.88044953297586 2.5515604443228 2.65399909139831 8.50269000704515 1.62779240283454 2.74938510213367 0.186603860271218 4.35578086147336 4.35959675974739 0 0 0 0 0 0 0 0 0 0 0 0 0 0 0 0 0 0 0
0.155974840722161 6.44709012889873 1.26493831003018 5.52101905899182 0.774057936158048 2.06587644319074 1.34815156852097 1.7849258903242 0.278994360091923 4.34697982415837 4.86824823066331 4.38490285715298 0.646554972354961 1.96499677882888 3.5308808891549 0.45404998119342 0.837987527141027 1.03288033810928 2.33222479887451 4.67777858581774 1.80869253346677 1.98956958489781 0.668913431998773 1.20376027564498 4.47270561245352 0.670899186598741 1.46296367139315 0.907481816116921 6.65891718741442 0.0324410404742762 2.06687258500459 0 0 0 0 0 0 0 0 0 0 0 0 0 0 0 0 0 0
3.92458085985602 4.19773213344008 5.36774008921729 4.48689156213368 7.1239579366273 3.41564441532614 0.755969167732128 0.519226230421038 7.51448365792535 0.0850691625810213 1.67023230418874 5.77284362848891 4.58028241312989 5.14783597479395 5.89689565367769 4.16278587026434 9.25228753927762 2.44346644412085 9.4566478865535 1.62439834494668 2.42023169150447 6.39944151904158 0.62547229473438 3.42280392189319 5.02007850316349 2.54180142624648 2.78952720564824 9.44324307414107 4.33169828289678 4.98646031837362 1.55906305088621 3.36560462450495 0 0 0 0 0 0 0 0 0 0 0 0 0 0 0 0 0
2.13139534006166 3.95076142079725 0.439175610557405 2.22041381821026 1.15406258757486 4.21628559509441 7.48301098740909 1.42242309015508 4.70181864265307 0.38372018718926 3.32152872870209 4.08016475263511 1.46488974476675 0.860746660555288 5.60502980331727 1.56681924332571 0.140376942178992 0.883570784358016 4.47774094676956 1.32857337723917 4.27426223886865 1.01221610702095 4.53785339582307 6.15630003059113 8.98465184242318 0.0669371568118015 2.06638619984261 1.29128788289858 5.63371555752209 9.06797479567704 0.136072891910277 1.92272008967565 1.94637439788774 0 0 0 0 0 0 0 0 0 0 0 0 0 0 0 0
1.7934563097029 1.15544594756159 0.84075608133527 2.77614603738292 6.23011415812432 4.30645546375421 2.81052264526728 5.42100020057805 3.00970593080134 2.45397340876702 1.4115398944016 3.60032186044742 2.51949584547906 0.200660021065905 1.56161339869765 0.529890059424369 3.41320619699333 4.37370117572007 1.30958247901492 0.612217441639313 0.303394970210159 2.5329387650711 3.40204485419106 0.305999244374333 0.643228948288443 1.28139573596168 3.55448789458169 1.16350916302698 6.55299029603814 3.86082205270529 1.06902380944912 7.57683955477619 0 0 0 0 0 0 0 0 0 0 0 0 0 0 0 0 0
1.551604089757 4.56047081771991 8.70299864226294 5.50525703194595 6.15433001455127 0.624086267244377 3.67914314419764 0.511364910804348 3.60290968660026 0.837144174749213 1.64579128689254 1.00543162052982 3.03582135434488 8.20437326787689 0.64884308031086 1.61636915035492 2.22592290361556 1.32682513793177 5.41698336302613 1.67352769035489 1.44837881827323 1.73574657837982 0.48449485996276 3.76523241043345 8.97368802504418 0.590545060201286 2.41372548570351 8.63981208839557 1.36730063657519 3.07984691968541 0 0 0 0 0 0 0 0 0 0 0 0 0 0 0 0 0 0 0
7.61393570259777 7.39013417984529 2.96614930438011 15.1999046211597 0.388088645658318 4.22004474076142 4.00267783525708 4.42674847083063 4.63890658693182 3.53768400651877 2.09447884098216 4.63780183288052 4.54626332189479 1.88952802114695 6.7992869543333 6.29672117904984 3.18953110539743 6.46726112708659 0.203163769421715 7.34467077208385 4.14550961217228 7.70951909391298 9.4784051194981 7.0359591918335 1.11430922226412 0.497730440826745 2.54888223995768 0.464325640248997 0 0 0 0 0 0 0 0 0 0 0 0 0 0 0 0 0 0 0 0 0
0.729401437703144 1.26083473363988 1.33580068889928 1.18883223290282 6.96160370346388 0.696709861144774 0.944627816952271 1.41559864047323 0.627847584409796 2.80223804366206 2.22437284048759 3.59276699479493 2.77590939053625 2.34059876048816 0.761705752559298 3.45622579984733 3.1013067343638 0.43717592262672 0.0492121489917834 0.565263794376125 7.79299669977433 0.814817867689745 4.56945239443304 1.28235562488472 1.53020944424878 0.950534801579641 0 0 0 0 0 0 0 0 0 0 0 0 0 0 0 0 0 0 0 0 0 0 0
2.05885886903214 2.17995232319891 0.346159887602024 4.147618968421 2.29232243648868 7.16168107876622 4.09349228417958 0.234934733879819 5.55794989576213 5.15723688029654 3.8526608425139 0.894573523478842 1.48075323520075 0.592932003961933 3.5337944492467 1.09301824322951 3.18765649525226 2.49273835984297 0.0534480971092088 8.39554620087993 0.996267353585291 15.6167122134534 7.99437864332972 1.23000338722033 0 0 0 0 0 0 0 0 0 0 0 0 0 0 0 0 0 0 0 0 0 0 0 0 0
5.08926972263835 7.40073943969339 0.0905186175968188 7.34572096760346 2.63266059130491 1.4401597430024 3.05679416464522 0.820862004325189 1.35589777176085 1.86074108657938 1.16185410911253 2.74516139552862 0.492819513996465 0.652873369684143 5.30535612103864 0.45625679478176 0.882680219264539 6.72540156896241 4.25986061681879 5.5587202649928 0.06222063080759 0.434095417311331 0 0 0 0 0 0 0 0 0 0 0 0 0 0 0 0 0 0 0 0 0 0 0 0 0 0 0
6.83079814640158 2.27754292866045 0.521326496363043 2.1963679050743 0.842193527785179 4.89956558252581 3.4372224078403 2.2247894084064 0.910091489395417 0.231979704850383 8.02645065436636 3.12725129325031 1.20137742956833 5.68480038316521 3.24471383888665 0.122609251422645 6.91557946428349 9.79089664341359 6.24183289914102 3.2640549586148 0 0 0 0 0 0 0 0 0 0 0 0 0 0 0 0 0 0 0 0 0 0 0 0 0 0 0 0 0
5.47377314680348 5.86132718136555 5.14816707953536 0.349431665288659 1.68178364621959 8.87991891372338 1.77896996641106 2.06396617714258 4.59999601253055 0.528305097021426 2.20436408380201 9.73730283938335 2.7610111611233 0.188620439953238 2.47532641004975 2.58799095299055 4.09347563817211 0.530241483947299 0 0 0 0 0 0 0 0 0 0 0 0 0 0 0 0 0 0 0 0 0 0 0 0 0 0 0 0 0 0 0
2.53221687668863 12.5519674655028 7.40677244883061 1.82992414104771 3.68824089462704 4.42689414194259 1.85187413071766 0.527366385380821 4.89338935823636 1.97929906337608 2.67487418752322 1.35379538771677 3.06443583411611 3.25768910212439 2.43993733584674 1.08956128066996 0 0 0 0 0 0 0 0 0 0 0 0 0 0 0 0 0 0 0 0 0 0 0 0 0 0 0 0 0 0 0 0 0
5.50629212852288 4.02365519993941 0.325086734925544 1.97699311943092 0.217472762132697 0.187436379945947 1.3242843325102 1.67948310902482 2.75975320680781 0.643804894784863 2.24539481226921 0.0763957133730887 10.7481960797391 1.14593749553783 0 0 0 0 0 0 0 0 0 0 0 0 0 0 0 0 0 0 0 0 0 0 0 0 0 0 0 0 0 0 0 0 0 0 0
0.778695325239547 4.01188890546147 1.47039956712291 3.67072006501082 0.954208106309092 0.000716355672403785 4.80536975219148 0.794860997139921 1.17381156663686 3.17462189218058 1.52237077193535 10.0599781009445 0 0 0 0 0 0 0 0 0 0 0 0 0 0 0 0 0 0 0 0 0 0 0 0 0 0 0 0 0 0 0 0 0 0 0 0 0
3.00797141427712 8.57415431095523 7.04240015517496 2.44882597357774 0.134945214938063 2.65931382979095 4.54014924175094 3.86969285869102 1.52990132699754 3.84889625745828 0 0 0 0 0 0 0 0 0 0 0 0 0 0 0 0 0 0 0 0 0 0 0 0 0 0 0 0 0 0 0 0 0 0 0 0 0 0 0
1.5689367326801 4.99891263410309 4.80731140891881 0.15320435447173 6.61669203160566 0.95328792708932 2.24594163803888 0.0872409957509992 0 0 0 0 0 0 0 0 0 0 0 0 0 0 0 0 0 0 0 0 0 0 0 0 0 0 0 0 0 0 0 0 0 0 0 0 0 0 0 0 0
4.31821859909048 4.31467360215199 2.79052895732812 4.55478701984339 3.51428232971955 5.49721284080994 0 0 0 0 0 0 0 0 0 0 0 0 0 0 0 0 0 0 0 0 0 0 0 0 0 0 0 0 0 0 0 0 0 0 0 0 0 0 0 0 0 0 0
2.41698196588968 1.41291671099525 1.38813472244106 0.406875717988127 0 0 0 0 0 0 0 0 0 0 0 0 0 0 0 0 0 0 0 0 0 0 0 0 0 0 0 0 0 0 0 0 0 0 0 0 0 0 0 0 0 0 0 0 0
0.107177720027528 2.25065299524627 0 0 0 0 0 0 0 0 0 0 0 0 0 0 0 0 0 0 0 0 0 0 0 0 0 0 0 0 0 0 0 0 0 0 0 0 0 0 0 0 0 0 0 0 0 0 0
