1.31697136802077 0 0 0 0 0 0 0 0 0 0 0 0 0 0 0 0 0 0 0 0 0 0 0 0 0 0 0 0 0 0 0 0 0 0 0 0 0 0 0 0 0 0 0 0 0 0 0 0
5.96444985895676 0.742605312661512 0 0 0 0 0 0 0 0 0 0 0 0 0 0 0 0 0 0 0 0 0 0 0 0 0 0 0 0 0 0 0 0 0 0 0 0 0 0 0 0 0 0 0 0 0 0 0
0.121309883402655 2.30483384119422 4.88958063840082 0 0 0 0 0 0 0 0 0 0 0 0 0 0 0 0 0 0 0 0 0 0 0 0 0 0 0 0 0 0 0 0 0 0 0 0 0 0 0 0 0 0 0 0 0 0
9.24939943033302 2.40002653217619 2.77357000648419 1.74388792812483 0 0 0 0 0 0 0 0 0 0 0 0 0 0 0 0 0 0 0 0 0 0 0 0 0 0 0 0 0 0 0 0 0 0 0 0 0 0 0 0 0 0 0 0 0
3.00097677884399 2.31986207465728 4.72454746654345 1.83329765281449 5.92200255024662 0 0 0 0 0 0 0 0 0 0 0 0 0 0 0 0 0 0 0 0 0 0 0 0 0 0 0 0 0 0 0 0 0 0 0 0 0 0 0 0 0 0 0 0
0.63116896762036 6.36118924502984 4.93900330224282 2.52013454952707 0.0976410579124699 2.34065442827153 0 0 0 0 0 0 0 0 0 0 0 0 0 0 0 0 0 0 0 0 0 0 0 0 0 0 0 0 0 0 0 0 0 0 0 0 0 0 0 0 0 0 0
1.08010869376179 1.53840346320618 0.00432445670759927 4.14158691449983 1.85172489956488 0.930105521614707 0.0139232306486721 0 0 0 0 0 0 0 0 0 0 0 0 0 0 0 0 0 0 0 0 0 0 0 0 0 0 0 0 0 0 0 0 0 0 0 0 0 0 0 0 0 0
1.84117309467296 0.649045921025549 0.627440504698072 0.772770594486255 4.56601799796992 1.89710660765301 0.410975494464629 1.44049386504034 0 0 0 0 0 0 0 0 0 0 0 0 0 0 0 0 0 0 0 0 0 0 0 0 0 0 0 0 0 0 0 0 0 0 0 0 0 0 0 0 0
3.02466322432586 0.810952203957509 5.48797273336246 2.8556674456346 2.1383514080475 0.551114865541606 4.12990647026601 0.528478628078917 3.07398721902328 0 0 0 0 0 0 0 0 0 0 0 0 0 0 0 0 0 0 0 0 0 0 0 0 0 0 0 0 0 0 0 0 0 0 0 0 0 0 0 0
1.75756328426199 4.71343848283234 0.59555170550532 4.78017239650143 0.281034824401022 4.29603328907006 2.09676886207941 0.610459871270759 0.53922171291107 0.723928243642246 0 0 0 0 0 0 0 0 0 0 0 0 0 0 0 0 0 0 0 0 0 0 0 0 0 0 0 0 0 0 0 0 0 0 0 0 0 0 0
0.483869032398283 13.2410150242219 1.56619871581573 1.95901518300231 2.78538586380582 1.03095851025612 1.29921114124378 0.79832480525334 0.250125192159654 6.54985590157877 6.07609877319563 0 0 0 0 0 0 0 0 0 0 0 0 0 0 0 0 0 0 0 0 0 0 0 0 0 0 0 0 0 0 0 0 0 0 0 0 0 0
8.23002415300011 0.373319544820766 0.514700869027475 1.80847224312129 1.71677843989249 1.96128852533072 3.04541262121811 2.00321051232859 2.9243862630325 2.48113635305129 0.582985870813541 2.99216610133573 0 0 0 0 0 0 0 0 0 0 0 0 0 0 0 0 0 0 0 0 0 0 0 0 0 0 0 0 0 0 0 0 0 0 0 0 0
2.07310584336606 1.23069525596931 1.42988356729961 0.476674176277947 1.56511708604344 1.25807243090989 0.695243692362268 3.53026401973334 0.911932527953155 0.283062216419136 0.180060698417337 3.43306204940932 1.61402151244997 0 0 0 0 0 0 0 0 0 0 0 0 0 0 0 0 0 0 0 0 0 0 0 0 0 0 0 0 0 0 0 0 0 0 0 0
0.40539927157492 1.31168169515249 0.587408219860466 4.6165416304861 0.635177525596907 1.47378505661365 2.57626953441387 1.20803593202256 0.366496980011063 1.55825290836882 3.3448619780962 0.565942497802829 1.58186073164918 3.00891880867663 0 0 0 0 0 0 0 0 0 0 0 0 0 0 0 0 0 0 0 0 0 0 0 0 0 0 0 0 0 0 0 0 0 0 0
9.25909339492598 0.274894568081113 0.838695547281629 5.82835520029027 0.285548698691449 0.419728394334338 1.16581922340966 1.14012155504906 0.385206181755863 3.62596973230618 0.764903410186389 0.348719616247116 2.9043470725072 1.50528991728742 2.33382771015413 0 0 0 0 0 0 0 0 0 0 0 0 0 0 0 0 0 0 0 0 0 0 0 0 0 0 0 0 0 0 0 0 0 0
0.040097870787817 1.24213197975081 1.01740234771488 1.33596479276495 1.17678558836547 5.32470050733457 1.32009149375824 0.349151433953955 0.849500279182984 0.595463762956012 2.26789394423446 9.61735830952551 7.02042413737327 1.46539132795543 2.09792647912751 0.247399324517195 0 0 0 0 0 0 0 0 0 0 0 0 0 0 0 0 0 0 0 0 0 0 0 0 0 0 0 0 0 0 0 0 0
0.233621126983293 2.01236508726812 1.37211794316761 1.63332937185687 4.51884872101975 1.8066235292269 4.25790646417009 0.531866606186084 2.38280351304499 2.23144674288979 0.320611898659771 1.87703232889893 1.1493761952279 3.60211032679012 4.46339415988245 4.36526431122336 2.32193549179961 0 0 0 0 0 0 0 0 0 0 0 0 0 0 0 0 0 0 0 0 0 0 0 0 0 0 0 0 0 0 0 0
1.78821349208501 1.45199552699283 5.22659216930392 0.0573603313679681 0.658476308593666 0.207358987816047 3.0350945203213 0.468773924999254 3.2826049269233 11.5813408148469 3.37749474371582 1.58312392150142 1.43735536414693 0.909792555761071 0.0826178172409216 3.10904750281669 0.693310186336792 1.53021722383871 0 0 0 0 0 0 0 0 0 0 0 0 0 0 0 0 0 0 0 0 0 0 0 0 0 0 0 0 0 0 0
0.546797336801503 1.86548714722102 2.96030125338262 1.53842740159613 3.49265492204038 3.03261520203338 0.0283136872857137 1.75278413714315 0.292407773111958 6.39998066183779 4.44237636770553 0.385947243786369 1.04351472793304 0.832162290676333 0.0712827029148329 4.85107289533272 0.601142109289615 0.910959323910559 2.64062612865752 0 0 0 0 0 0 0 0 0 0 0 0 0 0 0 0 0 0 0 0 0 0 0 0 0 0 0 0 0 0
0.636131394215627 3.98381932125631 0.739889213687242 4.94023345018836 3.59847704548796 2.69642156143967 3.3147782528343 3.53219109955276 0.889760988522018 0.656676569706506 0.515389393798736 11.0721131949753 0.74671002464929 0.428189956461854 0.105634762423931 0.734747184573202 2.0903644901249 4.10280328356033 3.4019476601846 1.50911181436944 0 0 0 0 0 0 0 0 0 0 0 0 0 0 0 0 0 0 0 0 0 0 0 0 0 0 0 0 0
5.9754704822079 0.421745151121481 2.6958993281153 3.21352087922624 2.65232098524529 0.162765020677582 0.189706912162426 0.205509485175473 1.4113668313636 3.07877558988122 1.6607813653798 2.02445592545583 0.947352030601375 1.08176387891074 1.42985680575414 0.435539897538155 2.1556108745542 0.268495044103943 0.136308579501811 2.8512484397366 1.86855443978893 0 0 0 0 0 0 0 0 0 0 0 0 0 0 0 0 0 0 0 0 0 0 0 0 0 0 0 0
1.22436509793031 0.568985912532822 1.56931720848994 2.43411405060752 0.570352277171035 0.71084281407409 2.17584237931792 0.433820031300247 1.32386438072815 1.20553573058398 0.060252231305861 2.10434160350271 4.54173245065491 3.32576893616497 0.788365260753252 2.61992588270947 0.925227132809077 0.169733585910975 2.40792254196987 1.02084950788525 0.029651028194712 4.24112074410301 0 0 0 0 0 0 0 0 0 0 0 0 0 0 0 0 0 0 0 0 0 0 0 0 0 0 0
0.397098700874641 4.67286612217784 0.732859995191026 0.53852910820858 0.180974210624826 0.569723825080052 6.94595229454575 3.01327380057853 2.91464405177491 1.06823038233541 4.65730228973293 0.494565487953185 3.13305220098689 0.730556528820921 1.2522799369033 0.881347472100586 3.16867100080269 0.718295274367886 1.37760902016205 2.27869131557099 0.458071906938361 2.4879124785449 1.48464238162271 0 0 0 0 0 0 0 0 0 0 0 0 0 0 0 0 0 0 0 0 0 0 0 0 0 0
5.07008537175441 0.490903463887472 2.31443259290374 1.43381767698734 4.10065242045308 2.05097246486156 1.38717594153818 0.51590515676762 5.16692085817887 0.419463603941148 0.73209839008314 4.14679412799414 5.1279190769374 1.96508953014688 3.55645951414994 0.716486594934386 2.13672113595098 1.56223931659483 2.40390427885697 8.7174049506042 2.12070521990087 4.767841090693 3.89749363925919 3.94994756025202 0 0 0 0 0 0 0 0 0 0 0 0 0 0 0 0 0 0 0 0 0 0 0 0 0
0.220580014939307 1.21610940143671 0.418833737525814 1.66972075150808 1.084070371715 2.23608499363083 1.31676090180123 2.21518681803464 0.144091269494589 2.22861694127205 3.1425580149437 4.21526011745782 0.631381731017742 1.03457418744677 0.439765089114035 4.30325936696247 1.91526100722988 4.45094974411121 1.27121867460567 0.0438187008600367 2.03092429605797 4.62674597056052 1.65861289971225 0.765976063229091 2.61033566707944 0 0 0 0 0 0 0 0 0 0 0 0 0 0 0 0 0 0 0 0 0 0 0 0
1.96017606603597 1.61761061422989 0.864262950544965 1.10830460252175 3.27674966996144 4.65395630098444 2.31408639292585 6.53945447015004 0.761487656248291 2.4557444388711 0.611079989735444 1.75597512062485 2.12366453536655 2.46142773574822 5.28725856894561 5.80865089379919 0.585945308365341 9.8162171374643 2.34729309100447 6.19813225890174 1.99647532683401 2.4028213991377 1.16864929179364 2.0629827008569 0.669601610020927 1.36370466202148 0 0 0 0 0 0 0 0 0 0 0 0 0 0 0 0 0 0 0 0 0 0 0
1.68382821096371 1.66283074815621 5.71765196844416 2.6852185230158 7.61265704190031 0.818196471882604 2.44144667843027 1.6604918179321 0.608694527666859 4.93943292386834 4.29397769427576 6.16924328026534 4.91188269950207 1.25823774711143 4.65504877506804 3.07195808073161 0.351526728777333 0.857521581821344 5.26773996098161 2.78787038272815 0.77403265608201 0.213001906821681 1.59881714477804 1.2619854944749 0.929464115639071 0.470780402967669 6.65704462293176 0 0 0 0 0 0 0 0 0 0 0 0 0 0 0 0 0 0 0 0 0 0
6.24543052764981 1.9713225212286 0.227934805952586 1.27963892201736 0.301891247350967 0.767582776085201 0.465813845109637 2.82153490335854 0.024243942245899 10.9112065441579 5.15899758323622 9.63112795179266 0.559175536560588 1.74599383679918 3.74674717574333 0.402433345839648 5.07357414815032 4.54797773895426 2.17118580064146 0.288648056398267 0.0507199782836357 1.15556576089217 0.0186538917468316 0.161126931940637 1.07678546155095 0.986694783038296 10.0245022054321 5.8895522373028 0 0 0 0 0 0 0 0 0 0 0 0 0 0 0 0 0 0 0 0 0
2.85068921914397 2.99316829124955 2.47921237119563 3.22172942147671 0.329900379637886 0.900887491694608 1.11485270292214 0.153837854166113 0.605833139154743 0.959149026135755 1.27924123619809 0.865217121683894 3.07500416888681 0.302324509818923 0.698191577947214 0.482718312044442 1.87390719765522 1.9328415756907 0.810471622704 2.31275501007951 4.12596064612113 2.67910417822943 2.02954474952444 0.726198359330594 1.08595770995762 2.67381576572803 5.34650386652149 1.13038000645324 5.88386074595754 0 0 0 0 0 0 0 0 0 0 0 0 0 0 0 0 0 0 0 0
1.01870082946345 3.8715280988787 4.05641964495859 0.61327781724916 0.347477868067157 2.61178235015931 0.309597672538684 0.632192925376292 0.0679301692324139 5.83882538286075 1.63320722180967 0.815745102031297 0.0507017406754733 1.67143686986811 1.77891067516397 3.60135778368281 0.116112141299181 3.0072911224879 2.69202434109188 1.51857500159246 4.10663926439694 2.22928555244084 1.45121794318213 2.13555897424909 1.12142281707593 5.69238419226265 0.113557595151023 2.50510506692627 0.99352646141776 3.01551336151235 0 0 0 0 0 0 0 0 0 0 0 0 0 0 0 0 0 0 0
0.220187351795796 0.405897929522452 1.31997368251586 2.66271212473747 0.616606711211311 0.195587987360623 0.710411247937253 2.32255584189508 0.890419112735154 0.189103532576415 1.11058857645301 2.07084665620727 2.96100055184404 4.04524575854371 2.57714131554336 2.59319150513297 0.214593650061983 2.27027511500486 6.73964726554093 0.0224268682159015 0.0640882334139523 0.153907418300458 0.277280926716338 3.53056843111665 2.89902249509366 0.669732847080817 15.5871331830932 6.40664138248273 1.16033582615803 1.76185864605513 2.68777263753859 0 0 0 0 0 0 0 0 0 0 0 0 0 0 0 0 0 0
1.6169849380149 0.703082008089773 4.28585975929953 0.69980876934644 1.13474338967607 0.522491475527998 0.0112443754227569 1.74134643818683 0.630080712019518 2.19889093750938 0.10009494702317 2.01037241235132 1.15831426677503 0.952376255201379 2.99611061694791 4.39905370877806 1.19026835312427 1.88512082502919 1.03092598416314 3.56384420065029 0.593601527677186 1.7534439716407 0.645653066757828 4.29975228445046 0.201924225736147 5.53308509416753 0.466503984740365 3.44913547958484 0.784804687885704 7.96967312626014 1.94535100812438 0.653209899218934 0 0 0 0 0 0 0 0 0 0 0 0 0 0 0 0 0
0.933379315758447 1.86517457781385 2.12930815266806 4.61626275648185 2.46087273294451 5.40984248246759 2.36256671045276 0.572639303162135 3.8947865970411 0.0918383390122595 0.439351443307874 1.74615837021539 0.536350998876991 2.81776084236391 0.664165858526977 0.466906268223128 0.655968741218568 2.40133578169011 0.578291808374191 5.94896415443529 0.262999905193795 2.6298516860256 0.203264579060019 0.404482767574024 1.95487344450536 2.907847812608 0.417565384046954 0.253338826832958 1.85522353150679 0.477536617863735 2.78369331750497 1.4228723402787 0.487819228986324 0 0 0 0 0 0 0 0 0 0 0 0 0 0 0 0
0.0769790729487446 1.15553958224525 2.69465004364623 4.15532232112572 1.2428723436061 1.80529363605822 4.28461374621298 1.91775742972787 1.33677373438234 0.144345086377369 0.522140366303096 2.49708443828103 3.64961375885314 3.88167055208407 1.34894115136145 0.972309127520728 0.957476959995242 3.68080768332047 4.76145077918858 4.37360132398258 0.498160271379927 6.61686154050677 0.948728101055276 5.59075832030837 0.73380707624808 0.183368510474475 1.9677525376826 2.12703148665054 3.03932831792113 2.82362259039502 0.831207742997716 7.64384775066092 0 0 0 0 0 0 0 0 0 0 0 0 0 0 0 0 0
6.83139180586547 1.5159766655096 7.57740419508879 6.30628400286562 1.6494861722669 3.92509749457536 0.816575976062908 2.69339910118686 1.53198892137329 0.346141727549945 0.234317151766664 2.66290124090871 3.15407108089349 0.173365479850632 0.528814668432999 0.0735054184788362 0.761394976878707 4.08758196142981 1.69339859749129 0.480451670578911 2.52050069323951 0.0418388642425932 3.91331040078976 1.03779936623373 1.03349731178476 0.190898824025233 5.55260412797726 0.704996089209858 3.95808217368916 0.410014251987643 0 0 0 0 0 0 0 0 0 0 0 0 0 0 0 0 0 0 0
0.11311539019447 8.08847373070584 3.00953521798865 3.57945390809192 1.42563090758796 0.0634284654120492 0.0440074072109219 1.51021856177398 2.42340875902542 4.92209263856796 0.133861959379629 1.65637104003036 0.339479586445993 0.77967747853619 0.758486547546223 2.07515074123078 1.51056935441127 2.22077538765777 5.34139438612037 7.73107140963588 2.32054066519036 1.48377018731784 0.465748854091074 0.744059728954395 6.96785405109682 8.32325349980833 2.5749983176215 2.49300644623424 0 0 0 0 0 0 0 0 0 0 0 0 0 0 0 0 0 0 0 0 0
9.54752445516831 0.977093623233407 0.31632827485239 0.119340279448204 1.38265791893027 0.774261466088534 1.37778327487074 0.296673911248839 2.70959502540708 2.4659247739862 0.358084969944697 0.637479268566466 0.38812145170713 7.21871345902797 0.243204580907943 1.16071630856979 0.525328421753884 1.21013785901599 3.64020059836503 4.33778742452182 0.705143504966148 0.90179609219327 3.02760535081917 2.07464075874144 0.477082971757914 0.142641180960455 0 0 0 0 0 0 0 0 0 0 0 0 0 0 0 0 0 0 0 0 0 0 0
0.848601639768594 1.39841287336214 1.07223989256161 10.3860751437267 1.27552536204016 2.29053216027058 2.03803406910994 1.03521068751232 1.13737729389799 0.800143458733428 2.27647730314315 0.436510437765454 2.87004553903951 0.211983233214855 2.40934618693517 0.127885981947809 4.80644347036718 1.71792096840372 0.405561515190472 1.20714533803814 2.73855661967463 6.23953302338969 3.88541698344004 0.784130164238564 0 0 0 0 0 0 0 0 0 0 0 0 0 0 0 0 0 0 0 0 0 0 0 0 0
0.192033313071376 3.99414339352621 1.16112715451222 0.378645402315574 0.947676990548462 0.526254439048553 5.1156865602651 1.61392133243288 0.0934625691682531 0.362842147776962 0.138643374958044 1.89935853860248 2.1688518382029 2.32796862854267 5.02625475774582 2.19019116837264 0.324886367339101 2.63538464945731 5.219319850098 1.76838467271371 1.44138830971327 5.44526941508233 0 0 0 0 0 0 0 0 0 0 0 0 0 0 0 0 0 0 0 0 0 0 0 0 0 0 0
0.234479964411617 9.34741800155912 1.54239961304867 3.45039585641207 1.73362821325533 3.20910786130285 2.44736124319625 0.0518943098154975 1.11804751607861 0.588436005005169 0.653714793717641 0.495740866350024 1.4216512936123 3.99951558907275 2.39740879251503 3.96491817521688 1.66582623794897 0.951396252178294 1.05381775823478 1.45064052006857 0 0 0 0 0 0 0 0 0 0 0 0 0 0 0 0 0 0 0 0 0 0 0 0 0 0 0 0 0
1.16969474659609 0.827212328488437 0.885803642770774 2.43821556929306 3.49006499342785 1.37351945165241 0.685698087778446 0.192710075824188 0.436725158181398 4.95408832762915 0.15008597759095 4.52876486134165 3.55309979494069 2.71894886914526 1.31285357549202 3.79162423257779 5.48488563718002 2.35215643988632 0 0 0 0 0 0 0 0 0 0 0 0 0 0 0 0 0 0 0 0 0 0 0 0 0 0 0 0 0 0 0
1.57435807309019 3.48937234818131 0.127048171865093 3.10579279485147 0.626374232613163 1.11600403624183 1.0646419636601 1.37018364687063 2.54627497370218 1.47704517939188 0.313132480362168 1.28745464690657 5.22470217601867 2.52821182295768 0.878157143126808 1.69276302407297 0 0 0 0 0 0 0 0 0 0 0 0 0 0 0 0 0 0 0 0 0 0 0 0 0 0 0 0 0 0 0 0 0
0.588274149455699 0.623272585867786 2.38951467915696 0.190779291895363 1.60672471947232 2.57744138867191 1.09616456505102 5.36276522870519 0.352510202766936 7.01402135014671 0.216872084488917 2.61957116413973 1.48919306593408 5.41691475138176 0 0 0 0 0 0 0 0 0 0 0 0 0 0 0 0 0 0 0 0 0 0 0 0 0 0 0 0 0 0 0 0 0 0 0
2.79935807434673 1.72841603448469 0.650516380473825 0.0728408288689811 0.4518260218103 0.935492987354333 0.223520668626396 0.239901053284314 3.65478557414859 0.843677788292586 1.82414959779633 6.58502994029898 0 0 0 0 0 0 0 0 0 0 0 0 0 0 0 0 0 0 0 0 0 0 0 0 0 0 0 0 0 0 0 0 0 0 0 0 0
5.73613905140815 0.982461721730738 0.326769929810157 2.03024261555668 8.23142443795163 2.19923909834752 0.811896611739565 0.719252781772879 5.23273104072041 4.53346421270268 0 0 0 0 0 0 0 0 0 0 0 0 0 0 0 0 0 0 0 0 0 0 0 0 0 0 0 0 0 0 0 0 0 0 0 0 0 0 0
2.04654912584566 3.18057763456299 6.5320686515112 0.287660084054872 1.31250999638564 4.20356977108309 4.83378907653679 1.48133130827741 0 0 0 0 0 0 0 0 0 0 0 0 0 0 0 0 0 0 0 0 0 0 0 0 0 0 0 0 0 0 0 0 0 0 0 0 0 0 0 0 0
1.16852793987754 0.562844393438287 3.50614464359935 2.13995579582633 2.58650606348312 1.5141389453465 0 0 0 0 0 0 0 0 0 0 0 0 0 0 0 0 0 0 0 0 0 0 0 0 0 0 0 0 0 0 0 0 0 0 0 0 0 0 0 0 0 0 0
2.28423524453701 1.39653903629745 5.58201267573312 1.71146409895744 0 0 0 0 0 0 0 0 0 0 0 0 0 0 0 0 0 0 0 0 0 0 0 0 0 0 0 0 0 0 0 0 0 0 0 0 0 0 0 0 0 0 0 0 0
1.40861548931662 1.2531307159198 0 0 0 0 0 0 0 0 0 0 0 0 0 0 0 0 0 0 0 0 0 0 0 0 0 0 0 0 0 0 0 0 0 0 0 0 0 0 0 0 0 0 0 0 0 0 0
