1.07872847375502 0 0 0 0 0 0 0 0 0 0 0 0 0 0 0 0 0 0 0 0 0 0 0 0 0 0 0 0 0 0 0 0 0 0 0 0 0 0 0 0 0 0 0 0 0 0 0 0
1.53163779250869 1.50293344268106 0 0 0 0 0 0 0 0 0 0 0 0 0 0 0 0 0 0 0 0 0 0 0 0 0 0 0 0 0 0 0 0 0 0 0 0 0 0 0 0 0 0 0 0 0 0 0
4.52093521840376 1.14111406755382 7.25977073769413 0 0 0 0 0 0 0 0 0 0 0 0 0 0 0 0 0 0 0 0 0 0 0 0 0 0 0 0 0 0 0 0 0 0 0 0 0 0 0 0 0 0 0 0 0 0
2.39125060382736 1.14235574351402 0.877198668581707 3.721345996579 0 0 0 0 0 0 0 0 0 0 0 0 0 0 0 0 0 0 0 0 0 0 0 0 0 0 0 0 0 0 0 0 0 0 0 0 0 0 0 0 0 0 0 0 0
0.678883918562994 0.190679415200464 1.96087624015413 1.37190773770164 6.9518452400414 0 0 0 0 0 0 0 0 0 0 0 0 0 0 0 0 0 0 0 0 0 0 0 0 0 0 0 0 0 0 0 0 0 0 0 0 0 0 0 0 0 0 0 0
2.93361074256158 2.12135337052139 0.103155932906205 1.27397714025117 6.7973039925042 4.44882417063094 0 0 0 0 0 0 0 0 0 0 0 0 0 0 0 0 0 0 0 0 0 0 0 0 0 0 0 0 0 0 0 0 0 0 0 0 0 0 0 0 0 0 0
1.35045428542337 1.57366031929705 0.228980531442699 1.3396737038452 1.40417997546224 4.24289430973435 7.94439402489567 0 0 0 0 0 0 0 0 0 0 0 0 0 0 0 0 0 0 0 0 0 0 0 0 0 0 0 0 0 0 0 0 0 0 0 0 0 0 0 0 0 0
0.320139253165231 0.0940659750937634 6.73041244569604 0.644699545250166 1.30235012778821 0.144209796148238 0.66423828815222 0.967315414021151 0 0 0 0 0 0 0 0 0 0 0 0 0 0 0 0 0 0 0 0 0 0 0 0 0 0 0 0 0 0 0 0 0 0 0 0 0 0 0 0 0
0.409274409773824 5.64743868751168 1.07264124353571 1.51142726847581 1.39338944544704 0.595992359114677 2.3533845438103 3.09368186985068 1.65250160420012 0 0 0 0 0 0 0 0 0 0 0 0 0 0 0 0 0 0 0 0 0 0 0 0 0 0 0 0 0 0 0 0 0 0 0 0 0 0 0 0
3.04193745962552 0.208312400567845 0.955920458935724 0.00825671739041586 2.65302708585431 1.41379432537682 5.27812053437596 5.17212294643662 3.0286225855469 2.59625641572715 0 0 0 0 0 0 0 0 0 0 0 0 0 0 0 0 0 0 0 0 0 0 0 0 0 0 0 0 0 0 0 0 0 0 0 0 0 0 0
0.366567773016047 1.09210514562095 0.0415853402836045 3.76269911897887 1.85250413250267 0.619512392464044 0.483511672497283 5.65437593661143 0.14415603435312 9.8547695511353 0.294845423451024 0 0 0 0 0 0 0 0 0 0 0 0 0 0 0 0 0 0 0 0 0 0 0 0 0 0 0 0 0 0 0 0 0 0 0 0 0 0
0.663878329442924 1.19769829357216 1.21961295836243 2.84824165476608 0.391906104358215 3.10635043964694 3.09059145542164 0.0791490224606773 0.128948797289959 2.16685900898158 1.12788748246715 0.13570845288028 0 0 0 0 0 0 0 0 0 0 0 0 0 0 0 0 0 0 0 0 0 0 0 0 0 0 0 0 0 0 0 0 0 0 0 0 0
0.312796545799509 9.3957904994665 2.96662024980591 0.0569484085793366 0.154816806041271 1.2633323976046 0.153675672483017 0.555133113210179 2.60561545014855 1.18849170570551 0.155088774580165 0.510850297050169 5.62524063681601 0 0 0 0 0 0 0 0 0 0 0 0 0 0 0 0 0 0 0 0 0 0 0 0 0 0 0 0 0 0 0 0 0 0 0 0
3.24305057347308 3.81022087392059 3.20492371888295 0.444316872472945 1.65780775330116 0.017731382291756 12.531070083433 2.95198056442394 0.0683719108437119 0.50561784603694 2.42642853838685 0.0347834971517723 2.9594121631814 0.3746607539142 0 0 0 0 0 0 0 0 0 0 0 0 0 0 0 0 0 0 0 0 0 0 0 0 0 0 0 0 0 0 0 0 0 0 0
1.60985978388373 6.55398539966072 1.56853158214802 0.238720947177437 0.858024181787095 4.15390023807046 0.617632126032117 1.90218432014252 4.28779129273936 1.00937131626864 0.280399327137182 7.19317179754125 2.82050155845582 3.59941309527993 2.75812633050641 0 0 0 0 0 0 0 0 0 0 0 0 0 0 0 0 0 0 0 0 0 0 0 0 0 0 0 0 0 0 0 0 0 0
3.31144873985461 1.21515224854226 0.557196807617279 0.069573036022254 4.92492617387544 0.821832497821691 1.60543909208395 0.925201207503798 1.82159332060605 0.852540771242129 0.672207750563609 3.151726778455 4.62416222360581 0.585028675205055 0.728296209139182 3.31640257996448 0 0 0 0 0 0 0 0 0 0 0 0 0 0 0 0 0 0 0 0 0 0 0 0 0 0 0 0 0 0 0 0 0
2.90391564386391 1.56967583095095 0.275124954488212 2.68555688210902 1.70099303249388 12.9401395294346 4.37397093963199 0.328764824924205 2.78801162707905 0.190844207404371 1.68302012653489 0.0794542270999154 0.950360651442381 1.10742087719028 1.26258748574367 0.139701739624448 0.62618655186806 0 0 0 0 0 0 0 0 0 0 0 0 0 0 0 0 0 0 0 0 0 0 0 0 0 0 0 0 0 0 0 0
0.955651463552105 3.7335641017006 3.36597546306895 0.277965483009156 0.49406032693963 2.28955473600837 5.68051473257828 0.180468205758622 3.1680068682373 5.58871412614584 6.13131409887805 2.62477885158452 0.21597718119401 7.22123115566399 0.607688313103298 1.1912341557131 2.4464981494798 3.11950491453104 0 0 0 0 0 0 0 0 0 0 0 0 0 0 0 0 0 0 0 0 0 0 0 0 0 0 0 0 0 0 0
0.0959495858286201 1.62403804791315 2.19683981022446 1.53746353352582 1.4989090471031 0.848120119166439 2.22932329824805 0.198867681925469 5.34925976017895 0.240963601790382 5.32809574491113 1.04673908339567 1.5973347458042 1.31974359971295 0.821160443788884 2.71242108076252 3.12814391585871 1.44676551190426 1.71934336732676 0 0 0 0 0 0 0 0 0 0 0 0 0 0 0 0 0 0 0 0 0 0 0 0 0 0 0 0 0 0
0.276786735654688 0.716089733160749 2.79657351956303 1.5927454587799 1.43724738459908 0.241357696937991 1.13296552863442 5.24681106830651 6.86209886471353 1.21992037976761 1.44868084450574 1.57682899273863 2.69160995324074 0.307737396101792 2.58377794477151 5.39789390568927 1.68716463879779 1.08835660841105 2.00909920038003 1.38301523280264 0 0 0 0 0 0 0 0 0 0 0 0 0 0 0 0 0 0 0 0 0 0 0 0 0 0 0 0 0
6.02987976642015 2.13602519109406 3.52820103109127 2.4754589767917 1.39313353605119 2.88652607140128 1.03546899731356 2.15596194232465 0.613878410918773 0.280500981208818 3.46148490233114 1.04009772449152 3.18851628223734 3.26730644711906 1.76575573201787 2.67088674108371 0.715881574241266 0.695521248069542 3.88879640558193 1.66875974002168 3.26916470206268 0 0 0 0 0 0 0 0 0 0 0 0 0 0 0 0 0 0 0 0 0 0 0 0 0 0 0 0
2.7309940674895 1.12549787368482 4.78732072823658 1.59966241492312 1.46082556713357 1.34771462410419 2.61953322661561 1.53212105283097 0.303954941333964 0.233479468543377 0.926367498889545 2.78263957017411 0.480761050557825 1.71567345015646 0.471630900147602 2.11155531958982 2.3036792760175 4.36187240893419 0.809788792461295 2.50591837877671 5.8585594168401 0.423498183379762 0 0 0 0 0 0 0 0 0 0 0 0 0 0 0 0 0 0 0 0 0 0 0 0 0 0 0
7.9825473120876 2.52680837439449 1.51405934713868 0.142417656646536 0.539985134234423 2.00140046947821 0.689700978762884 1.05820934757939 0.424881821850224 0.4464767975235 1.97742075665838 0.156417776425306 0.209598548824674 0.236446432994029 5.60932787690007 0.611379379265183 4.09968651600711 0.591396094473991 0.665007145417769 0.658625471792642 2.12620507537975 0.391114976658101 5.77661062780662 0 0 0 0 0 0 0 0 0 0 0 0 0 0 0 0 0 0 0 0 0 0 0 0 0 0
1.44949362332792 0.272551683901123 3.15866357038368 1.6787097278839 1.80598058351765 2.04288574427041 3.67427981371973 7.46311467692151 6.00162637824242 2.86465516143739 5.49216469272675 5.86457694527918 0.515830805028906 0.276695601608358 1.3081129214874 3.08454706280885 0.741886501454909 2.49938114947712 0.0324665688764827 0.501811161730255 11.6206138539173 1.3807369043332 2.67014196715463 5.12246994706805 0 0 0 0 0 0 0 0 0 0 0 0 0 0 0 0 0 0 0 0 0 0 0 0 0
0.253426523349216 1.19600635934381 1.77856983914801 1.73133713376242 3.10954442727169 1.8966818815604 0.0574869380239565 0.235062049292745 1.39896520363041 1.41503067369101 0.726803121332378 0.669092757029686 6.27747308245876 0.951607818225068 2.95582880464733 1.26303580041882 0.470374451084891 3.96853102913882 0.367424220280992 2.36392447220364 0.143021012541237 2.85902442661639 1.6842565764158 0.509030174773184 1.99919479920039 0 0 0 0 0 0 0 0 0 0 0 0 0 0 0 0 0 0 0 0 0 0 0 0
4.14903579039522 0.706693982316415 0.236440394312891 2.11470386397568 1.10787858083159 3.59510094731783 0.0732459881251675 1.13172842734543 1.51567141483733 2.75596296470199 0.787022586263522 0.685607353283715 0.312507939267592 0.0839722447534027 0.810589717493671 1.99592077981215 4.95147500878477 1.29587991402305 1.23118066347725 2.48225967463495 2.2992798265152 2.95679995990611 0.539064690518784 3.51927411417099 0.378976037314946 8.62388701704151 0 0 0 0 0 0 0 0 0 0 0 0 0 0 0 0 0 0 0 0 0 0 0
0.496836706516984 1.08933100199132 0.0843638394616218 0.842011603829406 2.6659195248799 0.710128330287673 0.83450280306765 1.69753319131755 6.25993615572364 0.715632193294764 1.24333117862389 0.24830234457686 5.01800256441004 2.39444686281918 8.42067177360589 0.557836144891762 3.27870697418907 1.59223288205551 10.3704241288318 2.72706403616371 8.42516205662744 0.945557649099834 2.29589054529527 0.483946132908013 0.407085569443684 1.02284045883109 2.87316406342127 0 0 0 0 0 0 0 0 0 0 0 0 0 0 0 0 0 0 0 0 0 0
0.75472167370232 0.68878747720798 0.970162696073793 6.54926551034106 0.989515058381934 1.15296669037861 2.26449010778114 9.88121042908245 1.09659220234346 0.796372871033922 2.28160228372428 3.13620415303492 1.49594362562394 2.83393160568814 0.245236948509668 1.70034456148527 0.634601585202018 3.19466916406514 1.02544760544555 1.02148820353481 0.474967363985366 0.905289150405848 0.104697360795157 0.683747981034369 1.78031167244803 0.0348720211819617 5.32939590354636 0.271777491672204 0 0 0 0 0 0 0 0 0 0 0 0 0 0 0 0 0 0 0 0 0
0.844770874541631 1.30492299598575 5.99947016650817 0.208390339986657 1.45804897305637 0.0901801493006306 4.03285561006969 1.17360806479599 0.573479960636636 4.37338318236931 10.4949117575306 2.59608216446991 0.101958822139905 2.53209200332768 0.372023608872716 0.13840611911614 0.926997734400291 0.190722544572883 0.545378079428205 1.26359799945328 4.63049457903799 2.37348073783145 4.35434732313413 1.31210659989929 1.07352505858117 4.43707057347239 0.0692620371712676 5.84360188551803 0.0395067789586563 0 0 0 0 0 0 0 0 0 0 0 0 0 0 0 0 0 0 0 0
0.115496540310844 5.3909563081845 2.88039115054505 6.65636707545956 0.597170832957108 2.64210178993294 0.958033283255322 1.50391109963233 0.865359232373081 2.86726597704701 0.0172279558149827 0.414157110595016 2.34283993390844 0.154629439182752 3.99102965028004 4.42256098913923 4.08533713997363 4.65716673492917 2.09423222026292 1.88915914560744 0.526614103757201 1.77537707267085 2.27095251490257 2.04120992331322 4.09925734441864 2.06005522532054 0.168544181006125 0.294781182418606 0.00684693476675261 0.335893475202374 0 0 0 0 0 0 0 0 0 0 0 0 0 0 0 0 0 0 0
8.30116407327514 6.90413285605301 7.23042321661064 0.0207679565995987 8.60269032582902 1.19948065772277 1.36976721772695 1.35813678103467 0.509879162682346 2.35731070747173 1.1191326219054 1.49861878534601 2.2820148008398 3.21117685597591 0.0716297047015557 1.79094740333753 2.95256280136605 4.33443897621124 2.95973875773236 1.84455430114678 1.18883243403117 2.60198892282933 2.31829741829634 8.2552537811568 4.74861130463775 3.82477005796944 1.89158743438844 0.464772137838908 0.175343599920532 7.03106542687715 1.46632701588268 0 0 0 0 0 0 0 0 0 0 0 0 0 0 0 0 0 0
6.98113559494589 4.50086962123535 7.18512280662875 1.01273309166797 3.38460237084354 1.57071800419259 2.93108812098458 3.31250482504486 3.01156460199595 3.96248710367112 5.40100240820182 0.358525320678222 0.41392812315865 9.87061413998017 0.205631880810767 0.747325151885249 0.308041059600447 1.58080692384199 0.973181728488935 0.230383082994909 5.09443811569771 2.02628143382529 0.276154412124225 0.135699226932434 5.33570885932547 2.71765946553647 4.51846538416897 8.25562340953778 2.1713647024899 1.12617876209535 7.79186650640419 2.08051277163393 0 0 0 0 0 0 0 0 0 0 0 0 0 0 0 0 0
1.041833072161 19.6967993091042 12.8030877598853 0.766853248285439 3.52726663631553 0.921215623035613 4.71894476083554 0.0595009479246996 2.43696212965979 1.60524578728301 0.168649718100166 2.28018193864185 1.84730144725062 4.06458457495414 0.971286719415203 5.92219320820966 1.64368797257854 0.681694573497871 5.12927221969221 0.904243017163152 7.48687989069182 5.13110070026797 0.437120620372323 3.45506065047602 0.0716360171911603 0.569570289425385 1.7603554789712 0.563604271279988 0.749911411325561 1.50904490181363 16.3758014113786 4.09543998267587 2.33051792679501 0 0 0 0 0 0 0 0 0 0 0 0 0 0 0 0
9.10581816702293 8.58431902331827 0.549589743264113 1.91074272619473 0.783102107512503 0.605998355407959 5.18094249392145 2.73715048884777 0.833136016604366 2.05960022465548 3.24594192292929 3.05271597855625 1.140067419507 2.07066627602704 1.22465185551161 4.74321672458037 0.36221880012137 0.225299266955696 0.0301188532719382 4.50875087840461 2.12796805480918 0.416260893299849 1.02189649515923 0.881938444079175 4.19865865859875 1.13525146359467 0.444683242704333 2.80454858489998 0.0270100472658591 2.02008286273201 6.45207566903316 2.92606162714825 0 0 0 0 0 0 0 0 0 0 0 0 0 0 0 0 0
1.49117626423347 6.20791251460219 1.43080942807662 0.203305973180176 0.793057362291192 0.405022781186919 1.48124422723744 2.69922952823016 0.88074355315797 0.576676421334306 0.158213017363127 1.33782897885334 3.73178087457182 3.3487385556634 2.90853671663962 1.99513137795767 10.865575109304 0.823137013313882 6.22088041537466 3.39441057300444 0.256231325812457 5.43793802047185 5.24893312366192 1.37038434536601 2.35059824490403 2.45196533303671 0.0840509916058073 0.187564840150582 0.546059204452022 1.44092664857669 0 0 0 0 0 0 0 0 0 0 0 0 0 0 0 0 0 0 0
3.2285558029672 2.1829457027656 0.0744028872382612 7.01678576681617 0.436018491970871 0.201287823941236 1.01243801805304 0.480272113834147 3.2721981539358 3.04871685485462 0.353516787249695 0.394872550362073 0.545979153075611 2.47782022238257 1.86147309762524 0.458913285721237 0.779818607913051 4.96207997373455 3.75024103346811 1.61172803477753 0.408224918322637 1.53413696554302 0.573775397753139 7.11978931508541 3.14202864690608 3.05786212982287 1.08151432221439 15.8962952559492 0 0 0 0 0 0 0 0 0 0 0 0 0 0 0 0 0 0 0 0 0
0.700498753388782 2.14232955471095 3.9224452712646 0.917392653510551 2.53521907799093 0.0589245722005543 0.985155930587872 5.27745278088123 1.29337261296537 0.253077411556316 4.73325154404766 0.17322836429202 2.69765649500459 2.42667682809862 1.18503452534959 2.89017912681359 2.9606079982552 1.82207863225093 0.814837671343566 0.601628482225214 3.00359869436019 0.147526176819839 2.24889378782899 0.316219143924811 1.66488015106372 2.46822875598377 0 0 0 0 0 0 0 0 0 0 0 0 0 0 0 0 0 0 0 0 0 0 0
0.780012031215131 3.87443927457067 0.290257719594468 0.611556114936633 0.562570246701628 1.59940147156188 1.25975987220462 4.98186643780311 4.68257705856369 1.63688654028686 0.110427200659733 2.43365310759206 1.80261066024998 4.88847706180784 0.841069265457961 0.429113877683858 2.76615300396672 0.150310034688287 1.64157176178975 0.944533407621266 0.519513390419992 0.727083813586699 1.44264759837792 0.384882594037157 0 0 0 0 0 0 0 0 0 0 0 0 0 0 0 0 0 0 0 0 0 0 0 0 0
3.07061144544963 5.4235518879705 2.27947251783061 2.76180621300141 0.0240163980735972 1.20010135638629 5.59396196586542 0.0372883386299257 0.564291226211714 0.375629054066751 4.01927819912385 1.42544219389193 2.61919233952579 2.13735944602989 1.72146633264148 0.0924821241597019 0.284101529950112 0.241859591453428 2.79625102827106 2.48023610503066 6.77871526176203 1.52501365818222 0 0 0 0 0 0 0 0 0 0 0 0 0 0 0 0 0 0 0 0 0 0 0 0 0 0 0
1.41097205480026 1.36546683268588 1.4084595292381 2.23337563950912 4.09865381901664 1.21972416336597 0.178153667569464 1.76644539411388 2.45863257168602 4.25004921116937 3.08659374917838 6.98460037563214 3.94016635232338 0.544627035836999 4.27519135991859 0.460740632019333 3.18289758407998 2.83546625149408 3.42264597535235 1.50039659175727 0 0 0 0 0 0 0 0 0 0 0 0 0 0 0 0 0 0 0 0 0 0 0 0 0 0 0 0 0
1.44146345895052 1.97877891551537 0.240614596082732 0.122017967988411 0.435913799538219 7.18806248878978 2.07361771490405 1.2056617093406 0.0432069757943719 1.56646331104711 3.82850017953927 4.04089872336042 2.12661311407432 6.24442665523298 1.22430084364831 1.68214328120387 0.801101086703298 0.44254011420145 0 0 0 0 0 0 0 0 0 0 0 0 0 0 0 0 0 0 0 0 0 0 0 0 0 0 0 0 0 0 0
2.02123049221678 0.206580288348756 7.58683074518879 2.91855461542555 6.82879823954466 8.04917866054488 0.809594405334778 3.39617265111642 0.79602176444393 1.38051596618951 0.530168105818784 1.24620486921814 2.84350799360964 0.0945522256875182 1.94111769259236 0.0345684549394769 0 0 0 0 0 0 0 0 0 0 0 0 0 0 0 0 0 0 0 0 0 0 0 0 0 0 0 0 0 0 0 0 0
0.377924704242782 7.97828139432515 2.77834750403771 0.327380042936519 0.933684472840556 0.641317302124702 2.12367413882489 0.735746904857714 4.94844280766579 1.66131034760117 2.89571007028438 6.59085679643857 2.3694510565925 0.0878438598177739 0 0 0 0 0 0 0 0 0 0 0 0 0 0 0 0 0 0 0 0 0 0 0 0 0 0 0 0 0 0 0 0 0 0 0
0.104549286635078 0.326470676737657 5.81261613081928 3.79156686524637 3.43821681149401 4.00035365854313 1.99773488020841 3.15916197643243 3.08362182354849 5.96664430378033 4.85553120322708 1.02433891791373 0 0 0 0 0 0 0 0 0 0 0 0 0 0 0 0 0 0 0 0 0 0 0 0 0 0 0 0 0 0 0 0 0 0 0 0 0
0.558181183210351 0.0377753433222867 5.78569362498013 0.0636303350212557 6.96226397669498 0.607219514726637 8.09314438989814 2.2856745720985 7.71623819123661 1.10199932475156 0 0 0 0 0 0 0 0 0 0 0 0 0 0 0 0 0 0 0 0 0 0 0 0 0 0 0 0 0 0 0 0 0 0 0 0 0 0 0
2.29284484022903 2.04274107444205 0.13517554185882 4.04797056793999 1.22244060862503 6.75983891116731 1.62129741613412 0.645788641891876 0 0 0 0 0 0 0 0 0 0 0 0 0 0 0 0 0 0 0 0 0 0 0 0 0 0 0 0 0 0 0 0 0 0 0 0 0 0 0 0 0
5.58113701346378 0.505046846266115 11.9015691991639 0.0793469427406359 4.94701703301233 4.05855576746033 0 0 0 0 0 0 0 0 0 0 0 0 0 0 0 0 0 0 0 0 0 0 0 0 0 0 0 0 0 0 0 0 0 0 0 0 0 0 0 0 0 0 0
0.11483630170369 0.252710371780914 0.543753759246545 2.04670185983846 0 0 0 0 0 0 0 0 0 0 0 0 0 0 0 0 0 0 0 0 0 0 0 0 0 0 0 0 0 0 0 0 0 0 0 0 0 0 0 0 0 0 0 0 0
0.310054805217503 2.09227499084912 0 0 0 0 0 0 0 0 0 0 0 0 0 0 0 0 0 0 0 0 0 0 0 0 0 0 0 0 0 0 0 0 0 0 0 0 0 0 0 0 0 0 0 0 0 0 0
