1.928165791632 0 0 0 0 0 0 0 0 0 0 0 0 0 0 0 0 0 0 0 0 0 0 0 0 0 0 0 0 0 0 0 0 0 0 0 0 0 0 0 0 0 0 0 0 0 0 0 0
1.00150853184103 2.54708907538337 0 0 0 0 0 0 0 0 0 0 0 0 0 0 0 0 0 0 0 0 0 0 0 0 0 0 0 0 0 0 0 0 0 0 0 0 0 0 0 0 0 0 0 0 0 0 0
1.00610475441369 3.84341460623972 0.613684726690602 0 0 0 0 0 0 0 0 0 0 0 0 0 0 0 0 0 0 0 0 0 0 0 0 0 0 0 0 0 0 0 0 0 0 0 0 0 0 0 0 0 0 0 0 0 0
1.99307606685543 4.01345831296361 0.575108394932787 8.44803997791504 0 0 0 0 0 0 0 0 0 0 0 0 0 0 0 0 0 0 0 0 0 0 0 0 0 0 0 0 0 0 0 0 0 0 0 0 0 0 0 0 0 0 0 0 0
1.50417923398882 2.97351553708932 0.394803111784659 4.2229906659837 1.98026157894784 0 0 0 0 0 0 0 0 0 0 0 0 0 0 0 0 0 0 0 0 0 0 0 0 0 0 0 0 0 0 0 0 0 0 0 0 0 0 0 0 0 0 0 0
3.18463800160465 0.105144547049531 9.57795803205087 2.73017569940842 0.226584025201548 2.03078074851531 0 0 0 0 0 0 0 0 0 0 0 0 0 0 0 0 0 0 0 0 0 0 0 0 0 0 0 0 0 0 0 0 0 0 0 0 0 0 0 0 0 0 0
0.503892069874353 1.84898329220584 2.22333996055787 4.68901478807548 6.0985169693651 5.39478299491812 2.14713497825719 0 0 0 0 0 0 0 0 0 0 0 0 0 0 0 0 0 0 0 0 0 0 0 0 0 0 0 0 0 0 0 0 0 0 0 0 0 0 0 0 0 0
0.783779556146895 0.757793631646195 0.93223933693038 4.27164084147935 4.6938360571685 1.235255106893 3.00804673208121 1.8182332637288 0 0 0 0 0 0 0 0 0 0 0 0 0 0 0 0 0 0 0 0 0 0 0 0 0 0 0 0 0 0 0 0 0 0 0 0 0 0 0 0 0
1.69629202850316 3.38854705623962 1.36809965299252 0.656753215699011 0.994633654018462 0.869763512608095 3.56199314365923 1.97104471127609 0.143000216091864 0 0 0 0 0 0 0 0 0 0 0 0 0 0 0 0 0 0 0 0 0 0 0 0 0 0 0 0 0 0 0 0 0 0 0 0 0 0 0 0
6.23159333174076 9.72714165691512 2.19665340695498 4.42184361084569 3.39414655973208 0.651496433275972 4.4775044777707 0.554913706598738 2.02884416924566 5.62297266745172 0 0 0 0 0 0 0 0 0 0 0 0 0 0 0 0 0 0 0 0 0 0 0 0 0 0 0 0 0 0 0 0 0 0 0 0 0 0 0
4.68790876218033 0.129418842408838 1.36195419502761 6.45408312724896 0.551034277160784 1.19303116144691 0.365047168152645 1.40474742837422 1.12101343974687 1.76685194525139 0.54875930866619 0 0 0 0 0 0 0 0 0 0 0 0 0 0 0 0 0 0 0 0 0 0 0 0 0 0 0 0 0 0 0 0 0 0 0 0 0 0
0.672582368057939 2.72511299041173 4.37181026233021 6.49172700500357 1.72256275326492 0.83517338042675 0.400267314416164 0.488646891392781 1.65567963776542 5.50784776615174 0.396129859659885 1.54177147290097 0 0 0 0 0 0 0 0 0 0 0 0 0 0 0 0 0 0 0 0 0 0 0 0 0 0 0 0 0 0 0 0 0 0 0 0 0
0.319121472480388 1.7645138110064 6.11442355900989 1.28721285667074 4.23909196062385 3.32349446295612 5.74589590122107 0.103541610187031 2.41845037366745 3.75177362016261 0.0259469751780971 9.51810679954444 0.354737319571113 0 0 0 0 0 0 0 0 0 0 0 0 0 0 0 0 0 0 0 0 0 0 0 0 0 0 0 0 0 0 0 0 0 0 0 0
0.560570937711842 0.771319472308747 0.183554548675925 0.137369626793436 10.212395443091 0.301385504011735 0.311071118918186 1.88919795914053 4.43289930446517 0.338676748958677 0.687942776297682 4.0379568115876 1.64794530405054 0.276791641793238 0 0 0 0 0 0 0 0 0 0 0 0 0 0 0 0 0 0 0 0 0 0 0 0 0 0 0 0 0 0 0 0 0 0 0
0.541655685866391 0.191636319211926 0.314327298690993 0.896793552081279 1.65506074295504 0.974287273363503 0.417086363073297 3.61250551525663 1.31514587843696 0.992881007245817 0.60016239522944 1.25552865945208 0.151724647668922 1.71550106735379 0.915505415350887 0 0 0 0 0 0 0 0 0 0 0 0 0 0 0 0 0 0 0 0 0 0 0 0 0 0 0 0 0 0 0 0 0 0
1.23930109605714 1.44408752097176 5.90470175532205 6.20164920724798 1.43497899281147 1.86041277020566 5.53132798702739 1.22643686824161 16.5924545717305 7.73466581137106 8.15675433977604 0.440607163015223 2.69180415405252 0.790233228692746 1.27416790959257 1.65703924726402 0 0 0 0 0 0 0 0 0 0 0 0 0 0 0 0 0 0 0 0 0 0 0 0 0 0 0 0 0 0 0 0 0
3.25754847087899 1.73650261565758 1.66873745753404 0.575978325361421 0.676999745849257 4.33570638032131 0.867344501995963 1.96031001939389 1.27986220630885 2.52986698809935 0.689912882542957 1.20475725365349 3.75482156145316 1.11163486601767 4.15334457596025 2.28206985014104 9.08684087332555 0 0 0 0 0 0 0 0 0 0 0 0 0 0 0 0 0 0 0 0 0 0 0 0 0 0 0 0 0 0 0 0
0.28580075404219 1.67429680553415 2.79048377428543 2.93856337169016 4.25701788040793 0.485692289505984 7.33676506669821 2.13761213556062 4.66241646335194 1.50129446893975 2.58904366762992 1.21551517592941 0.853261850926183 1.30806578794708 0.26090755220245 0.527179549818276 2.01501822508695 1.29968724451731 0 0 0 0 0 0 0 0 0 0 0 0 0 0 0 0 0 0 0 0 0 0 0 0 0 0 0 0 0 0 0
0.339367518132869 7.7738980336889 5.93013599906173 0.067465898764962 0.345198849682079 1.70870574420418 1.63824626507735 2.06662695854741 4.23929401284299 1.12733211149428 0.54596005109718 4.09315673856686 4.41354438271272 0.333422085745501 4.02619004658475 3.32441609303278 0.667842468845265 9.44409047758857 8.34142627073556 0 0 0 0 0 0 0 0 0 0 0 0 0 0 0 0 0 0 0 0 0 0 0 0 0 0 0 0 0 0
0.517601841792652 1.14319106362403 1.41044068523374 3.33236297153996 0.0560104843535435 0.351773889101894 7.4937664565527 0.267909426719064 9.08115462916455 3.53438959909069 0.38123671274149 5.56436515506391 0.465443706797773 0.127855031262565 4.55535314465423 0.394335974172634 0.782908748094203 0.191869817150273 1.99961371222593 6.59597904708323 0 0 0 0 0 0 0 0 0 0 0 0 0 0 0 0 0 0 0 0 0 0 0 0 0 0 0 0 0
5.1171368857659 4.74749009315212 0.403712784821627 12.4285627332685 0.978440059088335 1.38182430349633 0.599029971302571 1.05362754048872 4.50272065286767 8.86033931421447 1.02249446958686 3.12968679793292 7.5260407307395 3.58886044464689 0.69266222960372 10.7049852816418 2.01011567178489 0.501680355742573 9.61566928035709 4.04750785711673 3.12398266138176 0 0 0 0 0 0 0 0 0 0 0 0 0 0 0 0 0 0 0 0 0 0 0 0 0 0 0 0
0.101764960305472 0.563926336629661 3.19742077542549 3.04711476429123 0.103589753950236 0.978578459609453 2.24471220680051 0.757431878764204 5.19012985899193 0.0884362383190508 0.0520027515152693 1.17750589287527 0.319352957763634 0.323418006683684 2.27618945061216 11.2650882339965 2.74431056406266 2.61225197902996 1.56540895146708 3.10039968901705 0.331546226250962 0.29123103046801 0 0 0 0 0 0 0 0 0 0 0 0 0 0 0 0 0 0 0 0 0 0 0 0 0 0 0
1.04256452497324 3.60743791111881 0.955410231500458 5.44214573611787 1.15186769953735 2.78566809170345 0.833656388551007 1.14246556328438 4.59208035080701 1.11521441683666 2.05119698255532 1.69675033713605 1.04928234859301 4.76923223121364 0.502749944771404 2.62137076938021 4.15723519447984 4.57074901152085 0.474768447829098 12.6859873780678 1.73200347793042 9.58335720623614 4.36413858225745 0 0 0 0 0 0 0 0 0 0 0 0 0 0 0 0 0 0 0 0 0 0 0 0 0 0
2.46201745634584 1.94856851711776 3.1457363558183 1.01155660023834 4.15292361036477 2.39128740654278 10.3629218945606 2.75467850326844 0.482803832433658 0.0115536246878795 3.76182217693325 2.48231319254379 9.00384201119864 0.356729447299413 0.321293282000214 2.96059761357642 1.82005414129656 4.33032903024958 6.7719545634853 2.53029636077448 0.344923749707604 1.10003581467288 2.39591288032476 1.49031215308963 0 0 0 0 0 0 0 0 0 0 0 0 0 0 0 0 0 0 0 0 0 0 0 0 0
0.797141132025207 2.76932379075005 5.3662747638058 0.26622813770474 5.77363695837764 4.20742457557141 3.64925417611214 1.4954632622567 3.75210331790584 0.284992523154224 1.52121018336441 0.839818816871527 1.61487568232983 1.13091469159951 5.98044868175121 2.01834742183767 2.7221317944631 0.0191739011715362 1.37416529704833 1.61428624920788 0.760146321602897 1.32498724150388 0.621489540253054 0.456053714604007 2.28461214630238 0 0 0 0 0 0 0 0 0 0 0 0 0 0 0 0 0 0 0 0 0 0 0 0
2.96666957775949 1.62432171863187 1.22368300430674 2.03406114457971 2.07847625383631 4.56815000120213 1.32544613960793 0.468090765465086 1.26027392837437 3.64633449827235 8.25236275999431 7.14567429568902 1.77815478618252 0.150968639834845 0.396663672769715 0.782073397429015 0.268880166489719 1.00030820007796 1.6678076321309 0.463806283080304 4.8945631921869 2.34688926131977 2.36575065642037 1.29558694852714 5.64339106189628 1.50877428031033 0 0 0 0 0 0 0 0 0 0 0 0 0 0 0 0 0 0 0 0 0 0 0
1.88776136113946 1.5170704845063 2.49156362945819 2.50342285794439 2.1397299385077 7.00166241438566 3.21307800233107 0.0555195627023348 6.2429324014821 5.54156647168378 8.50342888087317 0.198717845910676 0.896141813702692 1.17413035355871 2.74027079492624 1.55524194933904 4.24104119349506 2.14796848913791 1.84000930323909 0.0369004698962396 10.9219374101924 0.986577521149742 4.508795781236 4.89889555973981 1.73861077865472 8.54708740523654 5.5681753034281 0 0 0 0 0 0 0 0 0 0 0 0 0 0 0 0 0 0 0 0 0 0
0.574370455608721 0.603512564393482 10.2799182806548 0.729640093338104 1.01804015282522 5.54148291703537 2.35629455511155 0.0317948887085598 10.1181449872354 8.27869115428361 1.45945974344892 5.8876228694881 1.4540860629844 2.72231484805081 1.65064716831046 0.490020365501632 4.36393904484136 0.165394332904747 0.754840349711429 3.05707176925165 1.32662764111185 0.166753279207822 1.87237735833473 8.23780937967021 0.655167531829022 0.840821819001973 1.96009583154473 0.457281860767459 0 0 0 0 0 0 0 0 0 0 0 0 0 0 0 0 0 0 0 0 0
0.660362704174532 2.89304092486993 0.967915990639858 4.98771849302032 0.0897304954959006 1.37711987667537 5.23780744437562 0.402848591260025 8.26592388705387 1.346879887861 0.724223949692511 2.27672174907459 8.14694115042697 3.06767770230948 6.028135960096 1.46741776993642 0.445985388430545 1.07994968016345 5.28939187975512 2.70127843938635 1.1156454032101 0.208552209168317 3.54234836027305 1.63545623496515 3.6430132975528 4.9131488696228 1.14047660858208 0.791155379898539 10.7100039687103 0 0 0 0 0 0 0 0 0 0 0 0 0 0 0 0 0 0 0 0
2.90747116696609 6.49850652536989 2.45051206775179 4.80267938067939 2.92499976133083 3.37348927883549 14.6361510598896 2.35827018608016 4.17134335349776 0.197558889814555 5.31608663097711 4.07866737165524 4.45711292459771 0.130467889264797 2.65878938268671 0.0232465854389031 0.642971467882577 3.59154538608609 1.55503825503533 4.300237052311 4.20579925361463 2.13780127955546 0.613933488974932 0.765175909635971 0.232660825371215 0.756573738727315 9.44500317712866 3.34649202078294 0.402231031672256 6.62414882310273 0 0 0 0 0 0 0 0 0 0 0 0 0 0 0 0 0 0 0
2.58416855627347 1.10145654004245 6.33961479847006 2.5307187509802 8.05085077982624 6.14235523382459 19.6302760811985 5.56053064466762 5.51076779409238 5.19960648706021 2.70298848639366 0.62175746367471 1.74877463473231 2.12969054335534 0.010394420273872 0.902097482421892 0.964272974621578 1.23120958753716 0.704604707610776 0.456812874929618 0.674554238417097 0.634748855380406 1.45304244041536 1.54367265798904 2.28887460219137 2.81125920854855 5.99942514997229 1.15684469788528 2.13462402328474 1.14910240889703 6.94286538840717 0 0 0 0 0 0 0 0 0 0 0 0 0 0 0 0 0 0
0.34007704930905 11.4264461455065 6.17893068675883 2.16784538660327 3.46631890582923 3.28115869398461 0.483611992518732 2.01537104794111 0.489119547985764 1.30353899098275 4.25502983684634 3.08312875924497 10.6636765755975 3.37333160216454 1.43374116936764 1.42997693504024 6.25907987473089 0.951504493320681 1.15306105579172 2.19694007221502 0.815264706554741 2.30335428276731 5.55493230023014 3.8303921662121 0.438774752483722 3.60449585884352 1.48329520335637 0.237336029935997 1.81606981866989 6.13990696346551 3.08597617692678 0.0415991562713574 0 0 0 0 0 0 0 0 0 0 0 0 0 0 0 0 0
2.30693079944687 5.11048942008393 2.33693443898264 5.78742711535628 1.16593010887553 3.48537095523185 2.3439740859506 4.43187402782561 6.0960482155984 4.01777886860179 2.21930466812322 0.0343900376683233 0.126146002832404 2.74859278678779 0.830958900620848 5.15232952626885 4.21988168212307 4.18012182225245 0.229743036675498 1.4135169376827 3.22793037174292 0.135247231526903 4.9399254963507 4.80109870948902 0.520100816589674 1.38194845620446 0.788360308521186 0.439328428577231 0.305930126003208 0.163944283499053 3.75442515977015 1.51889992842079 0.67910451563417 0 0 0 0 0 0 0 0 0 0 0 0 0 0 0 0
1.29163023878142 2.33760807736492 4.30224009211111 2.47694539474817 0.415030184544913 0.21513159836423 1.2887271773902 0.23670463370688 2.15755519603496 0.883382807828032 0.955691786599022 0.745026150589256 2.25977064942725 4.26315666802111 3.13347671769201 0.943929721563709 5.82730180885206 5.02121284290725 0.673012980723193 0.609747946167086 1.15458593171751 1.90204985330748 0.108316256401957 5.46093612946508 1.83443982274184 0.482341714646711 0.085052798589835 14.7100173303798 5.25950623560015 2.32547295817759 0.273140318744388 1.87006700774563 0 0 0 0 0 0 0 0 0 0 0 0 0 0 0 0 0
1.48776510666974 11.6375037341121 1.25253840428394 2.09755035162356 1.10157491689438 3.15891300775674 0.186577111856688 0.203202815478395 4.62713211662034 0.391973695106254 1.495392720257 1.8918586054774 3.85195542258076 2.68361572637267 2.14929706363349 2.27871157438274 1.9495062775969 1.43153649330982 4.3254616803554 1.42275144876107 0.0819128496501324 0.690751698917072 13.1903558267319 0.460344709043994 0.980221896474954 1.12607848743585 5.82040271942898 4.9136452768993 1.76124604538596 3.1368778004776 0 0 0 0 0 0 0 0 0 0 0 0 0 0 0 0 0 0 0
5.05747367435086 6.48106081138493 4.79715596156438 1.13710579506152 0.864710493397219 5.55787825156033 8.52900177107814 0.0998142791284957 0.683740364315557 3.21866349001643 8.62532151672726 2.68207678737458 2.6540273901373 7.40792222585791 1.64245586735935 11.7776243622845 0.0235678349773127 3.66640243692788 3.48441577626072 6.04990679572955 3.51916947884929 7.37906882453254 2.32885229001136 0.200802538815926 0.676673220765609 3.19591387050524 14.2056003229573 1.19474476353415 0 0 0 0 0 0 0 0 0 0 0 0 0 0 0 0 0 0 0 0 0
0.891118610802135 4.79809041104573 1.68710823294151 1.90057828775145 4.96268848691058 3.96708112883728 1.1782942881796 1.47221832716713 2.78686734115766 10.5256163924468 1.95920959112783 2.56626839154969 0.357690582839073 4.45993447319122 0.94605647038344 3.15979731150401 1.06542523590139 1.14664950165679 1.26976106918693 2.5032116579593 3.53387819656954 0.906171347940489 0.0282863671835776 1.71320675451515 2.71604059114011 0.215742629661117 0 0 0 0 0 0 0 0 0 0 0 0 0 0 0 0 0 0 0 0 0 0 0
1.15371512604342 2.12302103835905 1.26467387023108 3.24361927492002 0.277631648887094 0.743251443105383 2.92743447378616 0.962908247375957 5.31363171772047 6.85355424708911 1.99465500521279 1.32031214272663 1.8281209957923 0.809963590077398 0.42225862113873 0.124094361484738 0.914994162892672 0.278684327986122 4.05654737341871 2.25487402234964 1.34935713754833 4.15706181066019 0.706326931874371 0.790164953907434 0 0 0 0 0 0 0 0 0 0 0 0 0 0 0 0 0 0 0 0 0 0 0 0 0
0.809856776882708 2.51483381201032 6.0021025917074 6.75402381839433 1.12007971137426 4.74518716459658 3.46172446575973 6.17206181938137 1.50902201025514 4.94840513912263 0.216594143387161 2.00724127232925 2.11380613061014 5.35436414874324 0.824662529974192 2.54330410499313 0.749320457753572 4.51296722315479 0.330978620347703 6.41636023866841 3.72625031460259 1.57206982787993 0 0 0 0 0 0 0 0 0 0 0 0 0 0 0 0 0 0 0 0 0 0 0 0 0 0 0
0.366964522731636 2.69975206040525 2.27576902316037 4.63041739084286 6.19891789793574 0.019295123923935 1.42379606067557 0.951822804924089 0.24429849438123 0.567599735953116 0.761209249934867 0.402695700837985 0.0867852917920091 1.80762814457434 10.3920477218061 0.809135190410311 2.70610347326934 1.02773792965342 1.77230159172801 3.26822401836341 0 0 0 0 0 0 0 0 0 0 0 0 0 0 0 0 0 0 0 0 0 0 0 0 0 0 0 0 0
2.2321805784173 0.788695742219159 3.68486870664247 0.650953460365623 2.22429947324508 2.90206749279296 2.8968190905377 2.20913798428679 0.648847869435499 0.962428828155552 2.34109406036788 8.0999055397748 1.47311642728409 4.70823316595827 0.264823610582044 2.03145952469463 1.59059509268689 0.553270874781848 0 0 0 0 0 0 0 0 0 0 0 0 0 0 0 0 0 0 0 0 0 0 0 0 0 0 0 0 0 0 0
3.28922430086962 3.44010842896798 6.0587817886619 3.15694138464161 1.15701559154992 1.98019533601769 3.49093978367083 2.25650597936573 3.16710054613073 5.80413609689061 6.16229278653303 4.94419289874609 2.99287766298909 4.02049801004301 2.59788413276573 11.083066878319 0 0 0 0 0 0 0 0 0 0 0 0 0 0 0 0 0 0 0 0 0 0 0 0 0 0 0 0 0 0 0 0 0
1.13231174845981 9.1125332773141 2.83070394631612 1.49556256315396 8.43314482971704 0.354196566120139 1.6065765476242 2.25402288266125 2.91808935816944 4.5104272138365 0.423375301300025 4.95798515811158 2.65158523162934 2.39958827769904 0 0 0 0 0 0 0 0 0 0 0 0 0 0 0 0 0 0 0 0 0 0 0 0 0 0 0 0 0 0 0 0 0 0 0
0.487872513558934 4.30652755276766 0.0877351522123062 1.1102832137851 1.60574851095554 3.10961936986795 0.950723152767569 0.623038343407877 3.03465674894869 0.649975183546675 1.94884311937749 2.50253138253534 0 0 0 0 0 0 0 0 0 0 0 0 0 0 0 0 0 0 0 0 0 0 0 0 0 0 0 0 0 0 0 0 0 0 0 0 0
0.853765067981754 0.360295578003598 0.780365778287247 2.96953131390016 0.759452900919327 0.357953075459611 0.772688248220779 1.92795547219273 2.41075024347935 0.0796549739402284 0 0 0 0 0 0 0 0 0 0 0 0 0 0 0 0 0 0 0 0 0 0 0 0 0 0 0 0 0 0 0 0 0 0 0 0 0 0 0
3.05251983998589 3.1807426547589 1.40813742753964 0.742512050812713 3.47578864177305 1.74803267718499 0.0779887219473708 0.147586022797702 0 0 0 0 0 0 0 0 0 0 0 0 0 0 0 0 0 0 0 0 0 0 0 0 0 0 0 0 0 0 0 0 0 0 0 0 0 0 0 0 0
2.15616603974793 0.985946892224772 0.96364544770503 6.64457116320538 2.01601262231333 0.654307055193688 0 0 0 0 0 0 0 0 0 0 0 0 0 0 0 0 0 0 0 0 0 0 0 0 0 0 0 0 0 0 0 0 0 0 0 0 0 0 0 0 0 0 0
3.86072680396357 0.464777132810417 1.63908429060284 2.40481535480283 0 0 0 0 0 0 0 0 0 0 0 0 0 0 0 0 0 0 0 0 0 0 0 0 0 0 0 0 0 0 0 0 0 0 0 0 0 0 0 0 0 0 0 0 0
1.35327222728679 0.345213505897323 0 0 0 0 0 0 0 0 0 0 0 0 0 0 0 0 0 0 0 0 0 0 0 0 0 0 0 0 0 0 0 0 0 0 0 0 0 0 0 0 0 0 0 0 0 0 0
