5.16323348546337 0 0 0 0 0 0 0 0 0 0 0 0 0 0 0 0 0 0 0 0 0 0 0 0 0 0 0 0 0 0 0 0 0 0 0 0 0 0 0 0 0 0 0 0 0 0 0 0
0.939056754274878 0.500938121641052 0 0 0 0 0 0 0 0 0 0 0 0 0 0 0 0 0 0 0 0 0 0 0 0 0 0 0 0 0 0 0 0 0 0 0 0 0 0 0 0 0 0 0 0 0 0 0
2.11811626969698 6.84945839143142 0.862365428956691 0 0 0 0 0 0 0 0 0 0 0 0 0 0 0 0 0 0 0 0 0 0 0 0 0 0 0 0 0 0 0 0 0 0 0 0 0 0 0 0 0 0 0 0 0 0
0.753669720425692 0.778698733227921 3.19211591479402 1.81226129858545 0 0 0 0 0 0 0 0 0 0 0 0 0 0 0 0 0 0 0 0 0 0 0 0 0 0 0 0 0 0 0 0 0 0 0 0 0 0 0 0 0 0 0 0 0
7.40730345420839 1.74788632972109 4.03134881528542 1.53960799517268 0.885428108078629 0 0 0 0 0 0 0 0 0 0 0 0 0 0 0 0 0 0 0 0 0 0 0 0 0 0 0 0 0 0 0 0 0 0 0 0 0 0 0 0 0 0 0 0
2.17057257179969 0.223497007298522 2.75661714572704 1.13314796120401 0.352746665119873 3.00816634597449 0 0 0 0 0 0 0 0 0 0 0 0 0 0 0 0 0 0 0 0 0 0 0 0 0 0 0 0 0 0 0 0 0 0 0 0 0 0 0 0 0 0 0
2.50740430404882 1.83915350285423 1.6306122733368 0.0454680170163538 5.65418276471163 0.770984203986513 0.940465227513468 0 0 0 0 0 0 0 0 0 0 0 0 0 0 0 0 0 0 0 0 0 0 0 0 0 0 0 0 0 0 0 0 0 0 0 0 0 0 0 0 0 0
0.609974040814492 0.795940818686 0.670636566406551 4.62580024954124 5.97226190356504 2.31438326946265 2.1291374060793 2.05726463314961 0 0 0 0 0 0 0 0 0 0 0 0 0 0 0 0 0 0 0 0 0 0 0 0 0 0 0 0 0 0 0 0 0 0 0 0 0 0 0 0 0
0.2088226373115 2.75416482462858 2.56724503127443 1.33327218337572 0.0688940666879369 1.62152956638594 0.649913133443277 0.708456496637514 4.3208270303032 0 0 0 0 0 0 0 0 0 0 0 0 0 0 0 0 0 0 0 0 0 0 0 0 0 0 0 0 0 0 0 0 0 0 0 0 0 0 0 0
2.37295692457425 3.83917338322576 0.68088210098497 1.1717935097345 0.18795171938558 0.77806320462919 1.95663330871801 7.39679356372393 0.527026780598503 0.903025478338724 0 0 0 0 0 0 0 0 0 0 0 0 0 0 0 0 0 0 0 0 0 0 0 0 0 0 0 0 0 0 0 0 0 0 0 0 0 0 0
0.626739338493886 0.529394169095102 7.39479657888647 0.397122445452435 0.930777911942369 5.79442669951338 3.52133915858722 3.67468312454504 2.7880262514873 0.500603706581283 3.11348222781123 0 0 0 0 0 0 0 0 0 0 0 0 0 0 0 0 0 0 0 0 0 0 0 0 0 0 0 0 0 0 0 0 0 0 0 0 0 0
1.78654831134919 2.2751016561057 1.80197022351593 3.4896690910341 0.0649872576985838 0.468602157805657 1.4828171880235 3.14392402547046 2.54265861694334 5.26906256980775 0.53336836896451 0.828882588181598 0 0 0 0 0 0 0 0 0 0 0 0 0 0 0 0 0 0 0 0 0 0 0 0 0 0 0 0 0 0 0 0 0 0 0 0 0
0.414719114092156 2.03424679243006 0.528254447080465 0.385473069094561 0.56649173865904 6.19403036188201 2.50511727380034 1.28452388597979 2.25857223323996 2.99795333830244 0.546902699425777 4.26679030765207 1.60868131922082 0 0 0 0 0 0 0 0 0 0 0 0 0 0 0 0 0 0 0 0 0 0 0 0 0 0 0 0 0 0 0 0 0 0 0 0
1.52981073947363 1.35552782708167 0.563415739631756 0.428058166982605 1.19688227599794 1.35704282251538 2.68207106057026 0.486864957397849 1.93236413444406 1.6682202050769 0.457602763286892 6.44987833075488 0.571066865679155 2.43212869466824 0 0 0 0 0 0 0 0 0 0 0 0 0 0 0 0 0 0 0 0 0 0 0 0 0 0 0 0 0 0 0 0 0 0 0
5.78364947256418 4.24056435159434 0.801088359906684 3.6001509732807 2.15632031872938 1.7704290400739 0.589498044529993 3.61807870315221 1.25854909723207 1.32754740510761 0.296670516333199 0.831277765935725 0.426244130914417 1.59126957661564 1.67200972398166 0 0 0 0 0 0 0 0 0 0 0 0 0 0 0 0 0 0 0 0 0 0 0 0 0 0 0 0 0 0 0 0 0 0
8.89479319145945 1.22483906729949 2.18998186154042 2.63532484855221 2.83270775640321 3.28731873326684 3.04830502826121 0.87385613284385 1.07118662493841 0.382996538545087 1.19968423594795 6.49529476612248 9.43533544714401 0.221452906212092 1.23225530843816 3.74277760492238 0 0 0 0 0 0 0 0 0 0 0 0 0 0 0 0 0 0 0 0 0 0 0 0 0 0 0 0 0 0 0 0 0
9.0181068869061 5.24494749598516 12.5570956676982 1.7528085248041 1.68343926639427 2.87602518569927 0.0845450024349484 0.787591004450811 0.046883538617765 0.400436744277744 1.07017080929605 0.408499528113133 1.93411177136864 0.767022499111628 3.00074953616024 0.993563900991648 5.13780160589974 0 0 0 0 0 0 0 0 0 0 0 0 0 0 0 0 0 0 0 0 0 0 0 0 0 0 0 0 0 0 0 0
1.04733737847416 6.35911018270055 3.55114535733452 2.19303721860302 0.0539658043959787 0.573958478572057 0.0292072039047494 0.758723480606262 0.175935944106415 5.10398588806782 2.30017031591346 2.60184838573247 2.29304667841906 0.640279724256909 1.72140797898007 1.74396511172968 5.03237151886712 1.73725627366809 0 0 0 0 0 0 0 0 0 0 0 0 0 0 0 0 0 0 0 0 0 0 0 0 0 0 0 0 0 0 0
0.243574253094076 0.349072429784841 1.33205193747312 2.83092812086558 0.209614243846966 1.12649654508974 2.14935424352553 1.24332756320845 2.40970468822687 1.93332795353914 11.680977907057 0.0366441373409704 0.526394711671186 1.39128617345054 4.65711610421812 0.179552220761382 0.298103472010318 2.2424875251525 0.415670145760935 0 0 0 0 0 0 0 0 0 0 0 0 0 0 0 0 0 0 0 0 0 0 0 0 0 0 0 0 0 0
0.265737121317404 2.5836710496777 2.39272652560932 2.01765198013252 0.920891344456332 3.22688384662569 1.05407062366128 1.91313395962956 12.4451760422995 0.220349829602451 0.206586524209947 0.896052555622189 7.91861226213165 2.40145111987734 0.48172300780993 5.47927734159957 0.412021400913966 3.41857510870855 2.46655165386414 2.44202107165597 0 0 0 0 0 0 0 0 0 0 0 0 0 0 0 0 0 0 0 0 0 0 0 0 0 0 0 0 0
0.672865385316827 2.44423150304399 0.0445824223997541 0.825120241867687 4.50089814603894 1.46217955353085 4.58577272426337 2.88867125211688 0.873424058897925 0.992114357711796 0.846870608901234 3.13468714053847 1.4585350520131 1.60047812671402 5.89539705856041 0.440288928628343 1.20467524572508 1.02309685434895 0.0719827799345236 3.0369026514012 0.724317614868776 0 0 0 0 0 0 0 0 0 0 0 0 0 0 0 0 0 0 0 0 0 0 0 0 0 0 0 0
0.904211286732351 0.140399574641046 2.47281452470022 3.33979686693096 3.28204682085641 3.91325490747986 4.78151810777275 0.200129944254415 2.99005820794436 0.0170782805733848 0.779684857013648 0.27317591736241 0.20467660545653 1.2980479208423 0.33202408695749 7.13180107416889 3.17989708584386 1.27025012567524 1.18225988558635 1.48218559489663 0.0823788206051043 5.91064875653869 0 0 0 0 0 0 0 0 0 0 0 0 0 0 0 0 0 0 0 0 0 0 0 0 0 0 0
1.07651584493925 2.74872873313104 0.241854572400716 1.60951000987689 3.01032099066897 4.99481142894663 3.15427867806691 5.37540933671655 1.21682854436914 3.87637029528301 1.45241450378717 0.909760942840725 0.268177012613095 1.56533012610711 0.832759886488811 1.25725987837309 1.09188093227376 1.3909637667496 0.214387002414008 1.07092781226545 7.06677781911376 0.0176008780738132 0.177128365591913 0 0 0 0 0 0 0 0 0 0 0 0 0 0 0 0 0 0 0 0 0 0 0 0 0 0
0.380409317852327 0.691780648229282 0.166636894173184 1.08142610559873 0.180772954525967 1.25526751776794 2.31400324324241 0.055273978093465 9.89130544103596 2.76313298670424 1.31531527332827 0.493743739169725 1.70453119568006 2.62475156605507 0.144112139733151 0.882017537232304 0.765727274161576 0.328368898960644 0.811189360372602 2.75112133455226 8.13968950738157 3.70391276816023 0.512122292355555 3.33982230920198 0 0 0 0 0 0 0 0 0 0 0 0 0 0 0 0 0 0 0 0 0 0 0 0 0
0.760121548296715 0.660829226429526 0.34053893965759 0.231325008309063 0.234253673643158 0.600683813155316 0.282090207100297 0.409616242244114 0.727914787574254 2.02105858718835 0.103730659162754 4.24105315778488 2.03182886658211 2.60499019329977 0.00583182148822188 0.0918987307149765 0.145325586093238 0.0147833453634263 4.99397372353551 0.0746961023082156 1.91780251499675 1.67875877104208 0.871771493326824 0.682685529261311 2.814713214385 0 0 0 0 0 0 0 0 0 0 0 0 0 0 0 0 0 0 0 0 0 0 0 0
1.15352315154447 2.63846428721116 8.28491126206011 0.596786203926645 5.25040956329251 2.96274796905365 3.09251131455396 6.12406710148943 0.594954207881598 0.509195074421817 1.9243325460108 0.976730501600944 1.70550207766947 1.04053042004153 1.81768568352205 0.961447262362371 2.1139897090461 2.46368950880037 0.823987425796837 1.43963280915664 0.85282524085086 3.11474417231753 4.02714085915289 1.9316558273636 0.753587209785404 3.54258003551443 0 0 0 0 0 0 0 0 0 0 0 0 0 0 0 0 0 0 0 0 0 0 0
0.64962887628228 2.11411778884388 2.45011695228601 0.81741750059119 0.275794587837064 0.0554320845466641 0.00527094305783192 0.704558169727371 0.378663393128021 3.6767717043551 1.88900087175665 5.21157429236126 1.97264782978749 0.931964869505937 1.24224539331044 4.35599406891339 0.238522565244296 2.65317890469855 2.51375016318365 0.611096974670997 4.37635819991909 3.48783266076443 0.0556490427467292 0.118511067938823 1.37837547230974 1.39208401098511 4.10810376795711 0 0 0 0 0 0 0 0 0 0 0 0 0 0 0 0 0 0 0 0 0 0
3.53348804770567 0.923039883196755 0.450728132543698 0.0821340557646581 4.0012794314035 1.91940134527328 0.193420589769885 2.73913372785083 1.54686542776883 1.5873611044245 0.36232767500401 0.200053407600717 5.36406607354168 1.25659327889926 0.371837625275955 2.11817765158579 2.9130169257506 3.03448441618903 3.07189893012787 7.0012035867459 2.93381884908658 11.1564752553954 1.19565807107242 2.54569908719328 0.112478803884813 0.422309504238556 0.91157786987187 4.49607767442854 0 0 0 0 0 0 0 0 0 0 0 0 0 0 0 0 0 0 0 0 0
1.50885356250858 0.179385752358462 2.48226926264878 3.30058069421193 3.48502513974535 0.300118083948258 0.644421435101278 4.06248307252814 2.45709029983186 3.97673205569623 3.11415838924 2.54255044048368 2.4383642932771 2.24305380654796 0.0909023968938593 0.355951594589887 1.04498052686139 0.264857614876231 0.687137677909323 0.972869965798938 0.983740567427062 1.9475170387829 3.62832400614052 1.37943435342999 0.919602943483009 0.56619156567571 8.28519382080883 0.109066002246206 3.28046463975163 0 0 0 0 0 0 0 0 0 0 0 0 0 0 0 0 0 0 0 0
0.193263412581423 1.57712934219566 3.19560501680587 4.28537612752303 0.938120899888638 0.950007549384734 0.789364556013658 2.6876171413459 1.26471655060109 6.22986299905668 5.09088384719097 0.19846048312853 0.97136891917113 1.35213608933819 1.58267265454514 2.23560007260022 1.26276669120331 2.73825772050239 0.672172557889362 0.486061801203358 0.629441007573133 0.32359678132457 0.141484991632726 1.8295405753737 3.8003215694644 1.31507713076998 5.24765297374013 0.465904774863201 3.98764805042668 0.298305152038254 0 0 0 0 0 0 0 0 0 0 0 0 0 0 0 0 0 0 0
0.773931470716074 1.12600424477542 3.2331506513388 1.4418811410031 0.665218294414552 1.62471072646469 0.670387188500615 0.573899974661027 0.464591769587806 0.930648907841136 0.646490738906287 0.641010911283878 3.80733580812724 0.30541719757799 4.47241532013681 1.23093107457769 0.428667815623746 1.02042682422161 0.702957318071733 2.54485562307393 2.67431351230194 0.40780705222662 1.4697420481832 3.0471544694688 1.87751975626523 0.21760040574067 0.862259704947881 7.10004966294169 4.90181144212849 0.822436817391828 0.90752595802234 0 0 0 0 0 0 0 0 0 0 0 0 0 0 0 0 0 0
0.188571951323023 0.820258500816106 3.94246783401205 0.567416782347929 0.424056577368974 0.216386886378267 2.89413104444609 2.27779732224149 1.09419757399144 1.12662628756844 1.87358917681709 3.13753800545061 0.355144838947355 1.26702675828688 0.0125478868395306 3.14551000202372 0.465007205703259 1.18511297096533 0.356812432142583 0.616204293282086 3.87156652930566 2.74114680889794 1.51144030353059 3.44892893641095 4.06252957906216 1.28370030694791 2.82227681096731 1.45655324597295 0.225225836206813 1.11041170140116 1.7239112854716 0.198687826899201 0 0 0 0 0 0 0 0 0 0 0 0 0 0 0 0 0
1.15471986220693 0.070087573282623 4.51502278735605 0.354184904807754 0.184344818344683 1.51494195964928 0.171114965408841 3.03598671753739 0.536741054945109 0.0501866971642104 0.25196928926622 1.93857538667083 1.86344396637146 1.83634892579713 0.703643939861579 2.15996975804247 2.12801565855123 4.03542802641772 1.28804771533166 4.23198747458619 0.0994377772812017 0.724911011197267 1.07556065174523 4.60649389839939 1.77968770978688 4.93513608746359 2.3708744656792 1.78924618569863 0.562005842518526 0.0874745195473464 2.68500592033417 0.991382121870782 0.20889999235046 0 0 0 0 0 0 0 0 0 0 0 0 0 0 0 0
1.78095393680671 1.8743101220788 1.16707020752598 7.82378937604182 0.327821379162104 0.562650762964613 2.73444339039071 0.428757439006137 2.26353189560981 5.85945735151124 0.54536871633948 3.83532044690237 2.5384720661296 1.95481427201705 0.548456868318077 8.41706730760787 0.682664468571355 3.28730263835211 0.120779034365833 3.08762854081661 1.66784623812803 1.42224245471234 5.36215950547097 0.846616409478841 4.08380921470886 0.452601908646142 0.858191393131692 1.86585841213269 1.40110858923504 0.0115980388161383 0.4636516280523 2.35021311578599 0 0 0 0 0 0 0 0 0 0 0 0 0 0 0 0 0
2.65873595694566 2.11148057905332 1.19490498293632 0.1725527330251 5.14283705316493 3.72373476954636 1.7053133107918 2.17303162850106 0.899338920009385 0.623714619558292 1.63213447702396 0.560185165800159 1.79105737668767 2.93574219229021 1.41156508387497 1.8855261026319 0.140831747165136 3.37552145600884 1.00380916810293 4.41884739784519 0.738827958084443 1.01753212954932 1.55673805700352 1.19973253713667 2.58550914055522 1.10453715006434 2.26349939281451 0.158956125288963 0.602917322634669 2.92804470662118 0 0 0 0 0 0 0 0 0 0 0 0 0 0 0 0 0 0 0
1.25373443074788 1.73929873171626 0.58836198922485 1.49176641724767 0.532372331366767 0.230578093981238 1.03323991594322 1.12724781594059 2.28278805963078 2.21744298025228 1.64054390510655 4.30400316010145 1.00089700171869 1.40737973102495 0.620088949882011 0.983261255583313 0.887872515704894 1.08807360549722 0.804604414839242 1.77939756102601 1.55041792426704 1.91777670413675 7.38541698799815 0.417574040764543 1.18740373171772 4.65293676179161 0.666514446300436 0.112087089124156 0 0 0 0 0 0 0 0 0 0 0 0 0 0 0 0 0 0 0 0 0
3.91970158151361 0.0739264224414654 0.612915507072504 0.893817759639302 3.75459965973502 2.13022974833423 1.94534095066845 2.05394622931627 6.12385018612434 0.102601869282068 7.20864275976485 5.95825079727859 5.70907900800944 0.902565872492667 4.29387747373313 0.911209752791205 2.04835050782819 1.81472140118014 0.386893690872764 0.241777545400755 1.25071402055826 2.62813517910367 0.81829867873445 0.206816080296101 0.00522531185826415 1.39592811087046 0 0 0 0 0 0 0 0 0 0 0 0 0 0 0 0 0 0 0 0 0 0 0
3.99183782201255 1.47936966227161 0.824655506752377 1.31660612136468 2.77365519924562 1.71140831344139 3.75912457399013 1.28460416078015 1.38831548650198 4.16544358808004 0.954189311859983 4.39423494136748 1.28875704606693 0.513599214921489 3.98375461451723 6.72864892004872 1.56303601073513 0.964191203801407 3.42498240950515 3.05964906307599 2.69878651053916 0.983800869118189 2.62232262361205 0.0978033129537896 0 0 0 0 0 0 0 0 0 0 0 0 0 0 0 0 0 0 0 0 0 0 0 0 0
1.48978014646076 0.81911563403395 0.409155192817261 2.18282409614221 1.99543580039654 2.86086254718594 2.82555693169733 0.494066649246404 4.50941388951823 2.32665488374811 0.437383265411806 0.763853676378824 2.43692492840725 0.722225874106231 1.23664329290651 2.04341029540637 0.428771268490558 0.481657437150729 2.09812712810182 1.16349808989084 1.76313332226322 2.37288375361362 0 0 0 0 0 0 0 0 0 0 0 0 0 0 0 0 0 0 0 0 0 0 0 0 0 0 0
1.99695416079595 0.113814275381232 1.61514085252238 8.35893767496662 2.26491814441866 1.94016068901424 1.35548607037998 2.08215536223979 1.66741459208379 0.832858450610272 1.8701982805125 2.87960928254309 0.525903822811668 0.801755082682596 3.12678080663282 4.47662381586613 0.104344386307603 0.238453459784699 1.32341126015642 4.10634196629081 0 0 0 0 0 0 0 0 0 0 0 0 0 0 0 0 0 0 0 0 0 0 0 0 0 0 0 0 0
0.747622031701666 1.18032489959586 1.47152162116833 0.130022373522971 0.331428343079302 0.988765579761353 9.69234590020001 1.11502574266213 1.35547825229014 1.23100715510653 0.661517549600002 1.33199256601213 0.948550879050852 0.626303267219066 3.00860586419423 0.212765162518318 2.22531565423514 0.506203255869784 0 0 0 0 0 0 0 0 0 0 0 0 0 0 0 0 0 0 0 0 0 0 0 0 0 0 0 0 0 0 0
1.19382561083942 0.77590812586261 1.88181602312252 1.33869871452854 0.100977564973856 0.119884634537185 0.249508801759989 4.11105040308817 2.18649915122752 1.09058983328325 0.10102185170311 0.0783566804994869 1.40937740604947 0.401985215242282 0.258350582695871 0.133666230232883 0 0 0 0 0 0 0 0 0 0 0 0 0 0 0 0 0 0 0 0 0 0 0 0 0 0 0 0 0 0 0 0 0
3.87396930189572 0.426338057588596 1.98390229605766 0.604365252187204 0.0510809186947722 1.26913431442885 3.40400767480945 1.75705236640142 1.78343698613361 1.55415289021824 2.94943729553289 0.889851516625834 0.409672397491787 1.33205892232329 0 0 0 0 0 0 0 0 0 0 0 0 0 0 0 0 0 0 0 0 0 0 0 0 0 0 0 0 0 0 0 0 0 0 0
2.08568841403423 5.90263363895342 0.742732153217773 1.68125010619903 0.709316346927183 4.54453756483866 1.08603368443714 4.41282017347328 3.09625657621147 0.498321592645015 0.114410635996411 1.76818441209938 0 0 0 0 0 0 0 0 0 0 0 0 0 0 0 0 0 0 0 0 0 0 0 0 0 0 0 0 0 0 0 0 0 0 0 0 0
1.0782323792746 0.00507818778208299 1.53536343995426 0.168017734981634 4.67132117261377 0.0948210155813886 1.28679882919657 6.24395700022788 3.59053557473631 0.300154841603676 0 0 0 0 0 0 0 0 0 0 0 0 0 0 0 0 0 0 0 0 0 0 0 0 0 0 0 0 0 0 0 0 0 0 0 0 0 0 0
0.253767889600228 0.440989368753337 3.2439023930338 3.74940994081696 1.95774915023255 2.64219039137681 0.926029732629612 0.914195844617162 0 0 0 0 0 0 0 0 0 0 0 0 0 0 0 0 0 0 0 0 0 0 0 0 0 0 0 0 0 0 0 0 0 0 0 0 0 0 0 0 0
1.3215049418355 1.90119142374047 0.864348462053269 0.686670709004644 0.262290450406626 2.25062279021029 0 0 0 0 0 0 0 0 0 0 0 0 0 0 0 0 0 0 0 0 0 0 0 0 0 0 0 0 0 0 0 0 0 0 0 0 0 0 0 0 0 0 0
0.352295112225198 1.44731085048687 0.126956849692053 5.73207519859229 0 0 0 0 0 0 0 0 0 0 0 0 0 0 0 0 0 0 0 0 0 0 0 0 0 0 0 0 0 0 0 0 0 0 0 0 0 0 0 0 0 0 0 0 0
6.90959345045759 0.128076451153223 0 0 0 0 0 0 0 0 0 0 0 0 0 0 0 0 0 0 0 0 0 0 0 0 0 0 0 0 0 0 0 0 0 0 0 0 0 0 0 0 0 0 0 0 0 0 0
