1.20661320284722 0 0 0 0 0 0 0 0 0 0 0 0 0 0 0 0 0 0 0 0 0 0 0 0 0 0 0 0 0 0 0 0 0 0 0 0 0 0 0 0 0 0 0 0 0 0 0 0
2.42337067667934 1.46107582450071 0 0 0 0 0 0 0 0 0 0 0 0 0 0 0 0 0 0 0 0 0 0 0 0 0 0 0 0 0 0 0 0 0 0 0 0 0 0 0 0 0 0 0 0 0 0 0
1.42683909439456 4.2440444429592 0.96314281277982 0 0 0 0 0 0 0 0 0 0 0 0 0 0 0 0 0 0 0 0 0 0 0 0 0 0 0 0 0 0 0 0 0 0 0 0 0 0 0 0 0 0 0 0 0 0
3.53252037527886 1.85117725391652 2.82306130075334 2.37197857355951 0 0 0 0 0 0 0 0 0 0 0 0 0 0 0 0 0 0 0 0 0 0 0 0 0 0 0 0 0 0 0 0 0 0 0 0 0 0 0 0 0 0 0 0 0
1.27782098825491 3.41239643738364 5.2407531723099 1.90063710480579 0.414266993665213 0 0 0 0 0 0 0 0 0 0 0 0 0 0 0 0 0 0 0 0 0 0 0 0 0 0 0 0 0 0 0 0 0 0 0 0 0 0 0 0 0 0 0 0
0.996332123061858 1.44074111712867 0.987510139361917 0.647298640708826 0.439808350866085 1.94381958558778 0 0 0 0 0 0 0 0 0 0 0 0 0 0 0 0 0 0 0 0 0 0 0 0 0 0 0 0 0 0 0 0 0 0 0 0 0 0 0 0 0 0 0
0.178638386580892 2.20167688413362 0.528269137423318 1.74267429669691 1.00630374313415 1.93037759598643 1.12259700279223 0 0 0 0 0 0 0 0 0 0 0 0 0 0 0 0 0 0 0 0 0 0 0 0 0 0 0 0 0 0 0 0 0 0 0 0 0 0 0 0 0 0
0.457683832676505 1.18929375922228 0.428719392845166 1.16614718633493 5.18082122786902 5.35252743653753 1.3915758844896 7.70881660646084 0 0 0 0 0 0 0 0 0 0 0 0 0 0 0 0 0 0 0 0 0 0 0 0 0 0 0 0 0 0 0 0 0 0 0 0 0 0 0 0 0
0.650806212312718 2.08222713517171 6.9659939307347 1.58554688412925 0.0260665516906031 0.702813376497598 0.092647018830038 0.838340942502231 4.60415190950535 0 0 0 0 0 0 0 0 0 0 0 0 0 0 0 0 0 0 0 0 0 0 0 0 0 0 0 0 0 0 0 0 0 0 0 0 0 0 0 0
3.56318516529024 1.09230477993698 0.377580979722185 1.21673948456364 0.946554131931191 1.97992152594932 2.85505341640489 0.221598332912792 0.359657416056311 0.356102854201916 0 0 0 0 0 0 0 0 0 0 0 0 0 0 0 0 0 0 0 0 0 0 0 0 0 0 0 0 0 0 0 0 0 0 0 0 0 0 0
2.89762115999747 1.86068438999357 2.04997728995248 6.6209872840842 2.25752721201185 0.496897190783983 9.74773032540508 0.513229892442414 1.02514115602561 0.288658127282409 0.108334102858047 0 0 0 0 0 0 0 0 0 0 0 0 0 0 0 0 0 0 0 0 0 0 0 0 0 0 0 0 0 0 0 0 0 0 0 0 0 0
0.174604189618306 3.40592338174031 5.59788543537616 0.125703664411932 0.258814734737917 0.30772758117318 0.948995135256149 2.55103857936415 1.37881214478582 0.866135542059759 0.0271634691532261 3.7080399676999 0 0 0 0 0 0 0 0 0 0 0 0 0 0 0 0 0 0 0 0 0 0 0 0 0 0 0 0 0 0 0 0 0 0 0 0 0
0.0747276910100596 1.51388481864077 0.213237531294089 6.8973985965825 0.813823413322802 4.37557335313101 0.0406661083775511 1.13083620581976 1.35068777476236 0.033047999634569 0.556996227974587 1.80337225427493 1.36138887029078 0 0 0 0 0 0 0 0 0 0 0 0 0 0 0 0 0 0 0 0 0 0 0 0 0 0 0 0 0 0 0 0 0 0 0 0
2.60372307218868 4.09001166704038 1.74112200808191 3.12741282327829 3.6232936947615 0.62924385591425 1.23945603603948 2.22503451092688 3.4022252947931 0.132361593522943 0.0871983830795616 1.80723653140029 1.80332283587545 1.130445307131 0 0 0 0 0 0 0 0 0 0 0 0 0 0 0 0 0 0 0 0 0 0 0 0 0 0 0 0 0 0 0 0 0 0 0
0.596880915049756 0.707912780555894 4.04632526900876 1.18412969117629 0.228762637458907 0.448641299154198 1.31225836571603 0.182232113271412 0.18944716058953 1.36994109290454 0.740679189832569 0.907574157070142 3.51236048109658 0.0905198751482309 3.30457163473868 0 0 0 0 0 0 0 0 0 0 0 0 0 0 0 0 0 0 0 0 0 0 0 0 0 0 0 0 0 0 0 0 0 0
0.355861818269878 3.35477599211309 0.482483985501989 0.760449617032788 1.81777907349778 2.3904995037315 1.99850243445484 6.30945265625824 0.650916718151425 1.03338335470152 0.880068469893528 2.12355072084731 0.979233082172472 1.82165083147156 2.79379194123901 2.39366151140794 0 0 0 0 0 0 0 0 0 0 0 0 0 0 0 0 0 0 0 0 0 0 0 0 0 0 0 0 0 0 0 0 0
0.87335733965706 6.2962378535018 1.68345235528937 0.444406230523443 1.07383934140183 0.594040218163208 1.0301940182251 0.57040142675414 1.38328411196582 1.94274617121195 2.0743710411788 0.804203976833211 2.72715068174153 0.817503609192359 5.12743602057965 0.446995095038387 0.955108851608331 0 0 0 0 0 0 0 0 0 0 0 0 0 0 0 0 0 0 0 0 0 0 0 0 0 0 0 0 0 0 0 0
0.0209700890884339 1.22650104677826 0.622948356012906 0.561915727743656 8.65243957222918 0.230673472959051 0.466594993647827 0.995188461870646 1.48260629566208 1.65936941632017 0.636205536367388 0.395583462257689 0.260442112185709 1.52549210912984 1.10704714624403 1.8812519493876 0.772203232796749 3.6106568203318 0 0 0 0 0 0 0 0 0 0 0 0 0 0 0 0 0 0 0 0 0 0 0 0 0 0 0 0 0 0 0
0.484481107536979 0.15485320104868 0.903001241317683 0.793555440173315 1.32935344008841 0.505927095084569 0.625777151383157 6.33533087948788 0.496895938738746 1.95671612340154 0.511271773226826 1.79686106572227 7.41935756695671 1.51106611687429 3.12056400358517 1.88615812666953 1.5300122055517 2.9602983188868 0.877225855633421 0 0 0 0 0 0 0 0 0 0 0 0 0 0 0 0 0 0 0 0 0 0 0 0 0 0 0 0 0 0
1.21694583696277 2.71953647290667 3.28071448789944 3.38867841631844 4.15573453481662 1.61691825605682 0.118077819888009 1.41806025214866 3.27168500164487 5.18904555652166 4.21567813130417 1.37299266182645 8.42815291499099 1.18204455523491 1.32085575095544 6.03623329790665 2.70517340947438 0.248573183890196 0.653271434971773 0.612119606012109 0 0 0 0 0 0 0 0 0 0 0 0 0 0 0 0 0 0 0 0 0 0 0 0 0 0 0 0 0
0.427302247853378 0.281953790378221 2.0062660398527 1.36800839046311 2.63847334922974 0.560978344188188 4.48997555342488 1.54801285313059 2.80864820435454 7.10168582748064 1.21870273808027 0.00568650820030129 1.31678775856101 1.44674266801574 1.17014924856943 3.06483971449664 2.4950824257058 0.359551169951006 2.19085786603395 6.57758397307766 0.949756664849736 0 0 0 0 0 0 0 0 0 0 0 0 0 0 0 0 0 0 0 0 0 0 0 0 0 0 0 0
0.211435974013486 0.286354881301001 1.34895689363587 0.427330937935904 0.666649050569714 0.349688716517755 1.28343599320339 0.438076492659385 1.09638518512665 1.75862711165447 0.372921425709145 2.95608342581676 1.26340995302937 5.82473234464627 1.55520631741977 0.684953588841953 0.749776973955553 0.693039272311579 1.22014407506805 6.21717234967829 0.663415437136137 1.2215406637088 0 0 0 0 0 0 0 0 0 0 0 0 0 0 0 0 0 0 0 0 0 0 0 0 0 0 0
1.47104300113653 0.586580130875092 0.649865901893515 0.570781264350853 0.216029903631196 0.639451274384627 0.377935770450343 1.01900600249564 0.156037758344874 2.3078021814038 0.858864060269203 4.2547806574453 0.243189182394546 1.72176300150881 1.26372138377561 0.180988841359711 0.806814727666825 1.25676127502077 0.358418117216502 7.98268846505749 2.26239295451447 0.71492304027222 0.712886754596008 0 0 0 0 0 0 0 0 0 0 0 0 0 0 0 0 0 0 0 0 0 0 0 0 0 0
2.02109131756071 3.18707363123573 0.205377501646792 3.11543515691238 1.99527372798079 0.177071745436154 0.0494051882243319 2.0781657967674 2.33125333822243 8.65328836954857 0.297538477235524 0.923715642345104 0.0931974982633854 0.593342722967942 3.24677410836909 1.48679367729398 6.46851071968399 5.22937790719108 8.18472456610147 1.29520665101343 0.811178221674972 2.0995129939357 2.28450897952022 0.032477996177535 0 0 0 0 0 0 0 0 0 0 0 0 0 0 0 0 0 0 0 0 0 0 0 0 0
4.14404424975432 0.889727148779067 3.01997167921307 4.37701645979241 1.13228301561488 2.61521038223032 0.923628375141417 3.55678381899806 0.480704687806887 0.504337188818133 1.00205822040528 0.248499112173089 1.50128130500669 0.671176360646427 0.154382045823791 1.36544777496181 1.73074097198244 1.56596886583029 2.93848819455017 2.54961811252271 2.21635115880097 1.37419937365607 0.873411860165818 0.723588867923017 1.49956898727011 0 0 0 0 0 0 0 0 0 0 0 0 0 0 0 0 0 0 0 0 0 0 0 0
0.388997269768581 5.46681004823372 1.46329255146864 1.41672776209105 3.20075356946738 5.25023720192107 2.10021005608126 0.143684950218474 0.0142402520237223 0.939032722850129 2.0946128151188 3.45359268478783 1.68195307380371 0.357184862330256 0.862013598827026 1.53008793938603 0.989414554869672 0.157206642551156 2.22322016049223 8.09590546361193 1.65566824326982 2.26345023225548 2.50826130144341 3.3197867230658 0.265399408401315 0.118515127683082 0 0 0 0 0 0 0 0 0 0 0 0 0 0 0 0 0 0 0 0 0 0 0
4.81393813681008 0.866855647001969 1.42129592237912 2.75140285283908 2.19607272183428 1.19329078748652 0.946870276506442 1.51524960588339 7.18585519418094 0.845826246714758 6.41116307213535 2.14304851485711 0.035681837507205 0.382821975362217 0.123196857109168 0.0945360289859084 0.635215971816597 3.99627941461422 0.513568824792362 4.93311917675176 0.202509253295981 0.685330176029599 2.19923026102363 0.623043777186502 2.30690577193629 1.10298413968046 4.38496627461836 0 0 0 0 0 0 0 0 0 0 0 0 0 0 0 0 0 0 0 0 0 0
0.41969528709629 3.60854662890121 1.15074568783869 0.358282942093688 0.976526681059984 0.650690530338591 1.15221023963305 2.16527818000857 5.75671309567856 0.418310229787505 0.756639303156105 3.30228467547761 0.221035242231123 0.00898652060025622 7.60216719036659 0.885115540915196 0.0933525312486 0.362458615322766 1.04915513982098 1.82394284231644 0.0340715593676826 5.53233771368138 2.7504715213114 0.330094599154162 1.48429704626149 6.78363601402337 3.53276846495909 0.427388151477189 0 0 0 0 0 0 0 0 0 0 0 0 0 0 0 0 0 0 0 0 0
0.317552649657935 0.354501691236754 0.362772797014212 0.705654686544555 0.464515528287346 0.940800396654994 1.77981564354606 0.899261813284504 0.458191080784911 0.0286038823865481 2.72551645547428 3.65249940428004 1.88150216719146 1.08137961994769 0.739895841232034 0.407681049909168 2.91669327012268 1.112887971388 0.426339386035309 2.61607966983238 1.96913792507637 2.0448223340245 0.0142970585798468 1.72596207814523 0.624545688201655 0.608441772393317 2.7689943493327 3.09916539141634 1.03152056953021 0 0 0 0 0 0 0 0 0 0 0 0 0 0 0 0 0 0 0 0
1.1824097480226 0.789464224903722 2.48707743223495 1.25762802319182 4.08375189519048 0.526376342211049 4.25286967853801 3.14178063151226 0.74564799164997 2.31762865668406 0.815087811081978 3.50178714727889 0.52554405737776 0.532168699248443 0.863405141880297 8.20339537194858 1.23330534854124 3.39979681508439 0.708025801898537 12.6568851002255 0.113502136653085 3.43024338046921 7.17749450919597 1.20916635818244 0.666289033372435 1.10494884329595 0.195464175903686 5.81981319910881 2.12877387967111 0.100449935826796 0 0 0 0 0 0 0 0 0 0 0 0 0 0 0 0 0 0 0
0.587505891188956 1.35927663077396 0.31917935745265 1.89222769693063 0.852819357321675 1.07160963348662 3.48123634747115 8.21819839484396 0.695722529897912 1.80411677441951 1.07799556179714 0.73333324578116 2.22996035772312 0.799752163517619 3.80019243276901 2.33288847639499 0.504274322519166 1.40552019953916 2.12469131577273 0.385349126661485 1.11918281472825 0.608231465424417 4.73430348675322 3.01824695156776 0.289736970189566 1.7334719401386 1.1216805061389 1.99271204050451 3.70907488537045 0.839011537484233 1.86637615941007 0 0 0 0 0 0 0 0 0 0 0 0 0 0 0 0 0 0
1.26977813128245 0.444312281064385 0.691534523540044 2.60515279854809 0.370027370650808 6.59508997336098 0.0453424131091829 3.83361122828396 1.78507151292447 2.79644876098653 2.08748338392515 0.698516389699602 0.501923623710974 0.656379142333961 1.94750118420205 2.10976210113921 4.24067843882347 0.35656483728547 0.089129967446605 1.42444433562259 1.14319439373221 3.27547352650713 1.91328997936964 0.939280200116276 3.26973838359905 4.90130465606066 2.45190337312574 1.31853511705076 1.48201468192631 4.05263444912631 0.323698025374485 1.38111317036418 0 0 0 0 0 0 0 0 0 0 0 0 0 0 0 0 0
4.60227819276743 4.84011554778907 1.07265888697166 4.51005736017092 1.15819689062168 1.19870505464051 2.25542872209641 0.470990746634552 1.2605019787734 3.53361719325091 2.35977485352134 1.70724609486292 7.05287099617942 0.960240853355615 0.0664345628581779 1.00574673336647 0.296850654263275 2.32708908489495 0.789594336920386 4.47905365933265 0.443676987341403 1.1896989694336 2.01713158125577 5.36582786804696 4.18050830869415 1.81046895903732 1.64030161528959 2.63844855912152 0.660086472034426 2.32192418624628 0.641567106078838 8.67402939749477 0.805508550691466 0 0 0 0 0 0 0 0 0 0 0 0 0 0 0 0
4.50597246212548 1.78969574705717 1.51949250690009 0.270667954125966 0.495506521875968 2.60475948313038 1.95426609296229 1.73924061276698 3.88594434928563 0.144936172169799 0.581475351670898 2.86221979564909 5.84825312127159 0.657922659211565 0.111250322791636 1.71300338157561 1.59861026216092 2.46157381453071 3.30191833436436 3.33721564382548 0.509030057105286 0.6277472419887 3.88239893989847 4.95532905520153 1.01088004174504 0.284718226591702 5.55284536831493 1.08398978021495 2.67280324373773 3.72063130097407 1.61321775582671 8.38356977927757 0 0 0 0 0 0 0 0 0 0 0 0 0 0 0 0 0
0.562046278308507 3.84976256614968 0.49018875214982 1.61709235179204 2.46959601673512 0.0454932783896192 0.892088423675321 1.02515488259597 3.93180884591826 0.598896140614403 0.494457380617581 1.1874230271828 0.973481714740292 2.12432250319353 2.30592769985624 1.99051915976999 3.80266677635551 2.77619473313023 0.182749174868745 0.872556784721457 0.604889462393416 4.72823040228937 4.65652219650343 1.15623687217794 1.7972651180865 1.07714516521161 1.12451383339386 4.00020170663176 1.01095516975454 12.0781524663748 0 0 0 0 0 0 0 0 0 0 0 0 0 0 0 0 0 0 0
1.12232126396926 0.309614593726234 0.461863856295769 4.64805639716715 1.0543376148695 0.868899118727379 4.86529474856841 5.23845460562012 5.45206225171524 0.448969639438692 2.27632722942784 1.15111602924592 1.57969964735799 2.37979442477554 0.274648561414117 0.964576623590902 1.54447172310349 1.66009976131778 1.25248507894456 3.08129886684156 1.34158226156768 2.27508202194529 0.650980691183977 2.23346465473818 2.29454242698328 2.56908128845797 1.58146734208909 0.0596160847118638 0 0 0 0 0 0 0 0 0 0 0 0 0 0 0 0 0 0 0 0 0
0.436335922450423 1.60652247895607 3.31977216786507 1.03185209534939 4.204542831815 3.96500153520148 1.28070999692996 0.716756574573699 3.23421479441501 0.613260880100646 0.878923930647328 0.00798951284716274 4.5868273708289 0.520017978513256 0.735054949137563 0.412867601239383 3.28555591003219 3.2736722397583 1.04653666209993 1.67031117192879 0.362607684028857 1.22885288971237 0.118541139472334 0.265434881604634 0.762302024879568 0.91339129107842 0 0 0 0 0 0 0 0 0 0 0 0 0 0 0 0 0 0 0 0 0 0 0
0.281515282571479 0.759553012479921 2.73005830006185 2.57703040499616 1.63099203759131 4.01454486052771 0.13925237169428 11.7737951428757 0.424079035183309 1.96034195976073 0.412379166853591 4.97752593195366 3.83743129066078 1.75014401745322 0.484819364249567 8.69941050729898 2.47784279227914 1.84736090746364 1.02739646026432 1.35276766331902 0.187794955415426 0.212046825632633 0.42093027711182 1.36087747406698 0 0 0 0 0 0 0 0 0 0 0 0 0 0 0 0 0 0 0 0 0 0 0 0 0
1.53617411058232 1.46228340951191 1.12745863765594 0.0754724034048756 0.881340752366075 6.09330595750573 4.80440949725205 4.31229945672723 4.19022009539466 0.526759246041494 0.778498995461599 1.33354894889178 1.70403664185948 2.03596495781035 2.40237946071095 1.32784655242275 2.77216567921453 1.16484620890011 1.7002298515191 1.87397886502495 6.29300473166088 1.14885204071051 0 0 0 0 0 0 0 0 0 0 0 0 0 0 0 0 0 0 0 0 0 0 0 0 0 0 0
0.431551813910596 0.218146587892611 4.43508422675832 0.970274849747837 1.43610420507756 2.48058754158624 2.97379088478491 3.45246066883903 2.29991713542354 3.28627609908161 1.84794922441965 2.84592872972544 3.88823625183783 0.230005458493501 1.4877222142439 0.870901912985483 3.85379687629578 1.52161740080355 3.06739877135226 0.406590425357904 0 0 0 0 0 0 0 0 0 0 0 0 0 0 0 0 0 0 0 0 0 0 0 0 0 0 0 0 0
3.30830825069454 4.37452707914027 1.1131830737041 0.634521557809724 4.12238591690952 1.0907913594635 2.16122299253961 0.116340563210229 1.67784187555195 0.208741331393488 1.2269324470982 3.03140315868349 3.12940101359157 0.878246158098483 1.14756964045965 0.12130937073846 0.77897433575699 1.77152527144272 0 0 0 0 0 0 0 0 0 0 0 0 0 0 0 0 0 0 0 0 0 0 0 0 0 0 0 0 0 0 0
1.75961372172949 0.749505003321801 2.01967450977264 0.329730070885886 0.0345859280619757 0.233904371582022 2.84162159120579 4.46488006713981 8.75576670934515 0.932073737941704 4.53085121629447 1.43275606156385 1.97871218553976 1.0259799530839 6.63133719082141 0.0291821753950233 0 0 0 0 0 0 0 0 0 0 0 0 0 0 0 0 0 0 0 0 0 0 0 0 0 0 0 0 0 0 0 0 0
0.226525871276844 1.2765979293746 1.71359400063646 1.86984712863339 2.03331709766091 1.45427917837513 0.878996077697092 1.73863450162005 2.55364346226112 1.43714656540018 2.16581514671357 1.38638388176863 1.23849872832847 1.18498647089843 0 0 0 0 0 0 0 0 0 0 0 0 0 0 0 0 0 0 0 0 0 0 0 0 0 0 0 0 0 0 0 0 0 0 0
2.23114046583434 1.96382449760233 3.12654096213758 1.04736033475962 0.5318928680816 3.89446675076605 4.80679783561765 1.57891569420032 3.34290121952542 3.08120928558571 2.06831035753879 1.99186153232005 0 0 0 0 0 0 0 0 0 0 0 0 0 0 0 0 0 0 0 0 0 0 0 0 0 0 0 0 0 0 0 0 0 0 0 0 0
2.69012863120021 2.64142090823785 0.010333121173646 2.71187969669135 4.04715288833191 2.43716440357942 5.5341800100552 4.43003469485948 3.23716879847993 0.0363378952344721 0 0 0 0 0 0 0 0 0 0 0 0 0 0 0 0 0 0 0 0 0 0 0 0 0 0 0 0 0 0 0 0 0 0 0 0 0 0 0
0.256702902815102 0.343978322985456 0.515895928804043 0.0177258092856716 8.02659086558725 2.09663439879964 6.40292040103392 1.30724480240866 0 0 0 0 0 0 0 0 0 0 0 0 0 0 0 0 0 0 0 0 0 0 0 0 0 0 0 0 0 0 0 0 0 0 0 0 0 0 0 0 0
1.27315333781095 0.941615770041296 0.595021287249825 0.389219998613167 1.89020812542603 4.27480794890182 0 0 0 0 0 0 0 0 0 0 0 0 0 0 0 0 0 0 0 0 0 0 0 0 0 0 0 0 0 0 0 0 0 0 0 0 0 0 0 0 0 0 0
3.59683192057182 1.7456603917391 4.95894624609819 0.103834534906624 0 0 0 0 0 0 0 0 0 0 0 0 0 0 0 0 0 0 0 0 0 0 0 0 0 0 0 0 0 0 0 0 0 0 0 0 0 0 0 0 0 0 0 0 0
0.589974347266018 0.544218782356555 0 0 0 0 0 0 0 0 0 0 0 0 0 0 0 0 0 0 0 0 0 0 0 0 0 0 0 0 0 0 0 0 0 0 0 0 0 0 0 0 0 0 0 0 0 0 0
