1.42974037987 0 0 0 0 0 0 0 0 0 0 0 0 0 0 0 0 0 0 0 0 0 0 0 0 0 0 0 0 0 0 0 0 0 0 0 0 0 0 0 0 0 0 0 0 0 0 0 0
0.381174107084248 4.65180812122578 0 0 0 0 0 0 0 0 0 0 0 0 0 0 0 0 0 0 0 0 0 0 0 0 0 0 0 0 0 0 0 0 0 0 0 0 0 0 0 0 0 0 0 0 0 0 0
0.21928842345285 2.41912455908024 1.67016185627436 0 0 0 0 0 0 0 0 0 0 0 0 0 0 0 0 0 0 0 0 0 0 0 0 0 0 0 0 0 0 0 0 0 0 0 0 0 0 0 0 0 0 0 0 0 0
2.16509133140681 1.83936058893982 4.12409667500048 1.71683397746626 0 0 0 0 0 0 0 0 0 0 0 0 0 0 0 0 0 0 0 0 0 0 0 0 0 0 0 0 0 0 0 0 0 0 0 0 0 0 0 0 0 0 0 0 0
4.07069730395167 0.274667353405229 0.444371944245334 5.35528551248691 1.08940471001309 0 0 0 0 0 0 0 0 0 0 0 0 0 0 0 0 0 0 0 0 0 0 0 0 0 0 0 0 0 0 0 0 0 0 0 0 0 0 0 0 0 0 0 0
0.892235478683579 2.94517291458179 2.69378135343872 3.83085608371831 3.00630317587843 4.87446192173903 0 0 0 0 0 0 0 0 0 0 0 0 0 0 0 0 0 0 0 0 0 0 0 0 0 0 0 0 0 0 0 0 0 0 0 0 0 0 0 0 0 0 0
3.41517456681907 4.24060496389031 3.36720703660475 0.23156303811744 3.2787099177917 7.34144224025981 3.33478993709832 0 0 0 0 0 0 0 0 0 0 0 0 0 0 0 0 0 0 0 0 0 0 0 0 0 0 0 0 0 0 0 0 0 0 0 0 0 0 0 0 0 0
6.77118547173139 0.253847160214863 0.768939445309427 5.41660865955206 0.627720521394239 0.0327421569836222 0.340574025843863 3.70327127167991 0 0 0 0 0 0 0 0 0 0 0 0 0 0 0 0 0 0 0 0 0 0 0 0 0 0 0 0 0 0 0 0 0 0 0 0 0 0 0 0 0
6.11203224326387 1.17856748959327 7.23896574401743 4.49499110277484 3.92833303505164 1.5444586923316 1.16768335266112 0.165463664353535 0.423303088552484 0 0 0 0 0 0 0 0 0 0 0 0 0 0 0 0 0 0 0 0 0 0 0 0 0 0 0 0 0 0 0 0 0 0 0 0 0 0 0 0
2.48669685264469 0.505491552167136 1.2343145608073 1.98578223799903 2.3071846792582 1.14075814085078 0.167601903114314 0.332648640654315 1.10746896749461 3.46545796404678 0 0 0 0 0 0 0 0 0 0 0 0 0 0 0 0 0 0 0 0 0 0 0 0 0 0 0 0 0 0 0 0 0 0 0 0 0 0 0
0.658717505166748 0.0860601067226378 0.507660769120429 1.89396768316262 0.436328858227762 0.102831887587478 0.937834673568956 2.80041047672221 4.45632518075059 1.23670545704608 0.812724163148052 0 0 0 0 0 0 0 0 0 0 0 0 0 0 0 0 0 0 0 0 0 0 0 0 0 0 0 0 0 0 0 0 0 0 0 0 0 0
3.98562021755788 5.27234334320021 6.10205162244073 12.2279706537776 4.6404382582292 0.38621763854218 3.77442939333846 3.482244331034 5.00073929999666 0.22686378532027 4.41745375862669 3.43982367950628 0 0 0 0 0 0 0 0 0 0 0 0 0 0 0 0 0 0 0 0 0 0 0 0 0 0 0 0 0 0 0 0 0 0 0 0 0
2.0289394434517 0.825751751452586 6.54513246650231 3.95385408443948 1.79726979698546 0.02157769762014 3.40473959489213 0.0375232914869896 2.8932948817106 2.96651652360665 2.24048345429497 2.60417090431672 1.09559034802167 0 0 0 0 0 0 0 0 0 0 0 0 0 0 0 0 0 0 0 0 0 0 0 0 0 0 0 0 0 0 0 0 0 0 0 0
1.34938378718142 4.53694250563089 4.54310930073198 0.754685199045802 4.86180651612176 0.948693323001486 0.163118470674285 0.214633809290545 0.694775029031867 4.39831793619748 0.0821645624672278 0.930829217317093 0.227331432547627 4.21944501226877 0 0 0 0 0 0 0 0 0 0 0 0 0 0 0 0 0 0 0 0 0 0 0 0 0 0 0 0 0 0 0 0 0 0 0
6.40279143473172 0.277878296199725 2.61710645395819 6.30413860621601 3.42210807633459 1.63451861231691 3.68223935219228 0.677070040146438 10.0068894914927 0.671736524691634 2.28703940258072 2.35518111440201 4.43267570892302 1.49744253125616 1.15953965324945 0 0 0 0 0 0 0 0 0 0 0 0 0 0 0 0 0 0 0 0 0 0 0 0 0 0 0 0 0 0 0 0 0 0
1.30141905708663 0.57072288889707 8.7926484601784 1.39773724307905 3.08696509803281 4.89424038352437 1.06274000848521 9.9902472085625 3.33846657421781 1.25194819528534 4.40896467458514 3.45691946238229 2.70749818613031 1.56558447804726 4.87215260751471 1.61592383302599 0 0 0 0 0 0 0 0 0 0 0 0 0 0 0 0 0 0 0 0 0 0 0 0 0 0 0 0 0 0 0 0 0
1.9209083851226 4.31206843505079 3.05995888697672 8.64550075687754 4.65021951258543 3.70329496037272 6.11402594298269 0.453657114591374 2.00495095858399 0.593923375717805 7.33589016500625 4.40363203349863 5.08656004624753 1.00299905597917 10.5376734485466 0.181709883213839 7.90912776962508 0 0 0 0 0 0 0 0 0 0 0 0 0 0 0 0 0 0 0 0 0 0 0 0 0 0 0 0 0 0 0 0
0.960778754488982 1.49442151666191 0.4204172068114 1.19125158572886 2.94602079822369 2.83893166318584 1.78351119033776 0.548293760306782 0.856225599689083 2.69586060927349 2.81649663175249 1.57654136952201 4.30296917319522 3.4581874054729 1.16964325492362 12.6482192301805 1.85945177091857 3.75539116331744 0 0 0 0 0 0 0 0 0 0 0 0 0 0 0 0 0 0 0 0 0 0 0 0 0 0 0 0 0 0 0
2.42382582926286 0.251891978080167 0.344441521310019 1.48757081248559 0.0537440317900069 0.685324797445411 2.85225700568265 3.24646563658733 0.359147292428103 0.379157350520749 2.22288464639767 0.29991556612514 0.426735059386642 0.46821673597156 0.736460477616546 3.01792945863035 3.39677614515636 0.728132547898135 2.83708151206029 0 0 0 0 0 0 0 0 0 0 0 0 0 0 0 0 0 0 0 0 0 0 0 0 0 0 0 0 0 0
0.246014393736425 2.09388453382415 1.77890536600761 1.23731867748969 5.38047714842521 0.379250191397068 3.10568698714637 2.56297115346216 3.47058657646068 5.67427762803623 2.58772800084197 5.16620102376397 0.353665260026069 1.01820896000646 1.94878236717107 0.914891484105229 0.442486425604213 0.489327934411583 2.24156771881605 0.372647503427231 0 0 0 0 0 0 0 0 0 0 0 0 0 0 0 0 0 0 0 0 0 0 0 0 0 0 0 0 0
0.128836770577777 1.99959257454342 1.11261302168135 8.48334664326146 1.96250161811346 8.09422695932051 0.955320730437761 1.89630868468211 1.44319741952695 0.127039879670945 6.13316907039231 0.0285867212230143 1.27572131193365 3.34583157495527 0.928296475343753 2.82361394289985 4.12808753983518 0.429183175718354 0.717082995571096 0.0340841582426195 2.27125284323425 0 0 0 0 0 0 0 0 0 0 0 0 0 0 0 0 0 0 0 0 0 0 0 0 0 0 0 0
1.63829896930697 4.62880545274935 0.517732075769528 0.310951947196708 2.06990179922412 1.12735317680122 4.19329860847338 1.91761337898392 0.208539928482836 4.95471174364069 1.15815392320716 0.163117011046616 1.19809100213982 1.42196815467887 5.29052219892296 1.24704878044711 0.452361005707616 1.02809287065422 1.46331870071486 1.71408475123179 2.00924201893454 1.12605065975327 0 0 0 0 0 0 0 0 0 0 0 0 0 0 0 0 0 0 0 0 0 0 0 0 0 0 0
3.15056318402522 1.21080718254148 1.17469487886302 0.232870410278025 2.73517725138575 0.0398912621021048 0.420256842924191 7.91831698684682 3.29722020111659 0.206180186267141 2.30458876676283 9.83639159646766 0.505731551539519 0.520067384498529 2.46982220523707 0.183572335480363 7.03116521854917 11.4559750286973 0.434696936926185 0.824353617358483 0.769022642816527 2.83274622858656 1.45736876036497 0 0 0 0 0 0 0 0 0 0 0 0 0 0 0 0 0 0 0 0 0 0 0 0 0 0
1.6685551913563 0.139797083417186 4.58718466463803 0.0877566788614224 1.02855713274979 5.07608545757076 1.04171347039692 1.19368262320011 1.52715530619492 2.66146009589834 0.97477563148635 1.35774723771856 2.80272675435095 0.362283906843423 3.08457323030709 0.578953430821485 0.866558576194859 0.113279124870707 2.5222060369045 9.25813329658359 6.60233297108923 1.62034758235172 1.33283584102863 2.48724945218142 0 0 0 0 0 0 0 0 0 0 0 0 0 0 0 0 0 0 0 0 0 0 0 0 0
1.96529066528434 1.69446484953557 6.4435681640876 0.131668317548075 2.9977915406332 1.19444347322605 0.275885581020635 5.11272522968485 0.531084125348202 0.207967028096056 5.87446459924127 0.775298754960335 1.58273050347148 3.78435953181487 0.802850229707326 0.635063775879699 0.557197468491936 4.11693774548234 4.26979665004354 5.87057908669333 0.427092349722624 2.56239904460445 0.816541453354779 11.0633388821191 1.28750030838578 0 0 0 0 0 0 0 0 0 0 0 0 0 0 0 0 0 0 0 0 0 0 0 0
2.07590284284167 2.53381116618996 0.820451271635893 3.11554786072104 1.10781329489423 4.35736458505482 1.38703145400043 6.61994797576096 0.664360293143945 3.22091540665771 1.27880176278845 1.27315717979949 1.47467095065662 1.88772638202095 0.474680468626004 1.13054018297752 3.1635015106475 0.23314241834071 0.908402046846114 0.32819857757257 6.70167797179092 1.01513983166415 0.675334273965305 8.23174623690627 5.1822808465683 0.756290602671817 0 0 0 0 0 0 0 0 0 0 0 0 0 0 0 0 0 0 0 0 0 0 0
4.73534881034396 5.10869280964265 1.80665995649874 3.1067538196866 0.813196373766059 0.320078363918029 0.529129056807307 1.40521811642091 2.76018036393525 2.53078439161653 2.65766033741495 0.0674140734266394 1.85739687680055 5.48576681951588 4.11890085423479 3.20658331032703 2.10394201311478 3.84419349761732 2.12710413096697 1.65734206476087 2.32484434502353 1.53971430119298 7.469093923976 1.93303653351497 0.988981327352166 0.667793245203112 1.77241951413804 0 0 0 0 0 0 0 0 0 0 0 0 0 0 0 0 0 0 0 0 0 0
1.17650309416664 0.134030241193361 0.168118071346985 1.82666594411753 0.503983773442448 0.194096101347994 2.77027023740266 1.49146416930567 3.64007568229258 0.369249273259123 4.69071053442978 2.54426427944991 0.360537831739576 1.98682523401523 2.49696720848717 0.040740932104011 4.53717566853782 1.12088814439302 0.666236975733485 0.966870926072993 2.25541884135045 1.14750038726486 0.798862840236042 3.90760404977508 1.27554179864851 3.45088084314678 2.25192763715618 0.508411155373414 0 0 0 0 0 0 0 0 0 0 0 0 0 0 0 0 0 0 0 0 0
1.45136385096792 3.3337535029113 2.86413155277203 0.220000433546707 2.27026398097297 2.14549138515114 1.9008599320105 3.61822162874804 2.20057103906568 13.1194098065198 0.132723643731948 1.34951942165592 0.112785920861809 1.0709469297803 1.4263502471666 4.08280006539688 2.24737247010443 3.23272717901655 0.617184128277958 3.19604387417352 5.35713592469337 1.45743449039631 2.35187864191487 5.49949697430376 1.42821684925034 2.37742363656192 0.662664798821711 1.10609692886404 1.63766413452528 0 0 0 0 0 0 0 0 0 0 0 0 0 0 0 0 0 0 0 0
0.120095620191291 0.161770944350011 1.0350941251174 0.0613929848493005 0.958516255497455 4.78731393514878 0.182462129597401 0.632677134226084 5.69671598258866 1.16832507334156 0.0631835314295558 1.18385436918243 0.286342549267298 1.21343344736985 1.43588125838313 2.56619712437998 0.368820223952219 3.49086440944711 7.85856043062915 2.45473932894562 2.41087075505356 0.80702865288184 0.0839040830139296 0.587009082528662 3.51263862846911 1.50791606699147 0.446585228932185 0.230867501305687 2.11239380020882 0.767614120891067 0 0 0 0 0 0 0 0 0 0 0 0 0 0 0 0 0 0 0
2.85160918848558 0.0296481661508023 12.4493505084905 15.8793806861109 1.20854312978657 0.764787982433445 1.8355915085877 0.170293168442362 2.0073401507589 0.349570629575548 2.1833829797379 3.73711047238535 2.5638848497956 0.94728466381719 0.0746632008416715 10.1130696407261 7.17154841740424 3.55844342923177 1.85509704336333 0.571736027723697 2.74218008711104 0.430307650255937 0.213249683116181 0.231677076982333 0.407243455117202 1.55699635898997 0.262938566209561 2.75218317642147 0.989607481495788 1.61186720926994 1.66072204584564 0 0 0 0 0 0 0 0 0 0 0 0 0 0 0 0 0 0
0.476107085887906 0.08866745683424 2.2600733941423 5.56912110080114 0.322600726533774 6.75710106841132 2.35378506602322 0.0862194095817287 0.613345265122734 7.52749111276325 1.09827738855378 1.64262378258715 1.25397087644588 2.61615377588545 0.033761693915578 1.00357911668494 2.98799606699889 0.303698978774777 3.15901446895875 4.79259906219787 2.47039447063221 1.67269163461576 2.0146411361893 4.96483040627016 0.594815250715494 5.28687022647791 0.981182944713214 1.23578577788841 11.2456442210171 2.15829778249961 2.97351645878279 0.380631686810608 0 0 0 0 0 0 0 0 0 0 0 0 0 0 0 0 0
1.48980291430238 1.93264083921785 3.88570915656384 3.00596880947406 1.1779179684113 2.81675703098851 6.03279491234409 0.050484597577142 1.87121761803284 0.0332392281775988 6.77183440239497 2.43894332330716 3.92862294945136 0.868369864526953 2.22185406840293 1.34499106232836 4.98658595943508 1.35282102171991 2.14261700285567 0.573412550757609 1.25279309862161 2.54246299176117 0.487640456253382 3.23964151662801 1.73971083529449 0.348323896899806 7.47834447049454 0.500439953806067 0.840043394447449 7.04585028012989 1.01033957245952 1.93725938047841 0.306087440094872 0 0 0 0 0 0 0 0 0 0 0 0 0 0 0 0
2.64030794250091 0.959766213874913 1.40469065490917 1.50409132735036 0.0722815889144817 1.26285090955154 0.862996088385492 2.42390000563049 4.47261141264855 1.510278756842 2.47123852563111 0.0163865179579692 4.42291337574286 0.642316508819335 4.10653615011576 1.91394959850232 1.45090308795703 6.20506965555059 2.50491228672897 0.653421432562609 1.62381205441857 0.00334455796480865 4.92600978817269 2.6338661867706 1.31691200294039 0.50167709818337 0.671178066560169 0.454802789277574 0.44420604582164 0.44286325041357 13.3346786540799 11.6907911132582 0 0 0 0 0 0 0 0 0 0 0 0 0 0 0 0 0
0.0872499607144944 3.02742972307087 1.13984848903354 0.363039877393725 0.308069885489795 1.95826861043846 2.21329813933655 1.83188891887989 3.60947549774596 2.28526485965847 1.75252213718992 2.34552057530009 5.67741163519217 0.942587947155614 2.10943522617553 7.4922308004053 4.89352906567978 6.02654149215927 0.435620853491325 2.10378682985966 2.28757603784896 3.18294590239784 3.26633877518664 2.65482607691 1.06630322365147 6.01267131463083 1.36588087674101 2.05706429049432 2.93993214097208 0.301454352058853 0 0 0 0 0 0 0 0 0 0 0 0 0 0 0 0 0 0 0
4.21406829802579 1.13237712696973 0.190266130338496 2.89396394439806 0.179030972997085 1.12912418503575 1.1097541728008 2.23599745724712 2.39728749615435 2.38908312430251 6.83022628885981 0.92394284826187 1.55165631229788 2.40536819600397 0.0503731400278277 1.12264115869422 0.325296359507119 1.68395497766131 3.79551213131953 2.65714021612594 2.55627880054605 0.449359468645328 0.527386695908742 1.30500801166005 4.77163246527655 5.39547367164521 0.878818495376131 0.0125803775183979 0 0 0 0 0 0 0 0 0 0 0 0 0 0 0 0 0 0 0 0 0
4.26640291905232 6.87500412750722 0.75356560364422 0.817627494622433 1.59908497085529 4.00737472593706 3.50158095338377 3.61996152153953 3.33482670464656 3.26655265943516 2.36881413041985 3.66035832901163 5.89901253519558 1.69990211459783 0.183088316115927 5.83691729221226 4.11836697736638 3.36996044081086 0.193283888495815 0.647453163573383 4.27582087014187 0.286254666203467 1.59359304974612 5.24629316071313 0.995389126681787 9.56440375391807 0 0 0 0 0 0 0 0 0 0 0 0 0 0 0 0 0 0 0 0 0 0 0
10.6375339572647 0.473624760194261 0.0856778434096406 5.89134274704286 0.281209233806009 3.70940417884271 3.07056640072847 4.13003792441523 5.46010015208042 7.91627042816566 5.78339993091032 1.31045221828683 2.09521119580745 1.23944936564519 4.97158460741946 1.95961468764403 9.23288975594937 2.51639491944623 3.81880838561234 6.65167920167084 1.8534352936283 0.212396515835764 0.372061117940616 0.919245400128149 0 0 0 0 0 0 0 0 0 0 0 0 0 0 0 0 0 0 0 0 0 0 0 0 0
0.408230027413566 2.05809290339827 2.66646231214309 0.661465238648744 0.512363362883704 0.951167850502514 1.87677739083597 4.01595187199383 2.79982584383438 3.04606408070852 1.86556897831306 1.33201874360956 2.33124180126219 1.63922438030829 0.356489392128298 2.13941405838561 5.32079648836351 2.24266530858025 0.56774829268152 0.853644080643359 0.226871315686738 13.3756770808124 0 0 0 0 0 0 0 0 0 0 0 0 0 0 0 0 0 0 0 0 0 0 0 0 0 0 0
2.33457823356153 1.30958310653637 6.37692902259101 2.37309219826566 0.906225257876351 2.88358364446264 1.9970833781469 4.40657797841398 1.12066121778589 0.296050416404518 0.596909282732697 3.54994190976909 8.02353376720807 1.44812443507649 2.33463388282221 2.08283425191078 0.243534759736641 4.29591220664438 0.818739152209845 0.0679772037368495 0 0 0 0 0 0 0 0 0 0 0 0 0 0 0 0 0 0 0 0 0 0 0 0 0 0 0 0 0
3.80968959196884 2.66563161378622 5.42379524135068 0.658835686498301 0.00185551380072345 3.0241326748593 1.47293206145812 1.35532890233544 0.20651127413655 6.7567681049816 5.0435855666915 8.97839694664126 0.828237539356041 0.779799937563745 2.86474254927903 4.99492455852079 1.00767284937106 1.2030173843497 0 0 0 0 0 0 0 0 0 0 0 0 0 0 0 0 0 0 0 0 0 0 0 0 0 0 0 0 0 0 0
3.08370995728665 2.3931030337079 8.91408159317584 2.08686418103195 1.69812885667736 6.94650539285668 3.01960608484467 2.13134278863211 1.27333371701487 1.4462489629357 4.50080635534305 1.16110224097504 0.486184998110846 4.34214516688831 1.18919041424116 0.524993143013003 0 0 0 0 0 0 0 0 0 0 0 0 0 0 0 0 0 0 0 0 0 0 0 0 0 0 0 0 0 0 0 0 0
3.39827285882094 2.58318448999529 0.571814538889123 5.7766387485319 3.11481435544574 4.15037138150398 4.13268190807944 6.29290210449686 3.02885372944423 3.83512608672306 0.649315973546477 1.11945783486928 0.442094178656554 1.19460557448048 0 0 0 0 0 0 0 0 0 0 0 0 0 0 0 0 0 0 0 0 0 0 0 0 0 0 0 0 0 0 0 0 0 0 0
7.34824715974883 3.32639441273609 0.929281479932333 6.96189519451511 3.61260456808401 2.66054843603702 4.03193716768868 1.34819669731802 5.02517411536448 3.59163044279209 2.07097293851252 0.146263000947547 0 0 0 0 0 0 0 0 0 0 0 0 0 0 0 0 0 0 0 0 0 0 0 0 0 0 0 0 0 0 0 0 0 0 0 0 0
2.82926427728893 3.6468157348666 1.13416254811337 2.52996271222408 5.82538866946262 7.43434954798626 0.0713016707455436 1.05807819938852 3.16813254349055 3.17005237973649 0 0 0 0 0 0 0 0 0 0 0 0 0 0 0 0 0 0 0 0 0 0 0 0 0 0 0 0 0 0 0 0 0 0 0 0 0 0 0
1.29195471528739 0.316044561301878 1.32654547668075 2.60261594870639 1.30347954689983 3.37738754556471 3.87978637286221 0.0600151536680513 0 0 0 0 0 0 0 0 0 0 0 0 0 0 0 0 0 0 0 0 0 0 0 0 0 0 0 0 0 0 0 0 0 0 0 0 0 0 0 0 0
3.90658392511379 1.13890134468632 0.625008020927665 3.15181938083892 0.224937919381377 1.60699898078433 0 0 0 0 0 0 0 0 0 0 0 0 0 0 0 0 0 0 0 0 0 0 0 0 0 0 0 0 0 0 0 0 0 0 0 0 0 0 0 0 0 0 0
2.13952456092465 1.08003716405664 3.78532663605723 0.00351035026573971 0 0 0 0 0 0 0 0 0 0 0 0 0 0 0 0 0 0 0 0 0 0 0 0 0 0 0 0 0 0 0 0 0 0 0 0 0 0 0 0 0 0 0 0 0
3.53065488050039 6.85076678144043 0 0 0 0 0 0 0 0 0 0 0 0 0 0 0 0 0 0 0 0 0 0 0 0 0 0 0 0 0 0 0 0 0 0 0 0 0 0 0 0 0 0 0 0 0 0 0
