5.88803812473773 0 0 0 0 0 0 0 0 0 0 0 0 0 0 0 0 0 0 0 0 0 0 0 0 0 0 0 0 0 0 0 0 0 0 0 0 0 0 0 0 0 0 0 0 0 0 0 0
16.7401173227641 2.03585952079853 0 0 0 0 0 0 0 0 0 0 0 0 0 0 0 0 0 0 0 0 0 0 0 0 0 0 0 0 0 0 0 0 0 0 0 0 0 0 0 0 0 0 0 0 0 0 0
13.3278321011729 12.3784192944858 3.47535637121635 0 0 0 0 0 0 0 0 0 0 0 0 0 0 0 0 0 0 0 0 0 0 0 0 0 0 0 0 0 0 0 0 0 0 0 0 0 0 0 0 0 0 0 0 0 0
11.0223299113892 0.635950591576284 10.0276830022172 5.7569534758606 0 0 0 0 0 0 0 0 0 0 0 0 0 0 0 0 0 0 0 0 0 0 0 0 0 0 0 0 0 0 0 0 0 0 0 0 0 0 0 0 0 0 0 0 0
0.393916393751786 0.0905996456796508 5.65397614706656 4.61350399804284 0.0032134275223689 0 0 0 0 0 0 0 0 0 0 0 0 0 0 0 0 0 0 0 0 0 0 0 0 0 0 0 0 0 0 0 0 0 0 0 0 0 0 0 0 0 0 0 0
0.533524883930621 3.32713849092654 0.0248250232644609 2.7383303229143 7.90467978431367 0.91889936989518 0 0 0 0 0 0 0 0 0 0 0 0 0 0 0 0 0 0 0 0 0 0 0 0 0 0 0 0 0 0 0 0 0 0 0 0 0 0 0 0 0 0 0
7.88908373648341 10.6300888751356 18.0690387247191 3.19760183809919 0.576439947957045 1.60096123170099 0.845249576553833 0 0 0 0 0 0 0 0 0 0 0 0 0 0 0 0 0 0 0 0 0 0 0 0 0 0 0 0 0 0 0 0 0 0 0 0 0 0 0 0 0 0
3.70486167462494 14.7079915680635 1.73116745892162 0.83349018949732 3.53660856452563 3.43869178939539 7.29390020294652 1.19204155414876 0 0 0 0 0 0 0 0 0 0 0 0 0 0 0 0 0 0 0 0 0 0 0 0 0 0 0 0 0 0 0 0 0 0 0 0 0 0 0 0 0
17.7785512115871 2.39402866756407 1.63186999096082 7.13264369215013 1.48739700660212 1.78383439751854 1.78197766544558 3.73899845325184 5.32013969238625 0 0 0 0 0 0 0 0 0 0 0 0 0 0 0 0 0 0 0 0 0 0 0 0 0 0 0 0 0 0 0 0 0 0 0 0 0 0 0 0
0.757921718366055 0.0906547310588349 0.345267181975399 3.84821434448232 0.238054268910505 1.56452880915232 1.59293133964202 0.124810476540075 1.79080096253884 1.63201721018264 0 0 0 0 0 0 0 0 0 0 0 0 0 0 0 0 0 0 0 0 0 0 0 0 0 0 0 0 0 0 0 0 0 0 0 0 0 0 0
0.605468031953549 9.78099440118364 2.88357732620084 1.47997555930378 6.33753418951561 9.76457032463209 1.77391446186626 1.59924654815494 3.05077693275953 8.3840955178816 3.20230764503514 0 0 0 0 0 0 0 0 0 0 0 0 0 0 0 0 0 0 0 0 0 0 0 0 0 0 0 0 0 0 0 0 0 0 0 0 0 0
3.65797002795361 6.38552738529679 1.14198786682175 3.46948579976365 3.70867582353492 2.56412005932116 4.50996764614068 4.63662265321641 1.41145638650838 9.50605826345068 0.724114950165492 0.619944473330184 0 0 0 0 0 0 0 0 0 0 0 0 0 0 0 0 0 0 0 0 0 0 0 0 0 0 0 0 0 0 0 0 0 0 0 0 0
0.187625602707023 0.968143568445874 0.914778587455716 0.643788004561029 3.15618887167819 1.94507454561315 2.52108469441136 4.03085439056647 2.99800899701599 1.69301193887757 4.30169040988853 7.4772245294085 1.63331607788515 0 0 0 0 0 0 0 0 0 0 0 0 0 0 0 0 0 0 0 0 0 0 0 0 0 0 0 0 0 0 0 0 0 0 0 0
2.30708097081542 4.56129721839338 11.8678337120967 7.77959025874751 0.472638834137203 1.13551480635132 11.8017907506917 7.08569522652232 2.59704728426923 9.53259991332451 4.71683869237633 0.937848495380478 0.961794831948308 0.667883387357002 0 0 0 0 0 0 0 0 0 0 0 0 0 0 0 0 0 0 0 0 0 0 0 0 0 0 0 0 0 0 0 0 0 0 0
1.98812471924055 0.529853481531371 4.65595829657019 7.26665778804942 0.271851638598648 4.78217553190272 6.97196445857011 3.96168671275393 3.70987541868291 6.44719081924763 0.135733763610584 3.61322621512409 5.59300826725049 3.37138937983246 1.81132666275905 0 0 0 0 0 0 0 0 0 0 0 0 0 0 0 0 0 0 0 0 0 0 0 0 0 0 0 0 0 0 0 0 0 0
0.0301373413709502 3.47498206577116 2.03237803023829 0.940814175009445 0.927015004997894 1.13550160122892 1.750755837374 4.25271808938566 6.49451024839323 0.774996379083334 1.27318176873189 4.67495380197753 0.237632174905139 3.07698681127201 6.29744711438603 1.21952771536699 0 0 0 0 0 0 0 0 0 0 0 0 0 0 0 0 0 0 0 0 0 0 0 0 0 0 0 0 0 0 0 0 0
2.55486263962445 2.04618342127085 3.18188021586461 2.45362538537642 2.83243133212663 0.376464811173711 7.34377999715605 15.5459870527757 3.77858812488277 0.823405362396131 0.0186712232935043 1.3677715344405 7.15891166695468 2.4432506211202 0.00640451905659275 0.833832841445905 0.662386835979156 0 0 0 0 0 0 0 0 0 0 0 0 0 0 0 0 0 0 0 0 0 0 0 0 0 0 0 0 0 0 0 0
7.71821647592433 4.88768732208531 7.25432734778462 12.2390923083988 3.79916342166183 0.618070842224884 11.752826919339 6.00399531662733 4.9387748482758 5.44146884227946 1.27846159669746 7.64359392061873 2.84361378709545 0.790315776159755 3.31050500216259 6.31608922295582 6.37200664595401 1.35786072690964 0 0 0 0 0 0 0 0 0 0 0 0 0 0 0 0 0 0 0 0 0 0 0 0 0 0 0 0 0 0 0
0.178989749704663 6.59859766137402 1.23390305111349 1.39246045213447 1.10159029219339 6.52235283920218 2.69836257857066 0.122151622808548 1.77994507378756 1.83963056580044 4.362354232016 2.75015325112567 1.71050807771791 2.20672917143662 6.03313469319802 0.258533501518921 0.630866311077556 1.01203536566307 0.489842643493041 0 0 0 0 0 0 0 0 0 0 0 0 0 0 0 0 0 0 0 0 0 0 0 0 0 0 0 0 0 0
3.91007995917029 15.3180523762596 0.34971150847203 15.7623803787267 3.44719126765743 1.0255547744556 2.95910414367173 0.959449312895488 2.02585625807315 2.29657758121801 4.46158872305644 6.94010569225765 6.66837240084918 0.104309519049044 2.35746838461529 3.20456060078032 0.145007979009614 0.023582155743735 3.27034526498743 0.502225243505898 0 0 0 0 0 0 0 0 0 0 0 0 0 0 0 0 0 0 0 0 0 0 0 0 0 0 0 0 0
9.89642502352629 3.2374416913221 13.3454398611103 14.9072120618138 1.25990651606243 1.28545884238969 8.03549837760116 7.87094859604702 9.24128984419233 4.79754088842855 0.596568210670361 3.55095945598385 7.9646755866884 7.00378267112822 1.66157513615243 2.55621531982364 2.86094350845083 1.39371516147272 0.0857874112903789 2.76883089987117 3.50600724223521 0 0 0 0 0 0 0 0 0 0 0 0 0 0 0 0 0 0 0 0 0 0 0 0 0 0 0 0
0.882120539520267 21.9481522532943 5.94394310685712 5.6695021698508 0.675706873897392 4.43283938760778 10.9657595396344 8.69243114848137 1.0113961915717 2.77373161521931 7.31330736534694 0.439238311915322 1.5944417032466 4.54506384386709 3.27048497349379 1.91822367684545 3.51929575313316 3.08407925065914 0.550215636975886 12.7028143328719 0.630082790313829 0.06951830195236 0 0 0 0 0 0 0 0 0 0 0 0 0 0 0 0 0 0 0 0 0 0 0 0 0 0 0
22.4527092364691 25.6011895496905 9.76088983680208 5.95574217667795 1.61499497544933 1.77317055697758 17.4521711394099 1.2257469285353 10.3769767138282 11.7470337850568 0.989922730261588 11.3902774599022 5.42748296554095 0.294761094402617 3.15772719716237 1.37139274796595 1.12365356360177 4.50661804473048 6.81227828813995 2.06118346242063 11.4161102733094 17.019485300979 11.6037780309352 0 0 0 0 0 0 0 0 0 0 0 0 0 0 0 0 0 0 0 0 0 0 0 0 0 0
2.30101069921386 0.255492811619606 7.81765952235449 0.403558320904777 1.09579544471365 1.72697186991742 0.78644435563187 1.78596395928317 1.33957972865553 1.08547864888909 1.04598643310701 5.42385459863261 2.36910742665075 1.23608204794999 2.2774045722229 3.12766472988489 1.6156805660327 5.01769366181332 1.76729553509582 0.610885347558952 1.45297681101927 2.62389045796612 7.03488951059522 0.815868647064347 0 0 0 0 0 0 0 0 0 0 0 0 0 0 0 0 0 0 0 0 0 0 0 0 0
2.94264500953103 3.60878369332721 2.65255500895526 4.34867691707625 0.743664045905181 0.0205726586260784 1.20270767143498 9.57556390039571 1.12466495808718 0.88483530663603 3.74803512238868 3.76354889412193 0.142021799337261 0.0652656783106213 0.97525353932851 0.0364448593927525 3.99046290035359 1.97952243779904 1.2998278723576 8.74564325781841 2.50123358105641 1.69332552278054 6.60053141724707 2.5381892452896 7.37910935276015 0 0 0 0 0 0 0 0 0 0 0 0 0 0 0 0 0 0 0 0 0 0 0 0
0.155899830290697 1.87192290351109 11.2677981892172 5.18286983054391 7.59840473927578 2.13235792561426 13.5317414485422 2.68700444041701 12.0853777316603 1.40962003567038 2.11998156634306 0.287991728268537 6.0777351583573 6.48016046097946 0.672938502938985 9.15175357801101 3.72632365373581 2.96626848150823 2.98429240571323 7.36268008538363 4.16307873880269 1.14944149216 0.443887917244822 1.58614710232054 2.06145515630991 0.62430055018087 0 0 0 0 0 0 0 0 0 0 0 0 0 0 0 0 0 0 0 0 0 0 0
6.84078748567868 3.53523870127841 13.4876604443567 0.29021915797635 0.838546958201077 1.92452637249244 9.03349214882963 13.3862122701821 5.00778366858293 2.13180418926303 5.6283569123829 1.6720997397188 0.137211301973043 0.0653578629013266 10.9050395447104 1.77281999919062 1.75732329708211 11.5672949870366 0.319018876472602 6.17049583837527 2.54145999571123 3.68462111602611 5.62471034113404 4.24773090716994 3.47204295116727 11.5701685264129 5.95363040160919 0 0 0 0 0 0 0 0 0 0 0 0 0 0 0 0 0 0 0 0 0 0
1.00262163273709 7.63781659318646 2.99628201622207 1.64455562733198 2.81455159296708 3.12056467294084 9.57787421167689 3.61938517366844 1.15978392374547 2.48215931040847 2.15541851215749 1.23946733456263 2.93527489229287 6.12798232904872 5.03536551358298 0.43853067177635 1.23610578270181 6.83277304054615 5.37298938065039 0.2947293596855 1.88611595925241 0.611508821765843 0.684510239925097 3.06245691813788 5.19863301341463 1.34858036082381 9.68315583925006 1.93866584889482 0 0 0 0 0 0 0 0 0 0 0 0 0 0 0 0 0 0 0 0 0
5.70783832673718 0.0789468442276857 2.58373438181435 8.63590248282225 3.41091713236669 0.960429341353005 8.49075532208468 0.0587180519866767 10.5435039943906 3.80416555861246 7.04986338656916 1.88998668371927 4.47701791108996 2.69475186021056 10.4142049172196 1.25916801719174 4.46112957117619 6.43816208579667 0.358229645419832 0.695119706462461 0.555178852877759 2.5092108568243 5.60150335518143 6.53143841317489 8.85459779299399 7.86880696492464 5.29957969549436 1.85455112925794 0.30118360212374 0 0 0 0 0 0 0 0 0 0 0 0 0 0 0 0 0 0 0 0
2.26028659076906 0.573543890703357 13.2715378210659 0.388282094957175 7.21567959245991 1.27942512052232 0.0193442121722643 3.81924437018786 2.58360618110907 3.04023511742278 0.631311056528399 2.12592654015986 2.5199027272928 6.36074352671052 3.35183597101772 5.36131510776071 6.39851303511193 6.01728690679034 0.614336736806198 4.41930321501804 4.39104678024492 4.22746758202025 5.90555577169317 1.35914486162133 1.95948580073381 6.11311444090886 9.87730497244658 4.90142437506177 4.7875822828841 0.60670596394562 0 0 0 0 0 0 0 0 0 0 0 0 0 0 0 0 0 0 0
1.35496192480499 5.37747688229146 0.195636257130195 0.324484456706071 1.14455174906217 1.06906635581688 3.52651336476169 2.68623944457094 0.47656023351465 0.0378660817607383 6.00407836566254 1.07195611748857 0.788093848998327 0.932429373350114 0.56762558668454 1.61740969473584 2.35625898037706 0.467328796731877 0.882603918000962 3.0990482036881 1.25753160598857 5.77481553499069 8.00700735525026 2.56495138300404 2.45891302075318 2.22592228025672 5.22363812151501 6.34102713185911 1.85209946973931 2.96436779357912 2.66974771383552 0 0 0 0 0 0 0 0 0 0 0 0 0 0 0 0 0 0
10.9118625371719 3.56725954756593 11.1770341215707 8.95486349651069 0.275482826437205 2.72837950236444 1.71868475897384 0.140362728766892 5.86329964056628 10.2475107512196 4.79252691259801 6.07275464170366 7.01984976767949 3.46606830452647 9.50745988809182 3.67884896958119 0.967481292042041 0.993509871252773 0.38084736181759 1.10701646099751 10.3480052239484 11.256737721885 19.880826626576 1.14839325875817 1.98159174694211 12.0557753881129 2.73289846722424 1.37334486936671 7.20481124279514 1.63297278557954 2.5431962399787 10.3784030070703 0 0 0 0 0 0 0 0 0 0 0 0 0 0 0 0 0
0.944077686134426 0.190697416322733 3.48502362181472 1.95404661314676 3.28015878218164 9.63859794737175 7.54838083873749 0.102086507804019 2.29504919619254 5.65050537784263 3.09200305229368 1.99586924302928 1.01123711896266 5.88859652710911 6.57692365089785 5.07197741950832 4.11143678548665 5.94903789274273 1.55861999205174 2.14280387970817 3.0022306666618 1.99270755508588 3.52640799994496 4.15876146585918 3.19995720647265 1.2550457623137 4.33823025892835 5.18770215832979 4.3743085690934 3.42440020268206 3.53257523945916 2.67666643653878 2.52269949370959 0 0 0 0 0 0 0 0 0 0 0 0 0 0 0 0
10.4817967332438 2.5538435261453 2.0229367191231 1.35043497146477 3.18767176733014 3.47743233724857 0.938876970363138 5.57903290873502 2.56326589848123 5.43206479880803 0.0630411032929763 4.69478147044782 4.68345665820103 0.21456671415027 1.94998138452792 0.120068914551458 1.05219337794801 12.4257792030977 0.0907328068275686 0.796692889071645 2.41708841129879 4.72423174107299 1.85199476312032 0.994326442475069 0.633192915484737 2.19244577915667 4.76502666071835 2.8013129737368 2.12247515887864 0.941369021700948 0.183469668823641 0.907671665858359 0 0 0 0 0 0 0 0 0 0 0 0 0 0 0 0 0
7.32811565701546 3.58240758244585 2.73017179176489 1.69132617114681 0.00745677685092607 1.92807836901275 3.05244818925169 1.3842095408623 7.12442391334524 8.5712557590762 4.97434617888658 3.43793374392657 3.28368725992714 0.10830116941283 3.48795758932705 2.83749053869276 1.48675330476696 8.63858607946829 4.96966172751753 7.18114304177528 8.32180449601875 3.01405986187351 17.5309606282832 3.92472024141293 0.831106885225595 0.270380386531095 2.89314390845658 0.114904707581003 2.05046563163401 0.0100368864198423 0 0 0 0 0 0 0 0 0 0 0 0 0 0 0 0 0 0 0
0.652415454334313 1.03515125157993 9.62400194977172 5.13832725195871 4.9324561610441 2.19464301148331 7.79482345977135 0.851375829941425 2.34848671653367 2.9001165070922 9.01511119390723 4.60802164052762 2.90709804553094 5.01501114353042 0.174593062475299 4.42924576476449 9.64457878096738 3.05343586050686 1.42990406429881 5.17506215473761 3.66180114508181 3.44478397735561 0.65361725141133 3.91401276476117 2.00876900834352 9.12946092881956 0.976761730047687 1.23547209619914 0 0 0 0 0 0 0 0 0 0 0 0 0 0 0 0 0 0 0 0 0
1.06824713046919 1.01550391691073 3.18420040401092 4.21358114490225 1.11879337858594 5.25776596595844 3.69781517642095 0.0787483076684362 5.27446706654793 6.53247714780035 1.60931861367743 0.254106267845306 4.39019396891343 3.03627425373881 1.83303578382232 3.4232630748192 1.80396369565025 8.42869867148151 0.892332264480903 2.06901103027151 3.95914516409358 4.13362399700392 2.03796393198207 1.16859428498879 3.43766152089771 0.00394424133517974 0 0 0 0 0 0 0 0 0 0 0 0 0 0 0 0 0 0 0 0 0 0 0
0.329553183655274 0.771724962763555 0.396762157529324 4.81424588268601 5.72438314848483 3.08533481943029 8.03730935150583 2.97492815283172 6.64164498180814 2.71550747983868 4.15807288257272 1.33640248057953 4.26547672543994 2.69628482997024 7.46652354606984 2.77960300037529 5.85862693933485 5.41190001553352 3.33603432522183 3.53504563981422 0.401340708100461 6.50154463821378 1.042729068167 0.4701653124289 0 0 0 0 0 0 0 0 0 0 0 0 0 0 0 0 0 0 0 0 0 0 0 0 0
0.769645952431538 2.74204969465322 1.61987097458321 2.51333069429051 2.36184152925432 0.690599527275903 1.38235089870759 2.41239546035193 0.206939768708206 2.21762300755289 7.35938137236792 1.5911626307875 1.59968631666263 3.26943578923784 1.36391889529541 1.56969216556342 0.393595201778102 2.74474385036247 6.4772071697991 7.95809021451811 1.44839107614258 0.120720889001172 0 0 0 0 0 0 0 0 0 0 0 0 0 0 0 0 0 0 0 0 0 0 0 0 0 0 0
0.31488366775989 0.944063417189274 7.81831340046053 1.62580765997477 1.16962127358947 2.61858576200468 2.53277693813935 0.845792379226111 1.95532905497414 8.39851615891169 3.19732647008159 0.892848062262484 3.71944631588675 3.72207816988151 1.3767180005605 2.8004505831607 7.66935510083898 0.446610663992601 3.63535991600782 1.22285508585203 0 0 0 0 0 0 0 0 0 0 0 0 0 0 0 0 0 0 0 0 0 0 0 0 0 0 0 0 0
5.78289713031171 1.95125785652564 2.19608247274174 1.90907877882146 0.330595185484373 0.0759270240323899 1.10281105777109 5.96144710949245 2.44319764418705 0.320071808367813 1.35700703113989 9.70582767378145 4.42367158717575 4.03769820519944 2.00083692642698 1.49857619004455 1.76763574165951 0.762941795055055 0 0 0 0 0 0 0 0 0 0 0 0 0 0 0 0 0 0 0 0 0 0 0 0 0 0 0 0 0 0 0
0.542697515951388 0.221381951438533 6.54947572422782 1.94141437959786 0.500047347895879 2.86729267863915 5.4726258060282 1.60541065782859 0.348647861023558 5.39694767354042 0.154166329460211 7.75257045897505 0.564710311965651 2.84880429516439 1.85899696002186 10.8714929823152 0 0 0 0 0 0 0 0 0 0 0 0 0 0 0 0 0 0 0 0 0 0 0 0 0 0 0 0 0 0 0 0 0
1.34151093929065 8.52581802373865 0.559958545214902 8.79213361951719 5.69586713784714 0.645377244191558 2.2506629616786 3.23594121095224 0.690293290977341 2.66839447988919 6.25461433675829 1.46710311249811 6.95405201691371 4.27873184574905 0 0 0 0 0 0 0 0 0 0 0 0 0 0 0 0 0 0 0 0 0 0 0 0 0 0 0 0 0 0 0 0 0 0 0
14.5273407785402 12.6202578285807 10.5885001957933 10.70355540629 1.89606038225221 0.436576616945214 5.24030235965994 3.54348003324894 12.0640044083162 6.28648850596 1.86153648626871 0.502192205799368 0 0 0 0 0 0 0 0 0 0 0 0 0 0 0 0 0 0 0 0 0 0 0 0 0 0 0 0 0 0 0 0 0 0 0 0 0
5.0906045258012 0.332638867416967 2.07733473060265 2.27746189522826 1.97739687884251 0.0172633389665684 3.13303339610094 2.05342288116112 5.75425231564749 0.147908983374819 0 0 0 0 0 0 0 0 0 0 0 0 0 0 0 0 0 0 0 0 0 0 0 0 0 0 0 0 0 0 0 0 0 0 0 0 0 0 0
9.1488931543718 4.30938329301208 1.04036807267623 0.687518526391783 1.8699968312197 4.00128305037862 8.97738046705377 4.48530961841367 0 0 0 0 0 0 0 0 0 0 0 0 0 0 0 0 0 0 0 0 0 0 0 0 0 0 0 0 0 0 0 0 0 0 0 0 0 0 0 0 0
2.0854241741268 0.247622098115718 1.58720658209509 2.1681925216574 2.20080780775586 5.28245445389455 0 0 0 0 0 0 0 0 0 0 0 0 0 0 0 0 0 0 0 0 0 0 0 0 0 0 0 0 0 0 0 0 0 0 0 0 0 0 0 0 0 0 0
0.000562738539813123 0.0329633769231676 0.154475519219669 0.722830227523477 0 0 0 0 0 0 0 0 0 0 0 0 0 0 0 0 0 0 0 0 0 0 0 0 0 0 0 0 0 0 0 0 0 0 0 0 0 0 0 0 0 0 0 0 0
0.314113176935236 3.21630192784898 0 0 0 0 0 0 0 0 0 0 0 0 0 0 0 0 0 0 0 0 0 0 0 0 0 0 0 0 0 0 0 0 0 0 0 0 0 0 0 0 0 0 0 0 0 0 0
