3.27614315488568 0 0 0 0 0 0 0 0 0 0 0 0 0 0 0 0 0 0 0 0 0 0 0 0 0 0 0 0 0 0 0 0 0 0 0 0 0 0 0 0 0 0 0 0 0 0 0 0
2.36200870236701 1.44017317141382 0 0 0 0 0 0 0 0 0 0 0 0 0 0 0 0 0 0 0 0 0 0 0 0 0 0 0 0 0 0 0 0 0 0 0 0 0 0 0 0 0 0 0 0 0 0 0
1.18948714387248 0.0676604251773632 1.75319563885379 0 0 0 0 0 0 0 0 0 0 0 0 0 0 0 0 0 0 0 0 0 0 0 0 0 0 0 0 0 0 0 0 0 0 0 0 0 0 0 0 0 0 0 0 0 0
2.00351537803328 0.164934240827468 1.74415888106694 1.52550302859022 0 0 0 0 0 0 0 0 0 0 0 0 0 0 0 0 0 0 0 0 0 0 0 0 0 0 0 0 0 0 0 0 0 0 0 0 0 0 0 0 0 0 0 0 0
1.67386248694852 0.845576206496387 0.781645316327177 2.4658230614772 1.08918453789642 0 0 0 0 0 0 0 0 0 0 0 0 0 0 0 0 0 0 0 0 0 0 0 0 0 0 0 0 0 0 0 0 0 0 0 0 0 0 0 0 0 0 0 0
0.666525432636173 0.0477571077465628 2.84297344736822 3.90593608855683 8.13994186662444 4.91822132578632 0 0 0 0 0 0 0 0 0 0 0 0 0 0 0 0 0 0 0 0 0 0 0 0 0 0 0 0 0 0 0 0 0 0 0 0 0 0 0 0 0 0 0
0.69545255370005 1.38011089954139 0.797555439353541 0.00579584318489973 5.36698025535606 0.400246655333244 5.13607119032055 0 0 0 0 0 0 0 0 0 0 0 0 0 0 0 0 0 0 0 0 0 0 0 0 0 0 0 0 0 0 0 0 0 0 0 0 0 0 0 0 0 0
0.626000346576106 0.603555401620259 0.505841844972688 3.43161724528059 0.805723096618854 3.41334008652751 4.80478681556346 0.30158559978792 0 0 0 0 0 0 0 0 0 0 0 0 0 0 0 0 0 0 0 0 0 0 0 0 0 0 0 0 0 0 0 0 0 0 0 0 0 0 0 0 0
1.07277180731975 2.00552067586053 0.233871587635077 1.49899053903367 1.63426230314844 0.00370135277119563 4.59001968064518 1.7274674955299 2.82245828454402 0 0 0 0 0 0 0 0 0 0 0 0 0 0 0 0 0 0 0 0 0 0 0 0 0 0 0 0 0 0 0 0 0 0 0 0 0 0 0 0
1.32248165893317 4.29101140138123 1.95002916399117 0.0802293737265526 0.022420665624693 5.85831486260952 0.0246550792802236 0.857014205918305 0.435675219531593 7.91534641385878 0 0 0 0 0 0 0 0 0 0 0 0 0 0 0 0 0 0 0 0 0 0 0 0 0 0 0 0 0 0 0 0 0 0 0 0 0 0 0
0.956720239969369 1.73739361921422 0.307206665547897 16.6100248216467 0.250730172602181 0.521461564185853 8.27124751763235 0.953510064563059 2.24829574521311 1.24839365243248 0.274111832834337 0 0 0 0 0 0 0 0 0 0 0 0 0 0 0 0 0 0 0 0 0 0 0 0 0 0 0 0 0 0 0 0 0 0 0 0 0 0
2.74980814540506 1.40088872882382 0.559137311601103 3.8522117162184 3.13337315902268 0.177926060703122 0.010541481903059 0.687509898278679 1.80199332211429 2.47147321280015 0.193707890420851 1.48260597741777 0 0 0 0 0 0 0 0 0 0 0 0 0 0 0 0 0 0 0 0 0 0 0 0 0 0 0 0 0 0 0 0 0 0 0 0 0
0.164035716849326 3.97469309812897 7.59237219600559 5.26023062901199 0.00234022711792548 5.11098497586346 3.46876284632036 5.80299287803343 0.638282827604878 3.1115931003337 1.36791361079839 1.29114821982371 0.672063259145684 0 0 0 0 0 0 0 0 0 0 0 0 0 0 0 0 0 0 0 0 0 0 0 0 0 0 0 0 0 0 0 0 0 0 0 0
1.37721157026134 3.96316524913829 2.62996458110995 4.90681812546791 5.29605343807899 0.988409188533568 0.250367108671614 0.875579511185075 2.88846916178318 2.19017415132871 1.45801969103553 1.35889417035327 2.93650068700294 1.47117090258044 0 0 0 0 0 0 0 0 0 0 0 0 0 0 0 0 0 0 0 0 0 0 0 0 0 0 0 0 0 0 0 0 0 0 0
0.780764325091505 0.128537885456018 2.60027525921699 0.295784368284434 1.75596145171395 0.859874798247492 0.34707273519605 2.55809703318278 2.20339220014858 2.06168836975658 0.708105002329205 1.03300892222472 4.28920722233245 5.25436484687001 0.721198811275139 0 0 0 0 0 0 0 0 0 0 0 0 0 0 0 0 0 0 0 0 0 0 0 0 0 0 0 0 0 0 0 0 0 0
4.0035570764646 0.637270907392539 0.637562263401572 1.68061051559353 4.60503627991869 0.714793694857159 2.91067061492063 0.436397520318788 2.90083834583544 0.327947633287524 1.88796886648693 1.13434077950458 0.579422824916164 0.762049211944745 2.55745102456707 1.26541646285293 0 0 0 0 0 0 0 0 0 0 0 0 0 0 0 0 0 0 0 0 0 0 0 0 0 0 0 0 0 0 0 0 0
4.56061871583577 1.21437328218441 4.24327273870191 3.56018045742268 0.520401651996833 0.162893622386943 1.65930299716796 3.2995709867609 2.43698497208201 0.0432368702976822 2.25504728307813 2.00678857074274 4.08081942748245 5.1569156666867 0.544055687994855 0.0326207835007363 0.647056942391635 0 0 0 0 0 0 0 0 0 0 0 0 0 0 0 0 0 0 0 0 0 0 0 0 0 0 0 0 0 0 0 0
0.296805034966696 4.02678922822224 2.42499370525816 2.05583348191993 8.65038036076024 1.2017837915245 0.162342881804725 1.188604804771 7.83067221734717 1.00474088177701 1.35702729103488 0.1937086153003 0.149813473535653 5.17598983124438 1.32757611507941 0.851486598739417 2.4361401750324 2.74464619056809 0 0 0 0 0 0 0 0 0 0 0 0 0 0 0 0 0 0 0 0 0 0 0 0 0 0 0 0 0 0 0
6.40649203826083 4.64319092768601 2.9535729288272 0.112702021582326 1.26202529082207 4.10785566240472 0.0139793315952001 1.60286113587511 1.25561760069435 0.416210365812259 1.15794084135535 0.230446863971155 5.75104685002048 1.83747218007242 1.69501266297633 2.46940130572557 2.39137489925855 1.31649054395126 1.84369252812868 0 0 0 0 0 0 0 0 0 0 0 0 0 0 0 0 0 0 0 0 0 0 0 0 0 0 0 0 0 0
2.28859961798779 2.39295395046444 4.46021129670839 2.15746597148583 2.16526169248944 1.4161260108884 3.56000036061621 3.02123635448207 0.868664029267668 2.20719089771353 0.561448890939229 0.508400735640758 0.221195276405605 3.71243222689708 2.89107031433405 2.05479726804899 0.826257381396904 7.9486417166272 1.45112600306692 0.218955560474151 0 0 0 0 0 0 0 0 0 0 0 0 0 0 0 0 0 0 0 0 0 0 0 0 0 0 0 0 0
2.77179215942881 1.06743372598871 1.33322076163504 8.66764458283525 3.99319868714886 1.3201482557552 0.582169614155832 1.65777617358648 1.89003757368186 0.873049146408588 0.588948161908046 0.175107682184022 0.761577404474479 6.20613427525589 10.77419144227 3.66112243746453 0.669495889197807 0.272911407850543 3.06837812101083 5.64084608301892 0.534365658607228 0 0 0 0 0 0 0 0 0 0 0 0 0 0 0 0 0 0 0 0 0 0 0 0 0 0 0 0
1.74079606674588 0.673209243783334 0.129598831752341 1.19999437682561 3.44115343776506 3.97243043584367 1.55431572988613 0.146240332077348 0.194951009850823 0.60159600844939 0.0325340418673919 2.92303457805795 1.92033080882402 0.042844485020071 1.11963913050934 11.0780588599515 1.40362003949363 2.5447575342996 1.16346620946765 0.144047911109352 0.0215909278979688 2.94647721575659 0 0 0 0 0 0 0 0 0 0 0 0 0 0 0 0 0 0 0 0 0 0 0 0 0 0 0
0.297472778796014 1.45058138582046 0.575036068984788 5.29758119957282 0.134610781809092 1.27317779325084 0.21461769296104 0.465065000659396 1.42708006631293 1.15700091022661 0.103553386091315 9.18194715856912 6.47800002285081 4.83424845001135 1.22208915763042 6.75254536133402 0.208193129901688 2.90176609268222 0.3663394664939 0.837970351024041 1.87492843150649 0.41721574879994 2.20368357649037 0 0 0 0 0 0 0 0 0 0 0 0 0 0 0 0 0 0 0 0 0 0 0 0 0 0
1.83418107659834 0.0847560100033777 3.6333308273945 0.843456427545206 1.93640141042443 0.145032133697865 0.695884235204593 2.75136895604501 0.0958178830880935 4.15925949711734 12.3679673844907 2.24898922376821 0.113497688658148 0.745781793918064 5.93041623802829 0.61695645387868 1.71180668441099 0.294241284037433 0.570015958556453 1.84812440542754 4.42591008017443 0.413822291025985 5.0045671663145 10.1794947631534 0 0 0 0 0 0 0 0 0 0 0 0 0 0 0 0 0 0 0 0 0 0 0 0 0
10.8719975772694 1.50695017265826 0.407912741951286 0.732109433709071 1.55296302686878 4.11150308011452 2.60652862804445 1.11889218934092 0.0995075742476544 6.76368344148149 0.586193137618427 3.15638245182546 0.831662772119803 1.29296718804449 2.63465683566827 0.436388668162681 1.96133635721883 0.067895405336293 1.81508059098029 1.1948840185952 0.101528894170685 0.814694008630572 1.74962247397058 2.93578590569956 2.13507785686424 0 0 0 0 0 0 0 0 0 0 0 0 0 0 0 0 0 0 0 0 0 0 0 0
1.23592358225161 2.30924416596097 0.545498565383761 1.52269957333 8.75322408647347 2.73874635200781 0.0747945537962355 0.150024741848123 2.09074658295405 1.85771471636122 1.67890778886426 1.16020511062097 0.193360331956237 6.33563268690738 2.70432648557048 0.704698850966849 1.13773978970199 2.76857612221863 1.0258917323972 1.06526403659489 7.78142845730622 0.631780320549946 0.97432182230896 1.74428221120169 2.55454534286273 1.90602054280321 0 0 0 0 0 0 0 0 0 0 0 0 0 0 0 0 0 0 0 0 0 0 0
1.91436683311333 0.722181186110177 2.43905444868825 4.49308700775582 4.44864263356325 0.70007305534448 3.7114405727887 3.52877999058975 0.149165570957509 1.46655088323035 0.0426642993120088 1.55128397491199 2.79550685036433 2.58444255563816 0.953658076518214 2.31675402116652 1.89696486910524 0.148597605456937 3.06040845754528 0.963864161881436 0.458528003312427 0.856580095952774 0.704929752026611 1.72036817040742 0.668088591168349 6.72494268215838 0.51694548288663 0 0 0 0 0 0 0 0 0 0 0 0 0 0 0 0 0 0 0 0 0 0
0.712363718719331 0.0287226489949017 0.881696687254559 0.988932738737952 1.30895492657827 3.37227067822118 5.49867645559884 0.270533926931791 0.396702143989093 0.431537776786827 0.85742741885629 1.98419813174036 1.85703846932618 0.523697905735883 0.73375003085807 1.14941948340923 1.26570496107914 0.127486454827794 0.0851017432802432 0.359020696078516 3.78045404014971 1.60680537763492 2.79108352347978 2.74476618851672 3.5641043052571 0.630267554425924 1.67832296131419 2.68081526301212 0 0 0 0 0 0 0 0 0 0 0 0 0 0 0 0 0 0 0 0 0
3.15734743303949 1.26840580954638 2.50674076291453 0.0624212172684139 0.326268760850297 2.40999784543719 0.901395066736058 0.0944804159705936 0.17187866623307 0.95951322144392 0.0486992580109544 3.99126170912269 0.871462804448631 2.68796202072004 1.05754307014088 1.7725681847109 0.417237738797684 0.493412730852869 2.14004923392473 6.03774520806744 2.11696796136396 3.44210674733768 3.58267846714627 0.347693775456735 0.425800654453698 1.26733529526188 0.161760564983815 0.710790085547918 1.05910281611151 0 0 0 0 0 0 0 0 0 0 0 0 0 0 0 0 0 0 0 0
0.407555368800775 0.849480645087172 1.03285135041317 1.22407374188122 2.57358899972153 0.889494891748617 1.59607419068332 2.55501547236985 2.49818795506692 0.307933885066585 0.117621124587733 0.310181761588821 0.136382010175066 2.32115481022788 0.856203273369147 1.36442857119763 5.91212874118693 1.27882744201511 3.82288066131147 0.654977422558207 1.16328824425623 4.34091330918977 1.09133581412307 3.25019560558417 3.19993802955347 5.42362044395327 1.96721923446796 4.32482354602843 5.70166359589887 4.66024528421961 0 0 0 0 0 0 0 0 0 0 0 0 0 0 0 0 0 0 0
1.58821870713365 0.384486565747073 0.109181431218753 0.210451080918681 0.978983406686668 0.604774513426951 1.1795332814006 5.51850168656708 2.58809923964671 0.816800027698156 2.19639057130021 1.70296080483026 2.33883537859898 2.81882343289275 0.629065279331354 0.567885954922657 2.28068823652063 6.28114053864677 0.0976503355684799 1.4508689051886 1.17807239580218 1.54452431195025 3.28176806773199 0.0627772936273602 1.72937626446517 0.135669628938185 2.52750921626265 1.90670168913048 4.56765226012906 2.81324664068013 1.48721013048231 0 0 0 0 0 0 0 0 0 0 0 0 0 0 0 0 0 0
0.18837577974109 2.0142727270528 0.419317931280137 4.39685720707704 0.184947649379138 0.957266716877344 4.65599798053561 3.73140944653164 4.47179718140714 1.71596842004977 2.47276840153614 0.916366271198232 0.461856105771561 0.744265171750474 4.54831002620119 0.337240485157428 9.25436160499913 0.19661139277294 4.95841094641043 1.88869086085566 0.642122743048818 2.01399213965341 0.276800344290132 1.98215252322319 1.43697216346602 4.99066528595118 2.11278192323815 0.739965048592392 5.04378076119742 2.43648321682452 2.36620107138818 0.183864813564547 0 0 0 0 0 0 0 0 0 0 0 0 0 0 0 0 0
0.350202761963504 6.34604617759116 1.69042516740315 0.819141718103168 0.443901886721454 8.31721831161269 3.52324288944475 1.43587505841195 1.89855430197395 4.85324069012763 0.249456807314746 2.57748841147592 0.148693365805852 0.801025386765587 0.933505731960935 0.694114689068981 2.17786610577196 1.1928317806895 1.24904509913511 0.949092959172412 0.100861432546575 0.664121025671825 0.16993066907081 0.328855331290299 1.53169656418145 3.61030616162997 3.32623806388643 3.74017146834526 1.4280792040455 1.62914423632895 1.13138041458735 6.00863516914279 1.87050712564833 0 0 0 0 0 0 0 0 0 0 0 0 0 0 0 0
4.0094503665524 1.48231652133892 2.74076279253954 2.77295849402443 3.92317071411414 0.388667375936716 1.51083232369324 3.17707537973042 1.31089147053537 3.51005462025005 2.9611425003413 0.46611550272238 1.00975476057086 6.92244120387323 2.25795834897871 1.34187236383186 4.11005785000749 0.156853803234171 1.86997675679506 0.516333552313983 3.14380091004791 4.21884669376951 0.203564665335637 3.50722139913141 0.0674526887146953 0.492447591105007 4.23503271905005 0.245486771478032 1.7653522011955 0.857261033661203 0.0995851254338053 1.20766362838189 0 0 0 0 0 0 0 0 0 0 0 0 0 0 0 0 0
4.74962493882402 1.77050929453281 0.384514567838462 4.53027896436071 2.67080660963798 0.265317054882984 0.0962414300759264 0.483203484666757 1.4246793964947 2.29794747438509 0.345235481025774 0.00816408029842215 1.89117402481336 0.209377017628974 3.52634716955847 6.50841379221663 2.06266412233912 3.57008680755902 1.54441080563736 6.75023520487654 0.142006655869255 0.0266698595312617 2.44092368726158 5.89225911450563 0.12315274381493 3.29122678033307 0.292615346037759 0.398866364054901 2.89346700161052 2.86979399278415 0 0 0 0 0 0 0 0 0 0 0 0 0 0 0 0 0 0 0
1.32009979486331 0.451937273519617 1.51562557426569 1.91925164829084 0.783670759841221 7.46981371464513 3.51601936641413 0.845253155624386 2.83200923008064 0.63841444434482 1.86295894132098 0.601761577446852 4.35314112843488 4.95509604006837 0.437558777613465 0.187500947539945 7.14638542486749 1.3999227375924 2.56635531401877 0.0743492854669992 0.88421646622166 1.11995357900855 2.19454327314195 1.76257639729151 1.33295541100361 1.39181762735007 4.99152317992963 1.03296785218075 0 0 0 0 0 0 0 0 0 0 0 0 0 0 0 0 0 0 0 0 0
1.26531445503654 7.89048990597324 2.32078725376579 7.51093766677495 1.61770088812946 0.797622203245258 2.26970162051121 1.91093234028878 0.337021073575662 1.20395432722149 2.13350453515486 3.36296696689183 0.0476670114871282 11.5187945877537 0.142703579327339 5.23734951067596 2.45891385675549 0.303668072226009 5.44478419407612 1.10048754091978 2.09198458155972 0.600011757295844 1.23455403955298 1.36028254760454 0.612243574710861 3.37564582375819 0 0 0 0 0 0 0 0 0 0 0 0 0 0 0 0 0 0 0 0 0 0 0
2.10822105860845 1.69745398370164 4.29622870069022 0.248830426683978 1.50725075634803 1.08596179295232 1.42247076304206 2.12830397823645 5.47848260859649 0.696125048017153 6.04519239701323 0.0979437268370612 0.721322245637393 0.0287959447233265 2.88444996501915 3.18611699274517 4.63055673553759 3.21561324926677 1.28590885656187 1.31789517595193 0.890771187047305 0.0600051631786801 2.8391476352513 1.48331952712459 0 0 0 0 0 0 0 0 0 0 0 0 0 0 0 0 0 0 0 0 0 0 0 0 0
0.508424489945274 0.223078954076719 0.100740076081306 0.298089199961877 3.54907745396882 4.15817997385073 0.386817949566959 1.57868083679291 0.441545392840365 0.520013853339633 0.0430166660530014 0.615260364249153 4.5944024106614 5.63761958782255 0.691085636299149 2.99002395620091 0.0841804747149348 0.844206610905918 0.336221069928399 3.60811537052657 4.09652707814037 0.809486489857807 0 0 0 0 0 0 0 0 0 0 0 0 0 0 0 0 0 0 0 0 0 0 0 0 0 0 0
0.42229372058159 0.645797165598588 0.808347422484557 1.60196098157143 7.84990384269828 0.211384209165315 1.98444668370371 0.487946524292679 2.50505254076369 1.63462256681983 1.02347629470198 4.84883845119299 0.0829463666256161 0.544573041832368 3.35311707940349 2.92480754098643 1.9064961794448 0.394928191634711 6.36142828453732 2.87604893192749 0 0 0 0 0 0 0 0 0 0 0 0 0 0 0 0 0 0 0 0 0 0 0 0 0 0 0 0 0
0.732439542885199 3.41133013398642 2.40197622089601 5.85705353262448 0.590393295878654 2.31660846615871 0.588253786015509 4.24236751413486 1.59953706566323 3.49204409214551 4.08571125175127 0.0717693174982459 1.85260040922587 1.57285697913616 3.12213872562497 0.886829775272287 2.97221249348916 5.80338183709701 0 0 0 0 0 0 0 0 0 0 0 0 0 0 0 0 0 0 0 0 0 0 0 0 0 0 0 0 0 0 0
3.70952283447214 1.38840072656529 2.10304157082993 0.183538016369406 2.5328472746204 1.15838775960385 3.10043359167486 1.80586929984305 1.23868366900303 0.859035113678293 5.46640226176254 2.12910978381075 2.97171305765292 1.48127180036984 3.66184511703804 1.88523451401981 0 0 0 0 0 0 0 0 0 0 0 0 0 0 0 0 0 0 0 0 0 0 0 0 0 0 0 0 0 0 0 0 0
1.59776706084022 0.881401062691138 0.825502331551876 1.95826992294218 2.72665869709538 4.1085905779268 0.531183036542126 0.949351641046454 2.06205132056514 4.45465068455731 2.10607086675884 0.844436877685536 3.14217427638342 0.569868800568864 0 0 0 0 0 0 0 0 0 0 0 0 0 0 0 0 0 0 0 0 0 0 0 0 0 0 0 0 0 0 0 0 0 0 0
1.95767594000878 0.705965565808206 2.01495246442853 0.615385583717789 0.230716566543571 2.04559078894053 1.40615980105547 2.43592617874161 2.33492725315501 0.387742493297677 0.296784820103137 2.84978505596261 0 0 0 0 0 0 0 0 0 0 0 0 0 0 0 0 0 0 0 0 0 0 0 0 0 0 0 0 0 0 0 0 0 0 0 0 0
6.26758202301876 7.5871262967059 0.486461321461312 5.43229342708418 1.22989371376681 1.27892800685439 1.39015249126807 4.86193781994448 0.297776880628784 0.162917220006298 0 0 0 0 0 0 0 0 0 0 0 0 0 0 0 0 0 0 0 0 0 0 0 0 0 0 0 0 0 0 0 0 0 0 0 0 0 0 0
6.52641599699718 1.61313515701711 2.50989824525996 0.0613012874495108 2.24264215107097 0.25138547920057 1.5099655301589 0.0293966878215197 0 0 0 0 0 0 0 0 0 0 0 0 0 0 0 0 0 0 0 0 0 0 0 0 0 0 0 0 0 0 0 0 0 0 0 0 0 0 0 0 0
1.14230450184573 9.13553947677064 9.17686969653163 0.165738624489633 0.0835980493090348 13.2596469000743 0 0 0 0 0 0 0 0 0 0 0 0 0 0 0 0 0 0 0 0 0 0 0 0 0 0 0 0 0 0 0 0 0 0 0 0 0 0 0 0 0 0 0
0.340742691385086 2.48576540103809 0.334791014412459 3.64729611530776 0 0 0 0 0 0 0 0 0 0 0 0 0 0 0 0 0 0 0 0 0 0 0 0 0 0 0 0 0 0 0 0 0 0 0 0 0 0 0 0 0 0 0 0 0
0.913218395620205 0.581847492843984 0 0 0 0 0 0 0 0 0 0 0 0 0 0 0 0 0 0 0 0 0 0 0 0 0 0 0 0 0 0 0 0 0 0 0 0 0 0 0 0 0 0 0 0 0 0 0
