0.13035933959582 0 0 0 0 0 0 0 0 0 0 0 0 0 0 0 0 0 0 0 0 0 0 0 0 0 0 0 0 0 0 0 0 0 0 0 0 0 0 0 0 0 0 0 0 0 0 0 0
1.15163619335387 0.0944181780409911 0 0 0 0 0 0 0 0 0 0 0 0 0 0 0 0 0 0 0 0 0 0 0 0 0 0 0 0 0 0 0 0 0 0 0 0 0 0 0 0 0 0 0 0 0 0 0
8.13167207295092 0.999071634673125 0.774282899883659 0 0 0 0 0 0 0 0 0 0 0 0 0 0 0 0 0 0 0 0 0 0 0 0 0 0 0 0 0 0 0 0 0 0 0 0 0 0 0 0 0 0 0 0 0 0
5.14793169062526 1.58910805224985 7.03216366015802 2.16633441532394 0 0 0 0 0 0 0 0 0 0 0 0 0 0 0 0 0 0 0 0 0 0 0 0 0 0 0 0 0 0 0 0 0 0 0 0 0 0 0 0 0 0 0 0 0
0.482364158398383 0.0928380111841961 4.63180119166878 3.48886851465624 1.08344992928318 0 0 0 0 0 0 0 0 0 0 0 0 0 0 0 0 0 0 0 0 0 0 0 0 0 0 0 0 0 0 0 0 0 0 0 0 0 0 0 0 0 0 0 0
3.05309939705948 2.5196205079839 0.801575640097572 4.69568097881697 5.92425291973606 4.66329450806087 0 0 0 0 0 0 0 0 0 0 0 0 0 0 0 0 0 0 0 0 0 0 0 0 0 0 0 0 0 0 0 0 0 0 0 0 0 0 0 0 0 0 0
3.7497649151103 1.66179042594682 0.91074156313701 0.294558819308979 3.36851673495858 1.96018405890529 2.21521091930996 0 0 0 0 0 0 0 0 0 0 0 0 0 0 0 0 0 0 0 0 0 0 0 0 0 0 0 0 0 0 0 0 0 0 0 0 0 0 0 0 0 0
3.47249962218692 3.60609397996759 0.622127500347891 3.66454662628382 4.04122715518587 0.674388051837262 2.31253701056516 1.78733957718034 0 0 0 0 0 0 0 0 0 0 0 0 0 0 0 0 0 0 0 0 0 0 0 0 0 0 0 0 0 0 0 0 0 0 0 0 0 0 0 0 0
0.409995611064123 2.42566337222689 0.842143170744313 6.51888624297177 0.880744709302418 3.71672441410401 2.42215921551445 1.24410090032374 4.0524515203791 0 0 0 0 0 0 0 0 0 0 0 0 0 0 0 0 0 0 0 0 0 0 0 0 0 0 0 0 0 0 0 0 0 0 0 0 0 0 0 0
2.52382446499297 1.20540041833857 0.177457474253572 0.198802636398919 2.28039581343781 1.06458789656847 1.70388549327638 2.43487458804129 0.778385417557021 0.533985529150896 0 0 0 0 0 0 0 0 0 0 0 0 0 0 0 0 0 0 0 0 0 0 0 0 0 0 0 0 0 0 0 0 0 0 0 0 0 0 0
1.34274696470191 1.74995920482994 0.577108717288792 8.87746443343451 1.07312457096363 0.242040687387898 0.355546923761888 0.159028685495531 4.03686899268985 8.35632123028946 1.03701712512479 0 0 0 0 0 0 0 0 0 0 0 0 0 0 0 0 0 0 0 0 0 0 0 0 0 0 0 0 0 0 0 0 0 0 0 0 0 0
3.27564714003857 0.139781209675274 11.6325988752508 5.56932612635255 4.45761980169452 2.78089825328278 2.00336431099801 0.828639554961802 4.1134288919594 0.326952117289526 0.825593786927825 0.289130826958915 0 0 0 0 0 0 0 0 0 0 0 0 0 0 0 0 0 0 0 0 0 0 0 0 0 0 0 0 0 0 0 0 0 0 0 0 0
0.638408473270489 0.597147934771936 4.91278424761849 1.5218684581561 2.75842073281525 2.27676356349615 4.568648437346 11.4332285218732 1.56105444713459 10.9871950815365 3.31864848295159 1.15968836556222 1.40642327399188 0 0 0 0 0 0 0 0 0 0 0 0 0 0 0 0 0 0 0 0 0 0 0 0 0 0 0 0 0 0 0 0 0 0 0 0
3.69249333778725 0.703196624601077 2.15619836478553 0.415607704365395 1.26411786058387 1.09472432478116 0.579957638978612 0.347429806778924 2.0424453148178 1.04259911905018 0.594812535298049 8.16946814434953 0.883257684141495 0.185420710502132 0 0 0 0 0 0 0 0 0 0 0 0 0 0 0 0 0 0 0 0 0 0 0 0 0 0 0 0 0 0 0 0 0 0 0
0.547489739683507 0.578861032906872 0.871033857610916 3.47206107412022 2.00659724962042 3.97835118866438 1.68031816874736 2.04396554573767 2.61625736703709 1.78009029693697 7.06507059040551 4.1910590868485 1.87724546842336 3.54476099106839 4.8811171428757 0 0 0 0 0 0 0 0 0 0 0 0 0 0 0 0 0 0 0 0 0 0 0 0 0 0 0 0 0 0 0 0 0 0
1.53057913814187 0.220934767168359 2.993986296305 1.73372554280415 2.94424737320541 1.33574531807744 2.74923018367317 1.17606354111084 0.333397180498984 2.52785112068176 0.283820963459761 1.37808365455339 3.17229715053836 0.396416160672471 3.25989414997324 5.79528179512632 0 0 0 0 0 0 0 0 0 0 0 0 0 0 0 0 0 0 0 0 0 0 0 0 0 0 0 0 0 0 0 0 0
0.369952320545617 3.23049100538 0.301729133905322 13.8124087362589 0.577167918255436 2.64131631589554 2.85537989024257 2.15101410107709 1.37204550015897 0.232043940454579 4.71495160617796 3.26343094742286 1.1837737093034 0.18169229179412 0.251898136151533 2.52833212134538 0.443507084705437 0 0 0 0 0 0 0 0 0 0 0 0 0 0 0 0 0 0 0 0 0 0 0 0 0 0 0 0 0 0 0 0
2.28953293162042 0.991672486567168 0.247190522651399 0.384775267838029 2.81909570796158 0.958962990251987 0.808719141727656 0.0721394341576849 1.58937182556338 7.97363537678965 0.338550515451032 0.746886340467892 3.27402378713406 0.974944090854667 0.0611849012834451 1.83283337810316 1.5504769591915 0.526397391356936 0 0 0 0 0 0 0 0 0 0 0 0 0 0 0 0 0 0 0 0 0 0 0 0 0 0 0 0 0 0 0
0.992590858956361 0.587662201719079 0.0116507214768744 1.82264428079588 0.219958948204048 0.365329423270756 0.679216212450188 0.649889134248272 3.00832258994761 1.93228987594403 1.23233366373636 0.931983743574361 1.06878102942194 3.05732229476578 0.346928356387406 0.0113024399929586 1.25545922894531 2.9539283856214 0.163259280176055 0 0 0 0 0 0 0 0 0 0 0 0 0 0 0 0 0 0 0 0 0 0 0 0 0 0 0 0 0 0
5.57761275399033 0.529572974878564 2.69902182336693 1.63121194412648 0.0380721882567875 6.1028255616111 7.04421019658075 1.71867563614717 0.549277710559129 1.75154095617088 3.18250436970575 3.31962300171649 3.64401778390264 2.60875435564445 3.67031273573646 0.631267422937801 1.51947028485165 0.680816808532621 0.851245193019442 5.45470952186667 0 0 0 0 0 0 0 0 0 0 0 0 0 0 0 0 0 0 0 0 0 0 0 0 0 0 0 0 0
1.30562907396617 6.9695135712843 0.122541869411337 4.11920679393332 6.92583815997824 2.61050996399904 1.60826560902698 3.63483154408171 2.7475678382087 0.481379013135782 4.92732067892512 2.94364205441713 0.729372072875482 0.314176941982245 0.0654184621677289 3.29379549971839 1.42189223632497 0.520284574377277 0.388296418923842 5.51019364013108 1.526998916303 0 0 0 0 0 0 0 0 0 0 0 0 0 0 0 0 0 0 0 0 0 0 0 0 0 0 0 0
0.49746158296205 0.261127146993758 3.65173737612974 3.1704191220965 0.753337833277654 1.69361283652141 3.31484654227629 0.030108702656384 3.58529429383955 2.76651618183512 0.201307312250308 0.586035728242768 2.53747111245789 1.44707182296643 1.01043775682115 2.57060036154665 0.356385642354321 0.0963511401830549 0.720287751352681 0.1248014411849 4.43168753619134 0.177865465470289 0 0 0 0 0 0 0 0 0 0 0 0 0 0 0 0 0 0 0 0 0 0 0 0 0 0 0
1.3616858518976 0.287123032876844 3.09611616515902 0.114625822341946 0.173561035665343 0.514650894378359 2.0195752194177 0.427247863798936 0.620240498968327 0.998802624236157 0.400441445583364 0.391679948398146 0.0288259696171009 0.30705945137162 0.113257491777058 6.90369113394866 7.13417901838149 0.684125303538071 1.48825092424172 1.06283224200697 0.131486901007235 4.57232411944627 1.88059645424207 0 0 0 0 0 0 0 0 0 0 0 0 0 0 0 0 0 0 0 0 0 0 0 0 0 0
2.47762563953737 2.30501725994166 0.568046752148734 2.73622314620851 0.508406696631357 1.50366297350083 4.11063809447693 1.81440279277275 1.7204394674377 0.351451854574964 0.966769379786446 0.0214983254420476 0.98943289282974 3.77543522520279 3.14575998120833 0.909733409271877 0.684762104770113 1.11209459639847 0.242350923924558 0.00572007040260216 2.26895547973626 1.4519490820195 0.223002074240369 0.169287767971763 0 0 0 0 0 0 0 0 0 0 0 0 0 0 0 0 0 0 0 0 0 0 0 0 0
3.49456474723299 0.581977318116958 7.86836024304002 1.23523036079825 3.33558295744325 1.84870126525971 0.118483643071278 0.976153557324083 0.216607664094759 3.03937414026873 0.57205945603161 4.06936004622402 1.94818939122881 3.37671036114748 2.79831953825102 0.876786047918495 5.13872994961033 0.305991786508292 0.243604183743608 0.825952789630483 1.94542832367915 0.111856056272544 0.521777380254598 4.1513025786244 4.78704020526321 0 0 0 0 0 0 0 0 0 0 0 0 0 0 0 0 0 0 0 0 0 0 0 0
4.36334210909031 1.07741109986125 3.78713095810968 0.972471210906851 3.13443154186304 1.64970534096291 3.01974848647788 4.51153086202944 4.42693508517176 1.57886381181029 3.67418588155532 0.152236128165449 1.23085373760715 1.02320989930812 0.0678711995109427 1.24208260681458 11.6435875778992 0.421619839078349 1.89703984956549 4.71508791182841 5.56139482681841 1.01700154069815 2.16675965808709 0.0782267390310588 2.42190055766683 0.0169903452467103 0 0 0 0 0 0 0 0 0 0 0 0 0 0 0 0 0 0 0 0 0 0 0
1.36760772593594 1.88534159279042 0.611681335812535 5.60390525845394 2.58452066809115 0.0103062732471293 1.09127278527768 2.15763858344624 1.1955532044074 0.787402837978717 2.91458138884005 0.0190959097956276 1.51716131231545 0.767117522250368 0.2702042026229 1.4713256011015 1.2514558008247 3.80278153808272 0.680399770286863 1.06642404558382 1.51663026819487 2.12867839807467 0.423013300737433 10.0749405483905 4.43957783471279 0.218007776535963 2.28773288176988 0 0 0 0 0 0 0 0 0 0 0 0 0 0 0 0 0 0 0 0 0 0
1.51405691412347 1.15856307092578 1.74572622022182 0.509853443693265 0.726936550012139 3.0373855406882 2.78175171286012 1.56907149933116 1.62039473961827 1.53414198842668 3.44225325062875 0.143383405554216 0.979803936883795 1.65114315677944 3.55195927740917 2.4286436120898 2.36577297950528 3.8987712590996 2.97958254838052 0.655547164527972 1.16971622532172 0.287814561624923 6.05962698606024 0.529973633716437 0.488299509920307 2.44088543363671 6.7883123470323 0.882286928348702 0 0 0 0 0 0 0 0 0 0 0 0 0 0 0 0 0 0 0 0 0
1.71406735012761 1.30590852915564 6.26322946052014 0.918074350544087 0.68276419573557 1.06059066337989 0.0897054877717039 1.10006621169514 3.46878036671083 1.36907720548183 0.13413600288861 2.28043946921308 4.23208213840855 3.04470226314921 0.196161236880261 4.30805711741195 0.0227004420763632 3.89005130760227 3.97356883666762 3.47080025613451 4.02797433229163 0.626693330388222 0.662765795926588 1.52198224109908 1.49536633772425 1.16234169572076 0.0800734665891965 0.296037433095471 5.72925445698496 0 0 0 0 0 0 0 0 0 0 0 0 0 0 0 0 0 0 0 0
0.252913860771808 3.07733307801553 0.531188296288487 2.08344255737741 3.10450591982157 1.83895192597265 0.903083975498937 0.88426950680269 3.81140447760196 0.744033742237257 0.0919246973739197 3.05555446153803 4.78314694997341 1.69158769038398 4.52036435945944 2.91780739884853 0.75636561336198 0.817224052434398 1.29195160772709 4.94294881259288 1.92189954642501 1.06503692807835 0.454516415402861 3.89089789069128 3.27530884135989 0.270301277491629 2.36764811164816 3.07194795985823 2.97296049926805 0.66369807491824 0 0 0 0 0 0 0 0 0 0 0 0 0 0 0 0 0 0 0
5.28464676244785 6.29214658418965 0.033036012977439 0.901165762045224 1.62176844491464 4.55570907911718 2.34723647151059 0.58619132290934 1.70963684259068 1.61975495988973 4.00150385974316 2.47885620946176 1.73212732648477 1.66904149419394 1.70766246725848 3.56729096986793 1.11523574599354 9.60419609325213 13.7372171084781 0.364523219643743 2.0560646438796 0.775689735362417 0.256906796333208 1.39006177274989 0.624449691960408 8.99041501712586 2.93756755889289 0.95828635343057 2.09893650836831 0.165646191353229 2.66721835355633 0 0 0 0 0 0 0 0 0 0 0 0 0 0 0 0 0 0
0.622205998857491 0.360013574396535 1.69376667828234 1.86526613864897 1.06343881009214 2.45050868610765 4.74683627999975 10.9899074423434 0.92997612995892 3.50344044235064 6.19207410899456 2.1779370510278 8.23016489434569 0.530779804383136 2.28220986350398 3.20814328826862 2.2139853140786 0.444135460401416 2.31954137987156 4.31724878116212 4.87870347603836 0.399137451898063 0.59952800231228 0.0246629498131825 1.1318577308161 5.57549481715841 1.95093192828105 2.01117964583094 5.31167693244848 0.496105927360683 4.63973782597271 0.220242657171501 0 0 0 0 0 0 0 0 0 0 0 0 0 0 0 0 0
0.778353693821723 5.86651963883589 1.17695683305604 2.44493368058551 0.355356585352371 0.922832128761804 3.13976850836618 1.27766197461209 0.42312668312123 0.19702404553591 4.29949857811568 0.513700263214001 0.200414534084812 1.56369913056812 1.11922893285282 1.52534496363291 2.60055078529847 3.58914735168421 1.57655011222237 1.06441920453464 1.57263617453045 0.0858978274725638 5.99124725951056 1.43720931136632 2.62840280906642 3.74431913738428 0.241677751354034 0.992613147497333 2.77849651413361 2.46654114581773 0.559162901666721 2.54378052095762 0.338682906022454 0 0 0 0 0 0 0 0 0 0 0 0 0 0 0 0
5.64838187531934 2.66017360627627 3.06711403840079 0.50593415365802 3.25451819596325 1.79081662995777 1.85796042218458 3.13743332792188 1.1153183845571 1.47903997765407 4.70814116215728 0.484490626581726 0.871765429834773 3.1756855467787 5.53439170894663 0.215775313136657 1.28163744773559 2.04835625876837 5.31818897445835 1.46808882657136 4.59372241771802 0.604648844347773 2.94497936571761 2.26578694869531 3.57944787217102 3.39904729791431 8.17683474856709 0.786484709141753 2.99411879721952 1.83222655339119 0.687310719299885 1.5420986055392 0 0 0 0 0 0 0 0 0 0 0 0 0 0 0 0 0
0.0969572681826191 0.589683203358087 0.869693917360004 2.33328795153676 3.2164049077291 0.782926340977923 2.03805478332875 9.08842327419353 1.56988103598493 1.30311690962191 1.49919149652707 0.897985376728811 3.3708719947099 0.660153375119811 3.39253839616212 1.08387940087865 1.22693996910499 0.340687883918435 2.34329647367965 2.2672039035086 0.502828990196545 0.0246385584754971 3.31347279606631 1.05605150258329 1.03562816023132 0.0233570432491395 1.12451345850874 3.72735267441713 0.988321424371861 4.76068298162062 0 0 0 0 0 0 0 0 0 0 0 0 0 0 0 0 0 0 0
2.24629184180832 0.0414520176844388 3.48061432697626 4.20126096756851 1.75669456453813 2.17603864407379 1.85555584623921 1.53819991785922 0.810727098308557 0.102489138041946 4.3998311573915 1.48712002776096 0.00895369543967966 4.62246634229088 8.90081695805855 3.08786584096864 5.33919459679232 0.188862976154439 1.77664316578725 0.60665620549791 1.89811648369585 6.99620084970711 3.83852852281632 1.008904628119 1.79122316221596 0.604470470706493 0.491444130136971 3.3143773516059 0 0 0 0 0 0 0 0 0 0 0 0 0 0 0 0 0 0 0 0 0
1.05975840144248 0.362335221064704 0.149812609116014 3.77603544551082 0.0826364832273396 1.36339804763847 2.22218363956627 0.827036204781095 1.66306953285512 8.39306991975192 0.87478125435368 3.380020656386 4.13266458682842 1.17580341680645 1.09889929488282 6.25258756405106 3.31786246480825 7.15021095482088 2.01786421824079 1.23558953353184 1.11807772423951 3.42791828207782 0.845970630625737 1.07328547813282 1.94540599755624 2.44932637990919 0 0 0 0 0 0 0 0 0 0 0 0 0 0 0 0 0 0 0 0 0 0 0
0.380537564238836 2.36017100195236 2.08896191635337 4.32409258280614 3.03826309195924 0.885339383211557 5.39174446780215 2.16236706701715 0.0835709189722163 1.35998296739295 0.201826242239009 4.04837365542214 2.41928294068356 0.230924920665124 2.58751424819621 0.0272546918172533 5.61949973629175 0.904589926871867 0.69797956489778 7.43024338773974 3.05090029325822 0.182996939062697 11.512411958455 0.349260928745099 0 0 0 0 0 0 0 0 0 0 0 0 0 0 0 0 0 0 0 0 0 0 0 0 0
2.99767985050753 3.39469710332276 4.81743410000763 6.03242965592461 2.10871368387656 4.98987260331976 2.03682094799532 5.53862286679214 0.991706804786482 3.93447995222139 0.582885130131083 4.36714372200499 1.87728965079728 1.46885708013678 2.73531925208984 4.52383108343932 1.84466669390081 1.16445559586713 2.60812486964664 8.04588864082582 4.36801946970056 0.279251703492481 0 0 0 0 0 0 0 0 0 0 0 0 0 0 0 0 0 0 0 0 0 0 0 0 0 0 0
4.99929308896325 2.89839976312481 4.93029004362457 0.862962544508286 3.94749752862251 2.36091289192142 0.536038255011229 0.191672917689039 2.2628637436022 0.0428779121713374 0.833145110542061 1.23860716661107 6.18224876293673 0.711146991907491 7.0792209798134 0.254466806186216 13.5316849066509 0.210381640069339 0.50904465551452 2.16942631993952 0 0 0 0 0 0 0 0 0 0 0 0 0 0 0 0 0 0 0 0 0 0 0 0 0 0 0 0 0
5.75791387365705 5.25818781982483 1.06757234847264 5.74620534681396 0.662542142564845 6.56988846972063 1.90447617637423 3.26028933086167 0.448778521391598 1.30158919175454 2.94937331344052 8.85935188241768 0.30799764762906 0.414367580555469 0.706622567263031 2.15664078616333 2.78813184563655 0.722485361411739 0 0 0 0 0 0 0 0 0 0 0 0 0 0 0 0 0 0 0 0 0 0 0 0 0 0 0 0 0 0 0
0.933157174051181 1.15243190597069 3.36989164905534 0.208676065448232 0.800572836841092 0.233224128171055 1.14545468960864 0.724711392639268 1.31696915925453 0.84009358461858 1.24431853402308 0.882396077621575 8.96585166079403 0.495989736780222 4.61066289240594 0.0664177683721165 0 0 0 0 0 0 0 0 0 0 0 0 0 0 0 0 0 0 0 0 0 0 0 0 0 0 0 0 0 0 0 0 0
0.438142786401485 0.672873832057414 0.346670899979766 0.124207780306328 1.60081888583345 1.27705922408625 2.91002163473249 4.27151965958714 1.85133986500746 1.25462169227895 1.60870863921428 1.80939538348363 0.555716479642013 0.800680573495911 0 0 0 0 0 0 0 0 0 0 0 0 0 0 0 0 0 0 0 0 0 0 0 0 0 0 0 0 0 0 0 0 0 0 0
1.61689963166005 0.325609255629979 5.26913908066139 2.02305136931094 3.03314025708383 0.871230755298375 2.54801516308816 1.35514023676325 0.979088840814335 0.725507801527155 0.705998024117672 1.26265021597387 0 0 0 0 0 0 0 0 0 0 0 0 0 0 0 0 0 0 0 0 0 0 0 0 0 0 0 0 0 0 0 0 0 0 0 0 0
0.599844388216129 2.24459175609105 3.98808660560156 0.739884189992601 4.11197129155584 6.5058699157565 3.78047278518775 9.16589631918042 0.780379583126195 2.66882507734351 0 0 0 0 0 0 0 0 0 0 0 0 0 0 0 0 0 0 0 0 0 0 0 0 0 0 0 0 0 0 0 0 0 0 0 0 0 0 0
1.74426095740511 0.0434782496674865 2.20458683247095 0.955242929975389 2.1286968372443 3.1423574400778 4.0385894027162 2.53522004981953 0 0 0 0 0 0 0 0 0 0 0 0 0 0 0 0 0 0 0 0 0 0 0 0 0 0 0 0 0 0 0 0 0 0 0 0 0 0 0 0 0
1.84770711116483 2.01503394330508 0.630683546619684 1.28728061461105 4.81388839538509 5.9205420012852 0 0 0 0 0 0 0 0 0 0 0 0 0 0 0 0 0 0 0 0 0 0 0 0 0 0 0 0 0 0 0 0 0 0 0 0 0 0 0 0 0 0 0
1.13265405495909 6.63603792225184 2.00165412504296 0.0779521498198282 0 0 0 0 0 0 0 0 0 0 0 0 0 0 0 0 0 0 0 0 0 0 0 0 0 0 0 0 0 0 0 0 0 0 0 0 0 0 0 0 0 0 0 0 0
3.69692023771383 1.25158585166785 0 0 0 0 0 0 0 0 0 0 0 0 0 0 0 0 0 0 0 0 0 0 0 0 0 0 0 0 0 0 0 0 0 0 0 0 0 0 0 0 0 0 0 0 0 0 0
