10.4837730350748 0 0 0 0 0 0 0 0 0 0 0 0 0 0 0 0 0 0 0 0 0 0 0 0 0 0 0 0 0 0 0 0 0 0 0 0 0 0 0 0 0 0 0 0 0 0 0 0
15.067283341396 5.26292235062852 0 0 0 0 0 0 0 0 0 0 0 0 0 0 0 0 0 0 0 0 0 0 0 0 0 0 0 0 0 0 0 0 0 0 0 0 0 0 0 0 0 0 0 0 0 0 0
3.04754217405476 2.16527289990858 0.474445845386541 0 0 0 0 0 0 0 0 0 0 0 0 0 0 0 0 0 0 0 0 0 0 0 0 0 0 0 0 0 0 0 0 0 0 0 0 0 0 0 0 0 0 0 0 0 0
1.93305352513704 4.48209554197324 6.57590569375611 2.60805941130939 0 0 0 0 0 0 0 0 0 0 0 0 0 0 0 0 0 0 0 0 0 0 0 0 0 0 0 0 0 0 0 0 0 0 0 0 0 0 0 0 0 0 0 0 0
0.74071118486171 1.32915299710644 0.679205561535385 2.33860927940949 3.69822757096891 0 0 0 0 0 0 0 0 0 0 0 0 0 0 0 0 0 0 0 0 0 0 0 0 0 0 0 0 0 0 0 0 0 0 0 0 0 0 0 0 0 0 0 0
5.54087220618637 10.3306810361502 2.93048825073683 0.514826863336606 3.57988581650538 1.52207536334761 0 0 0 0 0 0 0 0 0 0 0 0 0 0 0 0 0 0 0 0 0 0 0 0 0 0 0 0 0 0 0 0 0 0 0 0 0 0 0 0 0 0 0
1.76209008885853 1.10924427140791 0.867540167931336 4.45370607769697 1.24576444849073 0.103606158903547 8.12753237724688 0 0 0 0 0 0 0 0 0 0 0 0 0 0 0 0 0 0 0 0 0 0 0 0 0 0 0 0 0 0 0 0 0 0 0 0 0 0 0 0 0 0
0.0256491658554644 1.28273961869679 1.14289568135877 0.0666273924997336 1.19312304753281 2.82714955244318 3.91588041237181 2.15400896008252 0 0 0 0 0 0 0 0 0 0 0 0 0 0 0 0 0 0 0 0 0 0 0 0 0 0 0 0 0 0 0 0 0 0 0 0 0 0 0 0 0
0.169183307186747 0.313721538223851 2.27228308496481 2.05344874477352 8.96911194831462 1.06168513911443 3.06812578360114 2.03769685429567 0.97479729665052 0 0 0 0 0 0 0 0 0 0 0 0 0 0 0 0 0 0 0 0 0 0 0 0 0 0 0 0 0 0 0 0 0 0 0 0 0 0 0 0
3.25499481489728 4.21045301196003 4.23035173215496 4.5644825769369 0.318618244153768 2.06712759679374 0.547279073853751 0.0240135092367229 0.110428664801639 3.07833145060943 0 0 0 0 0 0 0 0 0 0 0 0 0 0 0 0 0 0 0 0 0 0 0 0 0 0 0 0 0 0 0 0 0 0 0 0 0 0 0
1.94545802058987 7.51495837153701 0.495062208227609 7.4553090045322 0.496884926554436 5.55541678245864 1.29455763429595 2.6568523787607 1.28231435291761 1.14013346638321 0.458027316120752 0 0 0 0 0 0 0 0 0 0 0 0 0 0 0 0 0 0 0 0 0 0 0 0 0 0 0 0 0 0 0 0 0 0 0 0 0 0
2.62592316925761 0.399818021328122 0.58748196327712 0.130710527984414 0.466211761345513 6.54612335877323 1.86596840359796 9.42116995891182 0.828056060046867 0.140048864243282 3.97106040112556 0.451477675968331 0 0 0 0 0 0 0 0 0 0 0 0 0 0 0 0 0 0 0 0 0 0 0 0 0 0 0 0 0 0 0 0 0 0 0 0 0
0.536876823210315 0.852562643008169 1.38246402966206 3.03556228363783 1.89156661177719 0.501953083554668 0.301363189968793 0.166752541524164 2.73244764229562 1.54361895875154 0.577640606951415 6.36653483443507 5.19608584554624 0 0 0 0 0 0 0 0 0 0 0 0 0 0 0 0 0 0 0 0 0 0 0 0 0 0 0 0 0 0 0 0 0 0 0 0
0.0577368931291754 0.789894644547765 0.592246927248097 1.95619708987187 0.385489547444819 4.92999377501738 1.91155871201445 1.76097965389344 3.00127655110892 2.77267777243045 0.0200948951397981 3.08000528030313 5.01245955351513 0.927793521253909 0 0 0 0 0 0 0 0 0 0 0 0 0 0 0 0 0 0 0 0 0 0 0 0 0 0 0 0 0 0 0 0 0 0 0
0.0570716253407529 8.41551506053829 0.520222217537487 0.562645121698863 2.39885849175119 0.154739639623552 0.963884325082827 7.49045499858543 3.4990806871363 2.06201179119332 3.15210190906709 4.30889979924648 1.48344862446983 2.01883711198069 1.55797546078281 0 0 0 0 0 0 0 0 0 0 0 0 0 0 0 0 0 0 0 0 0 0 0 0 0 0 0 0 0 0 0 0 0 0
5.38381340451653 4.03505181408216 1.6261733796778 1.49900928295633 0.459346542097061 1.16091298288909 1.25539783955276 3.89861855059833 5.99999757654329 2.15110134999613 3.184082206994 0.826317438583905 0.710619830362173 1.57128953570346 1.57296518860488 0.65964363565276 0 0 0 0 0 0 0 0 0 0 0 0 0 0 0 0 0 0 0 0 0 0 0 0 0 0 0 0 0 0 0 0 0
0.247111458181482 1.49963601818775 2.01462444414899 0.878360224615412 0.0735092999558211 0.840949689151308 0.11752688173352 3.50400732580949 1.24895012229458 2.04295708317604 0.401146443520718 1.23876071112136 2.39713351525962 1.38703263180878 4.83658328012035 1.44698689550735 0.202526645025786 0 0 0 0 0 0 0 0 0 0 0 0 0 0 0 0 0 0 0 0 0 0 0 0 0 0 0 0 0 0 0 0
0.0676650114771991 3.815589637051 2.65450728978894 0.765745941644229 3.56214531922272 1.76399838979916 2.89529189911035 4.82971706074364 2.3990152852417 2.47288354402666 8.61959632136497 0.853711200646758 0.0613908678370305 0.442942054449529 8.3159824237066 1.7069309171104 0.87340300800665 0.454880910618336 0 0 0 0 0 0 0 0 0 0 0 0 0 0 0 0 0 0 0 0 0 0 0 0 0 0 0 0 0 0 0
3.62153416096123 1.51752216971129 10.3396137888143 0.119446154540286 1.57417137568289 4.55692448008135 4.51502494071931 2.23856722345701 0.635492015692888 0.7015890630482 0.129604324335 4.68093997308004 4.92224745716089 0.260276496879782 2.11076117411532 0.745297979599063 1.76882171043996 0.135834707402611 2.78198582430361 0 0 0 0 0 0 0 0 0 0 0 0 0 0 0 0 0 0 0 0 0 0 0 0 0 0 0 0 0 0
3.95221354970623 5.87205124888261 0.514774875079516 4.85834692177041 0.198141426373712 2.08756803613787 1.40647347685865 0.0878086036189326 2.72529216514825 1.32018944994622 4.95640375733848 1.83204615911905 4.71963171855788 1.26149739132799 5.9426713143116 0.00683707859290198 2.43704036195621 4.54459699075675 1.53569579040838 1.45812737529355 0 0 0 0 0 0 0 0 0 0 0 0 0 0 0 0 0 0 0 0 0 0 0 0 0 0 0 0 0
1.57797979377108 1.00198167484074 0.937933137834144 2.78058607128782 0.993270012830977 2.74309229114353 2.1556620297868 1.27295161090515 0.579768297457534 1.22066739947316 3.16851105421332 1.35046681768783 0.613944755940182 5.46984468375564 2.53472493876223 0.199507608171664 2.24170661047972 0.932981327712161 0.382945226147265 1.05640994811774 3.22304382945642 0 0 0 0 0 0 0 0 0 0 0 0 0 0 0 0 0 0 0 0 0 0 0 0 0 0 0 0
0.299443774485812 0.948751129863786 1.08126650859155 0.576739634187805 0.524398809197221 0.117281657149276 2.71877575491437 1.64863733412441 0.149012758510378 3.18272790287499 9.63972754173183 1.33909124704642 1.06448153658332 1.94040411362743 1.98731118748002 1.58090702335968 2.48025139869816 2.16868142107205 1.26502766826233 5.0490907104697 2.65580924447146 0.200229137542756 0 0 0 0 0 0 0 0 0 0 0 0 0 0 0 0 0 0 0 0 0 0 0 0 0 0 0
0.102916007861101 3.54847452888175 0.532159952654506 0.0559450113796205 1.46606091093211 1.74537045389715 0.553803653962106 0.596677468446811 1.72972980431057 3.20582891428987 2.01383935718139 2.14243702634701 1.44273919176454 0.541160272750006 0.0251383478927389 0.111395286070128 4.50458534049846 3.19789979921752 0.134118409033772 1.79713270982508 3.22972049770919 0.205142182257944 0.177571136694366 0 0 0 0 0 0 0 0 0 0 0 0 0 0 0 0 0 0 0 0 0 0 0 0 0 0
5.55987763008568 0.123643669912319 0.857171172665024 3.76698917719384 1.03525526825309 0.800115565206558 1.29432123981237 0.219086455744681 1.57180995472238 0.598956273267874 0.609685055787302 0.218376823391484 0.56794811852624 0.303595433271333 3.24974433503777 9.12872744594681 3.86479937803822 0.337902128077144 7.68354113365898 1.83192120204992 5.3028726122125 1.9762337201187 0.523713864277458 3.3056015840257 0 0 0 0 0 0 0 0 0 0 0 0 0 0 0 0 0 0 0 0 0 0 0 0 0
1.68201275213779 3.05477728722895 0.797177082617233 4.84971284155874 0.48446865807516 3.2115065839337 0.697884939902574 2.12527633223355 2.45279655716253 6.37812420692219 0.0169699863433162 2.88775964898601 0.292973306970479 1.32035384917965 3.23490895726022 0.0446916078638095 0.0248414938031157 0.265570377636546 0.164371003215989 13.0126795451659 1.49020165629833 4.70640081124881 6.73507916967033 1.81572792517193 0.0732566881344596 0 0 0 0 0 0 0 0 0 0 0 0 0 0 0 0 0 0 0 0 0 0 0 0
0.590826423166609 0.501110875705608 1.21673508547472 1.07704949957858 0.529807118768297 0.321393858278457 5.06650844877083 2.02404037619568 6.43146310036253 0.28549962193305 0.412206288799681 3.2192668494911 1.63864957392632 0.0871082437741613 2.18564602226591 4.10887753563766 1.23626341106578 2.38730649887423 1.62081314006963 2.11278173499786 1.03871068682814 0.54214015156333 5.39663478009994 0.152804140078243 2.3086132794876 7.17286975130212 0 0 0 0 0 0 0 0 0 0 0 0 0 0 0 0 0 0 0 0 0 0 0
5.32596589079376 2.75285117465341 2.99648351049879 0.0297582377678767 1.46391094148235 2.79702486539001 0.383478420861092 2.15471457202259 0.29565295087305 2.30717960697785 1.67633916692023 0.271862228751578 0.0577111518306222 0.0258863735761273 0.795321332083186 7.29625750340619 0.0279882953341658 4.86798736736252 2.28752197538638 0.219887997606447 0.789030185360566 5.48931096048424 4.39046215063931 1.42679150379088 0.640432465137571 2.59673435488613 0.306004245967422 0 0 0 0 0 0 0 0 0 0 0 0 0 0 0 0 0 0 0 0 0 0
3.55603037261631 0.199031852401958 2.29558225359219 0.413069188321273 1.91874615674356 0.298110887214959 0.100977565338485 0.375390609569337 4.94443162018269 3.91871139549469 5.06646064363581 2.50563494468741 0.442433995721366 1.78495084852198 5.42811873378233 1.85775032119599 0.257591197335104 2.8089622436195 0.126299318648681 4.81076093394899 0.186373504686112 0.279446923593096 6.2480503240693 0.0303386043820967 2.45795346155361 2.64969546551517 1.30361838275059 0.623340851588549 0 0 0 0 0 0 0 0 0 0 0 0 0 0 0 0 0 0 0 0 0
2.84115116011277 2.31817551933174 2.669213223447 0.550046849634132 0.453041952565618 0.509310532945819 0.793823031782099 0.185484790358676 0.399105255690339 0.457788301762473 3.8461742382524 0.415000313893122 0.478334332917115 0.194670774077777 0.882623656371422 0.597549149316342 0.930908215807105 7.3244883704794 0.579784222262046 3.32837395573234 1.16288130617408 0.372079694141994 3.16172296342414 4.06404248575861 1.54431671008261 1.37837183840702 5.99057911327112 2.29988319547345 14.1303255777951 0 0 0 0 0 0 0 0 0 0 0 0 0 0 0 0 0 0 0 0
1.0347021654679 1.18975835047749 0.192598677487941 3.19261666594444 0.727782534434328 1.11063755616396 4.44784334052275 1.43650724250706 5.34830390707976 2.98788955335726 2.24366007562599 8.17299142851425 0.353242342629726 0.69885829496343 4.10243824932226 1.3629423482651 0.966235915419206 1.11864413133294 0.116381843726011 0.282224660639327 0.547349136838588 0.301388408671271 0.694688299143676 0.173408339241425 8.77042703003465 0.705770258691906 1.77563113889964 0.360825759425252 1.52782567598534 2.69233928571907 0 0 0 0 0 0 0 0 0 0 0 0 0 0 0 0 0 0 0
1.25652316470275 0.0399980741185507 2.62111178716523 2.67935597304027 4.06701981041517 0.278848638150721 4.23694527183682 1.99240863592566 1.02339404282672 2.35674792088626 5.14082751070171 0.976418627640916 0.0913951861048926 4.47576264182618 0.51076766080546 3.50977607363348 0.241809331918532 1.08062735290923 4.63678339084516 3.0429779151192 1.56381581633733 1.23685618706097 1.92616747973059 1.20667590502624 0.781819571609609 1.38990736732628 0.65722956275744 0.479392336252172 0.373354719204361 3.37685931145092 0.371180618763719 0 0 0 0 0 0 0 0 0 0 0 0 0 0 0 0 0 0
0.605031618962003 1.00879709408368 6.19708569927991 0.267467007824411 3.52915932958557 0.790547135618527 4.76818264070674 2.47317925732502 0.462702192787117 0.880547779413906 0.0501951822146207 1.70162920687377 1.18543797175598 0.252354376490516 2.55185882525427 0.901517656623522 3.60334714379378 0.720220778259794 0.972100276726591 2.61233398976938 2.6460387490684 2.1721038802912 5.89705279884974 0.569646995081295 3.29498557581066 3.00601890584093 2.92492337268423 1.94284664302537 1.30585250417652 2.4063621108214 0.564864797812112 0.051857985414683 0 0 0 0 0 0 0 0 0 0 0 0 0 0 0 0 0
0.11419587890652 1.04837948806643 1.24698979344761 0.304309125521772 6.32946759807861 2.84418539917759 2.567752330021 0.488514924481976 1.47951644722285 1.76449092756052 0.137177282912125 2.21666025044294 0.76892526050246 0.391992294571689 1.37093930575934 1.95941608961009 0.746652705476137 0.251024963258975 1.59764887339041 0.451428884730556 0.724580396663882 1.25286090507412 0.453015779279659 0.251950750967244 0.275964295688914 0.702179794907871 0.425691472259813 0.758230261996388 2.36438801206025 0.794288102249153 5.5541693400563 0.537644320204186 1.03907735111261 0 0 0 0 0 0 0 0 0 0 0 0 0 0 0 0
0.687840671332968 4.72282901272115 2.73602051085561 6.93985251600252 1.16488102335555 0.366108459357769 0.223448403075463 0.489458527715801 5.62590335457343 1.60898718396093 3.63179007689331 1.21104199878135 0.668849637090529 4.55403002492278 3.53348406470414 0.167554229249937 2.44865993576726 1.90963997080594 0.739838364448506 0.0320159672445311 9.22859726551851 0.144502411346037 4.80947872013836 1.31737630701096 3.04413512757399 0.853000929338084 2.43637417651678 6.45906178791027 0.80206082641694 1.00113881377617 1.93686097609163 0.775332255175652 0 0 0 0 0 0 0 0 0 0 0 0 0 0 0 0 0
0.136023812110142 1.24351390096921 5.74699368528988 1.10649775564571 2.18942532784262 9.65048153837296 0.459479042259084 0.666093384511351 0.266786022231443 1.43459376106372 0.11829600789932 3.09709217948455 0.331997126560391 1.51604286394974 1.99369582701243 0.140281656602663 0.0260183684750322 3.39690059154884 1.34527652470514 7.25346744208917 0.858791627889896 1.8983005053414 1.84327715685423 3.26561116499447 0.608618680309902 1.0138943860693 0.231041238262339 2.57888161847778 0.31990056172042 9.23371033912249 0 0 0 0 0 0 0 0 0 0 0 0 0 0 0 0 0 0 0
0.12955513845164 6.44667921257903 3.38135052106621 0.860255837293578 1.39978182853784 2.04369621445908 0.656333760572647 0.771544911487652 1.70828228488401 1.75851443914328 0.688416141939828 0.123414158325776 3.50246700773223 2.37416469085215 5.8863768641159 0.787977554376414 0.886640639638366 1.32509472892632 1.02814631070038 0.434342930017706 13.09090415138 1.29308625293511 0.305279539091154 5.19393998982595 2.72896734319404 6.12781297020378 0.849083733514965 2.41081067765035 0 0 0 0 0 0 0 0 0 0 0 0 0 0 0 0 0 0 0 0 0
0.963868069626231 2.77109502699773 0.286044653031975 1.99096264823502 0.461800208745924 0.124996460738836 0.911798647978213 4.36468347618315 0.760024977662777 0.665706761899749 4.03151889587615 6.45758719982433 0.376181017749544 0.0783692908281591 4.98400311309754 0.931125008573498 0.215554436029627 4.35842360881536 0.601467367311188 2.34108004784662 0.022545565662278 2.18584115882318 0.567300775794448 2.18686293109869 3.67547613842905 0.115047924068423 0 0 0 0 0 0 0 0 0 0 0 0 0 0 0 0 0 0 0 0 0 0 0
1.85431163068175 0.837497142773492 2.74926356701163 0.620337055485388 3.02990535664154 0.345726295915614 0.623098955493976 2.65466170082371 1.3837462072307 3.41411209998955 1.56741875811332 1.27093255274773 0.823049011786001 0.251479262050114 0.24827959546224 0.77239443438306 1.57824554636738 1.07012882097999 4.80617655694772 0.18768621328095 3.05665834145181 0.215100022203582 2.47552309926922 0.552508138943364 0 0 0 0 0 0 0 0 0 0 0 0 0 0 0 0 0 0 0 0 0 0 0 0 0
0.294028047718229 4.08615247481138 1.69571337159119 0.528048416596652 0.306333286117773 3.57855065977429 1.58468563521723 1.97653710393138 2.47758591943477 0.206260835271814 1.35849457249665 8.31145712659428 1.7372912353925 1.97828095715484 2.80128852152681 1.72330458124449 1.83640472827604 1.74232073841465 0.217793380373579 1.37417851094415 1.08364794479156 12.1493439427794 0 0 0 0 0 0 0 0 0 0 0 0 0 0 0 0 0 0 0 0 0 0 0 0 0 0 0
0.129711724831799 0.0310723103630567 2.08940677368685 0.733182854348618 3.35628623104274 0.917029849134296 2.51479739659619 1.57012534214855 1.53346838744 1.48477644297286 2.15990813727364 3.53174731573275 0.405627149529608 0.18863150073487 0.306990807286585 1.11215180727003 1.29003621675477 4.26100309101851 0.487853133525561 1.19017002378917 0 0 0 0 0 0 0 0 0 0 0 0 0 0 0 0 0 0 0 0 0 0 0 0 0 0 0 0 0
1.19281583514706 2.02047237979999 0.459929721412669 0.128631754045414 0.428941072023564 8.49073590108833 3.19780442490716 1.71402030027699 1.61302016385619 4.06118631919632 2.66252042706622 2.61190244402351 0.425361743013288 0.855213832935452 3.92461566471153 1.29119104751759 0.0518708376608634 0.981594800461003 0 0 0 0 0 0 0 0 0 0 0 0 0 0 0 0 0 0 0 0 0 0 0 0 0 0 0 0 0 0 0
0.298249407314034 0.639383016129678 8.1357116686042 0.1061282396607 0.895386182263006 4.37225817595185 2.62250287898737 1.16458426944602 0.808883900524025 0.130416716990938 5.94520933886936 2.35579017763329 1.90645750313494 0.122444383963349 3.22515035722242 0.872201850724692 0 0 0 0 0 0 0 0 0 0 0 0 0 0 0 0 0 0 0 0 0 0 0 0 0 0 0 0 0 0 0 0 0
3.32699023548489 2.2660411735775 0.46171147711607 0.910463163605019 2.63939714405675 5.91361127328788 1.4161046161621 2.53309084205357 4.67995307943504 3.39099716301105 0.755366855902164 2.0202724663986 1.13222262347596 1.32866736957509 0 0 0 0 0 0 0 0 0 0 0 0 0 0 0 0 0 0 0 0 0 0 0 0 0 0 0 0 0 0 0 0 0 0 0
0.211118286638963 0.04186031498134 4.85028747406678 0.356587866085709 2.70266793895305 0.888411608921219 2.53316318519064 0.772143929038781 0.166496371333983 0.573551934403891 1.63888879296665 0.0600803671520598 0 0 0 0 0 0 0 0 0 0 0 0 0 0 0 0 0 0 0 0 0 0 0 0 0 0 0 0 0 0 0 0 0 0 0 0 0
4.84676595957819 7.94946823028377 3.60945092581877 4.5154285420349 0.240341543454785 2.00096400023523 0.752864352006367 1.43032254068658 1.88474721909627 1.389188213196 0 0 0 0 0 0 0 0 0 0 0 0 0 0 0 0 0 0 0 0 0 0 0 0 0 0 0 0 0 0 0 0 0 0 0 0 0 0 0
6.64573984240702 7.1575143982375 0.00300659493780727 0.257569918900196 1.58747845915471 2.00244820571452 6.76458379596339 3.12333303694383 0 0 0 0 0 0 0 0 0 0 0 0 0 0 0 0 0 0 0 0 0 0 0 0 0 0 0 0 0 0 0 0 0 0 0 0 0 0 0 0 0
1.54254874929776 1.82404544795279 1.4560476024712 1.48440656030396 2.12940614626444 0.0984215027564493 0 0 0 0 0 0 0 0 0 0 0 0 0 0 0 0 0 0 0 0 0 0 0 0 0 0 0 0 0 0 0 0 0 0 0 0 0 0 0 0 0 0 0
0.00969157445907061 0.0198607731655021 1.87256674710539 0.311263095411016 0 0 0 0 0 0 0 0 0 0 0 0 0 0 0 0 0 0 0 0 0 0 0 0 0 0 0 0 0 0 0 0 0 0 0 0 0 0 0 0 0 0 0 0 0
0.944297629099414 2.37613574641498 0 0 0 0 0 0 0 0 0 0 0 0 0 0 0 0 0 0 0 0 0 0 0 0 0 0 0 0 0 0 0 0 0 0 0 0 0 0 0 0 0 0 0 0 0 0 0
