1.21722514207742 0 0 0 0 0 0 0 0 0 0 0 0 0 0 0 0 0 0 0 0 0 0 0 0 0 0 0 0 0 0 0 0 0 0 0 0 0 0 0 0 0 0 0 0 0 0 0 0
1.68326724753421 1.41043526523117 0 0 0 0 0 0 0 0 0 0 0 0 0 0 0 0 0 0 0 0 0 0 0 0 0 0 0 0 0 0 0 0 0 0 0 0 0 0 0 0 0 0 0 0 0 0 0
2.71635203344694 0.711935017437331 6.84399943089722 0 0 0 0 0 0 0 0 0 0 0 0 0 0 0 0 0 0 0 0 0 0 0 0 0 0 0 0 0 0 0 0 0 0 0 0 0 0 0 0 0 0 0 0 0 0
0.509719803614686 0.831918624529772 4.1904749588738 0.71420754221193 0 0 0 0 0 0 0 0 0 0 0 0 0 0 0 0 0 0 0 0 0 0 0 0 0 0 0 0 0 0 0 0 0 0 0 0 0 0 0 0 0 0 0 0 0
11.0347883902836 4.6403779638188 1.67160843530429 3.36236269374382 1.95281747473319 0 0 0 0 0 0 0 0 0 0 0 0 0 0 0 0 0 0 0 0 0 0 0 0 0 0 0 0 0 0 0 0 0 0 0 0 0 0 0 0 0 0 0 0
1.30193288548087 0.772751349633641 3.48641972049105 2.94001974864942 5.68120901050371 0.148745366097056 0 0 0 0 0 0 0 0 0 0 0 0 0 0 0 0 0 0 0 0 0 0 0 0 0 0 0 0 0 0 0 0 0 0 0 0 0 0 0 0 0 0 0
2.01973252855794 2.71291071085074 1.13728725897206 1.52765080248445 1.5740025828125 2.4861080774427 2.47562022944187 0 0 0 0 0 0 0 0 0 0 0 0 0 0 0 0 0 0 0 0 0 0 0 0 0 0 0 0 0 0 0 0 0 0 0 0 0 0 0 0 0 0
0.892721091590619 2.89241710790744 3.28905686751465 1.96394498886985 2.85052019585665 3.87981025700403 1.72802107291174 1.45320646629296 0 0 0 0 0 0 0 0 0 0 0 0 0 0 0 0 0 0 0 0 0 0 0 0 0 0 0 0 0 0 0 0 0 0 0 0 0 0 0 0 0
0.152740533632704 0.823768107160586 0.230955168830087 3.27696991333548 0.318022098906369 1.55619335346425 1.26643915053626 1.21450930640895 2.19045791719983 0 0 0 0 0 0 0 0 0 0 0 0 0 0 0 0 0 0 0 0 0 0 0 0 0 0 0 0 0 0 0 0 0 0 0 0 0 0 0 0
2.21571938621019 0.327098360911083 0.793076015350391 0.83565124746855 0.844678463278614 4.14702450459454 4.66893625377936 2.5046347777179 1.17662971448483 3.66357501374855 0 0 0 0 0 0 0 0 0 0 0 0 0 0 0 0 0 0 0 0 0 0 0 0 0 0 0 0 0 0 0 0 0 0 0 0 0 0 0
3.27617584769528 0.0151930212539537 0.425387838646616 0.701796660496346 6.58513186876393 1.92740781265624 1.92257114187836 5.03481002092989 1.16762316672514 1.5637551440805 2.30666097001407 0 0 0 0 0 0 0 0 0 0 0 0 0 0 0 0 0 0 0 0 0 0 0 0 0 0 0 0 0 0 0 0 0 0 0 0 0 0
3.72336007508451 1.99813687013732 0.366804351667763 0.685772327253539 3.03157640683548 0.160063314651325 0.649890176827218 0.930918813040983 0.795200698073772 0.126174956685458 9.77371218158681 2.90351108195356 0 0 0 0 0 0 0 0 0 0 0 0 0 0 0 0 0 0 0 0 0 0 0 0 0 0 0 0 0 0 0 0 0 0 0 0 0
0.503786604975301 0.0327876641339146 2.01288305005216 9.37411135703021 0.132130667739389 1.94233189696598 1.18736223375999 1.86466345775993 2.30230000132977 1.20179547992947 2.10414562104739 0.907047991227221 1.88470775251833 0 0 0 0 0 0 0 0 0 0 0 0 0 0 0 0 0 0 0 0 0 0 0 0 0 0 0 0 0 0 0 0 0 0 0 0
7.0547679457465 4.00199375628977 0.046819816488365 3.61067576976761 5.0124760666499 0.52374473910706 0.145422265103412 0.12699599756287 2.98466966318778 7.39425298302457 1.6703766097672 6.304421751634 0.565189773085169 0.55539920865036 0 0 0 0 0 0 0 0 0 0 0 0 0 0 0 0 0 0 0 0 0 0 0 0 0 0 0 0 0 0 0 0 0 0 0
2.5746722384968 9.39115056359966 0.179838088886811 1.54982440276517 9.8813738433542 0.0609154415033261 1.20175467564921 7.42691631762877 2.56076205322913 1.17686370528576 0.758288673439049 2.8029905024204 5.57247783087835 5.03487955791989 1.28631683473923 0 0 0 0 0 0 0 0 0 0 0 0 0 0 0 0 0 0 0 0 0 0 0 0 0 0 0 0 0 0 0 0 0 0
6.25798101860734 0.362285496286582 0.423601326030626 4.97828353828433 0.0338864340258162 7.81220306098516 0.487654198062214 1.42106148185309 3.42075987996441 2.02140957125132 1.31235601871893 0.850079104848177 0.0767708171545084 1.30383230019222 4.93121497596876 0.824669087344524 0 0 0 0 0 0 0 0 0 0 0 0 0 0 0 0 0 0 0 0 0 0 0 0 0 0 0 0 0 0 0 0 0
1.3446104157268 5.71691908312166 3.70637385609615 0.748349630155127 3.04607393372108 1.88828541375142 5.57890609632945 0.500872231511622 2.7727875212052 0.958399610864521 2.59006587650202 2.70022906323163 1.75451436204342 2.07324893793677 4.38757493588935 2.37601845197044 0.386775284161642 0 0 0 0 0 0 0 0 0 0 0 0 0 0 0 0 0 0 0 0 0 0 0 0 0 0 0 0 0 0 0 0
1.79132929275282 0.443699772449123 3.94096968359864 0.0598560560320918 4.77431667041839 4.54073143186746 0.296833572769696 9.94521711734649 1.49542933891104 0.602827773373252 4.42832249692904 3.28619250539858 0.888664563300051 1.59797267579983 0.625293904651351 1.57678300497475 2.6302963516089 2.52520812512687 0 0 0 0 0 0 0 0 0 0 0 0 0 0 0 0 0 0 0 0 0 0 0 0 0 0 0 0 0 0 0
2.61854653841919 0.0189329524580766 2.00642205479074 0.308998066252061 4.8303143851444 2.35754541742217 1.01833687466359 1.16596127550027 2.41951958181738 0.324347678773966 0.375175580551671 0.136654429191163 4.06547922546902 2.4766067595543 4.36113372381887 4.75716921062608 3.83320730544793 5.4468343550149 5.22473503977522 0 0 0 0 0 0 0 0 0 0 0 0 0 0 0 0 0 0 0 0 0 0 0 0 0 0 0 0 0 0
0.881899303664094 1.7369028311192 0.91600241829614 4.08453389452076 0.0292628238217926 3.2400203587708 2.50708475158669 0.0480055990582872 2.39745881164747 0.544356273012135 3.27508235917798 2.31085216392984 1.27688179024799 0.341168229882861 0.171567847785066 1.36051328729274 0.114771607087817 0.490965830155802 2.11682687574495 2.05917607264418 0 0 0 0 0 0 0 0 0 0 0 0 0 0 0 0 0 0 0 0 0 0 0 0 0 0 0 0 0
2.3765124320459 2.17867525583394 0.43183980788694 2.25527337107257 0.456237484639407 0.655446448587689 0.861852450639088 1.53588711130292 0.0345758134646903 4.0779426743679 0.0964122971408973 0.0480528760949924 2.21991506472987 5.94644284107148 0.539193741280775 0.014933626369428 1.70394951569839 0.719208480800668 0.636801758992123 3.13462029939125 0.217525570480265 0 0 0 0 0 0 0 0 0 0 0 0 0 0 0 0 0 0 0 0 0 0 0 0 0 0 0 0
8.89703206657564 0.234488234611608 1.92717656753083 3.58666077280492 0.889417651430897 2.13465170178673 1.19722400705179 0.703187563431253 2.27094924853452 1.46567927270811 0.420832869014959 5.76803318675615 0.357241124750341 6.62241414695829 0.963278473325926 1.48271024353038 0.0374945018030791 1.43163606935989 0.672061981793613 4.65449064552798 0.225995296044468 4.56399100275258 0 0 0 0 0 0 0 0 0 0 0 0 0 0 0 0 0 0 0 0 0 0 0 0 0 0 0
3.76663115817554 3.24929524022536 0.321761815283511 0.982829720789081 4.29754180903423 3.21049119046291 1.40773091369406 2.41666845671618 1.23515979100711 0.310013679424327 1.85473667340595 5.51525913508146 3.98646962034458 1.94307239324287 0.800471875942806 1.67128637944488 10.0066003154314 4.05509655601837 1.69822427200147 0.259815807279622 5.13813694060861 0.429267623408148 2.48838272654367 0 0 0 0 0 0 0 0 0 0 0 0 0 0 0 0 0 0 0 0 0 0 0 0 0 0
0.864896906812445 5.32673210965525 4.76997395918911 0.545056100108325 1.32070869200279 0.143668477699106 1.18605921845802 0.395056783647449 3.52144202530858 2.85639943978495 5.44938918605145 0.78748492322971 0.483365796517508 0.880234192889391 2.43173640618822 0.74969172949362 0.747091015453348 1.82125985360131 0.860919333850607 3.50466383300338 2.10921229694445 0.131833350557453 0.239471713004319 0.703542320903813 0 0 0 0 0 0 0 0 0 0 0 0 0 0 0 0 0 0 0 0 0 0 0 0 0
1.15703731247182 0.967668317118538 2.25385832688916 2.6309474757042 2.24328374018066 1.62284686441228 0.788635047898404 3.94207211345628 1.94019798177949 6.71712152116693 0.724312938209897 1.84735531998506 0.596214206925156 5.07501579329507 1.54928775448934 1.60443935675496 0.710204523225846 2.18441856881473 0.80935844987219 0.907331507848409 3.6156349530427 0.552946249069547 1.22347541874903 0.368957941077038 0.851611146214978 0 0 0 0 0 0 0 0 0 0 0 0 0 0 0 0 0 0 0 0 0 0 0 0
1.79960034010186 0.0681770274890637 2.25134921837974 2.58916751931364 0.863452350483119 0.146467999672693 1.9869036005319 3.78658423340571 2.75605875977102 3.14864541042052 1.47934608143298 0.18498564910717 0.393910093534638 0.743059408502108 1.77213243888345 2.90835341865649 1.75567268510472 0.58734007622976 3.79110169473059 3.04206598944663 3.91615770776198 0.698435300048128 2.16190598994154 0.881123608723818 5.65714923108475 0.416800753650316 0 0 0 0 0 0 0 0 0 0 0 0 0 0 0 0 0 0 0 0 0 0 0
0.432082238102179 2.18435521942664 2.11255866445366 6.96790463866997 1.19179989827236 3.02699463288592 0.547292219358297 1.50084693705439 0.72191929434747 1.36428000428213 0.415166204956752 0.333442511659595 1.91392560429491 3.91313455971151 1.44174709055837 1.67090873750916 0.458326252566271 0.194818582782393 0.0541496009891944 0.845995992737681 0.538541925544304 1.00514374015804 1.3740266278956 1.19347040617075 0.668830528045476 0.1180360943443 2.13483098564192 0 0 0 0 0 0 0 0 0 0 0 0 0 0 0 0 0 0 0 0 0 0
0.418404403014826 0.576015950596979 0.308324746567513 1.15125486841378 0.566252123533387 2.13138324880356 4.6133476866582 0.100459477573639 1.17081321872929 1.62246707819288 1.39614896209301 0.741418551762715 2.30286783415953 2.25942465068458 1.37216685315285 0.897643980309489 3.86812835042326 1.05288441212583 1.80973308011765 0.855120627474917 3.72343527304722 0.162964662989114 1.06905603866871 1.57207377332248 0.863794844894207 0.0440767796554197 1.45145832306148 2.33977754568611 0 0 0 0 0 0 0 0 0 0 0 0 0 0 0 0 0 0 0 0 0
1.72244262950747 1.87730207712532 0.801720010140556 3.57930137983057 8.53217607946996 2.508091933469 2.97599584282904 1.39557582639408 1.11682723717017 2.67186623605462 2.84636724065944 1.80816676510065 2.51523977580083 0.813002310247447 4.06687194756453 2.57484537649394 2.6188488680835 1.51571275505165 5.76163546122808 0.634398931503696 0.647426337051936 8.84107764008315 0.822976158033946 1.77310041050627 0.729281403456113 0.0964368889847192 0.240795460897241 0.802947757879777 0.0396561732987108 0 0 0 0 0 0 0 0 0 0 0 0 0 0 0 0 0 0 0 0
0.349510673733683 0.748887551675624 0.0922948150769863 1.0322308320996 8.44371975639812 3.85509547625146 0.277156488261205 5.39404634153593 0.403050603050784 0.17531569745137 0.572113844398878 0.819704061549769 1.71969743100662 1.4995912995742 6.71275542616614 0.562704504528627 1.57000495265436 4.74956980549266 4.35235231922527 5.92506244902713 3.79291567592027 0.274852736808113 2.30059171044518 4.10350807270988 4.34024869498505 6.01879206826927 2.78013378462902 5.99223418154958 1.62760099133268 6.98353740181516 0 0 0 0 0 0 0 0 0 0 0 0 0 0 0 0 0 0 0
3.37920399160266 0.0965680434451021 0.727674882959082 3.46136566117349 4.51880723835683 0.170666276331467 0.777533811933585 2.38598374582903 3.21498491779637 0.178084434092129 2.72843133600374 0.19184328716736 0.0783055774784586 3.85312952197494 1.1228034337067 9.87354690281665 1.96032485070788 4.85503337692181 3.55099072043861 5.07854155763938 0.536564843220187 0.352438426858885 1.11575437605009 2.11164414497597 5.38314394937929 0.175216987572154 1.71940720381533 6.95700893521489 2.32066215325086 3.16798785457667 1.36309506270856 0 0 0 0 0 0 0 0 0 0 0 0 0 0 0 0 0 0
2.43436715177502 0.70490818379073 0.92124786871396 4.80116754705305 0.662338023305991 1.13681858398297 1.46839241616297 0.577129987039699 2.97837931848431 1.21870430741039 4.18758988258649 3.07357904297829 2.89580936002681 3.18447939619855 1.7465381289194 0.229697049681663 1.45110378317547 0.218608826291789 2.87768785653699 0.380848037858431 3.81461058719502 0.359380424347133 3.18737148464052 2.72667042403024 1.14508210330596 3.65421866760412 1.08170640280844 2.29950927807469 2.98236961983246 3.82437618713033 0.349401158917167 2.62134251329837 0 0 0 0 0 0 0 0 0 0 0 0 0 0 0 0 0
3.28284622637627 4.32185845273001 0.356970623770637 4.31718639789121 1.1420530889557 2.90639423559621 1.16713764000285 1.95160356957267 1.72516491660775 0.221278537364229 0.181207000565765 3.24651850157272 0.501993395664371 3.00182340286077 0.566085142165251 0.553648416560283 1.734447937432 0.0179719262767776 0.86291846685651 2.30178363713778 0.0873315584417406 4.82923975964615 1.79678653318121 2.29167260979667 0.213590211897517 3.30323072083019 1.33697996347783 0.508696088820093 5.46442803375796 1.86541459458148 2.80383086077185 2.6773763763859 2.05254065555358 0 0 0 0 0 0 0 0 0 0 0 0 0 0 0 0
6.42438312299094 1.22573345202744 2.9657224632136 4.29916011711567 0.00175320901098984 4.44690311605391 1.5980641457488 4.0575097274881 6.2096681805186 0.831477892253963 7.44366342849481 2.70772688099338 0.160055323821805 1.78594007830422 2.40063415297392 3.04695505574062 5.89527983170394 2.38005593969528 1.5315600851736 9.81353409972253 5.31211840783621 0.44730816562715 3.44592179546275 3.13029945886306 6.86336887649987 0.551121879404222 0.854021396715808 6.23954235218961 0.503996401790864 5.11814276275379 0.667030549209888 0.0917977637289525 0 0 0 0 0 0 0 0 0 0 0 0 0 0 0 0 0
1.38936941544692 2.11437220497347 0.651865189378608 1.86603558049025 6.49121870292968 2.05937428366974 0.406043715623502 1.29920413459028 3.86164010096503 1.1819208940069 0.612286054910087 7.01722010702872 2.85772537073688 3.81170394279928 2.16951334021338 2.31157578532737 3.74683516571902 0.534327491056709 6.19174820687664 0.242635174089822 0.635211756536939 0.711063837563198 0.514748479004657 0.33527532477589 1.13650652475635 2.9590303715331 0.825290913622899 1.36641245521792 1.1542019620942 4.20978465192651 0 0 0 0 0 0 0 0 0 0 0 0 0 0 0 0 0 0 0
1.289278912182 2.88661371445792 1.29401113787216 1.44005164993274 1.55336352277899 0.300444940874737 2.32839579830088 0.210029521628064 0.136224693286056 1.96815069791811 1.58711538250851 2.43292048700143 0.317787514508741 1.6253926847126 2.36872828824925 2.7717029111107 0.360548087850968 7.18338494811127 0.258661129339381 0.0803226161336514 2.00302561853086 0.870804682423566 0.0203007108015507 1.28123983751241 0.179343908786663 1.55718582344315 1.093910231059 1.98534837620076 0 0 0 0 0 0 0 0 0 0 0 0 0 0 0 0 0 0 0 0 0
0.0390064888414694 0.343102458916584 2.02052576621032 1.36346996427454 2.26147959707051 0.0571394305114075 1.06930996108045 0.7761839094923 0.948084993431299 0.0662846142957172 5.91577741485379 2.28965614908696 1.56782744860896 0.77007233432994 0.0942277787389555 2.65071383208967 4.29364600229998 1.3063878160598 0.0269469569284024 0.745570452058376 3.27913640753737 11.9496162415473 0.784988164154703 3.09041897062778 3.03213251965406 1.66930072490689 0 0 0 0 0 0 0 0 0 0 0 0 0 0 0 0 0 0 0 0 0 0 0
0.246187105284512 1.49949856187205 0.476961770586952 0.0580915528188017 7.3155329321911 2.98743041571661 0.684755045243407 0.479842985637283 0.817263826377204 5.8039267554051 0.152247325061541 0.509369008826183 2.69925579422014 0.216548842563738 0.442645675710794 0.614002328868496 0.216372583457636 1.81954161028631 1.06579284232094 0.186349662184496 2.33986744321223 0.33392625248707 0.863312255757752 0.109749848746977 0 0 0 0 0 0 0 0 0 0 0 0 0 0 0 0 0 0 0 0 0 0 0 0 0
0.559392697590618 4.28776068700572 1.26156519662551 1.01103043521724 4.90512496106194 10.9365219063184 3.52253711989779 3.03081984663248 4.50627390425817 0.14569411036859 2.32901420423689 8.43733730664506 7.83477010053536 0.518703525092851 4.81116684993421 5.90163599271068 3.53272302881297 1.26532889762317 2.27357207176168 5.31417737296145 1.24894960198189 0.490689277214319 0 0 0 0 0 0 0 0 0 0 0 0 0 0 0 0 0 0 0 0 0 0 0 0 0 0 0
1.71373590254136 1.39624172247094 2.27749068953659 0.775033314295261 0.0226309272778203 1.67768953679024 2.45992345075144 1.65919672643546 3.95448159867933 0.445976697695067 0.181823951963693 5.43922125957327 2.2077811259554 0.284191713374816 0.8230403585667 1.65110423336555 0.205006045395361 1.14585490339789 4.47031218594775 2.58697024990681 0 0 0 0 0 0 0 0 0 0 0 0 0 0 0 0 0 0 0 0 0 0 0 0 0 0 0 0 0
0.555151550113214 2.13777417525898 1.74306685588528 1.01927102730011 3.92584125536813 3.45679807714129 0.421532792413035 7.42281830108957 2.45322560911869 2.22659021089995 3.10534859573254 2.18272265539217 0.297075142462712 12.8471875649176 3.66166890009846 3.12494402770976 2.2632780912163 3.30128730146454 0 0 0 0 0 0 0 0 0 0 0 0 0 0 0 0 0 0 0 0 0 0 0 0 0 0 0 0 0 0 0
1.12420911969877 3.0166302427011 1.34500194841001 0.951327801293047 0.0857970601546683 3.9808461644464 11.0742787385839 7.88747484572658 6.48601567013711 1.57023264424506 3.18406686708322 1.62217912587155 1.76387112604187 0.577372514987299 2.42866011118145 4.31014892454083 0 0 0 0 0 0 0 0 0 0 0 0 0 0 0 0 0 0 0 0 0 0 0 0 0 0 0 0 0 0 0 0 0
1.03376798061741 4.18943931494432 2.77922510957122 4.15410104617975 1.49633318757132 1.28830558791236 0.821103982792727 2.98631496887846 2.01704711503124 0.00270920585519768 1.06865072261406 1.36115136490345 0.485759459559343 0.440730599121399 0 0 0 0 0 0 0 0 0 0 0 0 0 0 0 0 0 0 0 0 0 0 0 0 0 0 0 0 0 0 0 0 0 0 0
5.24921875629112 0.590414752441514 5.00551358887816 0.225214043528952 3.65819550892749 2.24621020961348 5.49545014992064 1.22125325462765 2.64481334993503 0.892448142945694 3.07779616928169 10.8713734077341 0 0 0 0 0 0 0 0 0 0 0 0 0 0 0 0 0 0 0 0 0 0 0 0 0 0 0 0 0 0 0 0 0 0 0 0 0
1.04586978725238 0.293649570947191 1.55750162575015 4.10598317687239 1.31443391142392 8.58834592247604 1.8018314912564 2.31186249648498 1.71203937752081 0.34703551222502 0 0 0 0 0 0 0 0 0 0 0 0 0 0 0 0 0 0 0 0 0 0 0 0 0 0 0 0 0 0 0 0 0 0 0 0 0 0 0
0.404674961607123 0.157355663184531 3.60944347676048 1.38587726223886 4.43462817965791 0.106960445953814 0.121463920366763 0.556274529073446 0 0 0 0 0 0 0 0 0 0 0 0 0 0 0 0 0 0 0 0 0 0 0 0 0 0 0 0 0 0 0 0 0 0 0 0 0 0 0 0 0
4.58191731731505 2.60123203622765 0.900494436745826 1.36568662249637 0.0384756800136268 0.153608690384928 0 0 0 0 0 0 0 0 0 0 0 0 0 0 0 0 0 0 0 0 0 0 0 0 0 0 0 0 0 0 0 0 0 0 0 0 0 0 0 0 0 0 0
1.51098106093115 2.77157681998455 2.40168886707107 8.86280491900191 0 0 0 0 0 0 0 0 0 0 0 0 0 0 0 0 0 0 0 0 0 0 0 0 0 0 0 0 0 0 0 0 0 0 0 0 0 0 0 0 0 0 0 0 0
2.20832603687676 0.316247198582934 0 0 0 0 0 0 0 0 0 0 0 0 0 0 0 0 0 0 0 0 0 0 0 0 0 0 0 0 0 0 0 0 0 0 0 0 0 0 0 0 0 0 0 0 0 0 0
