0.975841640946853 0 0 0 0 0 0 0 0 0 0 0 0 0 0 0 0 0 0 0 0 0 0 0 0 0 0 0 0 0 0 0 0 0 0 0 0 0 0 0 0 0 0 0 0 0 0 0 0
0.168514732582042 0.139454567098199 0 0 0 0 0 0 0 0 0 0 0 0 0 0 0 0 0 0 0 0 0 0 0 0 0 0 0 0 0 0 0 0 0 0 0 0 0 0 0 0 0 0 0 0 0 0 0
0.79298825303673 1.38857710992416 3.71864996321663 0 0 0 0 0 0 0 0 0 0 0 0 0 0 0 0 0 0 0 0 0 0 0 0 0 0 0 0 0 0 0 0 0 0 0 0 0 0 0 0 0 0 0 0 0 0
0.273088524630864 5.45789205399845 0.129775606837191 0.458328006719251 0 0 0 0 0 0 0 0 0 0 0 0 0 0 0 0 0 0 0 0 0 0 0 0 0 0 0 0 0 0 0 0 0 0 0 0 0 0 0 0 0 0 0 0 0
1.44146388823397 4.68578993688925 3.8593159940221 0.534160242284848 4.56655462350847 0 0 0 0 0 0 0 0 0 0 0 0 0 0 0 0 0 0 0 0 0 0 0 0 0 0 0 0 0 0 0 0 0 0 0 0 0 0 0 0 0 0 0 0
3.60624852499156 0.510704540730333 0.0648957563048967 0.545097437145692 2.29194758548571 0.830689822000505 0 0 0 0 0 0 0 0 0 0 0 0 0 0 0 0 0 0 0 0 0 0 0 0 0 0 0 0 0 0 0 0 0 0 0 0 0 0 0 0 0 0 0
0.658497673599598 3.8477365885429 2.09036881974964 1.20672383623838 1.47796643628772 3.523486346683 1.76256000563428 0 0 0 0 0 0 0 0 0 0 0 0 0 0 0 0 0 0 0 0 0 0 0 0 0 0 0 0 0 0 0 0 0 0 0 0 0 0 0 0 0 0
0.0359168702683269 0.750631808737414 3.56175529534561 2.9529446212149 0.199842981467759 1.44693723919694 2.11853778531448 6.4696533442737 0 0 0 0 0 0 0 0 0 0 0 0 0 0 0 0 0 0 0 0 0 0 0 0 0 0 0 0 0 0 0 0 0 0 0 0 0 0 0 0 0
1.84838865268566 2.38153950775927 0.525900535128452 0.941668186721299 2.85539693762528 1.78213858520267 1.69292714681767 0.0073616981177664 1.84876152372426 0 0 0 0 0 0 0 0 0 0 0 0 0 0 0 0 0 0 0 0 0 0 0 0 0 0 0 0 0 0 0 0 0 0 0 0 0 0 0 0
0.0307816585132084 0.785369268974265 5.54189892702209 0.248474772645897 0.162823605983741 1.37570701256361 1.67307485407014 3.811320321209 6.91801038365976 2.48046332307352 0 0 0 0 0 0 0 0 0 0 0 0 0 0 0 0 0 0 0 0 0 0 0 0 0 0 0 0 0 0 0 0 0 0 0 0 0 0 0
0.440789279169617 0.796547501511592 0.473635415729336 0.800494409314857 3.27238542011548 2.77102319839307 5.73526399520422 3.16618488481378 3.51772059774075 3.02553501094461 2.52455232028598 0 0 0 0 0 0 0 0 0 0 0 0 0 0 0 0 0 0 0 0 0 0 0 0 0 0 0 0 0 0 0 0 0 0 0 0 0 0
0.429402971372066 0.00972103045061715 0.197743544440501 0.30694957347458 1.14647601967695 0.194640834987761 0.549069426267247 0.174502828332895 5.7410092167266 1.04607724012126 0.304882486135374 0.473702724147795 0 0 0 0 0 0 0 0 0 0 0 0 0 0 0 0 0 0 0 0 0 0 0 0 0 0 0 0 0 0 0 0 0 0 0 0 0
6.26764924219297 1.65513887232056 4.89225761108599 1.47092552479432 3.75448214746553 5.32273443194465 0.0422092961849264 5.25387496525332 6.74437427390785 4.01099288448761 5.0597893835607 1.69008999427321 1.07481067514031 0 0 0 0 0 0 0 0 0 0 0 0 0 0 0 0 0 0 0 0 0 0 0 0 0 0 0 0 0 0 0 0 0 0 0 0
0.0475660539021332 0.0828901211120898 0.252312591945593 1.09895657195455 1.15812930179618 2.21981652108876 2.57428076522511 0.199035484017596 3.73714907442933 1.93080420766536 2.44440002128664 1.54518396531174 4.1782662205378 0.918851129564669 0 0 0 0 0 0 0 0 0 0 0 0 0 0 0 0 0 0 0 0 0 0 0 0 0 0 0 0 0 0 0 0 0 0 0
0.702507005507266 2.08380718560836 0.416886779703074 1.42688458622594 0.275559261040197 0.878286876627303 2.60516494186801 1.75063421536679 2.43717915981731 3.96462367975446 0.847667528929489 0.495923972142174 0.28044404905567 1.95100666761282 0.387155316316045 0 0 0 0 0 0 0 0 0 0 0 0 0 0 0 0 0 0 0 0 0 0 0 0 0 0 0 0 0 0 0 0 0 0
5.4863778605207 1.25857371318731 5.90397444531464 0.183702186484604 0.812932609918738 1.30769273954502 3.86475340034728 2.88938914734792 0.33916000609561 0.126066480129291 1.03869832058553 1.55106809764589 0.406578659208167 1.81781040279032 0.791332577883334 5.78666436762437 0 0 0 0 0 0 0 0 0 0 0 0 0 0 0 0 0 0 0 0 0 0 0 0 0 0 0 0 0 0 0 0 0
0.894436484652385 1.9101572097906 0.565795884953086 7.00762245556981 0.26411655616236 1.9771795327516 0.19440713346452 0.350560349469568 0.333540619199223 0.193031464018003 0.236799854171176 0.54061596291824 1.41164833792291 6.20012137445407 0.621465246398408 3.71969412727426 3.1237826793177 0 0 0 0 0 0 0 0 0 0 0 0 0 0 0 0 0 0 0 0 0 0 0 0 0 0 0 0 0 0 0 0
0.512200360964168 0.0197250201349012 14.7060029770691 2.13268610366045 0.119927315387017 4.75901985064757 1.89389334203111 1.15693310912355 1.42130534319458 1.83326000885784 7.4062852496502 0.252163029735677 1.77510301435929 1.59581154415171 0.473967678756003 0.260239813483137 2.22555611377914 2.77959876467765 0 0 0 0 0 0 0 0 0 0 0 0 0 0 0 0 0 0 0 0 0 0 0 0 0 0 0 0 0 0 0
7.6076550330435 1.24796908789048 1.70512828269854 0.174963570405876 4.91010403978794 0.672736453717433 0.348919821591521 2.32287888948347 0.505047688784779 0.66036285389671 0.333928776924641 0.17191814006865 0.65883901867141 3.27068237122321 0.538769776122099 0.0818258456682214 2.49726525963044 2.05899414966871 3.30616296065276 0 0 0 0 0 0 0 0 0 0 0 0 0 0 0 0 0 0 0 0 0 0 0 0 0 0 0 0 0 0
2.77128729478149 0.199970627923653 2.44437558901805 1.97805964531499 0.105672537394245 1.13363401650314 3.09852659508355 1.69188568609156 1.40495315673572 0.0785074239341866 0.68627258650808 0.0571393649443449 2.0175454668293 2.40827915670867 1.25553088600962 0.176763092140009 3.33119329661915 0.324046118120828 11.3249855428113 4.17958115841631 0 0 0 0 0 0 0 0 0 0 0 0 0 0 0 0 0 0 0 0 0 0 0 0 0 0 0 0 0
0.0237858942790075 0.204811894690666 3.57001376842415 3.5835231194295 1.51938303698175 9.28367479537652 0.427261383344346 4.69950460397348 1.57675540383605 1.90348619630318 0.352934684210873 0.392409262228793 3.97715882745351 1.42374809858191 0.8445317178843 1.70070296970756 2.70733126975539 2.6120755632167 7.29429123104882 0.827842813001811 4.07634383402251 0 0 0 0 0 0 0 0 0 0 0 0 0 0 0 0 0 0 0 0 0 0 0 0 0 0 0 0
2.32068526679875 1.65558436707622 3.57717773685302 1.39840486318659 1.01798969249204 0.95011857558394 0.507933560179548 0.403400492959475 1.68456867471154 1.42325483777694 3.04900962295533 9.42221818785396 1.28569540468846 3.57661559271066 0.0888617741986557 0.0681651641330408 3.01345734012543 3.6692696846827 2.39202131668514 6.98348379481972 0.675138503181844 0.0485655848396455 0 0 0 0 0 0 0 0 0 0 0 0 0 0 0 0 0 0 0 0 0 0 0 0 0 0 0
6.02728045863043 1.12656317571967 7.00204004293854 0.312907650265617 0.969680028366456 0.791990489893012 0.763216076585524 1.65567573672215 1.13175378259135 3.40678705785689 2.66769537652262 1.13698721240203 4.66055301708928 1.37351133698743 8.87316214123538 1.06058747432453 0.0434853560703054 1.09105567115948 1.75751211789316 1.74566687355723 1.98039011281963 1.71209340482808 0.150065726692192 0 0 0 0 0 0 0 0 0 0 0 0 0 0 0 0 0 0 0 0 0 0 0 0 0 0
2.15189321327321 0.520666522924549 0.0192303413643376 0.775596458945352 5.69032999393624 0.00145474389690364 2.0047303620797 2.07667109466635 3.27234334508109 1.15987456184329 0.925565720003492 2.09605063824708 4.46837667642198 1.92418926947282 0.409091102920833 0.121645686099228 1.77616293167449 0.934843227811393 3.04675212957181 0.655353643654308 1.39622498384469 4.8307057171643 1.73193502243649 4.78119416905187 0 0 0 0 0 0 0 0 0 0 0 0 0 0 0 0 0 0 0 0 0 0 0 0 0
0.281230301070052 0.0888559170341327 0.557561747639925 1.36405961345749 1.26003337935422 0.67652656396143 4.76393161252344 1.7744914278638 0.667257846122049 1.51513477864812 4.80617592271328 0.585162084421609 3.46766206583353 0.768190610736377 3.20622096841852 0.0228182933805435 3.18233301122181 1.34404303111541 0.274249244473014 0.325501127669321 0.822613036865742 2.88554098854704 1.15266901502233 0.108687292673649 1.32205054310909 0 0 0 0 0 0 0 0 0 0 0 0 0 0 0 0 0 0 0 0 0 0 0 0
1.44391782747709 3.6962291384729 0.46832117272064 9.18857239880806 2.53228230184041 0.798050214133548 0.336805453991829 9.22353038399413 0.216763366579978 7.79756655096614 1.84912137112946 3.60591410639936 1.06775873693426 12.1574995744336 0.0400523756974031 0.485866255210746 1.43023932350346 0.447114434465632 0.295224381548093 0.482314088428912 0.760537181212438 2.60051192817013 3.88218031759423 0.721551706988754 2.6138324700712 1.73196401656612 0 0 0 0 0 0 0 0 0 0 0 0 0 0 0 0 0 0 0 0 0 0 0
0.438486206067782 1.45357411361469 3.87074817702799 1.40736485698295 2.91329843220371 7.58459268910025 7.06751941650712 0.214185299269188 1.43879045893661 5.1280202291736 1.955113549036 2.09791891037514 4.89676978287615 2.23579650662871 1.22338163751847 1.58891291776342 1.87680391064759 2.35111286298041 2.67326818925475 0.262324891616596 0.902164380371839 0.528520681195609 0.59988670780992 0.727976774228447 3.23283602719162 3.87738662462295 7.44341610460311 0 0 0 0 0 0 0 0 0 0 0 0 0 0 0 0 0 0 0 0 0 0
0.755841801271797 3.2623474245819 0.928870584445563 3.70690360667326 0.600304384870771 1.56642986606897 2.94527630752468 3.15918910067466 0.318056568711436 0.474424465009487 0.0996129033933219 1.80714806882037 2.18777134304123 0.20998993938655 0.964818932199137 2.38763776911592 4.14308097110076 0.33749092000546 0.967252315265755 0.741422779650652 5.27133985497512 0.173052489160115 0.340951255327954 0.993063613267289 0.509950259992217 1.69167204544579 3.17678234096528 0.129148509523402 0 0 0 0 0 0 0 0 0 0 0 0 0 0 0 0 0 0 0 0 0
1.37041954892268 1.07159503905107 2.21975628780255 0.531113860987394 1.12547240817048 11.6894425790974 0.813988146239222 3.61493283850527 0.478766363284858 0.0851846390331084 2.27412032944485 0.786667719780381 0.234466711721786 0.875906399833862 1.77210923491839 1.20197049571742 3.26293931099809 0.546602443403221 0.387880731836877 0.802277935094488 1.77216308767726 0.671031334610937 0.107020132995491 3.93551841481801 4.55161000873688 4.63293999332044 0.469818571129144 0.983451449654893 1.17438673707152 0 0 0 0 0 0 0 0 0 0 0 0 0 0 0 0 0 0 0 0
0.345543193165344 3.1670882422796 3.65632751372867 0.594628481829247 1.84596942878802 2.71997667240009 1.80917578796018 5.35280652111828 0.406881174190532 8.7333755290999 0.15300627956474 0.643402393219737 0.431697691337216 1.60219644946351 3.54841211965272 0.779448480687484 6.27417678626912 1.83025742000818 0.737505625866926 0.233952848814153 2.90518312997559 0.957908941138494 0.267719608243032 0.151385577270401 3.83980909020572 2.01266233561115 0.255519045723782 1.50035593565819 0.0469472070499879 12.1147653166266 0 0 0 0 0 0 0 0 0 0 0 0 0 0 0 0 0 0 0
4.36889006866849 2.14520809064085 5.2109679702569 3.17161808623266 1.32611303993573 1.0763313929155 0.0538791905636102 1.91026830179593 6.83344003817682 0.367827918051273 1.91974927885539 0.276573710883901 4.50031707742063 0.885497173472572 1.18932598945864 0.0512924164417608 0.394970120602678 6.22238398080497 0.279874229250334 3.66030011047201 0.293633450118267 5.81709067360299 2.40311140567363 3.9236720702264 4.15797504253069 0.982109208498427 5.17091412811004 3.19058270919325 3.24708823310743 1.01059457120668 0.573043149747322 0 0 0 0 0 0 0 0 0 0 0 0 0 0 0 0 0 0
3.88264101417507 1.97243146838639 5.10724513337102 2.11827404923049 0.325125826898768 0.469585484529963 0.458371698744187 0.555132391815806 0.467722884335214 2.01669796658053 6.02572165765858 0.201442044381951 0.0766451999257363 2.63901748187037 8.86826256910502 7.01887549868207 7.42340090443493 5.29281029555171 6.6726739370713 0.579630711760584 4.55779325619564 2.05978263859632 0.0879973405247212 6.5541149346095 0.668529831511633 0.187574310208921 3.9588772614317 4.94686049070036 1.11632973946422 1.32874973872421 0.241556781625875 0.158533620249735 0 0 0 0 0 0 0 0 0 0 0 0 0 0 0 0 0
1.42664791853348 3.76890292294116 1.72399362674745 3.61705929548614 0.0226661034734424 1.95253538531312 3.62704624350449 0.445840244727213 1.26467696627272 0.594410277820768 0.126901311462141 3.12707637898365 1.78289990170858 0.799623223080685 0.149319455210189 0.648352691430172 0.999563874551722 2.47641262912659 0.0248220215597336 0.0703635130812398 2.83053455355538 0.513640127950988 1.08767638236194 0.426305096733586 0.960791075455084 1.55418751447749 4.09476032135344 0.856812003411407 3.23911553402074 1.49307865545914 6.09226510988711 1.99667712606894 0.869786184034327 0 0 0 0 0 0 0 0 0 0 0 0 0 0 0 0
4.11237606782338 1.46722006773449 5.02129041403077 0.147106130512382 0.772227347815188 5.2164376952235 0.273904249481291 2.03948549908268 0.530924198081166 2.32392052013205 0.683030377235194 3.2975847323318 1.21263906716835 0.185688039498816 1.19430111886634 0.470177654025389 2.43430809525126 5.40863937281092 4.17340307646916 6.7979427177371 0.656099910535537 0.92177203037632 1.0878913835792 1.16785985937476 0.247586118860708 2.65787280575455 0.356017330612417 0.513867334016063 0.25511882528329 0.42597087882351 0.711565504562966 0.367200532572227 0 0 0 0 0 0 0 0 0 0 0 0 0 0 0 0 0
1.32523822695804 7.4450331118762 0.78756774499796 1.22119282542096 1.48552136261164 1.90475270464414 1.06146276345681 0.737435760595463 4.46658327212042 2.31551589473013 0.22250478536591 1.1140428540216 0.931818074802035 6.83943936701011 4.35826947229381 3.2057659188375 3.02820917456021 0.0409421523000695 1.96773393090264 2.68616757225316 0.577270066867795 2.66744082833544 1.21887667631202 0.98148065013805 0.142658955720489 3.83959453753337 0.344697263456939 4.76033815548211 0.485469863093325 2.41632899695357 0 0 0 0 0 0 0 0 0 0 0 0 0 0 0 0 0 0 0
3.45176528898526 3.12861039491088 1.44551468232827 4.49012875612525 2.70462404865826 0.0583017357230121 4.50268623462685 1.2581543499317 3.69591587238087 0.260363846184303 0.784270973454746 2.45326885622162 3.13756762871885 0.784341967295553 1.1091271561685 2.09402475042879 0.391463921649078 0.262245590208631 1.18065486725113 0.104615505174936 0.36949202450489 1.65251128174055 0.501525073009209 3.51881783475619 1.28499317193681 3.53868747253258 3.36463411663645 2.66562479339411 0 0 0 0 0 0 0 0 0 0 0 0 0 0 0 0 0 0 0 0 0
0.12540720279131 1.08894936410588 0.395151200678376 1.19528170558154 0.584351790145642 0.174551308718005 4.044042400617 3.84399931964262 2.62204270456265 6.33661090129783 0.675270907341208 7.08710855553542 3.8746786328197 0.0467215711636476 4.28212600448141 0.735232296623239 9.55894092500474 1.94700556942109 0.912686916602179 0.290819365413623 0.37546850228407 0.0685295236321346 1.22861140050316 0.218524479838358 3.21751125627525 1.11777892702027 0 0 0 0 0 0 0 0 0 0 0 0 0 0 0 0 0 0 0 0 0 0 0
2.17993024844816 0.432127532024432 1.27139708469069 1.46906806718349 1.39088385929636 2.95237273028968 1.83695485697219 3.91874800790621 4.82276161536395 1.0561338799122 8.09479492730749 8.96370396249011 1.58989947532934 0.907489160754224 9.64451536853538 0.468029335387958 2.82871920428739 4.71964964201712 3.44206230365708 5.97075166537174 0.178145357701577 1.94302321736762 0.642638445693925 0.262774635890124 0 0 0 0 0 0 0 0 0 0 0 0 0 0 0 0 0 0 0 0 0 0 0 0 0
0.341044672560938 0.0689570637387273 9.68458071661412 0.796809773081385 8.11082126560235 1.06255260248179 0.0949049929334728 2.44631322027545 2.80441397457147 4.69059521674137 0.524474192619839 1.61623912529424 4.02638399281309 1.64459649129602 5.48559790713868 0.336272500002224 0.905725901280006 0.0743987482618581 9.44940954570792 1.11809077815725 1.80593431603254 0.970127853482438 0 0 0 0 0 0 0 0 0 0 0 0 0 0 0 0 0 0 0 0 0 0 0 0 0 0 0
0.479331533149186 1.35795126709701 0.0976547367043687 5.0471174665851 1.53981755366654 2.04661896728554 4.20124461903928 3.73301420352528 0.323895432328383 0.828485131473953 0.668874629349686 0.768572798754634 3.60645736777729 2.64153592731061 2.66912976765143 1.33980404594941 1.57536150934429 0.93049916572819 0.726358327758892 1.4100633784559 0 0 0 0 0 0 0 0 0 0 0 0 0 0 0 0 0 0 0 0 0 0 0 0 0 0 0 0 0
6.35762377071928 2.35448480634321 1.63127372314441 2.64179526802288 2.09316384456685 0.930349706809043 2.53292721148236 5.7208711006176 0.0268430416252085 0.247970072407387 6.85169725176802 0.199006688597233 1.20154413126397 0.198315444515034 1.62120199034824 0.932796305159956 3.32356470261119 0.0632842642663773 0 0 0 0 0 0 0 0 0 0 0 0 0 0 0 0 0 0 0 0 0 0 0 0 0 0 0 0 0 0 0
0.935269103776883 1.46167926134059 0.0166828797276899 0.660420211327549 5.0078007634547 0.573513338142763 4.25080032952881 1.05687795324693 6.13004866833885 1.15826882991299 1.36051651805543 12.0994062185268 3.06672538710694 0.340769570436408 0.359572945061905 2.56358284176741 0 0 0 0 0 0 0 0 0 0 0 0 0 0 0 0 0 0 0 0 0 0 0 0 0 0 0 0 0 0 0 0 0
0.749346011001192 0.948989700700571 3.24307855525169 1.75883894682654 1.70062290415686 1.99508785260442 0.764584980935823 1.39249826782012 1.61129080446489 2.73704840644462 3.68038249032955 3.12674373928659 1.23838431897395 2.39825157726994 0 0 0 0 0 0 0 0 0 0 0 0 0 0 0 0 0 0 0 0 0 0 0 0 0 0 0 0 0 0 0 0 0 0 0
3.58344109533384 0.639337874520446 2.20662363795723 1.66447453199791 0.629812109796224 0.192393914139403 2.03422966690594 2.052852995015 0.695894291920395 1.91745451105643 2.24263975684835 0.0617693154884621 0 0 0 0 0 0 0 0 0 0 0 0 0 0 0 0 0 0 0 0 0 0 0 0 0 0 0 0 0 0 0 0 0 0 0 0 0
0.672909468916528 5.39305427738742 3.00311401904049 2.5482325334468 0.497100749869933 1.76047080775989 1.00925434353454 5.94758062953099 0.872646351838401 0.981053149425108 0 0 0 0 0 0 0 0 0 0 0 0 0 0 0 0 0 0 0 0 0 0 0 0 0 0 0 0 0 0 0 0 0 0 0 0 0 0 0
3.3357068990378 3.28395284949387 1.30929315165216 2.00581513825617 0.104253285056506 4.46290776133878 1.46820087734778 0.589252914910887 0 0 0 0 0 0 0 0 0 0 0 0 0 0 0 0 0 0 0 0 0 0 0 0 0 0 0 0 0 0 0 0 0 0 0 0 0 0 0 0 0
1.43164793326515 1.010966674403 0.421030633130182 1.19910195506053 2.93668176940275 1.54761705479238 0 0 0 0 0 0 0 0 0 0 0 0 0 0 0 0 0 0 0 0 0 0 0 0 0 0 0 0 0 0 0 0 0 0 0 0 0 0 0 0 0 0 0
0.0673795013646604 0.97558067554771 0.990882722423485 3.60408300191123 0 0 0 0 0 0 0 0 0 0 0 0 0 0 0 0 0 0 0 0 0 0 0 0 0 0 0 0 0 0 0 0 0 0 0 0 0 0 0 0 0 0 0 0 0
1.64191795521948 4.74879666490483 0 0 0 0 0 0 0 0 0 0 0 0 0 0 0 0 0 0 0 0 0 0 0 0 0 0 0 0 0 0 0 0 0 0 0 0 0 0 0 0 0 0 0 0 0 0 0
