0.446299274752733 0 0 0 0 0 0 0 0 0 0 0 0 0 0 0 0 0 0 0 0 0 0 0 0 0 0 0 0 0 0 0 0 0 0 0 0 0 0 0 0 0 0 0 0 0 0 0 0
1.06384404605258 0.0298089534523914 0 0 0 0 0 0 0 0 0 0 0 0 0 0 0 0 0 0 0 0 0 0 0 0 0 0 0 0 0 0 0 0 0 0 0 0 0 0 0 0 0 0 0 0 0 0 0
1.56566519951817 5.69226494528765 3.72081668115083 0 0 0 0 0 0 0 0 0 0 0 0 0 0 0 0 0 0 0 0 0 0 0 0 0 0 0 0 0 0 0 0 0 0 0 0 0 0 0 0 0 0 0 0 0 0
1.54546839315417 0.916195241293705 3.74839230865868 0.664970109514753 0 0 0 0 0 0 0 0 0 0 0 0 0 0 0 0 0 0 0 0 0 0 0 0 0 0 0 0 0 0 0 0 0 0 0 0 0 0 0 0 0 0 0 0 0
0.955192316855747 1.06469656817476 1.14264430502355 4.09001125075141 0.850569669323898 0 0 0 0 0 0 0 0 0 0 0 0 0 0 0 0 0 0 0 0 0 0 0 0 0 0 0 0 0 0 0 0 0 0 0 0 0 0 0 0 0 0 0 0
0.759158739580997 1.92426330180369 4.20592035082519 0.986480017523362 1.12428315068299 9.23791139964039 0 0 0 0 0 0 0 0 0 0 0 0 0 0 0 0 0 0 0 0 0 0 0 0 0 0 0 0 0 0 0 0 0 0 0 0 0 0 0 0 0 0 0
3.0825150506737 6.15617244631779 7.02437857538678 0.173086907483575 0.56574017262051 0.451474123450668 2.85228529653104 0 0 0 0 0 0 0 0 0 0 0 0 0 0 0 0 0 0 0 0 0 0 0 0 0 0 0 0 0 0 0 0 0 0 0 0 0 0 0 0 0 0
7.27882102818411 3.8404162390703 6.88176100951907 1.23976740732388 5.59163630908143 0.429664127351639 4.59938361490079 7.35471794573437 0 0 0 0 0 0 0 0 0 0 0 0 0 0 0 0 0 0 0 0 0 0 0 0 0 0 0 0 0 0 0 0 0 0 0 0 0 0 0 0 0
5.05888276298848 2.43873800379275 3.75381153360074 1.65106674774606 7.87137541918048 1.54856121341057 9.28179676915266 7.58514292076006 0.659189338044933 0 0 0 0 0 0 0 0 0 0 0 0 0 0 0 0 0 0 0 0 0 0 0 0 0 0 0 0 0 0 0 0 0 0 0 0 0 0 0 0
4.76519460858361 0.0545503425496417 4.12147187720247 1.21025137190775 2.05040951069282 4.41290322216598 11.4902692297925 0.633213307991962 2.77298622622573 3.34197014677145 0 0 0 0 0 0 0 0 0 0 0 0 0 0 0 0 0 0 0 0 0 0 0 0 0 0 0 0 0 0 0 0 0 0 0 0 0 0 0
0.645150158705488 2.06772928511332 4.46677895804526 0.54473337974016 1.98263681390223 0.967912019191862 0.177129456764763 5.29368725500671 1.06585965848223 2.38386334048896 2.54465509051149 0 0 0 0 0 0 0 0 0 0 0 0 0 0 0 0 0 0 0 0 0 0 0 0 0 0 0 0 0 0 0 0 0 0 0 0 0 0
2.63679789046436 8.69133074010477 0.119101088516607 6.36737561376364 3.12258749149694 0.205740532831754 2.76534877659921 0.418372852316574 0.598125300999957 3.4339930797044 0.503928872359908 1.48610245113167 0 0 0 0 0 0 0 0 0 0 0 0 0 0 0 0 0 0 0 0 0 0 0 0 0 0 0 0 0 0 0 0 0 0 0 0 0
2.08092417855907 0.463851798905674 1.52150191751823 0.190210451603948 0.31515883969622 0.343233981184789 0.945834585970299 1.92545140056218 0.454358251487681 1.11166195820654 1.62609612099939 2.58347565504738 0.0321881062801226 0 0 0 0 0 0 0 0 0 0 0 0 0 0 0 0 0 0 0 0 0 0 0 0 0 0 0 0 0 0 0 0 0 0 0 0
1.60889557602242 7.2539421192947 0.153105379027943 0.383032731446973 2.37220646290961 4.8203188042874 2.53902681151289 6.91928951148325 2.03646802371163 1.94152060874152 5.89703808267896 8.27353912611282 0.918002896942544 9.55903861081477 0 0 0 0 0 0 0 0 0 0 0 0 0 0 0 0 0 0 0 0 0 0 0 0 0 0 0 0 0 0 0 0 0 0 0
6.66908115005594 1.142159035175 1.1955068229567 2.13300552465078 2.25435253223451 2.64041905172473 5.31551593433615 3.61614688875044 0.534250377608307 1.5890084597055 3.74349954037275 6.24973092338507 1.72200953102093 0.292159037052779 1.88398831998726 0 0 0 0 0 0 0 0 0 0 0 0 0 0 0 0 0 0 0 0 0 0 0 0 0 0 0 0 0 0 0 0 0 0
11.5756653237336 3.32230025583013 3.6208706962719 0.380109975269658 3.46340529431251 5.99050440236652 13.5159335898654 7.48383786606429 0.910100068634029 8.49834170403812 0.910850298296046 2.89721153738651 1.88548859552447 2.01161720793771 5.5378359669041 3.2664220027068 0 0 0 0 0 0 0 0 0 0 0 0 0 0 0 0 0 0 0 0 0 0 0 0 0 0 0 0 0 0 0 0 0
0.046401210070898 0.142064887366549 0.739673898879321 5.29857785369018 0.856195078612147 1.24567653992038 7.58918073127081 1.114155135644 2.17478551678122 1.86220868020552 1.13797399371722 1.76426937440806 0.0525720686140092 2.59443813869535 1.27136146830865 11.6206448619566 0.532572249245301 0 0 0 0 0 0 0 0 0 0 0 0 0 0 0 0 0 0 0 0 0 0 0 0 0 0 0 0 0 0 0 0
2.50161275465984 2.23733671792911 0.429237693814792 0.869675692593127 0.303743930893822 1.49968112424383 0.326383438627537 3.84871605551865 0.902901286542564 0.595501169971385 1.03263937615638 4.15627237298448 1.57925846446339 0.487851742361652 3.7928327084132 1.03992171680678 2.25394298938166 0.743212102367472 0 0 0 0 0 0 0 0 0 0 0 0 0 0 0 0 0 0 0 0 0 0 0 0 0 0 0 0 0 0 0
2.18388331616757 4.0575638526193 0.934604825116538 3.01121284235566 0.533918639590344 1.3907537371018 3.23023745605053 0.642950735442955 5.87755250349887 0.860987425770914 4.43672502024868 2.30006552327453 1.35671385675918 4.81037355300333 6.2431278767286 5.37361389023032 0.930198998662815 0.764890739394989 2.56919832753624 0 0 0 0 0 0 0 0 0 0 0 0 0 0 0 0 0 0 0 0 0 0 0 0 0 0 0 0 0 0
0.253513821470963 3.24370510477793 1.37214050614024 0.803363755753932 1.58521892252426 1.27070867348834 3.32640481976195 0.35565873165007 6.48914619315998 5.69660530821381 1.86098670335207 0.339967566037123 1.46905295417261 2.35027234711542 2.79670249393325 0.40729798353539 4.53754663395776 0.32100852915477 1.58186661042777 0.865559628857988 0 0 0 0 0 0 0 0 0 0 0 0 0 0 0 0 0 0 0 0 0 0 0 0 0 0 0 0 0
1.1045932584835 4.69800968722309 2.11634385039699 3.52990766073176 7.24969564007987 6.05493747078439 0.424360440234172 0.169721789804265 0.387346298141653 0.494844136313272 0.829230933336335 5.40363573373323 4.23367095544897 1.26431372228001 0.397976662236537 6.43012359983353 0.297561401300728 0.200852548095445 2.07799503621078 1.67191563609437 2.95099026287011 0 0 0 0 0 0 0 0 0 0 0 0 0 0 0 0 0 0 0 0 0 0 0 0 0 0 0 0
9.93484917574633 0.233456969263741 0.0584401502173246 3.8890911722408 0.108052368717693 1.18357326120678 0.304842581356784 3.15697850537776 1.58877645153574 9.58694075834867 1.01712810420039 0.900018519100314 1.98759611220982 0.534377944493035 2.03717539763585 9.59269774978018 4.38750893066341 0.607559016198375 0.590598819013761 1.88911210976581 1.95895112286225 3.5706663878766 0 0 0 0 0 0 0 0 0 0 0 0 0 0 0 0 0 0 0 0 0 0 0 0 0 0 0
1.24170191094113 2.47492599919325 4.39900635056562 3.34290882281472 3.24400345116769 1.22754638090444 2.76443861722597 4.96295997945089 2.95341524449616 7.47659488446428 0.508565081692605 3.84850401440626 0.533953546678508 7.81121490238469 1.62091915714076 3.62014320597284 2.60633554688673 1.11240443283454 0.590007766827136 2.82016845505104 3.37769842485485 5.96085223412764 2.6267155675761 0 0 0 0 0 0 0 0 0 0 0 0 0 0 0 0 0 0 0 0 0 0 0 0 0 0
0.0851783975440045 0.952845440861579 0.835133306706722 1.7940031496191 4.06302624870641 3.60636926424042 6.68986902699897 1.23082238525007 4.29250251480606 0.956527281946187 5.87207119055709 1.54646160233847 0.143520268820264 1.55008019943641 1.24087526071785 2.7598495347935 0.876815397622182 1.31833935287041 12.6269509612207 3.04864714039675 2.18624507214428 3.16425541066969 0.116031096932725 2.15923920273193 0 0 0 0 0 0 0 0 0 0 0 0 0 0 0 0 0 0 0 0 0 0 0 0 0
0.769964416959652 3.49783366823491 1.00064213069124 0.707221713229854 0.537251050491543 1.48749135419977 6.59832490433202 1.79111494509009 0.0248106245274244 2.49725934515719 0.217925613944573 6.97612974048436 1.12483376601096 2.56633118674759 0.94832454763831 2.04368212535505 5.72747044138383 5.57325499817287 2.93690546479159 6.43607834765244 0.628375747256891 1.36276729401868 5.11071214002102 0.00247912509037616 0.778722553676203 0 0 0 0 0 0 0 0 0 0 0 0 0 0 0 0 0 0 0 0 0 0 0 0
0.206709627743723 1.74261050872387 1.06850731346038 0.347450204836547 1.6759507911336 3.0530479676624 4.32473223269717 0.800483039998541 5.96881173586535 1.75255466500888 0.692064221138458 3.71452661642162 1.98651842003456 5.63876529299926 0.0519246156251931 4.0014871458756 2.05918966357087 3.35129352289893 1.66041568801656 1.51157435337001 2.07781378901001 4.21939087940334 0.319747279043451 0.8505772131326 4.9710842493171 1.9479266694308 0 0 0 0 0 0 0 0 0 0 0 0 0 0 0 0 0 0 0 0 0 0 0
0.420722400540461 2.45035616209524 2.98144533629488 3.00998747220805 3.2557918032485 5.03392067373386 3.85071789069258 2.03779600683542 1.10996690428331 1.29581154433555 1.0090886527519 6.77812409164282 2.01334595210971 7.29456289968645 5.77557178973534 1.42575958328829 0.599022416970613 0.129432381904933 7.29519796565724 0.283461286252809 4.3210491060479 0.184814195428581 2.60109119519528 0.116406745089724 3.17178790202573 5.20849818756785 7.7344320128299 0 0 0 0 0 0 0 0 0 0 0 0 0 0 0 0 0 0 0 0 0 0
1.62683715078649 2.65329137144251 1.01243484056586 2.99634049509424 0.227138504958759 2.59673657214268 3.22755199230286 1.54475154076971 4.90707167208193 7.12609890748246 0.847720237874972 0.841868562607999 2.99682108060987 2.14618707467436 0.180951130209443 0.909233107668232 5.48333447706132 0.50118308380467 4.10069911942906 3.8326183934707 0.282389217761433 0.657337555828776 2.13535864734296 4.56784446253971 1.83280390767676 0.664152021937029 4.66139367831073 1.86930628596644 0 0 0 0 0 0 0 0 0 0 0 0 0 0 0 0 0 0 0 0 0
1.16860125821753 0.945036172331249 0.131657367280105 1.36123861452036 0.550676607044274 3.01103088278406 1.54944010128167 0.0700478266721135 1.65958328780156 0.344701491357432 1.97522869633492 4.11864610813184 0.874740615702557 3.10369717590458 8.96174197553117 1.00979545919937 1.60706706233504 3.17809948138837 1.07227723581376 0.284567149899729 0.153669365587946 0.261723807235965 4.81041712755572 1.49434544797561 5.92239091625649 2.01968700886564 2.52591909685668 1.85172940538938 2.85211677078307 0 0 0 0 0 0 0 0 0 0 0 0 0 0 0 0 0 0 0 0
0.0736964846374887 7.25218794336162 0.189676458996963 0.565105956880981 0.369488632983479 0.562037049826257 3.38138336537726 8.32711276756936 0.1163600343556 1.9040476295761 0.292570864034485 0.476168550264394 3.64088805039701 2.25272870194988 3.65411029063759 1.67626194465009 2.77487980461871 0.498568781674544 0.462327694522838 0.67895070541652 0.439121912684738 7.36542008833679 1.46391356490533 0.766663846315011 4.81807893767642 0.258234030871389 1.55083880578736 2.48893876502331 0.303340956336554 1.06101009616616 0 0 0 0 0 0 0 0 0 0 0 0 0 0 0 0 0 0 0
0.856868140699449 0.530129544975447 1.24046533228799 2.12665129589586 2.68362366882277 2.48331963331233 3.53953441112019 0.167142901543046 0.210942655624769 0.550947272664098 1.30529620374275 3.08755297531175 0.988064830950335 5.90900735775351 3.03452703891753 1.1059661111128 1.06688013648631 0.0750356314054839 6.18620510421453 1.54770249246763 1.06552348926964 3.53250520334983 0.953727951950895 0.0838876930170353 0.835601573267287 1.3368052444966 8.64087672816128 0.439629504094203 1.85071475773398 1.4616733496971 2.54061137869032 0 0 0 0 0 0 0 0 0 0 0 0 0 0 0 0 0 0
6.44297966396099 1.43352639216525 2.91195674196891 1.26669109024026 2.67128902823959 2.6564426347341 3.33244701625157 9.66050974760178 0.794224169269707 5.8941828898747 4.07301815743035 3.61036643503212 0.919272757056257 7.05989081302079 1.11365193165041 14.8363544934272 4.04982998701261 2.33495906452596 0.0137784985327066 8.71597852242968 1.05621145324143 6.18356333938675 3.41339319999486 0.498226186388336 0.0951921763011809 6.15312852325494 1.55706725932702 0.281726660806496 0.644097684609421 7.87419925245014 3.25035165806971 1.15772571367405 0 0 0 0 0 0 0 0 0 0 0 0 0 0 0 0 0
1.99521378101825 0.343706990107224 0.932123474476606 1.86291214409021 4.00496674880336 1.94751126550781 0.233960703524157 0.53141765008415 2.05536277389705 3.2023091603536 6.63129710060974 1.8201184901711 8.36173316385524 2.59801572596821 0.733040712856205 1.13601573645401 1.23703291016006 3.23896281147556 0.324627013028668 2.16298864169075 0.608361597621696 1.7745864579369 0.321965990894385 10.1123370852878 0.944391914685443 1.76003585166175 1.59060326678031 2.21561256194336 2.33695140189011 4.21042286364633 0.454612744825265 0.186962722864582 2.77473112545665 0 0 0 0 0 0 0 0 0 0 0 0 0 0 0 0
0.903227941606427 1.73674529595256 12.0032420820763 2.10815443256498 3.05277789242841 0.0804030359269454 1.71661708627489 3.91064628563937 3.53460502041886 1.23642078080466 1.34553704918974 8.65816545397393 0.273759291080496 4.0957950738863 0.487282905453979 4.77891608658734 0.889570546537187 0.0190373150009903 0.22988006720579 6.57802569077126 0.638421642377166 1.78524383490468 2.67717670288147 1.17160533090955 3.31598205423814 3.92152892838918 6.05550326612157 1.21455340212267 1.56375887235688 2.73165076020954 4.80103697481557 0.775433037009871 0 0 0 0 0 0 0 0 0 0 0 0 0 0 0 0 0
0.77513745915142 1.25281666769821 2.18848478227149 0.824313997895536 1.82656643645056 0.370363657525882 9.2570655318446 1.71646611921027 1.82008539524781 2.55672440998046 1.2071384001615 1.18503620809035 3.34082883363841 2.03195020971888 5.38775968090905 1.16375024359174 0.403667216468955 0.583644589117132 1.75307545164913 3.41038718983725 1.02301925364132 1.3929607592066 0.807019435648345 0.0214447852468641 0.585625534345827 2.27754974995141 3.74572973172581 2.49968881363074 0.761745988069168 0.361395642331408 0 0 0 0 0 0 0 0 0 0 0 0 0 0 0 0 0 0 0
7.06110276744042 4.32485931282454 1.3229027422791 4.77590077179211 3.1168819137753 1.02327127957506 0.511018860169835 7.23826716811432 1.83783783782117 3.19224689972211 2.53782339183942 3.94896148888628 0.0125219325975186 1.50980705021356 2.29139775678327 8.17869789362525 2.37225788223437 1.2384294613466 0.0393262139140311 3.57322942031179 0.210766372592185 5.18928073612443 1.19872028766155 4.36228284013834 6.40813258299009 3.90369656084179 0.23319202616315 0.364035711563744 0 0 0 0 0 0 0 0 0 0 0 0 0 0 0 0 0 0 0 0 0
1.87904358237327 1.53803325025335 1.13325391782343 3.6776623337264 3.20570320831438 0.0678882622856667 1.01501671842425 9.86677924138931 3.51452580893688 0.562211850868134 1.07134352079119 1.24209330686295 4.7849164106531 0.715080372084652 7.15363716148731 3.26441194160651 0.642264827788546 6.5524804842223 0.772098720854949 0.194589999342415 3.39299836247648 0.301194066396098 3.11090181689708 1.20343479210971 0.802616332091242 2.53323458025217 0 0 0 0 0 0 0 0 0 0 0 0 0 0 0 0 0 0 0 0 0 0 0
0.416335582837432 0.222212938375701 0.193049801024315 1.15631597228245 2.21062064143854 1.67943136605026 6.38109570151146 1.89072260803389 1.54403328045625 14.4403885136441 1.43013578512396 1.10830799432299 0.108566329193895 7.71724183824007 0.10876277444502 3.1626023386182 4.32369035264802 2.56034308130463 1.02790665330898 5.38568424270695 0.546580048415729 1.350553155913 2.30319229252271 3.02504401576757 0 0 0 0 0 0 0 0 0 0 0 0 0 0 0 0 0 0 0 0 0 0 0 0 0
0.532745537409936 11.6384125467955 2.51699968710608 2.85376670079863 1.54916199401511 0.101810481109331 3.46226513004734 0.0251478143377049 9.50830325748695 0.0644025355722075 2.75799538316526 1.64525061192831 2.42996987012453 4.43273348940467 1.7927250123877 4.8579005063966 3.72527057718304 1.4707848091959 2.16742036563703 8.7814031316638 1.33837716618924 0.0119499988890293 0 0 0 0 0 0 0 0 0 0 0 0 0 0 0 0 0 0 0 0 0 0 0 0 0 0 0
1.31145397344906 1.35836661192219 1.05739321915686 0.222470684447603 6.25728337460997 4.24559462783107 1.30264254721185 8.86938335222627 1.29882175884492 6.11303983309029 1.22529413172055 8.55417330540699 0.808022687458175 4.54908019334611 1.24110335990034 2.79580302182419 1.3930421213425 2.72181657594546 5.74560265057099 0.783289270947096 0 0 0 0 0 0 0 0 0 0 0 0 0 0 0 0 0 0 0 0 0 0 0 0 0 0 0 0 0
0.694977596328789 3.01222665210219 3.2134961795734 4.14610359492628 6.81892598139947 2.90718363977602 4.62297789861724 1.47658887857988 3.31828930948917 2.11406168726428 1.62268019878127 4.31506050711559 6.94446731667006 7.89502651645053 3.58894810634055 1.20902154655709 0.13285056088173 2.35470492516844 0 0 0 0 0 0 0 0 0 0 0 0 0 0 0 0 0 0 0 0 0 0 0 0 0 0 0 0 0 0 0
1.35812809240413 1.26691337402369 1.40573290818068 1.00975984065028 0.497909846733676 6.04286183846291 0.321684032601377 2.38673745913964 0.263076362608985 0.942571989736809 3.65375478954056 5.01548646271774 2.43344433122025 1.21607281887803 0.216637396337397 2.89868049287357 0 0 0 0 0 0 0 0 0 0 0 0 0 0 0 0 0 0 0 0 0 0 0 0 0 0 0 0 0 0 0 0 0
1.23325846164731 4.17647032622262 5.48691721195032 3.39420326517905 0.254456051458011 0.643889109808412 9.91957321969735 1.50692765019054 0.336929503210844 1.38699138524448 0.668418615224217 0.830750823839646 1.1350782009947 1.19949270306556 0 0 0 0 0 0 0 0 0 0 0 0 0 0 0 0 0 0 0 0 0 0 0 0 0 0 0 0 0 0 0 0 0 0 0
8.02600107145084 0.0265752149178366 1.55977555164493 8.40774959591825 2.16933132508633 2.21274876166557 0.0692002163332789 13.5678742236793 3.23973464143944 1.93544278391298 4.42283512790115 5.66716389416015 0 0 0 0 0 0 0 0 0 0 0 0 0 0 0 0 0 0 0 0 0 0 0 0 0 0 0 0 0 0 0 0 0 0 0 0 0
0.384924101721234 5.6717657991689 0.433656411507836 2.39693788059834 4.96867639799968 0.732775470351601 10.7256361878806 1.19818317921273 2.02835576281681 0.13525005999203 0 0 0 0 0 0 0 0 0 0 0 0 0 0 0 0 0 0 0 0 0 0 0 0 0 0 0 0 0 0 0 0 0 0 0 0 0 0 0
0.185981992552499 6.04348249111608 0.0783995066656646 0.433591442789347 1.44167876462388 5.41707341758931 0.075264895943018 4.03557447450471 0 0 0 0 0 0 0 0 0 0 0 0 0 0 0 0 0 0 0 0 0 0 0 0 0 0 0 0 0 0 0 0 0 0 0 0 0 0 0 0 0
5.24666081796842 0.360086674390034 2.84928760419164 0.0706325717596854 8.68235898370983 0.220645804819103 0 0 0 0 0 0 0 0 0 0 0 0 0 0 0 0 0 0 0 0 0 0 0 0 0 0 0 0 0 0 0 0 0 0 0 0 0 0 0 0 0 0 0
0.449207575097999 2.16473240900367 1.9143197207738 15.3947864737606 0 0 0 0 0 0 0 0 0 0 0 0 0 0 0 0 0 0 0 0 0 0 0 0 0 0 0 0 0 0 0 0 0 0 0 0 0 0 0 0 0 0 0 0 0
0.0567343285582512 0.0600967626572418 0 0 0 0 0 0 0 0 0 0 0 0 0 0 0 0 0 0 0 0 0 0 0 0 0 0 0 0 0 0 0 0 0 0 0 0 0 0 0 0 0 0 0 0 0 0 0
