0.763029732826988 0 0 0 0 0 0 0 0 0 0 0 0 0 0 0 0 0 0 0 0 0 0 0 0 0 0 0 0 0 0 0 0 0 0 0 0 0 0 0 0 0 0 0 0 0 0 0 0
3.28355793517242 0.46576825220019 0 0 0 0 0 0 0 0 0 0 0 0 0 0 0 0 0 0 0 0 0 0 0 0 0 0 0 0 0 0 0 0 0 0 0 0 0 0 0 0 0 0 0 0 0 0 0
1.44055980048415 0.00367671467576258 1.71728523941436 0 0 0 0 0 0 0 0 0 0 0 0 0 0 0 0 0 0 0 0 0 0 0 0 0 0 0 0 0 0 0 0 0 0 0 0 0 0 0 0 0 0 0 0 0 0
6.79989312021403 5.02104133803815 1.64949572156406 9.30404736916356 0 0 0 0 0 0 0 0 0 0 0 0 0 0 0 0 0 0 0 0 0 0 0 0 0 0 0 0 0 0 0 0 0 0 0 0 0 0 0 0 0 0 0 0 0
2.0076354159641 2.79797555835379 4.34932998207429 1.08223075700062 3.42170781214026 0 0 0 0 0 0 0 0 0 0 0 0 0 0 0 0 0 0 0 0 0 0 0 0 0 0 0 0 0 0 0 0 0 0 0 0 0 0 0 0 0 0 0 0
0.361861593953629 0.911489582463366 1.2935598798375 0.358144132931136 0.741117819872426 1.93114500093895 0 0 0 0 0 0 0 0 0 0 0 0 0 0 0 0 0 0 0 0 0 0 0 0 0 0 0 0 0 0 0 0 0 0 0 0 0 0 0 0 0 0 0
3.1966753539841 0.600474682280997 2.72540758665515 3.18217080107995 3.77409586427245 0.0810749178240788 0.667250971307779 0 0 0 0 0 0 0 0 0 0 0 0 0 0 0 0 0 0 0 0 0 0 0 0 0 0 0 0 0 0 0 0 0 0 0 0 0 0 0 0 0 0
0.737161281091921 1.35037736786104 0.263262502547845 0.0569158429333757 2.43771591819177 0.954931188870238 2.54943079457109 0.280729811183146 0 0 0 0 0 0 0 0 0 0 0 0 0 0 0 0 0 0 0 0 0 0 0 0 0 0 0 0 0 0 0 0 0 0 0 0 0 0 0 0 0
0.565159579608458 5.46029963591706 2.49289398040505 0.422072263863008 4.71381310178004 0.973216114743945 4.81436747407825 0.399868731953332 0.832695941723465 0 0 0 0 0 0 0 0 0 0 0 0 0 0 0 0 0 0 0 0 0 0 0 0 0 0 0 0 0 0 0 0 0 0 0 0 0 0 0 0
6.11510512043211 0.623987054435672 7.71092318178247 1.87282501491663 2.7122850944489 0.249624134816467 2.84544133121175 0.614091752892953 2.39786984077041 6.01216362153254 0 0 0 0 0 0 0 0 0 0 0 0 0 0 0 0 0 0 0 0 0 0 0 0 0 0 0 0 0 0 0 0 0 0 0 0 0 0 0
1.30196803541123 1.94233010244414 8.48674920653609 5.34473850076474 1.16253466314552 5.35777976926919 4.14147836400684 1.21946034970788 3.1673682036107 2.33740531671877 1.11147288122346 0 0 0 0 0 0 0 0 0 0 0 0 0 0 0 0 0 0 0 0 0 0 0 0 0 0 0 0 0 0 0 0 0 0 0 0 0 0
0.795050338858296 0.382252438289755 0.360590377553912 0.782610382974319 7.67799695826377 4.82879419176935 3.21543039765629 0.907249534164983 0.591573478873476 0.419462656699687 3.58955345018206 3.73715163022101 0 0 0 0 0 0 0 0 0 0 0 0 0 0 0 0 0 0 0 0 0 0 0 0 0 0 0 0 0 0 0 0 0 0 0 0 0
0.958305256280865 0.237393164621616 3.58680694444712 6.04467278898141 2.23008168306869 8.11367436700358 2.68283443812382 3.0205479563428 0.225229239520503 0.910124327628167 0.559647091316087 0.371961459927694 1.29258707716005 0 0 0 0 0 0 0 0 0 0 0 0 0 0 0 0 0 0 0 0 0 0 0 0 0 0 0 0 0 0 0 0 0 0 0 0
0.0349311677149335 0.734883417434694 1.15542651097262 2.62859673204066 2.33921349799931 0.231729102837273 0.19429142162596 2.25606022022159 0.635662176682189 3.5588644330862 4.19642295697503 0.968003750576833 0.366809769693124 0.0545978342705548 0 0 0 0 0 0 0 0 0 0 0 0 0 0 0 0 0 0 0 0 0 0 0 0 0 0 0 0 0 0 0 0 0 0 0
6.09708116882945 1.29221307414979 1.08770653097346 3.11588801363599 0.771392956390495 1.63387998823052 0.8079372896222 0.721090368843556 1.14427849900366 0.830449483591358 3.53408543048868 0.721147591347883 1.82147145686753 0.66506061562323 0.68445187412616 0 0 0 0 0 0 0 0 0 0 0 0 0 0 0 0 0 0 0 0 0 0 0 0 0 0 0 0 0 0 0 0 0 0
2.87321334440927 8.18744268430859 3.16874937856958 0.814466868518013 0.0829845892290552 0.439326198302545 3.24340642464576 0.590816148094376 0.19598174407571 1.0988285169753 3.51845430342115 0.572403827912324 0.147976068299401 4.94614568307914 0.619278801545181 0.591999159858998 0 0 0 0 0 0 0 0 0 0 0 0 0 0 0 0 0 0 0 0 0 0 0 0 0 0 0 0 0 0 0 0 0
4.1989225822594 1.27725779090951 0.79879517920073 0.141457698638916 4.02716988266052 0.0013990324844348 1.02785314255495 1.31941728948641 1.0133095604677 0.998135224900336 1.04576925280159 2.79700599151717 1.03855628268361 3.48828552738821 2.7051266093925 7.0694804203026 4.36090186647209 0 0 0 0 0 0 0 0 0 0 0 0 0 0 0 0 0 0 0 0 0 0 0 0 0 0 0 0 0 0 0 0
0.0636622622115252 0.1542626069063 2.82254463462312 0.617046328753928 1.06206448708782 3.17505126927943 1.45288013397134 3.26573199560152 0.845398978762806 0.69540857349725 0.0419181281049203 1.30517694880226 1.99793428867762 0.0389986387670095 2.53986532447496 2.04829187144029 3.36570685222872 0.245530356589289 0 0 0 0 0 0 0 0 0 0 0 0 0 0 0 0 0 0 0 0 0 0 0 0 0 0 0 0 0 0 0
2.37305566447886 1.46006742266129 1.78576636344912 4.09092437200376 0.270419237558964 1.62329169436461 5.51744406322464 0.462583876574633 0.486647814193979 8.58086407814695 0.279279897641438 0.207192866458427 2.92284854836901 0.871029900839936 2.36280939757806 6.50964635521305 1.11909234941947 0.0888939295105297 0.38439353383146 0 0 0 0 0 0 0 0 0 0 0 0 0 0 0 0 0 0 0 0 0 0 0 0 0 0 0 0 0 0
0.535374469396558 3.56703715320082 3.46130703704969 0.385042230115364 2.80195296937054 2.88284226283919 1.53882178110469 1.02514440258486 0.351455437484486 0.323724755877585 2.1262299959346 0.814286528308353 2.65630507923137 4.41318632166017 5.12017104296279 1.58307782488493 2.436028926492 1.38399606688222 2.40941197364384 0.553514085832191 0 0 0 0 0 0 0 0 0 0 0 0 0 0 0 0 0 0 0 0 0 0 0 0 0 0 0 0 0
0.975929743752312 4.3330809646329 1.38096715128706 0.477622092101117 0.510499841432101 3.22906312180182 2.53198189056658 0.938552907524524 0.933164128322476 3.51537290527018 3.58126704847159 4.86531382906682 1.01530828592345 0.43339564120942 1.40473421269277 1.24659900967265 0.118931949593634 3.50424612963154 1.20532221315944 1.14783231724013 6.22159697000871 0 0 0 0 0 0 0 0 0 0 0 0 0 0 0 0 0 0 0 0 0 0 0 0 0 0 0 0
1.40609510522632 0.126727739126263 0.914264442047799 0.978560650269799 1.17767602656123 0.493347367206271 2.23317034405578 2.70880534588213 2.92554775657784 1.79963776784761 0.87386640057171 4.70922717261662 0.518024106041444 1.71850168412294 2.61864802006693 0.448489520726157 3.3297693966571 0.913067845703398 0.250578995004989 7.02674555918319 0.898982583265952 2.25834213022657 0 0 0 0 0 0 0 0 0 0 0 0 0 0 0 0 0 0 0 0 0 0 0 0 0 0 0
0.663854165116984 2.96767375801546 1.26991349483037 0.000744495256453379 2.4638932958336 1.46194235493768 0.218269659286904 0.830814684744885 0.743920413117213 12.0009972273277 2.26504367552924 0.727129732147809 3.16354367568532 6.86275407281433 0.347707024541482 1.07922758286078 1.89524874779557 3.10622115358013 3.22739040483971 0.240178767804723 2.17114330535951 1.19307187824531 5.23940292568681 0 0 0 0 0 0 0 0 0 0 0 0 0 0 0 0 0 0 0 0 0 0 0 0 0 0
0.68314477084859 3.38400501177148 1.68183698627854 3.4172108639325 5.97787996691793 1.9403325778591 0.209519403758348 2.79273417343439 7.34576314391413 1.12273534545893 1.0536257629377 1.70338874545854 0.458229115043314 2.89371881249756 2.34809438750814 0.829777457575824 4.39295783182949 3.27256088104904 1.28371380405516 6.68955099982281 0.00735099347869289 0.896817010663188 0.240826873717691 0.646042066808855 0 0 0 0 0 0 0 0 0 0 0 0 0 0 0 0 0 0 0 0 0 0 0 0 0
2.56966489343785 2.42643558452132 0.828831441038339 0.711423726445211 1.38095897692242 4.4356331069304 0.168139169699331 1.66433708696203 1.69480228632159 0.0182121646709609 2.73686522852582 3.78139219818669 1.7624708855017 2.87558820487745 3.47176889630446 4.30782895247602 5.15095467262321 1.98833718138968 0.025767444437376 1.65442207139886 0.458951885818644 4.77604374810159 0.21379237654346 1.36736142449933 2.81403232957974 0 0 0 0 0 0 0 0 0 0 0 0 0 0 0 0 0 0 0 0 0 0 0 0
3.43978948780737 0.401532837463888 2.47708286932372 0.0361075133907901 1.33925019817292 5.17092125401653 2.63258649542665 0.873040531993734 1.18662879883897 0.568709888030916 0.628565164305091 0.744431736794993 2.1193636385105 5.70454392555288 6.97645611538051 0.516148275909313 1.40940310153062 0.218969658000047 1.69330223228823 5.5078639218639 1.17993073288821 1.51038274117028 1.22938243179456 1.67649413651671 3.86269200847603 1.30668046598281 0 0 0 0 0 0 0 0 0 0 0 0 0 0 0 0 0 0 0 0 0 0 0
2.58886088154487 3.05267433068625 0.526938761100057 0.625717857265042 0.650300382986178 0.344901194146037 0.736663084979656 7.58802249539743 1.91621692143531 0.392959360984904 0.697725782753162 0.139983446820907 0.179154071617867 0.244774863835144 6.05163301709331 1.02295824034743 2.29739258248177 3.00918964053226 0.022366177893776 1.80937271640001 3.66855493665545 0.567374548388208 0.807532384034166 1.37480952337551 3.00796982491923 0.0785007162862236 0.783148505364911 0 0 0 0 0 0 0 0 0 0 0 0 0 0 0 0 0 0 0 0 0 0
3.23892990909807 0.873590593077471 3.87189346524625 8.32583580361057 5.70000946005735 0.669518431940592 1.88897178920976 1.7167394233743 0.301937690533406 1.33619117891955 3.3333907542973 0.657176746382136 4.52993993666828 2.39488110094028 0.195748953391578 1.64296863964781 1.42783802863985 1.79195252037909 4.84369963204353 1.58589569083922 1.54802465474855 1.64822046540551 2.93031455566345 0.658092680279638 0.609195484829271 0.914970627870516 5.51338156073389 0.551783243592211 0 0 0 0 0 0 0 0 0 0 0 0 0 0 0 0 0 0 0 0 0
2.07072423331424 0.46839556627984 1.71621569586505 1.6272521134843 0.835006960167548 6.91656052603939 1.13268259214763 4.04046609246758 1.34167328725393 2.10541490041841 2.6485706529612 0.408032607643978 1.44692147096994 0.428962378581239 3.96352038595461 1.20793998905737 2.78480129682265 1.28703239791612 1.74831373280543 0.187552176121682 0.358904809927768 0.0702513680712918 3.25383727585366 4.30350045740146 0.208665189823636 0.488880626418691 1.51386387689313 4.48232730178557 1.67140013580533 0 0 0 0 0 0 0 0 0 0 0 0 0 0 0 0 0 0 0 0
0.220344722789268 0.149243692592028 3.2555209696313 0.763886314090206 4.1023869854672 4.68617858209972 0.184265845676337 5.52907546598412 4.33479266506334 3.94196362016411 2.8019477487196 3.6481666258152 1.06887704026654 2.39002467458382 2.44532468655535 2.84034979255186 2.67566656467093 1.44191713711858 2.38181109031288 3.55863771237155 2.69432325186436 0.745878173758752 4.96506639821496 0.220035603832599 0.00608276463639108 0.234930659790877 0.623604841532355 4.10686089601765 2.8961501241005 0.193761832807809 0 0 0 0 0 0 0 0 0 0 0 0 0 0 0 0 0 0 0
0.298157854028436 1.65156416061835 0.815895734502457 1.23887067021488 1.98329093318968 0.21541210293118 0.0109395327414401 0.744118220338079 0.223008862158901 0.145958557338253 0.560680177789426 0.206146322366577 0.292101783665152 1.30299044328646 0.0144155044844569 2.79914038680233 0.0533310191657509 0.727778913476511 3.02952462695239 0.581226798160922 5.70126143045255 3.60459823639022 2.98334478915928 0.124610020591807 0.33340409911484 0.255397658145285 10.6098170281612 1.70628263541819 0.304963114329966 5.46664992793291 1.20591268370198 0 0 0 0 0 0 0 0 0 0 0 0 0 0 0 0 0 0
0.104213036321095 0.21721589097337 3.61317715789948 7.12037938098385 0.557698464604415 0.530163255027427 2.73765846259217 1.53012956507738 1.98089061728638 1.66897807596408 0.28767825153669 1.51940448087559 0.434625117071771 1.21455105937037 2.80314783128763 0.763015189130185 1.12041803825629 0.628163908191332 0.536212979636681 1.01527172809681 1.5888147423744 0.327907834746034 0.904997367180519 0.365171917005412 2.50259542157099 3.40805128663527 0.525116226327788 3.42325980954341 1.14209519922534 1.24394339378626 2.58771910054119 0.129228411808826 0 0 0 0 0 0 0 0 0 0 0 0 0 0 0 0 0
6.60236159219798 0.983009465501701 0.8536278943657 2.20130005579026 1.66733375843525 0.547706064130722 1.19176594620942 0.234521587346772 0.0654519024615451 1.00095744339543 1.04975343320356 3.01334342137389 4.24390966177526 2.57245361457642 1.07229836601888 0.677638659657909 1.32434803556844 0.15611898355357 0.63726264469074 1.10900481407786 1.95308477783387 0.771527194447603 1.39456486766927 0.381346706499002 7.17623293040568 4.18619171187893 1.06971197917496 6.76255604360743 1.14385023695896 5.79119775151529 0.110890761784603 0.94151815906415 1.53928183364853 0 0 0 0 0 0 0 0 0 0 0 0 0 0 0 0
0.139280451509284 12.0129986010196 0.798350159133933 4.83995003259152 0.4155547991676 1.41322438720111 2.26375691984612 0.962416402733673 0.799283921824602 3.3882315549952 0.553428988151603 0.252888293195295 0.154516072182571 0.645955641176619 4.75744571617439 3.81162494550595 3.95239993178683 0.873083544162017 1.47082842845564 0.18444832996858 0.470833359616449 6.0918153956399 1.67074130615576 2.19927665376051 0.134512491312042 0.860354000184441 3.65486543371606 0.229527416762049 3.16492439715473 2.38362790218391 5.30038242426801 0.474303984196969 0 0 0 0 0 0 0 0 0 0 0 0 0 0 0 0 0
4.22439218338779 5.0789139886018 2.59815961155715 0.756456419341176 2.2658345224531 3.57671571705473 0.387864174605095 0.0354873409295117 0.0707332650986158 0.171965900449493 5.67552521282774 1.6300225942728 0.0856224384838752 0.949583655436472 6.5743712731814 0.652005401070312 1.10968460150482 1.14129901993549 5.50788871354579 2.56343135772154 4.03899884286522 1.05162231064144 1.41618625609055 0.445369044609277 1.26104527493326 4.24170517435864 3.31424065924937 0.289977630490733 1.50752608343265 0.991136247193978 0 0 0 0 0 0 0 0 0 0 0 0 0 0 0 0 0 0 0
3.13547710644457 1.55550540678533 0.966044551634268 3.19057591998456 1.29733085142726 0.954393604253703 1.60719750476493 2.88651247987886 1.75191050289083 2.46385737141612 3.36425854649787 1.14759971702826 1.71331204357377 0.917056020100411 1.15963042075038 3.28876149337746 2.3232598389132 0.442157086116325 0.184781914599584 1.44213307897566 0.489539424890349 7.51107907113539 0.00472044708855773 2.40806489219408 3.87225873232309 0.0813071454662164 0.237990544668134 3.16957454300316 0 0 0 0 0 0 0 0 0 0 0 0 0 0 0 0 0 0 0 0 0
0.801780595796 0.00825470617766498 1.31784165741205 1.5864011690883 2.41484725174069 1.95627056123018 0.794065407547879 0.862643728768029 0.432856056597096 1.39633206106564 3.49946750547441 0.857387606180026 3.93001600673563 4.4631023097022 2.97459126381603 0.686599512138486 0.208655035946308 1.21421689106178 0.339937537142399 2.91477001515686 3.05102290402009 4.06047190011501 9.66365971772217 1.56590186808154 2.44642968460523 0.953074587160704 0 0 0 0 0 0 0 0 0 0 0 0 0 0 0 0 0 0 0 0 0 0 0
0.745852814109206 0.508960170005957 6.68189223040323 0.128267418655398 1.59669936006035 0.370566788658817 0.967819243907562 1.76976962490287 5.45199103213348 0.306594038215927 0.782416488432249 0.479634620516567 3.60679493129301 0.403412356269752 1.62092043840652 1.55234412195643 0.75562580195721 5.3560211180639 1.03838728833499 1.56289851733463 3.67380929055953 3.29513054623885 1.71607588467279 3.62520365022518 0 0 0 0 0 0 0 0 0 0 0 0 0 0 0 0 0 0 0 0 0 0 0 0 0
1.84329882534641 3.13342909069581 5.43654088931987 0.92261464175847 0.44160989046146 0.39837932440853 10.31141006424 0.845513744911825 1.50489650877282 1.39219724438566 0.131753938930942 0.301156690752484 0.748733280234642 0.989719081352185 0.338652743455509 0.287588288501559 1.43222515884885 2.13715346204031 0.897549471670125 4.2632446450591 0.54865383697148 2.30393164515797 0 0 0 0 0 0 0 0 0 0 0 0 0 0 0 0 0 0 0 0 0 0 0 0 0 0 0
3.55722612996136 1.74684055195678 0.245160233763731 5.10343622831231 0.116871365647217 0.780656031971788 2.64032514802551 4.90400390818641 1.22830602100427 0.835379707016097 0.180042272057381 2.86080432159209 1.1219539875628 0.253638198814252 0.000978932885536969 0.918717997304638 2.05084404798211 5.54577504943686 1.42976928030616 0.556361213818285 0 0 0 0 0 0 0 0 0 0 0 0 0 0 0 0 0 0 0 0 0 0 0 0 0 0 0 0 0
0.817166856467194 1.39263856982474 4.79846966966129 0.124670663724995 0.952088443721487 0.524803954576657 0.486132228318818 0.117431628996866 1.39653072222179 2.20332642612039 0.016693835252617 3.90948218740997 0.684449758182202 0.0225528483883844 2.92224648551243 2.16604637559375 2.16860010450623 1.73256646399464 0 0 0 0 0 0 0 0 0 0 0 0 0 0 0 0 0 0 0 0 0 0 0 0 0 0 0 0 0 0 0
0.494244431901891 1.58756977792551 1.63607294399624 2.11930816985973 9.56625716346073 5.50783236167725 0.919949811101318 3.634154064631 0.673717339585447 1.01380299260928 1.0905064917048 1.46803240843711 0.689017085656718 1.96839097537374 1.78624471920539 3.20156388056813 0 0 0 0 0 0 0 0 0 0 0 0 0 0 0 0 0 0 0 0 0 0 0 0 0 0 0 0 0 0 0 0 0
4.87217390865547 0.617950542795417 2.86276370294496 5.41849705111871 1.59125055687284 0.147546060064279 0.216383687295364 0.189576230643124 1.92117320845396 4.71493297435356 3.45588352664927 0.796263462662288 2.84896999970885 2.94468173198455 0 0 0 0 0 0 0 0 0 0 0 0 0 0 0 0 0 0 0 0 0 0 0 0 0 0 0 0 0 0 0 0 0 0 0
0.384267442011679 0.229880639695703 2.38046589361053 1.08485083218148 9.98071722367481 7.76149597692817 0.866428131340866 3.84150174754638 2.09872683752352 0.357824694555033 0.963724372864961 6.60708147311722 0 0 0 0 0 0 0 0 0 0 0 0 0 0 0 0 0 0 0 0 0 0 0 0 0 0 0 0 0 0 0 0 0 0 0 0 0
4.50593964119884 1.4078572023617 0.14174056622112 2.13478013494211 5.41847218519125 1.87725107232932 1.79234086544609 2.44792819470876 0.0854558802587275 0.187262296047124 0 0 0 0 0 0 0 0 0 0 0 0 0 0 0 0 0 0 0 0 0 0 0 0 0 0 0 0 0 0 0 0 0 0 0 0 0 0 0
1.20435364651565 3.32827706141285 0.381301661331163 0.547659350833343 0.310366298612333 1.93874607823825 1.59305246239615 1.77704293754419 0 0 0 0 0 0 0 0 0 0 0 0 0 0 0 0 0 0 0 0 0 0 0 0 0 0 0 0 0 0 0 0 0 0 0 0 0 0 0 0 0
1.16877941834073 1.51082847012079 1.27943715086748 1.08074820528803 8.80110740445006 1.61962452707886 0 0 0 0 0 0 0 0 0 0 0 0 0 0 0 0 0 0 0 0 0 0 0 0 0 0 0 0 0 0 0 0 0 0 0 0 0 0 0 0 0 0 0
1.60438839534323 6.0360757318101 0.714635200764445 1.53252202216338 0 0 0 0 0 0 0 0 0 0 0 0 0 0 0 0 0 0 0 0 0 0 0 0 0 0 0 0 0 0 0 0 0 0 0 0 0 0 0 0 0 0 0 0 0
1.83744665971715 0.809118980544321 0 0 0 0 0 0 0 0 0 0 0 0 0 0 0 0 0 0 0 0 0 0 0 0 0 0 0 0 0 0 0 0 0 0 0 0 0 0 0 0 0 0 0 0 0 0 0
