4.20419212247746 0 0 0 0 0 0 0 0 0 0 0 0 0 0 0 0 0 0 0 0 0 0 0 0 0 0 0 0 0 0 0 0 0 0 0 0 0 0 0 0 0 0 0 0 0 0 0 0
1.75493792280321 1.80424038728761 0 0 0 0 0 0 0 0 0 0 0 0 0 0 0 0 0 0 0 0 0 0 0 0 0 0 0 0 0 0 0 0 0 0 0 0 0 0 0 0 0 0 0 0 0 0 0
3.15472968504041 5.99345190371002 0.00222530960043576 0 0 0 0 0 0 0 0 0 0 0 0 0 0 0 0 0 0 0 0 0 0 0 0 0 0 0 0 0 0 0 0 0 0 0 0 0 0 0 0 0 0 0 0 0 0
5.62110805420475 0.550492420624543 17.5596773674137 13.4413749904179 0 0 0 0 0 0 0 0 0 0 0 0 0 0 0 0 0 0 0 0 0 0 0 0 0 0 0 0 0 0 0 0 0 0 0 0 0 0 0 0 0 0 0 0 0
0.0351424558588973 0.89983124890181 2.05694021552033 2.08886010009676 0.64259994690179 0 0 0 0 0 0 0 0 0 0 0 0 0 0 0 0 0 0 0 0 0 0 0 0 0 0 0 0 0 0 0 0 0 0 0 0 0 0 0 0 0 0 0 0
1.05710557312836 2.27917805556368 5.05386164221322 2.14910357039143 0.0682956690263207 11.7473799720859 0 0 0 0 0 0 0 0 0 0 0 0 0 0 0 0 0 0 0 0 0 0 0 0 0 0 0 0 0 0 0 0 0 0 0 0 0 0 0 0 0 0 0
8.30496214496785 2.27108801574297 13.5527564718668 0.976815108211255 0.936764590283896 2.0617873435268 2.14130489251116 0 0 0 0 0 0 0 0 0 0 0 0 0 0 0 0 0 0 0 0 0 0 0 0 0 0 0 0 0 0 0 0 0 0 0 0 0 0 0 0 0 0
4.67230217906506 4.43836690054335 3.55226315399674 11.0667230589907 0.562772173402206 1.297253108103 5.7561492210108 6.0171218953113 0 0 0 0 0 0 0 0 0 0 0 0 0 0 0 0 0 0 0 0 0 0 0 0 0 0 0 0 0 0 0 0 0 0 0 0 0 0 0 0 0
2.98680930382449 1.46424814582227 3.88194859242465 3.45424594375824 0.0354222548233467 4.46794580344436 3.97489544225526 1.20962343252532 0.933705862556669 0 0 0 0 0 0 0 0 0 0 0 0 0 0 0 0 0 0 0 0 0 0 0 0 0 0 0 0 0 0 0 0 0 0 0 0 0 0 0 0
3.4041250278234 2.90223119451675 1.59087576368504 2.94875796630711 3.04207539428919 2.25006568082991 0.942009916607293 4.65161391082646 0.715271729015736 0.00577174910576521 0 0 0 0 0 0 0 0 0 0 0 0 0 0 0 0 0 0 0 0 0 0 0 0 0 0 0 0 0 0 0 0 0 0 0 0 0 0 0
2.73099096257561 3.09175370636497 0.888994699489232 3.55087410193056 0.867048732319513 0.315691692719723 2.80695945591458 2.30713684502635 0.737364963234225 0.927117368765132 3.48558485567184 0 0 0 0 0 0 0 0 0 0 0 0 0 0 0 0 0 0 0 0 0 0 0 0 0 0 0 0 0 0 0 0 0 0 0 0 0 0
1.97550197537025 3.07003132933074 6.26607792160494 4.29191454247721 3.18851166261695 0.764668719604471 2.12233290239319 0.675389853985028 4.54470139293518 1.50524401703652 1.85461023355947 0.280749399367346 0 0 0 0 0 0 0 0 0 0 0 0 0 0 0 0 0 0 0 0 0 0 0 0 0 0 0 0 0 0 0 0 0 0 0 0 0
3.6503470468168 4.61783656671976 3.78462486986221 0.0270884965918573 2.49133974535915 8.64498118522301 1.39907125943609 2.69261949201827 6.5098941831005 2.31435691056079 0.546107704975266 0.795516143400767 1.91407706643077 0 0 0 0 0 0 0 0 0 0 0 0 0 0 0 0 0 0 0 0 0 0 0 0 0 0 0 0 0 0 0 0 0 0 0 0
2.75240223193581 10.777808455716 0.546280833486362 2.91935789989689 4.07907905016782 0.408198762698702 1.51150857261886 0.826900790060461 1.09022151066687 2.17234417209409 3.3844438863231 1.65401712147972 3.19368090300292 2.64514274903171 0 0 0 0 0 0 0 0 0 0 0 0 0 0 0 0 0 0 0 0 0 0 0 0 0 0 0 0 0 0 0 0 0 0 0
0.285888935894559 0.670673277913637 3.74259762588734 2.71760999177817 2.18094876795388 0.302830071779084 3.62418237652807 3.45956839129553 1.7513316053995 0.481802152021814 0.835118172586502 2.23150702422743 2.53556597629999 6.43774442941758 3.50143022838035 0 0 0 0 0 0 0 0 0 0 0 0 0 0 0 0 0 0 0 0 0 0 0 0 0 0 0 0 0 0 0 0 0 0
1.73062164776146 1.61413221118232 1.06731026117363 2.46331240655137 0.623336655178551 1.81571575216076 2.23427941057478 1.23098389355432 1.5505097156563 2.37511823020004 0.524848043688693 3.70430990172132 4.18768879627494 0.0485413570980267 1.41407262628707 0.183048435687698 0 0 0 0 0 0 0 0 0 0 0 0 0 0 0 0 0 0 0 0 0 0 0 0 0 0 0 0 0 0 0 0 0
6.0699776228095 2.22359339726207 2.362883337847 4.20194914513726 2.46623894780598 1.23975382020031 2.3254380654346 0.0403644472333104 0.366545985378041 1.03772910040307 0.327752130022502 2.41367861732789 3.34040203356716 1.11275629343708 3.57921886626381 1.89805626909141 0.964485776248171 0 0 0 0 0 0 0 0 0 0 0 0 0 0 0 0 0 0 0 0 0 0 0 0 0 0 0 0 0 0 0 0
2.56586038157161 2.93074775024316 1.09377220346438 0.893574264949053 1.25120285097409 0.27445367036661 2.71783733321659 0.398038600524979 3.76442146213379 0.285837024734108 9.33076683824402 0.881711124361806 0.750450039254441 3.74189932283486 5.28077618221664 2.09816394856689 4.61411983422549 6.11696078839467 0 0 0 0 0 0 0 0 0 0 0 0 0 0 0 0 0 0 0 0 0 0 0 0 0 0 0 0 0 0 0
0.510787584252698 1.19952840523245 0.140500838020338 2.75379594608002 0.507533496975701 0.906696082931921 2.45401959613187 6.76961937435209 1.38172202232816 2.24686652960259 0.13642968765457 3.92873213447045 1.74498174546663 4.96170381483216 1.55693327502044 1.75747795966184 2.07435675718388 1.41402657330528 4.15956381289325 0 0 0 0 0 0 0 0 0 0 0 0 0 0 0 0 0 0 0 0 0 0 0 0 0 0 0 0 0 0
0.461206008341687 3.47298219990891 0.570519615179301 1.10304999201441 1.24723982445427 0.00600710578831622 2.48935245189179 5.02248795360868 1.36471838271662 1.13829646791674 1.07702916782366 3.00090690727301 2.31214514024508 1.25239899483202 3.24079771627815 0.838683257861469 1.45115821981595 1.29952812079553 2.03070217784197 1.78732497751635 0 0 0 0 0 0 0 0 0 0 0 0 0 0 0 0 0 0 0 0 0 0 0 0 0 0 0 0 0
1.4276285349991 7.81942152931863 0.254969300642801 3.82603048213533 1.44206667063464 1.98845751718571 0.52786981404448 1.07849600061151 1.6789187159377 1.94296529620525 0.181609040422659 0.196839813125909 1.29980780579371 2.10341842714409 8.44629575726858 0.448592455363497 1.71724403583669 0.489278832837405 0.0738244496779985 7.80717253431545 1.45066229283464 0 0 0 0 0 0 0 0 0 0 0 0 0 0 0 0 0 0 0 0 0 0 0 0 0 0 0 0
6.45228460962527 2.73333745244938 1.47965140661756 0.0450884396885716 0.561781576464445 0.996263815569873 0.690546269603325 2.27177688780043 5.51268059347788 1.11549181635044 0.366721069031584 1.74678149216424 4.11609077354837 5.87418733406803 11.0891160024938 0.432462101807606 1.12679133488187 3.71061486901336 5.82009446252311 0.0451546611022932 3.05269077643325 1.53367429502843 0 0 0 0 0 0 0 0 0 0 0 0 0 0 0 0 0 0 0 0 0 0 0 0 0 0 0
0.485516503306647 1.85323649123281 1.53396037851075 0.485644211575591 4.34156072390963 4.92836071992235 0.173182728270984 1.69458685700757 0.939597907981039 2.69450765676951 3.00625561249744 3.0944583627126 4.7082647404052 5.37119822575564 3.27363869414862 1.49832801153792 0.727693264738074 1.15866582223232 1.50031271466107 2.93665414339815 4.58061356312421 0.489594636026134 1.04939861976958 0 0 0 0 0 0 0 0 0 0 0 0 0 0 0 0 0 0 0 0 0 0 0 0 0 0
3.88897943565435 5.33872732043618 0.710887061176271 0.0645568156877365 0.0338246026199376 0.641450917925665 1.74432134305713 1.28665879828362 2.18797571063867 0.692551446082603 0.315518612376734 0.720163403643851 0.140254348097233 1.75604060803134 2.09174893600711 1.08361606675649 0.0497001310256771 0.00476559435870717 0.432593577156504 0.5032847373194 2.53029628598923 5.25557396323156 0.603646971350458 2.6810263155437 0 0 0 0 0 0 0 0 0 0 0 0 0 0 0 0 0 0 0 0 0 0 0 0 0
0.0213821300144693 5.18666544797317 0.87642571244193 0.0181030779790533 5.44202614115377 3.78133977166198 1.28572530139605 3.04618001913937 2.52526472332603 0.75445816827694 4.01525676849177 5.30224781123569 1.79037820792732 1.08148532008383 7.36508221229998 0.424884183014924 3.79126368989926 1.22842475143353 1.31850583011498 1.76526851858042 0.918292294204899 2.56503703033151 0.0769673935358837 1.76757449549379 1.43223917539577 0 0 0 0 0 0 0 0 0 0 0 0 0 0 0 0 0 0 0 0 0 0 0 0
1.07083653932718 0.361038471827226 0.258348536354622 2.3377334483948 1.34939451136333 2.5690340205207 1.96672057108815 0.303318810572794 3.0014214719926 1.79482636943417 1.03220018640908 0.308026959151946 2.78550989263215 0.0881567339337632 0.273525399452455 1.31204240363908 6.41800764444974 1.01362228122413 2.4442789950349 6.4707181181473 2.81206872965585 6.71755088979759 3.93594148791679 0.321616468084507 1.47515474015306 0.442116900099407 0 0 0 0 0 0 0 0 0 0 0 0 0 0 0 0 0 0 0 0 0 0 0
1.03549092664725 1.36326774332615 0.445103386375118 1.75719871194168 3.33479784530363 5.31222437511943 1.99226749355174 2.12031025780069 0.0822753704497615 4.33745828719682 1.65649563681427 0.746934403176157 2.84167564124943 4.35547948096775 0.653353543298093 5.48658486756348 0.0632018315004834 1.52622701969712 1.79218393714731 0.819396438262412 0.334463892170324 0.3266387029581 0.323626372676407 2.64545874971484 1.74914293657499 0.582597717221729 0.138576612996248 0 0 0 0 0 0 0 0 0 0 0 0 0 0 0 0 0 0 0 0 0 0
3.10607296569625 1.27279238938313 2.09367575270625 1.11357275740044 0.208345508444293 1.17718382429723 3.21435660205247 3.748252829036 2.15768677463633 0.128606300460834 2.81763149419361 1.06742818955989 7.29805958762088 5.27921441537043 8.16380741516633 0.778853438662984 1.04946242079729 4.91154589745931 0.175169789100588 1.20607366104315 0.145925710022066 1.64931921724476 0.643328293200522 1.70203337337013 0.510975959699991 2.3106978087301 1.60445867925989 3.6829338752485 0 0 0 0 0 0 0 0 0 0 0 0 0 0 0 0 0 0 0 0 0
0.482759916780354 0.883662920504715 0.150503572849163 0.223006687073189 1.09844793047806 5.18688606733189 6.82294101857413 4.05510836430075 0.701780184698828 1.3981972640262 0.645856493542655 1.59401518443653 3.5902726552146 3.07145846049002 3.72083426517531 0.13923121631158 0.295524020483614 0.643351167183334 2.65028533291501 0.374616858121722 2.26494154972868 4.33395058327472 0.243507237121636 4.13954702695203 2.29564205603093 1.12944387102636 1.2954264949984 1.33069340498671 0.324951822459098 0 0 0 0 0 0 0 0 0 0 0 0 0 0 0 0 0 0 0 0
0.809588261876458 5.04615184515076 0.760525096549276 2.4139898162772 1.39052750354699 3.43830178570288 0.500887779216787 1.9841517974196 0.0214564207657984 4.45067375442085 5.63953984431384 2.10918174532342 2.64261689847393 0.114708730063285 0.45822189969133 0.569713784503142 0.666755327990386 3.58107086607318 6.71254237011555 2.27795397868191 3.99290307557421 6.46323268726395 0.0357367423524122 3.695151479951 8.6220856354759 1.47747996654805 3.28746255081903 0.81164710426877 2.54842648021904 1.79809840392059 0 0 0 0 0 0 0 0 0 0 0 0 0 0 0 0 0 0 0
0.381838242710538 6.9658041977896 3.9425958262173 12.9639661853179 0.440075303999636 8.28576978841984 0.0143225024434474 0.0761996644722579 0.517998195324621 2.44989739241263 6.04542384516845 4.26355186454851 1.14249684966263 2.14821248927794 1.46158636216976 2.00077956805392 0.842296908082775 0.0658145553762079 0.0694825196278242 6.69417741116031 2.07480903784142 3.20644621789661 0.0743031954012654 0.0410008611401519 1.2075955277212 2.52655418218419 0.764414941954949 0.159737092936761 0.819906864899348 0.563980988399856 1.14731768911646 0 0 0 0 0 0 0 0 0 0 0 0 0 0 0 0 0 0
0.0843041165904531 2.76408463321461 9.53781999713479 1.42386784538918 3.6439456803662 1.59256857218909 3.05864935233857 2.78727351331051 7.9086495411107 5.61906790209741 3.237386012351 3.04133180943627 0.141266029780254 0.841260765258641 0.711279577325949 0.178792615306194 2.84542663247425 1.43575074879673 2.75949354484383 1.83189781038846 0.878110786703688 0.686947286553146 1.97537632909335 0.731660714520176 0.0908213977594657 3.24834843283581 2.42909474165817 4.60540793246548 0.429110211199946 1.6087668307876 3.2683881565876 0.0827145102103946 0 0 0 0 0 0 0 0 0 0 0 0 0 0 0 0 0
1.57104234004748 3.82296521985389 3.0502554998281 5.31069516540918 2.17659056695408 2.0036560515138 1.79122253775817 0.97669263409782 1.47821971142854 4.26239061486085 4.52617044129222 0.930657683703268 0.799147334460994 1.66208731076036 0.255839820874904 7.30323396560787 2.785258491165 5.48195716372074 3.68106993718971 0.739250011014633 6.04087584819343 0.147640104262184 1.50571989235662 2.44551078484365 1.42916590800176 0.438646428634355 1.04498080860435 1.26653114435222 0.607368675971057 1.14735980875521 4.66467489090609 1.69555848127304 2.7044173098542 0 0 0 0 0 0 0 0 0 0 0 0 0 0 0 0
7.0740968959768 6.20560279193147 8.47124319788026 0.15562774169122 0.469078689668663 1.73896680386737 6.07419171878622 12.7172969439699 1.1330555788399 1.35882212366388 1.84313044449542 1.69181339585634 0.344173406572303 0.489914567608173 2.29381095396464 0.00499216428015949 7.04099152901049 0.398377673203191 2.48593879661602 0.552809438991948 0.377220935232741 1.80434749602254 5.92757838940166 0.54079998644834 2.27625065811709 0.816457268725423 0.459083270323386 4.51939924463702 7.8267499143131 0.295275231703074 8.08720753720776 0.198551588313247 0 0 0 0 0 0 0 0 0 0 0 0 0 0 0 0 0
5.66732812369988 2.80511678197567 1.56266769832393 3.31132640493652 0.135044641611455 3.1304979630086 2.33769563292983 5.24522766941716 2.01775865945134 0.748909227929481 1.50964529992732 1.00158485259723 1.65454879396681 4.03415615121374 0.28487049507785 3.80025484601969 0.962325281958054 8.85896085190972 0.0420790819161168 1.65726062935359 0.625376696475845 3.76221028513162 3.38151809712368 0.436526838349785 1.5344360593554 1.93114561204164 10.6388761302805 2.97634144597511 4.80339330760942 0.727870271105689 0 0 0 0 0 0 0 0 0 0 0 0 0 0 0 0 0 0 0
14.9375723792629 2.65683903238914 1.07771687487027 1.9495809274901 4.40798302927477 9.17839786888659 0.881999294384506 3.50516803299798 3.48821421865973 0.577383671540069 3.4238001763064 2.75396660480737 5.00416299693623 0.540094227022879 3.08396758482888 1.31220060202579 3.45560656102382 0.417672363786765 0.498814638861295 0.90932071093808 6.68470205068755 1.08997468480593 0.86282371717286 1.80649211165751 0.639511815062082 0.484067270478335 0.724983332475612 6.94251286939292 0 0 0 0 0 0 0 0 0 0 0 0 0 0 0 0 0 0 0 0 0
0.0637424361392227 2.69622410240972 2.22772717724986 1.69010085430567 0.609912799075571 3.67223786181048 3.37380073662991 0.211089160492914 1.58044935299191 3.82394603767062 1.45278924293389 6.31080496136881 2.59920178352558 1.52883121945185 0.721641981732025 0.40386876725763 0.592578601899901 5.08865000450244 0.451454572606968 1.85640604165303 3.65303920441328 4.26030805770879 3.4498143511161 1.16911369491784 1.53227429785538 3.27139037211434 0 0 0 0 0 0 0 0 0 0 0 0 0 0 0 0 0 0 0 0 0 0 0
0.405462818107718 0.0549603558406515 0.415361526424958 1.75101412409366 0.516603970702104 0.205163231121495 3.44715526691767 3.0536777615032 1.75842296601809 2.47195659910792 2.87615693338289 0.681002259026214 0.980262971402033 1.76520514815218 6.90921602595906 1.24209091824129 0.235713144203405 3.08585313615829 0.950094168132446 0.248974591774103 1.39839852457683 1.03433674570748 1.30733192503304 1.43530443961343 0 0 0 0 0 0 0 0 0 0 0 0 0 0 0 0 0 0 0 0 0 0 0 0 0
0.159636980340879 2.98187940623762 4.40358389859199 2.83393067739218 0.611157489188681 0.3561847068764 1.35707992890901 0.862206327023737 0.406588888135825 0.694796665932945 2.97838045725693 1.12565565523224 4.70173116076302 1.56128438822814 0.405840918148158 0.00878866319838662 1.21304142792409 2.28664827359964 0.463376262784103 0.913233319223397 5.92458172744691 2.75037614762092 0 0 0 0 0 0 0 0 0 0 0 0 0 0 0 0 0 0 0 0 0 0 0 0 0 0 0
1.47606377951672 4.99365564120599 2.3882336534793 0.635256777617779 5.37616460681967 1.30777671783495 0.612752680108369 9.54400475218324 0.804566040209479 2.10994960573274 0.068482374492807 2.11655147920137 0.129737964853619 0.0353118298881079 2.73069155917612 0.555572404052405 2.14697473542177 0.302668407800046 10.507207337265 2.39077921336446 0 0 0 0 0 0 0 0 0 0 0 0 0 0 0 0 0 0 0 0 0 0 0 0 0 0 0 0 0
3.26923297679657 1.86757171549825 0.487393857851095 0.619740316327846 0.913291022266258 1.51870390972937 0.264713938670289 4.27277736529968 2.11058561418464 2.76295987118681 0.240029719094011 2.53050214741566 2.34115439368513 2.65739194335528 1.18705553324851 4.05036353936216 8.74809840645668 1.60483980699326 0 0 0 0 0 0 0 0 0 0 0 0 0 0 0 0 0 0 0 0 0 0 0 0 0 0 0 0 0 0 0
1.67596827837651 0.422107081721283 4.22231541332307 1.84456368308436 0.350474932956983 0.422692901737566 9.60175827769863 0.318088316969849 6.31210533492742 1.35352754112058 2.19500710755935 0.776524490884169 0.907826900189654 2.05933873819172 1.02216188514591 0.0446987302875585 0 0 0 0 0 0 0 0 0 0 0 0 0 0 0 0 0 0 0 0 0 0 0 0 0 0 0 0 0 0 0 0 0
2.40900446474541 0.685378722805378 0.329285967499757 0.358513514778074 0.464560912438521 5.27385018172283 3.90929941895174 0.532885418501913 1.29485974961212 3.22358084615139 1.70261320177845 3.6461895458142 2.90956549718186 6.88666116290266 0 0 0 0 0 0 0 0 0 0 0 0 0 0 0 0 0 0 0 0 0 0 0 0 0 0 0 0 0 0 0 0 0 0 0
0.141102734771058 0.437325835769052 0.0727914426950743 0.306229570170651 0.979610065760446 0.303731724741224 1.23359892460415 3.11639788820138 0.200311896235615 4.32559977468781 0.258814239642414 3.53650875223232 0 0 0 0 0 0 0 0 0 0 0 0 0 0 0 0 0 0 0 0 0 0 0 0 0 0 0 0 0 0 0 0 0 0 0 0 0
3.49048895308126 1.24950301400541 0.118101354315338 0.0838979906772764 0.526781231504299 1.6833012255463 0.739846056980651 2.53710783200849 0.241401182264822 0.22246205041489 0 0 0 0 0 0 0 0 0 0 0 0 0 0 0 0 0 0 0 0 0 0 0 0 0 0 0 0 0 0 0 0 0 0 0 0 0 0 0
0.768636113647764 0.303991721141269 0.151887769191389 0.338503008140564 0.692954177417865 2.92395589681556 3.05936557205088 3.93205510881173 0 0 0 0 0 0 0 0 0 0 0 0 0 0 0 0 0 0 0 0 0 0 0 0 0 0 0 0 0 0 0 0 0 0 0 0 0 0 0 0 0
1.42996340628011 0.924540549509514 1.01384710493261 3.94148298252793 7.75888598619838 0.151624850118935 0 0 0 0 0 0 0 0 0 0 0 0 0 0 0 0 0 0 0 0 0 0 0 0 0 0 0 0 0 0 0 0 0 0 0 0 0 0 0 0 0 0 0
0.601954258210072 0.155488005105086 3.44157782624364 2.08403947156164 0 0 0 0 0 0 0 0 0 0 0 0 0 0 0 0 0 0 0 0 0 0 0 0 0 0 0 0 0 0 0 0 0 0 0 0 0 0 0 0 0 0 0 0 0
0.141930197773945 0.954204840775968 0 0 0 0 0 0 0 0 0 0 0 0 0 0 0 0 0 0 0 0 0 0 0 0 0 0 0 0 0 0 0 0 0 0 0 0 0 0 0 0 0 0 0 0 0 0 0
