2.63402377183268 0 0 0 0 0 0 0 0 0 0 0 0 0 0 0 0 0 0 0 0 0 0 0 0 0 0 0 0 0 0 0 0 0 0 0 0 0 0 0 0 0 0 0 0 0 0 0 0
0.61847294642667 1.22965363949819 0 0 0 0 0 0 0 0 0 0 0 0 0 0 0 0 0 0 0 0 0 0 0 0 0 0 0 0 0 0 0 0 0 0 0 0 0 0 0 0 0 0 0 0 0 0 0
1.37245334197307 1.95120783020967 1.54179007535905 0 0 0 0 0 0 0 0 0 0 0 0 0 0 0 0 0 0 0 0 0 0 0 0 0 0 0 0 0 0 0 0 0 0 0 0 0 0 0 0 0 0 0 0 0 0
9.64333556211496 0.284301177239327 4.81793315302649 0.0228033062322437 0 0 0 0 0 0 0 0 0 0 0 0 0 0 0 0 0 0 0 0 0 0 0 0 0 0 0 0 0 0 0 0 0 0 0 0 0 0 0 0 0 0 0 0 0
3.17420993878006 1.69128826350143 2.08134138940868 6.96704182101012 3.78727948039642 0 0 0 0 0 0 0 0 0 0 0 0 0 0 0 0 0 0 0 0 0 0 0 0 0 0 0 0 0 0 0 0 0 0 0 0 0 0 0 0 0 0 0 0
0.793259239057867 3.03927859357323 2.08719096939624 6.59775345181604 9.6362315382531 0.903565844065707 0 0 0 0 0 0 0 0 0 0 0 0 0 0 0 0 0 0 0 0 0 0 0 0 0 0 0 0 0 0 0 0 0 0 0 0 0 0 0 0 0 0 0
0.331993075709997 0.43723009932779 0.872768681044695 1.95695627855129 4.4704627343239 2.20964490165386 2.42140545631095 0 0 0 0 0 0 0 0 0 0 0 0 0 0 0 0 0 0 0 0 0 0 0 0 0 0 0 0 0 0 0 0 0 0 0 0 0 0 0 0 0 0
1.09024119102361 1.00304212077781 0.410172268047798 0.0683805268815962 1.46552473463408 5.0933155916058 2.24923593757238 5.53572616129609 0 0 0 0 0 0 0 0 0 0 0 0 0 0 0 0 0 0 0 0 0 0 0 0 0 0 0 0 0 0 0 0 0 0 0 0 0 0 0 0 0
2.10890893161387 1.468740405173 3.79061535981513 0.255849229199488 2.02375577627674 2.01408253890452 3.30394892607114 2.04776238433066 11.9339420300159 0 0 0 0 0 0 0 0 0 0 0 0 0 0 0 0 0 0 0 0 0 0 0 0 0 0 0 0 0 0 0 0 0 0 0 0 0 0 0 0
1.63854209818627 3.47776690976806 3.78736036695548 4.63910526261798 4.60550367343591 2.01559156511965 0.0355053859135021 4.88564843938007 1.47062876650088 0.726386310781468 0 0 0 0 0 0 0 0 0 0 0 0 0 0 0 0 0 0 0 0 0 0 0 0 0 0 0 0 0 0 0 0 0 0 0 0 0 0 0
3.26777033776375 1.89443075773663 2.90334241167902 7.00909673180187 1.3153626635776 0.837049914149185 3.31307989077819 0.111368919275498 0.550267770043125 0.766314900691142 4.13521397622017 0 0 0 0 0 0 0 0 0 0 0 0 0 0 0 0 0 0 0 0 0 0 0 0 0 0 0 0 0 0 0 0 0 0 0 0 0 0
0.434898608859474 7.86926614582374 4.66135405518263 1.18192494394157 2.00848156307599 2.7327638763754 0.728092328262125 0.95870670796233 1.66263715830217 1.99699535420198 2.84644239435037 1.41238795679987 0 0 0 0 0 0 0 0 0 0 0 0 0 0 0 0 0 0 0 0 0 0 0 0 0 0 0 0 0 0 0 0 0 0 0 0 0
1.09293428186081 0.55704786784668 4.05845469294122 0.673540712425855 2.70530170954663 0.21227996592877 0.878923257883998 3.09396233988472 6.52700678623913 0.368384557752775 2.64972455720408 0.583144076852796 1.15998369814536 0 0 0 0 0 0 0 0 0 0 0 0 0 0 0 0 0 0 0 0 0 0 0 0 0 0 0 0 0 0 0 0 0 0 0 0
0.890716683249212 0.374310872141626 2.9060428674587 5.46507709857913 0.192891510359867 0.0356322619280161 0.870485564210102 3.11309995914048 1.62930531300443 2.9678171460093 0.269615070085832 0.207442564212512 0.550040230770829 3.13914586205086 0 0 0 0 0 0 0 0 0 0 0 0 0 0 0 0 0 0 0 0 0 0 0 0 0 0 0 0 0 0 0 0 0 0 0
1.83651750582239 2.64223607140364 0.207420189033508 1.54287258585674 2.33043391019566 0.6376484656118 2.41187666704201 0.973891529302952 0.00136131350501211 2.9802670235069 0.785241619077662 2.20484204616908 5.98787507291372 0.179675097815532 0.47111451480189 0 0 0 0 0 0 0 0 0 0 0 0 0 0 0 0 0 0 0 0 0 0 0 0 0 0 0 0 0 0 0 0 0 0
2.83394312668595 0.716321367128218 0.575463290285223 0.0985545387132676 4.72274777910939 4.35666791601502 3.3495088497345 6.55214782660484 1.00236769812706 3.747141767904 2.45050737151035 1.0735993910849 3.4233455099662 0.180524182553571 3.60578026716243 0.896096772813649 0 0 0 0 0 0 0 0 0 0 0 0 0 0 0 0 0 0 0 0 0 0 0 0 0 0 0 0 0 0 0 0 0
0.278689963387596 4.16264288884414 0.637299237173695 2.06014807008414 0.130488742387773 4.61332566020474 1.03569316270732 0.58875641833184 3.30496749359177 1.33783536647724 0.77719968284657 0.868305875767482 1.24828781751635 1.95657545699256 0.310711821701579 1.79531058816041 3.05731994500121 0 0 0 0 0 0 0 0 0 0 0 0 0 0 0 0 0 0 0 0 0 0 0 0 0 0 0 0 0 0 0 0
2.46835687981419 0.854437976009217 3.12230854404655 1.29576111963015 2.89941750838906 3.47322944148546 2.07813296110668 15.1309308698347 4.35198165906959 0.946524752224795 5.48048665640137 0.36347801270641 9.20927512709356 1.26999548325474 3.84767998531613 2.90564432277162 2.7989359332723 3.75789709979088 0 0 0 0 0 0 0 0 0 0 0 0 0 0 0 0 0 0 0 0 0 0 0 0 0 0 0 0 0 0 0
2.76402421121919 1.13795908613648 0.0827673373223383 0.0689179222520717 4.51274648347316 0.312142070903457 1.6666874394421 1.32784007526672 0.281506434705466 0.564750456820101 0.220297354310998 0.100129010494269 1.48459668117654 3.35753302701762 0.297352254110637 1.31978891271538 3.34392425236182 4.27066837970755 2.53096322257758 0 0 0 0 0 0 0 0 0 0 0 0 0 0 0 0 0 0 0 0 0 0 0 0 0 0 0 0 0 0
2.99357931220489 0.802324752603224 3.23476139673005 0.307750737609648 1.73609351694593 2.24558011957209 4.96464533514897 1.9377379488044 2.10089912556936 0.781365801004646 0.605867163500469 1.66551966334486 8.31802687949909 2.24215208323129 3.23549122059114 4.48536868976018 0.663803610425335 0.823838958517687 3.7736359808465 0.902489281717547 0 0 0 0 0 0 0 0 0 0 0 0 0 0 0 0 0 0 0 0 0 0 0 0 0 0 0 0 0
0.623582646373675 0.214595177456986 2.31773041412569 0.370017914893043 3.32360950326352 4.33216833875878 1.70069202923044 2.53851335030785 1.96120425766331 2.47553434039227 0.404760309659494 3.76802213820449 0.765909898732172 1.080649404523 2.63678431333266 1.61246664022372 1.06324965909427 0.10451661591002 1.69412494710848 3.48369730025116 1.6682511494462 0 0 0 0 0 0 0 0 0 0 0 0 0 0 0 0 0 0 0 0 0 0 0 0 0 0 0 0
1.16229382619705 1.63321279464386 3.49225293868936 9.97574421127854 8.56107865098003 0.293262869489908 4.35559816488503 1.17899469343184 2.97321640995467 1.09527764120318 0.821553123085276 1.93382773069624 1.65790129330297 5.63935352135896 0.0509225166679181 1.61250067600715 6.31020929872352 3.01351796413947 0.329423813797686 0.380796350851428 0.579358162809989 0.312355923870428 0 0 0 0 0 0 0 0 0 0 0 0 0 0 0 0 0 0 0 0 0 0 0 0 0 0 0
2.60859031421739 1.05143981230977 0.0133065837615428 1.51803400589369 2.41763841189883 9.65255178577708 1.41437790183428 3.6968737888891 0.485353578465156 1.2575973370668 1.4070615279483 0.946768795390064 3.59884321389562 3.00591606494956 0.389657500405847 3.68867499569339 0.688991077682699 3.58777250006605 0.614925338637257 2.29719233023283 1.18208257862695 1.22146214640335 0.445008237209815 0 0 0 0 0 0 0 0 0 0 0 0 0 0 0 0 0 0 0 0 0 0 0 0 0 0
0.295548875130928 2.20176518876989 4.06897583675537 2.17882648160996 8.83677276401399 0.463403810655652 0.346005857136819 3.44704024740053 1.75264538404258 0.934642032451804 1.43620976619588 3.10403876097107 0.0332283144786085 2.98287565721088 0.419639758215103 3.2096573663326 0.340095085923293 3.09402235925193 1.74115737453888 1.44771787835839 0.312365909235776 0.312494171880345 7.1136137313758 0.707416209890201 0 0 0 0 0 0 0 0 0 0 0 0 0 0 0 0 0 0 0 0 0 0 0 0 0
3.28290768609907 0.704335591482151 3.24492760321007 1.36347084303287 0.645937120702233 0.603332839720085 0.253176726755295 6.3951993571007 7.62111749539787 0.793062507594621 1.52508227787794 3.78910030092192 1.97090806422142 4.88240657305005 0.671330978526875 5.74727772066041 2.93778094932757 1.78808922513436 0.916275343668718 2.22153401976171 1.79217756768721 0.0476695973877796 3.56643832005884 3.12309422122376 0.549526769427064 0 0 0 0 0 0 0 0 0 0 0 0 0 0 0 0 0 0 0 0 0 0 0 0
6.6133885261877 0.218592242453639 0.97435866391566 2.54551581663833 10.8050927105709 2.34836060968542 2.02739643006761 0.0504317951817218 3.02104781055291 0.956644263660275 1.10374111460454 0.165510076360261 8.90034223340796 3.31041555845091 3.38279699102724 0.201911173654104 2.45849587363968 0.0475780763656791 0.562000072227871 1.02155881170025 0.221892498078077 1.17115015262158 0.628856151068649 2.37261675065909 0.811558158194526 1.27940482935496 0 0 0 0 0 0 0 0 0 0 0 0 0 0 0 0 0 0 0 0 0 0 0
1.45841229657456 6.28189692529709 3.0553964589017 7.67336105247008 3.26661840801822 4.10924086911499 0.612715636360982 2.80852577706981 3.04078612280368 0.511222474561066 0.214952372202049 0.863556858602214 0.831688557204481 0.338068710433917 1.97598951161777 1.10916694481877 2.51819269212161 0.704376800305068 0.642260534337991 6.57841865635077 0.108710063112989 0.300830237124703 3.40274005640789 0.44237584154256 4.10294463847452 1.69117575497518 0.673975177847933 0 0 0 0 0 0 0 0 0 0 0 0 0 0 0 0 0 0 0 0 0 0
3.51235548731625 1.61565930921704 0.699058056622778 3.87917118877474 0.669218551663702 3.43014656880471 0.668007223633889 1.35618859179299 0.383521086863876 1.13015414500202 3.51238457850791 1.37341219500432 1.26925357285672 6.47784761610415 1.06187301666938 1.24893469885006 0.5355554744192 0.942773066504133 3.19397745289522 0.373183647542621 0.896559802295455 0.030904784041936 1.99449649025328 1.2539273458465 0.494869043849171 0.389367921381572 4.31009655233612 3.95355872395187 0 0 0 0 0 0 0 0 0 0 0 0 0 0 0 0 0 0 0 0 0
0.534799654972991 0.73037564168932 1.16651307945056 0.179842916373242 0.474979483255261 1.88345561105747 0.755750829341799 0.502075500741471 0.824679911008165 0.019329808145713 8.01372827019565 1.51438592681529 4.23996364267026 1.88110896560881 2.13872372706973 1.64951482859654 0.268576726998421 2.21443317550612 0.260895075830298 1.05601765251743 0.448590280248188 0.0883937254722244 4.93032007116188 6.83122561530309 0.295360917220598 0.763312435881296 1.65109610203184 0.0385770761017399 1.90490516858754 0 0 0 0 0 0 0 0 0 0 0 0 0 0 0 0 0 0 0 0
0.495789634045961 0.7572422020589 1.64380431826284 3.27669731163508 5.00478093314991 4.6540698857369 1.09945065601776 4.17633788468555 3.8762461492123 6.76224123395752 12.845652253104 0.546774080722287 0.1225050826527 2.12350773412129 0.266352021984728 1.16966911006466 0.708023578233782 6.17587464698752 0.440820009880367 5.01935101203441 2.12922003931538 2.94983861357547 1.10400048476178 0.171246023903959 4.26665499714657 1.14087168943338 2.18183441086054 1.03498580220022 3.6031628993846 2.85864223184438 0 0 0 0 0 0 0 0 0 0 0 0 0 0 0 0 0 0 0
1.13726630699297 4.87486018237888 1.72054295204833 0.166012538044292 2.22342478762716 0.493623217575021 3.19035283825513 4.99603442522482 0.597557352304188 0.681449530567372 0.428542568634683 0.563204740746114 3.97805665597419 1.42479987579422 0.149442080099363 0.638806963050759 1.9187704822673 0.250711123693628 1.83876577059686 0.42410904930694 1.94070762593633 5.52355003629394 0.0244102875914548 0.51010419614063 1.36471520934456 0.151419507500378 0.853202519700205 1.19797196165128 1.31474405362171 1.26719516725492 1.37740053409111 0 0 0 0 0 0 0 0 0 0 0 0 0 0 0 0 0 0
0.791880153855717 6.8280678344152 1.14019625579577 2.89567189757972 2.72484099873473 5.04331762055644 2.78603174329655 4.54230155751659 1.41703268813509 6.33217954273525 0.835890295774593 1.13300662705021 0.479689984018704 0.519784379227343 4.52731611159019 1.16034374673265 1.16107384567184 0.0890427206624727 5.83691278060911 0.3553719504821 1.66166092550142 0.164810243879303 0.649850384888144 0.647428452453294 1.97628994466733 2.18443652104318 3.77949588404778 0.266336312060945 5.19348475111615 0.672912793287883 12.35390215388 0.559456651566202 0 0 0 0 0 0 0 0 0 0 0 0 0 0 0 0 0
2.63731070803425 1.8940665800724 1.8582294456863 0.940168085817857 1.22090556336742 2.10234179001348 1.11763578795287 0.630498969041909 0.876882917225919 2.30313134653494 3.72061317612065 1.29464893125807 0.134017791416559 6.90254170525259 3.06932596366093 4.8497559104176 1.45913080132952 0.0587152699722824 1.8317241898534 0.679012366466341 0.0823144398153754 2.79198094379131 5.22231137579852 6.55959425777377 2.37460535434869 0.0257149556312921 0.135925353298986 1.84944191695593 0.690222429841112 3.13853208155756 2.66920252132441 0.254891887945271 1.71468104428072 0 0 0 0 0 0 0 0 0 0 0 0 0 0 0 0
0.0156577605478353 3.01945873322245 0.131828472259214 1.99976072150063 0.33970912657945 0.413287871223662 0.435608976125283 0.74526731620756 0.108983590994836 2.06437374387543 0.969897706099562 0.264391861443294 5.374368432274 1.50704036911185 0.959206868931417 5.72987980726679 3.40505605676328 2.50238293180521 3.20072321903349 0.670369485253386 0.0355077367101742 4.48748516729178 0.606392492429237 2.93515639462822 1.17342128693564 0.266241654944607 1.09777198622042 2.49369006833478 0.121591273202121 1.78938546650028 5.36973335058103 4.59581048412406 0 0 0 0 0 0 0 0 0 0 0 0 0 0 0 0 0
2.06290367218868 2.17950677190084 1.35405388859373 0.597122484622301 1.6197055958753 3.32573882694299 1.59701674620718 1.31122529057352 3.83350020438396 1.35762645931014 0.0631508377559463 0.850469818738657 3.1097160911732 5.88945968014577 3.28218173371061 1.84220705793031 1.12390829359865 2.79605217617117 4.02872413207932 0.0481491545983842 7.21213094378001 3.33843234497017 1.42615333112802 0.15112265427905 0.516417932772216 2.93730081880508 7.62185165522255 1.07967943789132 10.4327868179006 0.179687729870795 0 0 0 0 0 0 0 0 0 0 0 0 0 0 0 0 0 0 0
0.757537027407452 3.36136556731377 1.09753878120621 2.29377169840875 5.7864447648492 1.76217443219126 1.51825820880335 0.617711749080651 1.21020065886226 0.045224956370983 1.25604049072964 0.472775280591985 1.82352378791007 3.95277205389978 0.895008605060409 1.888404594324 0.156754807260908 0.570526046937626 0.360203579083074 2.67813058460645 3.00956153101102 1.13438324441795 1.87049591029945 0.748885381493151 0.880998850899093 2.99943528544646 2.5793283535112 0.0649682134755987 0 0 0 0 0 0 0 0 0 0 0 0 0 0 0 0 0 0 0 0 0
0.258832779190618 2.13705330063954 0.994349186071006 0.061131255830622 1.29245542876956 6.94382349055519 0.863405652585983 1.00692166815014 0.0523923580210742 0.879533583472148 1.21819388858455 5.20825393300581 1.54949220470216 4.67827241952668 3.69012680510935 4.66489659616562 1.00538043977809 0.958719710512785 7.08707536245601 1.03562798237459 4.55264077074213 0.752417976569319 0.0754602326423816 2.66457592123209 0.366053517642173 1.63807583636696 0 0 0 0 0 0 0 0 0 0 0 0 0 0 0 0 0 0 0 0 0 0 0
1.43425329664296 0.0893416334795416 0.944669172446149 3.81281740734935 0.619869870414833 0.0308574617904295 3.32112596088938 0.135314919726065 7.6231924463924 3.08825881598839 0.606815484904105 0.311196400029684 0.350000508142832 0.568864078172151 3.18456264670315 0.040926466618208 0.225241169748435 4.33141033698737 1.05150206879919 0.394398131671212 0.432399444186262 0.122236420970502 0.459636568273159 0.376918311776225 0 0 0 0 0 0 0 0 0 0 0 0 0 0 0 0 0 0 0 0 0 0 0 0 0
1.65469283326734 0.63104295241113 0.767762254956691 0.158471367914655 1.88196449310886 1.74148162200764 1.75149727323909 1.36946936150679 1.74355292903103 6.18148356236747 1.98050752769625 1.19522365210313 1.33495155433672 0.607058932006152 0.0354966944399198 0.349185366492307 0.965331561041871 0.39231647710078 8.78327743988509 0.0601583124648308 0.698171955466911 2.55841892419552 0 0 0 0 0 0 0 0 0 0 0 0 0 0 0 0 0 0 0 0 0 0 0 0 0 0 0
2.60420497196834 0.593376035003466 0.222739661645139 5.53409836887535 0.872010738254153 1.24399767030433 0.671955702387623 1.73342572774338 0.727331663943644 3.07615466612935 1.84714222371218 3.18251357790527 0.910525010352672 0.287360384957996 2.43595486520664 0.535695108658814 1.61744896580696 5.52736754901176 1.19610505247332 0.103908888663384 0 0 0 0 0 0 0 0 0 0 0 0 0 0 0 0 0 0 0 0 0 0 0 0 0 0 0 0 0
5.58069432161207 3.83263907662199 1.75004749953494 0.970899435059042 0.371465863787111 0.0052219689327527 1.01152459004602 0.432554114075706 0.135595256840673 2.03473938545983 1.04513731119071 0.563373155624244 1.46080134997067 1.21035996491494 1.70957908969862 1.26732774279742 0.75772568377014 0.28082129996059 0 0 0 0 0 0 0 0 0 0 0 0 0 0 0 0 0 0 0 0 0 0 0 0 0 0 0 0 0 0 0
1.2017413595969 0.166764580028782 0.384533921258275 0.338818877129678 0.589779054102608 1.46949403862438 0.166803489231697 2.15877938928905 1.26367231260732 5.0239130703478 0.000558728971018067 2.25327607029882 1.1316019625479 5.04722568729975 3.53071381764998 0.450748895876149 0 0 0 0 0 0 0 0 0 0 0 0 0 0 0 0 0 0 0 0 0 0 0 0 0 0 0 0 0 0 0 0 0
3.7400419009379 0.510496255967401 2.13516120074568 0.266866719089551 1.01382908179776 0.962216588436282 0.105274797042237 1.8992932239225 1.08759363641549 1.96131932291793 0.042167704295383 0.169485481563459 3.78368670355891 3.12862107215048 0 0 0 0 0 0 0 0 0 0 0 0 0 0 0 0 0 0 0 0 0 0 0 0 0 0 0 0 0 0 0 0 0 0 0
1.64851166907146 0.747763848045577 1.51307333803434 4.81813248085101 2.15468350543065 0.780024071143008 0.125132234406734 6.22402216650336 1.18636278499136 2.33143925644705 1.24477077004012 2.15422128946702 0 0 0 0 0 0 0 0 0 0 0 0 0 0 0 0 0 0 0 0 0 0 0 0 0 0 0 0 0 0 0 0 0 0 0 0 0
1.55678067417315 1.51728192668323 1.48637821946925 0.278009637727374 0.261062564385647 0.157122724447266 0.0820085493509999 1.01755160987429 0.637908874637151 1.03762794848534 0 0 0 0 0 0 0 0 0 0 0 0 0 0 0 0 0 0 0 0 0 0 0 0 0 0 0 0 0 0 0 0 0 0 0 0 0 0 0
1.1365766645014 4.73806965672058 0.886827630754126 0.92299934149171 1.30952843224014 0.987807379142306 2.62946195839997 2.145712952837 0 0 0 0 0 0 0 0 0 0 0 0 0 0 0 0 0 0 0 0 0 0 0 0 0 0 0 0 0 0 0 0 0 0 0 0 0 0 0 0 0
0.0296796779946914 2.13324986901664 11.9399443612581 4.3521839800007 4.68638333249591 0.62869749702484 0 0 0 0 0 0 0 0 0 0 0 0 0 0 0 0 0 0 0 0 0 0 0 0 0 0 0 0 0 0 0 0 0 0 0 0 0 0 0 0 0 0 0
1.0882496720873 0.265285305225592 3.78370789754972 0.103155684578013 0 0 0 0 0 0 0 0 0 0 0 0 0 0 0 0 0 0 0 0 0 0 0 0 0 0 0 0 0 0 0 0 0 0 0 0 0 0 0 0 0 0 0 0 0
3.74262502042738 1.5153792291097 0 0 0 0 0 0 0 0 0 0 0 0 0 0 0 0 0 0 0 0 0 0 0 0 0 0 0 0 0 0 0 0 0 0 0 0 0 0 0 0 0 0 0 0 0 0 0
