11.137608273608 0 0 0 0 0 0 0 0 0 0 0 0 0 0 0 0 0 0 0 0 0 0 0 0 0 0 0 0 0 0 0 0 0 0 0 0 0 0 0 0 0 0 0 0 0 0 0 0
3.10799947868232 4.5408704874231 0 0 0 0 0 0 0 0 0 0 0 0 0 0 0 0 0 0 0 0 0 0 0 0 0 0 0 0 0 0 0 0 0 0 0 0 0 0 0 0 0 0 0 0 0 0 0
8.83250270901923 9.80499254817942 0.711592885174395 0 0 0 0 0 0 0 0 0 0 0 0 0 0 0 0 0 0 0 0 0 0 0 0 0 0 0 0 0 0 0 0 0 0 0 0 0 0 0 0 0 0 0 0 0 0
5.14954259420515 5.74783417355998 7.28549823609577 6.88114591256591 0 0 0 0 0 0 0 0 0 0 0 0 0 0 0 0 0 0 0 0 0 0 0 0 0 0 0 0 0 0 0 0 0 0 0 0 0 0 0 0 0 0 0 0 0
3.70915550369243 3.09730636323772 2.52560253019381 0.640587516267482 3.35211048966669 0 0 0 0 0 0 0 0 0 0 0 0 0 0 0 0 0 0 0 0 0 0 0 0 0 0 0 0 0 0 0 0 0 0 0 0 0 0 0 0 0 0 0 0
3.38034811692588 0.371261546207644 3.13565735362417 1.06608633168969 2.20037929815372 4.06668583769073 0 0 0 0 0 0 0 0 0 0 0 0 0 0 0 0 0 0 0 0 0 0 0 0 0 0 0 0 0 0 0 0 0 0 0 0 0 0 0 0 0 0 0
6.25871496991292 5.85170839945226 7.0774972179778 5.58119400548041 0.219530668463 3.1034616532262 0.907779770790467 0 0 0 0 0 0 0 0 0 0 0 0 0 0 0 0 0 0 0 0 0 0 0 0 0 0 0 0 0 0 0 0 0 0 0 0 0 0 0 0 0 0
12.2555685858854 3.9403398799158 1.5538182681098 2.34673317393729 2.4471922368342 2.79812424063361 2.17533358552248 2.63843556034982 0 0 0 0 0 0 0 0 0 0 0 0 0 0 0 0 0 0 0 0 0 0 0 0 0 0 0 0 0 0 0 0 0 0 0 0 0 0 0 0 0
12.2670058433015 6.71363369364027 0.877396435440821 4.48585988193961 15.1026192937484 2.68760114169341 1.3652066723188 4.20590902919717 4.34947437137801 0 0 0 0 0 0 0 0 0 0 0 0 0 0 0 0 0 0 0 0 0 0 0 0 0 0 0 0 0 0 0 0 0 0 0 0 0 0 0 0
6.77417469886807 0.154643192225045 9.5089933953138 10.3640347294641 5.28220746678054 1.29571108926843 0.215393712902358 1.95753603103653 1.37266500523748 7.96793002653187 0 0 0 0 0 0 0 0 0 0 0 0 0 0 0 0 0 0 0 0 0 0 0 0 0 0 0 0 0 0 0 0 0 0 0 0 0 0 0
1.84464249400736 0.275022237439912 3.13326538413318 0.804564377274811 2.74329622288412 4.5092122897177 0.870005823033657 0.257607136527569 13.787132273393 4.45237430885395 1.6490800654764 0 0 0 0 0 0 0 0 0 0 0 0 0 0 0 0 0 0 0 0 0 0 0 0 0 0 0 0 0 0 0 0 0 0 0 0 0 0
7.60955330393508 2.70446728747292 2.8312098765945 4.93046273042579 1.88804294806263 3.73640910277204 1.06047027838577 2.95123971069707 0.149086328711966 0.428643771787192 4.36053688131908 2.39358031823853 0 0 0 0 0 0 0 0 0 0 0 0 0 0 0 0 0 0 0 0 0 0 0 0 0 0 0 0 0 0 0 0 0 0 0 0 0
8.13368040999667 1.70184963512978 7.27576738791788 4.71294874436175 10.1439689383968 0.0837734819207312 1.69857535705008 0.0629595708718328 1.61078878903942 0.54118658563671 1.2547123622815 0.963574928710278 0.0314380709428914 0 0 0 0 0 0 0 0 0 0 0 0 0 0 0 0 0 0 0 0 0 0 0 0 0 0 0 0 0 0 0 0 0 0 0 0
3.13020906723317 4.63268050679513 0.539855441871947 3.98433400510234 4.49165642376381 3.81992563364493 2.18073782168449 7.79517664901686 4.22093597597516 4.12658799088227 1.32278849749108 1.07357700884107 0.567844883125452 2.20764220926891 0 0 0 0 0 0 0 0 0 0 0 0 0 0 0 0 0 0 0 0 0 0 0 0 0 0 0 0 0 0 0 0 0 0 0
2.52446805859638 1.0918302153035 8.5853029872554 2.00489083682751 2.24255771677851 2.38868484602501 3.31478375233185 0.389725390676443 0.763945337261847 1.11238490112006 3.71343679292915 0.805560612026546 0.0328723725153117 0.497205764255876 3.42332353815439 0 0 0 0 0 0 0 0 0 0 0 0 0 0 0 0 0 0 0 0 0 0 0 0 0 0 0 0 0 0 0 0 0 0
0.645324471025833 2.95544052182416 0.922659529976128 0.504864450961225 2.12181384920458 2.29087122560315 6.29915315243893 1.59151858873825 0.0229992938999819 2.03121869767168 0.404838809694277 3.58208327391046 0.349377493096052 0.346073426108106 4.86107560022187 0.257349717148583 0 0 0 0 0 0 0 0 0 0 0 0 0 0 0 0 0 0 0 0 0 0 0 0 0 0 0 0 0 0 0 0 0
3.30700715265367 0.0569387111227495 1.52694856441221 1.62324641160085 4.99618901375116 3.39151578633757 0.658397951798719 1.23289490362253 3.37666404738374 0.480538652992639 2.27909675624129 1.85083478861363 8.42013723012141 3.69701325148371 2.10390046640223 3.1755206020208 2.92834914853803 0 0 0 0 0 0 0 0 0 0 0 0 0 0 0 0 0 0 0 0 0 0 0 0 0 0 0 0 0 0 0 0
0.184807025286891 2.48157137915729 0.105631728694223 5.28378421706125 2.89740116131324 0.8809770286294 0.312424836392114 0.39845599245751 0.493094252246592 1.82305172120955 4.33662331676781 3.18964368253175 4.68447733379161 2.84086399006083 0.187842872138658 3.91142263243416 1.13793578569738 4.52787093376664 0 0 0 0 0 0 0 0 0 0 0 0 0 0 0 0 0 0 0 0 0 0 0 0 0 0 0 0 0 0 0
2.09063601900197 0.500912156633735 3.10959285786051 4.59357008162657 0.595245316278471 5.89180073850572 1.70714298505163 1.07203872471917 8.61798405623623 3.5400787335284 4.97104581330074 0.544594075102748 0.469597881689533 2.33957623368838 0.0245641497000766 4.52930705743998 0.957231381446123 5.01793005050847 0.527337591497122 0 0 0 0 0 0 0 0 0 0 0 0 0 0 0 0 0 0 0 0 0 0 0 0 0 0 0 0 0 0
0.998815983818795 3.40053019496722 0.542315380030377 2.47105773831268 1.06396608369633 1.58752292025618 0.849130085122593 18.6977506288044 17.3461945437514 7.85150922990536 3.29064167209101 2.86618402151108 3.50128823045857 3.58011602078143 0.297775665416172 1.47652127885174 5.80191955825618 3.71623821317085 0.465116320051079 4.03646682971719 0 0 0 0 0 0 0 0 0 0 0 0 0 0 0 0 0 0 0 0 0 0 0 0 0 0 0 0 0
4.62168881544096 6.64868402580754 0.109767170217381 0.759829928447973 1.41625748406683 7.51332447076932 5.53450349726771 8.6998645293584 4.34819722335033 3.92271384869169 1.59622714572506 1.21527386400931 2.77474272261613 1.06188502152538 2.87326001733751 4.10316319157822 5.32971722359361 3.39383963032414 1.21873556057748 2.9833381872721 0.798785143927358 0 0 0 0 0 0 0 0 0 0 0 0 0 0 0 0 0 0 0 0 0 0 0 0 0 0 0 0
4.09344009021991 1.10321365248426 0.705464929762321 2.46878215808866 0.0370042865587051 2.09308669366518 6.28087165378058 14.5158638386878 6.84513489104611 0.261760704762994 1.91289980592081 1.87213325937901 0.717523454803385 5.81452169958453 5.89139714668526 0.0317796542853383 2.2679401387371 2.91460653234999 6.48988963797041 0.737386102067927 11.3982116752459 6.24520398497614 0 0 0 0 0 0 0 0 0 0 0 0 0 0 0 0 0 0 0 0 0 0 0 0 0 0 0
0.398210667170543 0.952742436590548 6.47685661314728 0.63102602316141 3.44389837214269 2.16621343919986 2.33904440062226 3.57891628131489 8.1278377042774 3.65453863916071 1.36024136206923 1.92813461984389 0.852729550050253 3.27809310397271 1.18697007692083 0.706681940604819 0.268010316280083 3.7103322532117 0.444951542846003 1.22389923608222 0.547402570956958 2.8628112426665 1.01099934366375 0 0 0 0 0 0 0 0 0 0 0 0 0 0 0 0 0 0 0 0 0 0 0 0 0 0
2.08616652460543 1.87753533777098 0.633551337856394 2.95379397689343 5.65705216989496 3.55877772365884 3.81763550147413 0.332033123157152 3.29426601443084 5.15084681324241 0.352333899580221 1.49029753547233 4.61062429076865 4.76240345888466 0.75060400841518 1.27619400524909 2.44178297636919 1.72128844952395 10.1985740906363 8.76559984419216 3.0225160420606 9.13089124047532 2.60867902393671 2.68473758976003 0 0 0 0 0 0 0 0 0 0 0 0 0 0 0 0 0 0 0 0 0 0 0 0 0
0.619313285034194 1.76625627519463 5.24360895225375 0.923636457367621 1.67575115183941 0.430782189230957 1.84843426950611 1.39460958183441 4.45604790139899 3.72587311402835 3.33624351393236 0.201235001087714 0.565175911748063 2.34857467723193 0.758844830625153 2.02688705809814 0.999617642329204 0.705818376155157 3.38228999356029 0.0662412273115882 0.971018023257501 2.20057017552402 12.1972131345484 1.01577908530145 10.8377966982962 0 0 0 0 0 0 0 0 0 0 0 0 0 0 0 0 0 0 0 0 0 0 0 0
1.38890591992073 1.55126532558072 0.0707238244009592 0.783322787925286 0.919514179855537 2.10504827621279 2.01801420737016 1.14909719146866 0.646357635357738 0.895909117558277 3.56324386693826 6.75839313330524 0.181721200826914 0.599542541277138 0.159113866614993 2.19593500419093 4.19095164434221 2.76426571253478 2.5133095270188 10.8220624263169 0.0933603791887562 1.43425593595615 5.02770938633525 0.481214032560804 7.2441295770134 2.16353634135596 0 0 0 0 0 0 0 0 0 0 0 0 0 0 0 0 0 0 0 0 0 0 0
2.61703055728657 1.02947726793259 1.77543507440959 2.51229817209244 2.85758225523122 4.51406771413942 3.53132842775576 3.93693988176891 1.14971581215925 3.89193982507029 3.84642986245118 1.01052824328354 0.54627955089932 2.06012319890024 1.19035722602921 0.974695779707126 2.00015818109095 2.3769941252269 1.35713425399371 0.065252436134042 4.63560334615715 1.55065816012333 9.26474640289 2.64031296583819 4.65536516901269 2.66554227553114 1.06495573057724 0 0 0 0 0 0 0 0 0 0 0 0 0 0 0 0 0 0 0 0 0 0
11.7899427763005 3.57827572710537 0.783487300713348 0.329024082120327 0.52377264123716 3.0821065567723 1.59724110944214 4.00270077338878 9.67834188265911 9.37040820916181 4.04217956634178 0.993484959284979 0.284327607479337 0.787229473667091 1.21049602702728 0.873511868486755 0.828839948332637 2.43681703266288 5.13521050967056 0.526581895234023 0.307511277869852 0.146079352681313 2.03361431788815 1.10600153672118 2.45603357096251 5.98478065398428 4.18318815345242 8.61513340843884 0 0 0 0 0 0 0 0 0 0 0 0 0 0 0 0 0 0 0 0 0
10.240178059398 2.38166505262309 0.27038774629646 7.84690183655293 1.26080525088109 0.047917093496292 2.59065322905359 6.05201311273965 13.5496764022735 5.08703203991645 6.51372952211883 1.38164790297056 1.10805283637049 2.21713565001959 0.85140826445248 1.20135752369623 6.80167255835092 0.29862939329267 1.28453995137439 0.657387372906885 0.457720667930148 1.56520420606545 0.61353322073325 4.25236529678997 2.36483546721884 2.46254262793573 1.49610191562022 13.032078245067 2.30787119599564 0 0 0 0 0 0 0 0 0 0 0 0 0 0 0 0 0 0 0 0
8.18880226393606 1.30387902195782 11.3003032655517 1.60147922880668 0.423419713508932 1.94876270485142 5.60065421003593 2.15614055625041 4.24784208952175 5.76286910726388 0.454253773982549 5.72271308531542 14.9036240588341 6.86029289791838 3.70840768303949 8.03380765280165 0.725004449588056 1.99138459146342 0.94764339836065 0.480898299913834 0.741205558307541 3.59534753771895 0.844931721838463 1.10226597498676 0.11356790686636 1.15799116790637 0.553429158784179 0.882947613550488 9.35512409074955 4.37994657187278 0 0 0 0 0 0 0 0 0 0 0 0 0 0 0 0 0 0 0
0.68416278262363 2.3284746425355 0.0562748690170743 2.37254285192164 2.75017400395055 0.0510229680147212 2.92479165863046 5.86008581688381 2.76833791165848 0.176061951852984 0.731517263868796 1.40686536706334 1.64641623873692 4.62929666466933 1.67892145024782 3.29698230553437 0.435543633284917 1.6550131337135 1.07464278070055 0.709116477398565 0.801526416260579 4.12966367765228 1.27748133715327 4.60756300679703 1.47412822074731 1.32693789289937 3.58215243628664 4.45303122120295 2.00399570477973 2.0870992916692 3.05002051206871 0 0 0 0 0 0 0 0 0 0 0 0 0 0 0 0 0 0
2.60528385014286 9.14865958459445 2.52667121626772 9.22634533164452 6.83622414901593 2.82080199177979 0.524299415046332 0.495646026405366 5.01831444223273 1.45004162072382 1.61759987576089 3.60969338630842 4.8850655711195 3.72184463754847 3.70626707170815 1.78674840820098 4.35929226811005 0.692128748825947 1.10780858429219 2.35505464443494 0.468744749964317 1.24768644304229 0.180354047441849 0.141097946973927 0.774105592088269 1.89170528633148 1.80015601184655 2.44628690878914 0.301920539330298 0.671161465916372 0.112108926776433 0.137444438066061 0 0 0 0 0 0 0 0 0 0 0 0 0 0 0 0 0
1.77127020134027 0.237197548721348 5.29914004133972 8.46795135032869 3.22664015386089 1.57953690296841 0.704075012398017 0.874992508851106 3.63450842369207 4.54493642247929 1.69521737046657 0.437856519649453 5.74107388865702 0.295058221214467 0.145335078430549 11.374402865717 0.393193551770643 2.65373729573528 1.42637651501387 2.50140109368095 4.87549363000644 3.67263810633792 2.84535003855672 3.99852976354179 5.86231352932328 4.00758776399063 0.00733691425956926 0.567714964073384 0.822995513213056 4.26464792710388 1.28186255527079 0.698780581941241 5.0870020574358 0 0 0 0 0 0 0 0 0 0 0 0 0 0 0 0
0.576309459450175 6.15949599397957 8.6725591655488 1.62026205513285 0.158159313109981 1.52330021386404 2.38489813370972 0.660188484885645 1.1349085204886 1.32775396387154 0.833582188619403 7.04071172165223 0.590796534234577 2.93396923746616 1.05966717166146 1.09352802734499 0.914968690081683 0.703179384613653 0.374426902761923 1.58066855670593 0.222376692079377 5.52622257124591 3.50496058895193 1.87860893170882 3.77602064711473 1.26661282779001 1.44180824784056 0.401234619497992 3.22367276487567 4.33931864464554 1.23128991504696 5.88931602128018 0 0 0 0 0 0 0 0 0 0 0 0 0 0 0 0 0
1.66648378279011 1.70251677059216 4.20211267067378 1.43298013254722 1.04909393997064 3.16486393252039 2.58515312026367 0.462489488703611 0.0335498504276079 0.0367924427041169 4.76090404958563 0.285903652484463 3.952889191566 0.319587789549383 6.96211668392272 1.11439669036973 3.52817091140122 1.23667094558529 3.15574108620026 1.54201687798319 0.671645530756728 10.4915568089938 0.588936827524485 3.73170595983204 0.265719461989414 4.42285232112151 0.961939438490422 0.685583311092885 0.819924068250933 1.1044436971623 0 0 0 0 0 0 0 0 0 0 0 0 0 0 0 0 0 0 0
2.69512802457025 4.07681714510402 1.85407737359595 4.22098121556118 7.98452419408458 7.99937880986584 5.6478006602829 0.76984854350614 4.11790536017918 3.22239982738022 1.7461273905952 11.8479561018267 12.0928271177031 1.63867499689667 4.52257201207683 6.24768277225477 0.121262525011902 0.348698056066872 0.854387235915007 1.47338101796683 0.151227506105006 4.03865402305919 1.36684880543662 0.488235618914168 0.70087572131634 0.933798042069154 0.799022584425666 2.89387351704523 0 0 0 0 0 0 0 0 0 0 0 0 0 0 0 0 0 0 0 0 0
6.06598018217446 4.24231752516344 2.30209738427663 4.84084005777278 0.924542058289272 0.605445795432761 3.40355155417626 3.83341473354355 7.42217598305612 4.20494778005076 0.439513145731014 1.83774626375034 0.35446975099622 1.25103780846097 1.17250177896261 0.859951477077361 5.06137492452802 0.365646914999745 5.83387165366565 7.8892579342603 0.748342673692722 6.60554441863406 2.04226326818924 3.17760451175108 0.222677091114594 9.28835631839282 0 0 0 0 0 0 0 0 0 0 0 0 0 0 0 0 0 0 0 0 0 0 0
2.79886575879047 5.19387384397601 5.26179986518938 5.69295775675987 1.03703860239364 3.34406092614313 6.44664694469529 11.4352661869559 0.860327839069273 0.279806396306525 0.0383225631516102 3.19978867832662 0.884821266126772 0.857895817665192 0.108424652719327 3.72950433071756 0.0487267508058788 1.571244948814 11.1521323027486 0.705844472914619 6.49102759509835 6.47400048953981 3.59652318378813 8.97071298529105 0 0 0 0 0 0 0 0 0 0 0 0 0 0 0 0 0 0 0 0 0 0 0 0 0
0.769206836501864 4.57517409141231 0.224579659790727 14.493102316285 1.44488173240732 2.51477489647618 4.2448890879523 0.291815638231967 0.430986070569666 0.638769494147908 0.189898829455602 4.65935599829174 0.106089985817603 0.375302243483547 3.02619796065691 2.15817960530205 1.76206184089569 2.82950573652901 1.74076203489737 3.94329145895476 1.35580727032029 0.170380196891701 0 0 0 0 0 0 0 0 0 0 0 0 0 0 0 0 0 0 0 0 0 0 0 0 0 0 0
5.16061929304698 1.0663561797958 5.67054036659067 5.54652010211586 3.10924710798548 2.82306016824273 1.71289493201361 1.67534833825861 1.29334302942314 1.61875609488594 0.282458917311779 2.89568936757421 1.8118222221597 3.12802131962743 2.36143196753022 0.457699637001585 2.58583078194124 1.13127835419958 0.961308753525633 0.130126952648026 0 0 0 0 0 0 0 0 0 0 0 0 0 0 0 0 0 0 0 0 0 0 0 0 0 0 0 0 0
8.2198556877875 7.22565682098569 9.3922000132639 6.6402854277651 3.92299648577248 10.6795736597619 13.7554896758687 1.23325568950701 6.74538330301568 5.96621652280548 1.12668911689363 1.64878972368385 6.40911481312603 2.82215467670034 3.0866865985799 1.01753389910353 1.65025846684593 0.285983282640927 0 0 0 0 0 0 0 0 0 0 0 0 0 0 0 0 0 0 0 0 0 0 0 0 0 0 0 0 0 0 0
5.66752444096121 2.90866787782685 3.72462135749884 3.22037201786477 1.18219442644815 8.69820992667301 5.71060754579061 1.12654104301916 4.03868534417407 4.50782036295288 1.47730463101209 7.20317077460162 5.25842450915321 1.15202509941678 0.625669301171883 0.339519683061179 0 0 0 0 0 0 0 0 0 0 0 0 0 0 0 0 0 0 0 0 0 0 0 0 0 0 0 0 0 0 0 0 0
9.83424560515419 4.18448017031532 1.13855833810428 3.0299993752993 3.07519677802475 0.308288101940986 2.47085859932559 1.80126102574657 1.82843071142377 3.05959147852646 9.80281344951935 0.179668724840363 1.28998544869259 2.77935157707864 0 0 0 0 0 0 0 0 0 0 0 0 0 0 0 0 0 0 0 0 0 0 0 0 0 0 0 0 0 0 0 0 0 0 0
5.46744468528522 5.69749315380525 2.86345401537579 4.1570353572487 3.46890446803708 2.00213838025465 4.98620927259782 1.53121030566099 1.29275134759613 10.5798212377207 0.615384956098869 0.32723509727665 0 0 0 0 0 0 0 0 0 0 0 0 0 0 0 0 0 0 0 0 0 0 0 0 0 0 0 0 0 0 0 0 0 0 0 0 0
2.6533591435536 5.11522132296216 5.93743767909986 4.42051617298707 2.33806004871712 2.95737805572605 1.27025595145575 1.79609623938833 3.66996071433012 1.18894065481057 0 0 0 0 0 0 0 0 0 0 0 0 0 0 0 0 0 0 0 0 0 0 0 0 0 0 0 0 0 0 0 0 0 0 0 0 0 0 0
3.71598674063072 0.510012102674105 1.02261976837901 4.69071321783421 0.0804325436051979 2.25903250010179 0.440510143267506 0.486335046244559 0 0 0 0 0 0 0 0 0 0 0 0 0 0 0 0 0 0 0 0 0 0 0 0 0 0 0 0 0 0 0 0 0 0 0 0 0 0 0 0 0
10.8409481697198 0.611283081940828 11.1758036945087 5.12265013263536 0.529725756741343 0.425795192321364 0 0 0 0 0 0 0 0 0 0 0 0 0 0 0 0 0 0 0 0 0 0 0 0 0 0 0 0 0 0 0 0 0 0 0 0 0 0 0 0 0 0 0
3.05403241457869 6.20193091089807 5.72450274841277 0.411049341933609 0 0 0 0 0 0 0 0 0 0 0 0 0 0 0 0 0 0 0 0 0 0 0 0 0 0 0 0 0 0 0 0 0 0 0 0 0 0 0 0 0 0 0 0 0
0.0372207396249173 0.00339942778513212 0 0 0 0 0 0 0 0 0 0 0 0 0 0 0 0 0 0 0 0 0 0 0 0 0 0 0 0 0 0 0 0 0 0 0 0 0 0 0 0 0 0 0 0 0 0 0
