1.39445883698725 0 0 0 0 0 0 0 0 0 0 0 0 0 0 0 0 0 0 0 0 0 0 0 0 0 0 0 0 0 0 0 0 0 0 0 0 0 0 0 0 0 0 0 0 0 0 0 0
0.819552621165517 1.39712658295478 0 0 0 0 0 0 0 0 0 0 0 0 0 0 0 0 0 0 0 0 0 0 0 0 0 0 0 0 0 0 0 0 0 0 0 0 0 0 0 0 0 0 0 0 0 0 0
0.112103959148706 3.00597650509455 3.08999729481508 0 0 0 0 0 0 0 0 0 0 0 0 0 0 0 0 0 0 0 0 0 0 0 0 0 0 0 0 0 0 0 0 0 0 0 0 0 0 0 0 0 0 0 0 0 0
4.37791680549195 1.74460211690148 0.799513510165522 1.70137930972802 0 0 0 0 0 0 0 0 0 0 0 0 0 0 0 0 0 0 0 0 0 0 0 0 0 0 0 0 0 0 0 0 0 0 0 0 0 0 0 0 0 0 0 0 0
2.47656890368787 0.228615018693298 3.8648934367275 2.35764337270532 0.708133644784157 0 0 0 0 0 0 0 0 0 0 0 0 0 0 0 0 0 0 0 0 0 0 0 0 0 0 0 0 0 0 0 0 0 0 0 0 0 0 0 0 0 0 0 0
0.979173308483847 1.54327653572588 0.253079518450382 1.20797056439901 0.784545429713492 0.243535220933056 0 0 0 0 0 0 0 0 0 0 0 0 0 0 0 0 0 0 0 0 0 0 0 0 0 0 0 0 0 0 0 0 0 0 0 0 0 0 0 0 0 0 0
2.9456278818941 0.967670606405132 0.185495244370308 3.00137426152138 14.075681675613 1.70146992642294 3.97565519425111 0 0 0 0 0 0 0 0 0 0 0 0 0 0 0 0 0 0 0 0 0 0 0 0 0 0 0 0 0 0 0 0 0 0 0 0 0 0 0 0 0 0
2.69043871396713 7.74029638488243 8.44285426438357 0.497357855898662 1.71435568249577 0.281010549449006 0.579990497362952 6.12630218524464 0 0 0 0 0 0 0 0 0 0 0 0 0 0 0 0 0 0 0 0 0 0 0 0 0 0 0 0 0 0 0 0 0 0 0 0 0 0 0 0 0
0.0443570537069119 1.26744684121587 0.211989510197262 1.88757828264572 0.836333689748944 2.88931524207857 4.1159748215266 0.12983883112597 5.40020635436413 0 0 0 0 0 0 0 0 0 0 0 0 0 0 0 0 0 0 0 0 0 0 0 0 0 0 0 0 0 0 0 0 0 0 0 0 0 0 0 0
2.34299018859787 0.350371139257009 4.97780172670721 5.44825004002429 0.135224855424779 0.802033891615873 0.424546286740718 0.56424795410172 0.151029859461832 1.95952656941223 0 0 0 0 0 0 0 0 0 0 0 0 0 0 0 0 0 0 0 0 0 0 0 0 0 0 0 0 0 0 0 0 0 0 0 0 0 0 0
1.62306701573374 1.79173859946054 1.7482464571346 1.63247266742496 3.56530607086296 4.70563045246197 2.20224363305126 4.84844641406549 0.563647315105091 0.734770722201185 3.35384636630711 0 0 0 0 0 0 0 0 0 0 0 0 0 0 0 0 0 0 0 0 0 0 0 0 0 0 0 0 0 0 0 0 0 0 0 0 0 0
2.23914926605926 7.50973978027289 0.0225649372045762 6.71887459525668 4.33646774067578 1.1078279713379 6.17953714035049 0.798305598708436 6.03158248982737 2.13832740027477 2.61207181586867 1.16182539838305 0 0 0 0 0 0 0 0 0 0 0 0 0 0 0 0 0 0 0 0 0 0 0 0 0 0 0 0 0 0 0 0 0 0 0 0 0
1.27228367517361 0.0268261316941642 1.90664271848662 4.66537528485034 1.88536510920327 0.976628324708639 0.0508982414369063 0.243198586260766 1.94290154173242 3.45883654346669 2.83689360093529 0.894499880549467 3.14608095664871 0 0 0 0 0 0 0 0 0 0 0 0 0 0 0 0 0 0 0 0 0 0 0 0 0 0 0 0 0 0 0 0 0 0 0 0
1.98405907877929 1.06662742228212 4.27566120199705 1.93142838399555 6.51920734311463 0.60965715915263 8.22992240924121 2.02426956708156 1.90150542409319 1.71492482824883 1.18225196106835 5.18997587392409 0.517368782468009 1.27965224413925 0 0 0 0 0 0 0 0 0 0 0 0 0 0 0 0 0 0 0 0 0 0 0 0 0 0 0 0 0 0 0 0 0 0 0
0.125273703877088 5.05157692607665 0.120781094747917 3.7918284266598 0.35435580074847 0.937159435619343 0.188129705174046 0.579946540861812 1.10263250914234 0.0578706319760421 8.30246521076309 2.0420825446404 1.80856834594241 0.75196673609749 3.06195634262896 0 0 0 0 0 0 0 0 0 0 0 0 0 0 0 0 0 0 0 0 0 0 0 0 0 0 0 0 0 0 0 0 0 0
4.08493375009145 2.20645696737555 2.58936052369454 0.740072801302912 3.62343425845953 0.437528567355746 1.1143518518641 10.1922940665695 2.58616000057879 1.74376115766944 1.80091021840943 2.79337304143038 0.983099317931823 0.803300321634681 2.52401365349598 1.8568768787396 0 0 0 0 0 0 0 0 0 0 0 0 0 0 0 0 0 0 0 0 0 0 0 0 0 0 0 0 0 0 0 0 0
1.60245525886071 1.26542897490916 0.699341817610327 10.0565105084448 0.401799762232725 1.55680716514734 3.74435639668571 2.02094818925809 0.155405219836817 1.93845666411233 1.64899684646774 1.68816852992162 3.4637733733301 1.03944747910821 0.600073073451462 0.812253743259461 1.7959312254219 0 0 0 0 0 0 0 0 0 0 0 0 0 0 0 0 0 0 0 0 0 0 0 0 0 0 0 0 0 0 0 0
2.30700574939435 1.72703194355065 3.39991464738321 0.702226414319986 0.767804511456719 0.690307947383769 5.82496976303177 2.42792827017331 2.52352668754176 8.44112347789449 2.35852428143738 1.60384472709285 0.243495182724082 0.0883115761673385 2.86009436128023 1.72572713591472 2.70408565185956 2.78920270055222 0 0 0 0 0 0 0 0 0 0 0 0 0 0 0 0 0 0 0 0 0 0 0 0 0 0 0 0 0 0 0
3.40608243265222 1.38569922505123 2.56014421438041 1.24721479039905 0.938881237198253 0.25375246904693 2.15422397061134 2.24167961116654 2.80173238867613 2.38699697965192 7.54979035807559 4.66103276547775 1.12911485821312 2.46469859852241 0.558665013317147 1.17969933398509 1.7940328363535 0.697659348338231 2.13023434306047 0 0 0 0 0 0 0 0 0 0 0 0 0 0 0 0 0 0 0 0 0 0 0 0 0 0 0 0 0 0
4.07087889247938 0.642277734618934 1.73481726367805 3.75865059687393 7.69207230362623 0.881517919322257 4.57672614677843 13.9742307732549 5.51666724474218 3.51143931135859 0.725074659448836 1.90001856518139 3.19529128947254 0.31865170352329 0.106262995906363 0.947700376378121 0.122874013566596 1.2117786527466 2.41202182543482 1.38574815214461 0 0 0 0 0 0 0 0 0 0 0 0 0 0 0 0 0 0 0 0 0 0 0 0 0 0 0 0 0
0.332818451470712 0.52850301266805 5.04043268367553 1.18914727292139 4.27109221950676 1.52299544448561 4.47075110720125 0.995277867876774 0.701443409175503 3.34687509742556 0.613436573535104 2.23520862495992 0.353302941295448 1.74219984578039 1.07927003414325 1.06239786536288 1.03798345252507 2.36279979830568 0.113298538624009 6.09295046018078 4.5150825590932 0 0 0 0 0 0 0 0 0 0 0 0 0 0 0 0 0 0 0 0 0 0 0 0 0 0 0 0
3.75519739018181 4.47379053303032 3.16713555122829 2.2735319212121 0.331119278784672 3.80960963482369 0.233862634469492 9.40252024353971 0.517275741644604 2.25540454415598 2.09039606887277 0.882777605114228 1.39230937217397 1.3646380340821 1.37104407171614 0.993475277037855 1.23379731880704 2.64840258403346 0.481302263176904 7.46497635951289 0.67245530901079 0.452841032263052 0 0 0 0 0 0 0 0 0 0 0 0 0 0 0 0 0 0 0 0 0 0 0 0 0 0 0
2.84137694269265 0.516820166480701 1.93427872376692 3.12020806135592 4.74911710527395 0.943076628334175 0.0842568919717619 0.940073789056781 2.60793106482098 1.27308570228402 2.59424587421566 1.68621519476735 1.89292976704428 5.11858924318996 3.7321964623827 0.133779234783912 0.205994928437256 0.766747940771515 5.3178453800727 0.548337715340335 2.8529819503284 2.14542746236842 0.312124742755928 0 0 0 0 0 0 0 0 0 0 0 0 0 0 0 0 0 0 0 0 0 0 0 0 0 0
4.5977493978947 0.307230635650616 4.56832677120518 3.67631266777899 1.94486679645623 2.13627681697343 1.6985749222177 0.234989467791025 2.76080378687983 0.110892617851602 1.16638032465443 1.22038442002651 4.31039706726934 2.38593679040108 0.643713370617711 7.48656423187125 0.38471040755118 4.2890469253958 1.88522255767544 1.90791561023405 1.68227947251163 0.963086953172762 1.82635538409753 0.591988087530117 0 0 0 0 0 0 0 0 0 0 0 0 0 0 0 0 0 0 0 0 0 0 0 0 0
2.49672858247116 1.08248389979064 5.46571005719913 1.59224530936721 3.00385286572463 0.705072916689788 6.78443492321738 1.08620758478242 0.109369879438582 0.221757273852142 1.38579959927717 1.16930266660832 0.386352420833237 0.563371837512385 4.12669855492469 2.00488592957525 0.133916701219188 1.94938976652005 1.66861109700035 0.218461987421844 2.50350908193502 2.54552828137179 1.51387093993045 1.11609383327819 2.25235232527971 0 0 0 0 0 0 0 0 0 0 0 0 0 0 0 0 0 0 0 0 0 0 0 0
3.58787359486325 4.16139110664439 4.32362294803578 6.21698518434387 2.29458981729152 2.34860671541968 4.42684540515736 5.50024846406599 3.4520824670461 0.234271203815601 1.60269635833457 1.69551997239481 0.704424129670518 2.32760881895923 1.0426455104965 1.8903201078512 2.58724765401413 1.58344014887509 1.42263370824166 2.73592361193505 3.02525149653014 1.65908236525616 3.80228627556883 5.30067952083018 0.764498190227746 0.0589138685492276 0 0 0 0 0 0 0 0 0 0 0 0 0 0 0 0 0 0 0 0 0 0 0
1.86650829953557 0.62464977491533 3.12785601994176 1.44949550165708 7.05846849755187 2.19713222095986 1.57549020387404 6.05929597305185 2.03366379819635 5.54450558364212 2.33541213289901 1.2429516394995 3.02339705051456 2.54678630176541 2.02966742667077 0.0069098801733266 3.69305006496071 3.11019714835719 0.0386942384360799 0.941645286686618 0.721875286025184 0.400467157377645 1.54939883309613 0.520044523782153 0.0846354716940095 2.67670089424241 2.06828351925359 0 0 0 0 0 0 0 0 0 0 0 0 0 0 0 0 0 0 0 0 0 0
3.72238500416349 2.06796194391733 0.0445810217615167 5.21344944999085 0.725265149930291 0.971220786470019 3.77722212761551 2.42545021414888 5.32912296335155 9.47603830337228 4.25844149853276 1.05940983323059 0.0659211078761538 0.34410265740131 0.419290748192766 5.67215763450557 0.22498973053258 5.82437084635603 2.5474811760614 0.197493196059209 6.58789801367184 16.8443169733122 0.714432491990063 1.34306406511672 3.74356410565433 2.77958549911863 0.64264636017705 5.98612080695793 0 0 0 0 0 0 0 0 0 0 0 0 0 0 0 0 0 0 0 0 0
4.2500859315155 1.2789709225573 3.57676795555157 2.1046403397787 0.863233605967686 3.52252947408759 0.5042223703074 0.987219519212979 0.0222799311384908 0.580361934851878 0.385650332754543 0.877960276252145 5.42386722476724 1.06202126127724 4.33083825674896 2.86075521221417 0.386818386851834 4.35263221544223 0.860064729393212 5.30072809516012 4.01948847764981 0.76267370262655 2.19275744882149 3.13775144229231 0.347438924592083 2.00407784938134 3.25191194217194 5.59660678846612 4.20193636257631 0 0 0 0 0 0 0 0 0 0 0 0 0 0 0 0 0 0 0 0
2.79670141720811 6.24553573924426 0.124249320566812 1.09138604808272 2.4169577014311 0.773940616808792 0.722626142213372 2.52807244918422 2.78119687285107 0.573092839890875 0.763894993005403 4.28582307581654 1.03913890075405 3.16633430813179 3.17314770116737 3.41558308761085 4.54232467307264 0.497953153765868 0.525198345826577 9.53133561232288 0.233439261858004 5.49167382932215 7.11786820386308 0.381906528138235 0.768766811219268 0.429214600460927 3.30803722014498 0.613229299413915 1.13449689133516 1.99092277976778 0 0 0 0 0 0 0 0 0 0 0 0 0 0 0 0 0 0 0
1.35545664714515 1.1118494170415 1.8457263782509 0.986137733096225 0.505269917626239 11.133165313181 0.863749881660876 1.63608984034941 1.66622475104016 0.357096581363554 3.21149427294213 1.07139274303264 3.4528838198072 2.74226183027331 2.12604353939119 4.37246124255875 0.640707529665235 0.310057331038325 4.5996537590335 0.108481487609867 0.185765694389348 5.71355710668931 6.37871073294534 2.40532637152756 0.584231036186556 4.40470699114729 5.87428297838354 1.30524568479154 2.27028291700541 0.95792808288828 0.530702665097302 0 0 0 0 0 0 0 0 0 0 0 0 0 0 0 0 0 0
1.09376290623892 6.45257628815075 1.9287350202556 7.61096297988411 1.22265501429441 0.769882498008603 3.18185667899442 12.4817108724102 1.27774537714847 19.8458583066907 0.0130530978296649 5.80263944719796 0.638520984041921 4.47523175880536 0.852182542838043 4.90290427120622 0.315639612357056 1.86309678817313 0.902278570681688 4.09452637011309 3.6693725609938 0.968430423449803 6.94317677756929 6.73094740112283 0.36344634183352 2.02384846086736 1.11582668432092 6.12137315824414 4.57034008842309 0.560912114892966 8.1056423482843 3.53431895361413 0 0 0 0 0 0 0 0 0 0 0 0 0 0 0 0 0
0.241354031793235 2.82601476386254 2.9182294985285 0.328856208625209 1.43343529096411 7.26209034932472 0.383316393127978 1.17207264451266 2.98272348612205 3.9367482232675 3.26748065587161 4.51816879109905 0.92781909483189 1.8475136166679 0.0460796907028743 0.34995334738539 4.59755961485188 1.03475918738926 0.0576666538719249 4.4639041041489 4.86259318812443 2.9484999318696 0.352604049850634 2.81325417449522 2.29679626899449 3.00550694900132 0.117123011118293 1.22168941326483 0.333583373014276 3.33220560927486 4.02932221819527 2.82266400622639 0.177839614675395 0 0 0 0 0 0 0 0 0 0 0 0 0 0 0 0
1.49867051610718 2.25125103052558 2.7847242469444 2.96796781663863 4.68120687050986 2.04076274822133 2.79404552370941 2.09176939774776 1.88692063903512 5.34642549213117 2.33502903114698 2.61437899963071 1.23972625453457 0.144837306338575 0.316267550644946 1.68288697754949 5.86338533302749 2.54698884736851 1.83939141162058 0.380106180743891 0.808125126382633 0.746120447148788 0.48919489870413 1.16098945134915 1.87046785730557 4.11903061199345 1.05906701821842 0.757006024819182 5.41003031622507 3.73495274967523 0.889077759414571 1.17211223409962 0 0 0 0 0 0 0 0 0 0 0 0 0 0 0 0 0
0.869961538466875 0.0718915051979142 2.42735715799795 1.9064515017198 0.495989396657052 1.43118078407588 0.240047499148141 1.38030069485283 1.85118186114026 2.28275093448515 3.03588339173551 3.98055734338025 0.0615917025563847 1.37246000912726 1.6053754594486 0.694394224914737 0.184135452720361 0.0606858411378663 0.926529695149976 0.0491038025688681 5.5266026023378 1.68744503280746 4.09644177053517 2.01301949039969 2.58331370727628 0.0327826747840643 3.21287179289235 5.28619055482206 1.08210853750674 1.0463017317286 0 0 0 0 0 0 0 0 0 0 0 0 0 0 0 0 0 0 0
3.75747467829278 1.65748563955714 1.16407159224103 1.84757064699358 0.165980931414793 1.92165558691326 1.18043863636755 2.50172488590738 1.1513719478626 7.72464778778683 1.11308717806943 0.145721071969631 4.70611961615147 15.591680929559 1.44266652600309 0.153476804448663 2.88637674354267 2.83971048795963 1.40879670701342 0.965066991998248 2.71601286902894 4.02108788676119 5.61861038427192 3.74864145243168 0.84614006164652 0.332486490820064 0.136170723915384 11.0324910221112 0 0 0 0 0 0 0 0 0 0 0 0 0 0 0 0 0 0 0 0 0
0.579739268096806 5.2260730631017 3.58428252275612 4.44614342521563 0.455937534213153 3.49207790567483 0.566332010277977 2.69756356228562 0.400002365831166 2.19515767019932 0.733857265365971 1.74958587772934 5.02921387984861 4.29905876803044 2.46715991831333 7.46015818596053 0.544450051394971 0.217206821403231 1.55689179498587 0.472466728978841 10.8901101316809 2.50635923088667 4.8397447917251 1.0619663463642 0.802011770930761 4.48813065046065 0 0 0 0 0 0 0 0 0 0 0 0 0 0 0 0 0 0 0 0 0 0 0
2.43717179859956 0.0437879452276455 2.82115878948977 1.52535264559945 0.770430801885289 0.702213155814234 0.338974561655453 2.23056139843506 3.86613185296122 1.67594925076516 2.41358618381352 0.155152145429298 0.341855866536679 0.932498606426782 6.19123309154896 0.826703786002161 0.653559091602798 4.08436051250369 1.10019275363229 2.32951610171579 1.21897479774658 3.01625901998082 0.397924449869352 0.534899915688535 0 0 0 0 0 0 0 0 0 0 0 0 0 0 0 0 0 0 0 0 0 0 0 0 0
0.458018330451851 0.809784775701064 1.65388540982352 0.730387857280746 1.01490505913006 2.09581392951489 1.07275492405878 0.829726313673266 1.07522884498435 9.36892838884034 2.33171406058529 1.12118524355753 3.75252072192387 2.07825896249498 3.57273954970452 1.56291154264406 0.621610315068117 0.0767765611126227 0.483484654045022 3.58491001035302 4.68834293269596 0.562995392984098 0 0 0 0 0 0 0 0 0 0 0 0 0 0 0 0 0 0 0 0 0 0 0 0 0 0 0
0.554454111978282 13.5031966556938 0.318167677541081 0.0640519446106838 2.41304183355132 1.75082491686249 2.87542909883542 0.561972360075114 0.315547680309296 7.2182747323106 0.809533581441173 1.72507370363705 2.8848172165155 7.41931050469892 0.0458158521592851 8.43508841739951 3.30488961865958 7.04539671645501 0.961846547231078 3.46840030568262 0 0 0 0 0 0 0 0 0 0 0 0 0 0 0 0 0 0 0 0 0 0 0 0 0 0 0 0 0
2.0813511255304 1.54488728434412 6.65057440988483 1.9721067071719 0.607482373398302 0.448110699822354 0.25212421106262 6.62850000377441 6.8934197093171 5.27490330972949 0.95950128672659 4.18898682748646 2.0168025832104 5.26549740835051 0.905768294737363 0.567455594367925 1.15409289822381 0.707952630659858 0 0 0 0 0 0 0 0 0 0 0 0 0 0 0 0 0 0 0 0 0 0 0 0 0 0 0 0 0 0 0
0.642202888848593 1.26723535051236 0.232476898691689 0.62707842734278 0.27350845772043 1.24440480265313 0.108513828615265 1.53588023562345 4.71962772720897 0.167473550638847 0.261725698620383 3.2908369492251 1.4764798912149 1.44002844206703 1.03911842735249 0.248411559102105 0 0 0 0 0 0 0 0 0 0 0 0 0 0 0 0 0 0 0 0 0 0 0 0 0 0 0 0 0 0 0 0 0
0.270797670050903 2.02144837332689 0.80658692999822 3.70271476649727 0.171699564163532 0.0918180782539784 6.00666858105994 1.96077962672668 0.313679858062744 0.692725776200967 0.926649466251093 0.398126983863245 0.755628779605264 4.09045758765198 0 0 0 0 0 0 0 0 0 0 0 0 0 0 0 0 0 0 0 0 0 0 0 0 0 0 0 0 0 0 0 0 0 0 0
0.561222864393852 11.5363168170866 6.64275269085973 1.4056861449812 0.557271283192408 6.49606238001931 0.293849886814679 1.09968014450744 0.811724806536939 20.0589781185202 1.44394473542042 1.47901625958619 0 0 0 0 0 0 0 0 0 0 0 0 0 0 0 0 0 0 0 0 0 0 0 0 0 0 0 0 0 0 0 0 0 0 0 0 0
0.977642314274676 2.13765754860369 3.59224607181728 3.07364844350399 0.097187240631197 1.30004256194855 0.558196546182278 0.440004032858315 1.72664503492909 3.2547219089788 0 0 0 0 0 0 0 0 0 0 0 0 0 0 0 0 0 0 0 0 0 0 0 0 0 0 0 0 0 0 0 0 0 0 0 0 0 0 0
0.373059602174426 3.33229999685663 0.683671062865576 5.5580336251816 0.103306258948874 0.923755565582355 0.93590410023303 9.52699774605927 0 0 0 0 0 0 0 0 0 0 0 0 0 0 0 0 0 0 0 0 0 0 0 0 0 0 0 0 0 0 0 0 0 0 0 0 0 0 0 0 0
1.36233136574166 4.33101665465895 6.15127075024778 0.131762761224217 0.0929676558233333 0.264152125794478 0 0 0 0 0 0 0 0 0 0 0 0 0 0 0 0 0 0 0 0 0 0 0 0 0 0 0 0 0 0 0 0 0 0 0 0 0 0 0 0 0 0 0
0.138274471768564 7.09999439733349 0.0754347848296394 0.354412663405159 0 0 0 0 0 0 0 0 0 0 0 0 0 0 0 0 0 0 0 0 0 0 0 0 0 0 0 0 0 0 0 0 0 0 0 0 0 0 0 0 0 0 0 0 0
3.02242840583431 2.72720589370905 0 0 0 0 0 0 0 0 0 0 0 0 0 0 0 0 0 0 0 0 0 0 0 0 0 0 0 0 0 0 0 0 0 0 0 0 0 0 0 0 0 0 0 0 0 0 0
