0.586210441766399 0 0 0 0 0 0 0 0 0 0 0 0 0 0 0 0 0 0 0 0 0 0 0 0 0 0 0 0 0 0 0 0 0 0 0 0 0 0 0 0 0 0 0 0 0 0 0 0
2.45910224134265 0.953703025340517 0 0 0 0 0 0 0 0 0 0 0 0 0 0 0 0 0 0 0 0 0 0 0 0 0 0 0 0 0 0 0 0 0 0 0 0 0 0 0 0 0 0 0 0 0 0 0
0.100628516386518 2.93651485161285 2.36290530470242 0 0 0 0 0 0 0 0 0 0 0 0 0 0 0 0 0 0 0 0 0 0 0 0 0 0 0 0 0 0 0 0 0 0 0 0 0 0 0 0 0 0 0 0 0 0
0.729849944540894 0.361700626692552 1.88106174399232 10.1361223343156 0 0 0 0 0 0 0 0 0 0 0 0 0 0 0 0 0 0 0 0 0 0 0 0 0 0 0 0 0 0 0 0 0 0 0 0 0 0 0 0 0 0 0 0 0
1.25298817966344 1.37614549144676 2.81220495692961 2.31471402251022 0.899724822137811 0 0 0 0 0 0 0 0 0 0 0 0 0 0 0 0 0 0 0 0 0 0 0 0 0 0 0 0 0 0 0 0 0 0 0 0 0 0 0 0 0 0 0 0
0.0872096059397086 0.127537565204801 3.29253272287342 0.485015646090441 5.35505999470938 1.80239477398366 0 0 0 0 0 0 0 0 0 0 0 0 0 0 0 0 0 0 0 0 0 0 0 0 0 0 0 0 0 0 0 0 0 0 0 0 0 0 0 0 0 0 0
0.210427170849307 0.0953266308493619 0.2773456208831 3.01652060146336 5.06344866893604 0.521816869920722 1.76396459415137 0 0 0 0 0 0 0 0 0 0 0 0 0 0 0 0 0 0 0 0 0 0 0 0 0 0 0 0 0 0 0 0 0 0 0 0 0 0 0 0 0 0
0.80078752651128 3.1701746421718 0.407821984972862 1.35503698944081 2.33283834327693 2.80194110281812 1.87239237270669 0.114131978579366 0 0 0 0 0 0 0 0 0 0 0 0 0 0 0 0 0 0 0 0 0 0 0 0 0 0 0 0 0 0 0 0 0 0 0 0 0 0 0 0 0
0.281805389524843 2.65138010163916 0.186310139485836 1.01456920499514 4.28421180313105 0.679520638993435 2.17011348968342 3.38703227599416 2.12455025604263 0 0 0 0 0 0 0 0 0 0 0 0 0 0 0 0 0 0 0 0 0 0 0 0 0 0 0 0 0 0 0 0 0 0 0 0 0 0 0 0
2.25086786261739 2.31037678134809 0.533483471352356 1.36884309214467 0.578358859336726 2.97507656257117 1.26285277205347 0.828211131608899 1.48977633692046 9.72350623615381 0 0 0 0 0 0 0 0 0 0 0 0 0 0 0 0 0 0 0 0 0 0 0 0 0 0 0 0 0 0 0 0 0 0 0 0 0 0 0
9.00601124819696 5.44785957489978 4.68647073260599 1.26836641339226 4.63865060508078 1.46302105010711 2.35269832738486 0.937524537267638 0.106625320447111 0.78835665341141 2.83333239827798 0 0 0 0 0 0 0 0 0 0 0 0 0 0 0 0 0 0 0 0 0 0 0 0 0 0 0 0 0 0 0 0 0 0 0 0 0 0
0.432963026140195 0.456553192374051 0.560465093331055 1.48502547167416 0.0312412381327003 1.21786375066248 3.44779527697475 4.15606401209861 5.89367411539166 0.854455836075102 1.10264785018261 0.94302775002362 0 0 0 0 0 0 0 0 0 0 0 0 0 0 0 0 0 0 0 0 0 0 0 0 0 0 0 0 0 0 0 0 0 0 0 0 0
7.09960213250324 0.0785881798941716 3.72677695584599 3.19667243399824 3.00683847938894 0.508249174691664 4.24158411580578 1.22396965714537 1.66035241879486 0.098143233693536 2.67621481581119 0.705240548826436 4.60121473483718 0 0 0 0 0 0 0 0 0 0 0 0 0 0 0 0 0 0 0 0 0 0 0 0 0 0 0 0 0 0 0 0 0 0 0 0
0.0893667138106366 2.41312494926862 2.91069523220062 4.48707077670419 3.31928926108534 1.18813549341547 0.142024270408565 0.973807802475917 0.460400852399898 0.0940145550898886 1.45169766486868 1.17961847047777 1.36131762314827 0.346012866686353 0 0 0 0 0 0 0 0 0 0 0 0 0 0 0 0 0 0 0 0 0 0 0 0 0 0 0 0 0 0 0 0 0 0 0
0.850498982037547 3.73322484464605 2.25744631472388 2.33473919586164 7.25664357755173 3.98316424392281 0.611988831582604 5.60271018640088 2.66992864974825 0.776225389248298 9.49175928207128 1.78361536491994 1.70048690774418 0.168975461365345 2.04692835268337 0 0 0 0 0 0 0 0 0 0 0 0 0 0 0 0 0 0 0 0 0 0 0 0 0 0 0 0 0 0 0 0 0 0
2.21341605498354 1.85885713896243 2.06519333341904 0.190439199111429 0.141876151872735 0.913947616472973 0.204766429385285 1.60797790053721 1.02164765361774 1.12090614913516 0.858003689648383 3.47875071637689 1.76669977577944 0.0699574454378468 3.21473893686028 0.961390362099569 0 0 0 0 0 0 0 0 0 0 0 0 0 0 0 0 0 0 0 0 0 0 0 0 0 0 0 0 0 0 0 0 0
0.954632233217582 0.352012125677072 0.00780668366926357 0.234052912454801 0.0168121069654047 4.48675513970889 1.29395612248575 3.86288578129509 0.0894793790997439 0.647136543130714 0.64323116278463 4.08515209870995 2.88922434722683 3.8866674188185 0.0312590383579577 0.776490772366062 2.14500345284626 0 0 0 0 0 0 0 0 0 0 0 0 0 0 0 0 0 0 0 0 0 0 0 0 0 0 0 0 0 0 0 0
1.46811204778439 1.15758485062931 2.75591972405575 0.388962404102481 0.700741741439066 2.03338901442675 4.64116848725968 1.32116395102308 1.40285220574221 0.699889685540867 0.90195798506258 5.35945254352343 0.0654493735463831 0.486837258986667 0.728036652670593 1.64911300086569 1.56966124203024 0.41952554811582 0 0 0 0 0 0 0 0 0 0 0 0 0 0 0 0 0 0 0 0 0 0 0 0 0 0 0 0 0 0 0
0.884943908259781 2.13161167330979 1.24435238570996 1.50064878609077 0.0739333859885022 0.902212923160239 1.38868958409149 2.73228008765218 1.3169961078574 4.73405681334694 1.30012409685174 4.41902607537402 0.15456699026006 0.841078086465589 1.61054555721841 4.95396388305348 4.0544584365277 4.12990109313863 2.5184785368308 0 0 0 0 0 0 0 0 0 0 0 0 0 0 0 0 0 0 0 0 0 0 0 0 0 0 0 0 0 0
0.127878673150269 1.55327420792157 2.68571597883763 0.0939984201974785 1.99695823138777 0.489077274118187 0.477190672108964 3.7359319576005 1.58397140612637 0.250421911310666 3.16155629874273 4.52025272273169 2.02976044901761 0.196549895674429 1.06499473798231 0.856382596030174 2.17332125319359 0.134439037914479 0.888674220225702 1.07749144422591 0 0 0 0 0 0 0 0 0 0 0 0 0 0 0 0 0 0 0 0 0 0 0 0 0 0 0 0 0
0.0571726737090183 0.500945878810267 1.50041073605569 0.560430127657039 4.19370058043932 2.01490696497254 3.93702546245999 2.88033541615324 2.16899509063191 1.67017076928313 2.12358340496724 1.32766100659963 1.94850091420597 0.762836556794416 0.933548774855857 1.78503512523105 0.792074039059414 2.26100391553251 0.765145529905493 5.28289407767368 0.745264697767178 0 0 0 0 0 0 0 0 0 0 0 0 0 0 0 0 0 0 0 0 0 0 0 0 0 0 0 0
1.94541223353189 2.69785318587893 5.47785884674217 2.86254677024395 0.496259608701692 0.43037034165948 0.394727301378828 5.15033012638556 0.723858738633599 0.256973504693808 0.121416321740115 1.50998817239664 1.88458540396642 0.643845670891051 2.50108400719336 0.406754663762729 4.33523979632018 2.06792311253195 1.46196568518293 2.01772510514574 0.30721967051294 0.240661065297152 0 0 0 0 0 0 0 0 0 0 0 0 0 0 0 0 0 0 0 0 0 0 0 0 0 0 0
3.91429491029833 3.78216949669839 0.587012818774073 0.255037848665488 2.22384587965573 0.0487642358168622 2.03632346585186 3.69003466774749 4.63940328825588 1.32441646350822 0.100253688315952 1.77417013246625 1.15664401147085 2.21262071611167 1.28459259172273 1.07002949413718 9.6208143826889 1.11655234201321 1.12707465684615 9.60150892744636 2.29567038598502 1.54045702076018 0.201415737604672 0 0 0 0 0 0 0 0 0 0 0 0 0 0 0 0 0 0 0 0 0 0 0 0 0 0
2.43470404989448 3.06143794336849 1.77475345776293 0.425365223765357 1.66155143005533 2.59736687867336 2.06081181533474 1.69545408928455 3.95719833662221 0.53378882577896 3.52412872490859 0.0847634548583691 20.7672639094054 4.43123951889157 0.355964896347645 8.81049206548768 0.913257574665568 4.77305442450495 0.474623424664009 3.09760917759394 1.57798225471038 4.06367084827405 1.76264140215468 0.870233239127968 0 0 0 0 0 0 0 0 0 0 0 0 0 0 0 0 0 0 0 0 0 0 0 0 0
1.47562203462036 4.3832608170315 0.680480912563595 0.350708089557342 0.212583349780867 1.4940672253725 0.140333635444837 0.0432405066354895 3.04478169475249 1.91157892302828 3.63626128985935 9.18923977114649 3.94452042066044 2.2346424985919 2.73773842951008 0.928333612261873 1.74612537429394 0.69841492037455 4.35142374867269 4.55055990655281 1.81016511673503 0.0273922043322207 0.596062640650391 0.440830880184317 1.94405760090474 0 0 0 0 0 0 0 0 0 0 0 0 0 0 0 0 0 0 0 0 0 0 0 0
0.96434729152291 0.662734373778156 0.0486878320049856 0.432520723722466 4.22359290905519 1.9708139712043 2.34034274585168 1.19637060499866 2.04635584676835 0.152281472474014 17.1323663604433 1.35670973407146 5.46889582517491 0.159991717121562 1.4396074105182 9.51700479883014 1.46412069060813 0.922864921656195 2.26961836052436 1.01169296127621 5.84547009468161 1.40766312323209 0.192890931568979 1.16350673005868 2.27664929940353 0.865091645191503 0 0 0 0 0 0 0 0 0 0 0 0 0 0 0 0 0 0 0 0 0 0 0
1.52822763300921 0.43565490628464 2.12841639429264 1.15850851638448 0.0756659155701516 1.77032343952122 0.496981627041074 1.99649028351377 0.0954048177186759 1.2984856379753 3.66774924466755 3.06464498708913 1.2119132627641 0.442238236407665 2.36472604340659 0.485882245112949 0.564492049228775 0.225435782016069 1.1410618612769 0.0850476392552761 3.66708978050657 2.37734374019747 1.15743727403438 3.08463537616876 1.40689628101858 0.106848112407715 0.0745203660488098 0 0 0 0 0 0 0 0 0 0 0 0 0 0 0 0 0 0 0 0 0 0
1.96970973143689 3.16516488554255 0.977561180401193 7.69160946042626 3.30639133900782 2.66212422304907 4.85564569833522 0.278074673942859 1.38970604123618 0.0808648346967459 0.0061763914674526 0.985579694266003 0.486576631730887 1.69412170802922 2.2750198650982 2.37077684459792 3.15666260239371 2.81436036234185 0.760339005270633 1.71101683935963 2.66225101054301 0.465781924543733 0.230656608584106 0.341064067753616 1.76815892409096 0.192147666957139 0.242474542880453 0.0243359002112889 0 0 0 0 0 0 0 0 0 0 0 0 0 0 0 0 0 0 0 0 0
2.77313324249123 0.81255691564461 0.126189496201538 0.58805149098251 1.67160087870259 4.13215083560577 0.634929588616513 2.77733904771384 1.57120552703459 1.10439430763847 8.1578558422524 0.840644354832203 3.55440880004877 1.03293351639495 0.691112254703558 6.31566209575851 4.96190637862833 0.554685676861059 1.04268552074333 0.192514221107038 1.31595865849997 3.57068732841 1.27138821742123 2.56039036130109 1.7004356213615 0.60906371882379 5.05489043121952 0.0600363454407006 0.153392646553009 0 0 0 0 0 0 0 0 0 0 0 0 0 0 0 0 0 0 0 0
0.525113953516688 2.25097663330317 0.86801141625433 1.10261616926616 0.765482394869469 0.370646790703838 6.06137482881993 0.495014961200943 1.29100924495119 1.49242881113677 1.9766653713499 0.429775215528496 5.96454038234274 0.114932131726033 0.405018389830337 0.208289792366497 1.03921885069562 3.11921822305038 0.527898916919347 1.86464381342144 1.54165010001753 1.80448408060028 4.50826028779688 0.831776571069527 4.00508092642108 3.65552975805402 3.38986320606851 0.539597585615368 1.12700761633805 0.810454753613213 0 0 0 0 0 0 0 0 0 0 0 0 0 0 0 0 0 0 0
2.44390985677329 0.31495065628998 3.39391999500684 0.442245568500585 0.405214864064721 0.320095779262556 0.455289141876226 0.979416184613172 1.26536175101002 5.75518628834709 0.550599135431296 3.41045280587314 1.1733833305053 0.508791825270102 1.73243472566691 0.261692226615745 0.639848657008538 1.35004813695428 1.38211864646382 1.29085491933093 1.26533785322307 0.236021047632906 0.0591279142539238 1.83940004922824 1.65980360298011 2.223804880062 1.28282494575922 2.65027380176073 0.803604662252581 1.53303286244342 0.0617105455174308 0 0 0 0 0 0 0 0 0 0 0 0 0 0 0 0 0 0
3.04325026135588 3.42767798949791 3.87341064387885 3.18788329073332 5.44683936723725 3.28889409216716 0.0352246763225203 0.286771305859626 7.60231970932314 6.50867253301493 2.16013697837259 2.30869635701725 1.66046153110469 1.01693635295707 1.14708229769713 0.293756013841021 5.6473205555059 3.25214096402418 2.95983163487662 1.15478276405842 6.08199053421342 0.520110829398194 3.3896522264876 0.830202863350721 3.14039857203354 8.23913269130115 0.318672706246509 1.00336078123258 0.872771431878689 0.587968634938519 0.607657369693425 2.39860218575908 0 0 0 0 0 0 0 0 0 0 0 0 0 0 0 0 0
1.26244637487837 0.822386215885233 0.0539596573985893 1.50752665625918 0.737106533750524 0.537775766216285 3.665089303204 1.69394293467317 5.71130964676171 1.29902098614677 4.1746762705772 0.0638652877834359 0.999319438554682 1.18238231321267 0.960771536665943 1.568025480213 3.42135266476075 2.06379182228623 0.318857050825025 0.947358690339403 0.131579164092335 1.71411759507795 1.91558141725779 4.93807231431843 2.90210429752855 3.30183875941771 0.015715228954464 0.412910063206323 1.4452662706178 6.75388059379224 0.783532228171287 2.7733822558308 0.145899741499433 0 0 0 0 0 0 0 0 0 0 0 0 0 0 0 0
2.48720575291497 0.0675161217363191 6.84516601871849 1.06690802530702 0.897671708471924 1.43740544372491 0.679602799233779 1.52288054130993 3.81268874829345 1.6979160917166 2.0028649562712 1.61564834592244 6.9406956332674 0.108103435249038 3.33489122877991 5.41296000207767 0.757245685859248 0.909167025187134 5.8173143512153 1.46913870554942 2.4025813002873 1.61473237690653 0.566288865141697 3.12721779944526 5.3623443230049 6.79155908128536 4.42680533068926 0.18692937431242 9.28277811595644 2.12610916599654 1.79385114974424 2.10997869093544 0 0 0 0 0 0 0 0 0 0 0 0 0 0 0 0 0
0.392027365654337 5.67815397578547 1.42775034596187 0.601809373744367 1.87569060816045 0.467698618833605 0.189236027487591 1.52746746756654 2.53956185280116 0.442808923656353 1.93345796366924 1.44878829633218 0.412196936912444 0.387679118652032 0.986148807090695 1.06798640982366 3.84426804956719 0.482986488111942 0.492015481312329 2.92331905502983 2.47592795838167 1.10545074925873 2.35702869890373 0.180745492799102 7.01858203525109 3.20640687270657 2.03232912102995 0.444919971061715 0.3337272482442 0.1211337629057 0 0 0 0 0 0 0 0 0 0 0 0 0 0 0 0 0 0 0
4.41294569521051 2.64350506281482 0.333790429399393 1.59759893353418 0.183327284825838 0.800055244169864 0.0353632032930106 2.16925131176547 0.14232240790274 0.503696330578053 7.38836671167484 5.21001223229247 2.10094214947215 1.70959391547308 2.81653734573815 2.19449637182295 2.69608197151995 1.17521968483363 2.22941033046538 3.8856690844215 0.402711569576119 2.23123675032112 3.83218267723857 2.35662555463374 2.10684905955763 1.89830087060842 3.78469042486772 0.00456528203452241 0 0 0 0 0 0 0 0 0 0 0 0 0 0 0 0 0 0 0 0 0
2.7741717513426 3.08286069586274 2.050135847144 3.07200696211108 1.53796391626156 0.492570854141916 2.29613360334334 1.88228454109447 0.643956482428421 0.190462710431494 1.54110955707553 1.60263130130651 5.38017713813996 1.16486561340193 0.585375690360106 3.8077548638129 2.01917064631904 0.524771445813074 6.91499544827676 0.0761222668685185 0.315511963322576 0.736701951671631 8.91170341031229 2.28219449491011 5.33994481291828 2.76844576760072 0 0 0 0 0 0 0 0 0 0 0 0 0 0 0 0 0 0 0 0 0 0 0
1.67819840460873 3.84079949181909 1.73580703668527 1.14155512826039 0.793503419155486 1.74723346592205 0.930872792474172 3.70109524967879 0.548427020896182 1.17612329384649 0.52022755893944 0.00158170832633898 1.45353506861658 1.23916540177292 2.91431168160988 2.31362526995445 3.22312346855858 3.32656922593218 1.53889392055116 2.48707100740328 0.112495226363293 1.06455587897429 3.46589735561438 6.95897689868287 0 0 0 0 0 0 0 0 0 0 0 0 0 0 0 0 0 0 0 0 0 0 0 0 0
3.3757085440206 1.33413588754776 1.2016112454139 3.67776463033979 2.01528753313181 4.50494298694733 0.972837696217666 0.129566466285366 3.05575474368882 0.23665645102728 0.745208910280867 2.15347130234096 0.803946488966818 2.49851266039738 0.323554343038112 1.44795592145467 1.57625292238459 1.6888022057084 2.8211745183024 1.35202273350801 1.77051246591028 0.688080340277804 0 0 0 0 0 0 0 0 0 0 0 0 0 0 0 0 0 0 0 0 0 0 0 0 0 0 0
2.22412288050396 5.02476277659998 0.899094996134927 2.83267857683248 1.09714926971926 3.01665965104042 2.1660851381313 1.84513672049194 1.11164390070297 3.17915687763579 0.854596273163947 0.0640431865772824 12.9171650876582 1.09042293303341 3.36427065267324 6.45976469657909 3.19430276015362 0.882061084096045 1.89749727136687 7.82267322633494 0 0 0 0 0 0 0 0 0 0 0 0 0 0 0 0 0 0 0 0 0 0 0 0 0 0 0 0 0
0.502682272988955 3.37318045010885 1.52501155648122 4.81342780479766 3.90820512777425 2.88061038058782 4.30168046679697 3.97087268476133 1.7039970899245 1.02764946577481 1.07548247594713 3.08761109651687 3.16604704494526 4.40164583524141 0.345170569210025 0.269681831703566 2.21697313701636 0.736532539966572 0 0 0 0 0 0 0 0 0 0 0 0 0 0 0 0 0 0 0 0 0 0 0 0 0 0 0 0 0 0 0
1.65600223024383 0.220599672859986 0.913610995758055 0.348232084661438 1.88850380675891 0.984297391335438 1.4853871045998 0.317419768091725 0.844720882150047 0.0759255633289532 3.1644396512305 0.676260380845992 1.36940908575968 0.22611223177603 5.05440700426283 0.421006368347496 0 0 0 0 0 0 0 0 0 0 0 0 0 0 0 0 0 0 0 0 0 0 0 0 0 0 0 0 0 0 0 0 0
0.292962705685114 2.79960594065243 0.779494915980408 2.63963896510634 1.50099050223007 0.310098888349714 3.62110464119328 0.329136557881383 1.90228182478375 1.16820249828104 0.123035041173906 1.04280648082742 2.6995050097845 2.65881042337071 0 0 0 0 0 0 0 0 0 0 0 0 0 0 0 0 0 0 0 0 0 0 0 0 0 0 0 0 0 0 0 0 0 0 0
1.4880798343075 0.0188390347852004 4.33559325956768 0.804610200146015 1.11824739479062 11.3361572649945 2.22539451216184 3.43164232700022 0.394983145570448 2.17967351760808 1.62748518226402 4.22881130569208 0 0 0 0 0 0 0 0 0 0 0 0 0 0 0 0 0 0 0 0 0 0 0 0 0 0 0 0 0 0 0 0 0 0 0 0 0
0.311214446755707 0.495487219291426 2.0704059211752 0.260912201189681 2.60084522291834 8.02017964018448 0.526938753568816 3.61764540956422 0.325280838544512 3.26584232036935 0 0 0 0 0 0 0 0 0 0 0 0 0 0 0 0 0 0 0 0 0 0 0 0 0 0 0 0 0 0 0 0 0 0 0 0 0 0 0
4.01737478973776 0.402370859982879 0.914866396339409 5.26542319198327 0.157770305918451 0.30875368151236 0.270695089183688 1.4864555050649 0 0 0 0 0 0 0 0 0 0 0 0 0 0 0 0 0 0 0 0 0 0 0 0 0 0 0 0 0 0 0 0 0 0 0 0 0 0 0 0 0
0.975472889058348 5.31250877922099 2.55281286094088 2.97048513333429 4.77072256167788 3.76951008334445 0 0 0 0 0 0 0 0 0 0 0 0 0 0 0 0 0 0 0 0 0 0 0 0 0 0 0 0 0 0 0 0 0 0 0 0 0 0 0 0 0 0 0
1.41727366638243 0.475286593592038 0.422177452350263 2.39987183656057 0 0 0 0 0 0 0 0 0 0 0 0 0 0 0 0 0 0 0 0 0 0 0 0 0 0 0 0 0 0 0 0 0 0 0 0 0 0 0 0 0 0 0 0 0
2.68032881879985 2.23434040140963 0 0 0 0 0 0 0 0 0 0 0 0 0 0 0 0 0 0 0 0 0 0 0 0 0 0 0 0 0 0 0 0 0 0 0 0 0 0 0 0 0 0 0 0 0 0 0
