1.52120959234265 0 0 0 0 0 0 0 0 0 0 0 0 0 0 0 0 0 0 0 0 0 0 0 0 0 0 0 0 0 0 0 0 0 0 0 0 0 0 0 0 0 0 0 0 0 0 0 0
0.165317485048591 0.357608729670951 0 0 0 0 0 0 0 0 0 0 0 0 0 0 0 0 0 0 0 0 0 0 0 0 0 0 0 0 0 0 0 0 0 0 0 0 0 0 0 0 0 0 0 0 0 0 0
1.74275919093791 2.06462425001313 1.32963558583747 0 0 0 0 0 0 0 0 0 0 0 0 0 0 0 0 0 0 0 0 0 0 0 0 0 0 0 0 0 0 0 0 0 0 0 0 0 0 0 0 0 0 0 0 0 0
7.23892483345762 4.74297001323995 1.59614028653839 4.00169593193349 0 0 0 0 0 0 0 0 0 0 0 0 0 0 0 0 0 0 0 0 0 0 0 0 0 0 0 0 0 0 0 0 0 0 0 0 0 0 0 0 0 0 0 0 0
7.22494655478688 0.311306004199242 2.35346313807714 0.321190296620724 2.9757088050831 0 0 0 0 0 0 0 0 0 0 0 0 0 0 0 0 0 0 0 0 0 0 0 0 0 0 0 0 0 0 0 0 0 0 0 0 0 0 0 0 0 0 0 0
0.88142682090247 3.01798247172452 0.842599820659111 0.00274111408142218 6.47248595101669 0.448692899659745 0 0 0 0 0 0 0 0 0 0 0 0 0 0 0 0 0 0 0 0 0 0 0 0 0 0 0 0 0 0 0 0 0 0 0 0 0 0 0 0 0 0 0
1.57518564496414 0.797847641268157 3.28850501807809 2.05240503996102 7.80235447541589 0.115646270211958 0.107756639761708 0 0 0 0 0 0 0 0 0 0 0 0 0 0 0 0 0 0 0 0 0 0 0 0 0 0 0 0 0 0 0 0 0 0 0 0 0 0 0 0 0 0
0.456760225436959 3.41739445501215 1.48852033398737 1.23666656428587 0.964412639279922 3.11274289051225 0.323956770906317 3.928629072834 0 0 0 0 0 0 0 0 0 0 0 0 0 0 0 0 0 0 0 0 0 0 0 0 0 0 0 0 0 0 0 0 0 0 0 0 0 0 0 0 0
9.20895820883818 2.75750863720053 1.24954905701499 0.848165653235159 4.94011945051681 8.39786625212492 2.30702784616754 3.09598966959533 0.106406882506656 0 0 0 0 0 0 0 0 0 0 0 0 0 0 0 0 0 0 0 0 0 0 0 0 0 0 0 0 0 0 0 0 0 0 0 0 0 0 0 0
0.812993982247877 5.32022019101867 1.15907761305671 4.65241801650516 6.53973556378955 0.182458253410251 0.815523074601154 0.676444106779952 13.1616734098766 0.859428810674777 0 0 0 0 0 0 0 0 0 0 0 0 0 0 0 0 0 0 0 0 0 0 0 0 0 0 0 0 0 0 0 0 0 0 0 0 0 0 0
1.80258954772433 2.95255100987061 2.24119885455029 1.84193075773727 2.36131919927015 0.740107305107595 8.7721862726312 1.21114692336463 2.05956993326652 1.3938780756316 2.94375988584065 0 0 0 0 0 0 0 0 0 0 0 0 0 0 0 0 0 0 0 0 0 0 0 0 0 0 0 0 0 0 0 0 0 0 0 0 0 0
2.17345645198741 0.99840731297665 4.02330753197508 1.36290158853633 1.42585198650258 2.94849345571801 0.152685673781161 2.94606147839389 1.96872201521723 0.51427666143568 0.637735359045307 1.07711952917677 0 0 0 0 0 0 0 0 0 0 0 0 0 0 0 0 0 0 0 0 0 0 0 0 0 0 0 0 0 0 0 0 0 0 0 0 0
3.57093650051576 4.68855812697148 2.2399166822239 0.619356549143173 2.77836968769892 3.93803274964556 0.121185513870033 3.10117244984672 0.964766741075855 0.933428635025892 1.39185002115321 1.36385032198984 1.09410305524334 0 0 0 0 0 0 0 0 0 0 0 0 0 0 0 0 0 0 0 0 0 0 0 0 0 0 0 0 0 0 0 0 0 0 0 0
2.54885086887463 4.34881315278377 0.340561052984352 1.37161408880607 0.530700340135766 1.15337299419921 1.70471113001994 0.940584222082344 4.69632681551424 0.967714307286849 1.66461862015041 11.6257949655243 1.36348089342501 3.0343011199634 0 0 0 0 0 0 0 0 0 0 0 0 0 0 0 0 0 0 0 0 0 0 0 0 0 0 0 0 0 0 0 0 0 0 0
0.162527437042065 3.41330537416778 2.50447371238937 0.457668095450113 4.99173278318639 12.6554580646357 0.10940224604762 1.83964437719944 12.4822132357792 3.94438846558421 4.26522017172537 0.395302390104868 2.10303166401257 0.630146105547474 5.76951703233584 0 0 0 0 0 0 0 0 0 0 0 0 0 0 0 0 0 0 0 0 0 0 0 0 0 0 0 0 0 0 0 0 0 0
2.13770811418101 1.02026669080924 0.253632499312697 2.72581015075012 2.05122541835554 0.749121864033241 1.52744262901493 1.29780443800479 1.90952214267383 0.622280409817666 0.550165491494808 8.84380241750604 1.95347133738507 0.707042622826589 1.00113710647332 4.75097668852058 0 0 0 0 0 0 0 0 0 0 0 0 0 0 0 0 0 0 0 0 0 0 0 0 0 0 0 0 0 0 0 0 0
0.444026995937557 1.70022829216973 3.19517017927718 1.52486316133015 1.94451981182738 1.37304546081036 1.30286048452386 5.00190746353653 2.61622768422989 0.00524019653510243 4.98557749080866 0.273147246307075 0.173851145468056 5.20039694138557 2.42079166726487 1.32805124700128 0.279777148508394 0 0 0 0 0 0 0 0 0 0 0 0 0 0 0 0 0 0 0 0 0 0 0 0 0 0 0 0 0 0 0 0
1.80187644588455 1.24370411251286 2.39564845263813 11.9344286902165 0.0996450967830382 1.32804463507846 4.70565588376232 0.781841208776721 0.298494624952032 0.776815392705283 3.26887135071177 1.55064716414353 0.788847854303428 4.72841748644998 3.36544896213355 0.221680402585565 4.41657309945735 0.774918627124726 0 0 0 0 0 0 0 0 0 0 0 0 0 0 0 0 0 0 0 0 0 0 0 0 0 0 0 0 0 0 0
6.51927538460747 3.17062524710292 3.44364292145127 1.26770875713083 4.63765198096732 5.60779917469222 1.3400842966816 1.53617417495516 11.8581707275269 5.34361050270569 0.830158028923242 0.548417367421054 1.22204386403014 0.262478909015416 3.30110227140713 2.49407941816697 0.0782853529592794 0.22773407098814 9.22924859102859 0 0 0 0 0 0 0 0 0 0 0 0 0 0 0 0 0 0 0 0 0 0 0 0 0 0 0 0 0 0
5.08679817962316 0.422073481799214 0.437538055771167 0.507963250457586 3.69262737929172 2.92631101325372 2.03899523264467 1.95891411256662 8.96477192666734 1.2542947409419 4.03721967407674 1.89606364334191 1.21876778293689 3.67246404194569 1.41824155815131 2.48066257375015 0.993996726174466 3.56019566913171 5.82483601526774 0.936448168563622 0 0 0 0 0 0 0 0 0 0 0 0 0 0 0 0 0 0 0 0 0 0 0 0 0 0 0 0 0
1.91938168776905 3.454638160488 1.82710018034918 1.38854868156586 0.821210981928973 0.396739225739391 3.77804207196422 0.337447407022901 2.37806081152259 8.27261894022678 1.99273639437912 4.03971276844553 2.73252919305717 2.95994261249595 2.7916021198428 2.0171625843683 2.50429963541526 2.46736611595287 9.37423901457808 1.29735954916718 0.489573649344532 0 0 0 0 0 0 0 0 0 0 0 0 0 0 0 0 0 0 0 0 0 0 0 0 0 0 0 0
0.661955321627575 0.177931332307813 2.45784967091612 2.99437671096781 2.89588680643613 3.18740901858848 4.08414759693419 0.0807158208480377 0.916613428497159 4.92350411916351 0.638044340411167 4.47880028675768 4.89619741645962 1.04959331468326 2.51068206784014 1.58105855147288 1.35840875254212 6.98041790186288 2.1933126492325 3.21634615692157 4.15292952428038 2.52842996724323 0 0 0 0 0 0 0 0 0 0 0 0 0 0 0 0 0 0 0 0 0 0 0 0 0 0 0
4.58417116056439 0.420921934080108 2.4393300432616 4.10586090853173 5.82962506498234 2.82114205247608 1.34223900548161 0.550786461113826 0.522775535039215 0.502769468677863 3.28135644652674 3.8118235108008 0.420412593920399 0.641596693961115 3.85232305701687 4.2294169800394 1.79658751768441 1.41927957261854 1.1712373908925 4.12290393591703 1.97972783188367 4.82058658968211 0.133778376965034 0 0 0 0 0 0 0 0 0 0 0 0 0 0 0 0 0 0 0 0 0 0 0 0 0 0
1.21304673282069 2.9524309967126 0.121096581069122 3.62641277121462 0.494402081531479 1.71098508411242 0.377576007530558 3.05329925847529 1.22881350281708 0.359020407463798 0.604540634697729 0.735141899968505 3.74215570982736 2.81248851149018 2.58344831331513 0.567656670630918 3.18349881678167 1.86800806072954 1.00454584471441 0.245720427396644 2.92712157462507 2.18697531176698 5.07424509576052 0.877144757232674 0 0 0 0 0 0 0 0 0 0 0 0 0 0 0 0 0 0 0 0 0 0 0 0 0
0.221725093487899 0.448125703842648 8.02051055941392 4.38563509170996 6.09427003718538 2.91870950351086 1.94241788141548 3.02541680746456 9.88523493623003 1.12254602044509 3.00635770422621 1.37968129087092 0.624799680936293 6.33734041970718 3.51406617876633 6.28731250635635 0.207866797552433 4.19644217751453 6.55058076139674 5.74231284128998 3.82074027405515 2.1468285310844 4.77928136367745 0.392781342244407 2.8078627438195 0 0 0 0 0 0 0 0 0 0 0 0 0 0 0 0 0 0 0 0 0 0 0 0
5.53382621348283 2.70289870053235 1.78467655646533 1.41671034642266 6.59764740665349 2.01500362727134 3.22328093490148 5.9761228630572 2.06080463698156 3.77285775569359 5.35120565543733 0.437992973870783 1.58411856045941 5.86777945457079 1.44256407249177 0.36062641630173 0.119551555568121 0.504391118913208 6.05826062614729 3.66751246975202 1.39166113530235 4.86907399742629 0.690137974074612 0.103877449562158 1.02758802374745 1.66337725723892 0 0 0 0 0 0 0 0 0 0 0 0 0 0 0 0 0 0 0 0 0 0 0
5.28712575259371 0.844746716625692 1.59962603641116 0.657178420543093 1.20840506513392 0.769638588599236 2.28622911436107 2.01133330103215 1.28903627466457 0.0320289328093608 7.87881712721324 2.34260462580638 0.308903953304626 1.6510323358737 0.535733652016164 2.35576507909393 0.530841313587762 3.21929976777377 1.15679002632697 1.9040654636057 0.0827036973569478 3.26241362215937 0.251259006945763 5.31351446020712 2.34655714028599 0.322143130787506 1.72247260948759 0 0 0 0 0 0 0 0 0 0 0 0 0 0 0 0 0 0 0 0 0 0
1.23371089096368 2.35649126293193 2.3839812015214 1.7624367910986 0.183522843180134 2.2404192750596 2.6811662845116 1.18573304875518 1.30193150134522 4.2753520097755 0.144491980576966 1.58465738257044 3.32574050330474 1.67370194011021 4.17568704947652 4.69077640750428 1.03905489720359 7.20460370418874 0.186541773598369 4.88478371263542 2.10979092477518 0.352109957472661 1.80895606033963 2.54871580497228 2.91303991657999 1.66861715176033 1.47669181219584 0.34689631099773 0 0 0 0 0 0 0 0 0 0 0 0 0 0 0 0 0 0 0 0 0
1.53793411592711 2.40868587523025 0.359821106130748 0.353659406330596 3.36842173420707 6.02161645852468 0.618956829342103 0.74124720141695 4.00675025407156 0.260986069556195 8.41676857202489 0.745671171867222 0.231338312379698 0.151762983837305 3.25429367852666 5.97130334984662 2.1125229860526 2.58475962018221 0.831544536882629 0.00342101947827322 0.0635601093502389 1.79225979996005 2.64619201843 2.13813652382844 2.4623654859203 1.44012180237751 0.73573163495599 2.6200062543182 1.43844721612638 0 0 0 0 0 0 0 0 0 0 0 0 0 0 0 0 0 0 0 0
0.756111855984939 1.14121401131122 7.93448558698193 1.6237295971794 0.864900207219577 1.20406029369134 0.977048871626105 0.411544434899611 2.28401507063217 0.172301174284649 0.833887631501203 1.09218704539984 0.182283716116166 0.449871749656703 1.58311816207488 1.33972178569959 0.386659101377833 5.3968873513051 0.947172236679392 0.796473650472903 1.95712957777414 1.8621031991773 0.398997899984512 2.5887995906275 0.119262682413288 1.51131027543165 1.79417624684096 0.954519258837215 1.09404671903915 6.19165896203402 0 0 0 0 0 0 0 0 0 0 0 0 0 0 0 0 0 0 0
0.351783547187116 5.85365494312357 0.397556969317757 5.95833396772706 4.087814408293 2.47908792267502 2.13100960383813 2.03578005775722 6.36646307612824 2.81726477116154 3.95145234467729 0.564962023217807 4.85849865829295 6.00949015103491 1.64699555229015 0.556285911867183 0.332286788615497 2.51382543414188 0.961358200406949 0.19693911452645 1.04345351849318 5.11337227775254 0.352715161454123 1.37143622199263 0.133388361303813 0.163330362960236 1.53929660661018 2.94946703432756 5.33120438017925 0.260912028935443 0.111663276380177 0 0 0 0 0 0 0 0 0 0 0 0 0 0 0 0 0 0
0.962735722863915 1.35087867867276 0.958024123889724 2.55619323545621 6.07153384475954 0.228724782733567 3.93645644945053 0.942549114389297 3.87766055811935 0.76812259083786 1.29491600296191 0.567639839491761 1.08018626850337 3.87164155417452 1.36612125540687 1.38313344134266 1.97556817278781 1.13283368497379 2.90296714355769 0.27602661055021 2.88895735310673 3.8484798471393 2.33782886471418 2.91838314181845 1.71331442281062 0.038283137210343 1.03238785536701 0.608294196588699 1.37157565810808 3.52276961743696 0.117415386940904 0.207508541772512 0 0 0 0 0 0 0 0 0 0 0 0 0 0 0 0 0
1.79526217753229 5.62219623172359 0.15468263490641 7.38327541747394 0.656335445112757 2.15767176794009 4.14707390157843 2.94062654645866 5.11990844233009 9.62464012955055 0.120435005117798 2.43909713505683 0.142302601502712 2.76733051834501 1.22192166464472 0.410960973718355 0.0456011260093443 3.16269126094703 0.488578696238168 4.71210837720367 3.89587115081602 2.09700276751784 0.360841743562217 1.01059575177447 1.03515910975461 2.19536409991348 1.38222072763939 1.73930892374914 2.44575456975058 3.72889084469515 2.33159320996234 1.62265093299128 4.02059851230513 0 0 0 0 0 0 0 0 0 0 0 0 0 0 0 0
9.58583740424474 1.38872953534166 2.00086720551382 2.48962110730682 6.94205431918485 1.3634801458245 1.47448365930357 5.37919795964272 0.336095310630797 5.82155175219103 0.390864751110517 1.42972434040388 5.70880325417718 1.1778037621002 0.435496160789303 1.232841029428 0.397607766121474 1.06663452581404 1.90734210987322 2.05580183079379 0.0819727096726394 1.32593132200732 1.54282712564776 2.47695880169121 0.885132736884839 2.65717786835009 1.83309647794263 0.982470476759253 0.875603592200269 0.241929577022411 4.47892067996317 3.74511774455945 0 0 0 0 0 0 0 0 0 0 0 0 0 0 0 0 0
1.96840318283858 9.19662281909352 4.19754563373788 5.02556068424785 5.28245989844075 0.305031049338263 2.00647200951797 0.458681189204207 1.12809889340481 4.27237742094597 0.323213090871132 10.6664756187463 0.958379252379347 5.14453447316371 0.651722616696417 3.76781288694254 0.631085830759365 3.5639910353 0.247095072207663 2.11700182463523 0.0239350633215954 1.27045876382044 0.278104138798678 0.882891799072939 1.27767565423367 4.7345331207271 0.559276039718328 1.99453765082685 0.40613806759355 2.14464688876384 0 0 0 0 0 0 0 0 0 0 0 0 0 0 0 0 0 0 0
0.147157129556068 2.69327980507809 0.508399245145705 8.53727388939532 2.55334100289192 2.58866907135083 0.798618349782288 4.62723892239985 4.80378904334108 2.07609542482389 3.07171162851505 0.720164421642393 9.72018915384554 2.26161246098316 0.616843949657958 0.355936163312793 0.171929352153153 0.0345107210740616 1.62631616415094 5.05928570934782 0.0940816743086422 1.84940640264527 2.84123705479862 2.88886821095075 3.29901200298865 0.139785530823557 0.263853788823413 1.0809383522464 0 0 0 0 0 0 0 0 0 0 0 0 0 0 0 0 0 0 0 0 0
1.19101000548231 2.81478937623502 0.876106454593201 3.98062085352261 0.1632578296569 1.16652754024267 2.90444584601036 0.100689260359567 0.707876285833349 2.43540052416152 6.21770419694129 1.43106943559597 5.23230817459138 2.41379084528108 0.642216153361154 0.991779678190039 0.318786841663644 1.24255570484388 1.59660212766174 1.35947868502636 0.432526385177884 2.01047539065776 3.77919989054962 1.22121497009289 0.65369788582683 2.68902503657752 0 0 0 0 0 0 0 0 0 0 0 0 0 0 0 0 0 0 0 0 0 0 0
1.67535793102351 0.251650435094702 1.50879581689883 5.65444137974132 2.41939729490856 2.42156473342463 2.19719260896943 0.91975582417693 0.193599023223566 0.329542790924414 0.327122097122675 7.19429086526979 3.66555050995263 8.1770479582233 1.23477226196444 1.67129330365599 1.94855235961244 1.6320489186508 2.19155420762477 0.411215778044369 2.18593832559246 3.79007104869686 4.88182877604925 0.990744273168449 0 0 0 0 0 0 0 0 0 0 0 0 0 0 0 0 0 0 0 0 0 0 0 0 0
4.73326457092221 0.562355976163443 0.414640001704632 0.785845372550613 0.518185982054039 0.462385885466379 0.656925275975305 1.13037323659911 1.03172583390945 0.770649006297811 1.04545086726531 0.669413203142225 0.751353149724864 4.79264395795335 5.30139573585204 4.41818201286088 0.634591476681915 0.346605426902226 1.62964729439284 1.99826535330759 2.0332416657078 0.0460777115668542 0 0 0 0 0 0 0 0 0 0 0 0 0 0 0 0 0 0 0 0 0 0 0 0 0 0 0
2.75004666642261 2.29173061554919 5.78836457804516 1.97361373638796 2.34797533536885 0.437386698804927 0.33695867662493 0.397548908158615 0.101348765128224 1.58522288599759 0.943570389839424 0.683768796721397 3.48329040191996 1.86125927638729 0.250831428828113 4.0189999816001 0.915007672704568 0.564595376517804 0.681726973146299 1.16108542664424 0 0 0 0 0 0 0 0 0 0 0 0 0 0 0 0 0 0 0 0 0 0 0 0 0 0 0 0 0
2.61425743640637 1.74305092238415 3.30844956597547 4.87489833761744 3.51434206745001 2.92095176169709 5.47828458672562 0.0491736733618226 1.90600140262118 0.487198104567254 6.47182515436981 0.86692590515089 4.44583662168569 2.00120122729012 11.5193976915504 0.799127325674105 0.277069392717794 7.49135227101054 0 0 0 0 0 0 0 0 0 0 0 0 0 0 0 0 0 0 0 0 0 0 0 0 0 0 0 0 0 0 0
1.3288262998816 0.0152336414153951 2.92037965318655 4.09009274475456 0.457637587193128 3.77477183996166 0.332260329736137 1.73146761574912 0.676119679564328 2.90633284368476 1.8977794718856 0.0836721293760235 0.307909725541232 2.91266534951539 0.361927269078499 2.12862068307219 0 0 0 0 0 0 0 0 0 0 0 0 0 0 0 0 0 0 0 0 0 0 0 0 0 0 0 0 0 0 0 0 0
3.3041010773242 2.43625184189676 3.97630082007068 3.26463157690151 0.414904085758503 4.32909457932244 0.267875548247325 0.922209933534131 1.68930156207872 0.206485857461022 0.176082106629901 1.36700889619284 2.97775834576548 0.115227053789517 0 0 0 0 0 0 0 0 0 0 0 0 0 0 0 0 0 0 0 0 0 0 0 0 0 0 0 0 0 0 0 0 0 0 0
6.91948709997461 0.929640360631714 0.427688174465223 0.611600223182296 0.184598155260153 2.4854812158908 0.907066293263041 0.768058162929353 1.04401330522181 2.05885433529601 0.419112309498638 0.686672237383341 0 0 0 0 0 0 0 0 0 0 0 0 0 0 0 0 0 0 0 0 0 0 0 0 0 0 0 0 0 0 0 0 0 0 0 0 0
0.433655910401785 2.05060922882958 2.81419418342856 2.13588238180886 0.480255368290182 2.76587587988447 4.14290781896171 1.08095441134817 0.82092494719762 1.0399502014086 0 0 0 0 0 0 0 0 0 0 0 0 0 0 0 0 0 0 0 0 0 0 0 0 0 0 0 0 0 0 0 0 0 0 0 0 0 0 0
0.0295513054532931 2.54330366681439 4.70325502063097 3.91668328316827 0.395028345372193 0.295240517987338 0.895475228610817 1.12264399198042 0 0 0 0 0 0 0 0 0 0 0 0 0 0 0 0 0 0 0 0 0 0 0 0 0 0 0 0 0 0 0 0 0 0 0 0 0 0 0 0 0
2.1843702957561 2.37791753804345 2.75823980604829 2.78669437829751 4.50020432108464 0.343292046630927 0 0 0 0 0 0 0 0 0 0 0 0 0 0 0 0 0 0 0 0 0 0 0 0 0 0 0 0 0 0 0 0 0 0 0 0 0 0 0 0 0 0 0
0.287910520338656 3.04942661000466 2.43616972825924 0.807923673975189 0 0 0 0 0 0 0 0 0 0 0 0 0 0 0 0 0 0 0 0 0 0 0 0 0 0 0 0 0 0 0 0 0 0 0 0 0 0 0 0 0 0 0 0 0
1.82200777716035 6.57850206279496 0 0 0 0 0 0 0 0 0 0 0 0 0 0 0 0 0 0 0 0 0 0 0 0 0 0 0 0 0 0 0 0 0 0 0 0 0 0 0 0 0 0 0 0 0 0 0
