2.24861582303337 0 0 0 0 0 0 0 0 0 0 0 0 0 0 0 0 0 0 0 0 0 0 0 0 0 0 0 0 0 0 0 0 0 0 0 0 0 0 0 0 0 0 0 0 0 0 0 0
0.170732689637528 6.02406070736941 0 0 0 0 0 0 0 0 0 0 0 0 0 0 0 0 0 0 0 0 0 0 0 0 0 0 0 0 0 0 0 0 0 0 0 0 0 0 0 0 0 0 0 0 0 0 0
2.98543202624814 5.05531076537102 5.48498711028356 0 0 0 0 0 0 0 0 0 0 0 0 0 0 0 0 0 0 0 0 0 0 0 0 0 0 0 0 0 0 0 0 0 0 0 0 0 0 0 0 0 0 0 0 0 0
3.29841992039629 1.75178299543035 0.0252103940778483 3.34075588705652 0 0 0 0 0 0 0 0 0 0 0 0 0 0 0 0 0 0 0 0 0 0 0 0 0 0 0 0 0 0 0 0 0 0 0 0 0 0 0 0 0 0 0 0 0
4.29858691487704 1.89439740733146 1.1766258840495 0.603079064630851 6.74936732127849 0 0 0 0 0 0 0 0 0 0 0 0 0 0 0 0 0 0 0 0 0 0 0 0 0 0 0 0 0 0 0 0 0 0 0 0 0 0 0 0 0 0 0 0
1.36719865928448 4.79983774891324 0.173944684566273 1.3038082071133 3.95266936812691 4.6447670014564 0 0 0 0 0 0 0 0 0 0 0 0 0 0 0 0 0 0 0 0 0 0 0 0 0 0 0 0 0 0 0 0 0 0 0 0 0 0 0 0 0 0 0
2.29451581478503 1.55840531662825 5.44239269211642 0.589028561397689 0.0825478185516707 1.61907357978048 0.563181025984436 0 0 0 0 0 0 0 0 0 0 0 0 0 0 0 0 0 0 0 0 0 0 0 0 0 0 0 0 0 0 0 0 0 0 0 0 0 0 0 0 0 0
0.318473089211666 6.77129957838603 1.96555035831833 1.82059289464191 4.30719632106948 1.26429595062192 0.840735953742843 1.18889877348394 0 0 0 0 0 0 0 0 0 0 0 0 0 0 0 0 0 0 0 0 0 0 0 0 0 0 0 0 0 0 0 0 0 0 0 0 0 0 0 0 0
0.935679023803632 5.14465223216111 3.74997207149907 1.69032526688354 7.32506360516098 1.69744794467609 0.302133736074484 4.6349175605858 2.35222858548638 0 0 0 0 0 0 0 0 0 0 0 0 0 0 0 0 0 0 0 0 0 0 0 0 0 0 0 0 0 0 0 0 0 0 0 0 0 0 0 0
2.32776326741236 6.90049837195981 2.57782313492823 1.58357797465565 1.48624483559126 3.92720631922638 0.0695962798693806 0.352894557964998 0.0954787531032277 1.81395636047966 0 0 0 0 0 0 0 0 0 0 0 0 0 0 0 0 0 0 0 0 0 0 0 0 0 0 0 0 0 0 0 0 0 0 0 0 0 0 0
0.471867389450373 1.63344972931096 1.0000734304651 0.555974649480827 1.06744517124901 4.48681045548031 0.183018417607762 2.51740864717954 0.64273542294838 0.535030793746573 4.83433058356335 0 0 0 0 0 0 0 0 0 0 0 0 0 0 0 0 0 0 0 0 0 0 0 0 0 0 0 0 0 0 0 0 0 0 0 0 0 0
0.144694517450157 6.68520687672832 2.32435925420885 3.57358303024468 4.51150150416144 0.0248300858478132 3.72808996649679 1.53082942431533 4.81295832748673 5.22411798877773 4.07387712422002 0.763276001368076 0 0 0 0 0 0 0 0 0 0 0 0 0 0 0 0 0 0 0 0 0 0 0 0 0 0 0 0 0 0 0 0 0 0 0 0 0
2.75893942049149 2.14554560816347 2.54327923232037 5.57169772088168 5.76889154090019 0.658729198897021 0.25132010916039 5.93626028887668 1.2055461800028 6.8979606772511 2.86630768216956 1.3564968206728 2.80312416044064 0 0 0 0 0 0 0 0 0 0 0 0 0 0 0 0 0 0 0 0 0 0 0 0 0 0 0 0 0 0 0 0 0 0 0 0
1.21456823716374 3.25209811268895 1.8242683033072 2.28319448757096 0.596787775695209 0.155612761186357 2.13488587553533 7.9769236559972 1.66641590419998 1.52483539625698 0.185126317823307 0.195764514448293 0.0599878664222867 1.33277075102921 0 0 0 0 0 0 0 0 0 0 0 0 0 0 0 0 0 0 0 0 0 0 0 0 0 0 0 0 0 0 0 0 0 0 0
0.481945946627242 2.40443958903702 8.83902860938748 0.444086968580629 2.31123454887302 2.05357558521867 1.61713115609703 2.0674294463569 0.760073478594708 1.1927774562964 0.0593881022213532 0.458287959138231 2.71756921020529 0.278441118258155 8.79066593525846 0 0 0 0 0 0 0 0 0 0 0 0 0 0 0 0 0 0 0 0 0 0 0 0 0 0 0 0 0 0 0 0 0 0
0.464312862382946 0.579353021325503 2.63744818770808 1.01516917195463 0.1289238988515 0.818666156154024 0.578912179496621 0.53667821608389 2.1500518003141 2.98042915200729 0.174447728269543 2.97170789757707 0.667606292032565 1.67898791429313 3.75446772391561 0.120083311866435 0 0 0 0 0 0 0 0 0 0 0 0 0 0 0 0 0 0 0 0 0 0 0 0 0 0 0 0 0 0 0 0 0
3.83038662753605 3.12592611786483 0.477978386683538 2.04545627659809 16.4436731168806 2.73261296707403 3.84411546322795 1.00892351794602 2.79872332923293 0.38348030119514 0.0742241818624572 5.27991719776269 4.16917779628042 3.26464521472242 4.12626438105486 2.98517799038376 4.27597411336967 0 0 0 0 0 0 0 0 0 0 0 0 0 0 0 0 0 0 0 0 0 0 0 0 0 0 0 0 0 0 0 0
2.58079200762327 3.51038371718806 5.3083710959572 1.08156703600264 3.85820906205324 2.34525563382802 0.162642379219952 1.53483909323222 4.52597491004893 4.32384649509922 3.05325727872799 6.64571669253897 0.658183318249104 3.63256751134152 2.17952321703173 5.89108438544182 1.92333087688798 0.968802174760693 0 0 0 0 0 0 0 0 0 0 0 0 0 0 0 0 0 0 0 0 0 0 0 0 0 0 0 0 0 0 0
2.10389467437277 3.20680857893185 2.53273271914434 0.70157430171231 2.66094664234528 2.69914208878075 0.0928702645064013 3.42612996644529 1.69167751632218 6.06536141246619 5.50066037742263 0.00194796389152788 1.34340637122238 0.900868354406441 0.110451471321682 0.214382522670116 2.29159699309325 0.771286388229828 3.32458405441605 0 0 0 0 0 0 0 0 0 0 0 0 0 0 0 0 0 0 0 0 0 0 0 0 0 0 0 0 0 0
2.73342316788944 0.975617165941168 3.86997902256073 0.464952373269336 1.37333439292353 0.697435766718816 4.39006036991881 0.496394881771782 4.43833729676234 2.52445585276692 3.32952747048715 0.10576434763895 1.8732205948123 3.869313793569 0.353013372767019 2.81885675499609 1.62742014652034 0.299407227235798 2.90347044482239 2.81361624439274 0 0 0 0 0 0 0 0 0 0 0 0 0 0 0 0 0 0 0 0 0 0 0 0 0 0 0 0 0
2.22571273880813 3.83084777552501 2.97183298944001 3.0280665213597 8.03581229275142 1.96251523255754 3.79164441438883 0.0711074446095087 3.56514705837176 0.0595228975631132 1.53400006773907 3.57202977998582 3.10353652542407 1.32088388658292 3.02263274757064 0.741702825034706 0.515620694966927 2.78007305674421 0.932613904250829 2.22710864247582 1.02520652036684 0 0 0 0 0 0 0 0 0 0 0 0 0 0 0 0 0 0 0 0 0 0 0 0 0 0 0 0
0.0739364053023387 0.517774223976765 0.84150066019519 2.215953445206 2.20279578168802 2.80144241578454 0.590211119734967 5.19836710386194 4.57620396582474 0.867818556035253 0.330665151961538 3.31059314706767 1.85042094976991 1.64754256747272 0.100282350499928 0.112681182612939 3.40403679837719 1.07398903666126 1.97848994543935 2.6256417444124 4.2108264547019 1.28405910372381 0 0 0 0 0 0 0 0 0 0 0 0 0 0 0 0 0 0 0 0 0 0 0 0 0 0 0
5.68075167008066 0.786316406865692 9.77983101238145 3.63367072516756 2.26783587815438 0.896887192311081 3.28883203331849 7.52415836991398 4.51675105519947 6.57660786461997 0.602654354945597 1.08203397003072 10.7191689177444 0.45342170383917 1.74308025610843 8.3079273475364 6.37477099645656 0.602887118640365 1.32789064520546 12.2913325249643 3.16047606878143 2.96035630931878 9.06127297708283 0 0 0 0 0 0 0 0 0 0 0 0 0 0 0 0 0 0 0 0 0 0 0 0 0 0
0.683914805130583 1.57868914060078 0.353896289042662 3.98259074420765 0.213552480663887 4.38829771118074 1.88689197739673 2.55957105685045 3.03901149168796 4.06110908687821 1.22771348036129 2.92845023734624 2.86746737442711 3.2560392840741 4.7546625943562 1.7037578461091 4.31557235474799 2.97895008753287 1.02969957904791 1.40299586921636 1.1797745281235 0.158672750790196 2.41052912871435 0.485684649302339 0 0 0 0 0 0 0 0 0 0 0 0 0 0 0 0 0 0 0 0 0 0 0 0 0
4.24416091000594 2.04389282996423 0.779255924679812 2.03116393531646 0.59247271355268 0.441202339398036 9.37192243375338 6.25547647551222 6.66714729925675 0.25204572366675 0.415930699819967 2.03020078088971 1.33659464450312 2.19960943986111 4.10046830018592 2.40887257692905 0.924579845022496 2.88326331954255 3.24123604803419 1.13357222159854 1.81369986843991 2.08255188863152 10.5525792269548 1.65614611595146 1.91567668670852 0 0 0 0 0 0 0 0 0 0 0 0 0 0 0 0 0 0 0 0 0 0 0 0
3.6528527975704 0.359808527774546 1.13299579357011 8.0170328761867 2.66781548062017 3.76128702518773 0.254595994835897 3.46942108142829 3.07458666099856 3.05519940039818 0.383879205749601 3.2332073830136 2.19160651418624 0.109302007057314 1.48455087047892 0.708347180479959 0.780006125792293 2.56798748023349 0.990796208440548 6.43455199041178 0.278482553010571 1.9790387905862 5.42933059897787 4.48641610464456 16.5046870315301 0.327859567042088 0 0 0 0 0 0 0 0 0 0 0 0 0 0 0 0 0 0 0 0 0 0 0
0.34416095884627 1.79276357576082 0.580087012137584 2.42983415415599 0.874318900284314 4.25396596563546 0.480504680387489 0.182190005784564 1.23589804799576 2.68857881271865 7.25048395079696 3.69374622730642 0.60800585548817 8.20362729017862 0.527287867288636 0.0750384605606336 0.283111638174352 1.41565447852612 0.201949758163472 0.823773709170724 0.279062988773474 1.60777980120563 3.23573958425724 1.17224896978443 6.25318934287042 0.147868176150694 0.443557999002757 0 0 0 0 0 0 0 0 0 0 0 0 0 0 0 0 0 0 0 0 0 0
2.20477715106837 0.306296422015812 0.169943634030727 4.82848581335309 1.39178859918219 0.0326907676324088 1.68592365875947 2.09256091085778 3.65250219506587 1.75977669030321 0.500475695476757 7.64602979270743 7.96770007640172 0.580187091709606 0.593514401011906 4.59326079742945 0.390100655265146 0.58987137629564 0.0768460150683293 1.38832913408246 1.78577368865835 0.350462664732563 0.9910709730025 0.0642103792490557 0.223671804934134 1.89970750011742 3.05383751324719 1.76768814045416 0 0 0 0 0 0 0 0 0 0 0 0 0 0 0 0 0 0 0 0 0
0.0693037654327596 4.52703832491715 0.357416506917435 1.70602831914081 0.873466646163671 5.89509549184094 1.40066338391368 0.667234821529197 3.03219911648903 9.93196648994987 3.5461481539583 0.288817799484187 2.54462299819744 0.401677330493596 0.0821111626403624 1.74405799442269 9.96243758765266 6.06502470069325 0.8649733237036 0.162320090103827 1.52229910355441 0.251900392323549 5.33255508782443 1.60440595706866 0.541729472775702 2.06913166416149 1.42360251723097 0.111643325450957 0.90400589200753 0 0 0 0 0 0 0 0 0 0 0 0 0 0 0 0 0 0 0 0
1.76066166848625 0.485019078172228 6.11335472457009 4.99357416074404 2.16200735046459 1.59312671760595 0.798279643245724 2.32772683783478 3.44605131531767 5.9455137558127 2.33816081437229 4.31173557971751 3.38707487218726 0.483948024443033 4.34560134068474 13.1225515966821 2.11649048763336 1.58747148639343 4.02886162613867 2.94952912738464 3.21088601875452 3.37626436288349 3.35305512529457 7.15209954527885 7.1892506774398 0.240768374780746 2.84109386602444 1.32922124954466 0.771629051653485 0.847828552884972 0 0 0 0 0 0 0 0 0 0 0 0 0 0 0 0 0 0 0
1.72569782974659 0.0862762613180844 1.13376503530254 3.6442492647998 1.050384000378 0.349165140474505 5.51367558704677 3.79921203858611 2.93068385016685 2.30186106960743 0.898769033636539 0.30662110888321 5.16635008230444 3.06331272495275 3.1976154942021 0.534893106923212 1.5760876177572 0.91653964299723 5.57961830032947 3.62720297847393 0.452593132583454 2.20836576564629 4.99173300216718 0.29565941732447 1.99738891562072 2.55614201691022 6.64639735620041 3.12904440989665 4.26664544199262 2.97218390842229 3.07156236567663 0 0 0 0 0 0 0 0 0 0 0 0 0 0 0 0 0 0
4.59406932081361 7.3166750399364 0.096168234606896 7.51570015229013 2.60348586462051 1.44368496887553 8.66552922332784 5.61787198090356 3.16386808563952 8.66319187362851 1.11040435172445 7.07790890717287 0.170145979363374 7.13366689663712 0.425679617657887 1.73499392419529 1.21854927287986 0.761664797561177 0.741929996029367 10.0577759462495 0.00839013350666971 4.20882599122496 0.620067509387682 1.68299057115653 9.77391426386404 2.42427640264126 9.4839107161052 3.29417561169141 2.91337069165149 3.18324623221742 0.837725233996891 6.30846930076148 0 0 0 0 0 0 0 0 0 0 0 0 0 0 0 0 0
1.68809158538397 4.42978944217935 3.1183074987345 1.07899596260768 2.01998814347894 4.523027316653 3.93158720030333 1.73888442858995 4.62219393137413 0.812962495738306 0.490888607838663 0.609257455313753 0.0335332646679211 1.82865375451736 0.153252496141311 4.56476118406479 0.667968816399413 0.654277743737745 3.74205922592551 0.420556361104514 0.803377188955026 1.02848517034672 3.96501638789498 1.18705790128965 6.83023101409375 2.42787948129021 1.47061679293868 0.526328579624873 4.60059607466453 0.0714203814328087 4.77838388751567 7.35258853083491 1.53116143215124 0 0 0 0 0 0 0 0 0 0 0 0 0 0 0 0
1.95158445518764 0.548117746232485 1.63408876870666 6.36211058071968 7.38682501494974 3.19511738479337 2.70424242954629 1.10552222821212 3.12920309783692 0.0103626882323062 1.15010787911139 6.83501385279489 0.21776257434963 0.151751225472093 2.78922401763234 0.817237092447829 0.937420005438659 0.194892674966839 0.136780276013646 6.53858761794042 5.95781569170215 2.65601504896318 7.75599904555012 3.95532467122883 0.419662741466627 4.2971243195892 1.55243882962943 1.72237381441282 1.93725303054329 1.26076671577278 2.95412096287843 1.15292169061262 0 0 0 0 0 0 0 0 0 0 0 0 0 0 0 0 0
1.54598277626056 0.53200804319544 1.65958004299389 4.77795785756645 2.91063747804575 3.65124071153007 5.84875247251944 2.26647597309419 7.12525406203058 1.3882245231952 2.86962449926729 1.21861470007589 1.88814584735379 1.96625650988315 1.44125443049005 0.867659814636731 0.683324352459144 5.67675708231436 0.395066503561 2.38304023345986 3.81213545086427 1.8808018891968 4.35125791025013 5.06492491532243 0.74878660219216 4.97439123247413 6.93818671488567 0.540761850692304 3.09950896760044 5.73178590512715 0 0 0 0 0 0 0 0 0 0 0 0 0 0 0 0 0 0 0
1.39640508077571 0.625612044278184 2.61768977529957 5.81005855150941 0.822143114184846 1.00926321348265 9.22327631244624 4.37934865399726 1.09146591754746 2.44928213785654 0.160830730036914 1.2466627109086 12.1966166050566 0.527180614515249 1.11222850297459 4.86062575846339 2.62166711033999 1.23247119721014 0.519392535794457 9.04916695658222 3.02118500551467 0.854451828141863 0.355783781989959 1.78222308258079 7.36972375336524 0.150801985468228 0.462520321205859 6.19382606505761 0 0 0 0 0 0 0 0 0 0 0 0 0 0 0 0 0 0 0 0 0
0.244950374175142 2.18771882022678 4.62300594721792 7.71143943269556 3.17651585000293 0.470752274405154 1.86246173219779 0.752031809512071 5.85816413627768 1.0462375717419 0.880100988579947 0.593647672205344 1.75771180355986 2.23107062187545 0.72061141843807 0.773761211631033 5.74003689107083 2.97227616920425 0.531716326737099 1.71790400450713 7.8140375662583 2.78667762340042 1.3780452308088 0.164235842882604 0.22445534306087 0.434752813807602 0 0 0 0 0 0 0 0 0 0 0 0 0 0 0 0 0 0 0 0 0 0 0
6.50582145773163 0.937375382935635 1.41558885466045 2.81137825276912 3.16676560200542 0.259622160572085 1.42514178111789 6.50927665795899 1.07863215087752 4.03515833149456 0.0444716166184114 0.242927316859565 7.35350540626773 0.883640684592609 1.60834846834634 9.93032932465904 4.41651390514113 0.741353642973004 1.51374404437885 3.64801485330638 0.0068984610684131 4.46766055743527 0.84624988317069 0.44324612520063 0 0 0 0 0 0 0 0 0 0 0 0 0 0 0 0 0 0 0 0 0 0 0 0 0
0.0613746241793822 0.828801038027029 0.396130796313964 6.5671635407831 0.00839074933353634 0.309862396119893 0.104297344043985 0.693477451082283 2.9631923833245 2.59133629557359 0.0519505839823682 0.674814739428504 4.64440434814053 1.64823429918726 3.04948031570971 0.0654104100907197 5.33138662898356 1.22928703036554 2.67485188415739 1.25208504759881 3.12779198077993 0.0183591270972489 0 0 0 0 0 0 0 0 0 0 0 0 0 0 0 0 0 0 0 0 0 0 0 0 0 0 0
0.350123424806265 0.766898279948964 1.53499039997582 1.34804727321127 3.87891075144815 0.845491041776287 1.04076524067444 2.84653572355974 4.97451992744236 1.55297084123153 0.438041255393162 0.0464498767602051 1.04266733256218 0.331061285629292 1.85245913700627 0.289964023934128 4.13615350919687 3.97513424539108 2.63837412696452 0.51363602102888 0 0 0 0 0 0 0 0 0 0 0 0 0 0 0 0 0 0 0 0 0 0 0 0 0 0 0 0 0
1.35582722105544 1.28834319870404 0.966215133071316 0.930066653040376 0.269614478877118 1.12806666722459 4.09344614224086 0.705727738465881 3.21305068891428 0.0165706623035305 1.1051957240334 1.47487977314759 0.33223947014601 1.3953581122895 5.55092153180175 0.575005812850636 1.25601277464246 6.22685038119119 0 0 0 0 0 0 0 0 0 0 0 0 0 0 0 0 0 0 0 0 0 0 0 0 0 0 0 0 0 0 0
2.07852222903649 0.64545888174905 4.73962867716197 0.260058032487602 0.327730053936945 0.323765976070466 0.504114175507017 2.20743764003042 1.30495984770639 2.57499561265497 0.166087792456285 8.00518549492711 1.07858894586359 4.49047602061336 4.76992495232979 0.529657911714597 0 0 0 0 0 0 0 0 0 0 0 0 0 0 0 0 0 0 0 0 0 0 0 0 0 0 0 0 0 0 0 0 0
0.946240580801979 0.754482399011053 0.831422056969199 1.47915497246449 2.8651166876744 3.29697199080123 2.21317745541143 4.21686818948969 4.88039357671991 0.938736946263266 0.640741224426951 1.93543802890739 3.11583665836017 1.06313927770935 0 0 0 0 0 0 0 0 0 0 0 0 0 0 0 0 0 0 0 0 0 0 0 0 0 0 0 0 0 0 0 0 0 0 0
2.59146623267792 12.9907558182448 0.061727111020513 0.506449795889566 4.36596965688614 1.86100808581231 0.817395857921126 0.901319958331263 0.286956075253138 12.4336244064585 1.27942058287256 1.85435266141833 0 0 0 0 0 0 0 0 0 0 0 0 0 0 0 0 0 0 0 0 0 0 0 0 0 0 0 0 0 0 0 0 0 0 0 0 0
6.65920620637866 0.435488748517276 4.1591473116617 0.898644884947202 7.85530094409803 2.5779821273324 0.402652830543889 3.18301047063081 8.76612020910868 0.195888746067773 0 0 0 0 0 0 0 0 0 0 0 0 0 0 0 0 0 0 0 0 0 0 0 0 0 0 0 0 0 0 0 0 0 0 0 0 0 0 0
7.84474088415974 2.02284484406964 2.34898719319895 2.60525658653942 1.40601081082347 0.268970993047923 3.43701330939114 7.82654568341842 0 0 0 0 0 0 0 0 0 0 0 0 0 0 0 0 0 0 0 0 0 0 0 0 0 0 0 0 0 0 0 0 0 0 0 0 0 0 0 0 0
4.09430165556628 1.97482429917344 4.27490159735079 5.94978389488536 1.34131035438165 0.714739508141561 0 0 0 0 0 0 0 0 0 0 0 0 0 0 0 0 0 0 0 0 0 0 0 0 0 0 0 0 0 0 0 0 0 0 0 0 0 0 0 0 0 0 0
8.4302809579612 1.300706511088 4.45590104731335 3.95700618134588 0 0 0 0 0 0 0 0 0 0 0 0 0 0 0 0 0 0 0 0 0 0 0 0 0 0 0 0 0 0 0 0 0 0 0 0 0 0 0 0 0 0 0 0 0
0.0724142527334503 0.108835734496601 0 0 0 0 0 0 0 0 0 0 0 0 0 0 0 0 0 0 0 0 0 0 0 0 0 0 0 0 0 0 0 0 0 0 0 0 0 0 0 0 0 0 0 0 0 0 0
