2.4928018988788 0 0 0 0 0 0 0 0 0 0 0 0 0 0 0 0 0 0 0 0 0 0 0 0 0 0 0 0 0 0 0 0 0 0 0 0 0 0 0 0 0 0 0 0 0 0 0 0
8.1282704776108 2.72615456747061 0 0 0 0 0 0 0 0 0 0 0 0 0 0 0 0 0 0 0 0 0 0 0 0 0 0 0 0 0 0 0 0 0 0 0 0 0 0 0 0 0 0 0 0 0 0 0
0.923721357153926 0.24505744231694 0.250320920083184 0 0 0 0 0 0 0 0 0 0 0 0 0 0 0 0 0 0 0 0 0 0 0 0 0 0 0 0 0 0 0 0 0 0 0 0 0 0 0 0 0 0 0 0 0 0
0.189580237236778 3.04995191053912 0.764786528204 0.456253067880704 0 0 0 0 0 0 0 0 0 0 0 0 0 0 0 0 0 0 0 0 0 0 0 0 0 0 0 0 0 0 0 0 0 0 0 0 0 0 0 0 0 0 0 0 0
1.38472277883789 1.05329386950054 0.30717029750798 0.153959853965451 1.38538988024795 0 0 0 0 0 0 0 0 0 0 0 0 0 0 0 0 0 0 0 0 0 0 0 0 0 0 0 0 0 0 0 0 0 0 0 0 0 0 0 0 0 0 0 0
1.02036592035304 2.09756885527207 0.560051407389952 2.36158228756248 0.404245627660567 0.432524227744697 0 0 0 0 0 0 0 0 0 0 0 0 0 0 0 0 0 0 0 0 0 0 0 0 0 0 0 0 0 0 0 0 0 0 0 0 0 0 0 0 0 0 0
3.48695161688019 0.304578971603417 4.51649877903449 2.16039875770349 1.34652934622382 3.16024607189994 1.68446587691139 0 0 0 0 0 0 0 0 0 0 0 0 0 0 0 0 0 0 0 0 0 0 0 0 0 0 0 0 0 0 0 0 0 0 0 0 0 0 0 0 0 0
3.51325187414244 7.27395392686244 0.311789889792532 1.17692769277175 2.58829201883547 4.83471736238542 0.925247668896684 0.291030073018902 0 0 0 0 0 0 0 0 0 0 0 0 0 0 0 0 0 0 0 0 0 0 0 0 0 0 0 0 0 0 0 0 0 0 0 0 0 0 0 0 0
0.759311908320754 2.38753128559726 0.11840710508546 0.78872995529409 0.00520495879861758 0.874079070171135 3.46673537546449 2.7507888774318 6.79888768035658 0 0 0 0 0 0 0 0 0 0 0 0 0 0 0 0 0 0 0 0 0 0 0 0 0 0 0 0 0 0 0 0 0 0 0 0 0 0 0 0
4.46037474207542 0.790982425109208 2.22655388936351 0.116492991946482 4.27526594431187 1.75632549731719 0.836626789857554 0.0835602771878246 0.255659952376535 2.91160582980169 0 0 0 0 0 0 0 0 0 0 0 0 0 0 0 0 0 0 0 0 0 0 0 0 0 0 0 0 0 0 0 0 0 0 0 0 0 0 0
0.829362290477292 2.25786901735696 0.641545060990506 0.914733564207171 1.06444133321651 0.512949325593222 0.617379390235713 3.79503153733656 0.408272793351972 0.910962612862956 3.6054399568141 0 0 0 0 0 0 0 0 0 0 0 0 0 0 0 0 0 0 0 0 0 0 0 0 0 0 0 0 0 0 0 0 0 0 0 0 0 0
7.85030149188452 2.07977505157466 0.234041556381585 1.29629819067244 3.55039801984497 0.884947988450599 5.69434607475697 0.0123885612869834 0.286182037697936 4.62652580276166 0.938465461829063 2.94599269864293 0 0 0 0 0 0 0 0 0 0 0 0 0 0 0 0 0 0 0 0 0 0 0 0 0 0 0 0 0 0 0 0 0 0 0 0 0
3.96322659368507 2.88887570219948 0.428709957523326 0.534336606833528 0.0182282038952503 1.5385285838482 0.616262351826586 5.05500591581425 1.46335715796805 0.555542851035856 0.393875410451113 6.53056936442835 5.18780130396785 0 0 0 0 0 0 0 0 0 0 0 0 0 0 0 0 0 0 0 0 0 0 0 0 0 0 0 0 0 0 0 0 0 0 0 0
1.00722997165952 1.59526811029103 4.65184130072918 0.848922324384168 0.939079874655784 1.71463220053543 0.56119375351751 3.2317816558148 2.51438612328551 0.986119525678324 1.46352936165459 0.893470004451097 6.22704358651942 1.34260323776829 0 0 0 0 0 0 0 0 0 0 0 0 0 0 0 0 0 0 0 0 0 0 0 0 0 0 0 0 0 0 0 0 0 0 0
0.91141414700128 0.159914812010358 1.22146724111016 1.74475292425754 0.321162899288296 0.810595156046871 1.79778495263393 1.64273331418969 2.69422384449675 2.23346408849953 3.48474267851062 0.485565926978004 0.492335002106419 4.62483316550436 2.58481552873792 0 0 0 0 0 0 0 0 0 0 0 0 0 0 0 0 0 0 0 0 0 0 0 0 0 0 0 0 0 0 0 0 0 0
2.83222473380352 0.842557649475545 6.85208188008397 1.21025410759593 0.0926142436355822 0.559714969915017 0.160426852221086 3.90609080152414 4.2691804957058 0.582202198151301 5.67316846174353 3.94816282578635 1.41396898225351 2.38335797767648 4.65626311754432 0.562612611922235 0 0 0 0 0 0 0 0 0 0 0 0 0 0 0 0 0 0 0 0 0 0 0 0 0 0 0 0 0 0 0 0 0
0.460490424110434 0.455948492467507 1.23168679971092 4.67973565291008 1.23382965126113 2.1581129767454 0.351809680311148 4.67980127650394 0.362919162042951 5.50579543787008 0.400075831405044 3.53489544863429 2.0516155071126 4.67736763790855 2.96594868594683 2.32634337631079 1.70832662248238 0 0 0 0 0 0 0 0 0 0 0 0 0 0 0 0 0 0 0 0 0 0 0 0 0 0 0 0 0 0 0 0
0.218431618770424 1.90393910329183 1.33198396151598 0.602969833133955 1.89144158144854 1.20854400250426 4.69643318812921 2.11848659119779 0.160646843545653 2.69591138705945 2.63762675347363 2.69413006033847 0.716890782834181 2.61541785283249 3.5698046885966 6.39614939238636 1.65297714159663 0.453060790418286 0 0 0 0 0 0 0 0 0 0 0 0 0 0 0 0 0 0 0 0 0 0 0 0 0 0 0 0 0 0 0
2.576673808557 5.29230054985628 0.531777129168661 1.40425361259696 1.94896790515127 3.76333945050154 1.34651372264037 3.17576919753476 1.00763352172189 0.155327085495533 1.79383263646267 0.485716304277509 1.53146217758829 2.32544901718264 0.607016286229999 0.480406327745955 4.70228845233132 0.247799491678448 1.84243620040826 0 0 0 0 0 0 0 0 0 0 0 0 0 0 0 0 0 0 0 0 0 0 0 0 0 0 0 0 0 0
1.0863275495895 5.73716083790357 0.510111113135888 1.86474994679359 0.0922099688930526 4.42731603721688 1.57603967492925 3.88021602199376 3.82849882520114 2.51352267072988 3.13346346710506 1.76434948374315 4.17712732436829 0.118812455777754 0.0736361599145133 0.863202194858415 1.46070716418971 2.01241477448487 2.16489465630387 2.05903645844218 0 0 0 0 0 0 0 0 0 0 0 0 0 0 0 0 0 0 0 0 0 0 0 0 0 0 0 0 0
0.600686802795624 1.71021974070529 0.238949057068782 0.0692148643868206 0.602249609609934 2.86971311772303 0.451390483396025 2.70507121725801 0.251166126185343 2.86284805081743 0.993340223083844 0.406014709872301 3.2391046499616 3.52313236933788 2.18101943148299 1.58717715198999 1.43176250165222 1.57903420703876 0.716522034178386 0.689899674438492 3.73917780467287 0 0 0 0 0 0 0 0 0 0 0 0 0 0 0 0 0 0 0 0 0 0 0 0 0 0 0 0
0.851438946628843 1.16092278356775 4.15324353443934 3.25295346963103 0.134427339477562 1.25188627750444 0.44336657973428 1.37112115323971 9.6471686760573 1.80627718287242 2.56471249321343 0.187066084381484 1.84416201148522 0.411856940065263 0.902251058893817 4.35720465492459 1.26888387315633 3.19275567832171 0.269249957708256 0.270773783033264 0.563665668780344 0.523840835369314 0 0 0 0 0 0 0 0 0 0 0 0 0 0 0 0 0 0 0 0 0 0 0 0 0 0 0
0.919475946221232 3.55120263629964 0.372351512349584 2.37792534613085 2.67375138358483 1.95641435648151 0.261494842080083 3.39889592091179 3.78067750710743 0.145403462738193 0.188320181661463 1.35728232607105 0.546318048977697 0.377104795482913 3.32710591404401 3.91436569030537 5.42780969839367 1.78298888771931 1.85085573653167 1.57795734545069 0.783734874571051 3.29206905577627 0.258382299257007 0 0 0 0 0 0 0 0 0 0 0 0 0 0 0 0 0 0 0 0 0 0 0 0 0 0
1.10469129006931 2.01403873996746 2.13281960058272 0.299521839711526 0.66842662090298 0.0386169529327259 1.30661978514876 0.874626750565789 2.92331770901937 3.78241691801839 0.297138091353031 4.67472831588703 0.501867602586663 1.16493987585087 0.366596997477866 1.18449968152684 2.58442057158111 0.35010459048774 0.961611305038078 0.857466574408059 0.601129203286659 1.49851057288202 2.39397456565278 6.40677627776535 0 0 0 0 0 0 0 0 0 0 0 0 0 0 0 0 0 0 0 0 0 0 0 0 0
3.30470459600187 0.401302774581197 0.324800506402069 2.28025708109761 0.659295581514951 3.15581667946522 1.05129194824522 2.23764696163584 1.85386650851616 1.86370308112034 0.5284022829572 5.5174375686809 3.08797651403798 5.36159171643162 3.43807970705523 5.78656594401133 1.90856432870338 2.6094927138021 5.61241297737126 0.848864407890644 1.72541806434981 0.661784732011833 0.642067855452564 8.25075725916445 0.583465318315733 0 0 0 0 0 0 0 0 0 0 0 0 0 0 0 0 0 0 0 0 0 0 0 0
2.1931331742332 1.60106100199627 0.379385853124206 0.0914871858154892 0.441277155646786 5.95185311690145 3.5233821085014 0.452621492353693 1.77410040989809 0.397316593781198 1.25833645736355 3.30079001570471 2.23965613125817 1.69591191362524 0.491122422786046 0.718996022092511 0.136050596438432 2.80816470669029 1.34339722472627 1.40514776768349 0.956437954647963 3.4241587086093 3.79308577534844 0.616667015649743 0.768671727235297 6.28965894468781 0 0 0 0 0 0 0 0 0 0 0 0 0 0 0 0 0 0 0 0 0 0 0
0.78041241775634 0.134452212067039 2.07395661333256 4.5041834995631 1.62000585944033 0.731727013314729 1.03438109043112 1.18840621133974 1.00946942255764 2.08665403496956 8.83544869972335 0.723293914151665 0.679901098539092 2.48909965242373 2.4427421552411 0.60583616412691 0.412364671097272 2.26610427294467 2.00111851626793 0.0646299092889692 1.72787143595676 3.4380625579972 3.73537632569227 2.68636568376279 1.04983566947101 0.719510090590225 1.78631814126046 0 0 0 0 0 0 0 0 0 0 0 0 0 0 0 0 0 0 0 0 0 0
2.72298545647697 2.98875500313574 5.51828473128598 0.827852120107773 2.01090799607998 2.43519564292226 1.24126192678762 1.3497042385747 3.63957395065152 1.60383007364584 2.36848367910292 1.57519518364496 1.68961425059088 0.0644509456194871 0.636553952019738 3.73350426717733 0.606130111556569 3.03413869610659 0.42109857834928 0.227189679364662 0.442696948646938 0.497667279725609 4.81390529954027 1.42118025115323 4.67474402184146 0.157119221963897 0.427346217303537 0.448754673031834 0 0 0 0 0 0 0 0 0 0 0 0 0 0 0 0 0 0 0 0 0
8.04115184777529 0.135510338618329 2.66988038622373 0.844212685256304 4.64583758154926 0.0908761108050225 2.72480743872396 3.70614988770701 2.22567046192696 1.99893948523427 0.41719854013494 1.2910031254868 1.8336610573044 7.73686225955503 2.007598689847 0.110002884832937 0.46916693214624 8.57309842978139 4.37670910510188 1.03315745803623 0.431503013882833 2.10855659266216 0.339333765944012 0.135337694922824 0.938796720499452 8.53522725619423 2.84465559901097 0.496203456377696 4.69629516616362 0 0 0 0 0 0 0 0 0 0 0 0 0 0 0 0 0 0 0 0
0.845896658544528 4.58711814605905 0.289659945219748 1.7697179287342 0.59674554961082 1.36243018136299 0.903457685319846 2.93794532879663 3.0985610451049 1.94219786020692 2.36953052301448 0.628676396853397 1.63314626191219 3.04503354141865 2.71656744675674 0.18440776107735 1.34977875432153 0.736366192578329 0.116990200326684 0.486640702933508 0.814230937830565 2.20443586953151 2.9070595630683 0.688217485642079 0.771094084012235 2.00268315630711 0.457985102492203 0.158509735291142 1.24878248829303 5.0389272210188 0 0 0 0 0 0 0 0 0 0 0 0 0 0 0 0 0 0 0
0.122734529690405 2.37985334876887 0.579742495012436 1.07657338557713 1.61810323876364 2.7973876343772 1.8907165198835 0.552583545427996 1.09441029816502 3.4437017297365 1.00501843941188 0.065456111515785 2.10816059659459 3.76756729468645 5.48225686217248 2.97139154633599 0.921721612116963 4.19712823537255 3.62810474613841 1.86419420501103 0.0273663496546994 0.4670917395478 4.1338085677383 2.24627179473038 1.58389857132607 0.805873519185114 1.57669886284135 4.83980503415468 0.352713989312886 0.0350389839640723 1.75080905176383 0 0 0 0 0 0 0 0 0 0 0 0 0 0 0 0 0 0
0.80575707729575 0.848953233744313 3.00772964435447 3.91038863232474 0.997196578232963 2.90208007323053 3.0527851954604 3.03296554876083 5.03762962724003 2.7408739465507 1.34876650580914 0.897418973879829 2.33844593047012 4.31944543580573 2.50524901975613 0.481491091071684 1.9297010019532 1.048917849085 1.44570410330301 3.71910137171945 5.77807351301648 0.703980110894736 4.12301283270011 2.55591666583686 0.781501100213789 3.616109874501 0.11074071403328 0.242104023676782 0.266361465354954 2.18725970139519 4.6200118451989 0.143443383148253 0 0 0 0 0 0 0 0 0 0 0 0 0 0 0 0 0
3.20282843648721 1.57249365378082 2.08239312908097 0.753591302223767 3.00284019835586 3.56479534684537 0.740312335179595 1.48171819818536 0.56045616051648 0.464553254818378 2.65436359268647 1.5809994177451 2.99904609190322 0.143854889217543 1.88512810797602 1.53558106344186 0.636725418327381 0.3240438780422 4.24333476121531 1.6010503665351 2.55013027858742 0.101714722283443 0.226900866827898 0.0765974240472866 3.85321129475564 2.20892593679613 3.45535103949406 3.25783086935225 7.51116190341996 1.78123934796572 2.97852707496213 0.361909423953063 0.0996581851570892 0 0 0 0 0 0 0 0 0 0 0 0 0 0 0 0
3.18079015667002 2.98666130140856 0.784197281031072 1.12610136790067 0.777871622147988 0.255443555683747 3.2577245828634 1.87062780689804 0.0978485553658257 0.0524251380456116 0.98625177892255 1.70820564533998 0.982756445155184 1.09863634832713 3.37161064947556 0.115417171169291 0.271782946163241 1.67745091175653 0.939723847411924 0.34682204455823 3.13625192151779 0.308307626682714 0.151209156289062 0.120114621300561 3.49342281133256 1.91055074264058 2.86571782996448 2.91164191524512 2.8488784470255 1.20588352604618 5.26880781061678 0.493674978661326 0 0 0 0 0 0 0 0 0 0 0 0 0 0 0 0 0
2.34253922318016 0.750570965139668 2.38382479879431 0.431026126148909 1.41986500764808 0.529624395126072 1.98539543442332 0.00244159146507143 0.996010600185932 6.20348497388901 1.29176611306394 1.01413795003295 0.889828947757913 3.88345906984841 0.13497200815822 2.29389604806931 2.32143179129364 0.190282267217936 0.157189512945763 1.48392766833745 0.890539958137444 1.45034131894756 4.52174739788854 4.55548649062143 0.933676495027966 2.30288776749367 0.344369025077527 0.12556404749069 0.355135749711131 0.987592751033669 0 0 0 0 0 0 0 0 0 0 0 0 0 0 0 0 0 0 0
0.286103847161465 3.03376775291765 0.276719865838963 1.43679779163565 1.53380156821532 2.1883075652273 0.626650699250616 4.2594050167901 1.41073193640898 3.28735246783711 2.43503423401565 5.43290012316733 1.34851886918111 1.86925797995362 2.11403356900861 5.31130995199619 0.775098831367269 2.32031620078396 11.8533093858961 1.20167753639279 0.0256278624405167 3.91346517142279 3.37044623735856 1.36543886043962 1.0497821514853 1.18694359199501 1.67329790491895 6.60454720507614 0 0 0 0 0 0 0 0 0 0 0 0 0 0 0 0 0 0 0 0 0
0.0145861489529683 1.05734823597489 0.111410425020003 9.02429302007735 3.9231788740217 0.639317313855171 0.428253470120422 0.0143402101388421 1.56964975196498 1.08148251871623 1.0109261462777 1.97462308148086 1.33615489390215 1.3542095949522 1.99220595221101 0.0307274147875862 5.28504298098179 3.70097398529585 2.91623118967942 0.235824758468649 7.88644814951904 0.0926535934144244 0.263626103661812 1.12886361099358 1.62143461498002 6.49717042961442 0 0 0 0 0 0 0 0 0 0 0 0 0 0 0 0 0 0 0 0 0 0 0
0.948849182025594 1.33526489095813 1.78280941951168 4.25397113457161 2.13331893826419 4.41913666603856 0.346115175441891 0.268263384621241 3.62228178461003 1.83305371588906 2.51930895657975 0.713131269280681 1.57881425563196 1.85927254044402 0.948531117741249 1.87504201183043 1.07827249481678 5.48554010555773 4.79049803369246 0.405089171491786 3.34467731274441 0.523448380564252 0.959692231936961 0.18892695992483 0 0 0 0 0 0 0 0 0 0 0 0 0 0 0 0 0 0 0 0 0 0 0 0 0
1.61150834657781 1.92070288150408 2.33998907542654 2.45022027845318 1.59979313595395 3.92518291957886 0.521526096014105 2.61080731113831 0.790427070697933 2.62465984381739 0.333204639147352 0.743047889697884 2.79240565851862 0.305383895972025 1.24023362444304 0.763216578281119 1.5619193006412 0.904054583971814 3.24434022919652 5.8917150651507 0.270981365039892 18.3052406124573 0 0 0 0 0 0 0 0 0 0 0 0 0 0 0 0 0 0 0 0 0 0 0 0 0 0 0
5.41776279296454 1.31516259253395 1.76266240742053 4.25827961302046 0.657940962473359 0.796528453161485 1.97158512266349 3.05182002044796 3.30954622552257 1.79740097867062 0.373625598172843 0.0248200372288924 0.324326476196389 0.610480417238516 1.92801672501225 2.50996686456012 3.40532830142263 1.50591519663176 0.42235151887239 0.565787795183699 0 0 0 0 0 0 0 0 0 0 0 0 0 0 0 0 0 0 0 0 0 0 0 0 0 0 0 0 0
6.45624334038318 3.73491548677761 0.356098759133976 5.8439402809372 1.8706328747663 5.41407210322581 1.00323701513354 0.719631674937828 0.623305596717909 0.630913080721733 5.02839394051521 2.3275491928268 0.130311738791628 4.15769370701105 4.3692907038753 0.403480769538837 4.02072177257498 1.15406916205001 0 0 0 0 0 0 0 0 0 0 0 0 0 0 0 0 0 0 0 0 0 0 0 0 0 0 0 0 0 0 0
1.28621414032135 2.68147683499774 1.42004194156631 1.8966358815049 3.94371435551382 9.35489524833213 6.31878968534651 0.410858747112657 4.60814009325156 4.02591363568548 4.67421753200074 1.42619733682045 8.8472336960595 0.804619569335907 2.119617352544 0.104052545262997 0 0 0 0 0 0 0 0 0 0 0 0 0 0 0 0 0 0 0 0 0 0 0 0 0 0 0 0 0 0 0 0 0
1.79277113128398 1.45429079621585 0.147631208503208 1.65781340253177 1.28864782302772 6.98403860600271 1.17087299713897 3.06906853158 2.23294803028341 1.8735198574216 1.13514828308186 2.32895259882435 2.34019751927805 0.452387364868253 0 0 0 0 0 0 0 0 0 0 0 0 0 0 0 0 0 0 0 0 0 0 0 0 0 0 0 0 0 0 0 0 0 0 0
7.1374689058281 1.17564919275706 1.52685050520993 1.40674068869271 1.26876146589052 1.33682076866448 0.0707875594126935 5.55465550937573 1.51702739093791 1.43099033721374 0.21806999327874 3.29218685213265 0 0 0 0 0 0 0 0 0 0 0 0 0 0 0 0 0 0 0 0 0 0 0 0 0 0 0 0 0 0 0 0 0 0 0 0 0
0.808204006581586 0.370497770838015 0.851721864627988 3.67011818599576 5.63983822287815 8.16098814972693 0.289638908560151 2.35340528922103 0.0337619613343864 0.130375182493964 0 0 0 0 0 0 0 0 0 0 0 0 0 0 0 0 0 0 0 0 0 0 0 0 0 0 0 0 0 0 0 0 0 0 0 0 0 0 0
3.80439033416475 0.237775813196993 1.37644372992533 0.748694745391443 1.91502204689989 1.74648980584585 1.19035474561622 0.136542350823301 0 0 0 0 0 0 0 0 0 0 0 0 0 0 0 0 0 0 0 0 0 0 0 0 0 0 0 0 0 0 0 0 0 0 0 0 0 0 0 0 0
3.92996838392778 0.39444376114751 0.901654076052523 3.57743994139666 0.709930591131175 6.08660768581627 0 0 0 0 0 0 0 0 0 0 0 0 0 0 0 0 0 0 0 0 0 0 0 0 0 0 0 0 0 0 0 0 0 0 0 0 0 0 0 0 0 0 0
0.496682119154347 1.7770868083292 3.26813454427117 1.27955706385746 0 0 0 0 0 0 0 0 0 0 0 0 0 0 0 0 0 0 0 0 0 0 0 0 0 0 0 0 0 0 0 0 0 0 0 0 0 0 0 0 0 0 0 0 0
1.08118697227321 7.08316200603902 0 0 0 0 0 0 0 0 0 0 0 0 0 0 0 0 0 0 0 0 0 0 0 0 0 0 0 0 0 0 0 0 0 0 0 0 0 0 0 0 0 0 0 0 0 0 0
