0.988264453042317 0 0 0 0 0 0 0 0 0 0 0 0 0 0 0 0 0 0 0 0 0 0 0 0 0 0 0 0 0 0 0 0 0 0 0 0 0 0 0 0 0 0 0 0 0 0 0 0
0.841437578798565 2.22169089561202 0 0 0 0 0 0 0 0 0 0 0 0 0 0 0 0 0 0 0 0 0 0 0 0 0 0 0 0 0 0 0 0 0 0 0 0 0 0 0 0 0 0 0 0 0 0 0
2.15411682436736 2.74331414292657 1.96715500722343 0 0 0 0 0 0 0 0 0 0 0 0 0 0 0 0 0 0 0 0 0 0 0 0 0 0 0 0 0 0 0 0 0 0 0 0 0 0 0 0 0 0 0 0 0 0
1.2018681718974 0.123389286007405 3.67083920499686 2.57009258700574 0 0 0 0 0 0 0 0 0 0 0 0 0 0 0 0 0 0 0 0 0 0 0 0 0 0 0 0 0 0 0 0 0 0 0 0 0 0 0 0 0 0 0 0 0
1.34685367996371 1.70935278104192 0.455207036125161 0.258475676597293 0.576277485324377 0 0 0 0 0 0 0 0 0 0 0 0 0 0 0 0 0 0 0 0 0 0 0 0 0 0 0 0 0 0 0 0 0 0 0 0 0 0 0 0 0 0 0 0
2.502285868859 1.96939864357258 3.08966490857657 3.98416709898015 3.71697959151119 1.80080568200512 0 0 0 0 0 0 0 0 0 0 0 0 0 0 0 0 0 0 0 0 0 0 0 0 0 0 0 0 0 0 0 0 0 0 0 0 0 0 0 0 0 0 0
0.98259529930412 1.29256210865691 2.86852597081603 3.49606231034511 1.88245765742204 2.78944274223836 2.56321866161954 0 0 0 0 0 0 0 0 0 0 0 0 0 0 0 0 0 0 0 0 0 0 0 0 0 0 0 0 0 0 0 0 0 0 0 0 0 0 0 0 0 0
0.978475739622339 8.30335072951026 8.12620697741199 1.33724808531516 7.97354634939346 1.50819695376015 1.11242643096762 3.33429039343397 0 0 0 0 0 0 0 0 0 0 0 0 0 0 0 0 0 0 0 0 0 0 0 0 0 0 0 0 0 0 0 0 0 0 0 0 0 0 0 0 0
0.49113452614536 1.25797625145306 0.0752251636136159 1.6393084526885 0.00711909597569418 0.778004957722317 5.86205816522955 1.85428245936418 0.127157803561271 0 0 0 0 0 0 0 0 0 0 0 0 0 0 0 0 0 0 0 0 0 0 0 0 0 0 0 0 0 0 0 0 0 0 0 0 0 0 0 0
3.55503473935611 0.294904737828816 0.265833939814685 3.95766449004191 7.4184518596477 1.01909476304432 3.19506683971507 2.85383908379093 1.6413950049038 4.351862456088 0 0 0 0 0 0 0 0 0 0 0 0 0 0 0 0 0 0 0 0 0 0 0 0 0 0 0 0 0 0 0 0 0 0 0 0 0 0 0
1.24049603244608 2.06978840857651 0.2801322686559 0.889076314163352 7.97828298149316 7.22248203825535 2.22003026315063 2.18259777761759 8.82407293263328 1.69916755844138 0.276675673578145 0 0 0 0 0 0 0 0 0 0 0 0 0 0 0 0 0 0 0 0 0 0 0 0 0 0 0 0 0 0 0 0 0 0 0 0 0 0
0.800181506502618 0.915263728894165 1.39476573456101 0.495354580599069 1.38243309993032 1.6211242378674 0.917070081957807 1.45445532312202 3.20527189344407 4.27949705327502 4.64339868103607 1.7625192137819 0 0 0 0 0 0 0 0 0 0 0 0 0 0 0 0 0 0 0 0 0 0 0 0 0 0 0 0 0 0 0 0 0 0 0 0 0
2.09479731241664 2.50105072754842 3.4746522904243 2.37318950212439 2.06338465258341 1.45416601816701 1.24149646269447 0.690769441572014 3.35566349572141 2.47102785675074 6.73983211041697 1.31460508207431 0.703502792214309 0 0 0 0 0 0 0 0 0 0 0 0 0 0 0 0 0 0 0 0 0 0 0 0 0 0 0 0 0 0 0 0 0 0 0 0
7.80885455982528 1.16667962387905 3.82114325024146 0.193847280654294 2.13205203329907 0.249241725805103 0.796736517442585 2.7198260963816 0.121289418789114 0.538734091240735 1.35631013951968 0.73943590320993 3.81424858360451 0.786701850838993 0 0 0 0 0 0 0 0 0 0 0 0 0 0 0 0 0 0 0 0 0 0 0 0 0 0 0 0 0 0 0 0 0 0 0
7.23471272821469 0.0710661822781711 3.38245159496166 7.42024205899767 2.5959086129683 0.364279387103743 5.21836184900605 2.32523508018395 1.13648377932446 0.192964552357252 1.99781519912812 1.31830762556039 3.99365643630394 0.885568335143502 0.753961252209664 0 0 0 0 0 0 0 0 0 0 0 0 0 0 0 0 0 0 0 0 0 0 0 0 0 0 0 0 0 0 0 0 0 0
2.02238273527278 1.59687707889358 0.410279818759392 0.442018326953629 1.3603794678157 3.8213540063188 4.04197823253152 3.99615776542825 4.37570181797814 2.07814844460034 0.62380345857112 0.0597400134627417 3.15919764840631 0.401764411137508 4.36448449998162 0.255320000262205 0 0 0 0 0 0 0 0 0 0 0 0 0 0 0 0 0 0 0 0 0 0 0 0 0 0 0 0 0 0 0 0 0
4.20387358055472 2.7511908107146 0.482993169680818 0.29934602834344 0.535321651266313 1.14971862375434 3.82371115185786 1.0882610981887 0.0176969035851311 0.661873007409228 0.47604794658592 1.65259657986739 0.336939880632984 1.20015583496246 3.98045547461343 3.38371003152131 1.2756401852455 0 0 0 0 0 0 0 0 0 0 0 0 0 0 0 0 0 0 0 0 0 0 0 0 0 0 0 0 0 0 0 0
2.31089555914332 4.48150545217942 2.16740891397544 2.34066268854877 2.09270256075165 0.112855918656198 1.46440414589816 0.305673728012478 0.968267493797894 0.602752864361781 1.62831446985328 0.30926882567699 0.455530276111643 8.85552389565546 1.57089481429834 0.253714818083815 2.39399249820973 0.883939336539113 0 0 0 0 0 0 0 0 0 0 0 0 0 0 0 0 0 0 0 0 0 0 0 0 0 0 0 0 0 0 0
0.918318444957207 0.462346788946247 0.183151817640723 5.71202157403172 4.05975540894854 1.89676188579873 0.651718301860952 3.4552122353335 1.80430531447156 1.47815352994102 3.94657404383968 0.353243448077978 3.26085561445394 5.69686384515598 4.58045957826721 1.72881139305252 7.52309666885623 0.395895306417751 0.76284918146482 0 0 0 0 0 0 0 0 0 0 0 0 0 0 0 0 0 0 0 0 0 0 0 0 0 0 0 0 0 0
1.7240642737669 4.17130383725462 2.7100404148042 0.939533869782712 1.96934100264435 1.48635088249774 2.37803309067199 2.88587630293723 0.865530798771919 0.857886430021432 0.184081146794438 0.998744364248086 1.0826467197027 0.811459107422689 1.64021072169901 4.03770785360092 0.780457466494642 0.520378147365752 0.921082966262301 0.458462149724511 0 0 0 0 0 0 0 0 0 0 0 0 0 0 0 0 0 0 0 0 0 0 0 0 0 0 0 0 0
3.62814477930063 2.06360654693419 1.98747957697141 3.80021693298059 0.612658058010986 0.678839316265174 0.728519433471893 1.04643281458967 1.8386539226572 3.29190473407356 1.16684679063196 1.36626825710604 2.83760707677371 0.107744708011132 1.49365159165482 0.809256964355138 0.985123506049083 1.21895719115502 0.221474158812175 1.3260527267222 3.8311078846023 0 0 0 0 0 0 0 0 0 0 0 0 0 0 0 0 0 0 0 0 0 0 0 0 0 0 0 0
0.760665971782078 1.05136675740047 0.692705359822126 1.36630752527635 0.346205907209443 2.21989357645889 5.91608558417362 0.0995737788640501 2.07491773974276 0.971974872751081 2.0663047472833 4.36976856063398 0.331281592825503 9.4417786884828 1.79746948880717 2.87920552574723 2.00914703338056 6.44513016479708 5.65423965931103 2.34886922254065 0.633842716198926 6.04437861043986 0 0 0 0 0 0 0 0 0 0 0 0 0 0 0 0 0 0 0 0 0 0 0 0 0 0 0
9.48784493475991 0.421206109869447 0.241046192213191 1.017857735328 6.12665210703807 1.8242163976931 1.81918678605006 4.73574854423364 4.97956707952558 1.62499806861847 2.00912182708982 0.854783417853669 8.80350501961426 1.00285808060268 0.116315715678804 0.134194439358637 0.577194787987895 0.17333618381022 4.51285070023153 0.433215376088619 0.187101758886039 0.028621183922994 2.74822249326688 0 0 0 0 0 0 0 0 0 0 0 0 0 0 0 0 0 0 0 0 0 0 0 0 0 0
1.50747335125161 0.607536883536845 6.11326526638817 0.484101200653259 2.95494888304262 3.05521379384254 4.66243511562529 1.89823795730593 1.22599134426238 2.33984195515549 2.16651261273976 1.15467109154628 1.27785850816295 0.0356163165637663 0.350769344522663 2.23129645625642 0.298144722771042 2.22844115533405 0.0661521440269918 0.399611440357476 0.0346654005124514 0.243500711034214 0.430744373374483 1.05598669195073 0 0 0 0 0 0 0 0 0 0 0 0 0 0 0 0 0 0 0 0 0 0 0 0 0
0.492918588920638 4.52137840650603 1.62096875097248 2.19700783409551 2.49897215029438 5.20582883922936 0.596861499152124 4.21471349695418 0.182018568513234 1.96665914808573 2.13325245107298 2.88431801608169 0.208983731478727 2.61172413115906 0.321837511518464 0.985103503720456 4.34635808682888 0.594115836062077 0.0978005404513487 6.74698734747084 3.67406654388455 5.2558469999234 2.2359603485098 0.675467223468873 1.05163753485275 0 0 0 0 0 0 0 0 0 0 0 0 0 0 0 0 0 0 0 0 0 0 0 0
1.05374753361818 0.662869307522639 0.0417167652269073 1.55334286270233 0.996798841907364 0.0774655326889855 0.895533049124397 0.33257448844247 1.92119827837491 8.61164635303804 2.54872553876836 2.5195581613679 1.58028516775685 6.36605248174971 1.36290340793886 3.89010394337746 2.12518433452343 0.499400045632264 1.32119278533702 4.40178526269868 1.89804453879139 0.653107262343322 2.04811766263724 3.38385575723013 0.33468741643389 0.192912705110567 0 0 0 0 0 0 0 0 0 0 0 0 0 0 0 0 0 0 0 0 0 0 0
6.4556703794376 0.537361231040887 2.08576861842786 1.85659877424231 0.92821911113574 3.88047816366641 4.84302700482274 0.0653425739090377 4.56947123884212 0.950343435447728 0.006725657744152 4.28623912329333 1.97810393963443 2.95306207489687 6.65248531168083 2.95430257127053 6.85855247519176 0.209940564435413 8.13993928396966 2.68416604610641 0.326634657321692 3.05501724461262 10.5560290980751 0.433609193255013 0.151171069834371 1.50854781887025 3.75134112081465 0 0 0 0 0 0 0 0 0 0 0 0 0 0 0 0 0 0 0 0 0 0
0.61099271929935 0.414284583855319 0.151877949930848 1.49216600053012 5.1477597886307 3.22233159321 1.49995735103531 5.55231013856518 1.92662736831923 1.21792899698731 4.67168942717217 5.4108603733681 0.23610141577976 0.0640674747861699 1.3710396194791 0.0929828278770513 1.15819171974696 1.89890669770673 3.67248149803287 0.03121841070064 8.53745600962214 1.32424898404083 0.407499868391318 1.98584950453015 2.76497858026244 4.45682133545848 0.0367886784144094 6.6233420375171 0 0 0 0 0 0 0 0 0 0 0 0 0 0 0 0 0 0 0 0 0
1.13552042156158 6.3928894574196 1.03814001563984 5.68006838552461 0.978051147793216 4.80333854949489 8.65444629788048 0.408205406699596 4.3550593705224 2.80007550604845 2.85232094772414 0.10418535715616 4.70170327916441 2.00678937876883 2.02376274691695 2.11356183001429 0.637806578639539 3.74056341900725 0.972487060083719 1.23331100112314 3.77866215860902 8.55525919292778 0.921395377045964 2.73597256416088 3.98400420117202 1.17413167522743 0.512326075756084 0.452298640257793 2.71099282635327 0 0 0 0 0 0 0 0 0 0 0 0 0 0 0 0 0 0 0 0
5.92002759869905 2.09506921657708 1.98866817209557 0.825987496073724 0.515459347537738 3.48607873604026 1.08667151298602 0.170386367811475 1.30760770179121 0.752812180858007 0.80746189592283 0.774460936628023 0.418015301258025 0.485209562059297 0.173280293540345 0.191694596888557 2.77604973845254 0.88575033350602 0.786386824490364 4.04444319212371 1.54723578342075 0.139781425623012 5.71597265788405 2.60920319632092 1.14148528674584 0.253617063145325 1.71498512201812 5.64167527914016 0.102593365076999 0.89176699517973 0 0 0 0 0 0 0 0 0 0 0 0 0 0 0 0 0 0 0
2.19557666918337 1.2488415705227 0.705104165920815 1.51767904685056 8.4953468681568 1.82857559616611 3.1229049015056 0.181721259264109 0.555395679075477 1.7918706047141 5.10853244772761 1.10413131046855 1.93386796614699 1.06193678577043 1.93999052321988 1.15463880052661 0.0951077811523425 4.15474325436883 0.620886886685884 0.903893611743694 1.09148988676863 0.586269141478515 1.07970216492602 0.389236633025726 0.115526747827449 1.30361263370939 5.82870345287107 0.537064311649814 3.41680456411469 0.302849090972081 0.815428105467258 0 0 0 0 0 0 0 0 0 0 0 0 0 0 0 0 0 0
0.756003674994212 0.353276257972071 1.79829373843615 11.9730996231983 2.68556299468804 0.128500601332815 0.639075072309011 1.10220694385007 2.428564138759 0.318302564320694 0.499012941113921 1.38451550159716 0.842317071052324 2.19137579269757 6.13476585288515 0.435671540313203 1.51405663969348 0.658548234109501 3.21066164519443 0.198986161194306 0.450675202324686 0.0764956084875367 2.10303201899677 2.35569936569116 1.13029847843535 0.829580626562262 1.5864104884378 0.985804515342408 1.26445092347083 1.55148098155099 0.0614003568342398 11.0049666174382 0 0 0 0 0 0 0 0 0 0 0 0 0 0 0 0 0
0.318595456232308 1.07967242616923 8.28647086614333 0.486779687661504 1.64790029670643 2.70741200598218 1.05304040644699 0.49959761757604 3.94530046016545 1.09154157929627 7.23964942443954 0.445577324542093 10.297839298847 0.178415922027832 0.395085710157506 0.023791965807689 3.02413332145245 5.07282190742963 0.186705237622962 0.420367694425792 0.224369588464704 0.598752405001537 2.75311115186575 1.13598437454396 10.8654484911111 2.76062080290697 3.04794948597291 4.05342589099004 0.995733795240042 5.48542421163642 7.31711030765107 4.9823475742692 1.2454287685267 0 0 0 0 0 0 0 0 0 0 0 0 0 0 0 0
0.0676633766773454 3.25118217573943 2.20003723360567 0.41066127783556 0.401429265386835 1.12796830869219 0.709995173700392 0.751694138885573 5.69844138146261 14.0693386296585 3.04051315581511 0.648893882424357 0.392817641293443 1.89820929191456 0.311876580917107 1.11802076526198 2.51188878450398 4.98519695592651 0.832344286680117 0.298433526453831 0.379581074330036 0.659435573750079 1.82697902042062 1.23986767472484 0.016119961475258 2.08782451750029 5.99934311022772 5.07847880197529 0.406917225349838 0.209105261105945 2.79002569035251 1.1808134304196 0 0 0 0 0 0 0 0 0 0 0 0 0 0 0 0 0
6.83477829470572 1.02595546717158 0.555909270345221 0.113920709640204 0.253370538098411 1.49296287093815 2.35623232594335 0.557703206326259 0.871380415283349 0.819015878570298 2.99299316614665 5.27953609735166 2.76474119565121 10.4140491741728 1.14426037727797 0.19680555571597 0.817583531462009 2.64143426640853 0.56319122282482 2.91252223266749 7.1540099260355 0.330849207415712 6.1601568011935 0.017659806147887 1.17148485228828 0.381721846161181 2.08757114890165 0.00429116298441255 3.68566152787769 0.0170872859130858 0 0 0 0 0 0 0 0 0 0 0 0 0 0 0 0 0 0 0
0.248421517378721 3.4092079245169 3.7361793580566 1.01029800343583 0.0726112881457584 5.33034039635786 2.42025589175849 0.693075706039381 0.902957636985983 2.0296691353805 6.56644857484375 0.703297847981352 0.688379039797048 5.77504182984376 0.600598463468319 0.411248955035449 1.35867035465168 0.521388468052747 0.906400270661204 0.159730724199679 1.3369102526967 2.53044537501695 0.420315391785283 5.28280331278986 0.0417184908221708 1.29804858280295 2.43850103209298 1.64742194485123 0 0 0 0 0 0 0 0 0 0 0 0 0 0 0 0 0 0 0 0 0
1.60113701300796 10.0580920040129 1.09831781415401 0.191627118185058 0.324957871211815 1.534823507425 2.30592743931042 0.162402243267368 0.725128252848342 1.51430726677967 0.343122863004037 9.77156632429097 0.747378433482277 2.37476240507945 1.18068383022187 0.627112678881912 1.03658304945736 0.205398686297819 3.57148277554293 0.300046967845467 4.89569257800639 2.2870532322713 0.0271337950316357 8.81857661184019 1.48300254255074 0.0337075922141005 0 0 0 0 0 0 0 0 0 0 0 0 0 0 0 0 0 0 0 0 0 0 0
1.78022524069305 0.210442703379164 1.19795663509672 0.64273686547062 0.555990506185846 6.49485571334388 2.36742062294872 3.77796998104493 2.0183323814598 0.0927248763463968 0.476174539385436 0.804273878413519 2.38926816516552 0.0475309876602202 4.72161472481947 5.21049551619602 0.110015498126437 7.09100585911175 1.23548444698408 5.16188483644899 2.56021918234467 0.210650538286618 1.32500308055409 0.842328022495283 0 0 0 0 0 0 0 0 0 0 0 0 0 0 0 0 0 0 0 0 0 0 0 0 0
0.587845821032536 2.49611110175907 0.822093030837865 1.60444020278952 6.91600218059212 1.67606640844131 3.58868033430143 1.37199492556581 2.40743625259065 0.804383255754437 2.60313207612894 1.58228940756101 1.62565870657177 1.08540625821747 3.43662403252272 3.39286703504035 2.90843725511208 3.51047397289008 3.00141303316963 0.45203405802648 2.01075176741276 0.697257390563979 0 0 0 0 0 0 0 0 0 0 0 0 0 0 0 0 0 0 0 0 0 0 0 0 0 0 0
1.83426291435772 0.720054407662596 0.0424107992364408 1.87872844243288 0.834962111468427 3.63803252448111 1.78573579600015 0.384252552159888 0.279100866288933 2.1106221735505 3.86287608635873 0.323526745118874 1.62145464930274 1.52674580817011 1.07526262749655 0.626178283077609 4.48347777791409 0.202962214856902 6.89564728674922 0.0273515690141398 0 0 0 0 0 0 0 0 0 0 0 0 0 0 0 0 0 0 0 0 0 0 0 0 0 0 0 0 0
1.06572004298895 1.03437863009022 0.467429163455109 1.41795492412132 0.872523426298061 5.09617142881159 0.0879479587335983 0.445740926033658 1.23855007876124 1.16050980513651 0.470593824222961 3.56372959935729 9.30846555933033 0.890877735845451 0.402093420923276 2.31341132817986 1.26115922564716 1.34630412474581 0 0 0 0 0 0 0 0 0 0 0 0 0 0 0 0 0 0 0 0 0 0 0 0 0 0 0 0 0 0 0
1.78575688012551 0.357563780380111 2.86496083559757 0.369151086776163 2.99315639355723 0.612919835186102 3.92125872203389 2.19977176040098 1.58967536272675 1.00301696129067 0.334116831738798 2.57177164783127 0.815903314536533 6.213109244531 0.67496098369727 3.4468449892495 0 0 0 0 0 0 0 0 0 0 0 0 0 0 0 0 0 0 0 0 0 0 0 0 0 0 0 0 0 0 0 0 0
0.80400399769841 3.44660585498247 0.385192474512814 4.78198676857797 0.343852492725863 5.4719815071991 1.24193614132389 0.0866311876856468 0.863534425581735 0.671169011178761 3.69723288728999 2.41030130138883 2.38883068575263 0.288913772616408 0 0 0 0 0 0 0 0 0 0 0 0 0 0 0 0 0 0 0 0 0 0 0 0 0 0 0 0 0 0 0 0 0 0 0
0.629780091869533 2.63846135078169 6.58681391356468 0.679868795687864 0.401696592268962 6.41801338036759 6.50061137008158 0.353369890109571 2.29160868252182 1.19350575676731 0.574834023352237 2.45385004734212 0 0 0 0 0 0 0 0 0 0 0 0 0 0 0 0 0 0 0 0 0 0 0 0 0 0 0 0 0 0 0 0 0 0 0 0 0
2.66008557491051 0.739146351799126 0.109814795938558 0.236834222914782 5.31170596413032 1.85171103755757 0.943053658626982 3.36160635745273 2.43178442976947 0.386905423390516 0 0 0 0 0 0 0 0 0 0 0 0 0 0 0 0 0 0 0 0 0 0 0 0 0 0 0 0 0 0 0 0 0 0 0 0 0 0 0
0.983889144756785 0.311197397236282 3.59327471740717 7.29675898118013 2.26194813288675 0.102783872840664 4.33101666074538 0.429459814154118 0 0 0 0 0 0 0 0 0 0 0 0 0 0 0 0 0 0 0 0 0 0 0 0 0 0 0 0 0 0 0 0 0 0 0 0 0 0 0 0 0
0.0864513970832931 0.857085618623916 0.334232032268306 1.95069502448475 0.826422934747472 0.0944667237568058 0 0 0 0 0 0 0 0 0 0 0 0 0 0 0 0 0 0 0 0 0 0 0 0 0 0 0 0 0 0 0 0 0 0 0 0 0 0 0 0 0 0 0
4.62073877803312 1.76376362940537 1.491154911756 0.236109144681698 0 0 0 0 0 0 0 0 0 0 0 0 0 0 0 0 0 0 0 0 0 0 0 0 0 0 0 0 0 0 0 0 0 0 0 0 0 0 0 0 0 0 0 0 0
0.348107558595791 6.26749977521289 0 0 0 0 0 0 0 0 0 0 0 0 0 0 0 0 0 0 0 0 0 0 0 0 0 0 0 0 0 0 0 0 0 0 0 0 0 0 0 0 0 0 0 0 0 0 0
