2.17816748703303 0 0 0 0 0 0 0 0 0 0 0 0 0 0 0 0 0 0 0 0 0 0 0 0 0 0 0 0 0 0 0 0 0 0 0 0 0 0 0 0 0 0 0 0 0 0 0 0
5.12464918134245 4.69970438321698 0 0 0 0 0 0 0 0 0 0 0 0 0 0 0 0 0 0 0 0 0 0 0 0 0 0 0 0 0 0 0 0 0 0 0 0 0 0 0 0 0 0 0 0 0 0 0
4.35162165419736 0.465679543365502 0.637148831360077 0 0 0 0 0 0 0 0 0 0 0 0 0 0 0 0 0 0 0 0 0 0 0 0 0 0 0 0 0 0 0 0 0 0 0 0 0 0 0 0 0 0 0 0 0 0
2.19442406857163 0.221942696158502 7.29269561302902 2.09473816915762 0 0 0 0 0 0 0 0 0 0 0 0 0 0 0 0 0 0 0 0 0 0 0 0 0 0 0 0 0 0 0 0 0 0 0 0 0 0 0 0 0 0 0 0 0
0.170395211612889 0.120979018753139 4.10466997365176 0.164753761620751 0.898287378431845 0 0 0 0 0 0 0 0 0 0 0 0 0 0 0 0 0 0 0 0 0 0 0 0 0 0 0 0 0 0 0 0 0 0 0 0 0 0 0 0 0 0 0 0
0.807334594749458 1.82871420977011 8.87911252708278 3.2117585069811 7.68267198969471 2.82344248574432 0 0 0 0 0 0 0 0 0 0 0 0 0 0 0 0 0 0 0 0 0 0 0 0 0 0 0 0 0 0 0 0 0 0 0 0 0 0 0 0 0 0 0
4.752939910631 2.21709195435114 4.55259774260082 1.34428200325689 3.82095249791652 0.961110915190529 3.50286022670893 0 0 0 0 0 0 0 0 0 0 0 0 0 0 0 0 0 0 0 0 0 0 0 0 0 0 0 0 0 0 0 0 0 0 0 0 0 0 0 0 0 0
1.37768832557466 3.21319702422725 1.16802448559896 6.71136867862947 2.89172607340771 3.04162647062228 1.94029272438672 1.76102837023811 0 0 0 0 0 0 0 0 0 0 0 0 0 0 0 0 0 0 0 0 0 0 0 0 0 0 0 0 0 0 0 0 0 0 0 0 0 0 0 0 0
0.35708452181753 2.76344301465869 3.55014547171341 1.6028336705716 7.53269584581356 2.78692546697338 1.74205075226901 1.11031993050177 6.17903003161215 0 0 0 0 0 0 0 0 0 0 0 0 0 0 0 0 0 0 0 0 0 0 0 0 0 0 0 0 0 0 0 0 0 0 0 0 0 0 0 0
2.76856187508757 11.3754925436393 4.15549149477821 10.4478268349635 0.174978614815315 0.79102977784025 1.39289855421466 4.46168115381793 1.94439755309497 0.866068196036867 0 0 0 0 0 0 0 0 0 0 0 0 0 0 0 0 0 0 0 0 0 0 0 0 0 0 0 0 0 0 0 0 0 0 0 0 0 0 0
4.86604522264137 3.93011977979592 3.79243413331195 2.08161869812267 6.30534864651706 4.26487299731168 0.508074697052459 2.03660539388407 0.402006162800539 2.0244042822138 0.255844632956823 0 0 0 0 0 0 0 0 0 0 0 0 0 0 0 0 0 0 0 0 0 0 0 0 0 0 0 0 0 0 0 0 0 0 0 0 0 0
1.36714051581549 10.4203997724675 1.24704276662515 6.27610510214997 0.237815594332841 4.3797091127042 1.79928115788435 3.08106628944735 1.45309637666783 4.12043521315898 7.00802289660898 1.61302921568864 0 0 0 0 0 0 0 0 0 0 0 0 0 0 0 0 0 0 0 0 0 0 0 0 0 0 0 0 0 0 0 0 0 0 0 0 0
4.21337260690944 1.91230751790553 2.72796780162692 1.24754757984908 0.0460577553018045 0.797919674796658 1.42494304729776 0.191635642950031 5.30921584426312 5.78673349826262 3.01790430909053 0.561023351142031 4.52598357403954 0 0 0 0 0 0 0 0 0 0 0 0 0 0 0 0 0 0 0 0 0 0 0 0 0 0 0 0 0 0 0 0 0 0 0 0
0.391318984072178 1.43874247665099 5.64497924272606 2.72281386121376 3.66357889162715 1.18936057556058 0.131882609725465 0.0252538916824393 4.44042437742541 7.26901196011052 3.46954731884324 0.625012578038841 5.28559802651566 1.36309722047133 0 0 0 0 0 0 0 0 0 0 0 0 0 0 0 0 0 0 0 0 0 0 0 0 0 0 0 0 0 0 0 0 0 0 0
0.140948203662773 1.39468315198107 5.49405577448114 0.887799581543305 2.28429100726223 5.87400942906451 0.963970322689844 8.56394564182145 2.42699777292009 2.50321226881046 1.29653301877199 0.540596834738593 0.772451251148831 2.548413369212 3.73466157519794 0 0 0 0 0 0 0 0 0 0 0 0 0 0 0 0 0 0 0 0 0 0 0 0 0 0 0 0 0 0 0 0 0 0
6.38467524079543 5.71587084224777 0.470718115918382 2.70615645565067 2.2376157223171 1.84421338074071 2.33993760787463 0.861431993247608 4.31052958948468 1.18979623080364 3.51086400059639 5.05340912435268 7.54529117135018 12.8586681461921 2.58927381515773 4.83694667589621 0 0 0 0 0 0 0 0 0 0 0 0 0 0 0 0 0 0 0 0 0 0 0 0 0 0 0 0 0 0 0 0 0
4.63910329175334 0.348172863735918 2.51284311816359 4.26354238479538 2.57458859928885 3.33380986072138 0.814902164722578 2.1928537231147 1.34362437206179 8.05504232806567 2.37105259291598 0.559445129782139 6.92381806289478 1.14811156981151 3.063550419882 3.94402262166961 0.329706926046945 0 0 0 0 0 0 0 0 0 0 0 0 0 0 0 0 0 0 0 0 0 0 0 0 0 0 0 0 0 0 0 0
0.202890670178002 1.12803876768814 3.30418806387114 5.97928679081132 7.27760683052099 2.73390326993633 0.116097732681944 1.19175754640922 5.78882549947105 2.24669869524999 0.431495530697976 9.81397865497527 1.79314682919839 0.124350336848831 4.97810459637298 0.200253113623634 9.88010144293405 0.602793214209503 0 0 0 0 0 0 0 0 0 0 0 0 0 0 0 0 0 0 0 0 0 0 0 0 0 0 0 0 0 0 0
1.13612590679279 1.34627276691155 2.05782211729758 1.18318694752876 0.476940246133031 0.145208949588507 1.21796232338068 0.0521170017197166 0.296914746024924 0.268493466502141 10.2161170489437 2.44309790182489 0.280900132073595 0.0657795130561458 0.474840372344544 2.81450770314918 2.71848218728659 0.140140337801759 6.16506856149731 0 0 0 0 0 0 0 0 0 0 0 0 0 0 0 0 0 0 0 0 0 0 0 0 0 0 0 0 0 0
0.842658309381685 0.420315292832509 1.98559633483261 4.39284133431344 5.93214656300326 0.00223758841459453 1.71078055955512 0.459106704790231 3.07400886369861 6.07547225025233 0.412816863380039 1.50613101042137 4.90017414610838 5.61009182554674 3.29015568568647 0.557337793399193 2.04540106910863 5.37680044347188 1.35250152738792 1.14392009865809 0 0 0 0 0 0 0 0 0 0 0 0 0 0 0 0 0 0 0 0 0 0 0 0 0 0 0 0 0
4.84155777255713 2.25298950681431 6.02366714719861 0.421810727379357 1.88214991324048 2.56191671680573 2.00436386983239 3.99033675755168 4.72603590620153 2.2279156330797 1.33334981402035 0.978347518999055 1.94441956474991 3.91599469613968 3.91953413993202 1.80504692759687 0.98943821940718 5.63108686462771 2.27214595163079 1.4195696360046 2.70793651766836 0 0 0 0 0 0 0 0 0 0 0 0 0 0 0 0 0 0 0 0 0 0 0 0 0 0 0 0
1.5042994799658 3.97090351059423 0.626133242533627 0.814685780116303 5.61373542899216 0.0574402822058146 0.747150060460962 1.05413853495703 2.69088699560898 0.500666448501937 1.86285216774876 2.13286845146355 2.63461500620305 1.12384347280933 0.244072188431937 2.77510896530337 3.99672245002625 7.13182382367463 2.18377847793356 2.22274324606618 6.58360653047632 0.630892878438989 0 0 0 0 0 0 0 0 0 0 0 0 0 0 0 0 0 0 0 0 0 0 0 0 0 0 0
4.74874067504892 3.83113341776033 2.54119658281133 0.576431966525166 2.13890529593909 6.96299932486688 0.599869191702864 1.20742273848611 7.85737454291497 6.2159503805962 1.41971761116705 3.44012377282423 2.37009738743773 2.44027314021564 3.68944466792139 4.54879714545683 0.587385398786895 2.4634610777173 5.94577923731823 3.33600829280113 1.96485147336323 0.641898888302516 9.27072245588431 0 0 0 0 0 0 0 0 0 0 0 0 0 0 0 0 0 0 0 0 0 0 0 0 0 0
0.38813371661618 0.756781667988182 0.159096654783909 4.4306484322704 0.72541046740214 3.63162684964734 1.50676156463998 2.85364952045392 3.20933935479083 3.9725521288699 2.00812842253049 3.30163848170022 0.907287583548579 3.00514478724048 0.0919552529829506 1.74043636289817 2.36005625887775 6.45734257739122 2.27315588653428 1.30814733586627 0.725771259328697 3.10405106277176 5.32322639414278 2.07522290102442 0 0 0 0 0 0 0 0 0 0 0 0 0 0 0 0 0 0 0 0 0 0 0 0 0
2.46726998550862 0.869009438217664 1.93465844543634 0.998007938644536 1.0922923929122 2.51073296640551 1.7043746036169 1.00645878333129 3.15765463905332 0.958962542009892 0.634067470125577 1.54707640222262 0.718608128078191 1.4624428008929 0.631498597657014 0.556207286440398 3.50544067915593 2.81276524225591 0.390430959124985 0.0808039103383551 2.19760989233301 3.08942680185585 5.93323250459875 5.42216416555253 0.436627756728465 0 0 0 0 0 0 0 0 0 0 0 0 0 0 0 0 0 0 0 0 0 0 0 0
1.15504432986383 2.96988582224684 1.22281113606529 5.48079097094365 1.9286393189106 7.24661359536349 0.254910869040083 0.570989564048386 2.33811650053093 4.8566486041069 0.311495737820843 0.535552581022862 7.85524507508649 2.22974861960426 0.486867848826412 1.34445308710339 3.10256404419021 0.239845220977397 0.973627107762181 2.53620900277485 2.81654885412855 1.71229262763937 2.6736511841924 1.31045082394656 2.98066866800016 1.24413684672262 0 0 0 0 0 0 0 0 0 0 0 0 0 0 0 0 0 0 0 0 0 0 0
4.06061059912224 10.6317865881296 7.05446141295727 3.56584709610776 1.30538362192138 5.37035634346089 5.57499244096106 4.2223694049091 0.601178618336457 1.479473881219 0.611660318901526 4.76525776400382 2.58530795176729 5.85760934090817 3.80847310063702 0.311105935954181 1.60617918617129 0.691912355142225 2.02059144630345 4.27581162535477 6.2975468902403 4.94530165670555 3.4985974303508 7.27090323670865 1.96037644026864 2.57809721573364 5.95616544854829 0 0 0 0 0 0 0 0 0 0 0 0 0 0 0 0 0 0 0 0 0 0
2.44745600761517 0.722141697003522 1.2247058242776 0.663901139834921 3.53192092912647 6.12282422109003 1.83412138708661 1.0467672431628 0.160146385875175 2.48369214324119 0.131632746333827 3.54636614981722 1.94349391907892 1.71121833350914 4.57287203719379 1.14829368739281 0.228686311471267 2.43013832032068 2.17605437304724 0.73739424054655 6.66210084919389 0.473990538625151 1.19876851521885 6.31662663201906 9.18076103370552 0.175643409780952 1.80320738818378 0.165255894536743 0 0 0 0 0 0 0 0 0 0 0 0 0 0 0 0 0 0 0 0 0
6.76263943611897 0.112756243276944 0.743391058670461 8.00361181292633 0.0953697491827941 1.63566530432572 0.0607891692383962 2.59807780067486 4.13504565699826 2.41101316358125 1.87564620046874 0.514599168384732 0.19585136770084 0.451729580518229 0.633448050681943 1.75066788374343 0.345134085417008 0.0653870865208246 3.401517746558 0.727361189712093 0.852696914508536 2.06940350725631 1.94159543451341 0.134137710909544 0.586867247781936 0.16379074257679 6.12040756198833 0.0998819769590747 3.91226700216799 0 0 0 0 0 0 0 0 0 0 0 0 0 0 0 0 0 0 0 0
4.69284227935084 0.607934019966534 8.20956291506518 2.71284656038057 1.18856620678313 3.0412417390272 1.07743930425686 1.31452821733864 3.223090691562 0.861487656154924 0.978884413656549 8.1413240641727 3.47771054355565 2.06443815892186 0.242324654627293 2.04847871608602 5.18271002756338 0.00245552049383575 0.860609493667018 0.906793603321964 10.3995556909477 3.07855574749249 3.49049363186418 9.05744991588937 0.12401341355472 0.649041446369845 3.68410648760783 7.01272886161627 1.33249851610579 2.25677925622585 0 0 0 0 0 0 0 0 0 0 0 0 0 0 0 0 0 0 0
0.764031207333765 2.91696369204764 2.13930962839719 1.09525817342631 6.88213231335905 0.93401422788458 2.15000691885382 1.20228547393833 3.65172687037843 0.262935256652594 6.84027833026658 0.0934809600327289 0.893885496921965 0.689724153531359 12.380049130596 3.49835873447901 2.4286650255075 3.66978819161853 2.02511363537792 3.69936721197705 6.88301789476084 3.49035132987137 12.4857543252387 0.00753392264164268 0.966209921495603 1.62884177001334 4.32968143108177 1.17682808384361 2.05361585401821 1.22855456481081 2.2384271904499 0 0 0 0 0 0 0 0 0 0 0 0 0 0 0 0 0 0
1.48145813527041 2.04730687674972 4.15774912086537 5.17388696358469 0.606781279526276 0.000504501800181244 3.22302042065846 0.193848099597652 0.232174829383391 3.12979787967601 2.04128602644232 4.09427692222185 2.59712561912913 0.00810042558964348 5.05840589411788 1.06738675840542 4.1950174819348 0.710121656864833 1.02776825750173 1.91305708396303 1.28036572129631 0.76480495541255 0.791218532212156 5.46473512079004 3.65764862241058 3.60582205162499 3.01181477906578 0.960526484272217 0.499096377359421 0.51074956876181 0.0697664573245781 0.675616569521913 0 0 0 0 0 0 0 0 0 0 0 0 0 0 0 0 0
2.08159389625214 2.37346358361579 2.45371942868117 0.786232125383394 2.60889811786882 1.56591072054825 2.76356943749562 2.19911906038975 4.11291846203726 0.468023302697487 0.991558979452274 1.88817857842444 0.0573452466342422 3.53282794983207 2.09100445867813 3.60386637622417 3.16523090357145 1.17016404699362 0.343490994029323 1.10195068260868 1.38537308729113 6.53819572592296 0.372480573583171 0.977617179148679 0.367182176076293 3.57392620155351 0.523511983355425 0.659841562992108 5.22008619417404 1.96083721686857 0.587388445071399 0.434176405623997 3.4641426161896 0 0 0 0 0 0 0 0 0 0 0 0 0 0 0 0
3.70644643715761 1.08866964876569 1.3083616166508 0.826731863193512 1.20555481546642 1.31876762721848 1.0757946234429 7.0333835271929 2.46814495305021 0.668711608070634 4.25865365856689 1.22691247238134 1.11560688973417 0.987451457797182 12.033030960159 1.92805495923792 6.23481348349895 3.83443257817225 0.906875442465798 0.888255570644212 2.71957169261441 0.285442425300597 0.681105382332352 2.50795176668631 2.49830879423057 1.53303948213206 2.91227098128347 1.95128564994547 2.43853424513491 5.91828002603596 6.44930016022859 0.182759991204814 0 0 0 0 0 0 0 0 0 0 0 0 0 0 0 0 0
1.18676417134501 2.14503933418993 4.82324261866485 0.725777585170386 2.04695606934689 0.0354028895041488 0.912376998077373 0.439989426719516 3.45681359534132 0.171473953110428 5.25412355268046 0.559440340147541 0.900348743283505 0.718087369362788 0.147753735136961 0.402052140848538 1.68598553634672 2.26408562736743 4.49181373532434 0.108867625483133 0.917451892796969 1.2146993241377 6.63503183033232 0.0140006586822611 0.0685655114351262 3.55926827209172 7.14156659974901 0.888744430809807 0.905141169175417 0.507309013762508 0 0 0 0 0 0 0 0 0 0 0 0 0 0 0 0 0 0 0
0.271730143878429 4.26389129918314 0.147230198805414 6.57148441455015 1.09228929216712 1.26344483635755 0.0956877879522752 2.0827796827278 2.19776071051848 4.14448456993211 7.52072171100179 1.98460996668382 0.50561769301179 4.65390114915888 2.02403768802294 2.9365288981629 0.0739864892072022 5.6995254256022 0.129052497923416 1.29016531255877 1.11393221193486 5.65744291888096 1.34484373440723 2.49952190336501 0.0940343545487368 0.636781603083036 1.67885350321722 3.2164334938045 0 0 0 0 0 0 0 0 0 0 0 0 0 0 0 0 0 0 0 0 0
0.852248013936918 4.05141681293745 1.53409336806023 1.80194793444275 3.34608212999718 6.34638631972009 0.259024120525383 0.81921529139662 1.11968630348132 1.60596565858608 6.02340219217186 6.85152542516545 5.15853698774313 5.83742644643226 1.87102790532905 0.786483013950232 0.0556787727601902 1.78354998622363 3.26106931595892 6.41540631631074 2.40216503748348 4.53723620927538 4.51878137655909 0.256544627171123 0.973267206901921 0.272415197484412 0 0 0 0 0 0 0 0 0 0 0 0 0 0 0 0 0 0 0 0 0 0 0
3.22621822756946 2.62771331842669 1.83000826503813 0.743074634979057 7.38471387883525 1.46561815676903 4.16240083991123 3.61902454352734 1.18485339899965 1.95205333049731 2.00706317745238 2.58819394789488 2.26454330817947 0.163473099662054 0.849200844781744 1.3669666012401 0.552659679974335 0.803099380922639 1.27183558553533 1.25852478555098 1.1147965106266 7.65024704580006 1.32338362937878 1.29596920886645 0 0 0 0 0 0 0 0 0 0 0 0 0 0 0 0 0 0 0 0 0 0 0 0 0
0.938177530846112 0.0960368954703097 1.13555003933833 5.38548898314505 2.02706672756313 0.530904936146398 2.6458577042712 1.03321800465507 6.39039204581074 4.44199429727507 0.231559125938712 2.50797417078737 4.16458937397257 0.782754647868218 3.02389427997183 1.24677833682194 0.759121818329365 10.6506696927857 1.44011298299804 7.21848427235762 2.10062166780618 3.02104212459179 0 0 0 0 0 0 0 0 0 0 0 0 0 0 0 0 0 0 0 0 0 0 0 0 0 0 0
0.160191289338686 6.30849489975709 0.379088666624391 2.29032049386373 2.62767784227507 0.923342700525774 6.3685857501982 2.0323275834428 0.663027266210874 1.5265194224512 2.27041157759962 6.42315012054223 1.86304715668958 0.764804600638901 0.263154012742355 1.76984705697696 5.10054798993376 6.27767243604946 0.984237895985089 0.0968116591613382 0 0 0 0 0 0 0 0 0 0 0 0 0 0 0 0 0 0 0 0 0 0 0 0 0 0 0 0 0
3.30447364731076 3.92295412415457 2.57699828603987 0.348261767464469 0.417099227071063 1.42640938713527 4.68953474544698 5.98507743656885 0.127409954743304 2.3188011636515 4.0425581113542 0.0414814794325367 1.55597794343998 0.931013279141774 1.43936223642881 5.30478117545374 0.44456552350424 0.316531331088165 0 0 0 0 0 0 0 0 0 0 0 0 0 0 0 0 0 0 0 0 0 0 0 0 0 0 0 0 0 0 0
7.69936548630985 5.66766481969871 1.60700180062285 0.713832773753456 3.19432252734922 1.96297231062377 0.776295171574073 1.00518797172808 1.47902784917335 3.31100880489897 2.86347644481985 2.60746791389168 1.4325745285868 0.866957777646191 0.135348742835306 0.059111387701642 0 0 0 0 0 0 0 0 0 0 0 0 0 0 0 0 0 0 0 0 0 0 0 0 0 0 0 0 0 0 0 0 0
1.58952485550936 4.16888500161659 7.67731640206712 0.0591543427951393 0.676124617580783 6.83712902160844 0.913587795269546 6.19371017006294 3.29800175566944 4.47905145790728 3.74189372396836 3.23875932656802 1.8868262573477 0.502307537272516 0 0 0 0 0 0 0 0 0 0 0 0 0 0 0 0 0 0 0 0 0 0 0 0 0 0 0 0 0 0 0 0 0 0 0
0.443206162898979 0.878151323664094 0.376733256136335 3.67314853462803 2.20483296235053 1.21210359179603 4.17168003797152 8.79029347125021 0.15754472832299 1.57777307741842 0.108510126246782 2.78879210099687 0 0 0 0 0 0 0 0 0 0 0 0 0 0 0 0 0 0 0 0 0 0 0 0 0 0 0 0 0 0 0 0 0 0 0 0 0
0.00625987617367375 4.17882909235814 0.0972659941287315 4.2482581321931 0.780057148489171 2.72750982688714 2.6516675285828 2.11480140527408 0.729741064262124 0.398032240231539 0 0 0 0 0 0 0 0 0 0 0 0 0 0 0 0 0 0 0 0 0 0 0 0 0 0 0 0 0 0 0 0 0 0 0 0 0 0 0
0.214143023071722 4.71340644868865 5.45160705450958 2.05568991819274 4.41569561878628 2.84742561966252 0.0184531658610163 2.19780168799541 0 0 0 0 0 0 0 0 0 0 0 0 0 0 0 0 0 0 0 0 0 0 0 0 0 0 0 0 0 0 0 0 0 0 0 0 0 0 0 0 0
8.6834040668141 14.569458332823 1.50278787021296 8.43626401424051 0.468854612157459 0.483310713650757 0 0 0 0 0 0 0 0 0 0 0 0 0 0 0 0 0 0 0 0 0 0 0 0 0 0 0 0 0 0 0 0 0 0 0 0 0 0 0 0 0 0 0
6.52574384876119 2.81663374586459 11.5903105846019 3.85350018802509 0 0 0 0 0 0 0 0 0 0 0 0 0 0 0 0 0 0 0 0 0 0 0 0 0 0 0 0 0 0 0 0 0 0 0 0 0 0 0 0 0 0 0 0 0
0.952705938447893 9.46541172062256 0 0 0 0 0 0 0 0 0 0 0 0 0 0 0 0 0 0 0 0 0 0 0 0 0 0 0 0 0 0 0 0 0 0 0 0 0 0 0 0 0 0 0 0 0 0 0
