0.870041072333805 0 0 0 0 0 0 0 0 0 0 0 0 0 0 0 0 0 0 0 0 0 0 0 0 0 0 0 0 0 0 0 0 0 0 0 0 0 0 0 0 0 0 0 0 0 0 0 0
1.33841276075454 0.906878960763111 0 0 0 0 0 0 0 0 0 0 0 0 0 0 0 0 0 0 0 0 0 0 0 0 0 0 0 0 0 0 0 0 0 0 0 0 0 0 0 0 0 0 0 0 0 0 0
1.88865189521302 4.56576454887748 5.25249487854634 0 0 0 0 0 0 0 0 0 0 0 0 0 0 0 0 0 0 0 0 0 0 0 0 0 0 0 0 0 0 0 0 0 0 0 0 0 0 0 0 0 0 0 0 0 0
2.91756421113499 0.333230255803386 0.53176653134893 0.846010077555868 0 0 0 0 0 0 0 0 0 0 0 0 0 0 0 0 0 0 0 0 0 0 0 0 0 0 0 0 0 0 0 0 0 0 0 0 0 0 0 0 0 0 0 0 0
1.67007151545 14.19652677079 3.2552605158835 0.14416333437398 1.53905316212747 0 0 0 0 0 0 0 0 0 0 0 0 0 0 0 0 0 0 0 0 0 0 0 0 0 0 0 0 0 0 0 0 0 0 0 0 0 0 0 0 0 0 0 0
7.7057506214164 2.46769651572078 4.98013243790509 5.50790971034377 6.8785900004667 2.06395315146312 0 0 0 0 0 0 0 0 0 0 0 0 0 0 0 0 0 0 0 0 0 0 0 0 0 0 0 0 0 0 0 0 0 0 0 0 0 0 0 0 0 0 0
0.671617890132473 9.86439172609934 0.0147844272949027 1.48141022725775 2.43366004186765 1.1348397657332 6.80261609134107 0 0 0 0 0 0 0 0 0 0 0 0 0 0 0 0 0 0 0 0 0 0 0 0 0 0 0 0 0 0 0 0 0 0 0 0 0 0 0 0 0 0
1.67323205582856 1.00902003681258 8.6383552407755 0.171135575818534 10.7625173160153 2.89880568823091 8.97400575809069 4.69144964153381 0 0 0 0 0 0 0 0 0 0 0 0 0 0 0 0 0 0 0 0 0 0 0 0 0 0 0 0 0 0 0 0 0 0 0 0 0 0 0 0 0
1.05592852292256 1.77683771441263 1.74565883437718 5.09474063910228 1.94364338743736 4.71164581001993 0.714927506038602 0.714822777237427 12.7760932079946 0 0 0 0 0 0 0 0 0 0 0 0 0 0 0 0 0 0 0 0 0 0 0 0 0 0 0 0 0 0 0 0 0 0 0 0 0 0 0 0
2.52611235144251 2.42211188321688 2.33817093848541 1.92014445426287 3.49189282696956 4.15460328082033 4.65685523775479 7.45407118057114 0.776652340911943 0.662170937305254 0 0 0 0 0 0 0 0 0 0 0 0 0 0 0 0 0 0 0 0 0 0 0 0 0 0 0 0 0 0 0 0 0 0 0 0 0 0 0
1.30390249781892 2.46636481946187 2.4916938202363 7.24888378119346 1.8636299978349 1.24500324814687 4.6109011223148 1.9755820745693 2.53235605604231 2.88164964697894 3.67300509027143 0 0 0 0 0 0 0 0 0 0 0 0 0 0 0 0 0 0 0 0 0 0 0 0 0 0 0 0 0 0 0 0 0 0 0 0 0 0
7.90487649657386 0.98235598732724 3.90114658236716 0.875765190780078 4.1890005822824 13.8108692287058 0.0709229620563109 4.72632917909395 1.31980171025694 1.09544768067335 3.74299346533746 3.93752898660865 0 0 0 0 0 0 0 0 0 0 0 0 0 0 0 0 0 0 0 0 0 0 0 0 0 0 0 0 0 0 0 0 0 0 0 0 0
0.37853708202206 0.685623849184628 0.596254771123197 8.56047526327436 5.37654357213432 0.592514026016259 3.34118663936827 4.00150361556095 6.10282759258138 3.75732865119179 0.589905308180549 3.57658261316498 0.0237342772283005 0 0 0 0 0 0 0 0 0 0 0 0 0 0 0 0 0 0 0 0 0 0 0 0 0 0 0 0 0 0 0 0 0 0 0 0
0.217371460244559 5.31608886876602 0.275442913720221 3.30958049859126 3.36588508299358 4.22322368930473 0.177405911283893 3.42381120889365 0.645532099053738 5.44324313117342 2.2306022806041 0.376897161409928 1.59617309197511 2.80400791211666 0 0 0 0 0 0 0 0 0 0 0 0 0 0 0 0 0 0 0 0 0 0 0 0 0 0 0 0 0 0 0 0 0 0 0
0.663917381046249 5.95893711737636 0.084036394005572 3.11486969937368 4.7455720331983 2.00152086692785 5.90943520940179 0.970191010547286 7.81945431972659 0.133323433087564 3.40656556110644 1.59533025568451 2.81989635130256 7.7370130395679 1.40898203529879 0 0 0 0 0 0 0 0 0 0 0 0 0 0 0 0 0 0 0 0 0 0 0 0 0 0 0 0 0 0 0 0 0 0
2.40323898046067 1.94984241653555 1.43663518793169 1.88190383789239 2.79679631498943 5.26764469686658 1.82274671677764 4.82750123426165 3.17891152252838 8.0643336029557 2.09638185199101 0.984985174770772 0.0123211450914437 2.80429573470747 8.67305938303116 0.304440159188736 0 0 0 0 0 0 0 0 0 0 0 0 0 0 0 0 0 0 0 0 0 0 0 0 0 0 0 0 0 0 0 0 0
3.14455692470143 2.47899289151526 4.64757715883252 1.27413280410287 3.1870826037489 5.49492652088483 6.96545442339886 2.7643652094421 0.485393132087592 1.72152877698029 0.165386722596984 2.29842115199981 2.48855968324697 2.20722826655401 6.66705388580304 0.409660560669005 1.56465257083626 0 0 0 0 0 0 0 0 0 0 0 0 0 0 0 0 0 0 0 0 0 0 0 0 0 0 0 0 0 0 0 0
6.42608470080315 7.81196740934954 1.05347254037119 0.0706729018361529 0.303155791261974 8.22590226768641 0.503939525761697 3.10997092947022 5.45485618390456 1.01688097633038 6.91268319770077 0.999121932491769 8.98333796640248 1.6506072870801 3.29435221233955 5.86891290172047 0.989927843176796 9.09545962332116 0 0 0 0 0 0 0 0 0 0 0 0 0 0 0 0 0 0 0 0 0 0 0 0 0 0 0 0 0 0 0
6.53625348556786 0.492336971375375 0.0630152949800982 1.45916577826892 8.51681519228352 7.97718621904329 4.33017267151332 3.79291577814079 1.25843595016209 1.64042129270094 0.541938244494386 1.51563782154593 2.40824950311483 2.94700778085463 1.36269669781313 0.702108683453822 2.51469118500632 5.12511992204525 0.580993690378792 0 0 0 0 0 0 0 0 0 0 0 0 0 0 0 0 0 0 0 0 0 0 0 0 0 0 0 0 0 0
2.37886733439736 4.63019363020487 2.55090513734127 0.890964044277965 5.72785416800477 4.61142146234896 1.07180905104872 0.748605027164176 0.613850910855454 2.4542869045495 9.58719280084422 0.902339527402439 7.16651652902836 3.51788083912531 3.19635933729721 8.09404297039826 0.738728536648525 3.39703613718063 2.73453105162386 0.00513824469275945 0 0 0 0 0 0 0 0 0 0 0 0 0 0 0 0 0 0 0 0 0 0 0 0 0 0 0 0 0
4.60680894926923 1.83648349477409 2.01246780602911 3.95283406185736 0.166617196902363 0.989302497174235 1.3387231921476 4.27611361588468 2.25913819318009 1.03079846053845 2.87474619954935 3.50753635942288 0.120256734035253 1.8920164546953 1.69561234559537 2.23613620423045 0.276018654341791 2.92546127267173 1.75503044822913 0.256016339602118 2.95513562338893 0 0 0 0 0 0 0 0 0 0 0 0 0 0 0 0 0 0 0 0 0 0 0 0 0 0 0 0
0.492310554889176 3.48080616329044 0.100806866281105 1.24642078783944 5.29154111027755 6.32684814102354 0.934980342232229 1.53365734375599 3.64367698060097 0.299304567951407 3.37684650287976 0.0709943561984165 2.89203902638977 0.0898290351164751 3.71232863893371 0.174680103251868 1.70567913299157 2.79429493233035 1.00365261771975 10.77486799085 0.497841138856604 2.75967046845267 0 0 0 0 0 0 0 0 0 0 0 0 0 0 0 0 0 0 0 0 0 0 0 0 0 0 0
1.50230891468047 0.647041488709985 1.39809391193604 5.10982961145611 2.93742826148908 6.77177100536743 5.004800577893 4.86597968200955 1.58245771641178 13.8972043943582 3.03916432516866 0.931593111363759 6.14338661343645 2.16550948193272 2.86027677823484 8.43995148820879 0.245204913773466 6.0698831501363 1.78145966573483 0.463181730878397 7.43365033990274 2.12800409829682 1.3220600529923 0 0 0 0 0 0 0 0 0 0 0 0 0 0 0 0 0 0 0 0 0 0 0 0 0 0
8.04639709679425 2.64454997590173 3.5701283331411 2.38130625452445 2.39807347296104 8.42036406376901 1.03020943897646 4.65970944965335 11.1827268908204 4.06158531732831 1.37967417060363 11.8511063470572 2.37045559885827 0.889797241238582 1.28357850928744 3.17735338289917 2.47017392531152 4.99119444770881 2.08740869249097 9.74471633906067 5.35379623491626 1.47336571239216 5.71607334370773 6.61965621960245 0 0 0 0 0 0 0 0 0 0 0 0 0 0 0 0 0 0 0 0 0 0 0 0 0
1.33753490796617 4.36866900601839 0.120169718981995 2.84115245917785 2.01067377514728 1.69911888121076 1.98965211046327 3.06113314757131 0.422347923053872 2.15615775104552 1.66165356212277 2.18655233271828 4.81101576811225 0.688211218716868 3.35605890599832 0.566821159028539 2.23762487799539 8.77730491924974 2.03607301595951 1.30190283273951 4.02800224027381 7.52873714263213 9.26463978791172 0.377361949301556 2.2125186383461 0 0 0 0 0 0 0 0 0 0 0 0 0 0 0 0 0 0 0 0 0 0 0 0
5.44327498150955 3.77563800858334 5.7997530051193 0.686295947984008 4.64809818310039 2.88744539957309 6.55351330995809 0.373707951269089 0.679758607899302 14.8938939787044 4.66633570027405 6.16191254717136 2.25934488361522 0.146002807272575 0.34856714645682 3.79462967320407 0.620200285112399 11.7095109690732 4.14756618018486 3.70441164853815 8.68894551705999 5.54267185146012 5.95107383977478 8.13042029860674 10.6894246932745 0.263619425621827 0 0 0 0 0 0 0 0 0 0 0 0 0 0 0 0 0 0 0 0 0 0 0
2.71148108296314 7.86691120328502 0.733560738434537 3.02325893067351 1.09397296712732 17.0666264695503 0.326795186689724 2.91030996478595 4.65862761065979 3.49132758816625 3.55188188186933 5.7097436018922 0.37275442847684 0.348327041922151 3.64684502341255 0.391889859214784 1.91068735823804 5.86567036432778 3.77964223959443 9.72618965922764 1.30467380800073 8.23780496541942 0.179395658279432 1.949387202636 2.21928431249961 5.94575442032134 0.428653750355651 0 0 0 0 0 0 0 0 0 0 0 0 0 0 0 0 0 0 0 0 0 0
2.72745214088203 1.15855357714152 6.23675899696639 1.87618999663814 5.38008450333775 1.42553696173265 5.51145456507369 6.46394139874255 1.28945638424483 1.60555232136292 4.75598641726884 0.820987119153513 1.99542413093523 9.40775511452149 7.96122762671443 5.94275964844787 1.60177341601247 6.58081131655185 2.24975091643618 4.48142844862226 0.174947833370714 0.512044382886307 2.35540529987439 4.77667956692382 5.02278038374986 5.29581510858053 1.86949349371568 4.10650171031962 0 0 0 0 0 0 0 0 0 0 0 0 0 0 0 0 0 0 0 0 0
0.186570957656165 4.06786258738553 1.41480338282353 5.96109964155262 5.96926852373651 0.458605553175554 4.11395400482347 0.78818192653183 1.57761635724665 0.301570339538539 4.18788454963949 0.567228652579802 1.18564433173738 3.0034965575686 3.26710933568706 0.874592523670005 0.204197603240925 1.53708492398908 1.69366931350591 0.757283526194114 2.04558480936382 1.09436718164909 0.106043583820665 0.794648929021726 4.86282362181309 0.868272986580215 6.09598642456016 3.35384092822634 0.58814770270469 0 0 0 0 0 0 0 0 0 0 0 0 0 0 0 0 0 0 0 0
4.75787346955869 1.46387024781178 9.63598585818452 2.67361623641602 5.46804483037443 18.800249215722 2.08317828704257 8.36740691556438 2.96777833687854 5.82794699448595 1.15560554354853 5.06415551045217 1.84297036883599 1.06324879693567 6.45838310253224 1.18042225521284 1.50768133392067 5.11204753602633 9.28859202713752 5.4503820291852 8.3072996610979 0.38619567186423 0.575057228787563 4.54201242962917 0.386697240839623 6.91613649616146 0.717320709594141 0.805568943838603 1.0231124200528 1.97433212427093 0 0 0 0 0 0 0 0 0 0 0 0 0 0 0 0 0 0 0
1.11572126288598 0.096783659798091 10.0481334383392 3.44117326001879 4.97196597501409 2.84639920952377 2.66284593932065 10.206969033549 1.14109407565699 0.110529015780123 2.68442501282013 0.944920810324646 0.129688607205126 5.58725282554232 0.51501651101562 2.35432241252213 1.47485900771825 4.94649333604162 9.19767746220488 9.56327128006903 2.44997937287493 4.53343994901983 3.27197507558676 2.3061494966395 4.57503255638039 1.65975089057154 5.77215595744662 0.717504078432977 0.814194187211664 1.59429164775955 1.64492680107856 0 0 0 0 0 0 0 0 0 0 0 0 0 0 0 0 0 0
4.38237871774112 2.28976927652426 1.2176793689548 1.88368852781359 0.196808282789243 10.2884148791204 0.149144051031154 1.49732386865949 6.13046619341126 6.82402415670042 0.686974824746679 11.5136961498374 1.35566560735677 1.50588921113541 5.35948257495138 2.78332530124723 6.69923120477192 7.26042747162597 8.85421881453597 2.04130430968523 7.83907900113552 2.04483066122112 7.91294755248278 8.86683946329872 2.05429676541614 5.7416223171827 0.480791775908553 7.25496989946497 1.4703941756505 5.32494889517627 7.13043792242092 3.96962362967502 0 0 0 0 0 0 0 0 0 0 0 0 0 0 0 0 0
3.12557806503713 4.37875336991405 13.4495357696547 1.47674609363652 12.5892830720495 10.0522885410438 4.59508235694956 4.92633694221048 5.9179951177282 0.964317809123569 8.82208579429534 4.68677676393262 1.90580916323039 1.33451333655826 1.27096715271786 2.85756849487791 0.774256154623342 10.5412203574878 3.83577874067956 8.50448822862478 1.0362779877691 0.15856856138628 0.938759066212224 0.470851958358701 2.94054750450269 6.51296699012227 5.00777384187806 11.076809488094 1.33689358390678 8.48894842984743 4.64493925073684 1.69671812091616 10.069808668427 0 0 0 0 0 0 0 0 0 0 0 0 0 0 0 0
0.276447501033447 5.40100111798367 3.39845209633915 0.893458241766462 5.56272410459033 5.67064868639111 0.958429837531341 9.13035612559306 1.04631907079669 4.38577203694777 2.94550210015714 5.37240678441946 3.02113537408776 1.35938942706942 4.68651089007308 7.30064780726315 4.51746115233713 2.78558728708867 4.61503827502004 0.200258791708694 4.84484072280037 5.12385521489544 0.514706204737527 1.96290070036721 0.842744136220312 0.365509818563012 9.3772425421286 4.50557320513554 2.9461619478403 2.10645883398274 0.162757882480867 3.73703252649423 0 0 0 0 0 0 0 0 0 0 0 0 0 0 0 0 0
5.07810188238777 0.502447115556442 6.07035639648186 2.47562633475679 1.70947687642657 1.99529226082818 1.6760018651029 1.18000635599977 1.21568316091996 4.53911581867434 1.23847182232834 2.80599168484739 1.5506002861452 4.50188105391171 2.43645679361858 3.61478435876939 0.381896929654946 1.09024749686052 1.25141500109519 1.00655300820171 1.23753988505632 0.736431230501026 0.565019770154852 1.2721182246124 1.62193875905829 4.04508664134316 3.66754248851595 0.222639037470895 4.89540056579658 0.179713373509933 0 0 0 0 0 0 0 0 0 0 0 0 0 0 0 0 0 0 0
1.58752818473931 3.67760829403735 4.82574449116292 9.1597821288235 1.097610911505 6.11594100086971 1.79188286991051 9.96595071767219 4.15554646391139 1.97278568981598 0.929790566455431 1.58015569484293 1.44994625474824 2.97957468617868 8.23030201485354 0.28234181320103 1.77718313840709 6.43198955807974 4.35866492898494 2.19808397848988 1.54097351141501 1.5722286187648 7.06948648941944 2.59854649133998 0.701061689947628 7.83162465453521 15.0190171387248 13.1009377606282 0 0 0 0 0 0 0 0 0 0 0 0 0 0 0 0 0 0 0 0 0
3.56954572834508 7.87086452055508 3.97691839456957 0.936393953779206 1.08729656401282 0.417812907720429 0.716576967712681 6.77252390199204 1.48805089242375 0.611064483389688 2.01606818989248 5.61147715364036 8.12057975223331 8.74930242481078 3.47609612356593 2.1995555396947 4.56704359777483 3.62687440007183 5.90335277286449 0.388644942297394 1.34192049359231 5.03957998049088 5.57093649376702 4.45130405192383 0.0192086201232587 10.8858344131308 0 0 0 0 0 0 0 0 0 0 0 0 0 0 0 0 0 0 0 0 0 0 0
1.725895052334 5.34675644140667 3.26755731570719 2.20869687070006 1.80100611030169 2.49019611754454 2.80410506609392 4.79990259547393 4.00383032836676 1.9443285441389 7.93149465519123 10.8133448983787 3.16019794141061 1.62472151208078 2.79085008227519 0.16484552549582 4.3297053176598 10.34653571334 1.50439404947761 5.52625329476514 2.88982133492553 4.23244148400321 1.71616227638272 1.71595973914475 0 0 0 0 0 0 0 0 0 0 0 0 0 0 0 0 0 0 0 0 0 0 0 0 0
0.619281968156086 1.99398334466285 0.414881152215295 7.98049807882621 0.480707310915023 4.52769919611223 2.3171903226091 1.34549243523116 0.333198954870393 4.94774659051397 1.7729618674514 0.235297289693477 0.107121874120979 0.966184481767315 3.23102019247048 2.01939412058094 0.172256658147032 3.87482809063368 2.90568696728263 2.54136255054408 1.80683049773254 2.67663645321134 0 0 0 0 0 0 0 0 0 0 0 0 0 0 0 0 0 0 0 0 0 0 0 0 0 0 0
0.101388608135664 7.37342781783506 3.03003715714751 0.0328945525755955 1.30955985096276 0.483164188477457 1.10674702005368 1.48840636928307 1.88329997897768 1.52701456492603 2.53585621905351 2.80204418314044 1.72386164586676 1.29035220231504 1.75927441386568 8.24178481577676 0.738836622228884 2.44259064717061 1.82727158861451 0.166719452331187 0 0 0 0 0 0 0 0 0 0 0 0 0 0 0 0 0 0 0 0 0 0 0 0 0 0 0 0 0
1.95396502850503 6.41819229053318 1.70030458371061 6.58180453153592 0.482165547088205 13.7672387394497 0.374357273972042 4.51448378902128 7.78803021626704 2.5767272623963 5.40714272725786 6.62419559065816 1.70471903024119 0.198363626421992 4.40907447262761 3.68290363067238 0.0409028668219607 8.00809036719527 0 0 0 0 0 0 0 0 0 0 0 0 0 0 0 0 0 0 0 0 0 0 0 0 0 0 0 0 0 0 0
0.875091066458555 7.35660152969312 5.95383614188139 1.58007624689418 3.36728298462758 2.88219671644216 3.94786435566354 2.71933129681755 3.03391759558431 1.42052043095659 2.26579277606178 3.87698739735152 3.16958249156563 3.4588208644682 2.38104437108231 1.99265447807186 0 0 0 0 0 0 0 0 0 0 0 0 0 0 0 0 0 0 0 0 0 0 0 0 0 0 0 0 0 0 0 0 0
6.19415142406572 0.557202417195075 4.22354220724361 7.97932518605002 0.295542531548432 8.06449914023073 1.8401080930407 1.75063295765631 3.69823680489337 0.45911129458064 3.56305745539048 0.133555003776657 2.31512075343438 0.831806047401504 0 0 0 0 0 0 0 0 0 0 0 0 0 0 0 0 0 0 0 0 0 0 0 0 0 0 0 0 0 0 0 0 0 0 0
1.84712764898023 1.92935615886813 0.250083996550797 0.909340752960024 4.23654019770069 8.9223267392887 2.89500239558076 0.0207047846269263 7.27071324435878 0.215940991207956 1.77495901218953 4.33273731745225 0 0 0 0 0 0 0 0 0 0 0 0 0 0 0 0 0 0 0 0 0 0 0 0 0 0 0 0 0 0 0 0 0 0 0 0 0
0.594126753328321 0.929389890311523 1.16745513067569 0.0268135070951569 9.24181648629446 9.39609765159829 1.05539292635145 0.806342790203267 1.47497924066239 5.07324539321314 0 0 0 0 0 0 0 0 0 0 0 0 0 0 0 0 0 0 0 0 0 0 0 0 0 0 0 0 0 0 0 0 0 0 0 0 0 0 0
5.18486484337592 1.97455606722627 7.84299056068926 4.81116076345376 8.7303393803844 10.1300332355532 2.14522253451238 0.231926008252175 0 0 0 0 0 0 0 0 0 0 0 0 0 0 0 0 0 0 0 0 0 0 0 0 0 0 0 0 0 0 0 0 0 0 0 0 0 0 0 0 0
5.15062461965829 2.42094290887081 1.59822134150468 7.93804356093504 1.33702599064495 3.65548611381746 0 0 0 0 0 0 0 0 0 0 0 0 0 0 0 0 0 0 0 0 0 0 0 0 0 0 0 0 0 0 0 0 0 0 0 0 0 0 0 0 0 0 0
0.194150061146503 1.72297250828239 5.95984702550151 1.74813290224501 0 0 0 0 0 0 0 0 0 0 0 0 0 0 0 0 0 0 0 0 0 0 0 0 0 0 0 0 0 0 0 0 0 0 0 0 0 0 0 0 0 0 0 0 0
7.90050353517192 14.1171137767615 0 0 0 0 0 0 0 0 0 0 0 0 0 0 0 0 0 0 0 0 0 0 0 0 0 0 0 0 0 0 0 0 0 0 0 0 0 0 0 0 0 0 0 0 0 0 0
