1.61624903726269 0 0 0 0 0 0 0 0 0 0 0 0 0 0 0 0 0 0 0 0 0 0 0 0 0 0 0 0 0 0 0 0 0 0 0 0 0 0 0 0 0 0 0 0 0 0 0 0
0.236105189872023 1.56749303758221 0 0 0 0 0 0 0 0 0 0 0 0 0 0 0 0 0 0 0 0 0 0 0 0 0 0 0 0 0 0 0 0 0 0 0 0 0 0 0 0 0 0 0 0 0 0 0
2.86046042702559 5.05109975806003 0.249915867477498 0 0 0 0 0 0 0 0 0 0 0 0 0 0 0 0 0 0 0 0 0 0 0 0 0 0 0 0 0 0 0 0 0 0 0 0 0 0 0 0 0 0 0 0 0 0
1.69015539738854 3.29212520287521 1.19844102088285 0.365633377761635 0 0 0 0 0 0 0 0 0 0 0 0 0 0 0 0 0 0 0 0 0 0 0 0 0 0 0 0 0 0 0 0 0 0 0 0 0 0 0 0 0 0 0 0 0
1.34719920679198 7.23228294685294 0.509410413213181 0.958940514056517 1.25085458148691 0 0 0 0 0 0 0 0 0 0 0 0 0 0 0 0 0 0 0 0 0 0 0 0 0 0 0 0 0 0 0 0 0 0 0 0 0 0 0 0 0 0 0 0
1.91308949569627 3.42470202760434 2.66006147273002 1.87672042273077 4.33727620950392 3.48617380078829 0 0 0 0 0 0 0 0 0 0 0 0 0 0 0 0 0 0 0 0 0 0 0 0 0 0 0 0 0 0 0 0 0 0 0 0 0 0 0 0 0 0 0
0.0213212959918899 1.25752346170801 1.06944323493646 7.63173385292085 6.11196511552886 0.624642857533362 1.7797379487054 0 0 0 0 0 0 0 0 0 0 0 0 0 0 0 0 0 0 0 0 0 0 0 0 0 0 0 0 0 0 0 0 0 0 0 0 0 0 0 0 0 0
0.338695835153096 0.197636643927173 3.31861074981962 2.9533787952855 0.157435280148108 5.1909717425378 2.42696165690172 0.708065502803253 0 0 0 0 0 0 0 0 0 0 0 0 0 0 0 0 0 0 0 0 0 0 0 0 0 0 0 0 0 0 0 0 0 0 0 0 0 0 0 0 0
2.28461597078763 0.993970285923259 3.03701303392444 2.99697049160581 0.786391925961346 5.2868837315973 0.714372262072771 3.07305565434118 0.974736513826237 0 0 0 0 0 0 0 0 0 0 0 0 0 0 0 0 0 0 0 0 0 0 0 0 0 0 0 0 0 0 0 0 0 0 0 0 0 0 0 0
0.763205124053241 5.00068797033344 1.8592270287765 0.0443175712209862 4.11896124736978 1.49432103208016 4.18412452255729 2.93965391786076 2.83686516463101 0.907823559695921 0 0 0 0 0 0 0 0 0 0 0 0 0 0 0 0 0 0 0 0 0 0 0 0 0 0 0 0 0 0 0 0 0 0 0 0 0 0 0
2.46360063332162 0.355777765412553 0.600021370119886 0.80938362044597 3.83353691905564 0.0688433566647982 3.11434696588096 2.75371073958857 0.175330654529648 0.788129389404812 0.0111923631568646 0 0 0 0 0 0 0 0 0 0 0 0 0 0 0 0 0 0 0 0 0 0 0 0 0 0 0 0 0 0 0 0 0 0 0 0 0 0
3.65798262558216 6.26004705511366 4.6681997937615 1.38234995704863 1.00721603678783 5.24460223151225 1.8515619791282 2.89498131493062 8.17765181073455 2.16543380650309 3.21871134653491 1.36919471329481 0 0 0 0 0 0 0 0 0 0 0 0 0 0 0 0 0 0 0 0 0 0 0 0 0 0 0 0 0 0 0 0 0 0 0 0 0
1.56252586280041 5.19052778916512 0.83137772752598 1.36679661267172 0.0592533111474321 3.41073556330444 0.920068773519029 9.01499160414559 0.853516629350971 2.84272569983304 2.1134622363069 2.28016672994281 0.951629756578608 0 0 0 0 0 0 0 0 0 0 0 0 0 0 0 0 0 0 0 0 0 0 0 0 0 0 0 0 0 0 0 0 0 0 0 0
2.43461202351596 0.893485087324458 1.32663594009078 5.40543971433764 2.68234360246802 7.09162590224529 0.422961491446118 4.72485090441771 0.811752173461521 1.10199018047789 1.80035989646699 0.409152533932126 2.50140224593388 0.102916894823273 0 0 0 0 0 0 0 0 0 0 0 0 0 0 0 0 0 0 0 0 0 0 0 0 0 0 0 0 0 0 0 0 0 0 0
5.59311135857042 1.06271945893537 0.140891277713199 1.12008675865877 0.0450184847849364 1.09407134108477 1.13876910646429 0.933959603140682 1.62214762271165 3.74050979158302 7.82928418586126 0.752533256331112 3.61832121277438 1.70688452297276 4.87793952662237 0 0 0 0 0 0 0 0 0 0 0 0 0 0 0 0 0 0 0 0 0 0 0 0 0 0 0 0 0 0 0 0 0 0
0.0248007247346341 0.182702999510168 5.70163132295525 2.24683831727997 4.36621917758122 6.60464597594473 3.38049362905213 4.90678729755126 1.1056976113532 4.56163240300613 1.97742356738048 4.65434633730439 6.00156172130529 0.0743625131942687 1.98953252233014 2.23864210770029 0 0 0 0 0 0 0 0 0 0 0 0 0 0 0 0 0 0 0 0 0 0 0 0 0 0 0 0 0 0 0 0 0
0.505252484663681 6.07008837108465 0.204463076848879 0.604877881693035 0.376650299965601 1.65530327772058 2.09688887123307 1.56736419079151 0.00749695201355452 3.32917471448905 3.41185912545696 4.40177513768126 2.1298955388216 0.427716750538114 3.27878121749254 3.04945988959103 0.877628621347609 0 0 0 0 0 0 0 0 0 0 0 0 0 0 0 0 0 0 0 0 0 0 0 0 0 0 0 0 0 0 0 0
7.86283287303114 0.824337079228423 0.0857084090905874 2.96685573550545 1.69310892597984 8.68620126336001 0.248931508194954 2.27297175038466 2.39081550602574 2.88433243024377 1.17651624002256 0.588896571250669 2.95241789655396 2.48830976177878 1.44582568309849 0.749086752586996 0.798400248232173 3.60682537130993 0 0 0 0 0 0 0 0 0 0 0 0 0 0 0 0 0 0 0 0 0 0 0 0 0 0 0 0 0 0 0
1.38776630079819 0.662195553615954 8.33961723291687 0.423618575330042 2.53302319570099 0.645710946750631 1.14424136328218 1.71577272116433 0.714367342529987 3.33932237586004 1.19213861533371 4.14263709489503 0.163979545782203 2.02655748780915 3.59717181967251 3.7466743800656 1.78838554210331 5.81536490711313 0.00863410965621926 0 0 0 0 0 0 0 0 0 0 0 0 0 0 0 0 0 0 0 0 0 0 0 0 0 0 0 0 0 0
3.36248771356711 2.36146119540886 0.85753275678622 0.454286136177844 0.529596081250021 0.771596614134666 0.567290061037891 1.17633171837098 3.48393907357913 0.0948724433917145 0.215594747440091 2.76294589959657 3.93601745527042 1.64780147916254 1.7129266100203 5.4349837069596 4.99167531683772 0.415222763072454 0.504524238970482 4.25720026733347 0 0 0 0 0 0 0 0 0 0 0 0 0 0 0 0 0 0 0 0 0 0 0 0 0 0 0 0 0
2.26407649598478 0.894116370185187 1.03260617766818 1.19287237639883 0.601708904752626 0.501675126180037 5.61227820647021 3.18772737157212 0.272550539050523 1.56358563608755 0.39110561307208 6.40468062302059 2.04636777774268 2.91547670081131 5.45702822732281 0.540794490305755 1.00536630487554 3.13615578370827 1.47207582308412 1.39061715530038 2.56383977732666 0 0 0 0 0 0 0 0 0 0 0 0 0 0 0 0 0 0 0 0 0 0 0 0 0 0 0 0
4.75965542339457 3.379342346558 2.16108145713542 4.40231885868915 0.698718163850075 2.08776374231879 2.25951952927245 2.90186244980375 1.86851991268954 0.799216070579527 8.18562298219593 0.706104885195424 0.0972849101677385 1.90616232103751 3.16006272672564 1.90685682281028 7.56586970935677 2.23098723232309 1.93219273333357 1.96651160435054 1.28389932975798 2.42824959331076 0 0 0 0 0 0 0 0 0 0 0 0 0 0 0 0 0 0 0 0 0 0 0 0 0 0 0
5.48380076603016 1.99728995366432 9.49131755279889 2.19193212094885 2.00895119422744 4.92514771362836 2.53088347565922 4.24741522085371 1.6361643823892 9.40284933463525 2.16850524213025 2.02203288580392 0.840712492560506 0.38394792877818 1.93908587782565 7.09462184434844 0.245951556866523 4.39611592507908 8.00051804873107 0.0545543689121175 3.75300421190216 1.18498083313596 0.557148939215477 0 0 0 0 0 0 0 0 0 0 0 0 0 0 0 0 0 0 0 0 0 0 0 0 0 0
1.39158534154742 0.325885268256104 0.308796005325723 4.89054193940839 1.59299684879892 0.741164162704546 2.28791317349949 4.95076384738985 1.26541634990262 2.55348550401433 1.35953246104078 4.02966019183029 2.48794595204461 0.0109028907771687 0.416539508695096 0.145492680087309 0.187461234830425 4.97316192785255 1.27143906518777 5.51204370607801 5.0056695218043 0.519607670255802 3.16439100705349 3.25308965662465 0 0 0 0 0 0 0 0 0 0 0 0 0 0 0 0 0 0 0 0 0 0 0 0 0
3.75561202273376 5.01672053836971 8.3228779559735 0.433680045042491 1.54220168232269 0.843202326092694 0.230512814963238 6.36774304933956 0.474766229515936 3.53387791639 0.892073766577693 1.42699103696279 0.078216987219724 2.2287869180898 0.748413107576347 2.15031986427772 7.77328619301202 0.182466054001501 1.95955307175992 0.504971474575171 1.12104933083251 0.122000629784491 0.327189536619145 2.22389742589769 4.32350663826733 0 0 0 0 0 0 0 0 0 0 0 0 0 0 0 0 0 0 0 0 0 0 0 0
0.562058892001089 4.80076392117994 2.48405635387219 1.24368707914023 6.03045254509965 2.36526130631699 0.735048320345858 0.316657043319469 1.75498761410285 2.80133366980343 0.685321777135402 0.480747479919002 1.58875943412842 0.739318653085305 4.46960359529876 1.74641653040853 2.14788604578427 0.502405243544271 7.7357453797737 2.47682531837541 2.07646773424703 0.0161425241901683 0.271335878512722 3.41309463863383 0.100413419981156 0.251940116643479 0 0 0 0 0 0 0 0 0 0 0 0 0 0 0 0 0 0 0 0 0 0 0
8.16117343244151 0.784142609491111 0.876142532137094 1.96975306084654 0.782715235255035 1.20845418216533 10.8536277786101 2.99922974411875 1.35767425732823 1.78129391838622 1.54966112339997 4.57525956252479 4.35044974765362 0.995375101289577 2.9973013221542 1.96382971512239 2.64655169832118 2.67258705207573 0.0760292642146074 0.194116449798593 1.38675596355817 1.4591054964712 2.39796545578158 2.33573507489966 2.50771652590901 1.04562677776961 2.72936679443079 0 0 0 0 0 0 0 0 0 0 0 0 0 0 0 0 0 0 0 0 0 0
1.49817401835388 0.878692407179908 3.26280353195577 0.287434387067128 0.120688914633721 1.0776851339374 0.983137475422289 1.0528007123209 0.145125213407931 0.959569493075118 0.00742542367402238 8.93460791856201 0.877017327479817 0.853502603503921 1.56954457709139 0.87210417958164 1.38139446475083 0.952916734991051 2.69949966082376 3.33090977459659 0.132412207379259 1.75843345217673 1.62732358974623 3.45110685924188 1.95735403021616 3.20079614443489 2.39273956591488 9.23159438611262 0 0 0 0 0 0 0 0 0 0 0 0 0 0 0 0 0 0 0 0 0
0.0313192699270001 0.703913295499617 1.38357470022349 6.81782533995489 1.11960386970539 1.51931112446516 1.7264611874191 3.17274202797822 0.919764896237906 3.53955718384095 4.07253781981056 0.396034172945157 1.75902105588074 0.146024564832542 4.71983492392221 3.44828899807041 3.41700270714578 1.79930563118932 1.93632653860642 2.09021334348106 3.63267382747825 0.969609506291364 1.23820654289618 0.834288562179776 1.24250626848467 0.788972976467342 1.41259611174693 3.45223918336033 1.95109956639019 0 0 0 0 0 0 0 0 0 0 0 0 0 0 0 0 0 0 0 0
0.512014129008742 2.24634677429073 6.10032858981814 1.6255842760712 2.85507094500981 0.204604738393313 2.50915087354351 1.53375504144 1.61333985104605 0.513873437678002 8.60211209071097 2.81981515015539 1.24600718113219 2.02200257799602 6.62152672501008 3.43098818599526 6.64964549643993 0.690810537489783 0.291159812321131 1.63090328450431 2.2764333233525 1.54540434845097 1.94215087365306 2.02900379237295 0.221871701111408 0.63102781453744 0.122060916108945 0.875690196028879 0.5312638094397 1.74717260988121 0 0 0 0 0 0 0 0 0 0 0 0 0 0 0 0 0 0 0
0.612794321313161 5.73334635879559 0.347151655313339 0.185996302286776 7.04185377465395 1.30617949062324 1.54040164884157 0.186043299149029 0.0936198975420746 2.38864467680637 4.19077231269047 1.95074387383877 1.3287688652961 4.14944552756798 2.16813753761856 2.45743706566382 1.67031095157129 2.74080350227943 0.742003788723214 0.416702816180708 1.02677062807062 3.52417786618631 2.02155561668217 5.10934389995675 0.760213822749637 2.03929347460371 1.17866741513191 1.57419091561407 2.97577623679424 1.4892999250949 0.433786494062348 0 0 0 0 0 0 0 0 0 0 0 0 0 0 0 0 0 0
1.1807221283073 0.314641538838419 1.42629735306356 3.49004295243881 0.507056306002038 2.17666905385449 2.78486382548256 3.55224422530363 1.05311371377438 3.0879768988776 0.450712402281038 0.15815215685732 3.96581948697557 0.0225970294450395 3.04987511158712 2.18402298730585 4.55540209642242 1.77342846990438 1.67208398209157 2.52973490419157 0.916366695748867 1.17291556963023 0.634968693936658 0.00511178598109418 2.18545945028976 0.208404552202855 2.68644272727516 2.35276203091636 7.87428963873425 2.12082922418026 0.0184184218393033 2.58584920446917 0 0 0 0 0 0 0 0 0 0 0 0 0 0 0 0 0
4.82020443919786 1.50381164138186 0.260468475728397 1.25326912225245 0.939235166784188 0.613286958409071 1.41129875053421 1.27682871533681 8.35558513162302 4.05535478028574 4.62448415119188 4.78511732262317 0.280661482120477 1.01365726668968 1.11408562033757 3.95799436205822 1.40541117455164 0.00691087621541155 3.01874791163561 0.0202955117558669 5.18475749691661 4.31325249745535 2.80830880408285 3.11732543052776 7.31191179438128 0.163561986844821 2.70947707001263 4.3143921395884 0.776127386625508 0.477739837676589 0.270690019921305 2.97742320583211 3.29566675194912 0 0 0 0 0 0 0 0 0 0 0 0 0 0 0 0
0.739017171035878 1.24634696905286 0.801460580728741 0.280442167794216 0.822565524342048 2.42958747280041 2.79285610610288 10.4673182766279 0.201678382847912 2.40476251236369 1.5423550392044 2.81767874806904 0.734706718048444 0.0175146920551918 0.113369471526406 6.11252813435758 0.800676031980126 4.35030584258907 5.73008779483407 2.02013663174885 3.3116377980547 0.647651111724126 2.11607689612096 2.09780751905132 0.696392525947544 1.73711060291111 6.80502710517105 1.36516156870701 2.07737299277597 0.919670791696934 1.17046008538162 0.501941461250534 0 0 0 0 0 0 0 0 0 0 0 0 0 0 0 0 0
0.238106784745501 1.80807640060183 3.40009564361794 0.435982203698011 2.02597664554975 1.74825380973406 1.28710643722059 4.79674070503594 1.13829814458569 3.39647107830259 0.103700278829037 4.73376449367424 2.00510650555439 2.27393375693566 4.44055676105172 0.75552595009202 0.63978112587563 3.62031304157257 0.562914901204262 3.97126654873392 0.167363215430078 0.438062363548634 7.9189410271038 0.805432727199254 2.65557484325047 1.03111504273187 1.43457986891438 0.422670479096351 1.4048755771039 1.05285302913574 0 0 0 0 0 0 0 0 0 0 0 0 0 0 0 0 0 0 0
0.370143476982588 0.179284265538965 0.436442423053218 2.79927805399141 1.87243326482391 6.03686771394072 3.37597581465375 0.607006165667896 3.05734908273547 0.401030453524456 2.62569339611362 6.95195303176183 0.522161963019707 8.58092029881855 5.44925890905715 0.994502928202623 2.83839066337658 0.210058081149685 5.83582776987258 5.28660717366467 0.414448859408983 1.65355687904988 0.243175285304098 7.997779756166 5.91969509102164 2.97105638147955 3.34846811972171 2.3333433311969 0 0 0 0 0 0 0 0 0 0 0 0 0 0 0 0 0 0 0 0 0
0.411595195374694 1.18213151488971 5.99162657505763 1.62439077142563 8.83493936718272 2.76686387335234 0.43474012379099 0.0274633236005627 1.63670894747582 2.92785007832261 0.0526266847675879 0.260489091378171 0.962177618371015 0.953297915921355 0.297813853299531 3.97637119276279 3.02773597256769 0.999022320242101 2.34446537862542 1.11618487753677 3.28917076896936 1.64919712840267 2.7036442458397 0.675746891569253 0.366696616883823 3.00779868839328 0 0 0 0 0 0 0 0 0 0 0 0 0 0 0 0 0 0 0 0 0 0 0
5.51694060899674 3.09401133635865 1.51958883011112 1.33796316815049 0.0660779716957243 0.154370381530683 7.90561775441518 0.00200091185105539 0.39362012657272 1.60056318504386 0.392337212748643 2.54696947813377 1.04565272883776 1.51084357675826 3.36033686846276 4.48321043330725 2.37076447853886 0.508878345943746 1.70177285535872 0.192832521158259 0.412283507191232 0.830965567468688 2.1814315947226 0.410041038734069 0 0 0 0 0 0 0 0 0 0 0 0 0 0 0 0 0 0 0 0 0 0 0 0 0
4.03093595898984 1.15596162033675 2.44816372124148 1.12073572472623 0.182154625937401 4.29427762403444 3.35949057774614 1.80720248460383 2.34567764988215 1.92004856554105 0.506439580189876 0.788699525826982 8.10419925982271 0.710675682862843 3.77525484015435 4.44921993416966 1.10458278223632 1.5243369707155 0.248619742389585 0.767579499074707 5.06181183444039 1.92774620158717 0 0 0 0 0 0 0 0 0 0 0 0 0 0 0 0 0 0 0 0 0 0 0 0 0 0 0
0.105090322201877 1.77146213763044 8.56291679760478 0.0573228151966925 5.11252564916154 1.17681741537631 6.36549351343743 4.18524783363701 6.03582149342797 1.31087192086444 1.58609065393626 2.3757779977307 2.09608568262853 1.64715004220694 7.55994713820683 0.861763251420379 3.75427324568416 0.937269654578791 7.12019648917263 1.2104509504242 0 0 0 0 0 0 0 0 0 0 0 0 0 0 0 0 0 0 0 0 0 0 0 0 0 0 0 0 0
0.150982037102937 0.895341893201094 2.28294757547359 0.728304580996133 1.25905190997167 7.20695656470604 2.21739718993711 3.25292575098879 6.61706517139293 3.68634436063009 0.197676107712496 1.16227917607882 0.596684414959017 1.35113617033221 1.13852838458125 2.48374350571319 0.366454669035825 0.28190201745652 0 0 0 0 0 0 0 0 0 0 0 0 0 0 0 0 0 0 0 0 0 0 0 0 0 0 0 0 0 0 0
2.26630544333425 0.0433806282378515 4.84275765242006 1.23681471295496 1.77908082919106 4.17193246396204 0.461855041622569 2.66977464486498 3.08282185598666 6.01867293714605 0.752074721427965 0.537663689727783 8.64153715430321 0.751307792002028 8.24568894075912 0.128398693870187 0 0 0 0 0 0 0 0 0 0 0 0 0 0 0 0 0 0 0 0 0 0 0 0 0 0 0 0 0 0 0 0 0
1.74822314420416 0.0608982452016617 0.901986807782019 2.04451423458521 3.32084443191377 4.46177047691178 4.29850487879186 1.46841660916989 0.486304134257665 1.65730522295052 0.113684056272611 0.848889217131176 1.69658949058914 0.825882429389665 0 0 0 0 0 0 0 0 0 0 0 0 0 0 0 0 0 0 0 0 0 0 0 0 0 0 0 0 0 0 0 0 0 0 0
3.06450185678616 1.20142005783994 0.500214042626781 0.812682908557369 0.0134108081991763 1.15424247558485 2.03437847455711 2.62906401482049 5.76914043723531 0.905641987381436 3.65778112179525 2.86629919365345 0 0 0 0 0 0 0 0 0 0 0 0 0 0 0 0 0 0 0 0 0 0 0 0 0 0 0 0 0 0 0 0 0 0 0 0 0
0.938510221351342 1.89486388349476 6.48774612348285 0.952725224707619 1.40799633529369 7.39572798602337 1.70429361141595 2.75889036452773 0.851354992569128 3.05142587930231 0 0 0 0 0 0 0 0 0 0 0 0 0 0 0 0 0 0 0 0 0 0 0 0 0 0 0 0 0 0 0 0 0 0 0 0 0 0 0
2.57578577655583 3.41169026084025 3.25168357666721 4.80849932123534 5.51439045585401 0.0258641882947548 1.63756834732948 0.0989205950492478 0 0 0 0 0 0 0 0 0 0 0 0 0 0 0 0 0 0 0 0 0 0 0 0 0 0 0 0 0 0 0 0 0 0 0 0 0 0 0 0 0
1.67508590205579 0.808366637502747 1.66301721489194 1.28438003513405 0.233335251709087 3.24395677889207 0 0 0 0 0 0 0 0 0 0 0 0 0 0 0 0 0 0 0 0 0 0 0 0 0 0 0 0 0 0 0 0 0 0 0 0 0 0 0 0 0 0 0
1.2394498658855 4.58097927101576 3.22237143908096 1.9841454877368 0 0 0 0 0 0 0 0 0 0 0 0 0 0 0 0 0 0 0 0 0 0 0 0 0 0 0 0 0 0 0 0 0 0 0 0 0 0 0 0 0 0 0 0 0
2.08433364499459 2.24520935107678 0 0 0 0 0 0 0 0 0 0 0 0 0 0 0 0 0 0 0 0 0 0 0 0 0 0 0 0 0 0 0 0 0 0 0 0 0 0 0 0 0 0 0 0 0 0 0
