1.32806693635073 0 0 0 0 0 0 0 0 0 0 0 0 0 0 0 0 0 0 0 0 0 0 0 0 0 0 0 0 0 0 0 0 0 0 0 0 0 0 0 0 0 0 0 0 0 0 0 0
3.50659868047339 0.267350831158016 0 0 0 0 0 0 0 0 0 0 0 0 0 0 0 0 0 0 0 0 0 0 0 0 0 0 0 0 0 0 0 0 0 0 0 0 0 0 0 0 0 0 0 0 0 0 0
2.78314002736415 3.11253531608343 1.13735700555033 0 0 0 0 0 0 0 0 0 0 0 0 0 0 0 0 0 0 0 0 0 0 0 0 0 0 0 0 0 0 0 0 0 0 0 0 0 0 0 0 0 0 0 0 0 0
1.72062764745871 1.75794149230818 4.19851130622417 0.119184003625161 0 0 0 0 0 0 0 0 0 0 0 0 0 0 0 0 0 0 0 0 0 0 0 0 0 0 0 0 0 0 0 0 0 0 0 0 0 0 0 0 0 0 0 0 0
2.23276642953316 2.67150448723981 0.927554480792474 1.47309614508077 4.64768511622901 0 0 0 0 0 0 0 0 0 0 0 0 0 0 0 0 0 0 0 0 0 0 0 0 0 0 0 0 0 0 0 0 0 0 0 0 0 0 0 0 0 0 0 0
4.39003130166024 1.1245405705337 2.34544608309147 2.38600651710708 4.21834802436711 1.83716852327803 0 0 0 0 0 0 0 0 0 0 0 0 0 0 0 0 0 0 0 0 0 0 0 0 0 0 0 0 0 0 0 0 0 0 0 0 0 0 0 0 0 0 0
0.584556976771111 2.79802423029829 0.78884055526474 1.44001457936918 0.444043465783565 0.455696666644107 1.11732463537165 0 0 0 0 0 0 0 0 0 0 0 0 0 0 0 0 0 0 0 0 0 0 0 0 0 0 0 0 0 0 0 0 0 0 0 0 0 0 0 0 0 0
1.16457797690407 0.266468137190448 1.57543420533665 3.14505434869215 2.41687183993767 2.95485451793359 2.52588530965959 0.768548217488392 0 0 0 0 0 0 0 0 0 0 0 0 0 0 0 0 0 0 0 0 0 0 0 0 0 0 0 0 0 0 0 0 0 0 0 0 0 0 0 0 0
1.69524003817727 3.97390851798294 9.00774501217497 4.28449811520907 7.10932350313075 0.232576627583091 2.77274669879581 3.64752073454314 1.73258892915602 0 0 0 0 0 0 0 0 0 0 0 0 0 0 0 0 0 0 0 0 0 0 0 0 0 0 0 0 0 0 0 0 0 0 0 0 0 0 0 0
1.02014332583515 1.58342900574145 1.2902893574528 2.68212834741459 0.979850578201175 0.340328294520716 1.70369264687546 0.0932932727887459 5.85066992234115 1.40334306339089 0 0 0 0 0 0 0 0 0 0 0 0 0 0 0 0 0 0 0 0 0 0 0 0 0 0 0 0 0 0 0 0 0 0 0 0 0 0 0
5.09917983799505 3.70863143607853 5.69316766927255 2.11002519529202 1.7727190264746 2.16523269968348 2.53428404083693 4.01193958242922 0.934014791135329 2.46754282042141 0.421593552200859 0 0 0 0 0 0 0 0 0 0 0 0 0 0 0 0 0 0 0 0 0 0 0 0 0 0 0 0 0 0 0 0 0 0 0 0 0 0
0.356977270418502 7.60671920539959 2.20168010208599 0.797556500385822 4.84525081475644 1.0466981901894 5.77146276746523 1.46061188833792 1.40170728202153 4.26366070190273 0.123407843163926 0.245220783044278 0 0 0 0 0 0 0 0 0 0 0 0 0 0 0 0 0 0 0 0 0 0 0 0 0 0 0 0 0 0 0 0 0 0 0 0 0
10.7957857470048 1.09350812305989 1.23339104924376 0.177001411877968 3.58202207106131 4.27237746158758 2.28150984309076 2.73507728336176 1.39208037769824 1.45821134025476 6.02436230141923 0.455105353323112 1.73646638837145 0 0 0 0 0 0 0 0 0 0 0 0 0 0 0 0 0 0 0 0 0 0 0 0 0 0 0 0 0 0 0 0 0 0 0 0
2.0269576031592 0.263222401085408 6.289705597051 0.822174417370365 0.416249477700998 0.500918200147888 3.60234437181362 1.65174628226904 5.48888319331788 0.216772454102247 0.480435820179186 4.18311715102464 0.394731033616544 1.9085394681595 0 0 0 0 0 0 0 0 0 0 0 0 0 0 0 0 0 0 0 0 0 0 0 0 0 0 0 0 0 0 0 0 0 0 0
0.0491860720282536 0.852143146580861 2.87300236833246 3.4719598719549 0.0534920126469742 1.02958796368219 0.696929873718849 6.42745286144058 1.56679305062162 0.288381054424489 0.615849837470599 6.10119883733155 3.06669994087889 4.20321830639935 3.48048670542485 0 0 0 0 0 0 0 0 0 0 0 0 0 0 0 0 0 0 0 0 0 0 0 0 0 0 0 0 0 0 0 0 0 0
1.49178920841946 1.24605898999219 4.20456058315443 0.269576822347251 1.28961953032691 0.419496025686049 2.15334214938983 1.359613948354 4.9393778054337 2.95503659722225 3.35928543159271 2.78824379446778 5.90638412771721 2.19919712029455 4.26567695255252 0.273696868006212 0 0 0 0 0 0 0 0 0 0 0 0 0 0 0 0 0 0 0 0 0 0 0 0 0 0 0 0 0 0 0 0 0
1.27885063489304 1.48859712116436 0.670894015115481 1.5773527093498 1.7465906715146 4.32328128490483 0.133510262466109 3.66778079779617 2.80142390911833 5.01247241887887 0.0621046761945915 0.0384100459746882 0.242958496713382 4.89125174949258 2.60286724001196 1.03205019125791 1.25839089837673 0 0 0 0 0 0 0 0 0 0 0 0 0 0 0 0 0 0 0 0 0 0 0 0 0 0 0 0 0 0 0 0
1.64221585662867 1.15270229055961 6.56240120122672 0.0523512407161496 1.62567535521435 1.14458920368366 1.67235283773347 1.3254926226923 1.05378662711848 0.560357584584128 2.99153260814636 3.71665175665529 7.00673561040662 1.12268095571806 0.354167482036992 4.85448554654067 0.371351975294437 1.32913202230248 0 0 0 0 0 0 0 0 0 0 0 0 0 0 0 0 0 0 0 0 0 0 0 0 0 0 0 0 0 0 0
1.50337782727724 4.22046613246755 0.688057529044955 0.596666279005236 2.94936177498649 0.5177418443952 0.672540925254353 0.23599943033471 2.86851943416767 0.769957607656762 0.262259770496719 1.22311662420897 1.89708674613823 0.802253895990498 1.39087211587426 0.230666110478664 2.3144820493839 3.5221446817785 1.6794531463344 0 0 0 0 0 0 0 0 0 0 0 0 0 0 0 0 0 0 0 0 0 0 0 0 0 0 0 0 0 0
2.90022643317431 3.62849446084996 2.01316754968534 1.80361666558952 11.4790619467039 4.31533051107883 1.60387508301071 0.205353866243781 4.96142689456578 3.24859914024939 0.483472198544963 0.0957871815995714 3.58878594404429 6.83534194012552 5.61375084133982 0.197099245713186 7.96724361042596 6.65548249163649 1.43117345528612 1.66693036000524 0 0 0 0 0 0 0 0 0 0 0 0 0 0 0 0 0 0 0 0 0 0 0 0 0 0 0 0 0
3.39614220891138 4.43216095409332 2.4493993516895 1.19832099980005 0.811619095361396 5.10088398367522 0.15394316363972 2.56720255082233 0.146464485205271 3.41855394316222 0.24248238595574 0.139151750382819 2.44741627022688 0.388404512749142 2.34500423440472 0.342598700474856 1.78710013142832 3.4930859712841 2.66988586377227 2.07246197382096 4.12205257504558 0 0 0 0 0 0 0 0 0 0 0 0 0 0 0 0 0 0 0 0 0 0 0 0 0 0 0 0
2.10795366608195 2.22518327845408 6.43199852957042 0.456069604173161 8.83941573250279 0.82364566431212 5.66469421357132 1.95476696619852 2.38899902527313 0.142313189142302 1.33267397932426 5.8036807399683 0.835095215634137 2.22293373947039 0.838084239690803 1.70235644185104 1.04816742763586 2.30158042464829 3.06613181923144 1.35927265925239 2.31328565281047 1.13490763100792 0 0 0 0 0 0 0 0 0 0 0 0 0 0 0 0 0 0 0 0 0 0 0 0 0 0 0
0.781673215725815 1.70519669277801 4.46263480817271 2.61592914027653 2.47833842684592 2.93712065684882 1.83628857013393 7.45833973205525 1.41358717559571 1.65128696856775 7.18051756353358 3.78130344537905 2.21185483880971 5.08823011313895 4.438003783149 4.80617920323922 0.496170955662643 4.37074896525876 1.29393982577669 1.3086337980047 8.88496440589218 1.87585559990293 0.276028016670597 0 0 0 0 0 0 0 0 0 0 0 0 0 0 0 0 0 0 0 0 0 0 0 0 0 0
1.8202731212983 0.454503682934942 0.539064617681143 2.23845955258458 8.57130054264253 0.710614866086095 2.06042427569444 0.686461313155672 2.46376517153405 1.09598308314504 1.93067168839693 0.0101144479947199 7.76381933356913 0.0543831427011695 0.585955986888974 0.436758051981664 3.01633810842261 1.32208215846915 0.475994594597011 0.162874557032483 0.473465462138781 2.06864269720651 0.245453791544609 2.6295795229492 0 0 0 0 0 0 0 0 0 0 0 0 0 0 0 0 0 0 0 0 0 0 0 0 0
0.344673982614212 3.56534134837125 0.172748868255767 0.530685674033406 1.1199720189497 3.54044057560133 1.45309644170074 0.661162884035115 2.87997212984455 1.24802267068426 0.217732915829085 8.89927520214677 1.89733566311414 0.0917738179938275 0.366700863705408 1.35557568639434 0.664608100760028 0.276980698421351 1.41460032062701 0.104695551548604 6.01844342769247 4.4212205075395 0.955159078067089 3.68185488090996 0.139078393595943 0 0 0 0 0 0 0 0 0 0 0 0 0 0 0 0 0 0 0 0 0 0 0 0
1.38520784716524 0.764227789394711 3.46680519711755 1.63549988282153 2.43167341750414 0.0686249529933292 0.286347284766268 0.776973727636486 0.129469190733146 0.393759103342528 0.00207886380285242 2.16161298986987 5.50831996636475 2.5100047940985 1.11026065450463 1.91882298405525 2.20881923273099 3.84070716723564 4.78592187408411 5.03111551419457 4.41938568732038 2.95333344507953 6.84379292057666 0.950594379757788 5.76452879035279 0.733101916950901 0 0 0 0 0 0 0 0 0 0 0 0 0 0 0 0 0 0 0 0 0 0 0
1.95282463906463 10.7990629692663 1.31970084559993 5.51728773643053 4.29047681901543 7.85345440098683 0.779865167112351 0.417108929820754 0.600396572594068 0.109434307340794 10.4093664043437 2.27660055776104 3.72724559080777 1.0488590373644 2.17706307126273 0.984376427391217 3.79172845242112 0.609182469577062 2.36290748803702 1.68280794108387 4.07987699205311 0.872202892760604 2.60413834852586 7.26799686737077 3.47667560509706 0.0155969826181239 0.0481441495045044 0 0 0 0 0 0 0 0 0 0 0 0 0 0 0 0 0 0 0 0 0 0
1.99498187820121 2.39180923821283 5.66309179064109 1.32612403634346 0.235798906058866 0.283733105204733 0.500982711545342 0.353519190786131 2.06784527753948 3.51805517268595 1.0915710166441 1.3745788044676 2.22348972361488 1.02917949154733 3.4701106107133 0.0558962141987452 1.00172220417343 5.11541937176335 3.72625644797455 0.986447288496708 4.26740353213837 1.12707444158018 4.74574346846561 1.07342373364639 5.18035061930932 2.76337214572266 1.58376847654887 0.0441542549519476 0 0 0 0 0 0 0 0 0 0 0 0 0 0 0 0 0 0 0 0 0
1.29297903572665 4.70363632689592 2.56755266917374 4.01308515062268 0.141725644655433 2.52111876443853 1.00242781686953 0.933483395657598 0.513721676161505 1.9489209291282 0.123029973362747 5.57722064920206 0.745136624609995 0.629363086808686 0.0647076834731052 2.3159231956114 0.139975915507723 3.25238131087621 1.1748800634311 7.16117609976944 0.38689974002364 3.66840341312816 1.95967110020529 5.69776020762061 1.7771601017319 0.196608228835389 5.69387491477411 0.609612924513563 1.38094181814193 0 0 0 0 0 0 0 0 0 0 0 0 0 0 0 0 0 0 0 0
6.9655459767679 0.856236247199182 0.463102786040935 5.62153766242105 2.08224445366012 1.8145778156917 5.93150813865587 4.88034854878324 4.08292904460856 0.480046137713568 2.6549115727291 1.23112340441179 0.369825261022489 4.4429096700469 3.52317499450856 0.670926232952874 2.47608102729324 0.521906409478681 1.1020835321344 6.31913235785924 4.02710327743973 0.859143137575865 1.04047854264829 0.271313718533548 0.051233589576539 2.88693644105922 3.71218136213641 1.12524264530026 2.08579027051644 0.737551179484635 0 0 0 0 0 0 0 0 0 0 0 0 0 0 0 0 0 0 0
1.37437630142733 2.31665871809348 2.99442392280584 5.61718452569809 3.16546946955922 0.872006189613452 0.434778459639374 1.61135793227611 7.90224100523421 0.763738557696114 5.78599473580284 0.30594228676779 0.559959760942076 2.82787501530256 1.29119406646054 1.96138814077537 0.0699616835813394 3.34604743893002 4.21322428154343 8.21373678640549 3.8742288331017 0.902301299570391 4.05265430320888 0.331729837190346 4.38778398407132 0.856521515472854 3.77757319299533 2.98387505702439 1.0708055885098 2.34022784499708 6.75884269318217 0 0 0 0 0 0 0 0 0 0 0 0 0 0 0 0 0 0
7.28695276715367 2.77547463931801 7.48407234853416 5.70379976507116 2.19213961013331 7.53360140275712 2.16272573225763 3.60542869039445 1.41887618702144 1.34420596055088 4.32694581226177 1.07659372143402 0.273331611037085 1.00763048545904 2.60790121316779 1.02917249510321 2.28752194463127 2.26836143405558 4.78236725467703 0.394827546990825 0.17728553116656 0.593953716590517 3.36414147055055 0.861014369229193 1.92551000237109 1.25431039561168 2.61813567514944 3.76457961015034 3.08930864190505 0.539798976346668 6.3098089593767 3.10619805079883 0 0 0 0 0 0 0 0 0 0 0 0 0 0 0 0 0
1.71634951817327 6.12506249659531 1.42557523988721 4.72520795439675 2.21836110416321 3.9061393816744 6.64089677411971 3.27214843734057 6.90907853734228 4.50596898130802 2.85080316480517 3.36788381897909 0.503230390299109 3.39564964891521 2.04909521881626 1.92024159045586 1.59185575178552 4.29765224487704 2.45232264210945 0.0186446759459939 8.34235893953642 0.926001604564057 4.24605388464193 0.381331599679439 1.20934569890716 2.77181786305122 12.0757737299606 0.473377260357869 0.843059474595249 3.51679157023109 5.02227708285011 0.466262671629164 1.06713550088575 0 0 0 0 0 0 0 0 0 0 0 0 0 0 0 0
3.12291596965998 2.99388299794617 4.61659621716653 1.34162323554121 2.60713171715313 1.44917887023816 2.05582299192472 1.10175040774095 3.48706612887132 3.78949926867505 4.60981085240045 0.506686504926938 0.63351353175355 0.376642327957875 6.31032920285036 1.63114479520363 6.47562674996159 0.729348710124395 2.94128466882872 1.87561534789618 5.20586367769439 1.80998468012578 1.02812726347245 0.0853082370355301 2.26399262728123 0.272726620805654 1.06124891278305 7.20992746894399 3.21922015510939 3.00550355632007 0.0853091179290835 2.61042886940135 0 0 0 0 0 0 0 0 0 0 0 0 0 0 0 0 0
5.25539133554546 5.79786993650227 4.71244694959363 4.98050125061547 0.821282771242652 3.23686975336814 3.76687434984045 0.0412451683265084 1.90899027127595 4.04611815234081 0.364079720239502 1.4660943229872 4.44534465078166 1.12780390870478 4.77468598610209 1.18061163821818 0.149805872206202 0.535180440251569 0.961076227102082 1.23713158588641 4.20859622531061 3.0726793008959 1.56008476715549 1.10026331315275 0.84114071472181 5.55869736023838 1.44992073009749 2.25158527599337 1.09694912066188 2.14111729505278 0 0 0 0 0 0 0 0 0 0 0 0 0 0 0 0 0 0 0
3.11646899282414 2.59538892102195 3.61972819210643 4.16396164556746 1.56933739376454 5.95484166703815 0.870435002387934 0.536773976165253 0.443989416131854 0.970412844942093 5.57185463436071 2.8411342225492 4.02049069282131 0.369645586742137 2.23679036926114 0.257764457209219 3.57538604564816 1.49415727656171 5.2680936820237 0.204111769988894 2.53741988002647 1.68973261800058 1.5517124911699 1.36550511564614 0.400859482531187 1.94709814614755 3.18534906223059 0.58605335751923 0 0 0 0 0 0 0 0 0 0 0 0 0 0 0 0 0 0 0 0 0
0.30225009290012 2.81095929892311 1.08712744501195 1.62804452636177 0.804793052894478 3.73281592480678 6.01828239608247 3.3606614752306 0.824694776933405 7.0057479186464 1.43093957048418 0.22306431929615 1.92267293829857 1.12482755896189 0.928576592276628 2.66653316865582 5.04655447295635 7.75700341670777 6.09196543853299 1.9689437063077 2.21296964619478 5.91391993775804 2.79247717946044 2.01469233516052 0.598596848338829 4.55555100917754 0 0 0 0 0 0 0 0 0 0 0 0 0 0 0 0 0 0 0 0 0 0 0
2.37402026657832 1.70751516660388 4.42024536585125 7.37805917158498 2.35473836477156 3.80909880859463 2.861068847545 0.0333619338383129 0.600457285241928 1.26555094280574 1.03406058926618 5.83566275454736 3.65718568327131 3.51389261225856 4.08558220620708 0.757101526941833 3.19617724941458 1.08168316581089 0.132269475547413 0.204370565535281 2.02282957868572 2.93286712857803 2.81736604350464 2.28017985357815 0 0 0 0 0 0 0 0 0 0 0 0 0 0 0 0 0 0 0 0 0 0 0 0 0
5.74489957848336 4.62454143656076 7.21178570304266 2.62407528340844 2.1708480959806 1.29266558014645 0.544876424990913 1.06925795990388 5.45649136032876 0.289203090222532 10.3719457286132 5.27491658816767 0.593976980042218 6.44032114183509 0.33794396621797 1.27866269206703 0.174646737102529 1.9153958137952 2.6333561700621 1.21347977330427 1.60246965917681 3.50241805500376 0 0 0 0 0 0 0 0 0 0 0 0 0 0 0 0 0 0 0 0 0 0 0 0 0 0 0
3.40056915966311 5.37640499663984 0.365048123387392 1.17128940216409 2.90576617198127 1.38160604705509 1.43430603146412 3.52618901177057 1.60728145990302 0.175089606708538 0.480821965105087 3.08033710317307 0.368189815220742 0.938357504419864 0.038132770807976 0.618654622326818 0.0480749963731296 5.54483892679067 0.185419543139261 0.055044675301484 0 0 0 0 0 0 0 0 0 0 0 0 0 0 0 0 0 0 0 0 0 0 0 0 0 0 0 0 0
0.402454262086052 1.6695303719071 0.282544151160578 10.3584271451837 2.54673710346973 2.92834162465705 2.51615724331402 0.543129966649442 2.72021014412949 5.4146116625554 2.93805958083519 4.61487847146332 1.22348383410633 2.74555920893169 1.60730022546664 0.65259465345271 1.06352814698746 3.02537412467098 0 0 0 0 0 0 0 0 0 0 0 0 0 0 0 0 0 0 0 0 0 0 0 0 0 0 0 0 0 0 0
0.566272129395385 0.767564052346289 2.44688151371186 0.160970792674891 1.70263676233366 3.69080843737162 6.77541704318226 2.35974948794643 0.154429880676871 0.787849255472749 0.13188139280734 0.272327743211696 4.0180279130458 2.87691199850779 0.541106406133965 0.408455436527021 0 0 0 0 0 0 0 0 0 0 0 0 0 0 0 0 0 0 0 0 0 0 0 0 0 0 0 0 0 0 0 0 0
7.30941839177118 3.43358339762943 3.10845206770846 7.56262397209308 4.14869726753815 0.148984406578289 0.793198172513162 3.05335555576724 3.21175735517972 1.16186884821576 5.63324339669229 3.00228733778945 1.54721175113585 0.766153939339493 0 0 0 0 0 0 0 0 0 0 0 0 0 0 0 0 0 0 0 0 0 0 0 0 0 0 0 0 0 0 0 0 0 0 0
2.09390572584438 0.950456793118875 0.841495356106525 1.09874478162839 0.109800889220904 7.69081917383849 2.01363210002408 2.63657302972299 5.53708522037646 4.5320734226121 2.69761074394409 1.73183580418566 0 0 0 0 0 0 0 0 0 0 0 0 0 0 0 0 0 0 0 0 0 0 0 0 0 0 0 0 0 0 0 0 0 0 0 0 0
1.10083719644338 5.31690976318285 4.79816592836638 0.300367971966129 0.202954929128276 1.0522335837685 1.44367516958965 2.47848147037739 1.20265609996103 0.981054754372356 0 0 0 0 0 0 0 0 0 0 0 0 0 0 0 0 0 0 0 0 0 0 0 0 0 0 0 0 0 0 0 0 0 0 0 0 0 0 0
0.155537975386778 1.92202846054858 2.85764526891063 0.704809995155274 5.39346445888544 0.122714670366905 5.47224706656985 1.98293579465788 0 0 0 0 0 0 0 0 0 0 0 0 0 0 0 0 0 0 0 0 0 0 0 0 0 0 0 0 0 0 0 0 0 0 0 0 0 0 0 0 0
1.0445436661624 5.10192550766369 4.07758455279498 6.5368554326143 1.05760120421867 0.259009750314547 0 0 0 0 0 0 0 0 0 0 0 0 0 0 0 0 0 0 0 0 0 0 0 0 0 0 0 0 0 0 0 0 0 0 0 0 0 0 0 0 0 0 0
2.46908572228879 3.03096009211444 1.09599244973892 0.410539144568657 0 0 0 0 0 0 0 0 0 0 0 0 0 0 0 0 0 0 0 0 0 0 0 0 0 0 0 0 0 0 0 0 0 0 0 0 0 0 0 0 0 0 0 0 0
4.09920409505879 1.202693869449 0 0 0 0 0 0 0 0 0 0 0 0 0 0 0 0 0 0 0 0 0 0 0 0 0 0 0 0 0 0 0 0 0 0 0 0 0 0 0 0 0 0 0 0 0 0 0
