3.24992605441385 0 0 0 0 0 0 0 0 0 0 0 0 0 0 0 0 0 0 0 0 0 0 0 0 0 0 0 0 0 0 0 0 0 0 0 0 0 0 0 0 0 0 0 0 0 0 0 0
4.52738158389062 1.28067396492709 0 0 0 0 0 0 0 0 0 0 0 0 0 0 0 0 0 0 0 0 0 0 0 0 0 0 0 0 0 0 0 0 0 0 0 0 0 0 0 0 0 0 0 0 0 0 0
1.77390460174216 1.43985192221033 0.82079801468732 0 0 0 0 0 0 0 0 0 0 0 0 0 0 0 0 0 0 0 0 0 0 0 0 0 0 0 0 0 0 0 0 0 0 0 0 0 0 0 0 0 0 0 0 0 0
7.34997216340965 2.18703993567474 0.582753333184873 0.830413558548398 0 0 0 0 0 0 0 0 0 0 0 0 0 0 0 0 0 0 0 0 0 0 0 0 0 0 0 0 0 0 0 0 0 0 0 0 0 0 0 0 0 0 0 0 0
4.42614094010963 1.50174288083805 0.576969601615208 3.98546687287389 0.361390904981593 0 0 0 0 0 0 0 0 0 0 0 0 0 0 0 0 0 0 0 0 0 0 0 0 0 0 0 0 0 0 0 0 0 0 0 0 0 0 0 0 0 0 0 0
2.63594509710925 1.01585945912538 0.255176053800861 0.922990268009312 2.350450984456 1.96501947109061 0 0 0 0 0 0 0 0 0 0 0 0 0 0 0 0 0 0 0 0 0 0 0 0 0 0 0 0 0 0 0 0 0 0 0 0 0 0 0 0 0 0 0
0.638652926463007 1.4954997060346 0.856941583655453 3.93100322301006 0.00951410744886176 3.12986449454339 1.86043640322917 0 0 0 0 0 0 0 0 0 0 0 0 0 0 0 0 0 0 0 0 0 0 0 0 0 0 0 0 0 0 0 0 0 0 0 0 0 0 0 0 0 0
4.45310036397632 0.652844241650184 1.869312771638 0.916232130399313 0.84673937794438 0.14363556649114 3.08548307840712 6.32695253754297 0 0 0 0 0 0 0 0 0 0 0 0 0 0 0 0 0 0 0 0 0 0 0 0 0 0 0 0 0 0 0 0 0 0 0 0 0 0 0 0 0
3.40817089193391 6.33447540684937 0.175788725103423 0.752689845419118 0.30696875213052 4.72501736134986 4.58703585779342 1.04965549124212 1.36833904843222 0 0 0 0 0 0 0 0 0 0 0 0 0 0 0 0 0 0 0 0 0 0 0 0 0 0 0 0 0 0 0 0 0 0 0 0 0 0 0 0
3.1378853009277 0.751346912219506 1.18116176895576 0.149290098231833 2.48155177608289 2.27390792390434 1.4600942748285 0.384784041120243 1.88690930668489 2.57821468794009 0 0 0 0 0 0 0 0 0 0 0 0 0 0 0 0 0 0 0 0 0 0 0 0 0 0 0 0 0 0 0 0 0 0 0 0 0 0 0
0.528602633191717 0.200424872060034 5.8176219773287 6.45556675136741 5.95178358035911 0.369752549210704 4.83460385931664 0.975714281675433 0.419768287307419 0.475544449428122 2.1072046686805 0 0 0 0 0 0 0 0 0 0 0 0 0 0 0 0 0 0 0 0 0 0 0 0 0 0 0 0 0 0 0 0 0 0 0 0 0 0
0.0809173399042619 0.270800339047447 1.11714610521061 0.126669452916298 2.87766983010381 2.98287269916166 2.64264250295244 0.42791048894366 10.7652502148667 2.55302664089564 0.011374640833581 0.465667482318304 0 0 0 0 0 0 0 0 0 0 0 0 0 0 0 0 0 0 0 0 0 0 0 0 0 0 0 0 0 0 0 0 0 0 0 0 0
2.56077726944316 2.58587723435612 7.33161757286351 2.05944889132264 0.723295293437918 1.68777606899838 0.102313293091633 0.462896083752247 1.20809315142613 1.60710300108392 2.19627081448605 2.84049220154556 3.83954683687433 0 0 0 0 0 0 0 0 0 0 0 0 0 0 0 0 0 0 0 0 0 0 0 0 0 0 0 0 0 0 0 0 0 0 0 0
1.83390688783771 8.49911774933073 1.40196944082748 6.52597968460324 3.96212852852216 4.11976308250039 1.23410098172571 8.57063814193617 0.243386287166964 0.457695405622732 1.78988592274655 0.365205804946905 0.927160930851631 0.645545572913753 0 0 0 0 0 0 0 0 0 0 0 0 0 0 0 0 0 0 0 0 0 0 0 0 0 0 0 0 0 0 0 0 0 0 0
2.40308085613023 0.525552784701967 3.1551799857832 0.120936952594651 0.0373620729399477 1.78369075836373 0.903387313468621 2.51904742449466 0.0993165636930629 1.58641333270372 0.0116644319494035 1.48041269149577 0.0659177908484749 4.65007532095832 1.25324293030155 0 0 0 0 0 0 0 0 0 0 0 0 0 0 0 0 0 0 0 0 0 0 0 0 0 0 0 0 0 0 0 0 0 0
0.542877903148603 4.3582094937249 2.56148722325802 0.143036317802206 0.236074979374816 1.15158748664151 1.41667673021002 2.28107178823076 0.0431753892591623 1.37264106272084 0.113460477634316 2.12533533342605 2.23992476113709 1.40901079020384 3.88820857674858 1.41746019799025 0 0 0 0 0 0 0 0 0 0 0 0 0 0 0 0 0 0 0 0 0 0 0 0 0 0 0 0 0 0 0 0 0
0.189242886180105 10.7007058179809 3.10027266952678 0.0683388200581964 0.534224302082223 0.570393519108314 1.08824166520436 0.872573135980306 6.85917315201268 1.30441949795315 0.749176015222898 2.32700965023928 0.180321510887017 1.40015824956189 0.190375854248592 1.45398397021224 1.11244140276366 0 0 0 0 0 0 0 0 0 0 0 0 0 0 0 0 0 0 0 0 0 0 0 0 0 0 0 0 0 0 0 0
4.51047917637259 2.13505015989796 0.218788922291417 0.751952473387777 6.50304709576353 0.764972975486728 3.16829243908073 1.55033548448327 0.644767422518853 0.225426983676071 1.86575046268376e-05 0.282664782270911 1.58023323975744 3.37939810548988 0.300642851462582 0.66481389478751 3.40282900761138 2.75864939662458 0 0 0 0 0 0 0 0 0 0 0 0 0 0 0 0 0 0 0 0 0 0 0 0 0 0 0 0 0 0 0
1.36973249563306 1.27350360767078 3.48114521540647 0.799416175425396 1.19860163164925 0.915838397771882 3.72875732998905 0.54130834901344 4.95354068759043 1.70218578550342 1.33780833058759 0.806759323095333 1.25956182445799 1.26179228079141 1.72054222108271 4.66202639106181 1.43129317917058 1.96060747359168 0.554892026991724 0 0 0 0 0 0 0 0 0 0 0 0 0 0 0 0 0 0 0 0 0 0 0 0 0 0 0 0 0 0
1.03830834694745 3.56768395639833 0.272229512464103 2.16535594915453 0.72620572485773 2.40320623494354 1.26525929195799 0.878862797687267 3.26277666688512 5.05367141080431 0.656802665968986 0.194501189997659 0.01950343607643 0.601862932096498 1.83333415543575 0.697029008607378 0.926677190892712 1.21690767174893 2.08523690300167 1.03517401664967 0 0 0 0 0 0 0 0 0 0 0 0 0 0 0 0 0 0 0 0 0 0 0 0 0 0 0 0 0
0.729189260948261 0.994316815793655 1.2305540056737 4.10806693282481 2.6248571349095 2.79630513090275 2.65604313918811 0.629911901977784 4.75408307092373 7.19362646998828 4.92263159322621 0.103356132926255 0.00432008847591327 5.19962815078078 1.13160271133216 1.5278720852176 1.0070549858644 10.2537654729769 2.19112228682345 2.1511093792489 8.33082699702973 0 0 0 0 0 0 0 0 0 0 0 0 0 0 0 0 0 0 0 0 0 0 0 0 0 0 0 0
0.82709007361022 2.58590343969972 2.28278830724665 1.14000617911781 0.219562897565371 1.66188179381438 0.810274564008147 3.24185634214916 2.27701677449385 1.5985149506042 2.24600861526807 1.37036793575848 0.00814544280287127 0.57644872767151 2.37304106622666 3.72597911329552 1.29326150617008 3.70884704921429 0.317357608787138 1.95577655151415 0.475147926638136 2.97819049818053 0 0 0 0 0 0 0 0 0 0 0 0 0 0 0 0 0 0 0 0 0 0 0 0 0 0 0
2.89674145900013 6.23286701848402 1.28342120590813 0.303497107515583 0.276792588708488 0.970318289858655 1.80009038067419 0.390608072058756 0.350253570273219 0.868560727299223 0.637328888055677 0.453789349598278 2.10038914226539 3.68121956485222 0.883437881810723 3.65561637932116 0.0340633712294648 2.09855134729894 0.301670558351858 0.0333053458350509 0.936509587777801 0.869202809039289 4.67526634574823 0 0 0 0 0 0 0 0 0 0 0 0 0 0 0 0 0 0 0 0 0 0 0 0 0 0
1.46378810672145 0.623851710022028 0.346639339154216 1.53309539637091 2.14325134902033 1.41624174257234 3.36113856696589 0.497960362969414 4.9696724023226 5.49046243010101 3.73287111015206 0.70084486077285 2.18670688290722 7.3531025840855 0.318319103926832 0.154244131366376 4.02737487692843 2.56492798956833 3.83797296741866 0.79368208023102 2.43484735240229 1.85046471475428 1.12618549405654 7.093968657891 0 0 0 0 0 0 0 0 0 0 0 0 0 0 0 0 0 0 0 0 0 0 0 0 0
2.75003076713862 1.12499292222207 0.925262728992322 2.33169841677586 2.88976163506072 0.989843356243201 1.77667986962697 0.687946362109283 0.219569333169306 6.40156966426737 0.919887040292018 0.350179837608418 2.25500959699228 3.90965219049169 1.9370468908944 3.09948155127459 0.220805130973238 4.43500056370563 6.12716857333614 1.41558931597027 5.71443830764912 0.50012885139501 0.394758808237863 0.732618357650696 0.834190586186747 0 0 0 0 0 0 0 0 0 0 0 0 0 0 0 0 0 0 0 0 0 0 0 0
0.296575308330301 0.385351006829111 3.82285659807848 0.543380492174718 5.09792868548361 1.88179405759003 1.99778964840514 3.89831532677126 0.753405247915924 0.451741993494496 2.75906557055149 5.42685764534795 1.1116921467389 0.34387040613188 0.777766240603795 0.133414223138706 0.722669768541781 2.58193800525125 0.227733620679712 0.46138705827439 1.39066470391541 1.5344891017919 0.364814070205391 0.901897720628559 0.155318935096553 4.32264123879801 0 0 0 0 0 0 0 0 0 0 0 0 0 0 0 0 0 0 0 0 0 0 0
2.62517993112942 0.448594063007144 2.66548362446018 1.71159993609742 2.43782376503344 7.10322950462074 3.82760641902781 1.93912595946048 4.02469458791284 0.453673853119849 0.499229492392744 4.49297559158636 4.90057101258444 0.338267916470949 0.251467931910953 0.490441039168921 1.17531007663796 0.542426290444943 0.312432801215049 0.374920492440378 1.5212897081258 0.182684412540185 0.62383332872411 3.04174797990913 0.206908359247657 4.04737183770018 0.618255999477292 0 0 0 0 0 0 0 0 0 0 0 0 0 0 0 0 0 0 0 0 0 0
0.515225146496789 0.284678127580025 6.05069982341344 2.57105043084205 0.325778182292057 2.80968555775629 0.816513785162459 1.04152548346116 1.97227398254781 0.0556941064493766 1.4573561895602 1.91599042369762 2.40210522926696 0.415265943891902 4.93926920789026 0.909921181271076 0.662456714677136 0.888325510361719 9.56579660387576 0.199640972065713 1.77888199395311 1.1098079362495 1.06468244220415 2.3445307455541 0.379341274344204 3.11564131190958 0.115236592511937 2.30585371973972 0 0 0 0 0 0 0 0 0 0 0 0 0 0 0 0 0 0 0 0 0
0.381391867779941 0.798754004836511 0.891702841939136 1.45395461193852 0.795003472256867 4.38708638008816 2.11280265304413 0.205398436008231 5.14726865479602 0.877810906843445 0.981424219229015 1.27402365485789 0.684261793135805 2.35886394241722 0.212149289123437 1.0273707769761 0.884118523834101 2.68595774024192 0.12649845202915 7.51836793642436 0.648230613848304 2.36808397667142 0.0998260350553714 0.61834983260024 1.86880649837895 2.13627498922314 2.61530013687631 3.51258851723369 0.625818047141994 0 0 0 0 0 0 0 0 0 0 0 0 0 0 0 0 0 0 0 0
2.38753279688168 0.526235627994885 0.823848188687661 1.54576274643788 0.142620668969318 0.359894195699933 0.752270437127693 1.46624678351652 2.57657383524008 1.27191708052566 2.40407069730828 5.23304259845125 2.60042970465216 2.49314820488531 1.27699702838883 2.64682999921815 4.46962525505819 1.13694411348243 2.8885425444178 0.72487148228722 8.21348078568432 4.13060305273826 0.746551591150096 4.31647667593244 4.3356395079729 0.557274421851521 1.07303770926018 0.0468373223582832 0.122608416561494 3.04393190524992 0 0 0 0 0 0 0 0 0 0 0 0 0 0 0 0 0 0 0
1.97232090395567 2.59681516973586 1.05016378676499 0.107411799371134 2.27337897903525 6.80659105639875 0.496115456365562 2.93908251730737 3.42724999225111 2.79213754710432 1.28504852022276 2.74776059527288 0.953392211495874 3.5196643293212 0.417976725246374 4.50812826366873 2.05425143418233 6.61462234778424 0.279136541241374 3.4375864326168 5.68779117518031 4.03655543772915 5.37363150853798 0.838261334770543 2.48103105385975 2.02942577565272 5.36958376232663 4.56637794602379 4.55566183007154 3.39941579295028 5.15500608219756 0 0 0 0 0 0 0 0 0 0 0 0 0 0 0 0 0 0
1.86977724188797 0.685650847255454 1.16935768627269 6.49705570203565 1.87847212367446 0.383827398669847 10.9383808241142 1.54415841672269 2.77069438833496 2.47720216453852 2.85307792407959 3.59451683146408 0.0509830557913549 0.90935277919563 4.74016419302541 1.89174721687399 1.36714981478014 0.0043851932559846 0.721065956589908 0.937476447206525 2.16454640505467 3.63422723781555 3.79749272724432 3.82533288959679 1.20446547753887 3.01191705862655 0.0120301647171671 4.19210420281472 0.421423891640671 1.51294910996345 0.742342512806947 1.06176973598014 0 0 0 0 0 0 0 0 0 0 0 0 0 0 0 0 0
0.381230920546228 3.07992549876072 1.87727684609809 1.21532363317889 1.99748080797348 1.40857675609088 1.47929675214277 0.443679561763602 0.825331424543169 0.0387567977087386 5.53020517931775 0.215539656426144 8.24935527669095 1.88978762528456 3.59234363403317 1.41241454842697 1.37421021349661 3.27293335185549 0.750986563755554 0.273935062578213 0.441976909060632 4.79699042125961 2.36560755865874 5.96274601086548 1.5108144198185 1.09346861065901 7.87058591125893 2.0985278072635 0.844067131370954 4.61335618137113 0.6564632111673 3.87956655471975 2.90902716226013 0 0 0 0 0 0 0 0 0 0 0 0 0 0 0 0
0.480927302378369 5.38333309144039 3.30004144251157 2.99595054215446 2.85244897731366 1.22987151929103 3.72789016437508 1.6545551713261 5.56420506672548 2.74810455105496 1.19984247424875 0.718778657376454 3.77536944391291 4.69348695565227 1.01311206126085 1.3880054223521 12.5677720584088 1.16664254627394 1.85312317190357 2.390654740061 0.515792992659349 0.0521086526710469 0.622433563775702 2.76690722482722 1.48556888401258 2.61200063526058 0.606127776776457 3.20477055740792 0.231270882095881 0.388926859665593 0.524913229717594 1.65185327121642 0 0 0 0 0 0 0 0 0 0 0 0 0 0 0 0 0
2.88696951120806 0.0256075582092133 2.67283528677604 5.06514815169562 0.945852908015442 1.0162255343072 1.78102396647632 1.16708631363171 1.45786113689366 2.36692843195529 0.0284633616939917 0.452751502629216 1.71052982508759 3.89326637308553 0.178785478496969 1.32527953359377 0.0783520656599359 0.0723893167673278 0.591601822128012 1.96598491204878 0.152945424951346 2.24508151459133 0.879035258080045 0.566906575867167 4.78104862294837 1.59574529067735 2.92023559936676 3.05233142155173 3.50138471479854 0.745276182919951 0 0 0 0 0 0 0 0 0 0 0 0 0 0 0 0 0 0 0
0.615702642181422 2.55765181184567 1.51700114920568 4.26040083005424 10.2457211446689 0.803588338290828 1.13045684023307 0.0701039850469948 1.75213566828246 0.150623015038101 5.49274555979611 1.70390558988927 2.55890552301503 4.10732266956433 0.116426289939656 1.21368394424873 0.236439822555352 3.74365426854929 2.17300437576567 0.954992259169499 5.42225966436369 0.152980368765861 3.60941347819049 1.32147964273601 0.134356865578802 1.26680917769897 0.126553575843773 0.879319585958125 0 0 0 0 0 0 0 0 0 0 0 0 0 0 0 0 0 0 0 0 0
0.746108215659574 8.79531860139515 0.089518629318354 1.24511937111949 0.969864617676827 1.95333843243908 0.230532179280015 4.00753015431377 1.66785728236091 0.719804980534623 2.13726454521343 5.19182141657332 1.42975952458261 2.4189072970012 0.0905017983882141 0.659723345368052 6.49856281462036 2.30245437365944 3.70221426993868 2.65996393784048 1.80835473344432 1.88405215590954 4.12508705657928 0.0919932338067115 2.09497277803063 0.315984731622325 0 0 0 0 0 0 0 0 0 0 0 0 0 0 0 0 0 0 0 0 0 0 0
2.86112186268323 3.22464224174666 0.114435134596969 1.12544156691735 6.53491282803567 2.31394232250145 2.43111439158147 1.68313049221075 2.25659817847205 4.23334264419292 2.59218223461292 0.0130235304489593 6.28291135485052 0.3670147390713 0.191789450942263 5.95695650232279 0.444309326885542 3.13116107457231 5.12354040322966 0.579552123379602 3.13876396002184 1.84711024246385 3.86608710391277 0.00750165269262181 0 0 0 0 0 0 0 0 0 0 0 0 0 0 0 0 0 0 0 0 0 0 0 0 0
3.47943035727605 1.33293795576281 0.931381312761747 5.02864679970716 6.17898675389009 0.0245758763585249 0.598244044913356 2.29662438103543 0.142455044299694 0.905089062946868 0.599985154428436 2.60168964453646e-05 1.28574717279727 0.409593792965313 1.37417817956537 4.0124818449777 1.49110570603863 4.58594051209784 1.22063622170328 1.35286256233473 0.354671475706092 6.12000309135846 0 0 0 0 0 0 0 0 0 0 0 0 0 0 0 0 0 0 0 0 0 0 0 0 0 0 0
0.56602509159855 3.17497150227743 1.42423850030693 0.361182788160667 0.832390876033496 3.02982822029902 0.326534651812645 2.33475835374264 4.36564508559848 1.32715941350401 2.81336659218453 0.140271715773389 0.350122125372611 6.31987916277589 0.0472888376994113 3.13961604060203 6.12769583476269 2.51416088153116 0.399268724850708 2.32211587112246 0 0 0 0 0 0 0 0 0 0 0 0 0 0 0 0 0 0 0 0 0 0 0 0 0 0 0 0 0
2.51534428639539 3.39302098027611 1.04242441348482 2.37846152837124 0.396403057491952 2.54776277386753 0.365631482138626 1.1391713742753 0.59713427909394 13.5707884747416 0.187958572409487 5.82522496670998 1.84288933238626 0.740413567272533 0.19702056436958 0.718403275641376 1.89449311806291 7.2575131012086 0 0 0 0 0 0 0 0 0 0 0 0 0 0 0 0 0 0 0 0 0 0 0 0 0 0 0 0 0 0 0
2.05748406175755 0.816686800437174 1.53915995416268 0.295866254395873 0.415925924506403 1.17161479422389 9.82758148989253 1.68726525630053 13.3056383565924 0.971722798966055 1.09660873775434 0.537169950143956 2.53282746300031 0.428757977191881 2.0854832141047 0.193900887094001 0 0 0 0 0 0 0 0 0 0 0 0 0 0 0 0 0 0 0 0 0 0 0 0 0 0 0 0 0 0 0 0 0
0.0631653143265358 1.92102585865016 6.32354504353813 0.0889572871242196 1.5870598218344 1.42751971144603 0.0596319463259596 0.218056397274059 0.531451128530852 0.402952224745732 8.20593507458467 0.428523888868264 3.82333149093666 5.61793324319111 0 0 0 0 0 0 0 0 0 0 0 0 0 0 0 0 0 0 0 0 0 0 0 0 0 0 0 0 0 0 0 0 0 0 0
0.126377439525623 0.0270943665631878 0.641544361458332 2.25099712585941 1.72150755448428 2.54584923509957 5.86588934224673 2.50511528632616 8.29452825041331 1.64555645156202 3.1613786085591 0.383654165946896 0 0 0 0 0 0 0 0 0 0 0 0 0 0 0 0 0 0 0 0 0 0 0 0 0 0 0 0 0 0 0 0 0 0 0 0 0
0.413543236440998 0.382226253427824 1.40975435420252 0.85203699866953 0.015468450315481 1.07551571249898 3.31914649267573 1.39767323507276 4.49635211946529 0.258288507697094 0 0 0 0 0 0 0 0 0 0 0 0 0 0 0 0 0 0 0 0 0 0 0 0 0 0 0 0 0 0 0 0 0 0 0 0 0 0 0
0.92705018960113 0.653574300550089 0.0838386614011712 0.81827562505826 1.6121697906327 2.17776218737271 3.67240901446689 0.395952600399596 0 0 0 0 0 0 0 0 0 0 0 0 0 0 0 0 0 0 0 0 0 0 0 0 0 0 0 0 0 0 0 0 0 0 0 0 0 0 0 0 0
0.869033504309521 0.803972308980645 1.94963491942612 0.103499895199946 1.38626636826696 1.5846407514729 0 0 0 0 0 0 0 0 0 0 0 0 0 0 0 0 0 0 0 0 0 0 0 0 0 0 0 0 0 0 0 0 0 0 0 0 0 0 0 0 0 0 0
4.57462056230034 0.234615648365272 2.44999286890871 1.39457568875806 0 0 0 0 0 0 0 0 0 0 0 0 0 0 0 0 0 0 0 0 0 0 0 0 0 0 0 0 0 0 0 0 0 0 0 0 0 0 0 0 0 0 0 0 0
0.733092586743492 0.561178437130386 0 0 0 0 0 0 0 0 0 0 0 0 0 0 0 0 0 0 0 0 0 0 0 0 0 0 0 0 0 0 0 0 0 0 0 0 0 0 0 0 0 0 0 0 0 0 0
