1.8637691082851 0 0 0 0 0 0 0 0 0 0 0 0 0 0 0 0 0 0 0 0 0 0 0 0 0 0 0 0 0 0 0 0 0 0 0 0 0 0 0 0 0 0 0 0 0 0 0 0
1.22281361309157 0.294310291123435 0 0 0 0 0 0 0 0 0 0 0 0 0 0 0 0 0 0 0 0 0 0 0 0 0 0 0 0 0 0 0 0 0 0 0 0 0 0 0 0 0 0 0 0 0 0 0
5.13535888086961 2.26174244951701 7.54958839176786 0 0 0 0 0 0 0 0 0 0 0 0 0 0 0 0 0 0 0 0 0 0 0 0 0 0 0 0 0 0 0 0 0 0 0 0 0 0 0 0 0 0 0 0 0 0
1.1358827660007 4.51852721420398 0.666635393578618 1.33110688318864 0 0 0 0 0 0 0 0 0 0 0 0 0 0 0 0 0 0 0 0 0 0 0 0 0 0 0 0 0 0 0 0 0 0 0 0 0 0 0 0 0 0 0 0 0
0.551820426532742 1.31262351352497 2.17641850611692 0.50225699889872 1.83942756468679 0 0 0 0 0 0 0 0 0 0 0 0 0 0 0 0 0 0 0 0 0 0 0 0 0 0 0 0 0 0 0 0 0 0 0 0 0 0 0 0 0 0 0 0
0.259766384603197 9.21597284627095 0.067536223217952 1.20761889224135 1.21437343317603 3.80696945524746 0 0 0 0 0 0 0 0 0 0 0 0 0 0 0 0 0 0 0 0 0 0 0 0 0 0 0 0 0 0 0 0 0 0 0 0 0 0 0 0 0 0 0
0.893356293815877 3.44585867324466 0.544620423831842 9.02409677312293 3.50828524462565 3.04827625568769 0.0924759878502659 0 0 0 0 0 0 0 0 0 0 0 0 0 0 0 0 0 0 0 0 0 0 0 0 0 0 0 0 0 0 0 0 0 0 0 0 0 0 0 0 0 0
1.8143786943137 1.68002583041899 5.22020383728785 4.73468863881325 1.54416522246155 0.979761268984163 2.34298441697163 2.26806579444445 0 0 0 0 0 0 0 0 0 0 0 0 0 0 0 0 0 0 0 0 0 0 0 0 0 0 0 0 0 0 0 0 0 0 0 0 0 0 0 0 0
0.470702613688286 1.85113591694081 1.00795033749192 0.697496527385796 2.81342483408259 0.86068598938831 1.36541907294564 1.53984996010274 0.782814362548549 0 0 0 0 0 0 0 0 0 0 0 0 0 0 0 0 0 0 0 0 0 0 0 0 0 0 0 0 0 0 0 0 0 0 0 0 0 0 0 0
2.60948094906248 0.133831762357341 1.07610464370985 0.506421337593784 3.48078473066608 4.7133605938413 0.397620183272198 2.52968973606463 0.997406599948281 1.83590535270913 0 0 0 0 0 0 0 0 0 0 0 0 0 0 0 0 0 0 0 0 0 0 0 0 0 0 0 0 0 0 0 0 0 0 0 0 0 0 0
3.67978764311231 2.99848451612967 0.839591188118877 5.8186317562863 0.345384630200729 0.674577044481246 0.25008916739061 1.46474651196314 0.187240901260047 1.02184734376933 1.64554460640901 0 0 0 0 0 0 0 0 0 0 0 0 0 0 0 0 0 0 0 0 0 0 0 0 0 0 0 0 0 0 0 0 0 0 0 0 0 0
0.948461756830808 0.730088302159103 2.7831747529696 1.36999714707839 1.61070132119765 0.57569802054036 1.38977720386125 0.0171858475740341 0.557914612111953 0.377363685759179 4.20645809409555 7.28753443051714 0 0 0 0 0 0 0 0 0 0 0 0 0 0 0 0 0 0 0 0 0 0 0 0 0 0 0 0 0 0 0 0 0 0 0 0 0
0.967237706469278 1.85229774172364 1.14253919706755 0.136113133677902 0.283973193699223 1.84015525817662 8.27443413957372 0.137077819081975 0.300458300793302 0.521637698756833 4.2985952171875 3.5529892651689 3.84810631209909 0 0 0 0 0 0 0 0 0 0 0 0 0 0 0 0 0 0 0 0 0 0 0 0 0 0 0 0 0 0 0 0 0 0 0 0
0.966120542254693 1.62402294859224 1.09646777952028 1.57994282749207 2.47961885405389 0.634925722809413 0.187283529619655 4.29463173789895 0.185051820007097 3.24012559473003 1.36969261550797 0.616585896893212 2.64648828724412 14.7463269694023 0 0 0 0 0 0 0 0 0 0 0 0 0 0 0 0 0 0 0 0 0 0 0 0 0 0 0 0 0 0 0 0 0 0 0
3.75694889994345 2.16144624665699 5.94044103226441 2.63214627158334 3.1668577798277 1.41571831348676 3.03358793483891 0.149670279628289 4.00575465667936 3.15094058471352 0.655308159812327 1.07045651321384 3.38960079202448 1.30565741981091 0.469952545950752 0 0 0 0 0 0 0 0 0 0 0 0 0 0 0 0 0 0 0 0 0 0 0 0 0 0 0 0 0 0 0 0 0 0
6.73652150360571 0.985226827485135 3.26146936198114 0.236619843745395 0.210590346109062 0.502983053839164 1.69687237293525 0.646576319555515 2.77049090723867 0.335238853857996 0.42636877300613 4.99096711732966 0.805529546957715 1.78138037191608 0.755734469569358 1.05812008811834 0 0 0 0 0 0 0 0 0 0 0 0 0 0 0 0 0 0 0 0 0 0 0 0 0 0 0 0 0 0 0 0 0
0.366851938626071 8.3158883781296 0.141921415931977 0.0110224492595877 5.4140918124005 0.981666851770679 5.69958321978558 1.47304935156137 4.35175400737031 0.0211257087552238 0.451418519146049 0.219458151482077 2.27892777165079 2.19676325740324 1.12883222293351 1.24042507347989 0.250725942310573 0 0 0 0 0 0 0 0 0 0 0 0 0 0 0 0 0 0 0 0 0 0 0 0 0 0 0 0 0 0 0 0
1.26237794666267 3.20588809146831 0.178665545891022 0.303250408340618 0.344044215211766 0.571171763294497 2.22628037771519 0.916229628963177 1.12289255379526 3.58708699810604 0.27426407754364 0.436334590987861 5.00478523895152 1.82095835188261 3.9099664944475 5.38336406908814 1.81219659237368 0.279612729006095 0 0 0 0 0 0 0 0 0 0 0 0 0 0 0 0 0 0 0 0 0 0 0 0 0 0 0 0 0 0 0
0.992836295139556 5.65832327221029 3.5899582377184 0.295943081972828 1.49413030709103 1.27795863202073 2.48288133424298 0.12242557302691 0.279852622063306 0.598010994856409 11.0003156104716 2.47306350528757 0.798701563424206 0.53223313149061 4.40759292395204 0.768734601755346 0.532961632161571 7.11021320434319 1.67929373334765 0 0 0 0 0 0 0 0 0 0 0 0 0 0 0 0 0 0 0 0 0 0 0 0 0 0 0 0 0 0
1.70719666553817 4.06217812152458 2.34654167776667 0.11836465252756 4.21383699545402 3.29412376006879 1.48286439210156 1.57014337477653 0.0738469461114589 0.820178391697104 0.739743596199553 4.63389934431032 0.235351980947643 0.514723900010125 1.45240856396238 1.20899586022029 3.35184114445447 1.42982010046249 2.06422055054067 0.718897768515801 0 0 0 0 0 0 0 0 0 0 0 0 0 0 0 0 0 0 0 0 0 0 0 0 0 0 0 0 0
6.64055422563795 2.05932296204909 8.41025657872542 4.38393405328058 0.698252765213693 0.532297181704381 0.0341524479933342 1.07886488512056 2.21012525728806 0.818721180542046 9.66749676187798 5.00898327168739 0.776043374576642 0.164393933218834 1.35971146319491 8.89208569504277 0.122903380705574 0.617363273872888 2.84803039045078 2.77220558270186 6.96057194440301 0 0 0 0 0 0 0 0 0 0 0 0 0 0 0 0 0 0 0 0 0 0 0 0 0 0 0 0
0.409199747548618 5.69646019830952 4.7684897107495 0.761644636214398 0.993826648531027 1.82378698669105 0.153781632953939 8.60134844818831 1.24333498251824 0.979846179669356 2.30364236530011 3.24706129497541 1.87842576740849 1.97064669585601 1.83793629188378 1.51519379511389 0.816904694252809 0.383602104014012 0.502990344883458 0.197346699353792 0.629462577659025 9.90026981872066 0 0 0 0 0 0 0 0 0 0 0 0 0 0 0 0 0 0 0 0 0 0 0 0 0 0 0
1.65864926669528 11.8757503504231 0.0393537046397239 0.532354850069583 2.10774001674121 1.81835406269955 0.441718573445354 3.07416802618122 0.390063946911942 0.232861062559644 7.69022390143192 2.23160032819773 0.0765782792107695 0.513319686203444 3.83040149910906 1.48864390352247 7.92056624835883 0.0168228215222109 1.97264397662862 3.73954518404619 0.236675483933237 1.44281647479815 2.06272773628762 0 0 0 0 0 0 0 0 0 0 0 0 0 0 0 0 0 0 0 0 0 0 0 0 0 0
0.405472783960908 0.452136133263928 0.791356258893926 7.08308415536224 0.75355835747167 1.89873926120875 0.439171527304514 3.75740136923082 0.312303373831721 2.06893143110385 3.19052912233227 4.8322302792899 1.08021233629279 1.79246569819675 0.283510865157731 5.3295740980229 0.986038138400652 4.06131362252381 4.12331051269246 1.24687799286099 0.936842162727715 3.89667285476056 3.98327499387573 0.017241326134779 0 0 0 0 0 0 0 0 0 0 0 0 0 0 0 0 0 0 0 0 0 0 0 0 0
2.34194242737516 3.35762677851031 2.78168732718893 1.11620808547447 1.01262495738435 1.08832751150093 1.91579957350332 1.45957416394185 1.06969739153438 0.0390573736693981 6.35435440193728 1.41055044317236 0.142587195784028 1.05466176620994 1.41284982863976 1.4549095685812 5.5031240647327 0.363783895950422 0.0358691871346937 15.0725664708078 3.17391773402255 3.78561420473595 3.77040330583626 0.297585560573324 1.13268380003558 0 0 0 0 0 0 0 0 0 0 0 0 0 0 0 0 0 0 0 0 0 0 0 0
0.0533148689025965 5.21785836633192 0.835078913176733 0.5971802437597 4.8020542573754 1.62540873723162 2.03091102775525 0.41354982327692 1.06629724175599 0.14848578975771 0.461883648843548 1.62683773315744 2.12833927869505 0.902747229335802 0.937053084713525 4.53358538263053 0.647614126573601 3.67635036610721 6.22339090657189 1.5454702265124 0.0424062229885166 4.22401917873051 0.870928963542256 2.48414718440188 0.609566905655053 0.584964633321357 0 0 0 0 0 0 0 0 0 0 0 0 0 0 0 0 0 0 0 0 0 0 0
1.49847235961485 0.327497931049868 1.00617957093728 1.0743793475479 2.30206510774271 0.577515598338373 1.93446266431803 0.527141377175942 1.21987909490799 3.43710291067109 3.8688339881585 0.33542319149201 6.40111702931367 1.93178700748467 0.813558185905859 0.368605780474135 0.70493479873508 1.1167395062853 2.97096759873462 1.08792520461272 5.3604732824227 0.703222073619861 0.720752772232418 1.73473198411863 2.87212307496374 0.0079097072138905 2.25635942311624 0 0 0 0 0 0 0 0 0 0 0 0 0 0 0 0 0 0 0 0 0 0
0.338469855370294 2.78587790942303 7.24298320635125 0.808284777133926 3.14718098832486 1.48463613042119 0.0737008522995294 0.929508653845316 3.096882867881 4.3725648782815 1.57837220281546 0.220733455377436 1.03001235559805 1.29345909229733 0.537797703514926 3.36537847648838 5.6912387489774 0.840937743311884 5.90501499267861 3.66667788356979 0.949882550017208 0.896004211006291 7.17054274481684 1.79715993020581 0.579074095732607 0.927696005918109 0.591998238174382 6.3242496812328 0 0 0 0 0 0 0 0 0 0 0 0 0 0 0 0 0 0 0 0 0
5.4451022356543 7.88685404403303 0.689495081485342 5.46903521625629 0.00367045212530069 3.38722661342247 2.07272641850442 5.91506053486519 3.30924694271606 1.63674677617439 0.866027011027412 6.001879215672 1.19626542374706 2.33187745387815 0.367488327699894 0.630138607630171 5.66231835615033 0.142463651274905 3.3821281219969 3.40297792792524 1.09342352122472 0.577374178991977 0.373665528064078 5.42528367074122 4.29002810965776 2.52082198618526 2.23229951564336 7.56387805867101 6.18109966450694 0 0 0 0 0 0 0 0 0 0 0 0 0 0 0 0 0 0 0 0
7.12573857304088 0.127179886506531 10.9524785193001 1.26187081912415 1.28267479745752 2.48589082356992 0.101711967899217 0.144409019664561 3.0996020922748 0.0966013265529976 0.645684507823543 1.15314835757685 0.725868228021919 0.867661868291904 0.405073291998568 3.54603558800431 1.37941116633207 4.42087981176513 1.93669724839421 2.41003751107926 2.12257428227147 1.27443888630453 1.42228553300282 7.53580559644725 1.20259238783611 1.39815964345159 0.394007632813019 1.4281819838529 2.33075563024803 5.37145396784335 0 0 0 0 0 0 0 0 0 0 0 0 0 0 0 0 0 0 0
2.31021784604921 0.310102658528828 1.33540819200621 0.28758338929494 3.02959093603317 0.537281546315874 3.06306028896371 0.652043001470422 1.03659584081975 3.19568429499957 1.3667944886557 0.313762809893748 2.24670626772812 0.118645831701464 1.27502983927951 1.21969747047324 0.562446210947834 0.332134262499386 1.51302401866098 3.57278425902008 3.05144358808804 1.51609240337912 3.30932430783965 0.72654414022232 4.8875548936942 2.54357835576251 0.494233719212633 0.0676680446243123 6.39030378230013 5.20021141781443 8.03060252642202 0 0 0 0 0 0 0 0 0 0 0 0 0 0 0 0 0 0
1.32356170008332 1.10177610784496 1.12929406975467 0.750693026874535 1.69740604640888 1.52534702279139 0.476950176653472 6.78054886918088 0.276339578091496 8.46789722918062 2.86925632354307 1.53925981827604 0.619354474334711 0.385026559890958 6.9205170087158 0.153282793168641 0.165722582895299 1.71394068335053 1.84925939726317 1.56932802427601 1.13172948114077 2.95771881618301 0.398049278710753 3.11339913615002 3.43591346173913 2.92975804556003 7.22845962135654 1.365677847933 2.71958069789768 2.14310343584973 0.351521907485018 0.28253144229628 0 0 0 0 0 0 0 0 0 0 0 0 0 0 0 0 0
8.43911889388528 4.9961560699181 6.88198790457363 2.53720357708969 1.01843384601484 0.0484617154389564 2.3443889077311 3.59217559386863 2.21247580952958 3.96063636267787 0.0166869825556869 1.14590529145438 0.201403040022006 0.401759884720817 0.948358966328468 2.31647722481503 6.48887891129818 0.342657396619591 2.08922806212279 1.25384498553907 9.49626635074348 2.12327771510556 1.08683897342339 2.91675362559145 0.561779557298985 0.477514310684166 2.1234248285416 7.70791310488882 1.16176422623878 15.5815896264959 2.98517510273577 0.998801014975862 5.73202762675289 0 0 0 0 0 0 0 0 0 0 0 0 0 0 0 0
3.59367358729306 1.65404072085956 4.34762032475953 5.09500724054108 3.85778888777197 3.1925997886418 1.18399522082497 0.827552690493298 0.0497290939421301 2.41984532905324 8.106266658721 12.6780316016222 2.32263600722786 1.7579997374208 1.40846859545174 0.00392196359907301 3.26830334599975 1.02632762666923 0.982997817187332 0.523329773507624 0.829666556379316 1.25061863704015 1.78512469424249 5.19327162625698 4.30897117239954 3.01179861779996 1.9856525376287 3.29673325890986 1.61604890027054 1.18791884426025 0.856154115468408 4.60620622647686 0 0 0 0 0 0 0 0 0 0 0 0 0 0 0 0 0
0.887144797908064 2.99293264303054 2.96881169045761 2.14075325967717 1.59329445633756 0.925052930855439 0.627482543134206 9.11732579528822 1.61424990041247 0.166245209060401 10.2458190604015 4.38161749106747 1.01196356240463 1.89546830047469 7.53668792124407 0.146418998151604 0.10834520450159 1.26096556540044 4.13848941729368 4.41643088843774 0.640667217522534 1.89736873694429 1.59227447662736 3.6751147938899 2.73778841252429 0.240386583910292 6.64492993546753 2.67315428300028 2.3772596282705 2.01325838716341 0 0 0 0 0 0 0 0 0 0 0 0 0 0 0 0 0 0 0
5.1238851178591 0.0936463730200219 5.35767809284242 0.959523505289544 0.990713338052468 5.1445704987693 0.791733282264107 1.67897830126852 0.971208176365278 3.18355237317985 0.587247280578422 0.549781183238755 3.09949295172491 5.55557672338148 0.772130063021497 2.52457796167505 0.997889189972337 2.13534507945955 0.138674583153803 2.06148429315888 2.47310546566936 1.41190138588925 2.90385004706318 3.43230382152581 0.126242548129618 0.377507940117654 2.20688889054899 0.776229302498087 0 0 0 0 0 0 0 0 0 0 0 0 0 0 0 0 0 0 0 0 0
2.6000995081686 4.09862423375081 0.0409441623492815 0.385855400887693 0.31189312601403 7.15535510682075 0.0247548273980556 1.54653343229749 2.56354888187657 0.374111327710428 16.6731609053908 0.306556132753971 0.647558528249107 1.12378045412083 5.68886315009966 0.267325547005758 2.07047967623129 0.196155434482274 0.294429735696019 2.41918979441599 6.60825348843113 1.02620389846055 1.21544809426902 3.23481283073666 5.45725722403295 0.102918911245031 0 0 0 0 0 0 0 0 0 0 0 0 0 0 0 0 0 0 0 0 0 0 0
0.0881748329152438 2.55072241697057 0.197528444398987 2.26009080513864 2.86990479391797 3.44222503590428 3.31627152446188 5.7564693420599 2.45702914811026 2.86524715894923 0.783817863189751 5.67879046938509 0.630245981224436 1.58671730206143 0.743998310777349 0.196034732789314 1.25376075087647 2.60028529222664 1.95392241847631 2.08361610152842 1.92747360541828 0.890110272281201 1.14236582886808 2.43790608476392 0 0 0 0 0 0 0 0 0 0 0 0 0 0 0 0 0 0 0 0 0 0 0 0 0
3.011485461221 6.92292592562534 0.715462412429261 8.31235061863918 3.05426120383747 0.392944914178357 4.95679700250495 2.70493615265835 0.0196747984919085 0.178628884185639 0.218075234998895 0.191944197175219 3.62622943062605 4.39658096061153 4.76733143311317 0.122240105384106 0.518091312090511 0.351215872936266 0.946937704457529 1.2474143759148 1.32189301641422 0.228786735866789 0 0 0 0 0 0 0 0 0 0 0 0 0 0 0 0 0 0 0 0 0 0 0 0 0 0 0
0.146414224475748 1.53418185404316 3.456330182098 1.84433399646258 2.57592995499034 1.96907132354685 0.761555287309208 4.38954628701552 0.367710976091984 2.69716419054062 0.473457407518572 0.440590858551638 0.821164975832769 1.53675361466737 0.853960723614419 0.0790653202395943 0.479317874364438 1.644892758623 0.0414028362211482 9.77508125084083 0 0 0 0 0 0 0 0 0 0 0 0 0 0 0 0 0 0 0 0 0 0 0 0 0 0 0 0 0
0.267431262345092 0.347891078394941 3.89023144228219 0.216690777115309 1.54702712831328 0.257904754108054 4.06636002802105 0.639836741936561 5.27838033546417 4.09803173057619 2.05625981164248 2.72559097265889 1.11925615406445 0.237343932358428 1.12425974645564 2.07748292519175 1.86813365875553 0.73822396398565 0 0 0 0 0 0 0 0 0 0 0 0 0 0 0 0 0 0 0 0 0 0 0 0 0 0 0 0 0 0 0
0.0372779469928004 0.0462512543667342 1.36415572188641 1.23047467878534 0.431114031758236 1.22213344873551 3.16790937889884 2.14769012254557 1.27534871274607 1.21412176392859 0.308948677787531 3.00541940423489 1.40447662748919 0.921433600197127 1.09467004153259 0.400103401049658 0 0 0 0 0 0 0 0 0 0 0 0 0 0 0 0 0 0 0 0 0 0 0 0 0 0 0 0 0 0 0 0 0
0.77046439182049 3.94637500323918 2.06244870005253 1.69641810709001 1.21587191120388 3.28010094551266 0.600618818058004 3.13576447459411 3.78902672807888 0.520549273612117 9.56568058669231 1.6992944207867 4.49544722090108 0.623969936854226 0 0 0 0 0 0 0 0 0 0 0 0 0 0 0 0 0 0 0 0 0 0 0 0 0 0 0 0 0 0 0 0 0 0 0
1.69930879697231 0.57559590356521 0.34109789271868 0.989281288654762 1.6877850147689 3.06843223636836 2.31404818669455 0.926277021744077 0.131092974804355 1.46789758138107 5.87916423495147 2.26600155468603 0 0 0 0 0 0 0 0 0 0 0 0 0 0 0 0 0 0 0 0 0 0 0 0 0 0 0 0 0 0 0 0 0 0 0 0 0
4.17841792145363 0.819197735020168 4.37778329421366 1.60961626054335 6.57426324773666 2.16173992099088 3.72068320610849 0.447452492298968 0.712521727907317 0.202884792015469 0 0 0 0 0 0 0 0 0 0 0 0 0 0 0 0 0 0 0 0 0 0 0 0 0 0 0 0 0 0 0 0 0 0 0 0 0 0 0
2.5993181345259 3.83222279901178 1.14100250618398 0.0849751725542923 0.117529351108657 6.22166187996463 0.00227419037080353 17.2625825417228 0 0 0 0 0 0 0 0 0 0 0 0 0 0 0 0 0 0 0 0 0 0 0 0 0 0 0 0 0 0 0 0 0 0 0 0 0 0 0 0 0
1.88244734799042 3.09199737308276 4.36536348818725 2.62077723437197 0.396960243290913 0.171524722579164 0 0 0 0 0 0 0 0 0 0 0 0 0 0 0 0 0 0 0 0 0 0 0 0 0 0 0 0 0 0 0 0 0 0 0 0 0 0 0 0 0 0 0
0.790320960684872 2.9627636184783 0.343422469525081 4.06373174004782 0 0 0 0 0 0 0 0 0 0 0 0 0 0 0 0 0 0 0 0 0 0 0 0 0 0 0 0 0 0 0 0 0 0 0 0 0 0 0 0 0 0 0 0 0
1.46730276637656 0.602755853037361 0 0 0 0 0 0 0 0 0 0 0 0 0 0 0 0 0 0 0 0 0 0 0 0 0 0 0 0 0 0 0 0 0 0 0 0 0 0 0 0 0 0 0 0 0 0 0
