0.338296794409063 0 0 0 0 0 0 0 0 0 0 0 0 0 0 0 0 0 0 0 0 0 0 0 0 0 0 0 0 0 0 0 0 0 0 0 0 0 0 0 0 0 0 0 0 0 0 0 0
1.81075316929724 2.49816788624381 0 0 0 0 0 0 0 0 0 0 0 0 0 0 0 0 0 0 0 0 0 0 0 0 0 0 0 0 0 0 0 0 0 0 0 0 0 0 0 0 0 0 0 0 0 0 0
0.427459601587278 7.53805947236552 0.160521004752088 0 0 0 0 0 0 0 0 0 0 0 0 0 0 0 0 0 0 0 0 0 0 0 0 0 0 0 0 0 0 0 0 0 0 0 0 0 0 0 0 0 0 0 0 0 0
0.152424307011064 3.61173156284463 4.75871063900854 1.7448929380476 0 0 0 0 0 0 0 0 0 0 0 0 0 0 0 0 0 0 0 0 0 0 0 0 0 0 0 0 0 0 0 0 0 0 0 0 0 0 0 0 0 0 0 0 0
1.39283969664663 4.96422469740742 0.625528034008347 1.30563261734702 4.68006214522637 0 0 0 0 0 0 0 0 0 0 0 0 0 0 0 0 0 0 0 0 0 0 0 0 0 0 0 0 0 0 0 0 0 0 0 0 0 0 0 0 0 0 0 0
0.718478234505469 1.28160712119176 0.87086943831665 0.714661994193608 0.763620773890614 12.2177927826022 0 0 0 0 0 0 0 0 0 0 0 0 0 0 0 0 0 0 0 0 0 0 0 0 0 0 0 0 0 0 0 0 0 0 0 0 0 0 0 0 0 0 0
4.80789798810748 0.992164309484093 2.02292598305883 3.45518858871662 0.068343977715163 2.22485430640097 2.5031769291969 0 0 0 0 0 0 0 0 0 0 0 0 0 0 0 0 0 0 0 0 0 0 0 0 0 0 0 0 0 0 0 0 0 0 0 0 0 0 0 0 0 0
3.0931897077527 2.34425604444593 0.234509378278888 2.8671872367616 0.706965465788282 1.76473625498625 2.93878605706578 1.53452737360418 0 0 0 0 0 0 0 0 0 0 0 0 0 0 0 0 0 0 0 0 0 0 0 0 0 0 0 0 0 0 0 0 0 0 0 0 0 0 0 0 0
3.3844554712757 1.52533709175027 0.108069968003989 3.58686574411538 2.82269249705368 6.57738862450757 0.503101570294403 2.01796772004714 1.41048682164784 0 0 0 0 0 0 0 0 0 0 0 0 0 0 0 0 0 0 0 0 0 0 0 0 0 0 0 0 0 0 0 0 0 0 0 0 0 0 0 0
1.9353454588719 2.28269213198815 5.08468418942723 1.68970456070002 3.98509994704496 1.51263092793748 7.01820549668054 2.87675326610061 5.65408612366166 0.141610742414509 0 0 0 0 0 0 0 0 0 0 0 0 0 0 0 0 0 0 0 0 0 0 0 0 0 0 0 0 0 0 0 0 0 0 0 0 0 0 0
4.04379119441766 0.948530249856074 0.412759246764154 4.26371482964714 1.08153155439155 4.18871701562409 0.9709290424188 1.75530854340696 1.60992410034143 1.215654552581 3.0545936950713 0 0 0 0 0 0 0 0 0 0 0 0 0 0 0 0 0 0 0 0 0 0 0 0 0 0 0 0 0 0 0 0 0 0 0 0 0 0
0.468637033675814 2.63231022462606 0.487507179587241 1.88669723020536 2.58255130026001 0.308023234732353 12.7467868229573 0.172087021605563 1.14466979074338 4.67815323437095 2.2806241987903 0.202750004764073 0 0 0 0 0 0 0 0 0 0 0 0 0 0 0 0 0 0 0 0 0 0 0 0 0 0 0 0 0 0 0 0 0 0 0 0 0
2.1732592595421 1.39762568891406 0.793063283795179 2.02280794910748 1.09626870369674 0.935595064904764 1.87863901866465 7.29045273413089 4.11584860451666 1.15087261566977 1.27011167506586 3.04055393441034 1.82713829892496 0 0 0 0 0 0 0 0 0 0 0 0 0 0 0 0 0 0 0 0 0 0 0 0 0 0 0 0 0 0 0 0 0 0 0 0
3.98227245768809 3.78863170798495 1.71175905304343 5.02159951685149 1.35788641322785 0.777212822615169 0.317889984360587 2.11968651326062 2.01016502955082 0.219310172291563 0.313365036026685 0.552492125444013 5.02831544646006 0.873657112465778 0 0 0 0 0 0 0 0 0 0 0 0 0 0 0 0 0 0 0 0 0 0 0 0 0 0 0 0 0 0 0 0 0 0 0
0.405657725565691 0.0911898078685713 0.8884263018401 0.186566133949165 0.018342417654526 1.14572365832207 2.9948969774613 0.894459960127708 3.69019612409878 3.02384558453708 3.14440955118159 0.00488774936766156 0.550898328382129 0.427864134723703 0.894307835162 0 0 0 0 0 0 0 0 0 0 0 0 0 0 0 0 0 0 0 0 0 0 0 0 0 0 0 0 0 0 0 0 0 0
1.92460883043597 3.40700118942783 1.98348214857919 1.1809934503495 1.61276466856644 1.77385010535817 1.55493143598714 3.76094361365902 5.95728146967792 0.0390453315766553 1.30247049295102 2.97354648623452 5.31796289231105 0.196857770911411 4.59050121868589 4.83071151735817 0 0 0 0 0 0 0 0 0 0 0 0 0 0 0 0 0 0 0 0 0 0 0 0 0 0 0 0 0 0 0 0 0
2.25928547385258 1.60061657182672 5.35286401231231 4.10907762553289 2.26761045704847 2.21820093834516 0.8624562542768 3.81118009061354 0.654932405512649 0.473567242916153 2.55803305460223 5.12725023789317 3.90169205582854 1.03714248973338 2.17526494082396 3.93406817164784 5.55307337812926 0 0 0 0 0 0 0 0 0 0 0 0 0 0 0 0 0 0 0 0 0 0 0 0 0 0 0 0 0 0 0 0
0.774754493852267 1.63691679281266 5.51044184102263 4.42358593729367 0.572003748191165 0.822678371615437 7.32994534943165 0.55130676313598 1.3443708546549 4.95059491157909 3.55952135045003 10.7111313746907 7.87985206494567 3.82610033734966 0.604996774657847 2.14790008306238 1.81785439693102 0.443698590237409 0 0 0 0 0 0 0 0 0 0 0 0 0 0 0 0 0 0 0 0 0 0 0 0 0 0 0 0 0 0 0
0.0211699758042459 0.453047477128052 0.432892620142967 2.22643205118788 2.67440323511173 0.499736065428112 1.54786593414995 1.54214857941642 2.93948917150168 7.14183569672847 0.715647752588363 0.871488121600024 5.32916140390694 1.88144224470538 1.06685270242577 2.64013749491842 0.551921029186934 1.02418012444774 1.34284469319634 0 0 0 0 0 0 0 0 0 0 0 0 0 0 0 0 0 0 0 0 0 0 0 0 0 0 0 0 0 0
0.678192906591787 0.300951776828005 2.59134073435208 3.77239441932024 0.00687612316628753 1.32144380055517 1.55947083932215 4.73514782239682 8.17607685192621 3.98705321771815 2.38481733842105 1.39472207363127 3.68515409202682 3.6491402115914 1.8348218375291 2.28697027301272 1.78615005943872 0.919228351576694 6.22971435246021 8.85230302397037 0 0 0 0 0 0 0 0 0 0 0 0 0 0 0 0 0 0 0 0 0 0 0 0 0 0 0 0 0
6.83519831794236 4.80316813894192 1.47784054156108 4.71845455719676 1.74430889019563 8.45581474297495 1.14568895480744 1.39885454057553 0.628190970562625 4.32078230411115 0.0482008587523528 1.5411308784404 0.353170153238677 0.719458089508339 0.607573208144493 4.77714980510335 6.3809055896746 1.25587000541281 3.57317562061229 0.129533893615564 0.954687071190763 0 0 0 0 0 0 0 0 0 0 0 0 0 0 0 0 0 0 0 0 0 0 0 0 0 0 0 0
0.126662967867141 1.17107960520949 2.73900160338446 2.86936698065176 1.69854991935548 0.500951433274632 2.74264696351395 0.837423887154522 0.82271318865877 0.0791433390934074 0.583034867938752 0.726725456280671 7.85060565156389 4.30993033731774 3.13880714425327 1.25557512748769 0.29982774974635 0.92413901606983 2.45386875277202 0.252673611745051 1.69625682263077 5.89914751554064 0 0 0 0 0 0 0 0 0 0 0 0 0 0 0 0 0 0 0 0 0 0 0 0 0 0 0
3.55083304346081 0.0045223759386146 1.59424160856538 2.35400288857787 2.23768355298741 0.964315014032342 1.83149157218291 0.952431829062642 7.90169989313543 4.88311403057954 4.61371632514022 0.737015461889035 3.19252519093498 6.89088665379348 0.162414687023046 3.28244396053813 3.40958902084794 0.744979888606042 1.385952478605 0.0669253476960387 0.792112768915681 1.6905535565583 0.116838119644022 0 0 0 0 0 0 0 0 0 0 0 0 0 0 0 0 0 0 0 0 0 0 0 0 0 0
3.53005680341147 0.284008875485286 1.51084229454385 2.74348185940632 4.33277030148898 0.816217027549908 1.26650645165897 5.83041829347291 5.21888300581121 2.0977599454432 0.209361113314804 0.62137152551217 1.6116637113238 4.74241508065882 0.0227529583383494 1.44447105767606 0.792982870068715 3.4184528030839 1.04834981569845 0.723094081432325 1.34124053107535 2.2297676027256 2.89529144498259 2.17158794216257 0 0 0 0 0 0 0 0 0 0 0 0 0 0 0 0 0 0 0 0 0 0 0 0 0
0.637090937012642 6.40229657989274 1.18064614426268 1.94153619037447 0.504955668352134 7.06680395140202 7.47711776219225 5.65611684772835 1.84312496042215 0.233538489487577 2.85074625266869 0.549460824498581 0.0245504977347614 0.253588893784524 4.0465493160264 4.62955198433 0.920915876402335 8.2277974206443 1.22179171646074 6.8736559451786 3.68540542680622 1.13730934708878 1.66544356122854 1.72635048764513 4.62746744238064 0 0 0 0 0 0 0 0 0 0 0 0 0 0 0 0 0 0 0 0 0 0 0 0
3.37375169402237 1.22063353880543 2.18581161997471 0.986413280852491 0.393165646026398 0.338391165573055 0.5668381432102 2.0501861679766 2.41701685302845 0.957977450346564 0.795096382657623 1.51060550456678 7.57681760172067 0.750005752170054 0.883941480094831 1.94641173179219 10.3067084123961 0.0300305191635326 0.361432635731685 3.58362664398119 4.54670460736919 6.45043437377182 2.26353236974697 0.811105451958681 0.849290176743191 0.764699986022665 0 0 0 0 0 0 0 0 0 0 0 0 0 0 0 0 0 0 0 0 0 0 0
2.04688732396966 1.46812236740636 2.21287306566596 10.9533122240951 0.118517006539213 8.72903040968632 0.0545840074573488 0.372009943692491 0.106339760878686 0.0573643989583465 2.96961944279424 2.38273011824501 0.391051292378412 4.30148281176568 1.53331517051162 3.94970089768566 0.34168385797435 2.18394145079522 1.55243189434427 0.491971790125216 5.17379772725795 1.14433675072681 0.625173783120467 2.12165836853394 4.86407508095579 2.18058541133888 1.6544445792205 0 0 0 0 0 0 0 0 0 0 0 0 0 0 0 0 0 0 0 0 0 0
5.80370162821662 0.794492612749991 0.10160370561687 1.09024883142168 1.38007297748217 0.977292893567659 1.58540093405769 8.40286034339202 4.75233726686049 0.99282896275806 0.433306836995456 0.301486969450494 2.72270665391515 0.625935122700732 0.979605411057246 0.275598805299799 2.66760113399861 0.492984777386674 2.29261688162375 0.550759600434965 3.90487597188059 1.26092883189707 3.93167569190651 4.94329648758889 0.13336115076424 1.74087463273151 3.07724399910674 0.459101527300126 0 0 0 0 0 0 0 0 0 0 0 0 0 0 0 0 0 0 0 0 0
1.20514589660477 0.292076607035358 3.20725386818443 3.75358803857735 3.60971852509331 0.482784019170339 3.927654313033 2.50949968834064 0.365191899758834 0.902721782211399 0.619824450623704 0.261447188663999 3.92011455930628 0.491903626852108 2.86733993830419 2.00417640588936 0.206546442317216 1.20043970533796 0.491405361573828 1.35577953191923 4.83605798325283 5.88187701421861 1.53076141449573 0.120319866484091 2.97701944849086 1.00355968951236 2.56318800934704 2.27875402418675 1.27788025036121 0 0 0 0 0 0 0 0 0 0 0 0 0 0 0 0 0 0 0 0
4.73891246155436 1.10117728961134 1.54994560474421 2.1918572924897 0.28299547453193 0.0197034014665187 0.149563150461173 1.18219239398452 0.596111559483312 2.18018062905599 0.462461880241046 7.03795145303392 1.26019977861181 0.718698572021813 1.9917120709087 0.329995420061995 3.71484179603276 6.16094347733655 3.30019622399662 8.42273844813182 2.59369960589147 3.47440544921522 0.0395199163889165 0.782902445254585 0.860329977055416 0.240244740669507 0.428840083623577 2.09841393915829 0.628112151950181 2.76061628324785 0 0 0 0 0 0 0 0 0 0 0 0 0 0 0 0 0 0 0
3.28313420160188 1.63625440125683 2.26145467033339 5.12726623889369 1.02107018758379 3.1448619540098 0.903779991926117 4.0740012024238 0.107130310788116 5.53883399616823 8.75431326967312 1.80705004928707 1.4219045046653 4.96911019786269 5.18472280194943 0.197076367958079 2.77464831943941 1.5865910103901 5.98943641969023 0.678914762985768 1.12304030052892 0.179794673869664 1.99612527400244 3.97708813906523 0.352159175779036 1.391153462857 3.03009679282597 1.11582828880814 0.569202590024914 0.162645213236726 3.89446819806131 0 0 0 0 0 0 0 0 0 0 0 0 0 0 0 0 0 0
3.76756572008288 0.149690679404551 0.709451483262585 0.587526636451059 0.18058988678789 1.72387483956124 0.294685081059157 1.21747775742944 10.2073286747187 0.227461333145209 0.436685634166816 0.310017137152682 0.492380225415084 1.97632422773312 0.945591868522335 6.45745615130424 2.62811730166558 3.72069968215261 0.607485720268403 0.934718783327018 5.87348304096457 1.7230937408192 7.59391971570208 1.62942141173948 5.98250569403736 1.13853393013626 2.8080208300692 0.269182792819992 0.543336639240457 0.408907175767831 1.75895021555325 6.28232484588001 0 0 0 0 0 0 0 0 0 0 0 0 0 0 0 0 0
0.338380136759908 1.10149288186623 2.28907740032673 1.63317421079156 9.46777093864414 4.43845154071002 0.784835501753977 1.30709889836921 2.06333215227228 0.318463183647618 1.08981433917068 8.59008582430525 3.10138545701099 4.29081327434512 0.383559640482507 6.34491163031416 6.99771947480346 1.36528464512934 5.81428917637279 0.597842007134727 0.157083139167375 2.56968325287005 1.53466730648599 0.418708479928245 1.52011018085588 0.348939624578194 0.723806001763115 9.82260893018472 1.45570778440046 2.93832399863574 0.657153623247713 0.18288887106183 0.985294232560775 0 0 0 0 0 0 0 0 0 0 0 0 0 0 0 0
2.86437659498335 2.47011815548345 1.1128775015617 0.884314353078937 0.60720614399088 6.77253819683296 0.233434433474266 0.445770014417117 1.15065857351127 6.65502909697131 0.947846113313301 3.47590790575265 2.21480604587394 2.91971810354234 6.10290731666091 11.2208821217015 1.23548016698624 9.59126355672354 1.91260731329681 0.775960310686612 7.52962569721981 5.28677813660516 1.35884372817477 0.378108156564107 1.11052772237834 5.29482826689507 1.39034369685316 1.00361327931689 0.299570257862024 1.82449836089229 0.631188949273793 6.95634064143354 0 0 0 0 0 0 0 0 0 0 0 0 0 0 0 0 0
0.771813040528058 0.859632769216394 3.4476751309937 3.64217985190417 3.59521082312873 0.487764207086348 2.17945590730671 2.03836486789513 1.2418236927316 0.40347060536195 0.650804432438837 3.26156208918215 5.57658678538296 0.362488310821599 0.692391139246138 1.1906221944389 1.28907947178811 1.12530124278569 7.28977012453397 4.45902873121106 1.02393559231815 0.494132769718346 2.16940035754469 0.133149233777386 3.41465988725587 1.58723226413761 0.372857599497551 0.498253698235595 0.877068272143351 0.417321264722342 0 0 0 0 0 0 0 0 0 0 0 0 0 0 0 0 0 0 0
5.16452854330169 0.565190704713803 0.0516894226240565 0.792930361674671 2.04738408681608 0.350794319345404 0.0771370612627502 0.480911224326344 1.06814542548906 3.62212960567837 0.291439157454918 4.02931676216404 1.81713186860343 0.270287430075951 1.43050105890857 0.00132109278268938 2.13897117834047 0.392874885470174 0.182833911185993 0.522378306875256 3.70477398405024 0.323018763828148 6.60162076817581 2.00026446768629 1.19660532194383 1.37609855671177 0.0842488371134212 1.43815641911193 0 0 0 0 0 0 0 0 0 0 0 0 0 0 0 0 0 0 0 0 0
0.767982101600875 2.01134748304671 0.57563720260306 0.240048873118435 0.47008622406781 1.36285124217055 0.63293328292585 4.71027220175489 1.40437122878776 0.124176240885548 3.25987103075796 2.90920709089356 3.13299862113476 2.06786313731944 2.41192817678952 0.655029490136008 2.58457636204834 0.387039797288583 3.38316499686455 1.93048953353233 0.462418013534881 0.243756555344155 0.0142459811338686 2.20420670186796 1.37583348490339 0.768264471047591 0 0 0 0 0 0 0 0 0 0 0 0 0 0 0 0 0 0 0 0 0 0 0
0.209207469911286 1.52382398809908 1.137119924294 0.672517553412394 2.21895942934379 0.0814309705737282 1.65371820304345 0.449519552940193 0.174433833208171 3.90365392239954 1.4950136365658 1.97972982440314 1.13123604783927 2.00259777227094 2.65004898102362 3.30029345578203 4.76131046842717 5.42044211273213 1.85016398214453 1.58920884051231 4.63649441946443 2.88868910889235 2.67818062335287 4.05455582798529 0 0 0 0 0 0 0 0 0 0 0 0 0 0 0 0 0 0 0 0 0 0 0 0 0
2.31713113737279 0.310381908691017 2.14821265222446 0.730921455941738 2.524411927792 3.61739930693078 4.36894036870319 2.23650228324082 1.8219089309274 3.03659852632103 5.97119513483809 0.344796552291917 3.33101271865921 1.25470726046305 0.00780053305598369 0.808312075172214 1.89355610311302 2.42396044298421 1.77575649723617 5.12340592365865 2.50791697382777 0.114754973167018 0 0 0 0 0 0 0 0 0 0 0 0 0 0 0 0 0 0 0 0 0 0 0 0 0 0 0
0.0101468476711505 0.589605337973058 2.58833886760611 1.88200332878931 1.37381256052714 9.62043301114471 0.98199782391955 1.7360160531996 4.07180262175289 3.91693044133702 0.58079536857528 4.15935344759827 4.75754009545019 2.52135642176727 6.92212858150529 1.67693139355318 0.42245658841612 0.464143484388253 0.510065070320936 0.0369083800665165 0 0 0 0 0 0 0 0 0 0 0 0 0 0 0 0 0 0 0 0 0 0 0 0 0 0 0 0 0
0.469300062936154 0.944138193692548 0.440312694839864 10.3917966886304 1.72730678419902 0.383499847677565 1.35613640348598 0.203890635009699 4.67210090237313 0.773973449506846 0.716340045145822 0.286862806987332 0.0242842012785224 3.04655234123061 0.0663060171818849 2.63735405899315 3.67617923996235 0.428331274511681 0 0 0 0 0 0 0 0 0 0 0 0 0 0 0 0 0 0 0 0 0 0 0 0 0 0 0 0 0 0 0
1.18172947451911 0.971243950822862 0.459916940102102 3.66355092682105 2.9105723274988 0.606016091531877 5.50995240726786 6.29859725975311 0.532476673257524 0.504245787840956 0.40161880448773 3.15019592241454 0.458046024805628 1.66299867940585 3.16667563449217 1.36720178430932 0 0 0 0 0 0 0 0 0 0 0 0 0 0 0 0 0 0 0 0 0 0 0 0 0 0 0 0 0 0 0 0 0
3.2628035794831 2.67062860783295 2.97833780091507 3.84383737775923 1.7472592475812 0.94866653270707 5.70096827073369 0.0966922742443153 1.19773262235771 0.618027893016816 1.00717151452248 2.63478863103906 0.423805239284131 4.83947185027787 0 0 0 0 0 0 0 0 0 0 0 0 0 0 0 0 0 0 0 0 0 0 0 0 0 0 0 0 0 0 0 0 0 0 0
0.26880923825581 1.201378816428 0.111319206413656 1.94688983823323 4.87178878138717 0.000264699394194617 0.0843256105894908 1.55647237775135 2.62072942628758 4.51939485857207 11.8411047602793 0.536806285294308 0 0 0 0 0 0 0 0 0 0 0 0 0 0 0 0 0 0 0 0 0 0 0 0 0 0 0 0 0 0 0 0 0 0 0 0 0
0.281924462793721 0.35293548000438 2.15810849009576 2.64466188326517 10.0684173644419 0.279779970279656 4.22018490319474 6.13248518906662 1.90498362841763 6.51759008690662 0 0 0 0 0 0 0 0 0 0 0 0 0 0 0 0 0 0 0 0 0 0 0 0 0 0 0 0 0 0 0 0 0 0 0 0 0 0 0
1.86559274098455 1.97093309106959 0.220573329147572 0.516786346630748 1.0071276177761 1.61417089020573 0.922901263977453 1.63423278844364 0 0 0 0 0 0 0 0 0 0 0 0 0 0 0 0 0 0 0 0 0 0 0 0 0 0 0 0 0 0 0 0 0 0 0 0 0 0 0 0 0
3.22719618001411 8.43628479528843 3.71506011014702 6.52708334670395 2.9766265564527 0.836597906403892 0 0 0 0 0 0 0 0 0 0 0 0 0 0 0 0 0 0 0 0 0 0 0 0 0 0 0 0 0 0 0 0 0 0 0 0 0 0 0 0 0 0 0
0.775973584633793 2.79100770065675 1.86642794630776 0.14832723957997 0 0 0 0 0 0 0 0 0 0 0 0 0 0 0 0 0 0 0 0 0 0 0 0 0 0 0 0 0 0 0 0 0 0 0 0 0 0 0 0 0 0 0 0 0
3.57282122323411 1.55637599569012 0 0 0 0 0 0 0 0 0 0 0 0 0 0 0 0 0 0 0 0 0 0 0 0 0 0 0 0 0 0 0 0 0 0 0 0 0 0 0 0 0 0 0 0 0 0 0
