0.988494540641821 0 0 0 0 0 0 0 0 0 0 0 0 0 0 0 0 0 0 0 0 0 0 0 0 0 0 0 0 0 0 0 0 0 0 0 0 0 0 0 0 0 0 0 0 0 0 0 0
3.56381121096494 0.377666127480242 0 0 0 0 0 0 0 0 0 0 0 0 0 0 0 0 0 0 0 0 0 0 0 0 0 0 0 0 0 0 0 0 0 0 0 0 0 0 0 0 0 0 0 0 0 0 0
2.5110726750864 4.39504621891769 0.465063379991899 0 0 0 0 0 0 0 0 0 0 0 0 0 0 0 0 0 0 0 0 0 0 0 0 0 0 0 0 0 0 0 0 0 0 0 0 0 0 0 0 0 0 0 0 0 0
0.509832668813582 1.38815829576991 3.47261521823505 1.61174903326945 0 0 0 0 0 0 0 0 0 0 0 0 0 0 0 0 0 0 0 0 0 0 0 0 0 0 0 0 0 0 0 0 0 0 0 0 0 0 0 0 0 0 0 0 0
8.90458473595025 7.61629995463964 10.2890835343019 2.15814494529847 2.8956224071187 0 0 0 0 0 0 0 0 0 0 0 0 0 0 0 0 0 0 0 0 0 0 0 0 0 0 0 0 0 0 0 0 0 0 0 0 0 0 0 0 0 0 0 0
0.997701178052061 3.016631908459 0.952921986948008 0.830126934184084 0.182308258605058 0.397762658808905 0 0 0 0 0 0 0 0 0 0 0 0 0 0 0 0 0 0 0 0 0 0 0 0 0 0 0 0 0 0 0 0 0 0 0 0 0 0 0 0 0 0 0
3.80346203615825 2.70136001680436 0.96252982657201 0.954602137930949 5.21465774270841 8.04478341652541 5.57361182419218 0 0 0 0 0 0 0 0 0 0 0 0 0 0 0 0 0 0 0 0 0 0 0 0 0 0 0 0 0 0 0 0 0 0 0 0 0 0 0 0 0 0
0.475432761177688 4.72695819344837 0.271233251489753 0.727000118848195 1.00624776316111 1.87829388979815 2.83189729707728 0.892321828530935 0 0 0 0 0 0 0 0 0 0 0 0 0 0 0 0 0 0 0 0 0 0 0 0 0 0 0 0 0 0 0 0 0 0 0 0 0 0 0 0 0
0.0690500706358076 1.7349084976088 0.793536916296423 0.500068398968451 5.77120583224424 0.262257031800335 2.27579538943472 1.14241542315942 0.525867513606222 0 0 0 0 0 0 0 0 0 0 0 0 0 0 0 0 0 0 0 0 0 0 0 0 0 0 0 0 0 0 0 0 0 0 0 0 0 0 0 0
1.98889221606672 1.71181669352762 1.12890041703666 0.972809846741119 1.85348957322859 2.22108115243866 0.843978486535379 2.21018215155511 3.5528642113746 0.173732851517764 0 0 0 0 0 0 0 0 0 0 0 0 0 0 0 0 0 0 0 0 0 0 0 0 0 0 0 0 0 0 0 0 0 0 0 0 0 0 0
1.74514058943351 2.69541559025531 1.43173184350805 0.292350743866245 0.619067884414537 0.226211355779881 0.0220633607856803 0.859673992728541 0.244731252998674 0.26629667185044 5.79641076283651 0 0 0 0 0 0 0 0 0 0 0 0 0 0 0 0 0 0 0 0 0 0 0 0 0 0 0 0 0 0 0 0 0 0 0 0 0 0
0.774116927197949 1.80441144580568 2.40359046374015 2.56087832241767 0.676978626247639 0.361963184000833 0.890140130433205 2.93032992810867 1.11652353789203 1.26783957318496 0.0433062698229217 3.30100637349418 0 0 0 0 0 0 0 0 0 0 0 0 0 0 0 0 0 0 0 0 0 0 0 0 0 0 0 0 0 0 0 0 0 0 0 0 0
1.23345691092063 9.77401303022812 0.203690735819885 5.45324797886506 2.74115483587308 1.43970261177532 2.04832129396031 1.07096117082769 2.97407298325551 0.508661622185059 0.112858871879855 1.0145966009517 0.375205581228131 0 0 0 0 0 0 0 0 0 0 0 0 0 0 0 0 0 0 0 0 0 0 0 0 0 0 0 0 0 0 0 0 0 0 0 0
0.792109281828204 2.82270242084585 0.998320312111262 0.534328572309785 5.03254456430717 1.25180665089946 3.12814749382177 2.9693880912468 2.74467593870553 3.06917816969878 0.142011906872765 0.730958819433905 0.682404098837533 0.773919375768141 0 0 0 0 0 0 0 0 0 0 0 0 0 0 0 0 0 0 0 0 0 0 0 0 0 0 0 0 0 0 0 0 0 0 0
0.427530211540123 0.483191282806278 2.1407496010983 6.0293401561176 0.65632827070023 2.55363210703741 1.45311664865332 0.807483710806725 2.40340480653489 0.606762263120136 2.98257730139913 0.285668979227233 2.19343577326491 0.681301746982787 0.47298323125031 0 0 0 0 0 0 0 0 0 0 0 0 0 0 0 0 0 0 0 0 0 0 0 0 0 0 0 0 0 0 0 0 0 0
2.35163269430889 0.0800996942423397 0.17344145756018 1.90322913772512 3.622665619592 0.903418207362926 6.77747670213827 0.549200755163174 4.38969262717545 1.10093632105051 2.87225096615416 3.79108254214244 3.05035783667359 0.0553204752618964 2.56767360302685 3.50496860279831 0 0 0 0 0 0 0 0 0 0 0 0 0 0 0 0 0 0 0 0 0 0 0 0 0 0 0 0 0 0 0 0 0
2.89891101552481 1.48155093817208 2.22762209967844 0.279941753536859 1.96422960886729 4.90755133424979 1.31101692023829 0.224727587591366 0.584828156493577 4.84149026074604 3.90483566852026 4.73317376103373 2.50921655293662 3.12175968243028 1.9751921788036 1.40215093588749 0.969733677872009 0 0 0 0 0 0 0 0 0 0 0 0 0 0 0 0 0 0 0 0 0 0 0 0 0 0 0 0 0 0 0 0
0.71482263798615 0.485393486192367 5.9361268841323 2.34013588184348 2.42644217209301 1.75939594153327 1.16878532514781 0.530286590173298 0.467531921123965 7.18758368374307 0.313599981676456 0.753776178191753 2.00141130555368 0.20490907603577 2.81532966728645 4.33438319088555 4.10512650152659 0.845772060945422 0 0 0 0 0 0 0 0 0 0 0 0 0 0 0 0 0 0 0 0 0 0 0 0 0 0 0 0 0 0 0
0.683086447345459 0.0644176413364344 1.15598027424864 3.19038488554512 2.86749863724677 0.341437346179845 0.638377298578835 3.73162215306295 5.52138292655691 4.69343990579209 9.80413895478774 1.14940964523056 0.791568113487727 4.89357151389058 2.74386603749682 0.73091705949593 1.12610423096199 3.80311623615005 1.92028212672034 0 0 0 0 0 0 0 0 0 0 0 0 0 0 0 0 0 0 0 0 0 0 0 0 0 0 0 0 0 0
0.262085150030372 2.57154993762143 3.88860847882815 0.986890278089388 2.5726695263172 3.7834360437192 0.440959793214019 0.210970523818154 4.25490848441639 1.82975634096633 1.02928233421666 0.231950310995057 0.837099662099778 0.0632611980818864 1.29222205460885 1.67965531747295 4.62745243079445 0.552079985872261 0.0995532200935792 2.07224391097167 0 0 0 0 0 0 0 0 0 0 0 0 0 0 0 0 0 0 0 0 0 0 0 0 0 0 0 0 0
2.35123667532042 11.8404210743862 0.915336026342724 1.17815531341626 0.183170473932808 2.65371890387879 1.2786728741653 5.04040982857477 1.66970571578319 0.315987978659547 0.952194850771802 4.93673544951571 1.13439687581542 0.764309594983814 3.04183982941297 5.20728274788207 0.145011382900473 2.87488334552687 1.88435096728365 2.23713327057696 5.16808154829632 0 0 0 0 0 0 0 0 0 0 0 0 0 0 0 0 0 0 0 0 0 0 0 0 0 0 0 0
4.17758081068101 0.991193481849085 0.88585495773031 5.47502648404281 2.82412936692839 1.03239892425755 0.992536972440119 1.4491110519315 3.7341309544748 1.44350965363817 1.78507197674004 3.50895606477227 1.80721131102237 2.7080591253768 0.343673357180107 3.41860779589601 0.951511611507128 2.36726281325531 0.425938835799999 1.75794756180343 4.13128308736233 0.786018848821631 0 0 0 0 0 0 0 0 0 0 0 0 0 0 0 0 0 0 0 0 0 0 0 0 0 0 0
2.15327633799592 4.1700677322542 0.360264757152092 0.982137391914348 0.525190494276395 1.87273714314602 2.05069967581723 0.200539308074755 6.86591215222864 1.44843994652257 1.62465389671028 3.02014830596541 1.02846107561328 3.37066137619128 3.80923278476418 9.24265753806301 2.91477573697508 5.13930882362692 0.160173402584956 0.0438709782959357 0.743151494367128 0.424342606523627 2.25066003281966 0 0 0 0 0 0 0 0 0 0 0 0 0 0 0 0 0 0 0 0 0 0 0 0 0 0
1.0412424927432 0.340350744468173 0.0352067908048039 1.7533890735165 1.38693043535467 1.9472122380718 2.6044866780357 0.0667555468554013 4.04209107749037 6.49410830428575 1.27658223475139 1.79433063523315 0.288089199874097 2.01709524902574 4.0652089462233 3.11082272009984 1.11086038624256 1.02365914050537 3.02337256215629 1.50854594345023 3.90665622309533 2.05601936803831 0.20194024091651 1.67466953346658 0 0 0 0 0 0 0 0 0 0 0 0 0 0 0 0 0 0 0 0 0 0 0 0 0
0.0884364031676443 0.969301039451255 5.54020239743325 0.466887115340936 3.32034547560092 0.134027535474878 0.751887421915663 0.879698476175058 2.28115927019434 4.74878969813615 1.62515440703164 0.273188872486916 3.29342111662315 1.87061765411124 2.24441037409597 0.762473094211406 7.22766606735719 4.39445531111564 1.58152721146553 0.951278469139317 2.26929355414468 0.155512383401162 2.30527481112059 1.37097599849824 0.0446280458924335 0 0 0 0 0 0 0 0 0 0 0 0 0 0 0 0 0 0 0 0 0 0 0 0
0.454578121711013 0.764523029457352 0.309946766807976 0.718072455401307 2.05432560826099 4.67391022575403 2.04830700298701 0.253955093493666 0.64600955848214 0.290325256650379 0.405769297889889 1.23459463661037 2.50127486486006 0.624535823087607 7.6962042101347 6.05475585983678 0.568983239538322 0.826483369514609 1.33245889230115 1.2899188930972 0.250137438056477 2.46176278743635 9.92611229336431 0.17668424151656 6.06010527502013 7.77101022185095 0 0 0 0 0 0 0 0 0 0 0 0 0 0 0 0 0 0 0 0 0 0 0
3.37618872490645 0.738652336329672 2.3608679545187 0.30359734986247 0.725154841268462 3.71792964673586 1.74497046026523 0.666205345252192 0.512827469879052 8.20500849070986 5.45510912582733 1.0585122299288 0.0297110057720972 1.27951775254721 0.760638577633875 1.3031502154118 1.25653206754772 1.8511071653916 5.20313935188178 2.99786256686139 2.45739886374169 0.555654956297491 0.251478731437508 1.97817428290225 2.70846790448013 1.05132445502907 0.505231630548418 0 0 0 0 0 0 0 0 0 0 0 0 0 0 0 0 0 0 0 0 0 0
1.86960966343712 2.35075750357954 3.12506451727164 4.28628663995078 6.48991896199027 1.26344933286627 3.18673764505776 2.36177542657846 1.10052253492087 1.09497089022824 1.74319000977584 1.76293625779041 0.41125192796261 1.84708045127519 4.06060843723252 4.84798523392886 0.441206927041897 0.279379548349164 2.80729448083032 2.70035540138121 0.152988187805398 4.43281435610866 2.42489705170367 0.0723014793778644 0.985816726463177 2.51283594106892 1.23764656179714 3.17150615980055 0 0 0 0 0 0 0 0 0 0 0 0 0 0 0 0 0 0 0 0 0
1.85255417295178 0.120831588884796 0.182299390489588 2.61713014253073 1.43739734909982 2.92894077640141 2.78732900672498 0.901643768971415 0.0112288562051395 0.142270615341811 1.34730659983395 0.431661918913962 3.39235187156569 0.732240638518723 1.3373680866467 0.447816620366725 2.47717917833815 0.628858979076109 1.78848214918506 2.14685110366159 0.429205479117781 0.73324060945962 3.29487008333521 0.154603250896085 2.2189748610099 1.78489214660839 0.392099712461101 1.14390834895036 0.633277385834191 0 0 0 0 0 0 0 0 0 0 0 0 0 0 0 0 0 0 0 0
0.351451377058711 0.962933259797519 3.36521146412053 5.18011122843261 1.16140519109794 0.397173073009759 0.852402559116708 3.42044457155187 0.704235735703523 4.91345535070309 0.0558878284917582 0.270170034189768 0.0366659664293785 2.01683282193725 3.74481881969642 0.0517582375431383 4.81311896737168 0.16020730658005 0.614965370952558 1.09119371711311 0.339106586459086 0.144772724812897 0.0180225506930431 2.13193267916452 3.82992369857372 0.498467921759376 3.20017328353053 0.152077534215221 0.683408328197043 0.98454548822267 0 0 0 0 0 0 0 0 0 0 0 0 0 0 0 0 0 0 0
1.38216578960671 1.67630904711786 1.11731509578927 3.94216436599151 1.64715276370952 1.49782480836885 2.19858971655056 0.173398520440672 2.71193202732902 0.700224906573823 1.09168482695586 0.175949301783721 0.610473486717621 5.15820175526956 1.30481169063346 1.54473762041963 2.20623443430013 3.13802831385289 2.87307602425599 0.501227281583163 4.4964489369972 1.74320938193786 1.95367222663263 0.575228062323399 0.535636871768564 0.647254299611536 0.471583746170912 1.5648553296535 0.525579477805172 2.22517459592457 0.847350142110647 0 0 0 0 0 0 0 0 0 0 0 0 0 0 0 0 0 0
1.83702823076475 1.37415860030387 2.25626641166176 0.907400836505872 0.987803187457878 0.322602978440738 0.090878065244954 6.17182172896077 2.88825262240036 0.397391339325364 0.817817050912306 0.347181065827872 0.502576789385737 0.280664426596706 0.223580340119994 6.84761708605992 0.561773087292302 0.0625449700432108 3.06470839542322 3.29420424981304 3.96724977677804 2.14887287580379 0.0675958429702861 5.77659394690571 1.29972607790575 2.96929841204623 0.429005516838664 0.670115930399794 0.230385698825508 1.80883295917194 1.89489457126772 0.649920782356634 0 0 0 0 0 0 0 0 0 0 0 0 0 0 0 0 0
0.97433608642915 4.14046132144297 0.904719551960429 0.495670725176635 2.37725091105695 2.69778595513758 0.609510066982384 0.744601470610217 0.580519375938421 2.55149258742523 0.554560556317204 4.18228039815319 2.73085398991171 1.82749380554662 1.11450753535222 2.5914793629909 0.128424927751718 1.98766322768143 0.547978514353254 0.622166436074943 2.0437044375149 5.63734530113456 1.49306801670707 2.13838546039531 0.826523167480874 3.4654776156117 0.766585313027104 5.15730327012092 0.108267801987579 0.376565403281998 1.2715017082631 0.61204378945466 5.48467931813529 0 0 0 0 0 0 0 0 0 0 0 0 0 0 0 0
0.520538005073647 1.78615869385992 1.29898741764855 0.340446216032554 0.258613618931664 1.36261785968594 6.0568512872543 5.20510353761415 3.18840840952342 1.37800557508902 0.744219786702536 1.15411817457509 2.75937064779127 3.43522604208857 2.57674001070883 1.8691382247855 3.15489267873579 0.132930672212846 3.30017597597328 0.318992263349722 3.90473133127058 3.47785445259458 0.323011980885434 7.73698875431007 1.38775836539394 2.77434715578876 1.17420050931472 1.99567165845557 2.30910649628709 0.0716638756736581 0.377541487186975 0.583762850633781 0 0 0 0 0 0 0 0 0 0 0 0 0 0 0 0 0
2.0828004452436 0.589717836652961 1.79703875400738 1.41843907864129 4.03059861698491 0.529948778343804 1.46420066125794 0.117506846084864 0.220303767076927 9.80044117229287 4.70217978346834 2.60650889551855 3.54668934111976 0.823765237461995 0.926982114835039 9.37545778633044 2.04648578002776 4.83465646997354 0.857457692853107 1.94150623954033 3.18922571704591 0.12049231597906 2.51500515048182 0.300044736035239 3.17885842269416 5.19156174864633 6.06320945882598 1.70491047434694 1.44487111114722 0.883238375147775 0 0 0 0 0 0 0 0 0 0 0 0 0 0 0 0 0 0 0
1.16990843073002 0.832166408529967 0.344621659449293 3.90964720767787 1.13853298002092 0.0231152140945026 0.128755682955344 14.7885559340703 0.55276845940159 0.842386586509412 0.59535533714612 0.0556736925124558 0.423636182325064 11.9546947931828 4.1814666927948 2.69392768162219 0.629828987198455 2.1150058570846 0.881171047616671 4.83523181747461 1.666083732333 1.05458845927752 5.76046013972261 6.26946583808346 4.4228816868652 2.77516184345248 2.38068842682129 0.77215938334471 0 0 0 0 0 0 0 0 0 0 0 0 0 0 0 0 0 0 0 0 0
0.192778237577737 1.16945062765358 2.43776957253195 0.125143251445474 1.41353649448846 1.2135126200042 4.45923766779899 1.98694142444027 7.26876889717072 4.37077290175102 2.60652672235103 1.78578230777217 0.921690649357682 2.53368848658433 0.0357341265746491 1.09080778526337 0.763933191932002 3.68087045434099 2.08502015102672 4.37443835705202 1.80364497404181 0.865816808097137 2.86124739969143 0.0366126577743224 2.93749892556758 0.315634718425909 0 0 0 0 0 0 0 0 0 0 0 0 0 0 0 0 0 0 0 0 0 0 0
0.0433130586916805 0.392547258872314 1.30830320565689 1.02633763705791 1.66556391345247 0.0399901599483882 5.85497808543698 1.90091823675178 0.152774715563603 0.308620080444154 0.0468451845731802 3.25383822230484 3.4653725548289 0.0985087656831057 0.204044270565015 6.520085519948 0.714949634272729 0.207948965492655 1.65142083219308 4.00754551581832 4.57062281301608 0.493887252234684 4.3224138543948 1.42357746110599 0 0 0 0 0 0 0 0 0 0 0 0 0 0 0 0 0 0 0 0 0 0 0 0 0
0.332982208906528 1.98956740025918 1.54653982898231 0.884622368355971 1.29765514689516 5.49780745173754 1.00991340435601 5.40458297005592 1.43800619236318 0.251480454762969 2.14942756015918 2.84766122519001 0.312950331205482 0.193827534350874 0.426286620616116 5.53183873184974 2.23274480490138 0.227354486128861 0.106414112170276 0.571559162377272 0.397677112618543 0.201690130223875 0 0 0 0 0 0 0 0 0 0 0 0 0 0 0 0 0 0 0 0 0 0 0 0 0 0 0
2.46899128821977 0.0610686050355056 0.107122661106211 2.25140061821651 0.871326312076767 6.84053028508558 0.385432360000513 0.0329439172365234 0.231469277417891 1.24321880516348 0.518365798503836 1.22388054148798 4.30653900205054 2.35507993955661 0.230626548274334 1.64965284877867 1.32859194157262 3.8761177920959 0.180957742082426 1.53613085970329 0 0 0 0 0 0 0 0 0 0 0 0 0 0 0 0 0 0 0 0 0 0 0 0 0 0 0 0 0
4.07361307576682 0.130545360163121 1.32362320395127 0.0465696680813293 1.07761267007436 2.35439169155654 0.43502658674048 2.01687253746372 0.855172540189739 1.10669470484095 0.0515983234117732 2.65459608414131 2.31239811345167 1.40435581136037 2.05753543538389 3.67883508519318 1.27167186384783 5.53575418552143 0 0 0 0 0 0 0 0 0 0 0 0 0 0 0 0 0 0 0 0 0 0 0 0 0 0 0 0 0 0 0
1.61274232463601 0.423742998595797 1.42452948388376 0.871562409286869 0.388976413007774 1.14965396017758 0.260244313209404 1.60537259389167 1.11026216082452 0.161694680559624 0.872212943841237 0.613394029837511 0.062717494084397 0.161118712484531 0.477564739137274 0.590149718185511 0 0 0 0 0 0 0 0 0 0 0 0 0 0 0 0 0 0 0 0 0 0 0 0 0 0 0 0 0 0 0 0 0
0.522002691568159 0.671173621469301 3.28631961281054 3.04569370002256 0.390583029097187 0.585829730571025 4.11177092315351 0.793086077809435 0.604303644696752 6.23797632996731 3.32990100630704 4.03289293277695 1.07702523740975 2.7741098729824 0 0 0 0 0 0 0 0 0 0 0 0 0 0 0 0 0 0 0 0 0 0 0 0 0 0 0 0 0 0 0 0 0 0 0
7.95506766212445 1.30212529853831 1.19467661733723 3.05599768823097 1.01173063976512 5.99281604694708 1.34621318369429 0.190659721394981 1.78364315352008 1.74765850460326 3.84614565874092 0.403692627520456 0 0 0 0 0 0 0 0 0 0 0 0 0 0 0 0 0 0 0 0 0 0 0 0 0 0 0 0 0 0 0 0 0 0 0 0 0
0.400755668047599 0.693160987487416 4.81577338529113 2.56625338162785 1.28009363257448 2.80236237007951 1.38757764568692 1.11581760819412 1.89113034778078 0.445829941917473 0 0 0 0 0 0 0 0 0 0 0 0 0 0 0 0 0 0 0 0 0 0 0 0 0 0 0 0 0 0 0 0 0 0 0 0 0 0 0
1.20521692926429 6.12027873015318 2.39667572815056 0.204235412789802 4.45994019655284 0.0389369710300467 0.201000743527769 4.83457270478374 0 0 0 0 0 0 0 0 0 0 0 0 0 0 0 0 0 0 0 0 0 0 0 0 0 0 0 0 0 0 0 0 0 0 0 0 0 0 0 0 0
0.590375629984645 0.902497998613792 0.16516829269149 0.847563695695187 2.45180799626265 1.8718151443448 0 0 0 0 0 0 0 0 0 0 0 0 0 0 0 0 0 0 0 0 0 0 0 0 0 0 0 0 0 0 0 0 0 0 0 0 0 0 0 0 0 0 0
2.20021495851089 2.41885952102068 0.76120737758644 0.482882162990832 0 0 0 0 0 0 0 0 0 0 0 0 0 0 0 0 0 0 0 0 0 0 0 0 0 0 0 0 0 0 0 0 0 0 0 0 0 0 0 0 0 0 0 0 0
0.118933589694168 0.212801706779542 0 0 0 0 0 0 0 0 0 0 0 0 0 0 0 0 0 0 0 0 0 0 0 0 0 0 0 0 0 0 0 0 0 0 0 0 0 0 0 0 0 0 0 0 0 0 0
