1.21585792507546 0 0 0 0 0 0 0 0 0 0 0 0 0 0 0 0 0 0 0 0 0 0 0 0 0 0 0 0 0 0 0 0 0 0 0 0 0 0 0 0 0 0 0 0 0 0 0 0
2.00281003707485 4.90287946284243 0 0 0 0 0 0 0 0 0 0 0 0 0 0 0 0 0 0 0 0 0 0 0 0 0 0 0 0 0 0 0 0 0 0 0 0 0 0 0 0 0 0 0 0 0 0 0
1.84207061397263 1.49148832214362 2.06059294893713 0 0 0 0 0 0 0 0 0 0 0 0 0 0 0 0 0 0 0 0 0 0 0 0 0 0 0 0 0 0 0 0 0 0 0 0 0 0 0 0 0 0 0 0 0 0
1.50179371634736 1.1167194277451 1.56166106218459 1.88190061995589 0 0 0 0 0 0 0 0 0 0 0 0 0 0 0 0 0 0 0 0 0 0 0 0 0 0 0 0 0 0 0 0 0 0 0 0 0 0 0 0 0 0 0 0 0
12.512594108221 0.626181164897696 5.11457899717114 1.98540478914609 4.64737979640772 0 0 0 0 0 0 0 0 0 0 0 0 0 0 0 0 0 0 0 0 0 0 0 0 0 0 0 0 0 0 0 0 0 0 0 0 0 0 0 0 0 0 0 0
5.43824139486246 0.314884678067065 0.0314523000133142 4.83789235809847 4.13240593248889 3.16569059014804 0 0 0 0 0 0 0 0 0 0 0 0 0 0 0 0 0 0 0 0 0 0 0 0 0 0 0 0 0 0 0 0 0 0 0 0 0 0 0 0 0 0 0
1.70532132941709 1.19246935204602 1.91043589207394 0.744156436904742 1.6694049964447 1.10802489831786 0.0754021188489931 0 0 0 0 0 0 0 0 0 0 0 0 0 0 0 0 0 0 0 0 0 0 0 0 0 0 0 0 0 0 0 0 0 0 0 0 0 0 0 0 0 0
4.7695461718849 5.19174695843891 1.53043593748218 2.60921588514706 0.558442491125349 2.93650060662658 3.3148301939075 1.0511852325894 0 0 0 0 0 0 0 0 0 0 0 0 0 0 0 0 0 0 0 0 0 0 0 0 0 0 0 0 0 0 0 0 0 0 0 0 0 0 0 0 0
8.06923042960911 0.327575286491342 9.3787636422312 1.75280949053598 2.00575992467186 2.13045934535829 1.38532945300579 2.11445133546324 2.39316723215142 0 0 0 0 0 0 0 0 0 0 0 0 0 0 0 0 0 0 0 0 0 0 0 0 0 0 0 0 0 0 0 0 0 0 0 0 0 0 0 0
1.89781472825346 12.1252286981788 0.791774986965213 0.692646958723814 4.67895391288371 2.50507227991285 0.927127534519225 1.63652321079636 2.54950169299326 1.20367186276513 0 0 0 0 0 0 0 0 0 0 0 0 0 0 0 0 0 0 0 0 0 0 0 0 0 0 0 0 0 0 0 0 0 0 0 0 0 0 0
1.64479118020813 0.270161723944807 0.70492284678766 0.0845413921926185 1.66524802560135 1.74374643219785 0.698171455179185 0.937259114365928 1.22507802429532 0.57053350730358 0.250734013105591 0 0 0 0 0 0 0 0 0 0 0 0 0 0 0 0 0 0 0 0 0 0 0 0 0 0 0 0 0 0 0 0 0 0 0 0 0 0
1.13323927055662 3.9470665129758 1.06758082777523 3.55579689554389 1.28818613563154 1.03711157639074 1.31334140533381 1.43476538848887 4.86626856454905 7.37510436540602 2.29156632935567 6.55137621612942 0 0 0 0 0 0 0 0 0 0 0 0 0 0 0 0 0 0 0 0 0 0 0 0 0 0 0 0 0 0 0 0 0 0 0 0 0
1.95235979103435 0.411242801137054 1.48414425076332 1.26518112973853 2.24557044429868 3.15187110906061 4.28538187789564 2.95325867323825 1.06720446369532 0.286541261669805 0.465711458834625 7.6677807498365 0.961542524524806 0 0 0 0 0 0 0 0 0 0 0 0 0 0 0 0 0 0 0 0 0 0 0 0 0 0 0 0 0 0 0 0 0 0 0 0
4.3844290145049 0.0858490342667285 3.44469094861185 2.46850844519036 2.76048883142641 3.3918481076799 0.213244424680603 4.78709857832206 1.4270087268133 2.77436813515019 0.173098664724488 1.072274587509 0.340962975527561 0.490641394588814 0 0 0 0 0 0 0 0 0 0 0 0 0 0 0 0 0 0 0 0 0 0 0 0 0 0 0 0 0 0 0 0 0 0 0
0.787360643203951 0.378075194977949 0.928829646595162 0.686149503886587 2.56635888022096 7.23736862963263 1.97857252758064 0.210220072487927 1.88891164986041 1.2334686095956 6.36121218084029 1.79619367550889 3.74275032728975 1.5781881005589 2.80969815234918 0 0 0 0 0 0 0 0 0 0 0 0 0 0 0 0 0 0 0 0 0 0 0 0 0 0 0 0 0 0 0 0 0 0
0.218937934488965 3.59925014913345 1.81234837515744 0.921193031869908 1.20602331872719 2.10645471885825 0.0797693708592215 0.94922004237569 0.91963738954183 2.83767819412607 3.60267949585906 2.7551725898162 1.4091230829292 0.206595673510428 0.909618973632333 1.20800650945178 0 0 0 0 0 0 0 0 0 0 0 0 0 0 0 0 0 0 0 0 0 0 0 0 0 0 0 0 0 0 0 0 0
3.25452698668112 1.1542981294974 2.52761406465622 1.9978635932555 3.74924722596788 1.57051171456814 0.810796693535802 4.17352777534388 1.17118399590199 2.63275315523739 2.32262475960217 0.239226008181 5.93407888389255 10.1807071593902 3.08641128402766 3.78002504708328 1.22998130136111 0 0 0 0 0 0 0 0 0 0 0 0 0 0 0 0 0 0 0 0 0 0 0 0 0 0 0 0 0 0 0 0
0.808031137557501 5.91235643836526 0.364155489221946 2.59598416246366 0.46603674701292 3.24177278386324 5.74628624056172 0.148321879853689 0.266984963111035 1.45996462329958 1.55508544965763 8.52855013100596 3.3419304616525 2.38326829243501 1.80727103155634 2.14315550509842 0.286993744405248 1.01268910365968 0 0 0 0 0 0 0 0 0 0 0 0 0 0 0 0 0 0 0 0 0 0 0 0 0 0 0 0 0 0 0
1.15270930367201 1.24458419564044 8.8414750055826 1.89635424539565 0.425086845061517 3.11685670316276 0.870261919894416 0.610916743206502 0.731527582227327 3.15970354196566 1.34452457580068 11.9888418983234 3.41971652699936 0.362990968467807 0.73342674085092 0.768009152069892 0.0360128816778793 13.5965395229825 1.26387106459714 0 0 0 0 0 0 0 0 0 0 0 0 0 0 0 0 0 0 0 0 0 0 0 0 0 0 0 0 0 0
0.160650536728544 5.25707491186906 1.84742554458363 4.65599215273594 0.945836402341322 0.704073522798786 0.572999807785823 1.09637315083915 4.0568789225527 1.2315124244189 1.16424092666673 0.0682840049638608 1.43028276715733 0.430530204629353 2.01687077665024 0.171521319917541 4.77035894423477 0.211137999250371 6.6291545284351 0.494523862689438 0 0 0 0 0 0 0 0 0 0 0 0 0 0 0 0 0 0 0 0 0 0 0 0 0 0 0 0 0
4.50239958901679 2.16007521895157 0.170592315792796 0.682458510119597 1.86097494149004 1.19037130045713 0.0982562331100438 1.66637421396944 1.63058164004365 1.49715562844355 2.60092486140503 2.70831948690842 1.52146115801701 3.7810720803415 5.7894432149782 0.0825738861211777 0.426508419332389 3.4740462650622 2.61780277675079 11.2830701149089 2.94819021456967 0 0 0 0 0 0 0 0 0 0 0 0 0 0 0 0 0 0 0 0 0 0 0 0 0 0 0 0
4.39055841738292 2.33341831517494 0.402270005943478 2.63364921486381 0.452032940754912 2.40962964058878 2.63083107835704 5.59486723406292 0.326437859028943 4.17709576891313 1.12080386029433 2.52897578015824 0.132005890378716 5.19311305459748 2.76207016614287 1.85015098908751 4.37831529102372 1.72224693231495 4.00575431655938 3.19119879866852 1.18368727637001 0.125767663912313 0 0 0 0 0 0 0 0 0 0 0 0 0 0 0 0 0 0 0 0 0 0 0 0 0 0 0
0.0411063274270764 2.52050317317623 2.2807726188187 0.397233182499402 4.02847633556012 1.72779922939006 1.20998920895693 2.42716571414757 2.63945987307573 3.04280976121817 0.109853304569951 3.26430371739593 1.85436242860467 0.665333341083492 0.156205106537316 0.542282526451955 3.03123368536001 7.4419134147469 5.51341206989875 5.0461373496822 0.634882621789617 0.664732316421086 1.55832976578477 0 0 0 0 0 0 0 0 0 0 0 0 0 0 0 0 0 0 0 0 0 0 0 0 0 0
0.747266807851671 4.26411535066168 0.067002880070477 1.27958063129221 1.74007858160791 2.34612708853909 1.23054191814949 5.26039952997745 3.57346690254076 1.38485707199275 2.22781707546733 0.931595786302257 10.2600939888981 6.87804259798625 16.3789724785856 0.992482515835103 7.74561831889515 1.80546516171504 2.4041487449847 0.166847812946048 0.0668785002087888 1.22873392359855 0.429370797263234 4.74180309455542 0 0 0 0 0 0 0 0 0 0 0 0 0 0 0 0 0 0 0 0 0 0 0 0 0
6.80687027693631 1.66827726532459 0.755880717300279 4.13594308735993 0.751373798489286 2.64693983458235 1.30925940556142 1.86280098658078 2.05212469490304 1.38193577863187 0.2063379703503 6.15085346892435 1.40688780379258 0.623975842172893 0.640416965388811 2.65211762921089 1.07734809793188 2.89034235968599 1.04809559116954 0.0459410331451445 3.36918574729635 4.4887458522061 0.584162170639933 1.35419572288337 1.74514017688148 0 0 0 0 0 0 0 0 0 0 0 0 0 0 0 0 0 0 0 0 0 0 0 0
1.57840371108911 3.33323494574263 1.75182313260681 3.77590437373263 2.37796313145487 1.03120451572748 0.49841508541181 2.54269994453023 4.62064223871837 1.2002083295437 1.32218390400358 2.52828003659642 0.64722263833409 0.659719562045197 5.00081407806669 0.731053857619443 0.308950792055959 0.416103402882697 0.2533814939266 1.26657565577608 2.12562647808241 0.50269251105476 5.625423743803 3.30684944339221 4.71685005272753 4.20758367091831 0 0 0 0 0 0 0 0 0 0 0 0 0 0 0 0 0 0 0 0 0 0 0
0.67697111257286 3.24991125437741 0.832621666412525 0.363241839138768 5.80764649638956 1.69239200890756 2.73065423230676 0.44491673150958 0.58164242204123 1.99693018635558 2.48316627383586 5.23645245442842 2.04716864095681 0.461188698587424 0.209540757855243 2.67100395713544 2.37700095546398 0.013128911637144 0.2237799123397 5.13174650062172 0.659757991200263 1.96655815065152 3.47886485870673 1.07351666592866 4.06763579850271 1.1272415465297 1.31317911206406 0 0 0 0 0 0 0 0 0 0 0 0 0 0 0 0 0 0 0 0 0 0
1.8665574103642 6.65693640255513 4.86806426740302 2.71766549473757 4.66084409299285 0.428843714440192 1.3726943541556 4.36330184932272 4.9414281102962 1.9466585428241 4.24435353910314 0.110345836260275 8.40573920383225 1.78671048097663 1.38621321747593 1.47432669992783 0.477307702388295 1.82548323440135 2.60509671553202 1.04321620723846 0.224509257422744 4.44401269325417 4.28031326796189 3.58201494682397 2.7383510641662 10.6636379958268 0.134540411268965 2.48432358668442 0 0 0 0 0 0 0 0 0 0 0 0 0 0 0 0 0 0 0 0 0
1.19471822425249 3.68856727530632 7.45537768228891 0.91879498278433 1.97487896399767 2.71945063425652 2.93142964306405 5.27520646700828 1.02043828096733 3.06514273715151 0.395515938903739 4.33470210328438 4.43704548586754 2.53598301270242 1.04903208762433 0.32434317977976 1.3059382371356 0.121759907439497 5.28320754927018 0.340579716367682 5.7253020161692 0.334526679717432 4.19015951950179 0.456011053918773 3.21141633343108 0.831766572029034 0.00757180864544251 2.56982912310558 1.90479742194613 0 0 0 0 0 0 0 0 0 0 0 0 0 0 0 0 0 0 0 0
3.88416930875574 3.75011093788157 0.515359046507971 4.86988259487992 0.205552592669305 0.0646967523578065 1.28734612886796 1.35112949179633 1.50198947877185 2.16830585082955 4.92264857738024 0.114659190135162 0.741855072135756 0.28157211976353 0.141320319496212 1.05189559077818 4.08541250463591 6.39625612384045 3.46629465224505 2.83219040392419 0.00715402588013057 5.92065117863394 2.73083672735525 1.51007454839442 0.741674880721393 0.0419612543414979 9.41737688902579 1.04709509365567 0.0323337325582329 0.32989688904949 0 0 0 0 0 0 0 0 0 0 0 0 0 0 0 0 0 0 0
3.14157486389018 1.45986877689855 3.09267040263584 0.321831984253093 3.59403675054461 4.66691799901429 0.324673032451635 9.21042990543714 0.493219053806662 3.29068421870035 1.41313024053844 3.82328819640486 1.56221009887734 1.5569214355127 2.27029121241348 0.0598778202938529 2.78692982538364 1.97981078938832 6.12345719727187 1.270248716092 0.651261634669513 8.46073886142606 4.61828241640042 0.285610857439631 4.74312924289762 0.0467688628580164 0.596976373029327 0.737573462638744 1.98479938263108 4.72443734558758 2.73093392949514 0 0 0 0 0 0 0 0 0 0 0 0 0 0 0 0 0 0
1.47210105172241 0.527483670134251 0.174718943679819 1.69834919166831 0.524650423064103 0.900137348708052 0.231642664235044 1.75961750379796 0.0993932599525131 0.292589892832476 3.38194171581185 0.710997837498628 3.39680973828421 3.93172724069948 0.362594043308096 0.127120970219269 4.37266933760578 0.885444407851422 0.619560353291237 2.0823883237271 3.99999952171028 2.19425234677157 0.425952090684078 1.0079872944019 1.18361661117801 1.83025114679148 3.60026175130323 3.3681551563564 5.79447984351338 1.49274074006772 1.0963248514023 8.00174139118438 0 0 0 0 0 0 0 0 0 0 0 0 0 0 0 0 0
0.333516224749367 3.60120555613636 4.2959208246123 3.73272188437421 0.868590120939739 4.8004136748681 0.938507672049449 4.1694493803838 0.0322862409911983 2.20312978065428 0.350686818518368 3.76930066817356 0.736697216854435 2.0103388220749 0.159317923096277 2.15181379282468 1.6594105378696 0.472932557539115 1.07439653308443 0.981183742950836 9.40911090855861 1.41901546771984 0.34163596194814 0.904045920923734 0.83610664059944 1.17844407182325 2.36065775976692 0.0440014012012489 1.6281001320947 2.88533034841392 4.5665253769735 0.207455128297589 5.18531350816584 0 0 0 0 0 0 0 0 0 0 0 0 0 0 0 0
0.487815763707638 1.91325484928207 0.162849975991631 3.31258007517367 0.16578765384692 0.173204501758168 1.88396557544639 0.359272548321936 0.365890821067112 5.63821175243647 1.8287582112644 3.94137640761217 0.725862922628356 0.631009316313839 0.739803140172113 6.57547479915473 0.978989345864228 0.511626260767811 1.0346982846857 3.42875394927948 1.92625085384156 3.60554789773155 1.03027910864868 4.07448900937127 0.615547934563551 0.764908062844803 7.91700157511736 0.929105494977475 0.297446452828261 0.425555076277852 0.576458170888834 2.90864274029533 0 0 0 0 0 0 0 0 0 0 0 0 0 0 0 0 0
0.822644695467223 0.366141320975961 1.70680685375125 5.27664673465167 3.21004177113222 6.91986497649687 0.946497931020386 0.133069862818322 9.52310178291176 1.09942468421401 0.189380512975202 1.53902849271814 0.123773221619861 5.75670868433551 0.117031105508717 4.25640572871625 2.07587931918115 1.13740191392235 0.676112567159254 1.37859420560583 4.63241605074025 0.515699750949912 1.17691434085173 0.967868517865863 1.14087600712316 0.463267907459102 1.11130645319589 2.2851886799953 0.215547405526724 3.4891466025821 0 0 0 0 0 0 0 0 0 0 0 0 0 0 0 0 0 0 0
0.0788834933255397 0.421495293427991 0.94646693745958 2.17913327485867 1.4607496329624 1.93859244756732 2.66172531933125 0.183269005909113 0.910933063095725 5.14311261473485 3.22935472475504 11.5485544017041 0.131211783649983 5.65298543518829 0.949626566212139 5.17888375917048 1.49311553811058 0.800173984271719 1.15367840710933 2.28123916165499 4.98581108767244 3.69055024492369 1.02541038841077 1.86046579641874 0.436790070901367 0.124687842782791 0.482061433638435 0.751474243942357 0 0 0 0 0 0 0 0 0 0 0 0 0 0 0 0 0 0 0 0 0
0.470953501694403 1.58332269351417 0.694183741809011 3.11754449256209 2.51227582210446 4.10741224724285 0.683014002279914 1.3485187405061 4.17412177045309 4.81732194892131 5.26759457612473 1.7987209750623 0.424809617876147 0.0706210092860754 2.12945883052681 0.928408587719769 1.15688509928251 3.4937416688896 0.184400068127921 0.486689570071022 0.696619820519147 2.65436567023999 0.765336821340687 2.00064762717511 2.08477652437891 10.5853857554935 0 0 0 0 0 0 0 0 0 0 0 0 0 0 0 0 0 0 0 0 0 0 0
0.303302622318122 0.0997094534960668 3.38802348116131 4.2855498055298 0.284198274240927 0.799397357708523 0.331221744756509 5.20521384783326 0.0259296682647743 3.86715077360623 1.73828576151335 0.59337315883059 2.14988962146235 4.34358315634086 0.897820626703461 0.369505587402711 0.690150609588614 0.67860152107566 0.750028188433238 6.30413419712047 0.830441360398295 4.04938727668377 4.25027351122381 0.72336488787822 0 0 0 0 0 0 0 0 0 0 0 0 0 0 0 0 0 0 0 0 0 0 0 0 0
0.0231973209419486 2.00449477100625 4.4390300804394 0.436227027526065 1.0897231646117 3.25441653007373 8.91095487144241 0.722261260654575 1.22577969741131 0.695235219988545 0.519648142917346 2.69425267770629 1.28616914659296 1.05978949252088 0.785066106733864 2.84699336812922 1.6727408590139 0.113962028024073 9.90741908782591 5.10906815586387 2.5962698157092 0.058164404253694 0 0 0 0 0 0 0 0 0 0 0 0 0 0 0 0 0 0 0 0 0 0 0 0 0 0 0
2.41910274597176 1.17076757504139 1.02690985704029 3.6725100871326 0.204316674335804 0.312025818520645 0.292570213231933 1.58747338550943 0.37547128386063 2.97847541453371 3.84498700513915 1.08626950677846 0.0630284707705509 3.9904994124486 0.109917558518965 2.10616718364755 3.20718425549202 9.3376745446207 8.0053508824154 1.50259314872741 0 0 0 0 0 0 0 0 0 0 0 0 0 0 0 0 0 0 0 0 0 0 0 0 0 0 0 0 0
0.00129165672413797 3.41900520224908 4.95519433896061 2.17438986670476 2.04892159030668 0.113669983273848 0.0738735262002488 3.29503307546451 1.62724469963075 3.9440639541451 0.254802300570474 1.95161903425547 1.99430281339391 0.994064933311417 4.65817246801775 1.54293088199562 3.05660215476309 3.44326605455007 0 0 0 0 0 0 0 0 0 0 0 0 0 0 0 0 0 0 0 0 0 0 0 0 0 0 0 0 0 0 0
4.41060767945178 0.369207596646521 0.153046394379156 0.493741125530289 4.55341818548051 3.8561380639127 1.51392274074882 6.09273773753045 1.30373229105714 6.44204286482615 2.73974095177418 2.32837837431131 0.216760082662104 0.176799971609131 1.11610486092415 8.43537431051599 0 0 0 0 0 0 0 0 0 0 0 0 0 0 0 0 0 0 0 0 0 0 0 0 0 0 0 0 0 0 0 0 0
6.64911735245919 3.841343989752 3.92521395415011 3.30164385586884 0.667735650509358 0.427980657785621 6.68799459693736 2.82977875266893 4.29765052854979 1.20748861225848 1.65255357651119 2.15683944053615 2.62664457174176 1.1773765076778 0 0 0 0 0 0 0 0 0 0 0 0 0 0 0 0 0 0 0 0 0 0 0 0 0 0 0 0 0 0 0 0 0 0 0
3.94244196527108 6.47401935595651 0.122040787357135 1.94091677949778 7.57820707841148 4.02118971716247 0.667605408873336 0.466273455659135 2.29484302870926 8.15754568525448 2.25366494621233 2.48988687170958 0 0 0 0 0 0 0 0 0 0 0 0 0 0 0 0 0 0 0 0 0 0 0 0 0 0 0 0 0 0 0 0 0 0 0 0 0
13.7450499940945 4.45215420574842 0.0284351629355143 4.72783353360829 3.2296516928224 0.134429834214982 0.32192123681877 0.823260813296573 3.84538192363369 0.960504389530354 0 0 0 0 0 0 0 0 0 0 0 0 0 0 0 0 0 0 0 0 0 0 0 0 0 0 0 0 0 0 0 0 0 0 0 0 0 0 0
2.66087379753287 7.71203989644255 1.7976762772651 5.25840230262424 2.35082637737956 0.247075729391026 1.22127780776963 1.59258591058478 0 0 0 0 0 0 0 0 0 0 0 0 0 0 0 0 0 0 0 0 0 0 0 0 0 0 0 0 0 0 0 0 0 0 0 0 0 0 0 0 0
5.85223771753084 3.5418277348474 12.4610026382748 2.36078471970965 2.78226821537195 1.62802953871865 0 0 0 0 0 0 0 0 0 0 0 0 0 0 0 0 0 0 0 0 0 0 0 0 0 0 0 0 0 0 0 0 0 0 0 0 0 0 0 0 0 0 0
0.0657771429233932 12.3683493052153 1.199276757293 1.05284692980605 0 0 0 0 0 0 0 0 0 0 0 0 0 0 0 0 0 0 0 0 0 0 0 0 0 0 0 0 0 0 0 0 0 0 0 0 0 0 0 0 0 0 0 0 0
11.1722254922857 0.887600582025497 0 0 0 0 0 0 0 0 0 0 0 0 0 0 0 0 0 0 0 0 0 0 0 0 0 0 0 0 0 0 0 0 0 0 0 0 0 0 0 0 0 0 0 0 0 0 0
