7.32448883434129 0 0 0 0 0 0 0 0 0 0 0 0 0 0 0 0 0 0 0 0 0 0 0 0 0 0 0 0 0 0 0 0 0 0 0 0 0 0 0 0 0 0 0 0 0 0 0 0
0.918952839727024 4.94084412863238 0 0 0 0 0 0 0 0 0 0 0 0 0 0 0 0 0 0 0 0 0 0 0 0 0 0 0 0 0 0 0 0 0 0 0 0 0 0 0 0 0 0 0 0 0 0 0
2.02344093963401 2.59390717217683 3.42749598454906 0 0 0 0 0 0 0 0 0 0 0 0 0 0 0 0 0 0 0 0 0 0 0 0 0 0 0 0 0 0 0 0 0 0 0 0 0 0 0 0 0 0 0 0 0 0
2.78951515349617 0.102161957686063 0.181641898252131 2.24627827183844 0 0 0 0 0 0 0 0 0 0 0 0 0 0 0 0 0 0 0 0 0 0 0 0 0 0 0 0 0 0 0 0 0 0 0 0 0 0 0 0 0 0 0 0 0
1.91411395750332 4.03897947338496 7.37080879631742 0.429183348620417 1.28056068838126 0 0 0 0 0 0 0 0 0 0 0 0 0 0 0 0 0 0 0 0 0 0 0 0 0 0 0 0 0 0 0 0 0 0 0 0 0 0 0 0 0 0 0 0
0.772976215737128 1.95090856654352 1.48448369737796 1.85421300232748 3.2527455057038 1.25375915613657 0 0 0 0 0 0 0 0 0 0 0 0 0 0 0 0 0 0 0 0 0 0 0 0 0 0 0 0 0 0 0 0 0 0 0 0 0 0 0 0 0 0 0
1.50932263451682 5.67560881188474 0.652345849247248 0.479539056737939 2.42850533984388 2.68499948698826 0.930205783038651 0 0 0 0 0 0 0 0 0 0 0 0 0 0 0 0 0 0 0 0 0 0 0 0 0 0 0 0 0 0 0 0 0 0 0 0 0 0 0 0 0 0
1.05110180131414 2.52838282154815 5.30486725704881 0.0122218406137307 6.31787706223278 2.17866341055206 5.01530009295522 6.91186843999818 0 0 0 0 0 0 0 0 0 0 0 0 0 0 0 0 0 0 0 0 0 0 0 0 0 0 0 0 0 0 0 0 0 0 0 0 0 0 0 0 0
6.7690091095537 7.49651459103607 1.25983142876033 1.82830265923936 2.3321450181096 4.17449855593382 2.68894397293349 2.07431009729431 3.9054963943788 0 0 0 0 0 0 0 0 0 0 0 0 0 0 0 0 0 0 0 0 0 0 0 0 0 0 0 0 0 0 0 0 0 0 0 0 0 0 0 0
6.39097202294653 0.0431394907248238 2.72584640153427 2.81535653532391 1.35150105082333 7.87320111795912 2.88117279295825 0.113492423891935 0.573332927917321 4.9907330091543 0 0 0 0 0 0 0 0 0 0 0 0 0 0 0 0 0 0 0 0 0 0 0 0 0 0 0 0 0 0 0 0 0 0 0 0 0 0 0
0.0678978304864916 0.456625206494306 9.93381255267923 0.467665073830964 4.02010756966444 6.72184538722356 2.15363416374227 1.22601587109916 6.5203830947035 4.42590859982915 4.51856972133797 0 0 0 0 0 0 0 0 0 0 0 0 0 0 0 0 0 0 0 0 0 0 0 0 0 0 0 0 0 0 0 0 0 0 0 0 0 0
7.16165807366556 5.27962383596544 5.47925781594485 3.35941750710127 0.126795987216255 6.18211625066672 1.88136618317337 4.73929677555407 1.87583439332655 0.457580133266421 2.66129887201492 0.577237739949968 0 0 0 0 0 0 0 0 0 0 0 0 0 0 0 0 0 0 0 0 0 0 0 0 0 0 0 0 0 0 0 0 0 0 0 0 0
1.20168680861212 1.37347824726567 6.0081793515024 7.865566357719 1.3902392429366 0.702990368416517 2.65631727537074 1.65953690826128 5.22129972890715 2.31996886189547 4.09926132907479 0.547741428858759 2.72792527134652 0 0 0 0 0 0 0 0 0 0 0 0 0 0 0 0 0 0 0 0 0 0 0 0 0 0 0 0 0 0 0 0 0 0 0 0
2.4513122942168 3.68322550605559 3.31324039205138 2.74193962601576 3.55929732223672 3.16607992307487 3.32059382340843 3.74567437190519 5.22445685078079 1.3774925378129 3.48671719720475 5.90409958152295 4.53291199828239 5.1384191737519 0 0 0 0 0 0 0 0 0 0 0 0 0 0 0 0 0 0 0 0 0 0 0 0 0 0 0 0 0 0 0 0 0 0 0
3.95650308665561 0.148932168441977 5.93540340345443 1.10577720359001 2.13186602561254 0.771415984286311 2.14663057294507 0.623583444514116 8.50535502872808 3.94044991409286 3.06818163425012 3.0308230729497 0.175136624483675 8.4412686886925 0.906652877013164 0 0 0 0 0 0 0 0 0 0 0 0 0 0 0 0 0 0 0 0 0 0 0 0 0 0 0 0 0 0 0 0 0 0
4.99514726610888 4.62281949339616 2.51114482743145 6.14497149545027 3.49266601811133 1.23750806859686 1.51520188929375 5.02248496431976 3.92156616760143 4.78578772708508 9.93468560825383 2.00195636004134 8.10362594612357 0.509958575621148 0.798507621476228 1.48540105136149 0 0 0 0 0 0 0 0 0 0 0 0 0 0 0 0 0 0 0 0 0 0 0 0 0 0 0 0 0 0 0 0 0
0.257056186964924 0.331698085564117 0.241576987662577 1.29107968212677 2.63305202350603 0.218262213425502 4.05622483183345 10.1590280568894 4.67739832995572 0.894836556888555 1.00290404494504 5.86673280687892 0.471559279521895 1.34535031659855 8.24371391904697 1.34409302927113 2.62050479438853 0 0 0 0 0 0 0 0 0 0 0 0 0 0 0 0 0 0 0 0 0 0 0 0 0 0 0 0 0 0 0 0
1.47346020882039 11.204441308358 0.754552957741599 0.0245713345492718 0.921871666929439 6.3321714657249 1.02074079724557 1.35628423246311 5.33588526496132 5.50414451449934 3.94887683590513 3.72085310731732 0.591508532802982 10.5102667347106 3.9321650269355 5.6964630394783 3.67872138545213 0.468044894282412 0 0 0 0 0 0 0 0 0 0 0 0 0 0 0 0 0 0 0 0 0 0 0 0 0 0 0 0 0 0 0
1.10599050867941 2.82831753679508 4.0393573303324 2.8009776088263 3.48653557903836 5.87242554099392 0.643325577246959 0.204236908633669 5.41325682268563 1.01094294933261 0.525421158103132 4.67480423082307 0.285746719319233 4.95093445896714 0.0174571023408239 10.7934481719416 4.56802696567836 6.39369481543482 0.708417578192269 0 0 0 0 0 0 0 0 0 0 0 0 0 0 0 0 0 0 0 0 0 0 0 0 0 0 0 0 0 0
0.213777891692144 1.13502637357056 2.49644004074553 1.54459062611017 1.48898620161013 4.55874830986518 0.281851399971676 0.876879164479349 0.71399216066469 0.917642133005196 0.505579016919975 1.81848708838341 0.0798080025166181 0.623899358573628 4.98998946636415 3.3477633868151 2.8551776038291 0.99660096589082 0.926927253321714 4.01871863386644 0 0 0 0 0 0 0 0 0 0 0 0 0 0 0 0 0 0 0 0 0 0 0 0 0 0 0 0 0
0.169380562948486 2.38504639693884 8.15479129800917 0.0876059714948711 1.47248892165551 4.58831215023188 1.6023586125742 5.60837367550291 1.06418681319031 2.69792647977314 0.577272241546821 2.61486525657805 3.54517094691472 8.8637267205474 0.233932792493259 7.23277505664622 2.3982555553028 0.834665097528233 1.80891501232654 1.05989801922446 4.06449684972364 0 0 0 0 0 0 0 0 0 0 0 0 0 0 0 0 0 0 0 0 0 0 0 0 0 0 0 0
0.922780356114719 4.07812797604541 6.33595477343303 0.417226885066393 1.22492890099515 2.3285415022987 0.832542378697895 1.53591011194413 1.18079873280153 0.859565831329895 2.1207927265661 0.0292547837234236 5.97218525374898 0.380869981936709 2.01557809776637 3.31632134078884 2.21591099496213 6.27012350823586 9.67927015683403 0.606009140887175 6.66385041392816 0.141896447649867 0 0 0 0 0 0 0 0 0 0 0 0 0 0 0 0 0 0 0 0 0 0 0 0 0 0 0
7.29436425683719 3.56789415367044 0.976591375822222 6.22798352478295 4.43452238953162 11.468296961463 0.395585760251592 0.0937900409612646 1.35344460397534 0.443534871875409 3.89422133011784 2.9206588730452 2.53296177915704 5.95265666872402 1.4340239255055 4.00017721043348 1.11733448148049 4.65397045962811 6.77540185246726 1.87747103205192 1.63142942361862 0.490179142263917 6.09074661671388 0 0 0 0 0 0 0 0 0 0 0 0 0 0 0 0 0 0 0 0 0 0 0 0 0 0
0.434635105043995 4.80412798346727 4.12501170100361 5.17837199674732 2.50694674027533 4.9698733473763 0.695846729237022 7.40271781898702 1.22438864227596 4.23021603764929 0.75070051270331 2.08229993651747 2.80913279491836 0.79653248135158 1.08686244322715 4.58621166956654 9.69810369855829 3.13610592400774 7.2646522108452 0.117440753705895 0.18023502669206 1.01025510110591 0.998064372435914 0.0164866400433882 0 0 0 0 0 0 0 0 0 0 0 0 0 0 0 0 0 0 0 0 0 0 0 0 0
2.47083574020318 3.99696974243037 1.1740212516394 2.06475415062849 2.07180618719748 0.737296632793856 2.15554349707919 2.09375261805605 5.39467591552756 10.0151536215902 3.77652448321674 0.790692906228201 3.4448388757367 2.80397350881922 4.47267172945667 2.00123580195897 4.54756938896046 6.44513949954184 5.7474122865035 1.46597525867334 2.40894568707583 10.1234757779903 0.193478711935238 7.95929311570398 4.34327283973802 0 0 0 0 0 0 0 0 0 0 0 0 0 0 0 0 0 0 0 0 0 0 0 0
6.0548075873667 0.165567460006069 12.4859219464735 1.26902220836964 1.52645397395331 14.9757766664819 3.30409982444757 10.4861753635083 6.642173088617 1.11136581028187 5.1518293010788 1.48206804168984 2.05412910056445 3.86610605208757 6.37437508040009 1.69198387577598 1.40164468299175 6.37294252202802 1.4169790774046 1.48357695129868 0.31748945927191 0.245129462712441 10.4733695111359 2.03846388140817 6.76333794600095 0.137733020122123 0 0 0 0 0 0 0 0 0 0 0 0 0 0 0 0 0 0 0 0 0 0 0
2.81078298042881 2.97774154448641 2.11617024269503 0.840022341551414 8.06105072730745 2.43984141422447 1.59156586245779 3.43448819420986 0.186605933886919 0.979898653869186 1.98830494853741 5.54183647681555 1.385876689766 4.82396182120684 4.46005068649358 4.81802742580744 0.257633774529819 4.43680482663724 5.94375228207984 0.155454527252041 0.876088429317657 3.38770263952735 0.199447131903744 0.00869243844854866 0.060299055945535 10.841598853268 2.61078609258137 0 0 0 0 0 0 0 0 0 0 0 0 0 0 0 0 0 0 0 0 0 0
7.22579514783575 1.34154347979264 1.73617646841315 9.18927171772222 8.32296989115506 6.29174237006298 2.41941382200501 4.21719632965021 2.26763913161516 0.81894699002918 1.78350924404555 4.32204948487639 1.68761592387381 0.726432198846653 8.84461163499951 2.89335151771976 0.367340193120345 3.75568643526448 4.23578953984203 1.53941248973161 2.06416281549833 1.86249810774684 7.33258958847607 1.23063753409598 5.9720134922583 4.45404072708845 6.96279359557631 6.40005384495931 0 0 0 0 0 0 0 0 0 0 0 0 0 0 0 0 0 0 0 0 0
1.6384404285206 0.266888842483578 6.90776575903615 1.81013460494759 1.43697356376483 0.185247833039332 4.08074397054281 0.254101742539416 8.6999897045377 0.578351095933857 5.30347505611569 4.22660689062452 0.991827354023851 6.61402387691208 1.79326044508061 2.3872002677283 0.110172170335627 6.43746466989295 0.312522031805172 6.96306398991606 2.19076976380775 0.7411410638929 1.31955014173458 3.5059547405517 0.930590153516252 3.12436468201101 3.01572273717195 1.53133224745929 0.237700230315125 0 0 0 0 0 0 0 0 0 0 0 0 0 0 0 0 0 0 0 0
0.284479922644373 7.36512392489721 5.15671593656752 1.71770766934926 1.14116825010549 0.991843314508078 2.1787242443242 1.49412101210871 1.26068091835524 0.36054649402626 0.683404795763065 3.39046467221049 1.19945907774381 1.44681090113722 1.61971894257539 0.0908018368592082 9.66190706924822 2.39936473298877 5.12655998732628 1.48277179181641 2.70822545636637 0.571437468100569 2.52315211296822 2.70202719175739 0.00561051711428091 1.77558068942324 1.1645406078264 2.35757332580889 2.5643474439186 1.7287664900216 0 0 0 0 0 0 0 0 0 0 0 0 0 0 0 0 0 0 0
1.75041813019325 0.070931609232879 0.984147165473466 1.28052339309714 1.46392821429044 4.51915357946063 3.08119077095628 0.838381657017743 0.236470832850781 0.0663311194363687 0.91905485657143 2.30377574843929 1.61358770444529 0.162296362146696 1.34559361043831 1.12225591963547 0.408011312857319 0.987209591380653 1.22173285839802 1.155537710549 1.5039182710074 2.50280304418199 1.53774004660896 2.46387837343928 1.72554233107042 0.0519346660190581 1.41576007340261 2.14916892934231 6.15842278195381 0.115103396430162 4.79160382095023 0 0 0 0 0 0 0 0 0 0 0 0 0 0 0 0 0 0
2.11200584371237 3.03617113473278 0.191291805291593 1.11602788254607 1.14601405144407 0.311523229173425 3.8764820290087 5.80582046151886 2.52767680230837 2.09722354314414 0.96752067890573 3.08671249107737 0.45329335185195 8.52858069846483 17.4220465161754 0.847996936708554 4.64522501136779 1.15870487619885 8.87995792360159 1.41695466165119 8.56419921499122 0.411350285072311 6.81315018221471 3.49834322929833 3.70089872253368 5.79226085004025 11.6556890426494 2.5292487351925 1.91327961350548 2.19932798047351 1.3148205451055 2.60113407706913 0 0 0 0 0 0 0 0 0 0 0 0 0 0 0 0 0
6.49822501012766 3.20405472055528 4.16695363617865 1.19245751415382 1.96770571645795 8.57634142995189 0.396919872264054 3.51611744769714 2.74391429902351 6.77779523688667 2.07681554915053 3.41689661280043 0.581930494835008 5.22250616133138 1.93406612298017 3.72898095040082 0.478903092456041 6.32786635631545 0.283859660100989 2.04209707460633 5.85510554807434 3.57486459351106 11.774747464587 3.66123251436566 2.7336174272946 2.31046683610812 4.42824416349087 1.82957371252109 3.78189127578237 0.684696477861383 2.64986060257675 8.21691149065236 0.0934777835090653 0 0 0 0 0 0 0 0 0 0 0 0 0 0 0 0
1.9627184276444 2.64910044897994 0.18649417266698 1.59607982062825 1.42143753798932 1.69803998269413 4.08077880386422 1.66744208810959 0.730132215461966 0.991679113767378 1.77872195925441 4.38558921288873 2.85304767316868 1.35834777724273 2.66900450580907 0.330225413799617 9.97963734137707 1.48499068826504 5.46390121902137 0.697350533221803 0.1838790566805 2.51421307389636 0.990655393334577 6.00737092009542 9.72990324360424 8.22492189659338 0.480017887072701 0.946465834719453 1.87932001983912 3.01388323599665 0.548095886349409 2.36615293295585 0 0 0 0 0 0 0 0 0 0 0 0 0 0 0 0 0
3.38004979564812 3.96994753099824 9.05837100907085 0.394884078033666 3.55395734831973 2.44859251007298 1.59016795250278 1.64291530464209 1.51545652383066 6.98484296604117 0.774326766456137 1.40140751868188 1.69976775026508 8.19143671144587 2.79659960727476 3.10540947905721 0.608141241707184 6.77052619956156 2.25315329555844 2.80168553896252 1.92873532598226 10.1482276417557 0.983947711757714 2.32813941657732 9.4625568142506 0.929667473863971 2.70616439217254 1.98686129923263 1.92117247381728 0.0536752435622603 0 0 0 0 0 0 0 0 0 0 0 0 0 0 0 0 0 0 0
0.0411820396226649 6.34204663185142 6.44144467077109 1.6277908193628 1.03327853583974 4.19745287816918 0.706795020430374 8.57828119690628 0.171800422902863 0.287202169832346 0.381901084864515 1.58268143685939 2.02102085380449 1.79008371159174 5.47725278873521 0.543436188701432 4.45189381142167 1.24134265072398 2.62699544404339 2.1169921647354 3.70444070291677 3.14168530227698 1.04530195544525 6.27516473327846 1.7437983308366 2.76915289122545 1.10983945021162 0.427384689833527 0 0 0 0 0 0 0 0 0 0 0 0 0 0 0 0 0 0 0 0 0
1.28855876402443 0.0672622443180228 0.519550967036958 2.10493976894724 1.64954538985404 3.99468608046939 1.8185250326906 4.74731991163317 1.51535329608475 8.80278795354483 1.76287978188087 5.64049618565239 0.607697632957035 5.92433151328259 4.2891528271219 2.04530090461389 1.56574808156027 5.19292699130958 0.976276767497671 3.97615726488206 0.68093490661063 2.30828254938706 0.283483612647389 2.09728451045548 4.28944305417962 1.63008524243289 0 0 0 0 0 0 0 0 0 0 0 0 0 0 0 0 0 0 0 0 0 0 0
2.86756749933617 6.54458123871273 1.24167929641514 3.15714778978013 2.77837794767138 0.700956003984612 1.74317706608586 2.76516802991145 1.07861124470635 0.687513163903357 6.53907483809422 0.0900121594953406 1.68039065207088 2.70484810339215 6.37928561679419 2.01781314115529 0.401982021559978 0.0370479630679267 0.904259906506246 0.0184421120956847 4.55623472958204 0.84632657627748 3.23750079311755 1.6637524902001 0 0 0 0 0 0 0 0 0 0 0 0 0 0 0 0 0 0 0 0 0 0 0 0 0
1.74069382501203 4.14010737326437 5.8422543889771 1.12688880184523 1.64921455366838 1.2806103014587 2.24830320838596 7.6703805304952 0.554335923453687 5.35402209094613 1.51368045925692 0.997536917667051 0.225894749741149 4.57375597144735 2.12194971879077 5.44523553255858 5.01109682643213 3.44812300411049 4.25640714998606 1.72038643236463 5.65483097354476 0.0140380555601756 0 0 0 0 0 0 0 0 0 0 0 0 0 0 0 0 0 0 0 0 0 0 0 0 0 0 0
3.12885873042381 4.16790067459055 0.724463324231663 12.7027961080366 1.08733838380162 10.275100021498 1.95186453584174 1.82085357192991 6.44566023409536 1.35227593307414 2.08082481245172 1.09718347592754 4.28368854370523 8.63235507931758 5.40311363026078 2.62180925286227 0.795991266888606 2.84521799442458 1.75867436484035 0.0860696696618333 0 0 0 0 0 0 0 0 0 0 0 0 0 0 0 0 0 0 0 0 0 0 0 0 0 0 0 0 0
0.50113951837316 1.26690430213579 2.45506535035888 3.46039050198825 0.68288106266633 7.26020453074053 1.88901271138867 1.58043044973867 2.86113064677594 3.92515258678328 2.78159426784547 2.69355223827474 0.290522915768454 5.65590557001388 0.249372656584585 3.87731701304227 6.03392537958092 5.60521568701333 0 0 0 0 0 0 0 0 0 0 0 0 0 0 0 0 0 0 0 0 0 0 0 0 0 0 0 0 0 0 0
1.58075604712705 0.690322476031848 2.58231691024453 0.390267570457517 8.87482529631686 0.704136893013157 4.10285986916786 4.92027618670854 1.53540660834256 1.59392833435495 6.84280004763338 3.85888211760352 1.75920692863756 3.27098962054904 6.52572923120389 1.57906863442716 0 0 0 0 0 0 0 0 0 0 0 0 0 0 0 0 0 0 0 0 0 0 0 0 0 0 0 0 0 0 0 0 0
9.41335706101088 3.60510664884508 0.978867160367186 8.11525260448894 2.64417354141538 5.14118091049472 0.531115076698902 6.86826932576702 1.09815269499886 8.223662688682 2.10591541054673 0.348581342892873 3.03763239335768 1.27471051760069 0 0 0 0 0 0 0 0 0 0 0 0 0 0 0 0 0 0 0 0 0 0 0 0 0 0 0 0 0 0 0 0 0 0 0
9.06586323298542 0.931915445163263 3.25520470609729 0.105408328438166 2.04051633286788 0.380529872899406 0.803572207265336 0.260156053250839 8.27177585498482 1.86989559392816 0.592697336200351 0.71573501869858 0 0 0 0 0 0 0 0 0 0 0 0 0 0 0 0 0 0 0 0 0 0 0 0 0 0 0 0 0 0 0 0 0 0 0 0 0
2.17602383484437 2.45377624982338 1.70731732901372 1.48585769202526 2.50847282382114 4.26591402381814 1.53615899462935 2.0565514568477 5.54429006782379 0.098864713356486 0 0 0 0 0 0 0 0 0 0 0 0 0 0 0 0 0 0 0 0 0 0 0 0 0 0 0 0 0 0 0 0 0 0 0 0 0 0 0
2.566820902047 0.593989325816878 4.40880328012325 0.265543799428616 3.19380868197707 2.07235846695784 5.05694810287122 0.111253032614457 0 0 0 0 0 0 0 0 0 0 0 0 0 0 0 0 0 0 0 0 0 0 0 0 0 0 0 0 0 0 0 0 0 0 0 0 0 0 0 0 0
0.383084763198649 2.73066944851007 2.45278754090197 7.57548586981923 5.0242056003937 11.1671229359625 0 0 0 0 0 0 0 0 0 0 0 0 0 0 0 0 0 0 0 0 0 0 0 0 0 0 0 0 0 0 0 0 0 0 0 0 0 0 0 0 0 0 0
0.252279270805529 2.68591561008274 6.26109557866981 0.0407470355322705 0 0 0 0 0 0 0 0 0 0 0 0 0 0 0 0 0 0 0 0 0 0 0 0 0 0 0 0 0 0 0 0 0 0 0 0 0 0 0 0 0 0 0 0 0
0.255786395942209 3.17236846980728 0 0 0 0 0 0 0 0 0 0 0 0 0 0 0 0 0 0 0 0 0 0 0 0 0 0 0 0 0 0 0 0 0 0 0 0 0 0 0 0 0 0 0 0 0 0 0
