0.0782413414411729 0 0 0 0 0 0 0 0 0 0 0 0 0 0 0 0 0 0 0 0 0 0 0 0 0 0 0 0 0 0 0 0 0 0 0 0 0 0 0 0 0 0 0 0 0 0 0 0
1.13168473239585 12.6506832131339 0 0 0 0 0 0 0 0 0 0 0 0 0 0 0 0 0 0 0 0 0 0 0 0 0 0 0 0 0 0 0 0 0 0 0 0 0 0 0 0 0 0 0 0 0 0 0
0.944901872610274 0.236126718133199 0.576537086654418 0 0 0 0 0 0 0 0 0 0 0 0 0 0 0 0 0 0 0 0 0 0 0 0 0 0 0 0 0 0 0 0 0 0 0 0 0 0 0 0 0 0 0 0 0 0
2.20373973175401 4.95070870112193 0.633432071420498 4.12029613963174 0 0 0 0 0 0 0 0 0 0 0 0 0 0 0 0 0 0 0 0 0 0 0 0 0 0 0 0 0 0 0 0 0 0 0 0 0 0 0 0 0 0 0 0 0
1.09578468903307 2.19725776874748 3.00676349090813 0.813351484683399 3.35112302364219 0 0 0 0 0 0 0 0 0 0 0 0 0 0 0 0 0 0 0 0 0 0 0 0 0 0 0 0 0 0 0 0 0 0 0 0 0 0 0 0 0 0 0 0
2.93504871224238 4.25180690831986 0.971002835895284 1.36827836128952 3.1685847377456 8.45468026809872 0 0 0 0 0 0 0 0 0 0 0 0 0 0 0 0 0 0 0 0 0 0 0 0 0 0 0 0 0 0 0 0 0 0 0 0 0 0 0 0 0 0 0
1.36038346121526 1.86250006579989 0.284428429138259 2.78832470850236 4.06899695065304 1.78292923528054 1.07091179212857 0 0 0 0 0 0 0 0 0 0 0 0 0 0 0 0 0 0 0 0 0 0 0 0 0 0 0 0 0 0 0 0 0 0 0 0 0 0 0 0 0 0
0.643267739790848 0.923241389953976 6.30762765833367 1.33830251957419 1.81594000493281 3.62542495961862 1.65839442768228 6.32551563618285 0 0 0 0 0 0 0 0 0 0 0 0 0 0 0 0 0 0 0 0 0 0 0 0 0 0 0 0 0 0 0 0 0 0 0 0 0 0 0 0 0
4.75951766117382 1.6268126079893 0.250240529136391 4.15930190499845 0.0968371573971293 6.59950047302031 1.1183297085588 0.000854867441792723 2.24578427852914 0 0 0 0 0 0 0 0 0 0 0 0 0 0 0 0 0 0 0 0 0 0 0 0 0 0 0 0 0 0 0 0 0 0 0 0 0 0 0 0
0.855312509443441 0.210315710665168 1.24886523048525 2.83210727749636 1.02568032814717 4.4569100326694 0.924694717047403 4.32143394086621 2.34000304376486 1.18012568739899 0 0 0 0 0 0 0 0 0 0 0 0 0 0 0 0 0 0 0 0 0 0 0 0 0 0 0 0 0 0 0 0 0 0 0 0 0 0 0
2.00450144055008 1.22836495354904 1.21965590731382 0.799181004497935 1.90182372871029 0.822226421822747 0.921174113553103 1.95245821477689 3.30740035257957 0.425976565825258 0.682460845294556 0 0 0 0 0 0 0 0 0 0 0 0 0 0 0 0 0 0 0 0 0 0 0 0 0 0 0 0 0 0 0 0 0 0 0 0 0 0
2.39281877869699 1.44493775947589 1.16810098938725 1.25532203933592 2.40211815864886 6.31377397230835 1.8470265738734 2.84011308512943 4.66959645363818 1.86821764376009 3.31170794014568 7.41199147887414 0 0 0 0 0 0 0 0 0 0 0 0 0 0 0 0 0 0 0 0 0 0 0 0 0 0 0 0 0 0 0 0 0 0 0 0 0
1.15362642955178 1.12427615348401 0.976334756174601 0.472897217572793 1.3472726410736 1.19895700664702 2.40389111172237 7.21773818421261 5.28392379813771 0.55220739624136 4.31529075408547 0.612834341899462 0.00361525143508851 0 0 0 0 0 0 0 0 0 0 0 0 0 0 0 0 0 0 0 0 0 0 0 0 0 0 0 0 0 0 0 0 0 0 0 0
4.96426871686258 2.4078105332908 4.7282146283868 1.00650478154334 3.79773649304329 1.0655949911777 1.44817569586614 0.0679543897586432 1.08725374801071 3.40628968229098 0.703566289060816 0.637908259346139 0.56924288382618 0.61510030078025 0 0 0 0 0 0 0 0 0 0 0 0 0 0 0 0 0 0 0 0 0 0 0 0 0 0 0 0 0 0 0 0 0 0 0
1.06976644306664 2.27276241997578 6.28304195538852 2.45884737530205 2.23479939587408 8.97161740060191 2.43376298712733 4.11437577188317 0.179290560141112 8.88412186332636 0.0288477502774144 6.4930756483765 1.21437558706164 1.80999251638304 2.94203158809942 0 0 0 0 0 0 0 0 0 0 0 0 0 0 0 0 0 0 0 0 0 0 0 0 0 0 0 0 0 0 0 0 0 0
0.683769276584196 0.583084408535244 2.93582851013838 5.69020079780981 0.670943734668557 2.17136877563132 0.42943077589512 3.76849364225915 0.0148185071689197 2.40122093963467 0.685480994343651 0.288443043743688 1.27558701706198 0.315126033726022 5.2341160661815 3.67452063655832 0 0 0 0 0 0 0 0 0 0 0 0 0 0 0 0 0 0 0 0 0 0 0 0 0 0 0 0 0 0 0 0 0
0.29074190082045 3.88335861456581 3.10393204144921 2.19645428226461 0.393302296436123 4.04997008064229 0.349330845133787 5.81721342347904 1.66601510031427 3.92257665255505 0.181049921318172 10.3852008121713 0.257789794999513 0.711624887593386 2.91833049319359 3.07885264414621 1.22674457922533 0 0 0 0 0 0 0 0 0 0 0 0 0 0 0 0 0 0 0 0 0 0 0 0 0 0 0 0 0 0 0 0
8.67301788027003 0.862348733414366 0.620472401320419 0.0731445617190887 1.31543382982557 2.41059247426713 0.458404534999794 3.41947516984041 4.11172778175316 0.396534456847052 1.65159683871262 0.464737775387397 7.44065258945443 0.765668108740344 7.85701013588166 0.239700966724242 3.68220660170984 0.479452597772564 0 0 0 0 0 0 0 0 0 0 0 0 0 0 0 0 0 0 0 0 0 0 0 0 0 0 0 0 0 0 0
1.72962055940202 0.422492111895617 3.99883367377528 2.15671663020601 1.56988874764613 0.968238435499875 3.16501592447558 2.60569186153231 1.2695137676953 5.06856975166685 0.294956596464163 4.07762440558245 1.01169518061985 1.89550257183795 0.899530232044333 1.45635230503108 3.09410312785254 1.1152037167871 2.46012098504121 0 0 0 0 0 0 0 0 0 0 0 0 0 0 0 0 0 0 0 0 0 0 0 0 0 0 0 0 0 0
3.31414667250708 8.06816818065904 2.2995675594511 1.34546866146384 0.636482365042463 1.11240589768079 4.03493417018411 1.68452299794052 1.84233985947208 0.58836977084587 0.764341493202362 0.795382064407843 3.09775965752321 4.60396307092923 0.157622097137833 2.7303408169376 0.371451196445543 3.54235878959482 0.0934921814461199 2.25703963981859 0 0 0 0 0 0 0 0 0 0 0 0 0 0 0 0 0 0 0 0 0 0 0 0 0 0 0 0 0
2.00519485473799 1.43001223165703 5.09671144469186 5.38903678574893 0.437567137227683 5.3571110226845 1.49740279513679 7.33521954210876 0.392419607597034 1.49726451645906 1.22132327918918 3.47147138138227 0.147906724371532 1.43063437743552 4.24965019975117 0.414312684233424 4.4558858093191 2.90915261811137 2.6292096163561 1.63304272723829 2.17618849019939 0 0 0 0 0 0 0 0 0 0 0 0 0 0 0 0 0 0 0 0 0 0 0 0 0 0 0 0
1.31771368496725 2.69519729559742 2.60923757250764 3.3301814978352 7.69798907722731 2.4381524561352 1.12613292677366 8.80459547465037 4.79785799912273 0.790230778509889 0.812125614529148 4.1492914930559 1.53874456010135 5.39375047781125 0.578690077640676 3.05587460132848 2.22932459856305 3.24614113333139 0.845162848129963 5.5595984051773 2.25001016195535 1.68234781490056 0 0 0 0 0 0 0 0 0 0 0 0 0 0 0 0 0 0 0 0 0 0 0 0 0 0 0
0.563561786643727 0.176315174020268 1.62145604868678 2.58921189224215 1.74391082972701 3.92060610395411 0.332927601703077 2.96248929553045 0.743010114790865 8.40370950148886 1.58921040295613 0.380301885569208 2.68509656135893 1.20318076141225 3.54253358334304 4.13769072247986 8.48921179478355 0.725253526173384 0.731380432154936 4.24471438454265 2.73277341720536 2.06002493040983 1.29691240800565 0 0 0 0 0 0 0 0 0 0 0 0 0 0 0 0 0 0 0 0 0 0 0 0 0 0
0.899595852306409 8.67937437127289 7.76163881526589 0.900688270070575 6.46285723042982 3.70493735226556 5.4540746637723 5.34538869690901 7.81910670978811 1.02705375857078 5.23013004443068 5.68841940418103 0.0891106721195064 7.05920688116457 3.40161132700061 4.02525638420545 3.48010433861776 2.04887624625589 1.33396196478146 0.59456878292399 0.0872107079148055 0.942158088098539 0.282032419677598 3.48312858430621 0 0 0 0 0 0 0 0 0 0 0 0 0 0 0 0 0 0 0 0 0 0 0 0 0
6.77363925496374 3.34232419564542 1.55502724087277 4.11439111234789 0.628611152208608 2.06651007623148 6.76995418509408 0.931014427693451 1.08051247563617 0.147559882018802 2.05355020538725 1.88512901769385 5.21321785102619 1.76787777666446 1.18662622200596 1.96261725042656 0.0754289594138571 0.696096903537389 6.33273595058538 0.877281137930977 1.00263568641783 1.72419965533442 0.512093685811812 1.94167650905187 5.07930129428388 0 0 0 0 0 0 0 0 0 0 0 0 0 0 0 0 0 0 0 0 0 0 0 0
3.23856698961659 0.282811344387606 4.38277998891531 2.87151511657395 2.93098462386645 4.55744743931835 2.37938070219645 2.05511342270999 0.615101745369644 0.302622733986249 0.247842109978576 7.41136236933117 10.4386805368413 2.72171145550912 0.415026457219882 4.3433510169115 0.678095572254862 0.0563194895363445 3.72767781593346 2.47706045402215 2.07000602519526 1.52270305797405 0.0277002524222297 1.5747118882951 2.79063250224897 3.40372775608214 0 0 0 0 0 0 0 0 0 0 0 0 0 0 0 0 0 0 0 0 0 0 0
0.39982618661307 3.42873141250398 2.73517846644819 1.35703706889669 10.0177106210891 2.9958986419042 1.94002711311121 1.91806680129664 2.99436184507103 0.0172680518747204 0.0865577913247717 4.24534014691482 4.48057528132949 0.637709791812637 0.925940111011734 3.47898375051429 1.29122650414403 1.95385535950219 0.291076204491208 2.63574906514883 0.858868390416258 0.870851816654741 0.678707556664031 1.89601926032537 2.50602837233897 0.22329338034587 1.40915572299499 0 0 0 0 0 0 0 0 0 0 0 0 0 0 0 0 0 0 0 0 0 0
0.84423018093569 2.73046069857681 0.46195715536787 6.67129181721947 2.16345595172091 1.53240027164183 0.547726548972684 6.12015550357391 0.41772915844808 7.30243150830108 1.69450617436349 5.76973648824632 0.870358031915742 1.37474952462315 1.08051942970968 1.07596647191825 0.422647088362663 0.489637720785401 10.9283956457414 2.54980087289918 1.58884340199092 2.03891040548759 0.733591326191018 3.26147015749916 0.284031616531863 1.97076997803559 1.17683713357914 6.53003564437458 0 0 0 0 0 0 0 0 0 0 0 0 0 0 0 0 0 0 0 0 0
0.596434299435391 0.141034322904562 1.26336286024558 3.37619395041014 1.25842091514957 6.9561367528458 0.510675880959507 2.60218034366428 0.70116896184036 0.116973065589542 0.745284136587589 1.86709184412672 2.33666063394198 9.06651652365687 2.66520276257821 1.72446403071634 3.62316448163829 0.0422783071916756 3.23417582891208 1.28767293296588 5.51080375167343 1.72177331962874 8.45963406641481 1.36051946399624 0.842129399739188 0.974359704121305 4.16116605608761 8.45688202334572 5.25628636016582 0 0 0 0 0 0 0 0 0 0 0 0 0 0 0 0 0 0 0 0
4.78941823876358 6.7165189497861 2.65979444880078 3.07185876824359 2.70401093892203 1.79947788905438 2.44457827070906 1.06986093602367 2.81301400710435 2.10791479707681 2.83287069680093 0.906152127526213 0.0468788568649126 2.34920050588193 0.587730735373141 1.17795573220878 0.70804402096679 0.891443832039093 0.0686049266700097 1.65599329064728 0.607824599970418 1.26995890522936 1.87611751609272 4.26280277850624 0.860989016038521 5.4264859404528 1.78837672095694 1.40612813513816 4.39130320705966 2.53063512362357 0 0 0 0 0 0 0 0 0 0 0 0 0 0 0 0 0 0 0
3.321654025405 1.24047760428276 1.26812276895249 0.476066541870947 6.40000971701663 1.24158083480824 1.59018909644943 4.35149369697528 1.62026851762625 2.45514487773597 1.09629481055022 1.26256902420975 3.4017086305737 1.75962712034323 0.614762721182675 2.30777836276067 1.69493824050837 7.84220366381401 0.823923577279433 4.29978806083895 3.62234618480464 0.119530197306842 4.2738883463441 2.34489665505133 0.69383020515546 0.929466655963807 2.13395515847066 0.584586015472437 2.82072356922417 2.81581407331431 2.54853193300037 0 0 0 0 0 0 0 0 0 0 0 0 0 0 0 0 0 0
0.0149180701341724 6.43453436668261 0.272663996446534 8.26364221412475 3.82039613415003 5.1452049881139 0.194315879492314 1.26171902495799 1.86870803723967 0.172155622193023 3.13950534416426 6.23574473264073 0.41689063596962 3.94015660419994 1.01991709719941 9.52757211153919 0.0729799138564812 1.19411314667759 0.788537768196437 0.247070309035148 1.62980718438714 0.626787981145133 3.30104198926276 3.19510300639801 4.56703557585807 10.1443398480232 0.455653344563939 0.654341910910186 3.20634764395938 4.52198193491673 0.498412555372733 3.11932247528206 0 0 0 0 0 0 0 0 0 0 0 0 0 0 0 0 0
1.92603117838073 5.80226899307181 5.33583113633197 0.179921506556927 1.52875756957653 3.80897352492016 7.45412810819567 0.818256449895808 1.81363317366507 9.21490923596679 0.400097636102804 0.466996091116146 1.65336088524323 7.56034873875258 0.836627603537688 4.05233967135391 3.1969531389812 0.509830424009412 4.46065484929639 0.368563991192952 0.717217907662479 2.08080119790918 1.2699393806147 7.5474804121866 2.09884818719498 4.14428718962082 2.70247939837775 2.21923408794444 8.96094535401827 2.28466083772828 0.929995466413984 3.3111417350924 1.66777385302099 0 0 0 0 0 0 0 0 0 0 0 0 0 0 0 0
0.436961401033849 1.58046626023184 0.280616608761621 0.720637300474876 3.75933498333459 3.22759410856407 1.40991456493312 0.287992416693614 3.79103639691473 3.79929543895988 1.21587541726152 3.34690054154975 0.792129961063679 0.449264786805795 2.00460908617125 0.490250721334983 3.4052113455824 2.00907255848436 1.0739588360289 0.0843021049156031 4.6272676773922 4.34488979781665 2.80882365405089 1.20734754817859 1.31037660731987 1.24190215806598 0.264272769911333 0.548034690616172 0.768201866860581 0.842018354679904 2.10069208169317 0.0181512803457983 0 0 0 0 0 0 0 0 0 0 0 0 0 0 0 0 0
0.309768844218633 2.22874656868144 2.26986218028142 1.59107239150574 5.15862510098118 2.08556198332432 0.247831504176449 7.20875675642787 2.37065897556929 0.239289184240192 1.46686583710414 0.056498725526236 1.57567070708566 2.80334886873732 1.40864371072322 3.47699818454901 4.76911118321246 1.01513750419992 0.763605857664189 1.15340325279284 0.236843693200354 1.09552516173422 5.57557101188699 0.423835519056988 1.09556207250339 5.90605782426177 10.0432642826414 0.939000305177406 6.27826450545351 1.0132775255263 0 0 0 0 0 0 0 0 0 0 0 0 0 0 0 0 0 0 0
0.312059287010468 0.606598947570294 2.75476273878361 2.22578237648111 1.82601310373972 0.445626867875408 0.702677128030439 6.12356893053081 0.322782297566187 9.435273477919 4.77031025363125 7.44263149493362 1.19945281201421 2.79785949980559 1.29875320685421 0.593271122022696 5.38697571164865 0.0569385435877152 7.0585551209282 2.25446894646251 0.714648274232649 1.03363873029423 0.54862320353057 8.4209133089626 2.03854564510611 0.921069160879207 2.4423895316933 6.73647440126914 0 0 0 0 0 0 0 0 0 0 0 0 0 0 0 0 0 0 0 0 0
5.90959357242267 0.360656268517149 2.11474945757009 1.92087055863525 3.47931139178989 1.96431395166691 2.35980518483457 0.663168316344665 3.89594515192942 0.0832076035793252 1.87919307317014 6.9040909665853 0.0986431586024591 3.13683516261836 1.17052608966918 0.534244945374913 1.00373955914986 4.3522051627385 1.43582308126259 3.62615444135761 1.51339989626464 0.200593819730838 0.759481081758452 0.451646103723336 1.07023997230203 0.52984287986185 0 0 0 0 0 0 0 0 0 0 0 0 0 0 0 0 0 0 0 0 0 0 0
3.56205096557095 5.28825996119682 4.27300868807732 0.27338597714966 2.61709165362654 6.74295180443649 0.303868978852246 5.24311129810705 0.584874844525001 0.867895684677151 0.954546193817062 1.08380855099569 1.03912563875279 0.0511102341912675 2.11805491122496 0.620058873520109 0.643106335191147 2.65752123083686 3.47876594398425 3.09605298613937 0.0821276054058916 7.85144146409774 0.315932732861081 2.54074389328492 0 0 0 0 0 0 0 0 0 0 0 0 0 0 0 0 0 0 0 0 0 0 0 0 0
2.32427270138278 3.2684571563702 1.34113475616899 8.9923715766079 0.426094511178318 2.93060113530984 1.22186187185634 0.131784012717258 1.2668576899822 1.57835819998573 0.67903627957473 0.744132084371647 2.64899311135627 0.764053393437586 0.753691108915456 0.584545825586385 0.8590830149285 5.39837512841407 2.48991486507767 0.11705885952693 2.09662146529154 0.894209366670428 0 0 0 0 0 0 0 0 0 0 0 0 0 0 0 0 0 0 0 0 0 0 0 0 0 0 0
0.505363958219954 0.392494545470742 0.510225245798437 0.69557699645027 2.09467595863042 0.797701125611979 2.20890806210682 2.25921001687517 2.63507980026709 2.21742487565526 0.577241353880019 2.06970546043146 0.390219115000089 1.06517516127164 3.70996150416112 3.93353372643088 0.413811355450481 0.520165693904215 1.63434290999716 4.20758030150414 0 0 0 0 0 0 0 0 0 0 0 0 0 0 0 0 0 0 0 0 0 0 0 0 0 0 0 0 0
1.19294255742462 4.72761250973626 5.82681977991706 1.29841683293977 2.28318071689575 0.573793529503991 3.49243875246254 0.0109083991292368 6.05855926020555 0.583603321080631 0.886232079837326 0.998747435861853 2.05879206572896 0.0733421982405325 0.103897366626231 2.86053728664272 5.74698249816688 1.28462851729653 0 0 0 0 0 0 0 0 0 0 0 0 0 0 0 0 0 0 0 0 0 0 0 0 0 0 0 0 0 0 0
0.270778446570982 1.77527792996218 1.51694280380818 0.663642659712602 1.12197069862263 5.68997679038186 3.31202262112543 2.76832047565277 0.66122703265499 1.15506444866744 0.956181410067583 0.983544708262591 0.36629786011389 3.59832381650151 4.10217400959155 3.04508355726522 0 0 0 0 0 0 0 0 0 0 0 0 0 0 0 0 0 0 0 0 0 0 0 0 0 0 0 0 0 0 0 0 0
1.15418361580794 0.0258631516388958 4.64557133545607 1.81193308047055 0.195291743003328 4.3139048267784 1.07108951755547 2.8633128172783 0.992425901471319 10.0354611690197 9.35213058214678 4.63110894527415 0.529135880459866 1.53803534396204 0 0 0 0 0 0 0 0 0 0 0 0 0 0 0 0 0 0 0 0 0 0 0 0 0 0 0 0 0 0 0 0 0 0 0
0.891598483800146 5.43408466665677 0.388504707212393 5.18644590992586 2.35701383941508 3.3070961335888 0.193529036746076 6.49456229050523 5.41328083315436 0.747979811093302 0.132973170606138 0.290281374224792 0 0 0 0 0 0 0 0 0 0 0 0 0 0 0 0 0 0 0 0 0 0 0 0 0 0 0 0 0 0 0 0 0 0 0 0 0
0.533893576541699 11.3871044940604 0.372721854579876 1.11008137787477 0.162893831222181 1.12785876692762 2.7574602591413 5.5557962676158 2.50177392507765 2.54398040296229 0 0 0 0 0 0 0 0 0 0 0 0 0 0 0 0 0 0 0 0 0 0 0 0 0 0 0 0 0 0 0 0 0 0 0 0 0 0 0
3.30921874270296 1.08448589831871 3.18557695138155 0.188151712440748 3.24697772097568 1.63540004444715 1.57432145281806 0.234587282127131 0 0 0 0 0 0 0 0 0 0 0 0 0 0 0 0 0 0 0 0 0 0 0 0 0 0 0 0 0 0 0 0 0 0 0 0 0 0 0 0 0
0.143694949075291 0.786631106457027 1.03745824088361 1.29024145745894 0.463351607063633 0.0433795118704801 0 0 0 0 0 0 0 0 0 0 0 0 0 0 0 0 0 0 0 0 0 0 0 0 0 0 0 0 0 0 0 0 0 0 0 0 0 0 0 0 0 0 0
0.594941783267465 2.10783484439776 0.713099652382436 1.25763724596104 0 0 0 0 0 0 0 0 0 0 0 0 0 0 0 0 0 0 0 0 0 0 0 0 0 0 0 0 0 0 0 0 0 0 0 0 0 0 0 0 0 0 0 0 0
0.940451238684415 0.214702855851383 0 0 0 0 0 0 0 0 0 0 0 0 0 0 0 0 0 0 0 0 0 0 0 0 0 0 0 0 0 0 0 0 0 0 0 0 0 0 0 0 0 0 0 0 0 0 0
