0.869397788378587 0 0 0 0 0 0 0 0 0 0 0 0 0 0 0 0 0 0 0 0 0 0 0 0 0 0 0 0 0 0 0 0 0 0 0 0 0 0 0 0 0 0 0 0 0 0 0 0
2.53085331755274 0.0826832226381638 0 0 0 0 0 0 0 0 0 0 0 0 0 0 0 0 0 0 0 0 0 0 0 0 0 0 0 0 0 0 0 0 0 0 0 0 0 0 0 0 0 0 0 0 0 0 0
3.10175521663505 0.496735015724717 5.01297453272036 0 0 0 0 0 0 0 0 0 0 0 0 0 0 0 0 0 0 0 0 0 0 0 0 0 0 0 0 0 0 0 0 0 0 0 0 0 0 0 0 0 0 0 0 0 0
1.30748594089079 1.43327731003593 9.28286154000821 1.49706014775126 0 0 0 0 0 0 0 0 0 0 0 0 0 0 0 0 0 0 0 0 0 0 0 0 0 0 0 0 0 0 0 0 0 0 0 0 0 0 0 0 0 0 0 0 0
1.14462676436513 1.48578183583383 3.815178250848 1.90720184874165 0.601033016200966 0 0 0 0 0 0 0 0 0 0 0 0 0 0 0 0 0 0 0 0 0 0 0 0 0 0 0 0 0 0 0 0 0 0 0 0 0 0 0 0 0 0 0 0
0.259317410732699 1.87701763425813 3.83520305598297 2.00743366022786 1.37994014958061 5.32766463979717 0 0 0 0 0 0 0 0 0 0 0 0 0 0 0 0 0 0 0 0 0 0 0 0 0 0 0 0 0 0 0 0 0 0 0 0 0 0 0 0 0 0 0
2.43325768645982 2.55290029186871 1.34723370133111 0.506818215472179 3.16222018079171 4.72378873292306 1.07633544837386 0 0 0 0 0 0 0 0 0 0 0 0 0 0 0 0 0 0 0 0 0 0 0 0 0 0 0 0 0 0 0 0 0 0 0 0 0 0 0 0 0 0
0.0546025867419661 2.74682639668723 3.18605752948756 9.06763114702762 5.30655195036939 0.432279150718646 1.66521685278002 0.0467763801671405 0 0 0 0 0 0 0 0 0 0 0 0 0 0 0 0 0 0 0 0 0 0 0 0 0 0 0 0 0 0 0 0 0 0 0 0 0 0 0 0 0
3.91857882299075 6.80346965567014 1.45024547993988 2.54385390538399 4.26971203891507 9.24235694604361 1.14384054397607 1.36723506203984 0.432742120725739 0 0 0 0 0 0 0 0 0 0 0 0 0 0 0 0 0 0 0 0 0 0 0 0 0 0 0 0 0 0 0 0 0 0 0 0 0 0 0 0
1.80798574245602 8.58209382655265 2.03623881698692 3.68499426833855 1.47729962403736 0.52082371478238 3.4749490922116 0.540430912481734 6.11126449514012 0.7850162008056 0 0 0 0 0 0 0 0 0 0 0 0 0 0 0 0 0 0 0 0 0 0 0 0 0 0 0 0 0 0 0 0 0 0 0 0 0 0 0
0.0908059709464067 1.89061426349242 1.0651226144371 7.62799069030131 2.22334480742013 1.00442119333603 1.52685520434595 3.09837396920562 1.33183953508674 1.81492974057916 3.57190120717434 0 0 0 0 0 0 0 0 0 0 0 0 0 0 0 0 0 0 0 0 0 0 0 0 0 0 0 0 0 0 0 0 0 0 0 0 0 0
2.73466699871858 4.27534785774347 10.4788737931195 2.11310881496115 1.74267145143212 0.348819000599617 13.1747410886744 0.954741767401671 8.43741985684469 0.306237890437542 4.11673220698298 0.0318096754869015 0 0 0 0 0 0 0 0 0 0 0 0 0 0 0 0 0 0 0 0 0 0 0 0 0 0 0 0 0 0 0 0 0 0 0 0 0
0.357015931057392 2.48913408593103 1.11777778840359 2.89070605451099 0.426616209896504 0.449655061959828 7.33660188214141 0.048031116036918 1.16611652752051 0.756009861189448 0.333220512226201 1.93627109826366 1.00101638291724 0 0 0 0 0 0 0 0 0 0 0 0 0 0 0 0 0 0 0 0 0 0 0 0 0 0 0 0 0 0 0 0 0 0 0 0
4.61825011096743 4.33631717316897 6.38691332270111 3.27740694410902 0.12717863638477 3.34506505724542 2.5007591176388 4.42517571696208 0.930789139484307 1.23965961313912 9.61056693178315 0.596000504497519 3.24380381923962 7.83183080129187 0 0 0 0 0 0 0 0 0 0 0 0 0 0 0 0 0 0 0 0 0 0 0 0 0 0 0 0 0 0 0 0 0 0 0
1.47813617212969 2.49870700616683 0.359927505211702 11.391742244168 1.66987762975719 0.822861810811924 1.85453937616142 0.56010473179935 0.373728972470057 6.39523243590695 0.670424683000615 6.14422035667014 0.34162133795718 4.71479390665568 1.9160074428072 0 0 0 0 0 0 0 0 0 0 0 0 0 0 0 0 0 0 0 0 0 0 0 0 0 0 0 0 0 0 0 0 0 0
6.07641192803101 1.41471074825231 12.2665193691422 9.34653506374222 1.0741808523324 4.29296906483685 11.4341877623271 0.206777178856819 8.03705094891718 1.6937850253346 0.0281331135197849 1.629510387047 5.15161087377385 7.28369724052956 0.660176011842679 7.09713097146281 0 0 0 0 0 0 0 0 0 0 0 0 0 0 0 0 0 0 0 0 0 0 0 0 0 0 0 0 0 0 0 0 0
1.01215770781024 1.28755945413077 8.43045308235172 4.16756582012445 2.29377150464908 1.73976117507947 5.96212268515724 0.248241644060508 0.571596820359139 0.224245228073217 1.10408201241781 1.49797860754126 1.96568079283262 1.44561961604511 1.89899674137141 8.37534577847522 3.74153455429706 0 0 0 0 0 0 0 0 0 0 0 0 0 0 0 0 0 0 0 0 0 0 0 0 0 0 0 0 0 0 0 0
1.31374275082753 1.11539558733467 1.73827064499959 3.78296091795892 1.9564846245013 0.995790091380737 10.1259752595292 0.454659940077754 1.11310353361025 3.58242738694036 0.869150418917848 1.68506300760955 2.8183854652125 6.56951541685905 3.29646466636482 0.0135001651759804 3.15008368341024 2.36097847678486 0 0 0 0 0 0 0 0 0 0 0 0 0 0 0 0 0 0 0 0 0 0 0 0 0 0 0 0 0 0 0
0.606064330522062 1.70633687811493 1.0107989061166 7.50464612460006 3.62553797884161 1.28000856276771 1.58567514960589 0.880617411860318 1.18321363868213 1.24731264018587 1.09246453644267 1.30458826733792 0.488809708425977 1.17557652570947 1.2104509475786 0.370235067160052 0.336786657839427 0.762058545150209 1.01151553322675 0 0 0 0 0 0 0 0 0 0 0 0 0 0 0 0 0 0 0 0 0 0 0 0 0 0 0 0 0 0
5.45860280658582 3.33463229260638 5.57119528975629 2.47048862746237 1.20721453200043 0.406167384545351 6.60818096594382 1.64545351374765 1.94666762582485 0.77517523552769 0.513379232055449 4.71523905506339 2.59275209025342 4.87461870154748 3.3211371667788 4.43114990752717 0.299085752702054 0.864228279190343 2.8047661658224 4.47122568335607 0 0 0 0 0 0 0 0 0 0 0 0 0 0 0 0 0 0 0 0 0 0 0 0 0 0 0 0 0
2.93171505290714 4.14192054282074 0.322724920243872 5.07919623364134 0.650700291864735 1.33530832809989 0.494290551858394 0.519167899066428 3.28957321259665 5.33771024631031 3.12451261980726 1.50645200614334 2.58556462347745 5.32518480355384 3.98562587078634 2.73739596032568 6.72503550248036 5.19584511566114 2.21892334167584 0.797413878844608 1.17850957937607 0 0 0 0 0 0 0 0 0 0 0 0 0 0 0 0 0 0 0 0 0 0 0 0 0 0 0 0
1.19803538490088 0.651091144192241 0.157424839345227 3.48701248538463 1.7587695937659 0.27043122109373 2.73770054568059 6.268592358407 0.751919446895832 4.14148658401994 0.278565662781867 2.44975433230767 2.14179864446312 0.48698285895694 1.82891447720419 0.502831016251986 1.46767093480438 2.6861380817479 3.51672975783285 0.788991342085175 1.11378366328678 2.6963972726603 0 0 0 0 0 0 0 0 0 0 0 0 0 0 0 0 0 0 0 0 0 0 0 0 0 0 0
0.170110468648306 4.15160357262292 2.49708443459115 8.54853539523243 1.45048609451968 4.776847200396 0.350437736159126 1.79058991386543 0.415446898263096 1.01705486637196 0.729947196388635 0.311365251832307 1.21825425297235 3.21079243292826 1.32653536098055 0.599605636626017 1.75782829486451 0.404882666387518 0.873953107676126 3.67251206862415 3.19599520259172 0.144017019197243 0.474745889306866 0 0 0 0 0 0 0 0 0 0 0 0 0 0 0 0 0 0 0 0 0 0 0 0 0 0
2.69255794228543 3.49159966404722 0.146393327320686 5.5179819831304 3.37047175310918 6.82177148440428 0.465002959442992 1.26388201387435 4.39479907867871 0.567959308764794 3.30105043125137 0.728628408980055 5.95245989980169 4.07995678087972 0.579603251915412 2.49390148927971 1.3627571774949 0.696359984120425 2.20338907696789 2.73906702311411 1.18768590261278 3.50618102490026 2.36234067488648 0.967273831863484 0 0 0 0 0 0 0 0 0 0 0 0 0 0 0 0 0 0 0 0 0 0 0 0 0
1.9042904286079 1.91153374873628 2.99499359214176 2.74537844636072 1.97513885733203 6.47697200469499 0.123159792013592 0.253347299763952 0.116203153224672 4.00250487238497 16.4177955449092 1.10307293674775 1.56720734031511 0.258100618998005 4.38453524133392 0.81870209169086 2.66591421199226 4.93765501919438 0.290191291943407 0.904008493822038 2.60130843667684 0.147951949943267 0.176342316666898 0.561322695912458 1.6382605466533 0 0 0 0 0 0 0 0 0 0 0 0 0 0 0 0 0 0 0 0 0 0 0 0
0.583486809705341 1.06054209776835 1.95173381281803 2.66354739668638 5.43006695613416 2.39316743133796 3.61908760853332 2.97922307864008 0.376310645710507 11.1542834085727 4.70159038026208 0.873701118232986 1.81624667566442 1.3997770636669 0.597133960005151 2.14142900297531 1.14061804441868 0.484107691632406 1.23949719910529 3.94362566907677 1.07017423564151 2.97628053173695 1.33909778210663 7.5418529170751 0.784854304779466 2.42474901091109 0 0 0 0 0 0 0 0 0 0 0 0 0 0 0 0 0 0 0 0 0 0 0
0.767671137308126 3.80675952750336 2.11003489148091 4.11843933199243 0.857367490925191 0.936088528837721 2.21138377751656 2.17068003259616 5.60268208370508 2.445030901487 3.19921196277905 1.01262182370488 3.26077053178293 6.01544685095677 0.712287276855208 2.18939664712249 0.725219177839375 0.201998229939872 0.351264474403452 7.20046236708447 2.01235608229258 4.53887132012401 1.26026665332206 0.559674599824208 3.32179277254843 2.76543429534916 1.86028915583194 0 0 0 0 0 0 0 0 0 0 0 0 0 0 0 0 0 0 0 0 0 0
1.18380042198969 0.140916137634949 0.173505110958314 4.29573847948117 2.22587467105095 0.0150415149360311 0.0782091723763471 5.85627803671447 0.429212946558618 2.11586209795733 5.43857844198326 1.11000703969852 1.00288139398019 0.520575533141793 0.229737362718756 1.80306772386966 1.45936909497382 1.87334124117197 3.35096208942288 1.0734675259276 5.6001702241493 0.758265197392218 2.18071633810582 3.48238952857873 1.10272674732256 3.41071332885861 5.02555045472703 1.72829615803609 0 0 0 0 0 0 0 0 0 0 0 0 0 0 0 0 0 0 0 0 0
6.42423801120806 3.71823520696307 8.16078560516813 3.1927370222509 5.31205785930741 4.02633412276748 1.47050121874228 1.58464592381714 0.589501195106612 0.363333157044741 2.99143115146857 2.5205465035404 2.19855757176525 2.45098574629678 0.245346600157924 2.51888869109294 0.645860826126063 0.162565105757441 4.31312156161256 5.73811369410906 1.81119442074936 2.55932886195515 0.472281597751586 3.27216311668494 3.31066652199087 4.10265184036464 3.46188341087381 0.185811750309805 3.24392594065871 0 0 0 0 0 0 0 0 0 0 0 0 0 0 0 0 0 0 0 0
1.47951064069959 2.56942734059718 0.681601398960758 0.398854712667587 1.4806504480176 7.7933174918736 0.373289872478974 2.01605373034015 4.26940991525387 8.88679062506666 6.14521335849794 0.00334690944670343 0.217150894400295 0.434479301361986 3.19083329272981 0.394141745314185 0.843794599675398 1.35847937146428 0.450880000167623 0.45057911660758 3.72136720205602 0.200981063503245 0.547054418389716 1.01050214491582 8.6118953644096 1.1473258293658 1.26614666470994 0.236745065947096 1.62026784997199 7.5803095091093 0 0 0 0 0 0 0 0 0 0 0 0 0 0 0 0 0 0 0
0.178252987063048 1.16789211666967 0.00858535971236637 1.63523142218703 2.03231418908749 0.214266026726191 0.564377460255543 3.16928323677309 2.52623803455463 6.47286660727872 0.718344998484715 0.322004968976472 5.94154868415197 1.26827494441208 0.0923395702437861 0.914559638030812 3.0608179627562 1.82996931454379 0.0244163437841794 2.15367080806574 0.873608703845495 1.25571272373142 0.356453028880861 0.682136479835548 1.23432286994777 5.62100753318077 3.34166952730947 6.27841989839289 3.05935752074177 1.47611320676964 6.83797319546536 0 0 0 0 0 0 0 0 0 0 0 0 0 0 0 0 0 0
6.75527974096078 0.0878513785175493 2.03301105372449 0.595696803321491 7.31617154048632 0.408265455887951 2.3912878233561 10.2806900288522 1.31287740217584 1.8794555590429 0.55156653479007 1.17655117311935 1.58103964763324 1.99428616632547 3.76441547601038 1.95755899606402 12.3045047630645 1.78579484327553 9.67563038746785 2.04293750033509 2.75657791923227 1.2542479540261 0.285785040869508 4.09683342954141 4.91677481467279 1.65883537324468 3.57795327408996 2.4237013789282 0.715460874076557 3.63614159850463 1.49956324239728 4.22464212449267 0 0 0 0 0 0 0 0 0 0 0 0 0 0 0 0 0
2.05307182573528 0.507188633007871 3.89567930138458 3.22310361590822 1.49976575544448 0.0726128953854199 1.78706994732401 0.208185550826897 1.36779458537277 2.38528570192245 2.83816289896354 0.718668576412053 4.83756120625236 10.0493411288392 5.2627300243293 4.60731626413143 2.16938691171161 1.96221761091683 0.0871852051665488 9.13311356744518 3.31738604876846 1.82489151496448 3.13287222264614 0.627342464876866 0.183371062346869 1.23784888008947 4.56955072003319 2.04681686110151 4.96674827633087 0.540785084416327 0.963635772803324 0.498138793349666 2.49106886771845 0 0 0 0 0 0 0 0 0 0 0 0 0 0 0 0
0.350893330294473 3.23292968612817 0.574651827307551 1.84210843357339 2.37012577539241 1.28315891975708 0.443859750774279 0.211386788017201 1.54697801973973 2.15135272334833 3.30875313465711 0.51455184004828 1.95127000193653 1.78219256276457 0.753793418448426 1.45264864722366 1.19659661770506 1.94757002372327 2.21467041635675 2.2350579002019 4.01881243148879 1.34919177887126 0.428282935120117 7.25381192784547 2.34496118072695 3.01122231412291 0.88572185916133 0.979296008330533 2.20278580417504 2.64108144798911 1.21452876025971 0.36072392466606 0 0 0 0 0 0 0 0 0 0 0 0 0 0 0 0 0
10.1412881643189 0.182979351844499 3.75251449937469 0.237137343240085 4.56357590545624 3.2234602283228 1.32156111536049 2.42072038883032 0.534261370796657 4.04817220290151 3.13331224237127 1.6283614273598 3.70423709129834 7.26502361593024 2.16684606540687 2.08058993675748 1.64297371642866 0.703017090836036 0.427785461989245 4.54556430726871 1.6029104884757 0.470909514100054 0.256341964713512 1.09918392743799 7.25032268571159 1.53312516526947 9.14066606029448 2.32932691936773 8.6454156147506 0.17783820180111 0 0 0 0 0 0 0 0 0 0 0 0 0 0 0 0 0 0 0
0.526678072790864 1.30756593748644 1.29661602633002 6.27732367081662 5.17615366061052 5.31716017991126 3.3571695593681 0.541550431115635 2.79652250150378 3.0036153692899 6.36408954564953 0.563289513213906 0.717587067307257 4.98302744226718 0.975609396283843 1.97758589294593 3.30083851795314 4.92682100782154 0.80666140050066 0.715336201820005 1.23938492868822 2.18108787109009 0.384040592652571 7.16489814548183 3.6735414369273 1.54684598384714 1.47795101633806 11.6254637978133 0 0 0 0 0 0 0 0 0 0 0 0 0 0 0 0 0 0 0 0 0
2.59918906056119 4.45990009166957 13.9748961191867 4.37989822141328 2.30316778536877 1.39484039887378 7.14816341180704 2.73096535147326 5.85478676423091 0.71948300110652 0.0809954800858622 2.10446920869991 3.4863384417241 2.87153070572268 0.861072429010759 1.25692716020383 1.25514186772419 1.6102234961107 0.333930426293197 0.209220989401278 0.728285954068485 2.36154092857034 0.418807187549308 0.0143771292900924 2.20002973852618 0.0175106224414305 0 0 0 0 0 0 0 0 0 0 0 0 0 0 0 0 0 0 0 0 0 0 0
0.392261187467234 5.89177965404369 2.3431346361677 2.90739178936227 0.058879005041102 0.212849446664168 0.124942048296546 2.9258173579648 0.774640720126478 1.03793886793024 0.790894709736986 1.99373487215745 4.41328391879109 0.374612162781202 0.550518703793818 1.20645449747405 1.40029066189531 1.27077287165926 1.47369042916763 0.869126826426123 3.91153461218747 1.00155412707803 0.469387978907036 0.0494477762546616 0 0 0 0 0 0 0 0 0 0 0 0 0 0 0 0 0 0 0 0 0 0 0 0 0
7.03972206664405 2.60809048534724 2.61256528440795 0.741913444515742 1.47008999554829 4.34568309263425 5.07067209523867 2.32560107705886 1.9958288691231 0.0175741785884653 7.96523403186688 6.70058003615064 1.08088663667087 10.632563273505 5.30287644013647 3.23590528486475 0.445930981515699 1.12613670550981 0.514905901245803 2.66677144156926 3.34138591937872 2.26345539183423 0 0 0 0 0 0 0 0 0 0 0 0 0 0 0 0 0 0 0 0 0 0 0 0 0 0 0
3.78796710784791 3.83136011083422 4.6329477986452 2.37671448155021 0.711729526941258 0.713920504645289 1.3261484617007 2.12162464550169 7.40681646212627 1.23168879566693 0.283928405319183 2.25384774768221 3.52607494367175 0.952558117909981 1.88584828100242 1.32014109782819 4.82695653360832 0.0215108356632453 0.202892315519104 9.44706656181303 0 0 0 0 0 0 0 0 0 0 0 0 0 0 0 0 0 0 0 0 0 0 0 0 0 0 0 0 0
0.101035091202985 0.971919408995955 0.694769252032352 8.05021597760951 1.20553356661854 7.55918315202289 1.85789027851067 1.48508687943345 3.55579483741024 0.237271617558699 2.45753244726172 0.367054818422547 0.920390646347914 2.470392772478 0.687742405113557 2.0218353263499 1.39220134873837 6.15280024878957 0 0 0 0 0 0 0 0 0 0 0 0 0 0 0 0 0 0 0 0 0 0 0 0 0 0 0 0 0 0 0
0.186534000519767 0.362875663061124 3.14816160426719 1.72616848044314 1.22067803510646 1.02982440053726 3.53083465219578 4.15896724642932 0.950070952717454 2.4909804006373 1.19662821775734 3.23286644989219 1.18797056444342 2.76832336601494 2.8938402175995 1.32405053715515 0 0 0 0 0 0 0 0 0 0 0 0 0 0 0 0 0 0 0 0 0 0 0 0 0 0 0 0 0 0 0 0 0
0.622864461673838 0.800869086747088 2.72468193702953 1.34250363533059 2.76304543933301 3.08032094685682 0.382665541621937 2.03429739304584 1.81003187987824 2.41867439974344 2.63366764804069 0.993393013799019 2.56476994510418 0.134034945733161 0 0 0 0 0 0 0 0 0 0 0 0 0 0 0 0 0 0 0 0 0 0 0 0 0 0 0 0 0 0 0 0 0 0 0
0.148362214112233 0.713076656979378 2.12614223698384 0.585272736705844 2.08885237959437 2.55676706556764 0.738279104103787 1.55557135763858 1.76559912754618 0.765423912950134 0.379074974859509 0.880791037844598 0 0 0 0 0 0 0 0 0 0 0 0 0 0 0 0 0 0 0 0 0 0 0 0 0 0 0 0 0 0 0 0 0 0 0 0 0
1.34469091917442 2.22959489159561 0.272196917204535 2.14011500012398 0.51972781634488 1.67114781078914 4.82120167714554 3.68660892574821 6.53877166132825 0.134467228204473 0 0 0 0 0 0 0 0 0 0 0 0 0 0 0 0 0 0 0 0 0 0 0 0 0 0 0 0 0 0 0 0 0 0 0 0 0 0 0
1.95235733410678 2.15428877852538 7.96113326118641 4.13196861116578 0.807481685429209 2.15327619168473 7.69868850974052 5.22883445578938 0 0 0 0 0 0 0 0 0 0 0 0 0 0 0 0 0 0 0 0 0 0 0 0 0 0 0 0 0 0 0 0 0 0 0 0 0 0 0 0 0
1.01637486810196 0.289974310819739 1.35058166807127 4.28574331997775 0.0636345054261611 14.3788005985965 0 0 0 0 0 0 0 0 0 0 0 0 0 0 0 0 0 0 0 0 0 0 0 0 0 0 0 0 0 0 0 0 0 0 0 0 0 0 0 0 0 0 0
3.04453961766095 1.89644496046175 6.47319248691068 0.189956079819521 0 0 0 0 0 0 0 0 0 0 0 0 0 0 0 0 0 0 0 0 0 0 0 0 0 0 0 0 0 0 0 0 0 0 0 0 0 0 0 0 0 0 0 0 0
0.498263485133214 1.78832813697275 0 0 0 0 0 0 0 0 0 0 0 0 0 0 0 0 0 0 0 0 0 0 0 0 0 0 0 0 0 0 0 0 0 0 0 0 0 0 0 0 0 0 0 0 0 0 0
