0.181838523564392 0 0 0 0 0 0 0 0 0 0 0 0 0 0 0 0 0 0 0 0 0 0 0 0 0 0 0 0 0 0 0 0 0 0 0 0 0 0 0 0 0 0 0 0 0 0 0 0
2.74103415266709 4.87318191587522 0 0 0 0 0 0 0 0 0 0 0 0 0 0 0 0 0 0 0 0 0 0 0 0 0 0 0 0 0 0 0 0 0 0 0 0 0 0 0 0 0 0 0 0 0 0 0
0.90948343195281 9.39160392380236 0.871145605445221 0 0 0 0 0 0 0 0 0 0 0 0 0 0 0 0 0 0 0 0 0 0 0 0 0 0 0 0 0 0 0 0 0 0 0 0 0 0 0 0 0 0 0 0 0 0
6.74412728739145 0.599359731421746 0.171494206712622 2.2957869921275 0 0 0 0 0 0 0 0 0 0 0 0 0 0 0 0 0 0 0 0 0 0 0 0 0 0 0 0 0 0 0 0 0 0 0 0 0 0 0 0 0 0 0 0 0
11.7491411167923 0.0851017921129579 4.35040377502348 4.18207443936753 1.35433237579633 0 0 0 0 0 0 0 0 0 0 0 0 0 0 0 0 0 0 0 0 0 0 0 0 0 0 0 0 0 0 0 0 0 0 0 0 0 0 0 0 0 0 0 0
0.589759791993271 10.1185794280635 2.51663247301537 3.83187481003331 5.96413243972604 2.28198274976479 0 0 0 0 0 0 0 0 0 0 0 0 0 0 0 0 0 0 0 0 0 0 0 0 0 0 0 0 0 0 0 0 0 0 0 0 0 0 0 0 0 0 0
0.0510298723920679 1.68826822438942 1.11366985763019 4.82741950335598 2.71384398784115 6.855155919448 1.51356961740691 0 0 0 0 0 0 0 0 0 0 0 0 0 0 0 0 0 0 0 0 0 0 0 0 0 0 0 0 0 0 0 0 0 0 0 0 0 0 0 0 0 0
1.44209935159643 6.84017414857761 3.54750484568601 2.08285074507385 0.672018949767046 4.67504254356935 2.974381187414 2.90988460991496 0 0 0 0 0 0 0 0 0 0 0 0 0 0 0 0 0 0 0 0 0 0 0 0 0 0 0 0 0 0 0 0 0 0 0 0 0 0 0 0 0
0.275811353507896 0.869578377976418 7.10995347574158 0.75591043634931 0.259910478609326 4.89220536929869 5.74302887102095 0.714436611041466 0.0319968344782403 0 0 0 0 0 0 0 0 0 0 0 0 0 0 0 0 0 0 0 0 0 0 0 0 0 0 0 0 0 0 0 0 0 0 0 0 0 0 0 0
0.204025483835371 0.65371389791859 4.00342115759816 2.9275496511873 0.00855383705486146 5.75864487183643 0.210533386451871 4.05396854970621 1.97982134507609 1.85042363526867 0 0 0 0 0 0 0 0 0 0 0 0 0 0 0 0 0 0 0 0 0 0 0 0 0 0 0 0 0 0 0 0 0 0 0 0 0 0 0
0.295058674169792 1.08854773031 1.92603115550009 2.2102422949685 6.34664241486277 0.748553549727619 2.10170965982902 3.83852763490489 0.684545232195171 0.212836620928045 4.88742468418237 0 0 0 0 0 0 0 0 0 0 0 0 0 0 0 0 0 0 0 0 0 0 0 0 0 0 0 0 0 0 0 0 0 0 0 0 0 0
5.06439077041779 3.81254324114919 3.28039357745382 0.422532646418942 2.37427682860192 1.4481365260726 3.3990033909972 2.86058164140222 4.36105543854273 3.57489383189614 0.212290940300031 0.154305083599128 0 0 0 0 0 0 0 0 0 0 0 0 0 0 0 0 0 0 0 0 0 0 0 0 0 0 0 0 0 0 0 0 0 0 0 0 0
2.06419332371198 9.1188948815607 1.92091079957176 5.59040298561605 1.36056509730978 1.28857871684851 3.75975174851861 6.6603211602501 2.87493455523629 6.34529742534383 1.47722608708367 2.94409682471914 1.11686527670912 0 0 0 0 0 0 0 0 0 0 0 0 0 0 0 0 0 0 0 0 0 0 0 0 0 0 0 0 0 0 0 0 0 0 0 0
1.16328749746669 0.504614903830106 0.113570600246071 0.271496219754966 4.28989193903291 1.80188464217136 2.3691935907442 4.16258103720048 0.544744533529003 0.52983735411879 2.59192851392616 0.101392018276583 3.54318618717656 0.336018729008707 0 0 0 0 0 0 0 0 0 0 0 0 0 0 0 0 0 0 0 0 0 0 0 0 0 0 0 0 0 0 0 0 0 0 0
4.07958083568872 3.78061821781664 7.83845582584605 0.390019249942262 6.2132727821632 2.9954481364629 2.39714558314021 1.59179707277511 0.509009075938312 0.0874592767644591 0.814255155244104 2.64248403444545 0.770018370543766 3.50447141985483 0.242662543764401 0 0 0 0 0 0 0 0 0 0 0 0 0 0 0 0 0 0 0 0 0 0 0 0 0 0 0 0 0 0 0 0 0 0
1.8599214089351 3.94238367547797 0.186181508642194 1.34288629349255 0.777830153436753 2.55989012863987 4.50843377748549 3.49010463459137 1.14775313584728 0.833466750237236 3.14526998548421 2.81046422251118 1.72232756264131 2.51363166727411 4.28068708220516 2.92001957678467 0 0 0 0 0 0 0 0 0 0 0 0 0 0 0 0 0 0 0 0 0 0 0 0 0 0 0 0 0 0 0 0 0
0.238180302665452 3.17276427202954 2.70055819659874 1.80012473415293 0.796285790175696 4.57431469007046 3.46927220665844 0.135736438172481 1.10992947759187 6.45851049151433 1.84872757178083 3.86366348912403 0.656806258159279 0.544650454711437 6.5405887852429 0.0563324018645025 2.14376532450555 0 0 0 0 0 0 0 0 0 0 0 0 0 0 0 0 0 0 0 0 0 0 0 0 0 0 0 0 0 0 0 0
0.91726166622943 0.324309450002363 9.49498894002526 0.320057417502622 1.83944912458005 2.21122399481966 1.76064072105427 0.313570329087727 3.23102915555578 0.0949208923985634 2.03324732036681 0.304594389698015 1.50116805663636 1.21522433981744 0.939028127961889 1.65281050112661 3.83074893385716 1.38991619086787 0 0 0 0 0 0 0 0 0 0 0 0 0 0 0 0 0 0 0 0 0 0 0 0 0 0 0 0 0 0 0
0.475679096108808 1.45582300754833 1.73078925830751 0.0966222850801339 6.65278948364959 0.19151683127627 0.621079646296569 1.41095750055133 10.0744152413299 3.77050816227192 0.903780987549329 0.00212023791391272 1.04400957141183 2.70439399832881 2.9115739489648 2.73399098072435 2.22254638889987 1.29418215054355 5.8890505946436 0 0 0 0 0 0 0 0 0 0 0 0 0 0 0 0 0 0 0 0 0 0 0 0 0 0 0 0 0 0
0.331298870598059 3.2607375685849 4.2224027469606 0.403587820241059 0.489000187983831 2.27821324249159 0.743219063820155 1.11628812088104 1.31288459799584 0.129155150484631 0.43446604607079 7.84489605893402 3.95155297858445 0.140649871540579 2.38821719072038 1.94435707896936 3.28069898286823 1.27978340753948 0.213098895506841 9.40207149088674 0 0 0 0 0 0 0 0 0 0 0 0 0 0 0 0 0 0 0 0 0 0 0 0 0 0 0 0 0
2.22502383400319 1.32894030188384 1.14059575939876 1.04385930368833 0.576997669555569 2.32118441697582 1.77362561533594 1.49297293529502 0.9344074484629 0.723904309156303 0.353562701714637 0.540721755711005 0.738602500565711 0.340626805220501 2.09398448385496 0.380653843922628 2.96998819602166 1.09086640663857 0.778958895896896 1.92923061341665 2.42152467610026 0 0 0 0 0 0 0 0 0 0 0 0 0 0 0 0 0 0 0 0 0 0 0 0 0 0 0 0
4.15990305004661 0.501063031343769 1.9100164473778 0.893126078442734 2.95113651422121 1.07325978361682 1.44074915390017 3.55420496787576 3.86799819726108 2.10294883462139 0.009664309090635 0.184910263824913 2.52780392182354 4.04215468478863 8.60223745347942 4.66436114394661 0.280985675571937 0.332999518580588 1.4195584187159 0.512860714586026 2.58134653288795 0.546685015048105 0 0 0 0 0 0 0 0 0 0 0 0 0 0 0 0 0 0 0 0 0 0 0 0 0 0 0
0.430618926671555 0.460924371079528 2.71211202397398 3.6808000721166 0.313859583182085 0.49391563410582 2.4913902681599 0.126628149576317 3.3237105274096 0.286485831400319 0.800922486440985 0.82365063116055 1.78653057942304 0.610963429091082 0.456600352820142 1.42700062571903 4.1018721539338 5.77150689178367 0.884763287702395 1.22692687979605 0.145468113135083 0.0107677382838103 3.57688013916476 0 0 0 0 0 0 0 0 0 0 0 0 0 0 0 0 0 0 0 0 0 0 0 0 0 0
0.487830018529697 0.188844314310636 0.968162287126353 2.02670828228823 3.348412627309 1.64665831111903 1.57578688207596 4.22540533643064 0.691266630762749 1.65405911935696 1.00431281610949 1.12090263261174 4.24373865493756 3.08018734234025 3.84445297658021 3.75081333570327 2.48807085459825 2.82232190696005 1.64718140954246 1.49649379749197 0.306292926464047 1.30456776215403 0.342258874681858 4.3871042124155 0 0 0 0 0 0 0 0 0 0 0 0 0 0 0 0 0 0 0 0 0 0 0 0 0
0.820241016071567 0.478178540196337 0.171344546653001 1.95457351360511 2.1301082320656 4.33787532914071 3.70861309101305 0.56177310242201 0.0181099997816086 0.300687749556206 1.48933733600574 3.02504090061583 2.61340303181098 1.38462624388187 0.051353956324533 1.00870604845048 9.30043576699227 0.333620235135636 9.82735342778147 0.91747622301538 8.33978903148452 4.11722483033512 0.174386408794538 0.108338368760248 0.339700789842131 0 0 0 0 0 0 0 0 0 0 0 0 0 0 0 0 0 0 0 0 0 0 0 0
4.07649352872035 0.656354044841396 0.469812326170095 0.273113888544054 2.26893626862716 2.42010988645643 0.848384919933656 1.79002011963856 2.52751364788221 2.31068297958069 1.59745442338209 4.24487885909455 0.413251982676701 3.83066238913086 1.69695100568713 1.16475130861433 1.39735085761911 3.28292393668482 2.12041187620132 0.986554592562289 0.692124147754458 2.63888705571122 4.4187579244412 1.83526332315425 0.411244574506244 4.17307059564902 0 0 0 0 0 0 0 0 0 0 0 0 0 0 0 0 0 0 0 0 0 0 0
9.49345165231313 2.22419348060076 1.61679680072445 1.63335749813576 0.19564931938099 1.27606910135577 0.61793174925324 3.99472244910197 1.13327975129955 6.68193214946872 0.637199952123213 2.04973764621277 1.22139034430376 1.1427170376847 1.78600352786946 0.917390761078648 0.90817427815045 0.595479492617007 1.9159696054311 0.123007546004305 0.0057544115090048 0.107613845527128 0.0113496837185666 1.53517872314437 0.627059997658825 0.935652565074009 1.9343181755858 0 0 0 0 0 0 0 0 0 0 0 0 0 0 0 0 0 0 0 0 0 0
1.72374942195222 0.836164385725041 0.136537010017784 3.65414081111411 0.917164407114706 2.91606743531528 0.147472432238509 0.215258944529719 2.33103001734645 1.55077296921903 1.00956160162283 0.031652888208987 0.259888054111335 3.47415462394367 0.647061681206183 5.64866470953735 0.224879030419798 6.8893599411566 1.29135220933308 1.35630333841689 0.858579383852714 0.505246328253085 2.27052667337952 2.38526180758179 5.50965421328717 1.94327392026692 0.876428502984134 2.31070796494577 0 0 0 0 0 0 0 0 0 0 0 0 0 0 0 0 0 0 0 0 0
5.84834172492933 1.60863473566685 3.13316709068678 0.90466529856355 3.7327156283594 6.47655398104426 1.1972074932772 1.2626131842933 1.92260398127742 3.64200838837871 0.948608755149364 2.58678599990114 1.71195184040724 2.87354450457045 1.67829948352771 0.302998397426674 1.63967154649067 4.39617347989635 1.59499845520121 1.64841871061761 0.20701632661349 2.43929303628981 0.16039385884898 0.227685996416269 5.81030113991959 0.962789872273358 3.68403246447834 1.67218175031869 0.786422575016574 0 0 0 0 0 0 0 0 0 0 0 0 0 0 0 0 0 0 0 0
0.747075048534658 9.02298572850255 0.153287525808659 0.713459680581096 3.39001906293602 2.53598358164977 1.28570650607283 10.4724290666785 0.349216647754436 0.75952263807936 0.293572456733536 2.77975692774872 0.897316718699561 5.26318242285021 0.0833878895496478 5.98576377598093 1.54701020621931 3.24664823448426 0.484776027937426 1.11852975876793 1.15608836219589 3.38352963482118 3.07101549488677 6.39604868119115 3.4873941679602 14.6809042911017 0.403881937721336 0.418019217946177 1.68361156602333 1.4877916087201 0 0 0 0 0 0 0 0 0 0 0 0 0 0 0 0 0 0 0
1.29356288992473 3.58541485552548 3.79578162220403 0.892209301078573 2.32387472839932 1.95112369489915 8.67207848103185 0.654379468420497 2.46992234495159 0.111021899571908 1.76572910883202 0.472306151960016 1.96342531760416 0.609284108623264 0.556768823345659 1.09220319575248 1.52101171942474 3.81074430672633 0.5045179225803 0.557490908471377 1.25126502810397 0.157901319869352 2.00488408818857 0.170509562717535 0.0207418956384419 0.00860456578545795 1.92341949458532 0.932429903825953 1.69036051095623 1.67089971104765 2.24873356742212 0 0 0 0 0 0 0 0 0 0 0 0 0 0 0 0 0 0
0.163442451518535 7.3173407016567 3.22558088253234 2.27278988259713 3.29787165699544 1.85880082544244 1.45575578347123 1.16214353613404 3.40484807097065 1.48346860942936 1.89880531398859 2.13712433768209 1.70788954796069 2.71719992556955 2.72927977411192 4.02185745340491 1.84601307717639 1.09969032420887 0.0377829762327011 8.94863181650543 2.01095358375043 1.10961213486525 1.76323276754602 0.590444807773849 4.6807838681574 2.85560525487399 7.17008177952593 0.0873599956059956 1.60132947245729 1.94224090131939 3.55349212656456 2.08337408808284 0 0 0 0 0 0 0 0 0 0 0 0 0 0 0 0 0
1.72994377840176 3.25498436890116 10.4851265581878 1.82718932855813 0.0442280279833471 0.595967398202238 1.49952306708599 6.45148458056614 0.235403083441245 3.55027914596975 1.76409800196688 0.387957400834263 0.912900923596773 0.724852623376707 2.18607035041698 0.0438539655168555 0.601746476644344 2.64559309886677 1.45539037844861 0.0614777921201961 2.83528965994679 0.724056039412615 0.0577281440125558 2.23148232526656 0.732736717569908 0.546367723724467 3.34049507264017 5.30487563710133 0.812749590534252 0.141205935733362 0.547051925556277 2.61717538028433 1.17595874942191 0 0 0 0 0 0 0 0 0 0 0 0 0 0 0 0
3.44348725658884 6.55246876164762 1.31755064743998 2.34057376971958 1.55032901899053 2.53163192506882 0.241085279092671 0.231723576547153 1.44520403481873 0.0148394642507515 0.242609813951329 4.01133674438362 0.412490211795408 4.37631400015238 0.69279081756107 3.00986653270425 0.760340082749752 0.217037058672198 1.19525726525804 0.0496231113393422 0.611355577557932 2.41661063092492 2.16437545995363 0.382553846068592 1.38077835899403 5.21407436374852 5.35219016425956 0.143941631054163 2.25775259996226 0.564539577787542 2.98052343505682 2.54595811314982 0 0 0 0 0 0 0 0 0 0 0 0 0 0 0 0 0
0.372460831278735 3.58087217397122 0.633222422797334 4.21425200535353 0.22230536665794 4.88487597637027 1.03860478399203 0.735732774459682 3.28111127358287 0.782423828046064 0.240503679389298 0.0431857994682019 0.293896100418561 0.51163626942291 1.86428915178294 0.18138001065646 5.10799571861669 0.251675342210435 8.66741765228663 3.14590536886932 5.28201521290136 2.14906638310049 1.34255515781719 1.46144141732764 0.283911886319112 4.76258190058551 3.63193960372134 0.486738150425235 2.78280373696245 0.960737069823713 0 0 0 0 0 0 0 0 0 0 0 0 0 0 0 0 0 0 0
1.33439127001623 7.71163219441102 3.76419883899047 6.24907396946736 1.42869251859439 1.11463831507687 3.60461517385118 0.520275013521801 0.798741875083567 0.382118351646886 0.179505487289499 5.40947448292854 1.74087337336464 1.39840253510626 1.43746827196808 6.64983641742322 0.0682559980954618 2.08921602335422 0.954349652947324 1.10905581110569 2.30966348488149 2.55843157094872 4.80721378914506 4.98568096833946 0.0664084590429422 1.91982391392344 6.15234886460306 0.952098869069682 0 0 0 0 0 0 0 0 0 0 0 0 0 0 0 0 0 0 0 0 0
1.99214547959085 0.997534749090465 3.70564252806906 0.824259894872679 1.75802903573588 1.10421957192359 0.486722771350993 0.155333384832836 0.643963573494495 0.064649796994713 2.15789382037291 1.76525113281885 0.454272826717704 0.214177188350416 0.44824611155106 1.43739654077778 0.899397436172901 0.173462846462358 5.37500559490848 1.01080675298082 1.03847319467605 4.06104824081511 1.92175977936779 4.89141285893859 2.14634448239104 0.0242318251509421 0 0 0 0 0 0 0 0 0 0 0 0 0 0 0 0 0 0 0 0 0 0 0
0.850004422210457 1.10830105680225 6.15249074806835 0.515694877212686 0.795596099341829 2.6379236358463 0.7050112629475 3.54799327713938 0.507507785672829 4.96883419938057 3.4727882499549 2.46712727070349 4.26678304058914 2.38617531836579 0.298866977200405 7.0337869041056 0.511310561086138 4.58505292620467 0.28517891024302 2.03673947304936 5.54429377154939 2.23980163807313 0.738891444917493 0.00428383092126364 0 0 0 0 0 0 0 0 0 0 0 0 0 0 0 0 0 0 0 0 0 0 0 0 0
0.667622561128578 4.82847911935579 0.413078819292321 2.29853327584935 0.709702778348595 0.0429474351376301 0.341546741601752 0.456313155556218 1.81723944304135 0.258601103608741 0.128128957487842 1.00165399722091 1.88070450777518 0.724428602173197 0.38429452545714 2.59978966717141 0.486836672537967 0.327941310850221 0.378905110806738 7.8359068945601 2.11728062077304 1.93009877936513 0 0 0 0 0 0 0 0 0 0 0 0 0 0 0 0 0 0 0 0 0 0 0 0 0 0 0
0.862223890871925 0.958896156973503 2.36453967129097 0.108192227715428 0.595069735832144 0.335345361572594 1.47280798368661 1.76445860547924 3.53634776636133 1.99388052811625 0.395787541496839 1.53983910676852 0.447093575392823 0.573110189395371 1.9972803965823 2.67483872530878 0.825312383999659 2.97487818926752 0.277740268904589 5.73669848019677 0 0 0 0 0 0 0 0 0 0 0 0 0 0 0 0 0 0 0 0 0 0 0 0 0 0 0 0 0
10.6302282967156 0.0737230646456842 3.16477996473343 7.62891321453087 5.71320233717877 7.03147455130254 2.10814120033811 4.31199820323512 0.692621828015326 0.278916326280651 1.15822611839003 8.06120849382756 4.76360405025659 0.6948462224101 5.11504097557763 3.87458185430009 4.20294245511394 1.86378831091205 0 0 0 0 0 0 0 0 0 0 0 0 0 0 0 0 0 0 0 0 0 0 0 0 0 0 0 0 0 0 0
2.5043102328377 1.08793772869312 2.52408866130334 2.25495246897476 17.7496726253791 1.0952197147393 1.46619404103149 2.16773994582651 0.643658429449836 3.17687244427067 3.936148184859 4.05532143894285 4.35022906473271 4.94620367093104 6.4314120735519 5.6602308671867 0 0 0 0 0 0 0 0 0 0 0 0 0 0 0 0 0 0 0 0 0 0 0 0 0 0 0 0 0 0 0 0 0
2.66217242325867 0.70138541268645 0.213564926405484 1.48953681396441 3.034852043415 0.882940650643347 0.237195317241767 0.0557720297012101 2.86467490803303 0.154806764322424 5.86888510255 0.466761066470918 2.9521231474709 0.945579559802805 0 0 0 0 0 0 0 0 0 0 0 0 0 0 0 0 0 0 0 0 0 0 0 0 0 0 0 0 0 0 0 0 0 0 0
3.2285230438693 0.393884935713675 1.15255001323951 2.94744189074339 3.38951840788606 2.34272892503529 2.0743046754265 1.88473278215981 1.09121378153686 2.25450578907128 0.712414679682403 1.36349912023293 0 0 0 0 0 0 0 0 0 0 0 0 0 0 0 0 0 0 0 0 0 0 0 0 0 0 0 0 0 0 0 0 0 0 0 0 0
7.47125912705284 0.631842091082354 0.584397686084292 2.50111921827967 1.24107135653001 2.23411674727928 1.31470440712816 0.0170688980430356 0.940698799216504 0.722109553600745 0 0 0 0 0 0 0 0 0 0 0 0 0 0 0 0 0 0 0 0 0 0 0 0 0 0 0 0 0 0 0 0 0 0 0 0 0 0 0
10.1048270393004 0.59461155410386 0.178149976970649 0.910440726398064 0.546737510137012 1.89489703484815 9.13411327664875 14.3020555286916 0 0 0 0 0 0 0 0 0 0 0 0 0 0 0 0 0 0 0 0 0 0 0 0 0 0 0 0 0 0 0 0 0 0 0 0 0 0 0 0 0
4.72040537437227 0.737930439001356 0.514206399143883 0.456362322377353 12.2633921454724 0.785090182670583 0 0 0 0 0 0 0 0 0 0 0 0 0 0 0 0 0 0 0 0 0 0 0 0 0 0 0 0 0 0 0 0 0 0 0 0 0 0 0 0 0 0 0
0.281933605353496 1.22259864903691 1.74545402667995 0.926086341793576 0 0 0 0 0 0 0 0 0 0 0 0 0 0 0 0 0 0 0 0 0 0 0 0 0 0 0 0 0 0 0 0 0 0 0 0 0 0 0 0 0 0 0 0 0
0.009538363872407 0.399308142435651 0 0 0 0 0 0 0 0 0 0 0 0 0 0 0 0 0 0 0 0 0 0 0 0 0 0 0 0 0 0 0 0 0 0 0 0 0 0 0 0 0 0 0 0 0 0 0
