7.16577390786994 0 0 0 0 0 0 0 0 0 0 0 0 0 0 0 0 0 0 0 0 0 0 0 0 0 0 0 0 0 0 0 0 0 0 0 0 0 0 0 0 0 0 0 0 0 0 0 0
0.364044655334978 1.67921760723762 0 0 0 0 0 0 0 0 0 0 0 0 0 0 0 0 0 0 0 0 0 0 0 0 0 0 0 0 0 0 0 0 0 0 0 0 0 0 0 0 0 0 0 0 0 0 0
5.67167336703341 0.834175784596518 2.17783430800948 0 0 0 0 0 0 0 0 0 0 0 0 0 0 0 0 0 0 0 0 0 0 0 0 0 0 0 0 0 0 0 0 0 0 0 0 0 0 0 0 0 0 0 0 0 0
1.12121825347969 0.0983230697388475 6.81685323428007 0.334813870607026 0 0 0 0 0 0 0 0 0 0 0 0 0 0 0 0 0 0 0 0 0 0 0 0 0 0 0 0 0 0 0 0 0 0 0 0 0 0 0 0 0 0 0 0 0
5.13160588291082 5.76008491833084 3.58733839994554 0.458205868885025 6.21112088199579 0 0 0 0 0 0 0 0 0 0 0 0 0 0 0 0 0 0 0 0 0 0 0 0 0 0 0 0 0 0 0 0 0 0 0 0 0 0 0 0 0 0 0 0
0.601949061453334 0.351695991634582 1.96574346228227 0.452463719217247 1.12911246514381 4.92192110397079 0 0 0 0 0 0 0 0 0 0 0 0 0 0 0 0 0 0 0 0 0 0 0 0 0 0 0 0 0 0 0 0 0 0 0 0 0 0 0 0 0 0 0
1.76836938710515 0.413731126928022 2.4928023542266 0.566311691556171 0.364493716110239 1.08641363905078 1.28366185540565 0 0 0 0 0 0 0 0 0 0 0 0 0 0 0 0 0 0 0 0 0 0 0 0 0 0 0 0 0 0 0 0 0 0 0 0 0 0 0 0 0 0
0.394114073061893 6.34404320730009 1.60096866338735 2.38709775051563 2.17630474176268 2.66036541859726 2.23055474406397 2.69079675778824 0 0 0 0 0 0 0 0 0 0 0 0 0 0 0 0 0 0 0 0 0 0 0 0 0 0 0 0 0 0 0 0 0 0 0 0 0 0 0 0 0
0.782168924315537 1.22301589568139 1.25361748670025 0.951633306183378 0.689748611002368 9.31337363756295 0.404076276150259 2.34384142319073 1.64545740420095 0 0 0 0 0 0 0 0 0 0 0 0 0 0 0 0 0 0 0 0 0 0 0 0 0 0 0 0 0 0 0 0 0 0 0 0 0 0 0 0
0.229929272870626 0.00605041335720673 1.709350859957 3.11990992725813 0.746023815385806 2.44745435707956 1.91185777258284 3.44015749110607 1.99505646549713 3.45523308378711 0 0 0 0 0 0 0 0 0 0 0 0 0 0 0 0 0 0 0 0 0 0 0 0 0 0 0 0 0 0 0 0 0 0 0 0 0 0 0
2.1124882655313 1.68643381284895 0.631918025692485 0.077129653203024 3.91024816011545 0.211509671966244 4.65582782124608 3.02206508427464 3.15632980871665 0.215917508916429 1.34855185824823 0 0 0 0 0 0 0 0 0 0 0 0 0 0 0 0 0 0 0 0 0 0 0 0 0 0 0 0 0 0 0 0 0 0 0 0 0 0
0.847621793243417 4.96833920416886 1.54476246884791 0.540628859738519 0.191844332763443 0.940001872929613 2.51530276044834 0.22247391750063 1.88778213410019 2.37618911465715 2.06259240226815 0.00873252451851491 0 0 0 0 0 0 0 0 0 0 0 0 0 0 0 0 0 0 0 0 0 0 0 0 0 0 0 0 0 0 0 0 0 0 0 0 0
4.8257608826296 0.134173593882464 0.140188322081487 0.538081989877708 2.96146819047715 6.30036730978927 0.0745980465219315 1.93068096616506 0.789443284673216 0.174122005944741 3.204492921182 0.557887706316244 0.23180295560345 0 0 0 0 0 0 0 0 0 0 0 0 0 0 0 0 0 0 0 0 0 0 0 0 0 0 0 0 0 0 0 0 0 0 0 0
0.182041000565842 0.968322356467383 0.639052010875055 5.1838766696158 0.499557350824559 1.04148085920281 5.96734877010723 1.5702596845882 1.53168500501926 2.25577079527736 0.799709208582425 3.14915921713997 2.19036048404941 1.96046549398386 0 0 0 0 0 0 0 0 0 0 0 0 0 0 0 0 0 0 0 0 0 0 0 0 0 0 0 0 0 0 0 0 0 0 0
0.0909302322817581 2.86412605014374 0.294393748298696 4.49803063988728 3.8431888808665 2.37900783533776 0.101978635299311 9.16079521870443 2.84069308378031 0.732288650655749 1.0621860129846 4.49563009727744 6.4295182340638 2.06321093963736 1.69883424083947 0 0 0 0 0 0 0 0 0 0 0 0 0 0 0 0 0 0 0 0 0 0 0 0 0 0 0 0 0 0 0 0 0 0
0.96922669027547 4.77848562033407 0.187023943218774 0.647199832247121 0.551839840491225 0.557472886582572 2.73447241690693 5.30289271132215 1.03439110580177 1.81083453101053 0.426901674331951 1.69406141705545 0.618731281488301 1.94043244370977 0.932669833299078 2.38584922596105 0 0 0 0 0 0 0 0 0 0 0 0 0 0 0 0 0 0 0 0 0 0 0 0 0 0 0 0 0 0 0 0 0
0.262585284560894 0.51012002454895 1.70729550712195 2.09000622411372 0.723739926107443 2.32954075385998 0.56912144594977 2.3251882605302 0.0372744578940727 3.0866520975793 2.95593387000355 0.0686224675040093 0.236887423953456 6.12369180197002 2.13452879641875 5.55968349088528 1.76674434451551 0 0 0 0 0 0 0 0 0 0 0 0 0 0 0 0 0 0 0 0 0 0 0 0 0 0 0 0 0 0 0 0
5.36078939365977 0.368863549316881 1.57998120993079 2.92383375309232 2.31986420504594 3.59855866276886 0.999608381963777 4.40726802596286 0.337522632268167 0.718202638952277 3.24536705103659 3.54259290467383 2.17204803732222 2.06034948869836 4.45782107397105 1.37097516846103 1.96391555171616 0.504354003249568 0 0 0 0 0 0 0 0 0 0 0 0 0 0 0 0 0 0 0 0 0 0 0 0 0 0 0 0 0 0 0
0.36525023527453 4.36684566707583 1.18489524107173 1.1682968590445 1.38246752276088 0.288841344341629 2.93167165479036 1.75191794459253 0.476761651936137 1.289070755205 1.05044645495232 1.56102308650258 0.676145022800087 1.40400238842301 2.63099814609068 3.15577680827474 2.53567662471455 7.77906872673488 3.30634628562137 0 0 0 0 0 0 0 0 0 0 0 0 0 0 0 0 0 0 0 0 0 0 0 0 0 0 0 0 0 0
0.864440141095928 4.48265328304381 3.61891463560118 5.41556287293249 0.368774414425326 0.0806665661518318 1.21229912014361 0.721587197219305 1.70850551503222 5.54700202871974 0.124566395746377 6.97274753652314 1.99962514721105 2.82325017335687 2.40809094339313 4.46337834288722 0.820349085996788 0.0826243525995867 1.12479087702063 4.0804506641371 0 0 0 0 0 0 0 0 0 0 0 0 0 0 0 0 0 0 0 0 0 0 0 0 0 0 0 0 0
0.455924492413401 0.0955071380800456 0.875503633804782 1.86549052067902 3.28069162847033 0.528155053602782 2.60829356547508 1.53028645040791 1.69179428859434 0.711755551199415 3.87592619014482 1.49278167808578 11.5745722221253 10.7064491730122 1.78587934271141 0.962165837966858 1.29964871259519 1.36280430719737 1.96988895937597 0.620798919551871 7.417722004072 0 0 0 0 0 0 0 0 0 0 0 0 0 0 0 0 0 0 0 0 0 0 0 0 0 0 0 0
0.260257987918846 5.18705552129072 2.61546552451524 1.7906212700167 1.10798807059597 2.94503010158608 0.395225923002907 2.85764015817127 5.14185784853091 0.811535307506521 3.809819112089 0.309049133108566 0.987559122681865 0.919390095377355 1.1681932675202 0.189662929039323 1.62291960114459 0.434913920942439 2.64313676208651 0.684307066481072 0.758874007465061 0.647008700745178 0 0 0 0 0 0 0 0 0 0 0 0 0 0 0 0 0 0 0 0 0 0 0 0 0 0 0
1.63646131985692 0.978444502442541 6.76182609098371 1.6451745219685 2.45324775571352 5.32018070672228 1.81891888586485 3.98702426430572 1.82339307508786 0.179727677575199 2.17644089051938 2.47433031634213 1.6698912735217 1.06914150989691 0.328035805562696 1.37097161845912 2.25868509842039 0.67130392623497 1.52608946579221 0.519506709084308 2.08627916502546 4.96507340405783 0.909527470598803 0 0 0 0 0 0 0 0 0 0 0 0 0 0 0 0 0 0 0 0 0 0 0 0 0 0
2.43653334413033 2.07800774694357 1.76202849912028 2.72318708499074 1.61096396522634 8.58505744555753 3.57822152496392 1.71238194405927 1.42088031129001 5.64323605595498 1.96690701286895 2.62953948997944 0.861896669530779 0.142274911659124 5.65837959221012 2.70927131761727 0.158016591522135 2.68228407464314 4.65122835146165 1.16192292079041 4.04041687363989 1.80091154093056 2.4059077343065 2.29533503758772 0 0 0 0 0 0 0 0 0 0 0 0 0 0 0 0 0 0 0 0 0 0 0 0 0
1.95276990131031 2.56991455585385 0.409472344876628 0.313432961243374 2.4026612231676 0.870847786296444 0.488675009412161 0.946403561277887 0.422544149301108 3.0144506837528 2.76916085077418 0.684045311908216 2.11490346382371 0.165801926773262 4.98200624958874 0.47978797442771 4.36366142769526 4.99744661028819 0.414228907492805 0.187555085586796 0.469237399394539 0.184270830645761 0.634247701940665 0.454132559799006 1.12589802579479 0 0 0 0 0 0 0 0 0 0 0 0 0 0 0 0 0 0 0 0 0 0 0 0
1.15472344578574 1.24501163195788 0.210283562577087 1.87360870347914 4.15706450518397 0.522347538995347 6.59751808145847 0.388964765443606 5.08874159380354 0.767406468901091 1.36748400047118 1.60833460127607 4.17218324986372 0.482813092750899 2.82428811955554 3.33155758180123 3.61988273978497 1.42181044865424 0.80759530377214 0.000594297380514949 5.08464325125257 2.443632841176 3.53401152376396 1.29927115836052 0.177668084589977 0.961923591276904 0 0 0 0 0 0 0 0 0 0 0 0 0 0 0 0 0 0 0 0 0 0 0
1.83974771543877 0.259404216706116 2.4276021091128 3.18265797347154 1.03634281917361 1.56330586464367 3.25704672267058 1.40767417644197 0.203713831403786 2.36798779114747 0.527318743032208 2.67206966856722 0.577749927946158 1.52985035535617 3.30601471539665 0.193004934830202 1.35353367147559 0.542713999533552 1.88564191137393 1.65967548612489 4.42553805750025 0.614502926395282 1.57373582245188 1.57852939894521 2.82922163837588 1.53846488417984 0.871163599741151 0 0 0 0 0 0 0 0 0 0 0 0 0 0 0 0 0 0 0 0 0 0
7.45636544166292 2.79465518596197 0.30353232511414 1.75292046754147 3.20808950542034 0.937380704696494 5.09293862260785 1.46808869999477 1.09994467930107 3.0597430788412 7.02088750782783 1.86070769445548 4.04590939086954 2.55573933880882 4.20656374020885 1.31410150486038 0.668891481620211 1.0243313596273 14.6703311305523 1.26497164507294 1.24798673581596 0.888118708388081 0.913380311516997 1.55672067621749 7.20482875768435 0.203589431729532 7.03361897704033 3.16242166509501 0 0 0 0 0 0 0 0 0 0 0 0 0 0 0 0 0 0 0 0 0
2.10039581993969 1.78185487180592 1.07553623981559 0.530357993873205 2.05760256498434 1.15411559251106 0.963195872674344 2.42262376078414 0.293932912681968 0.469538949475678 0.341737948908363 2.84954077057155 0.936348732816896 2.63762488188002 10.3128927120249 5.47892988254819 3.68235318201834 6.17159059465216 0.419831391507456 2.03310493073027 0.0827047596584902 0.194140480066755 2.72634943986154 8.73392567925804 0.524021409799726 2.08518620234237 0.562881596773867 7.15698270908825 0.458573530392806 0 0 0 0 0 0 0 0 0 0 0 0 0 0 0 0 0 0 0 0
0.907283654015771 1.14819149580668 1.37181477720556 0.300353277356321 1.62974489182092 0.602682447988762 0.651564196209457 2.36540510343447 6.29369496790802 0.0389662525355375 2.11732560472127 1.84816667185961 1.89839181097872 0.220639062353013 2.14250348050817 0.924520512124961 0.50293630523902 2.79632495301305 0.934192280889679 0.584600808934116 0.799985313018335 4.98104825887605 2.66848676410931 1.02516152955562 1.96788905707966 8.48389879388257 1.91345928139971 4.03167008026906 3.79447868202845 1.45325139120761 0 0 0 0 0 0 0 0 0 0 0 0 0 0 0 0 0 0 0
0.12537206584746 0.72154526753406 0.837390081924036 1.58471511851504 4.68423410464437 3.03600412786589 0.716276549299274 4.78208599680817 0.904599823343349 2.7726193577139 0.21146028007209 2.01519694715865 1.14415489603937 2.60996535756345 0.158375224493276 1.28270205397528 0.432765904130116 2.7677333117231 0.308403058326263 1.79886234345532 2.80694891030726 2.45403872649797 1.65205504278431 1.14469726649955 0.542874400679642 4.72721220320292 2.07988457923796 0.895324628750748 0.886717373043936 0.519833104066332 2.12507343128923 0 0 0 0 0 0 0 0 0 0 0 0 0 0 0 0 0 0
1.05451194525814 8.70504692768009 0.133321390957004 7.20284471416009 0.619183766405804 0.155181645895887 1.202477871095 1.75878115462206 2.37675748135885 2.65082429930882 0.384556136467115 1.57751385752166 0.244295899873815 4.87212846004542 0.63146819971212 0.564672596519918 7.81568644828541 4.02624395177042 7.50554663616792 1.7745513236097 9.09674574602697 1.82797474376701 1.65681639517711 0.243497470833982 1.74012504871724 0.116139560725511 0.799707475765717 0.242957786755231 1.62237278045288 1.50362688326991 0.484980300814951 13.7768082060724 0 0 0 0 0 0 0 0 0 0 0 0 0 0 0 0 0
3.50136800141374 2.75875513305264 4.19254098216262 4.4579328300369 7.63315059675886 9.32418043762425 3.24662663915139 4.28639569571233 3.55491228016167 0.430124539348193 0.775324189531133 1.9693381715447 10.595144906217 4.9636341216959 2.50378911703188 0.708218020009079 1.21044774853813 4.60415610474865 0.290594393131781 1.06489428533939 3.99893470837843 0.0171146516664016 0.052245461142693 3.28694875364372 2.74880076995287 1.14841823006018 2.34841937559085 1.4203572124379 0.318551564975073 0.118972668684887 6.5283914489944 2.00289779817501 3.75485525351725 0 0 0 0 0 0 0 0 0 0 0 0 0 0 0 0
1.27762647533615 0.239298366770932 0.344264017834242 0.516972242271172 0.647172208606591 0.748626873848643 2.12594092889339 1.0020226993049 0.309247729741114 0.33504312995224 2.06074846830885 0.237223755560637 1.72303616735079 1.25365651748057 1.33217054302724 3.67091715785879 0.340416005279522 5.16071969676493 3.01139422945292 1.71270101613029 1.60387514517368 3.4692976617821 0.506681249109349 1.475501926167 1.18666244742914 3.71842015295715 0.0421154562064512 2.29497489902051 0.924297839899433 0.740537125457066 1.00532134550421 1.20754663845298 0 0 0 0 0 0 0 0 0 0 0 0 0 0 0 0 0
1.78395533782679 2.23901894594548 2.56823947045735 0.263142759741784 2.3092168876279 1.15183657190791 1.71861038319788 3.54811915692886 1.54648922270769 1.95057923362365 0.303891058612766 2.27244641883157 1.89233772125132 0.0386092982421739 0.562672910600227 2.06949344049845 0.334218570155786 0.799190412395667 4.91324664911913 0.806396612305199 0.623986730031194 6.20609947612006 0.0788696904836836 4.66356656849723 0.600726601942854 0.0980816163697942 1.48408094550583 0.708676681383284 0.587980824602935 0.145177870339139 0 0 0 0 0 0 0 0 0 0 0 0 0 0 0 0 0 0 0
0.666737407740549 2.1675536816769 0.557339880732168 0.786994166104674 5.33883649445596 0.398588742697317 0.547584493994448 0.131442926041512 0.484511707239938 5.67405813992627 0.0774335242252467 2.33026691844432 0.69652139138589 0.029945444065169 1.14657991863619 3.01996000241999 6.5385791281357 2.35149970983848 0.461712660657634 4.04465633885065 1.2513515633789 4.24712929620666 1.42965934406538 0.712881689983932 2.80259268158993 0.742755459727575 3.58598405150295 0.443167173907369 0 0 0 0 0 0 0 0 0 0 0 0 0 0 0 0 0 0 0 0 0
0.84349517425598 0.463264685160473 4.7006282510927 1.64704680957988 0.686298584359153 1.50124878629524 0.11082915599922 0.137525108385634 4.35810489244328 6.16539630589904 1.30684751027763 0.245110403261495 2.07637633749954 1.84402524301716 0.235025993854883 2.22090752004802 6.0205100520871 0.301954027717092 2.3151765042631 1.20504871710524 2.85708143812629 1.68281769584469 0.52276433634458 0.641761466679456 1.94091583673263 0.265955389268865 0 0 0 0 0 0 0 0 0 0 0 0 0 0 0 0 0 0 0 0 0 0 0
1.77165053261985 1.06241762816895 1.27647222804158 1.83055447213792 6.74756895849439 3.21493300065723 3.18447465726499 2.56097980207118 0.823178623497644 1.78540045169256 5.79070585232979 0.810756257796621 1.15563086898733 0.883605036839703 0.165892951422908 0.846402856793387 0.972103667279341 2.84216088718716 2.82231562762649 1.16654705517179 1.72953532636086 0.627576978565461 0.107150429968587 0.900590892948429 0 0 0 0 0 0 0 0 0 0 0 0 0 0 0 0 0 0 0 0 0 0 0 0 0
0.561051849367429 0.642264049399311 0.0337267291641973 0.847980064788905 1.75245484877088 3.24234349608228 3.3137314364433 1.13888207632649 3.13424845294729 1.79431178524886 1.1450570931732 3.16839573471838 0.0411825325324425 2.18910034966168 1.4220853791104 9.51364285596354 1.52602480568101 1.44528296371276 2.82356778378614 0.125646452196059 0.569144807022465 2.57887889474979 0 0 0 0 0 0 0 0 0 0 0 0 0 0 0 0 0 0 0 0 0 0 0 0 0 0 0
4.71098069038309 0.661622157606106 1.49342736119745 2.42115976854463 2.42919875846166 6.11218342728137 3.19063967415623 2.40104763507065 2.31299137830386 0.146524397447805 8.82724411641838 0.526294048327321 7.54759905965283 1.06069146965815 0.105131550326321 0.564759405741623 0.844801029928862 2.10188559350023 3.27336388091538 1.00019969854351 0 0 0 0 0 0 0 0 0 0 0 0 0 0 0 0 0 0 0 0 0 0 0 0 0 0 0 0 0
1.63814181361402 7.29447461795301 0.110136431323013 0.524251640605204 0.194705386084808 3.02660922147095 0.861898287972738 2.27484418142721 0.634892787507699 4.25537542137592 0.415467712051919 0.0314662567995277 0.238518064740761 1.6687240770306 4.43145114302734 0.133858247332052 7.46987976578871 0.326389745820823 0 0 0 0 0 0 0 0 0 0 0 0 0 0 0 0 0 0 0 0 0 0 0 0 0 0 0 0 0 0 0
9.33265114407766 1.68863410764689 0.649259673206604 0.429096585840083 0.97033349581659 3.9686422194887 1.33659258695783 0.102176682713874 4.34039975745042 0.449458221741076 2.4918774075068 2.45453535184937 3.94427483594631 0.706891132695981 5.01622662418567 0.541799948294798 0 0 0 0 0 0 0 0 0 0 0 0 0 0 0 0 0 0 0 0 0 0 0 0 0 0 0 0 0 0 0 0 0
3.59273414602019 1.84241438491703 1.59266150057137 1.85712400144791 0.406319043414083 0.809787187673635 2.22177523828269 3.15094504926244 0.791259624867684 0.276079897350579 0.282416304955763 0.0620872655908899 3.86336364328312 1.36640803718041 0 0 0 0 0 0 0 0 0 0 0 0 0 0 0 0 0 0 0 0 0 0 0 0 0 0 0 0 0 0 0 0 0 0 0
1.6124262548045 0.611848255351016 2.36572343796529 0.67927400346853 0.0109069378441779 3.2129712397975 0.404347349216694 1.5130907674241 4.84423168441901 8.47345531151284 1.29956610839057 1.05137885339628 0 0 0 0 0 0 0 0 0 0 0 0 0 0 0 0 0 0 0 0 0 0 0 0 0 0 0 0 0 0 0 0 0 0 0 0 0
0.277978940855096 0.825123633139531 0.247554388872499 4.35227235392926 0.0726986403350975 1.42224490848293 4.663311215327 1.20767268548145 0.464393481549829 0.871554233793107 0 0 0 0 0 0 0 0 0 0 0 0 0 0 0 0 0 0 0 0 0 0 0 0 0 0 0 0 0 0 0 0 0 0 0 0 0 0 0
6.78320187963575 0.800905160808688 0.720877867308082 0.135653321692581 3.58659202765328 0.0755216322809418 2.78777048444779 0.621017623684707 0 0 0 0 0 0 0 0 0 0 0 0 0 0 0 0 0 0 0 0 0 0 0 0 0 0 0 0 0 0 0 0 0 0 0 0 0 0 0 0 0
0.538116432484097 0.0234477392435378 4.6173048827809 0.427467189576678 2.41972193859632 4.6353727634656 0 0 0 0 0 0 0 0 0 0 0 0 0 0 0 0 0 0 0 0 0 0 0 0 0 0 0 0 0 0 0 0 0 0 0 0 0 0 0 0 0 0 0
2.84371851315212 2.12069825084216 3.47349353505124 2.38949526956907 0 0 0 0 0 0 0 0 0 0 0 0 0 0 0 0 0 0 0 0 0 0 0 0 0 0 0 0 0 0 0 0 0 0 0 0 0 0 0 0 0 0 0 0 0
0.252801714360139 1.39536509437682 0 0 0 0 0 0 0 0 0 0 0 0 0 0 0 0 0 0 0 0 0 0 0 0 0 0 0 0 0 0 0 0 0 0 0 0 0 0 0 0 0 0 0 0 0 0 0
