1.1149613612222 0 0 0 0 0 0 0 0 0 0 0 0 0 0 0 0 0 0 0 0 0 0 0 0 0 0 0 0 0 0 0 0 0 0 0 0 0 0 0 0 0 0 0 0 0 0 0 0
8.62717461458664 1.22966438026001 0 0 0 0 0 0 0 0 0 0 0 0 0 0 0 0 0 0 0 0 0 0 0 0 0 0 0 0 0 0 0 0 0 0 0 0 0 0 0 0 0 0 0 0 0 0 0
1.57533708288798 7.15824822888281 6.77337200900393 0 0 0 0 0 0 0 0 0 0 0 0 0 0 0 0 0 0 0 0 0 0 0 0 0 0 0 0 0 0 0 0 0 0 0 0 0 0 0 0 0 0 0 0 0 0
0.582262461575547 2.66848867129671 0.460823949089808 3.32800711622035 0 0 0 0 0 0 0 0 0 0 0 0 0 0 0 0 0 0 0 0 0 0 0 0 0 0 0 0 0 0 0 0 0 0 0 0 0 0 0 0 0 0 0 0 0
4.14283196452298 11.0646349196391 2.44871546305229 2.16730242327582 1.0897764969569 0 0 0 0 0 0 0 0 0 0 0 0 0 0 0 0 0 0 0 0 0 0 0 0 0 0 0 0 0 0 0 0 0 0 0 0 0 0 0 0 0 0 0 0
1.34351499774412 3.48609923884709 0.674160652070838 0.240568610676409 0.0609410984339373 0.379737503567035 0 0 0 0 0 0 0 0 0 0 0 0 0 0 0 0 0 0 0 0 0 0 0 0 0 0 0 0 0 0 0 0 0 0 0 0 0 0 0 0 0 0 0
0.103236828071576 1.7588307555538 2.86249287073617 4.98012055341879 6.67862945936832 4.98830970456366 1.76338471025937 0 0 0 0 0 0 0 0 0 0 0 0 0 0 0 0 0 0 0 0 0 0 0 0 0 0 0 0 0 0 0 0 0 0 0 0 0 0 0 0 0 0
3.00394815553333 0.416575563022845 1.86717785197757 1.58987017142108 1.44838571374262 0.652554807920817 0.0142287249597637 0.36459934041537 0 0 0 0 0 0 0 0 0 0 0 0 0 0 0 0 0 0 0 0 0 0 0 0 0 0 0 0 0 0 0 0 0 0 0 0 0 0 0 0 0
4.97725800814488 2.05181169586012 4.92770805848205 0.66534510646026 3.95129171505705 1.91928090778581 8.30369896339719 2.18734157150496 0.883516910150761 0 0 0 0 0 0 0 0 0 0 0 0 0 0 0 0 0 0 0 0 0 0 0 0 0 0 0 0 0 0 0 0 0 0 0 0 0 0 0 0
0.542474061949121 11.2228697422904 4.99618774484703 1.22736500496891 0.19194251382519 5.64803158267739 2.20345973237204 3.54660578667221 1.3230532930449 4.79926755579764 0 0 0 0 0 0 0 0 0 0 0 0 0 0 0 0 0 0 0 0 0 0 0 0 0 0 0 0 0 0 0 0 0 0 0 0 0 0 0
6.50092751361779 0.702688040084615 3.68612092814072 2.54270755716175 2.6974976722058 0.215796265919049 2.7978078643792 2.12943848054209 2.30934557608978 1.30384171256853 4.04967044232511 0 0 0 0 0 0 0 0 0 0 0 0 0 0 0 0 0 0 0 0 0 0 0 0 0 0 0 0 0 0 0 0 0 0 0 0 0 0
6.66283626043294 1.72155573622429 3.75256780736401 0.596300419349994 0.680454360278237 5.35132644205402 1.35680446121273 2.37401053518739 1.35884453428763 10.347105568683 0.57257937105102 1.75132788621769 0 0 0 0 0 0 0 0 0 0 0 0 0 0 0 0 0 0 0 0 0 0 0 0 0 0 0 0 0 0 0 0 0 0 0 0 0
1.04379743124064 0.210970662668255 4.69786360880328 1.97472152154159 2.38377608607194 4.00776558502366 5.22942066612486 4.96308599030061 4.27881752152157 0.885356374296647 3.96525207843016 0.894691647561868 5.47664349603359 0 0 0 0 0 0 0 0 0 0 0 0 0 0 0 0 0 0 0 0 0 0 0 0 0 0 0 0 0 0 0 0 0 0 0 0
1.68772194018083 7.60512334119856 1.65274419188931 0.150549570713208 1.60766194044663 3.95852468638399 1.59251082401299 3.62971526496654 4.69362520699288 1.56281288374069 1.62331429052422 4.80389905395745 3.35596549225305 1.94416064293923 0 0 0 0 0 0 0 0 0 0 0 0 0 0 0 0 0 0 0 0 0 0 0 0 0 0 0 0 0 0 0 0 0 0 0
1.30255628100676 3.5274734372394 0.579244451069025 4.50678944222876 1.29464292676673 0.00379259127842966 5.60254939783276 2.7920064740226 1.41112045771573 0.928820325308564 16.5015085324328 2.01043263419626 0.672786379962347 0.0532175514738134 2.71686101255205 0 0 0 0 0 0 0 0 0 0 0 0 0 0 0 0 0 0 0 0 0 0 0 0 0 0 0 0 0 0 0 0 0 0
5.25640446752074 1.45458535175543 2.92858938412392 6.05102451917246 2.33425255141087 0.797301384026097 8.40073862276493 1.15540130695121 8.90782269406891 7.19133447724658 2.7610930526878 4.74246784146873 2.23527750865014 0.399923167627023 0.750813792740726 0.879795381165358 0 0 0 0 0 0 0 0 0 0 0 0 0 0 0 0 0 0 0 0 0 0 0 0 0 0 0 0 0 0 0 0 0
0.362675621979081 4.74626124144127 9.0099482298437 0.786476587699934 1.18853149028685 0.400254369731517 0.499792217436242 3.69757639078199 4.44579173066941 2.33301559166026 0.0119756923085934 1.9508035013466 2.45895661854265 0.376987721009914 2.92834780281977 4.26195037313034 2.20692537345448 0 0 0 0 0 0 0 0 0 0 0 0 0 0 0 0 0 0 0 0 0 0 0 0 0 0 0 0 0 0 0 0
4.16540740447406 0.202726652829974 0.137199729299223 4.27043810953134 0.202126305470465 5.32825052869621 1.49899464718751 0.602047033718154 6.54667001839617 2.52469363795026 1.58575227580941 5.385623135177 4.51241135071581 1.63062349700673 8.15897981719848 1.92605120331423 1.4097286078861 2.39200464471962 0 0 0 0 0 0 0 0 0 0 0 0 0 0 0 0 0 0 0 0 0 0 0 0 0 0 0 0 0 0 0
5.81611841797238 2.90430735688113 9.2240494377658 0.800106292391522 2.06600758981023 1.52347017889065 2.56226088751084 0.987226927611248 3.26122255938202 5.87221664069554 7.1809379631528 1.62446250234326 4.8025677419787 1.43239356281769 1.08889412411732 2.63379700963927 2.06407508223143 3.54624803387611 0.0733943455681375 0 0 0 0 0 0 0 0 0 0 0 0 0 0 0 0 0 0 0 0 0 0 0 0 0 0 0 0 0 0
0.980814553991187 0.841287583195053 0.219154260681647 1.02901111803621 6.80138841820536 3.2446346358725 5.08958771771936 0.422947280787799 1.31059376181692 2.53584452274397 2.68342832044837 4.09633234047868 1.7342399968627 2.58804744763991 0.469028930514281 2.21795203517169 4.1053703200958 2.30845166548205 0.881613710710332 1.67513386631826 0 0 0 0 0 0 0 0 0 0 0 0 0 0 0 0 0 0 0 0 0 0 0 0 0 0 0 0 0
0.0879908810910632 1.34478452674078 1.00068183660084 0.518802698905851 0.916503660366807 0.775655393251564 1.21786395554236 2.56474310631087 4.97001846387972 0.982728153571559 1.30020460266628 6.30605337084498 0.147789576852109 1.63039723074345 2.12710164977136 1.22861144805781 2.20520433463997 3.4812914549652 3.29658865812021 2.71994637272945 4.71664031385106 0 0 0 0 0 0 0 0 0 0 0 0 0 0 0 0 0 0 0 0 0 0 0 0 0 0 0 0
2.0786102090568 1.62543246166725 5.48820303020937 3.72087580715781 0.539918840532959 1.52923968128666 2.37867208449153 0.306317072456601 0.587573318014548 0.197908308315655 5.46156254591691 2.15500443074525 4.94148199279926 0.716515783062603 1.37581493220751 0.485028113376102 5.61154353298663 1.31785410804974 0.239441595941475 0.661624119749277 1.16044112221091 1.11805956053535 0 0 0 0 0 0 0 0 0 0 0 0 0 0 0 0 0 0 0 0 0 0 0 0 0 0 0
0.219063279032178 1.74695010724024 4.05361039228456 7.51329219961317 0.166071946682926 0.600578394374336 4.40724046112893 0.734258136414999 3.45943058346076 2.40831331493901 1.80912767750463 1.32826417447614 8.39015043977462 0.390463211880852 3.61050937250217 8.67435063187573 0.673360458492801 0.765956379373989 1.5728685901643 2.92828183240154 0.857857510901582 0.224406474310341 2.88614015906779 0 0 0 0 0 0 0 0 0 0 0 0 0 0 0 0 0 0 0 0 0 0 0 0 0 0
0.357684090193311 4.35588753504006 0.502572854410419 1.51491994753828 10.6419612170697 1.25533220597592 2.26194107399882 2.71882438158115 2.15974957100011 0.624675281015398 0.0705878939174159 0.988435013813418 3.86720399778158 1.76307133203395 2.75097349628235 3.5147312056011 3.15713415778784 0.0585550330727972 3.77309585828003 4.88535531397332 0.45534357377975 4.20923812151686 0.268540297658066 2.25146362168946 0 0 0 0 0 0 0 0 0 0 0 0 0 0 0 0 0 0 0 0 0 0 0 0 0
2.59994055815657 2.29280161488125 3.04676757527711 0.244654511096832 2.75564658956609 1.1088501230942 3.99713552907616 0.800337767499712 3.75749655746178 0.155328125625104 1.81249134877241 1.99871652935411 1.43589425457432 5.04730647977569 0.636326930959227 3.0844914340948 0.425762815189901 1.81814013069304 3.3864532910454 2.21826171504082 1.96015778054384 1.08911955374857 2.05044849005162 0.78275609142446 0.482407501822985 0 0 0 0 0 0 0 0 0 0 0 0 0 0 0 0 0 0 0 0 0 0 0 0
0.236385458484093 0.641724718451058 6.99213562458393 1.46562123672074 1.18096272399606 8.2485620194138 1.92687282220889 0.36292855850259 0.19413750484564 0.830066510480566 0.790152441896247 0.652140424692302 8.00915126440866 3.39817765840083 4.47075687306148 4.39858473702306 1.0374883092698 1.24060595037042 1.48336767500322 0.156113789805328 0.861801809397243 3.78276877032914 1.54686481264655 2.42942540987108 1.04864113107711 5.80050382649189 0 0 0 0 0 0 0 0 0 0 0 0 0 0 0 0 0 0 0 0 0 0 0
0.290917719339872 3.29915035678704 2.07050392063425 0.934980053040346 3.43574892225856 0.855157801068023 2.99049730938826 5.4067817711978 0.200869645122172 5.48294038253077 1.42328907051693 3.39270877907186 1.0955988328025 2.80076148137265 0.218276958975216 0.144536526429959 1.88165579110304 0.112959775665211 1.88659754105791 0.00466613246953741 1.52026381150304 0.370778266563372 3.98666594188769 2.60915011276657 2.16773890163244 0.590564564861014 8.06953323421131 0 0 0 0 0 0 0 0 0 0 0 0 0 0 0 0 0 0 0 0 0 0
0.81366260073381 3.55946201446548 1.28299523851409 0.272480363998596 0.0252582664000923 0.23107781326578 1.12078258877561 0.383763416260497 0.815735265841773 0.218355684892439 3.40942385198375 6.79702981993666 4.89457089196888 4.32032036017466 1.93105192606299 0.393861808122747 0.299884769353322 2.46610936861005 4.07616410823082 1.14772582346789 1.15985294935747 5.09270029695982 0.0381471689564913 1.61343622847861 1.47615327108991 0.914986911471446 0.00382434427837766 0.568094987802733 0 0 0 0 0 0 0 0 0 0 0 0 0 0 0 0 0 0 0 0 0
0.438739585142732 2.66794530229941 0.968362038256833 9.92801854374265 0.720893348413109 10.3258029655175 5.02805798077312 0.180983076009799 2.07101261497051 1.27324164116683 3.67787176329008 0.36047268723193 6.2807455246666 2.43573858793305 4.88236629629284 5.67706288497274 2.55169453423288 3.82037402166247 8.53461937896166 1.33219250085278 0.991442562166461 0.604463822179472 5.67006592043591 3.22862085865969 1.69112921187738 6.47709907441403 1.17762326935741 0.493769845913922 1.95684339776178 0 0 0 0 0 0 0 0 0 0 0 0 0 0 0 0 0 0 0 0
4.38031963680618 1.51921116167277 2.73469013032534 2.63834570994803 5.34028615002539 2.2764755265368 1.50813664952869 1.29038941778148 11.3425519030897 4.37076030044391 0.822989163932352 6.71639965383808 2.54721038710375 0.364506529622627 4.02633412853546 0.371500254764902 3.91099116624694 5.83122583248818 3.29251879645494 1.82076500292473 0.235529997682629 1.20014498862339 0.855582421657081 0.537096793060075 1.63540365565136 1.31198495827248 1.69652467336164 6.72723079776668 4.44840361681091 2.3328748747137 0 0 0 0 0 0 0 0 0 0 0 0 0 0 0 0 0 0 0
3.84019169100226 0.526258076785077 0.460659055407912 4.30023696895817 0.941478399827287 5.83097185800563 1.43014125029734 5.42426651882838 1.57981636287407 0.280015626358695 5.9475820480556 0.154559413647154 5.37041182173886 3.90022785153369 0.132940923755841 0.60458270794609 6.45081788740558 1.17543767887365 0.263917755264622 0.710090756621383 0.0440156925756525 1.50985260069465 0.770313095114778 5.93469224994333 3.72725844439863 3.71851653218253 1.06031777280795 3.36939568687304 0.237956833709824 4.97817694927491 1.15764798075448 0 0 0 0 0 0 0 0 0 0 0 0 0 0 0 0 0 0
4.17790919601149 0.377927419382661 4.7297447669922 13.6214482230347 0.44298586532369 0.334649286723372 14.6709643476102 0.593454100828671 1.60142016620435 2.54218290754702 6.93308733928417 0.134051043667957 6.34580919671709 2.03528234386943 4.02511564204237 3.64382818034792 1.15656735734011 4.00059857521377 2.92348949757387 1.29077832624601 3.94499050003544 3.44029405404391 5.37045370770232 1.00017760095409 0.694783242368564 4.22515931844474 3.4831999934017 4.37465129128457 3.40938904678942 0.347877152953217 0.328770945112502 6.34892878661838 0 0 0 0 0 0 0 0 0 0 0 0 0 0 0 0 0
0.175268200781136 3.05867371515349 0.938709540650705 1.00215878930952 0.220408765092311 2.846837043779 0.534615097232873 3.85816216377803 2.2239232161516 0.106206181744986 2.71516109542713 0.135651165714692 1.17149467223214 3.55417307852916 0.110961169157844 1.50078985195728 1.55975351376856 1.72146726021994 1.69233754268008 2.4826975139699 4.80963327537406 0.0917769311894901 4.73659046384515 2.20032192535605 3.92204871419775 0.899845734613833 1.20499522214763 0.604365371566089 0.833815178074481 1.55360436745735 0.0244441372737785 2.208365200826 0.326595377934546 0 0 0 0 0 0 0 0 0 0 0 0 0 0 0 0
1.8614896059576 3.57979890491677 1.70972706815566 0.243135634507394 1.6296162647098 1.12835142992831 1.25753436182366 3.38899592122222 0.030506587973101 2.83853276657546 5.1166436258674 1.61783396887895 0.786202520636547 3.6820385190141 0.0674601905926607 1.30935145632468 4.53034918889783 1.72357981194875 1.67276295213047 0.332057085602676 3.76977053205116 3.79995376579241 4.43740702030241 3.5961624387934 1.51239050053247 2.02436125440144 4.26680147252253 1.57682589715709 0.018968985690921 4.9353634205825 0.726737298722586 0.32079157944518 0 0 0 0 0 0 0 0 0 0 0 0 0 0 0 0 0
3.27281318744574 1.83043522837674 2.34091256882892 6.97477323477926 4.79939791097637 0.0515539746273175 9.38383079242706 0.881960669722376 2.14585497284096 0.796710431757046 0.225109772307949 4.67345114331009 3.32157623076372 3.51553255178865 2.74891791598033 0.216814928620386 3.90643010148979 2.96805295801429 1.55148083362224 16.3013253902298 7.43973992673867 0.948936628276697 2.7141925382754 1.11229685849165 0.803178541804588 5.72474023358643 1.39057631195123 2.5504572722154 2.81570598156267 3.78012824832833 0 0 0 0 0 0 0 0 0 0 0 0 0 0 0 0 0 0 0
0.795966683035196 0.712432570851124 2.35299182113625 0.0767096150644522 0.372254728390599 4.79010985837554 0.945240421320229 2.41151626513191 3.99272418225435 2.12421780529441 3.54771200275939 5.16763909381892 1.15340128851316 2.6086102334886 0.600645737666574 1.28997771793108 2.56751080712729 1.0988721636145 4.71261340687148 3.32624876869151 0.305049784337542 2.36065127185206 1.08860614993054 2.60392609692378 4.68076615947943 1.0345549025482 3.23546351101322 0.603787771555558 0 0 0 0 0 0 0 0 0 0 0 0 0 0 0 0 0 0 0 0 0
2.16095035882591 0.96628110423445 3.24348830183555 0.49677697748479 0.532066542507109 0.0124684560751246 2.97196582584515 6.39974622266448 2.89925088502181 2.47775929754385 5.83227082780085 1.01041537585373 0.22242303771388 0.125243846813404 0.565942462820203 2.94231374204827 1.67173604415782 8.64537967485941 1.48095116161545 0.25685033758004 4.03044526539835 2.04629119050764 0.227787235367412 0.692305071325987 0.558205169819284 2.05829317450861 0 0 0 0 0 0 0 0 0 0 0 0 0 0 0 0 0 0 0 0 0 0 0
1.71279415305033 0.331840939806648 2.33068057624086 6.64012873640559 3.37935452159041 1.242368127955 3.47972438059669 3.80397144863104 0.274258490279119 0.0833889961790676 0.389151717803274 1.14491039463198 3.16725281062932 2.52316115944999 0.525038476247747 0.724558781308253 0.117550633179389 3.60314834126792 1.40780850129119 7.93261900436803 2.11583264706398 0.620339638890349 1.02347449624447 0.0431208315022251 0 0 0 0 0 0 0 0 0 0 0 0 0 0 0 0 0 0 0 0 0 0 0 0 0
5.69462633041652 1.46805536748373 5.7893243403281 2.83728104445779 1.50239877046569 3.54945418527953 3.11229238205241 1.33455108926374 1.84586369539316 2.27998222291031 2.33883760011213 3.56167226342596 1.14968910542524 2.83104431396382 1.63674149443702 0.876280663299694 5.44872748222872 2.30075559951842 3.0118373450577 0.246781785191814 7.00421688196054 0.0827418774209309 0 0 0 0 0 0 0 0 0 0 0 0 0 0 0 0 0 0 0 0 0 0 0 0 0 0 0
1.51096091626657 1.57786073108077 1.607039279642 3.77316227257273 0.819248379267143 2.44056550842904 1.33419888822331 3.23852913806662 1.08987566225549 0.15527361839222 3.66763977835241 1.92811073765957 0.313744720753845 1.338719532004 8.20791007875384 2.88364850811441 1.0888228800278 11.543518744017 0.391504334040511 0.492430133748278 0 0 0 0 0 0 0 0 0 0 0 0 0 0 0 0 0 0 0 0 0 0 0 0 0 0 0 0 0
0.109266172413271 0.228488076095737 0.0478470573316177 2.41056223299189 0.265572459705567 0.329869778688765 4.75803007530117 0.604954508428238 5.16112988791788 2.30384901292256 3.87316327052395 7.24510306291221 0.0753411434844428 0.74818346495432 0.231254992309237 3.31873674732084 0.665306175740883 1.84183331266134 0 0 0 0 0 0 0 0 0 0 0 0 0 0 0 0 0 0 0 0 0 0 0 0 0 0 0 0 0 0 0
1.38118749673908 0.859795781773213 2.39196898179722 1.10467709319702 0.733554721522203 10.0156838438354 2.59331020663823 3.64304376786429 1.02414149478576 5.11665475804323 1.94905643736269 4.36833731212155 2.12987923052302 0.872037659772201 3.4611220075258 0.612030556664414 0 0 0 0 0 0 0 0 0 0 0 0 0 0 0 0 0 0 0 0 0 0 0 0 0 0 0 0 0 0 0 0 0
3.41642312745412 0.763388230346833 0.958956358598533 0.627811407898229 8.8598057265579 0.193444914443306 1.55634687090893 1.2435463838844 1.71358648796268 3.30519323685169 1.3630534907451 1.35743738974448 2.42425917239937 0.164836185572969 0 0 0 0 0 0 0 0 0 0 0 0 0 0 0 0 0 0 0 0 0 0 0 0 0 0 0 0 0 0 0 0 0 0 0
4.34564185731702 2.83261152995616 0.973827565182449 4.95852637795455 3.69612029704105 3.1337567359752 1.80338227921073 4.02138853571216 5.28576466409308 2.05830535971294 4.49757775546623 1.17263728285512 0 0 0 0 0 0 0 0 0 0 0 0 0 0 0 0 0 0 0 0 0 0 0 0 0 0 0 0 0 0 0 0 0 0 0 0 0
2.43939539780235 1.73803252307197 5.33703006669072 1.7594499598392 3.01807041554538 2.62671720697126 0.728711701627686 1.55982483455702 0.527686671641622 3.93133387273156 0 0 0 0 0 0 0 0 0 0 0 0 0 0 0 0 0 0 0 0 0 0 0 0 0 0 0 0 0 0 0 0 0 0 0 0 0 0 0
4.27698946504039 12.4073231654306 6.4987021973039 0.403841450034509 5.21757694719111 1.73522421346247 3.27121518962439 0.421982187590935 0 0 0 0 0 0 0 0 0 0 0 0 0 0 0 0 0 0 0 0 0 0 0 0 0 0 0 0 0 0 0 0 0 0 0 0 0 0 0 0 0
8.40273185132302 0.460398603569024 4.18082101606755 1.40922650631682 8.9200346312538 0.0302462177062238 0 0 0 0 0 0 0 0 0 0 0 0 0 0 0 0 0 0 0 0 0 0 0 0 0 0 0 0 0 0 0 0 0 0 0 0 0 0 0 0 0 0 0
4.38155925961775 1.49123297228775 0.646356769550794 7.21782694124778 0 0 0 0 0 0 0 0 0 0 0 0 0 0 0 0 0 0 0 0 0 0 0 0 0 0 0 0 0 0 0 0 0 0 0 0 0 0 0 0 0 0 0 0 0
1.01497437137164 0.352034801751115 0 0 0 0 0 0 0 0 0 0 0 0 0 0 0 0 0 0 0 0 0 0 0 0 0 0 0 0 0 0 0 0 0 0 0 0 0 0 0 0 0 0 0 0 0 0 0
