0.319069489427397 0 0 0 0 0 0 0 0 0 0 0 0 0 0 0 0 0 0 0 0 0 0 0 0 0 0 0 0 0 0 0 0 0 0 0 0 0 0 0 0 0 0 0 0 0 0 0 0
1.70476070349944 1.80483765789505 0 0 0 0 0 0 0 0 0 0 0 0 0 0 0 0 0 0 0 0 0 0 0 0 0 0 0 0 0 0 0 0 0 0 0 0 0 0 0 0 0 0 0 0 0 0 0
3.31934260298989 1.13729116532479 0.721771423724247 0 0 0 0 0 0 0 0 0 0 0 0 0 0 0 0 0 0 0 0 0 0 0 0 0 0 0 0 0 0 0 0 0 0 0 0 0 0 0 0 0 0 0 0 0 0
1.74056664982466 3.8281849720142 0.442459561083561 2.2816846056858 0 0 0 0 0 0 0 0 0 0 0 0 0 0 0 0 0 0 0 0 0 0 0 0 0 0 0 0 0 0 0 0 0 0 0 0 0 0 0 0 0 0 0 0 0
0.16312679961331 2.58039699683014 1.96635060135931 3.14388125468482 1.04013857531256 0 0 0 0 0 0 0 0 0 0 0 0 0 0 0 0 0 0 0 0 0 0 0 0 0 0 0 0 0 0 0 0 0 0 0 0 0 0 0 0 0 0 0 0
2.31144266791846 1.88745894741107 3.87853952939766 0.198112689934383 9.98397590715446 1.68144672888354 0 0 0 0 0 0 0 0 0 0 0 0 0 0 0 0 0 0 0 0 0 0 0 0 0 0 0 0 0 0 0 0 0 0 0 0 0 0 0 0 0 0 0
0.233800745298729 3.64180081227416 0.25379678314203 1.94289919157415 0.680593486152797 0.0655758284299345 1.85407244909557 0 0 0 0 0 0 0 0 0 0 0 0 0 0 0 0 0 0 0 0 0 0 0 0 0 0 0 0 0 0 0 0 0 0 0 0 0 0 0 0 0 0
4.84322469525899 2.40063067765654 0.970466284873221 0.808162277426546 10.7554411521099 3.7177926902208 0.233846671949436 4.23816240063724 0 0 0 0 0 0 0 0 0 0 0 0 0 0 0 0 0 0 0 0 0 0 0 0 0 0 0 0 0 0 0 0 0 0 0 0 0 0 0 0 0
2.20652344520352 10.2067212029104 0.230789901857711 0.121944969340789 1.16114342296978 3.18985015696907 2.55170496086352 1.54480160664707 1.21770744662371 0 0 0 0 0 0 0 0 0 0 0 0 0 0 0 0 0 0 0 0 0 0 0 0 0 0 0 0 0 0 0 0 0 0 0 0 0 0 0 0
4.32467990454187 1.83197817963389 3.63635119600858 1.87621843515969 2.79937498990125 4.32441981046095 1.85541140247727 1.06891829573656 5.04833275954384 5.24860086059266 0 0 0 0 0 0 0 0 0 0 0 0 0 0 0 0 0 0 0 0 0 0 0 0 0 0 0 0 0 0 0 0 0 0 0 0 0 0 0
1.04080773956907 0.514454656878438 2.95318013717506 6.18419139457367 0.473929937032112 0.795893187650404 0.589076763049755 3.12533041581694 9.85059451091719 1.93798008305975 0.603357636811709 0 0 0 0 0 0 0 0 0 0 0 0 0 0 0 0 0 0 0 0 0 0 0 0 0 0 0 0 0 0 0 0 0 0 0 0 0 0
3.57155238504021 0.317244276040818 3.76044138366888 0.0557214465210778 9.08298687681161 2.04201482944614 1.53097017608969 0.794861274924123 1.05729058723194 2.23226501062211 1.11419623825432 3.24349712500098 0 0 0 0 0 0 0 0 0 0 0 0 0 0 0 0 0 0 0 0 0 0 0 0 0 0 0 0 0 0 0 0 0 0 0 0 0
2.64755823230775 1.25090489239338 1.61736408812545 1.64231017217946 2.0042194322231 9.9089548399439 3.37564157471104 0.213023524126532 4.39125911152888 0.164226953584548 2.20601766476638 2.66816942335584 0.268654095255295 0 0 0 0 0 0 0 0 0 0 0 0 0 0 0 0 0 0 0 0 0 0 0 0 0 0 0 0 0 0 0 0 0 0 0 0
0.0641580205949688 4.00648575757716 10.3427763567491 3.15274679168643 1.30076345936596 4.61940332008755 0.557397210590405 0.481205249219624 3.65844506525627 1.5577466360132 0.286991812298331 4.51497051188594 0.450937244039169 0.0201999765994431 0 0 0 0 0 0 0 0 0 0 0 0 0 0 0 0 0 0 0 0 0 0 0 0 0 0 0 0 0 0 0 0 0 0 0
7.88745112770589 3.10784168965788 2.68058860410954 0.256830524699344 0.508823690004744 1.44557306236666 0.326589425786156 5.35203335242252 0.117393879991186 0.805598981563032 1.85234912746159 0.596187225291014 1.16740243157694 2.36077324777483 2.42284107661799 0 0 0 0 0 0 0 0 0 0 0 0 0 0 0 0 0 0 0 0 0 0 0 0 0 0 0 0 0 0 0 0 0 0
0.985100530049133 1.19262357313801 1.09684531990123 0.410490266869814 3.01126704127176 0.482009844617102 8.20615671804052 0.562108261605888 0.814753619975581 1.00471455582057 4.51932421368476 1.12248203206543 1.48513791464832 3.09508751986676 3.04751679450857 2.32750225894467 0 0 0 0 0 0 0 0 0 0 0 0 0 0 0 0 0 0 0 0 0 0 0 0 0 0 0 0 0 0 0 0 0
0.899753397813013 5.11068737655523 4.4928487246134 0.154688057566819 1.69218190928093 3.63586776000108 0.37725415475197 0.0202620895776128 0.32836813416553 0.590648371992041 0.512089104732601 1.25736094275913 4.98093513125988 0.129521865421776 3.0743072854682 0.12338246818577 0.187727542719186 0 0 0 0 0 0 0 0 0 0 0 0 0 0 0 0 0 0 0 0 0 0 0 0 0 0 0 0 0 0 0 0
0.433196533529958 7.41750328684536 2.68489650560039 4.32643994858405 1.54056271198865 3.30107919461966 7.15619953128745 8.94450473361072 0.683743986294517 4.58082170880815 4.36133583929308 0.699137757902279 2.36815857743071 5.11169191357757 2.10963449662062 0.129589960264218 0.788279649007606 1.73661611675294 0 0 0 0 0 0 0 0 0 0 0 0 0 0 0 0 0 0 0 0 0 0 0 0 0 0 0 0 0 0 0
3.08444045727373 3.20478055369206 4.40999769354437 2.62660723333102 0.224893358693397 0.131346313036647 0.0541358846131443 2.75080144898913 8.69273826211676 1.8876729711525 0.305436432582499 1.60115557091669 3.44762609478636 0.178029282733523 2.36533302691966 0.118324680909724 3.17312311659563 0.237501777258183 2.7256832894125 0 0 0 0 0 0 0 0 0 0 0 0 0 0 0 0 0 0 0 0 0 0 0 0 0 0 0 0 0 0
0.208504317091328 3.11383252793423 0.296269324238436 0.0462939902967411 0.423104138165749 3.88037433343939 6.5993613466427 3.45382672763807 4.95437425037444 0.516076011668914 6.41883336986037 3.00387093914395 1.96821918957949 2.48168880508604 0.534384123645831 1.97908969794681 1.61736821395241 0.0359794269374269 2.0699131569091 1.09286928967504 0 0 0 0 0 0 0 0 0 0 0 0 0 0 0 0 0 0 0 0 0 0 0 0 0 0 0 0 0
0.227436011632419 1.85085678364804 0.113809647921853 9.11462090691877 1.31251702431799 1.2199347948211 0.803379831816836 1.53139804245739 3.10357599065717 2.46099285844987 3.06342555922026 0.215548512864836 1.00957563780768 0.973767489863971 5.34151630043217 0.589271796877046 3.69131628733865 1.5527181540587 2.19572183243897 1.63439102697345 1.55614221091891 0 0 0 0 0 0 0 0 0 0 0 0 0 0 0 0 0 0 0 0 0 0 0 0 0 0 0 0
2.42261733216634 0.441566736062267 0.902115518279582 2.6026884444424 0.700250221070838 5.63327251848753 0.134368168340153 6.08645761226465 1.53280781394917 4.5502042923181 0.939008745166024 0.459602975348752 0.45917327604634 3.6298742078227 5.38740271215009 1.42970999565088 1.75957386612058 1.08046033662824 2.33981443631837 1.53765840749122 0.716200722227925 1.00545221853096 0 0 0 0 0 0 0 0 0 0 0 0 0 0 0 0 0 0 0 0 0 0 0 0 0 0 0
4.36327702208307 1.80093043726284 3.59632110406044 0.013726505122751 0.410837909723729 0.73395514620226 1.81453538661938 2.87280679207457 10.7714032780036 1.16128716836571 2.55151851978894 0.0246390872072555 0.865711292350409 0.350017059809218 2.73098746186701 3.70342336520026 2.59548418628749 3.92960980485344 1.21358322518685 3.21399882013665 0.221406487909578 0.989654843066501 0.890450013560921 0 0 0 0 0 0 0 0 0 0 0 0 0 0 0 0 0 0 0 0 0 0 0 0 0 0
0.799090008345305 4.0394278823956 0.952386342274549 3.95856901929461 0.834750973445852 0.155214684826012 2.2131978131593 0.768941843829353 0.414980600743063 1.69509281413974 0.738557266776225 1.84436904888297 1.34459383986095 2.41731453764229 0.602668725731616 4.91349227534412 0.465898102260714 4.51640489367542 1.23269669310119 2.63564875273169 1.18839797625182 10.8922173840822 1.62708646439829 2.04136841501917 0 0 0 0 0 0 0 0 0 0 0 0 0 0 0 0 0 0 0 0 0 0 0 0 0
3.07468588918592 1.91596057225934 1.09700688370371 4.06888835126935 0.393583533561419 2.63666405610524 0.922443000510962 0.103175304708276 4.36868982107638 0.35125108839696 5.37981796599175 4.60516259606177 1.52459498920623 2.17770466153044 3.85912834692995 0.310891299994892 3.26180814221391 0.439876521183955 0.398787088516968 0.109528994328599 4.14634633014489 0.620601241950671 4.93789407587265 1.15139155305014 0.519118761171364 0 0 0 0 0 0 0 0 0 0 0 0 0 0 0 0 0 0 0 0 0 0 0 0
2.49632016381225 13.2811251840972 0.0168276924400726 0.390798740004016 0.855631153469662 14.224314085127 2.80113670299174 1.21857965208824 1.08306288421286 2.21446293937444 4.51644806724257 4.50929728828207 1.3446417262004 1.55005839630236 0.264764081739883 1.16778673760369 1.37112296945185 0.836112106339372 1.00991771740252 1.23234103307753 1.23356070691684 1.10639958734181 4.93407562903802 0.385711028019563 0.317593413133818 2.70606626572518 0 0 0 0 0 0 0 0 0 0 0 0 0 0 0 0 0 0 0 0 0 0 0
7.47706508397829 1.48319109331341 2.14971007601876 1.62621571488587 0.717843791087396 2.18226171235325 1.85439657859352 1.55174989596221 3.08107496891322 0.322310451244558 2.43407682721811 5.08957283843631 3.89334153741571 1.91072440468122 2.2532094025822 0.803830690915368 0.493408567650216 1.16966987020102 2.56994639707653 1.10367352136718 1.52215927424314 0.971367866555252 0.537168578407892 4.75774887843662 0.315848794079942 0.55535086464242 3.57731844959913 0 0 0 0 0 0 0 0 0 0 0 0 0 0 0 0 0 0 0 0 0 0
0.255708043635633 0.593642582825727 0.0416913070328384 10.6060843958861 2.58828497973111 4.88025737349856 0.10570972000561 1.22191783573801 1.60657099368939 0.599969270522163 2.62273906956284 1.8990554767994 3.91976188461699 0.936566426002733 3.80365364376018 4.43640349454364 1.73017842607873 2.16506278994824 0.576452053758786 0.043556761125581 0.641585788181507 0.979971630567328 0.615068042697694 1.03030701896674 0.585373950296436 2.30880924193505 0.85680865551344 1.34844215037481 0 0 0 0 0 0 0 0 0 0 0 0 0 0 0 0 0 0 0 0 0
1.9101930673497 2.02798325212987 3.68348465395909 1.06391909185724 1.3695339203561 0.377408283018589 0.0233264690898709 2.48994967807084 2.59051923964685 1.1503181275652 1.20257577837838 0.933234997585197 1.00804900508702 0.957429383042137 7.12961412250536 1.48043525035528 6.4406224023174 5.68345315640391 2.98512061544521 1.91762265400696 2.08090033580477 0.989870152244272 3.13081404550462 1.37943638000369 2.2782286175814 7.37304392147958 1.39573667650254 0.933024188283758 1.57661388704476 0 0 0 0 0 0 0 0 0 0 0 0 0 0 0 0 0 0 0 0
1.91537389496683 9.24817295469148 1.29827811770371 4.4370296204276 0.460065594557345 2.56048351582924 6.70815533487283 0.158849195767674 3.09673045076826 0.787324403753539 0.162869790050038 2.72428769460306 5.05083908840608 4.88512849514829 0.0226496915786638 5.24200563057732 0.0147932574134482 0.530735923656628 0.701223041004848 1.46711463093851 1.90444817361058 1.40267672291545 5.93980298662817 2.4673944024087 0.443159183178186 1.19704052666433 2.0167795904612 0.691268997041903 0.279812774454384 0.962222743077189 0 0 0 0 0 0 0 0 0 0 0 0 0 0 0 0 0 0 0
11.6972996055405 0.287673364668919 0.31045770718253 0.238173387977912 0.335502674267224 1.79060507468726 1.67180569541672 0.12748496460032 1.81566430695883 0.2495683593095 2.90383006420597 4.24657355248075 0.510775183587087 0.205823862693044 3.94941285894388 5.74510941823355 0.508535617218462 1.83410228158725 1.60418981268538 1.66316271499495 2.70332426764252 2.90471754142108 2.90029698077773 0.364485988196878 0.531099704136563 1.33328631502101 1.35029474500648 1.79058920577415 2.6645237039048 1.88729418289185 0.658771007237451 0 0 0 0 0 0 0 0 0 0 0 0 0 0 0 0 0 0
2.90714991179721 2.34084696517864 0.10476086806162 1.83327723862605 1.26313580598711 1.00312654905036 2.19119477646403 2.7510591042013 0.472485887126942 1.22828034805757 0.598446023755982 0.26945393130285 1.08676487604928 1.06107770795722 1.70274265736967 2.56753615837478 2.84803659847895 0.0911878370567571 2.28381865555439 0.199695697689564 2.3219079832978 1.262864499539 0.212953096036257 0.276031872563794 0.448659830168939 7.56694080594505 1.10952986629851 0.93811526832831 1.19150964397016 0.697503484730775 4.05123892600059 3.70142895856411 0 0 0 0 0 0 0 0 0 0 0 0 0 0 0 0 0
1.89546949217949 2.8628670201782 3.17029384978413 1.75359749052955 1.39215712324058 4.5469705271811 3.61651584218279 4.34879518858719 3.4646985080292 1.17519686376578 1.17736425826722 1.29620285561608 2.08902508281521 0.108366251320665 0.457432463401769 3.17929666890557 0.450911731188852 4.29218147148398 3.71031393180912 2.70956333131105 2.47672323905487 3.85607038803943 1.44944610904458 3.73785854083952 0.93263337589099 0.0653821817964564 1.25281905505952 0.412363698539455 1.37323586974188 2.89798909389465 1.67404097212358 0.369729024011515 0.0716607223442347 0 0 0 0 0 0 0 0 0 0 0 0 0 0 0 0
1.47309941069668 1.65571422131819 2.10344918870698 0.908255900607667 4.10486800917294 1.71594638851874 11.0170001509388 0.886757264805757 0.561425787852834 0.143005685371378 0.505242592427223 0.77593195178633 2.09329304389577 2.15138304664791 2.26374152559837 0.0166283754957621 1.35334569739192 4.79773172763639 5.91461611599478 2.46615407806378 3.49690897530876 0.151120021975373 1.96053829559443 1.13966127782723 3.23591210226686 1.93961391712331 6.61244743106534 1.62015151275793 0.184715980848929 0.416970177592823 1.98986473872455 0.125012754446712 0 0 0 0 0 0 0 0 0 0 0 0 0 0 0 0 0
1.61506332475601 4.76240229300781 3.02163539206708 0.654172722116966 1.40516293715767 2.16774242247649 4.65219319798732 2.05947223283591 1.15324339718917 0.964922443070782 1.09315553251304 0.174067641866716 4.72207538193097 1.37758820767899 2.82044808781181 1.5234855160727 2.21219386716586 1.31302813287819 3.79958501802556 0.100847809728165 2.8914605031272 0.561515388509629 3.96556845748578 2.31248578959405 3.90116331615617 0.44200672504137 4.72209367458528 0.867031852580254 2.874351251941 0.370522515104376 0 0 0 0 0 0 0 0 0 0 0 0 0 0 0 0 0 0 0
1.3632695222925 1.17420827694364 0.352783589586799 0.659741745465199 2.65616125435845 8.10789387647031 3.81167258336759 0.314565880312503 0.821581954817749 2.8220146664375 3.11785247277084 3.3984550329752 0.83755238817287 0.367086572423778 0.333304047462873 5.88053138004937 4.42686786312537 4.65815563600852 1.21478211386191 0.823490101718808 1.62474132149488 4.21583050832368 0.617714156856648 4.93105942378577 0.373762422408826 0.620172972488765 2.59808974752131 0.376748363773457 0 0 0 0 0 0 0 0 0 0 0 0 0 0 0 0 0 0 0 0 0
3.0625678764118 1.94337805413084 0.646615798050036 1.98006391059853 0.535301065052677 0.189828515728052 0.584939155357901 0.508921698639384 0.453444921983252 0.0900877742667046 0.0598776351523924 1.29026113874846 0.17353584227612 0.330699666051551 0.300865619551261 0.110863888931471 3.51524918690353 0.0448222931997768 2.87375398609616 0.441259284016761 4.89101039472342 3.57354229580008 0.276101021074512 0.400912375427261 10.5142165165157 1.24583693943934 0 0 0 0 0 0 0 0 0 0 0 0 0 0 0 0 0 0 0 0 0 0 0
2.50374675799531 0.910450874776609 5.04541136332582 2.9835804064014 0.169363025193042 0.0924550840050837 1.02201932225652 0.373869972640428 0.194345924983648 4.29627772116724 3.38885317757262 1.13929209286047 4.5122846725493 2.31959441034906 3.98575307924629 0.924429595020523 4.95533618934899 0.275205556213874 2.77087983583272 1.22420132986048 3.33633052802313 2.37186285830836 0.855247293424069 0.230583520135382 0 0 0 0 0 0 0 0 0 0 0 0 0 0 0 0 0 0 0 0 0 0 0 0 0
8.68804127500025 2.01755858722327 6.797871372378 0.646440569867097 0.963738216648016 2.6626089146257 4.74689525260488 3.92758692909779 4.02828812889937 0.0308545023326506 2.01161000364745 2.47014197179291 9.46464653383897 0.851350272304496 9.02905467237588 1.67885227270267 0.367029289855206 0.191165601549145 3.79881804341426 0.135943848309747 0.319509613739347 0.32187087729194 0 0 0 0 0 0 0 0 0 0 0 0 0 0 0 0 0 0 0 0 0 0 0 0 0 0 0
1.69731454569911 3.3218335287482 1.62200151605218 2.54492638881885 0.140398061033339 0.65548003458848 0.0191272238256278 0.374858923075977 0.353921119278362 0.908535132689265 0.0350931234201996 3.90252979248333 1.88138689628257 3.40836386721332 0.480808821935502 0.409224676041912 0.782681210422267 0.50320408169506 4.31374799570674 0.874989869575679 0 0 0 0 0 0 0 0 0 0 0 0 0 0 0 0 0 0 0 0 0 0 0 0 0 0 0 0 0
0.632674326091154 0.27614529966454 1.25028634282989 1.6815378816415 1.32122740475596 2.80913292302067 2.12306966597191 3.60782006203241 0.476355854779715 0.588576396114865 0.408142604107985 2.94542001712372 2.31632513870493 1.03874375729334 1.60152668254413 4.21715317762898 0.680932406731146 5.65747020831313 0 0 0 0 0 0 0 0 0 0 0 0 0 0 0 0 0 0 0 0 0 0 0 0 0 0 0 0 0 0 0
2.46134192612211 1.41256733769387 0.184398976442141 3.34402779301217 1.30739310802679 0.72567937263508 1.81531440677676 1.87517766234733 2.55176040213745 1.0550276782309 3.18646301709192 3.59651057179765 4.36159651552329 0.469540820948272 5.47174036532442 0.0749176064274078 0 0 0 0 0 0 0 0 0 0 0 0 0 0 0 0 0 0 0 0 0 0 0 0 0 0 0 0 0 0 0 0 0
0.134497225485856 0.153450432674381 2.37823491241833 2.55117793727497 3.42642160713318 1.42818105970245 0.343043681168359 3.9216813258225 1.40408045150885 3.99350065262338 4.20528117150561 0.585999173368003 0.827519488108257 1.25816337827377 0 0 0 0 0 0 0 0 0 0 0 0 0 0 0 0 0 0 0 0 0 0 0 0 0 0 0 0 0 0 0 0 0 0 0
0.0984963607114571 1.9795782177483 4.45183730308853 0.276439779019692 2.00866630582055 0.0986494645673278 0.283154292008203 0.845030049698689 0.229928600253375 1.3240507343478 4.19732224262276 1.97859833568899 0 0 0 0 0 0 0 0 0 0 0 0 0 0 0 0 0 0 0 0 0 0 0 0 0 0 0 0 0 0 0 0 0 0 0 0 0
0.938324818693068 3.81956806176166 0.955989382001688 3.33767596473076 1.25872858010216 0.214390022773047 3.2357836720607 6.78677929652397 3.43616129227857 1.27001725664921 0 0 0 0 0 0 0 0 0 0 0 0 0 0 0 0 0 0 0 0 0 0 0 0 0 0 0 0 0 0 0 0 0 0 0 0 0 0 0
0.0715957941603822 4.43878464891864 0.509770788012911 3.51269149219866 0.865821408531176 5.28934800303166 4.39713295392783 0.426666595504138 0 0 0 0 0 0 0 0 0 0 0 0 0 0 0 0 0 0 0 0 0 0 0 0 0 0 0 0 0 0 0 0 0 0 0 0 0 0 0 0 0
0.0959030437877357 3.11541351031529 6.10755357045032 0.16027944230994 0.951547282453125 5.69675209129602 0 0 0 0 0 0 0 0 0 0 0 0 0 0 0 0 0 0 0 0 0 0 0 0 0 0 0 0 0 0 0 0 0 0 0 0 0 0 0 0 0 0 0
1.29344836913383 2.45102127915134 0.0283728473563837 3.15918102847417 0 0 0 0 0 0 0 0 0 0 0 0 0 0 0 0 0 0 0 0 0 0 0 0 0 0 0 0 0 0 0 0 0 0 0 0 0 0 0 0 0 0 0 0 0
0.454472168939166 0.629920856500987 0 0 0 0 0 0 0 0 0 0 0 0 0 0 0 0 0 0 0 0 0 0 0 0 0 0 0 0 0 0 0 0 0 0 0 0 0 0 0 0 0 0 0 0 0 0 0
