1.93850906615635 0 0 0 0 0 0 0 0 0 0 0 0 0 0 0 0 0 0 0 0 0 0 0 0 0 0 0 0 0 0 0 0 0 0 0 0 0 0 0 0 0 0 0 0 0 0 0 0
3.80159815488584 7.30890998660311 0 0 0 0 0 0 0 0 0 0 0 0 0 0 0 0 0 0 0 0 0 0 0 0 0 0 0 0 0 0 0 0 0 0 0 0 0 0 0 0 0 0 0 0 0 0 0
1.93098149348549 1.33203525372883 1.12372659988095 0 0 0 0 0 0 0 0 0 0 0 0 0 0 0 0 0 0 0 0 0 0 0 0 0 0 0 0 0 0 0 0 0 0 0 0 0 0 0 0 0 0 0 0 0 0
2.53927963663074 0.260339880570999 2.65239151203386 1.42591214486442 0 0 0 0 0 0 0 0 0 0 0 0 0 0 0 0 0 0 0 0 0 0 0 0 0 0 0 0 0 0 0 0 0 0 0 0 0 0 0 0 0 0 0 0 0
0.176877327823481 3.77852247542448 3.05671146808007 2.33747365231187 2.402124140956 0 0 0 0 0 0 0 0 0 0 0 0 0 0 0 0 0 0 0 0 0 0 0 0 0 0 0 0 0 0 0 0 0 0 0 0 0 0 0 0 0 0 0 0
3.6151491576098 1.81723919756107 0.0129825206246926 0.240693250521227 2.9722612709708 0.944217602221849 0 0 0 0 0 0 0 0 0 0 0 0 0 0 0 0 0 0 0 0 0 0 0 0 0 0 0 0 0 0 0 0 0 0 0 0 0 0 0 0 0 0 0
2.38891529068392 10.2264795678296 0.784422833907525 1.25006708290307 2.95057024746809 1.25153949019976 5.94056585729624 0 0 0 0 0 0 0 0 0 0 0 0 0 0 0 0 0 0 0 0 0 0 0 0 0 0 0 0 0 0 0 0 0 0 0 0 0 0 0 0 0 0
4.16514717653723 1.17680674833074 0.360495174051049 1.23380176165662 2.16545073378012 1.03740785304326 0.820912776402946 4.54412642918853 0 0 0 0 0 0 0 0 0 0 0 0 0 0 0 0 0 0 0 0 0 0 0 0 0 0 0 0 0 0 0 0 0 0 0 0 0 0 0 0 0
3.04317879088423 7.34011765694508 4.01220432459212 1.59788080895513 5.99750942968162 0.878359280052553 0.65795342391914 1.25708041582962 1.31387385805083 0 0 0 0 0 0 0 0 0 0 0 0 0 0 0 0 0 0 0 0 0 0 0 0 0 0 0 0 0 0 0 0 0 0 0 0 0 0 0 0
2.88639477354216 3.48111366354213 1.3973742142028 11.6447471852745 0.994182393513279 1.74507359656667 3.63174174568469 0.96235826817661 1.94307202289967 3.19607229303027 0 0 0 0 0 0 0 0 0 0 0 0 0 0 0 0 0 0 0 0 0 0 0 0 0 0 0 0 0 0 0 0 0 0 0 0 0 0 0
1.33194525362853 0.238466456212638 8.58231807850486 2.54896832952068 5.32834363594182 3.09262118359205 4.71134051832203 0.779929140597303 4.56517855377611 1.08238004203402 1.40794797922037 0 0 0 0 0 0 0 0 0 0 0 0 0 0 0 0 0 0 0 0 0 0 0 0 0 0 0 0 0 0 0 0 0 0 0 0 0 0
0.18473162465095 12.6130186123859 0.537966208678343 8.02191383555487 1.22715876615489 4.61655953334167 0.69141105025524 6.49223139356331 5.98821551457172 1.79837504764635 1.12121211374904 1.15017974178607 0 0 0 0 0 0 0 0 0 0 0 0 0 0 0 0 0 0 0 0 0 0 0 0 0 0 0 0 0 0 0 0 0 0 0 0 0
7.59809596977819 3.08311298485564 6.41681910560569 1.01482612917303 0.148533639305325 10.2996755489868 7.77545681633074 2.07443658411214 0.971982848231984 2.5262286038449 0.214732942247815 18.5941363193525 1.81686215535973 0 0 0 0 0 0 0 0 0 0 0 0 0 0 0 0 0 0 0 0 0 0 0 0 0 0 0 0 0 0 0 0 0 0 0 0
5.08720429008924 4.59630924202501 4.71755554431496 8.54315365864808 0.449394826772014 1.94141668098685 0.238764794206987 2.91676498958366 3.90639223367948 9.0175858248214 1.93504728482834 2.65736332895954 2.66164645247261 2.1317172766089 0 0 0 0 0 0 0 0 0 0 0 0 0 0 0 0 0 0 0 0 0 0 0 0 0 0 0 0 0 0 0 0 0 0 0
4.02293325138138 0.767496260624376 0.647056166288826 1.68826656047534 2.64369720918497 0.0323954766374897 5.63964966771508 2.08174952106291 0.756565634260753 1.00602194643167 2.4179770450533 1.30938929019047 0.0231480748122246 0.564845814795554 0.807536103991016 0 0 0 0 0 0 0 0 0 0 0 0 0 0 0 0 0 0 0 0 0 0 0 0 0 0 0 0 0 0 0 0 0 0
0.0652856122419 0.139465164470387 0.910461777937073 0.246845884944471 3.59287824924168 3.19060541099928 2.57714905345756 1.71345512588535 0.364407555397636 1.12268885927167 6.97172019018881 0.299883763983268 0.430979192003995 0.977039170097277 0.342392715037629 0.743805119872955 0 0 0 0 0 0 0 0 0 0 0 0 0 0 0 0 0 0 0 0 0 0 0 0 0 0 0 0 0 0 0 0 0
2.58099198362577 0.159562034471871 3.41716928995181 2.97600700306182 9.89535526861936 3.65313655399112 0.165600104811675 0.419026424901259 0.902532106329563 7.02799652269092 4.64530858038907 1.68012443264186 0.314572723862733 5.68885749280121 1.71886072538767 4.35172084469964 2.59952894355529 0 0 0 0 0 0 0 0 0 0 0 0 0 0 0 0 0 0 0 0 0 0 0 0 0 0 0 0 0 0 0 0
2.8699205790692 4.68645974803379 0.253642429170901 2.65076182764592 0.318800501180779 1.40483683615984 1.26999591970951 0.859396352895451 2.15572172996694 3.11060772930064 2.20836952885293 3.11277047308404 1.49423740515383 3.38229322045965 2.92872858813445 4.58282842916509 4.3466140989731 1.12526167542617 0 0 0 0 0 0 0 0 0 0 0 0 0 0 0 0 0 0 0 0 0 0 0 0 0 0 0 0 0 0 0
0.5976369099832 2.88531807778163 1.86722882622403 0.56783223984907 0.362839831395392 10.4700654645874 0.590876756466825 0.781072765740794 0.0760103347132523 0.573874608380068 0.355362732405238 5.2832387108175 3.98684633990618 2.03997886815951 0.773325155793363 4.03457060583138 1.43091191488593 3.70607324136667 3.36728244267079 0 0 0 0 0 0 0 0 0 0 0 0 0 0 0 0 0 0 0 0 0 0 0 0 0 0 0 0 0 0
2.11917895002173 0.67475790532618 0.384509458899406 1.77795515085586 0.278830759094377 5.36067406585541 0.903432298340647 0.893722432179716 0.616989859410382 2.06484022833229 1.43794873343468 2.16772646848042 4.05244614937329 4.07755530315514 0.915470939039613 2.53281483669844 0.564669500421981 2.40208810460939 0.0393840304743667 2.05174612909513 0 0 0 0 0 0 0 0 0 0 0 0 0 0 0 0 0 0 0 0 0 0 0 0 0 0 0 0 0
1.95744378829856 0.98619228803441 0.389713423977761 2.901085113747 3.1281539495664 2.72885578149886 0.721712636214472 1.53051649960696 0.438006055929525 2.52578783122494 0.942062562665244 1.51960674012494 0.453351040848963 7.36559150689769 0.0208664350383418 3.85065338957437 5.46931366338087 2.88616084186509 5.52238927062252 0.472815610820549 2.75592785550086 0 0 0 0 0 0 0 0 0 0 0 0 0 0 0 0 0 0 0 0 0 0 0 0 0 0 0 0
0.424842366108924 2.08288478650788 2.59209021847006 4.15125654290322 8.05311633572942 2.96015547449338 4.90269849513922 1.97442613526365 1.26309968222908 6.03740412520759 6.52883931040409 0.0105347331549413 3.33704932278206 3.16521042818033 5.48854052192753 3.12128189511649 9.55483758448146 1.90983180640824 1.4038471415722 1.03993745579651 2.22644767732872 0.839724005060919 0 0 0 0 0 0 0 0 0 0 0 0 0 0 0 0 0 0 0 0 0 0 0 0 0 0 0
5.96988287020718 5.01655219468555 1.27569240209353 0.828918824719962 4.222645181613 0.325445111192911 0.0543356503424442 2.35191534228713 1.27071899940047 1.64539080110261 0.264632782777738 5.00714007001314 6.11345813087415 1.42124743325095 2.93915219684103 2.12927686739287 2.22187766768389 0.740859715114012 0.0943334405678332 7.67011574857419 1.92915276934542 2.18308334763703 6.73879603210267 0 0 0 0 0 0 0 0 0 0 0 0 0 0 0 0 0 0 0 0 0 0 0 0 0 0
2.81802271509245 3.00475957886588 1.1556186123777 0.180543272239606 0.0338025146954093 0.201045585842632 2.60648714236478 3.34779603532163 6.03776198256832 0.360686853950844 0.728641755831118 0.382456923712765 0.360601130451811 0.099984384931779 1.20079361606212 0.869996542952462 0.919817683051923 1.5636125523171 3.73140332041503 2.49188900093081 2.67923594051185 1.49217274948258 9.24790630408074 2.72291879205494 0 0 0 0 0 0 0 0 0 0 0 0 0 0 0 0 0 0 0 0 0 0 0 0 0
0.135118854148958 2.50985702234366 0.56263766567306 0.327479445432991 0.898848600376363 4.06958432200334 2.73827980847234 0.733424722186095 6.09722993111102 4.49372176918019 2.1963533378319 5.12678843061079 6.71380760175979 1.90879011153807 4.72798887517332 0.671142214480573 3.12688334817033 0.697098023056045 0.283129915705666 0.0424858725303347 4.7832359268533 0.91298724676014 5.25972915095296 0.540259653906307 2.68594293561497 0 0 0 0 0 0 0 0 0 0 0 0 0 0 0 0 0 0 0 0 0 0 0 0
0.693618848751071 0.0897660175072903 1.1444488506461 0.984394107727338 1.26736655254086 1.82607501061232 0.171497559771637 3.36976066762761 2.72053048622931 0.181328176605586 4.34364578815035 2.87486852243265 0.242235962204438 0.980459069779659 1.38932342918316 0.55203716580959 9.173011772764 1.11075623517974 0.507084805721546 4.11382419671451 0.5435416582151 5.91289771280346 0.425393584746599 3.28248580781205 4.13072323881133 5.93964327690858 0 0 0 0 0 0 0 0 0 0 0 0 0 0 0 0 0 0 0 0 0 0 0
0.81408510730718 0.752178298454006 0.762886239651848 1.55157232197798 8.01929715651603 1.61695487322512 1.44305873245505 0.566886175592443 3.16665235363623 5.65824111533596 1.63244905520124 0.0790023272738165 0.778048915973649 4.79821966307057 4.3253624573411 5.9597423911394 7.67326570767933 3.39158118736077 0.428520748401113 1.89966593314794 1.99401084666001 6.18498134785958 1.88862303999786 0.689174797931208 0.667211323582001 0.497565799806483 3.89719045781625 0 0 0 0 0 0 0 0 0 0 0 0 0 0 0 0 0 0 0 0 0 0
2.15887235381812 3.0682766379355 2.09569676926283 0.145421021432623 0.58562116025351 3.86539332380889 2.24384732477393 1.59906359086453 0.721202626169107 0.708291931486161 1.71364728735206 1.13861328641651 0.0777366326019474 2.81893849444326 4.78360465217403 10.5316100246088 0.722746389778232 2.56804749827009 10.6283219764102 0.687293080072737 3.2732531981537 0.717268751116579 0.684549589262453 0.00671562177239528 3.87135459194653 0.0465791401542834 0.941617517790557 3.70456382947481 0 0 0 0 0 0 0 0 0 0 0 0 0 0 0 0 0 0 0 0 0
0.0843529746476875 1.56163249656903 1.33048766316529 1.72658121540321 5.9823474087746 2.95397650942131 3.02438532244371 2.79436730072955 0.520712169268292 0.405741248189738 0.193112962415611 1.01645385536133 0.594268342917573 1.51742578267043 2.9700665740545 0.0190169508586244 0.876746098635187 1.99903555611735 1.81347322692069 0.728206417529186 1.37858374684922 6.598921876874 3.74766407697602 8.12781786101911 4.25949654984089 1.64145620061789 6.52565464964165 2.79676379138216 4.40328770270197 0 0 0 0 0 0 0 0 0 0 0 0 0 0 0 0 0 0 0 0
1.21872632340339 0.918407569448627 5.48410695628735 0.613038790838396 0.636752416515964 0.702682528620944 1.72126997271225 2.06082851991955 0.817333622905518 0.420874405982033 2.51842781231178 0.797591375886769 3.36899881745138 0.213182087751909 0.434954338435043 0.463763059100844 2.52258912024876 0.644281966796138 2.64246199313485 5.85093432203225 3.46484306073169 2.46633760522272 0.972541214685279 0.818856560115935 0.928564856702292 0.306163677275422 3.79861264392677 0.222552666003925 0.770400534953627 6.75082084076678 0 0 0 0 0 0 0 0 0 0 0 0 0 0 0 0 0 0 0
1.65359340195097 7.32524514683777 0.661894341464331 1.61289010213289 1.58831703197421 0.573186321821644 1.70206677073051 4.25828380060932 2.76437790098703 1.63037767049179 1.46540263886885 5.91241622072564 0.525310976818773 1.17766076157787 0.175986743185614 3.79885906521555 0.125183159152073 0.330894507455175 4.04757504897352 3.9724762356914 3.11355145277843 1.67425403116437 4.14084243520969 0.3940092267641 0.686577172930966 1.23416258403597 2.85528373614418 0.908078592347979 0.440318277068147 0.0598755801092674 0.0183035948348692 0 0 0 0 0 0 0 0 0 0 0 0 0 0 0 0 0 0
1.97636453116532 3.19528562611026 0.556239784799222 2.35362536600363 2.86295016266515 0.486432460750799 0.601423157703292 6.0441642383685 0.783054673422994 3.58534364683636 1.1732335029856 1.29181801749625 2.7013054650735 0.849059681151174 13.2523997877124 0.753424407135798 1.52437924548103 2.00448737486968 4.05991595102201 0.41448413193799 2.52270920050672 1.30749978448813 1.73602302914629 2.52422610307372 3.82595655155989 2.4828580023114 4.76352271801821 2.384613577087 4.65647689551131 4.03816021346177 0.957964721998368 6.69462620000036 0 0 0 0 0 0 0 0 0 0 0 0 0 0 0 0 0
2.30248278134371 3.84650358257263 3.07236729332004 4.08255011271823 0.751467252706146 2.58266250434405 1.6975156082262 1.90552313006971 0.0741697451465844 1.17269849395297 3.7761240715485 2.30362612255089 6.03367919914023 2.26755478341556 2.21065819980562 0.422958247305164 3.9058439843095 0.9313018428967 1.52046433740108 2.96174701293221 2.70302804260579 1.60243241189465 0.610430648010447 1.16414665678396 10.333679368684 0.156671331520295 0.815984140041857 1.50836704572622 0.352518275785732 0.491773856655308 0.375093585060161 1.52874019805591 2.00575019717243 0 0 0 0 0 0 0 0 0 0 0 0 0 0 0 0
4.69790007724568 6.92461748243872 1.94120547225144 4.41694922658719 3.28337960300054 0.124276128920039 1.12084159743317 3.27075160957124 9.31253601558727 9.77935604916837 4.77818155226827 4.72858462851904 10.7705956044774 1.70131260688866 9.68707160854388 0.208218050483469 1.84506281706328 0.541455491739152 8.37247097008721 1.348440771339 0.780789668830246 6.53390956219886 2.51038032921136 0.303160772754793 0.749896682629097 3.52058821839825 6.55189051861699 2.07423200729007 2.408745000577 0.710178232315513 0.0888696139762845 1.46733645550469 0 0 0 0 0 0 0 0 0 0 0 0 0 0 0 0 0
2.75519722386175 0.966896152276982 0.643986694366091 3.74815992638204 2.55544484713921 5.01706792643368 1.0672880452393 3.84456740940147 0.887725211217062 2.59133752398972 0.210312641887316 8.68669572890631 1.68825782182378 2.59446169349686 0.907569502980975 3.3239056332691 3.2518678910573 1.3785220206441 2.50194604575489 0.00356234266416733 5.07209105019581 2.04892401963412 6.59163152414127 1.13446120289074 1.5031264719055 1.07015050328086 4.90405283274191 2.89779360003534 2.03340649346029 0.92165169330081 0 0 0 0 0 0 0 0 0 0 0 0 0 0 0 0 0 0 0
1.09908764899744 1.70471240823959 0.647939668468246 8.35188658220089 3.17275672249025 1.32669572129919 1.94593068714421 1.40606253607769 2.72961296601662 2.09326977985883 2.14644193402402 3.2244604630622 0.699498763994394 1.25852649579081 8.05432831380552 0.286984388042037 5.37872380785413 0.243392346165105 1.9027114688052 0.613586573786369 5.66739761211458 8.73321110812323 3.93311313373329 0.29918451952961 0.279955458205587 0.336518917599063 4.1504284296616 0.741605512899303 0 0 0 0 0 0 0 0 0 0 0 0 0 0 0 0 0 0 0 0 0
0.206939961482323 5.37083228256368 0.950093024691956 2.13617532996515 0.159917908823161 2.59713929288894 3.80933651236799 2.11736630140715 0.340697065517347 9.0097023052261 0.415746827180451 1.18160550452485 9.79268270266839 5.07859793425436 0.148621770974213 0.795276262644398 2.95872578659424 0.0132682619983045 1.4924798456347 2.99005844444405 3.75784669694809 1.32189484079788 0.617006630751865 0.540873842819853 3.57674554865251 3.45259774402439 0 0 0 0 0 0 0 0 0 0 0 0 0 0 0 0 0 0 0 0 0 0 0
4.55268007264001 1.0459538645977 0.526263286280357 2.64995653583235 1.54410268419802 8.42374849179344 2.31169086361797 0.219348018566913 1.42079768884492 2.19270988489796 1.28359952686193 1.90109139458941 0.412748286009076 5.4511328445588 5.03225521328876 0.961661326527 6.252718019103 7.99070157916882 1.9315795658269 0.696159265083168 1.02184011118263 0.382588521021835 3.37483082412975 0.319913504616866 0 0 0 0 0 0 0 0 0 0 0 0 0 0 0 0 0 0 0 0 0 0 0 0 0
0.686658178154977 0.158519838056461 4.07787160726601 0.515862578090911 0.138626500623848 0.767598832561712 0.808895200159319 1.48909521024992 1.56014587797882 4.94938475396084 0.269004363393398 4.66740886666292 0.711449581680387 1.32841937502941 0.708051152968628 3.91001609795921 4.16543925150364 1.44763441374313 5.63168538955328 0.547108820388087 0.697786750522426 0.290427241383715 0 0 0 0 0 0 0 0 0 0 0 0 0 0 0 0 0 0 0 0 0 0 0 0 0 0 0
1.53896660735183 2.09186247168916 3.29199370767579 4.08255765518663 1.89234946697942 1.85367625617784 0.261343955143051 2.11871676534528 0.49054213815586 1.61371283786841 3.79151846727631 1.94563595169461 3.59853690826706 0.0185984620913317 3.16799619998048 5.3745743346451 4.31076475096322 2.94670741222371 0.00263989193514993 0.338718602316019 0 0 0 0 0 0 0 0 0 0 0 0 0 0 0 0 0 0 0 0 0 0 0 0 0 0 0 0 0
2.14471604466899 0.792242195514104 0.716649846837323 0.580627657461427 1.51036759229399 0.394782249409492 2.39172060793121 0.738763350439096 1.0821657178719 0.0604289152083032 4.35247570231633 1.04074159604692 0.541628736721125 4.37412450865753 1.0108066510424 0.249757130497047 0.00389052761067403 0.289963924421222 0 0 0 0 0 0 0 0 0 0 0 0 0 0 0 0 0 0 0 0 0 0 0 0 0 0 0 0 0 0 0
0.104989908851566 1.95000239850224 1.31857515810045 0.810040344768728 1.01048156242905 0.19882251740299 1.44717649828642 5.250075632441 3.46684433867503 2.80010828143314 4.88855186953676 1.17247817638207 3.33372863237986 0.468366713480219 3.50035145139903 0.582392423679753 0 0 0 0 0 0 0 0 0 0 0 0 0 0 0 0 0 0 0 0 0 0 0 0 0 0 0 0 0 0 0 0 0
2.2537784148537 1.8612054217133 0.668526759736621 0.193265059929983 4.24186851688419 0.145374490301324 0.763481715397919 2.72850435666569 4.65237614424515 3.47272981637389 0.488215021618531 0.244528208362734 1.38410469389487 6.09255456651474 0 0 0 0 0 0 0 0 0 0 0 0 0 0 0 0 0 0 0 0 0 0 0 0 0 0 0 0 0 0 0 0 0 0 0
2.72324844464412 0.989528801478684 1.74862716814291 0.127253613808102 7.60311336981391 3.79924877016746 2.75161177543625 0.21280971951893 0.386329777947648 2.12234632564387 0.644569201758212 3.24725021597073 0 0 0 0 0 0 0 0 0 0 0 0 0 0 0 0 0 0 0 0 0 0 0 0 0 0 0 0 0 0 0 0 0 0 0 0 0
1.33415776549187 8.0105682990504 2.76435211244175 4.3400564464362 1.42668233372596 2.49764641273544 0.700000474726421 5.39954668165995 1.35108815480432 0.210825135398961 0 0 0 0 0 0 0 0 0 0 0 0 0 0 0 0 0 0 0 0 0 0 0 0 0 0 0 0 0 0 0 0 0 0 0 0 0 0 0
6.93384552964111 1.33299478698327 1.43929942292107 2.23523861550243 9.12987165030207 0.378057079441085 2.75236215457043 0.51821828029808 0 0 0 0 0 0 0 0 0 0 0 0 0 0 0 0 0 0 0 0 0 0 0 0 0 0 0 0 0 0 0 0 0 0 0 0 0 0 0 0 0
0.50822098812558 2.61817007146397 1.15406878457197 9.54166632184856 0.590289852448278 3.7269612663641 0 0 0 0 0 0 0 0 0 0 0 0 0 0 0 0 0 0 0 0 0 0 0 0 0 0 0 0 0 0 0 0 0 0 0 0 0 0 0 0 0 0 0
0.831008853079963 2.18603610568966 0.113534127750786 3.68260127301247 0 0 0 0 0 0 0 0 0 0 0 0 0 0 0 0 0 0 0 0 0 0 0 0 0 0 0 0 0 0 0 0 0 0 0 0 0 0 0 0 0 0 0 0 0
2.16172781784164 6.68156396331926 0 0 0 0 0 0 0 0 0 0 0 0 0 0 0 0 0 0 0 0 0 0 0 0 0 0 0 0 0 0 0 0 0 0 0 0 0 0 0 0 0 0 0 0 0 0 0
