11.0194487127494 0 0 0 0 0 0 0 0 0 0 0 0 0 0 0 0 0 0 0 0 0 0 0 0 0 0 0 0 0 0 0 0 0 0 0 0 0 0 0 0 0 0 0 0 0 0 0 0
2.88669175243225 2.75370809879353 0 0 0 0 0 0 0 0 0 0 0 0 0 0 0 0 0 0 0 0 0 0 0 0 0 0 0 0 0 0 0 0 0 0 0 0 0 0 0 0 0 0 0 0 0 0 0
11.4631840539573 7.29460152454391 0.241854275220546 0 0 0 0 0 0 0 0 0 0 0 0 0 0 0 0 0 0 0 0 0 0 0 0 0 0 0 0 0 0 0 0 0 0 0 0 0 0 0 0 0 0 0 0 0 0
26.4061155245748 4.24988244871244 4.85635016618233 4.78597682570555 0 0 0 0 0 0 0 0 0 0 0 0 0 0 0 0 0 0 0 0 0 0 0 0 0 0 0 0 0 0 0 0 0 0 0 0 0 0 0 0 0 0 0 0 0
5.89543379723526 4.23518465574639 9.67091930315374 2.67678815492784 5.11638965421187 0 0 0 0 0 0 0 0 0 0 0 0 0 0 0 0 0 0 0 0 0 0 0 0 0 0 0 0 0 0 0 0 0 0 0 0 0 0 0 0 0 0 0 0
11.9533536309781 2.50150165520424 2.61054236572146 16.6136875427435 0.822946001933644 3.30022857455364 0 0 0 0 0 0 0 0 0 0 0 0 0 0 0 0 0 0 0 0 0 0 0 0 0 0 0 0 0 0 0 0 0 0 0 0 0 0 0 0 0 0 0
0.887897370671605 7.62963609746967 15.2567580730364 2.5397381479175 4.52809955853505 1.53412390182645 2.70306259110773 0 0 0 0 0 0 0 0 0 0 0 0 0 0 0 0 0 0 0 0 0 0 0 0 0 0 0 0 0 0 0 0 0 0 0 0 0 0 0 0 0 0
1.56818389881967 4.18355829025588 1.30145350694718 0.345490972424193 1.54621937676891 3.40106718024561 0.616510484260433 0.275185117702346 0 0 0 0 0 0 0 0 0 0 0 0 0 0 0 0 0 0 0 0 0 0 0 0 0 0 0 0 0 0 0 0 0 0 0 0 0 0 0 0 0
3.92096177146468 2.45458562152694 8.25717108577786 3.86108739683042 9.04889379889697 0.581874291624559 3.43411131658003 4.36899412825029 0.706155868215378 0 0 0 0 0 0 0 0 0 0 0 0 0 0 0 0 0 0 0 0 0 0 0 0 0 0 0 0 0 0 0 0 0 0 0 0 0 0 0 0
0.429361035363467 4.54439253591033 3.31833762986812 8.16551170187388 4.67834210570347 7.95584476404303 3.66995468238471 6.47678347738237 1.6560961765073 0.188150126798174 0 0 0 0 0 0 0 0 0 0 0 0 0 0 0 0 0 0 0 0 0 0 0 0 0 0 0 0 0 0 0 0 0 0 0 0 0 0 0
1.97331064801429 4.54768926501833 13.5291138396291 1.71196652521466 1.23703390609739 6.5775057809933 6.22897732913583 2.67015626847706 0.184675609962312 2.30777608320391 0.238904807443503 0 0 0 0 0 0 0 0 0 0 0 0 0 0 0 0 0 0 0 0 0 0 0 0 0 0 0 0 0 0 0 0 0 0 0 0 0 0
3.71667114374823 2.16771735813153 2.84126449969128 2.05535608138796 0.302615066717982 5.34948604084045 6.86949231789891 4.01067931643747 4.00013421086505 0.423282505804472 1.03996449680744 1.11478714811346 0 0 0 0 0 0 0 0 0 0 0 0 0 0 0 0 0 0 0 0 0 0 0 0 0 0 0 0 0 0 0 0 0 0 0 0 0
2.62560143845998 0.348631898716931 2.23777240974915 0.785042851445752 3.23435112844884 0.60101720664371 1.35853744833513 0.807956614940028 1.17434993554717 0.908121499609939 1.04361767475593 1.19052840097962 2.28824505055119 0 0 0 0 0 0 0 0 0 0 0 0 0 0 0 0 0 0 0 0 0 0 0 0 0 0 0 0 0 0 0 0 0 0 0 0
0.2815380762475 0.559840776978808 6.94585850987011 8.07578648496771 7.60784685619223 2.47296162062252 5.34891639951278 0.561593308749241 2.0443975771652 6.19524631773605 2.02046813232235 3.34984148962674 0.364680916277745 1.59663140292631 0 0 0 0 0 0 0 0 0 0 0 0 0 0 0 0 0 0 0 0 0 0 0 0 0 0 0 0 0 0 0 0 0 0 0
4.10319806539579 0.924746528940139 5.68007707792168 6.38931110919509 1.0717972055076 2.82532824522633 3.20596692100933 0.0545330306241779 4.08462276543034 2.01476382469578 2.60941762192099 4.24567141352555 5.61407427999544 0.141599689475858 0.000653249663815525 0 0 0 0 0 0 0 0 0 0 0 0 0 0 0 0 0 0 0 0 0 0 0 0 0 0 0 0 0 0 0 0 0 0
3.26105684278263 5.86111502976217 1.11701618469782 1.3474267471484 19.055186531358 0.460847199868355 0.387041839985124 6.67836867669773 3.27128430845433 2.09358044399826 6.22495952074696 6.56684726769173 0.691233269313288 3.31531037107015 0.76024209940673 0.0457132713976305 0 0 0 0 0 0 0 0 0 0 0 0 0 0 0 0 0 0 0 0 0 0 0 0 0 0 0 0 0 0 0 0 0
1.22869966841552 0.313969515853649 5.64319643159176 2.95177582708668 0.395382982257018 0.499315693031937 1.49726518895589 0.833477338333046 0.796237693487337 2.71227644537691 2.6354574437635 0.337925336312673 1.25579567719488 1.99388810921341 1.15476771268393 4.06307968261962 0.361401175948483 0 0 0 0 0 0 0 0 0 0 0 0 0 0 0 0 0 0 0 0 0 0 0 0 0 0 0 0 0 0 0 0
3.72763308433993 0.34910815381999 8.74867824375881 2.99742850370249 3.34068972984962 6.41571111339401 8.12032955883524 0.0848496785550831 7.77920158644381 3.14590641672984 1.02305611275747 0.262897187741595 1.41485314018448 1.57036992348305 1.38795314237085 11.3786643440426 1.00035564681206 2.0601496450091 0 0 0 0 0 0 0 0 0 0 0 0 0 0 0 0 0 0 0 0 0 0 0 0 0 0 0 0 0 0 0
0.226189077057505 4.4056432511127 4.81490324137232 0.00204341544581615 1.75941242427259 0.26162191162697 0.114372844411353 1.68412632830808 2.67550603718937 1.25499399210526 9.17609944537423 0.914187325522592 3.39425022792807 4.33011984258241 4.21950907680841 0.889250051424477 1.39953403432394 3.53029047916778 0.895882594278384 0 0 0 0 0 0 0 0 0 0 0 0 0 0 0 0 0 0 0 0 0 0 0 0 0 0 0 0 0 0
7.09818058614588 0.89635185327891 1.75497595434583 8.98929450341977 12.9483848033766 1.24764835294055 8.68067089112159 5.92943720617122 0.257642531813928 7.78568102641762 1.26534156171006 4.70787056684709 0.000770082685628448 12.559730455868 0.8850064529605 5.14246439941196 1.40619112075692 3.70166593460905 4.80885959509782 3.506733163177 0 0 0 0 0 0 0 0 0 0 0 0 0 0 0 0 0 0 0 0 0 0 0 0 0 0 0 0 0
0.593798590304104 0.503754217424819 4.28088835474793 0.805122721178819 0.320085292703094 2.63403849156732 0.737440949923165 1.31914242643625 3.42022378218974 0.0677786183863554 4.87870173169288 0.536116071602167 0.208467357336768 0.0285358603045414 2.71777703701516 1.28758143891225 0.3049423856123 5.80104230207404 0.402305728136894 0.958470039846635 1.32330618639468 0 0 0 0 0 0 0 0 0 0 0 0 0 0 0 0 0 0 0 0 0 0 0 0 0 0 0 0
0.374312001345607 5.5300287785883 0.147825905212102 1.85247723304864 2.59112105133144 0.645593098519686 1.94542375382282 1.5043218013201 0.323099458547483 0.52181086894016 1.16147318289776 0.505237638137524 1.27750420017891 1.24741170904062 0.701843930025437 3.08523595314411 0.299632092843684 1.0547911819198 3.91395009590799 1.2664591063272 0.633508530986896 0.147479659859335 0 0 0 0 0 0 0 0 0 0 0 0 0 0 0 0 0 0 0 0 0 0 0 0 0 0 0
3.56318966674439 1.51113498081624 0.407132973786203 4.7082885504985 5.54961154108179 0.78989205816704 1.19287164474014 0.454507356784071 0.456156346516351 1.85667748833617 0.55326372074856 0.296930899030372 2.33425365133128 2.43650950185111 5.20990885142768 3.82467451798021 2.14713358744257 1.20110796167624 0.586616622800034 0.884488552786476 0.442938270503727 0.620424741247021 6.03830607902757 0 0 0 0 0 0 0 0 0 0 0 0 0 0 0 0 0 0 0 0 0 0 0 0 0 0
11.8499993900576 3.72104638743556 7.24601153296668 5.40479132466247 9.88499656145345 5.33449914039302 5.38633401971138 2.72890230485033 2.23108929391928 15.0308402055611 0.947470012042364 1.1956822712849 2.85629465684936 3.13505662832192 2.8252526176773 8.96109697520247 0.267139812792647 2.44660921686199 5.57177611949041 3.44893569496963 6.07687378073011 3.74332264132103 0.349965746203415 4.49770627288604 0 0 0 0 0 0 0 0 0 0 0 0 0 0 0 0 0 0 0 0 0 0 0 0 0
0.25011398637817 1.3252718388013 3.2357510195164 1.444814690896 3.97538530113148 2.77803362604839 1.51850900602774 5.06910242237109 6.26765149592254 7.05148009832424 5.01239484263321 5.11088471138814 3.13634975245743 12.3193673832119 9.70648365673634 0.274116049936034 0.852263607492199 6.17721592843416 4.15845098940652 3.23247787925513 0.312648798793164 4.98610614074275 3.08211747516071 1.18183795582998 0.0508786303533564 0 0 0 0 0 0 0 0 0 0 0 0 0 0 0 0 0 0 0 0 0 0 0 0
3.27555707319591 1.24531483874883 1.55885792901616 4.17926690551822 1.92188195283474 3.99864333325164 1.10599331505506 1.22360297885907 0.567789218412609 2.40412777699909 1.01926925886053 1.26409279195949 4.63338172338395 3.60038132388068 0.771149600974534 3.38632322247333 4.66431637341219 2.20816757465947 4.23462566332597 3.41556455895829 4.81230938057624 1.70549238866132 0.0719213988396005 0.593392888550199 4.61246135562623 3.00389366117631 0 0 0 0 0 0 0 0 0 0 0 0 0 0 0 0 0 0 0 0 0 0 0
2.45633662811728 7.17315592459175 2.8403761176184 2.91227630531297 5.07749444740719 2.536540950153 6.65867270867252 2.16383736160624 3.74004944288471 5.8474687324043 0.102661586207103 1.72228115247286 4.99399984708631 6.49727495349917 5.45433156693049 0.782847574930826 2.87591915411007 2.84727138747221 5.30117645679285 0.17151438481634 3.1507905456565 2.4974987360996 4.12513321108572 1.31183497579997 2.25969112800158 0.0136800648552972 0.123721017044011 0 0 0 0 0 0 0 0 0 0 0 0 0 0 0 0 0 0 0 0 0 0
2.08587156863847 0.112240774692685 1.94147539861804 3.20124620481555 0.195083750277478 9.98245851950142 3.00311328809534 3.52743496096605 0.627692092120183 5.06405499434833 0.370286170592468 0.317044964884882 1.22400047932786 2.70926462743542 2.97303297634379 2.43443850877616 0.210284325768389 2.14305813643343 1.02810564547691 2.8897215417902 0.585985120792589 0.809517472071065 0.824418400283197 4.22681534092756 1.61924321215484 0.484652456150887 2.67760068053569 1.58724101569047 0 0 0 0 0 0 0 0 0 0 0 0 0 0 0 0 0 0 0 0 0
2.41460584371503 0.679010992081439 0.683391660611088 1.31084590850966 5.49405182828821 2.5659248213663 1.52432868279762 1.10285142199426 3.8466109926886 4.96677396400805 3.7284361125342 0.983416669590322 4.40600210812035 4.72771189395888 4.04731968637482 6.36800514433698 4.02957223647501 2.98501123377065 5.23165832063164 0.834779127411541 1.16088913473743 4.20952513418589 0.956573977492886 3.84522791755434 1.03480317620587 1.20463613434038 2.66404892750317 0.675492557120309 1.99204811919895 0 0 0 0 0 0 0 0 0 0 0 0 0 0 0 0 0 0 0 0
0.591281592372636 0.487451564050302 1.65618551996219 4.93887292980457 13.0049297266573 1.39791793294886 1.70138274395589 4.88207707899044 3.23654020978752 6.02814488959648 4.24202783494972 0.477343055952776 2.22746009732712 4.82921195940242 1.78306035419765 4.03246240179613 0.445482436716531 1.57093456237753 1.50263746253452 1.10829964392664 0.00178857701889452 1.56334205059602 2.38847832331786 3.43264988674899 1.66232081992543 0.59295836455151 2.02146024447629 0.533783727389409 5.84056672997611 0.119685835816084 0 0 0 0 0 0 0 0 0 0 0 0 0 0 0 0 0 0 0
2.98356216446292 2.03285999700038 9.7567987747683 14.5990726847214 4.84771870979258 3.79872619894525 3.15085281156293 7.65702285406857 7.45626629763071 0.631649333268239 7.55468748051782 4.31392747201659 0.682834800855732 3.98912403847555 4.73600485542564 0.549164586879035 2.37170864724547 1.15473775409804 0.0801769214838987 5.45543609665033 2.20721810906267 3.43147416532501 1.2827127506883 13.6771535092569 5.45480856958391 3.27837632757224 2.40885609468967 1.14355882293804 2.13766020571377 3.88116650517428 11.3353469586547 0 0 0 0 0 0 0 0 0 0 0 0 0 0 0 0 0 0
0.0656077428038048 0.268103890815152 1.10082080917737 0.607810106646506 6.35009367927172 1.65652059246059 0.934177240985298 0.572014448992561 1.22209342510385 1.49375219544676 3.69862584585287 0.430781905960705 0.0231252581701214 2.65993199877012 2.39635156809409 1.07526628748442 5.05069731912931 0.460700781886952 7.52160422163542 2.5374158095296 0.0285114515588022 0.533658498094737 0.106318185666506 0.463584532502053 5.75800305836801 0.624790826683275 0.366279344163603 2.36909176937627 0.80818283359313 5.25143323553404 2.15541034841709 1.01990349779319 0 0 0 0 0 0 0 0 0 0 0 0 0 0 0 0 0
15.5269359793319 3.21958633358715 2.4613220746796 0.478310720700771 7.30348657865722 5.2327419627161 3.21303686583221 2.94334450332234 0.654012143169265 0.997652921502773 2.6325082406754 0.197596254220647 3.67840396001395 2.51581574633791 0.91669912514318 2.4969275658311 0.638912169811749 0.745422703255491 5.28528476740465 1.84733548272155 1.80512755461069 1.94687248005563 6.03958920460223 3.04150708333641 0.339043844606561 2.49083493844985 3.86222987992885 13.2264618939645 0.361415150430005 1.6678580012346 2.82976788946951 3.40737028147827 0.280071123908682 0 0 0 0 0 0 0 0 0 0 0 0 0 0 0 0
13.049991169599 0.443486791701971 2.08031403409818 8.44981551528739 24.5151773983106 4.96738077439399 1.66529398842208 1.11680725125064 5.04434292590043 3.46257697701934 0.014131559257226 2.19011735057866 0.500061192812495 1.31362576129771 0.135437032821982 0.0412617854256206 1.77815757072113 2.23468643270005 1.95276207481024 4.739457742569 1.7716283766027 0.186190665430166 1.83468832294918 10.2633266460952 1.35937843957743 3.60122162650068 6.31256255517301 2.73460866677209 2.4997400604153 1.12767023112217 7.96138238717646 0.747971823025998 0 0 0 0 0 0 0 0 0 0 0 0 0 0 0 0 0
4.21419880818084 7.34226109361807 0.653996446034881 9.50470519700122 9.79286222131526 0.20235391210945 3.92482359746995 0.786242563148419 0.377057039800336 4.73800687130006 3.27426319452357 1.53576179048367 3.23550695787982 0.296971002022385 1.0468025206474 3.23782275768957 4.67263325671196 1.92878496205742 1.83633408473401 5.49438146577156 0.216756758307291 0.424911836861134 0.0397654908526615 0.901892270264051 1.42414163174904 0.724735122500672 4.81632252509192 7.17703021068826 1.2588449149134 3.14017805113494 0 0 0 0 0 0 0 0 0 0 0 0 0 0 0 0 0 0 0
6.15436684105084 1.09112000842928 8.51661758317246 3.70055989641716 0.968427188665771 3.30859917406565 2.88351340738286 0.0560460616360484 6.23643574970969 8.97619431713514 4.17255869168333 0.504308506159694 5.75939667074588 2.7634675027832 3.02078865724804 6.33865026967664 0.277233281590104 2.97247083075229 1.39834583576481 2.94257101252694 1.12638840944627 0.413969189209084 0.747318345145391 10.6480272663416 3.92993957189905 1.24838109298484 1.91992648528891 0.3310828981482 0 0 0 0 0 0 0 0 0 0 0 0 0 0 0 0 0 0 0 0 0
0.0412644817728232 1.83981827843396 0.572644732266838 1.58861206683034 0.31202590347097 0.450913333481484 1.77596217271784 2.47784691077442 2.08771375138536 0.81692124990833 6.53063057046316 1.71921822660601 3.36240039434573 4.17483578104184 0.926958459314303 6.12316720312442 2.33867593484601 0.577727572796561 0.30411734285438 2.55610060122285 4.4587865481794 0.963227544025098 0.282410973225323 1.90477865041858 1.2975385549275 0.526137170928982 0 0 0 0 0 0 0 0 0 0 0 0 0 0 0 0 0 0 0 0 0 0 0
22.799197440567 0.256471719742561 1.06823338346386 5.97626286149871 4.21429223146998 4.67608373286315 1.72374677524611 7.80359764801874 0.899056765596444 12.5697688197171 2.1404516359076 4.95891749654534 0.199989139742226 6.60001019009164 8.01499854228122 2.01932239587345 0.197235135486354 1.61295058796603 3.44372884987578 4.40950282424222 1.23595265679349 0.759537945907675 1.98740770084576 7.97802224432623 0 0 0 0 0 0 0 0 0 0 0 0 0 0 0 0 0 0 0 0 0 0 0 0 0
10.766130060425 0.110828450647687 7.10558876312865 8.09244120826118 4.12867851317651 5.35714202171791 5.68465130002363 3.01158758053604 5.33846532694473 4.04532467051704 4.32965284686618 0.35564377412107 2.13909494651005 1.58972501219276 0.512323054885602 6.170880776972 1.52748238776195 4.30918231516038 2.07101559046767 0.789235354811211 0.553902198197143 0.636585050905171 0 0 0 0 0 0 0 0 0 0 0 0 0 0 0 0 0 0 0 0 0 0 0 0 0 0 0
0.649365578852345 4.77852006748163 4.27932278049099 2.87498066415764 1.87318596339804 1.27307632019621 9.12013624233799 1.16712780545897 3.08896802337811 1.07832971601302 0.268840258328182 0.194195872173958 10.1553143780855 5.58332924864846 4.43767136908926 0.531457372088165 0.254788854356741 5.97766062694879 5.70699973780274 2.21775876440041 0 0 0 0 0 0 0 0 0 0 0 0 0 0 0 0 0 0 0 0 0 0 0 0 0 0 0 0 0
5.87534292364558 11.2734585391527 2.92835657241252 0.607718420095481 0.520209687347423 0.892056900518151 1.50807735144498 3.6457355907329 2.62004572700817 1.20362133548164 5.94914931089653 1.64682090882192 0.48361899512751 2.74242902506192 3.57635984719231 3.42855862179414 0.358322146349872 0.688453736806729 0 0 0 0 0 0 0 0 0 0 0 0 0 0 0 0 0 0 0 0 0 0 0 0 0 0 0 0 0 0 0
2.79550480105576 1.06155797711769 0.0529489453667569 1.59569403809792 1.55610714100993 0.140901563956225 1.28257852536564 4.48537808773046 0.281218402576773 0.91645151472477 2.18580564906127 2.75331251987744 4.74439065516532 1.05259472347701 3.05600017851552 0.246916260550027 0 0 0 0 0 0 0 0 0 0 0 0 0 0 0 0 0 0 0 0 0 0 0 0 0 0 0 0 0 0 0 0 0
1.52777104736057 1.70734003704317 1.89520298846207 1.7521444319689 2.192713311092 0.604080892673811 0.165183503227138 1.09457546780486 1.04658291938415 4.01060168595468 1.61075123475453 0.211680828042505 3.40472748661319 3.99599783110619 0 0 0 0 0 0 0 0 0 0 0 0 0 0 0 0 0 0 0 0 0 0 0 0 0 0 0 0 0 0 0 0 0 0 0
0.368661972579157 3.08017048174179 0.606740389282339 1.27499320638385 0.034716942468417 2.0744490161748 1.04525193842134 2.83418227427417 4.68403625254853 0.789738633560716 2.36283166676208 2.11564551193892 0 0 0 0 0 0 0 0 0 0 0 0 0 0 0 0 0 0 0 0 0 0 0 0 0 0 0 0 0 0 0 0 0 0 0 0 0
4.57057695874344 4.28282423328254 4.24192751540852 1.00670859603996 3.74199844713161 3.73062640203103 3.1039466145654 4.29667550623545 0.995323421678372 1.23669342493567 0 0 0 0 0 0 0 0 0 0 0 0 0 0 0 0 0 0 0 0 0 0 0 0 0 0 0 0 0 0 0 0 0 0 0 0 0 0 0
2.1499960791954 2.29788506819135 0.0729662941895923 3.01685358336525 1.215669354906 2.17353326830398 2.43420922196442 4.21070921741657 0 0 0 0 0 0 0 0 0 0 0 0 0 0 0 0 0 0 0 0 0 0 0 0 0 0 0 0 0 0 0 0 0 0 0 0 0 0 0 0 0
3.13733598838959 1.66560703387811 2.97315808465674 1.58193855398519 3.14795552417114 0.436907753488406 0 0 0 0 0 0 0 0 0 0 0 0 0 0 0 0 0 0 0 0 0 0 0 0 0 0 0 0 0 0 0 0 0 0 0 0 0 0 0 0 0 0 0
2.40233592311898 6.09800491132463 9.04866158915218 1.27949156508571 0 0 0 0 0 0 0 0 0 0 0 0 0 0 0 0 0 0 0 0 0 0 0 0 0 0 0 0 0 0 0 0 0 0 0 0 0 0 0 0 0 0 0 0 0
0.782988913968954 3.97612743470736 0 0 0 0 0 0 0 0 0 0 0 0 0 0 0 0 0 0 0 0 0 0 0 0 0 0 0 0 0 0 0 0 0 0 0 0 0 0 0 0 0 0 0 0 0 0 0
