0.740564976425138 0 0 0 0 0 0 0 0 0 0 0 0 0 0 0 0 0 0 0 0 0 0 0 0 0 0 0 0 0 0 0 0 0 0 0 0 0 0 0 0 0 0 0 0 0 0 0 0
0.678915714941127 3.82051015350444 0 0 0 0 0 0 0 0 0 0 0 0 0 0 0 0 0 0 0 0 0 0 0 0 0 0 0 0 0 0 0 0 0 0 0 0 0 0 0 0 0 0 0 0 0 0 0
2.15078676415967 0.35770260460705 1.32839385617277 0 0 0 0 0 0 0 0 0 0 0 0 0 0 0 0 0 0 0 0 0 0 0 0 0 0 0 0 0 0 0 0 0 0 0 0 0 0 0 0 0 0 0 0 0 0
1.66524804210026 9.48320595834933 1.1515635521273 1.47662523791338 0 0 0 0 0 0 0 0 0 0 0 0 0 0 0 0 0 0 0 0 0 0 0 0 0 0 0 0 0 0 0 0 0 0 0 0 0 0 0 0 0 0 0 0 0
6.69520626071801 3.31693141551999 0.238275975702805 1.35126843713091 2.34381311105949 0 0 0 0 0 0 0 0 0 0 0 0 0 0 0 0 0 0 0 0 0 0 0 0 0 0 0 0 0 0 0 0 0 0 0 0 0 0 0 0 0 0 0 0
0.712102069510703 5.49907087056979 0.328648966103018 1.17188282767475 5.75011967339919 1.90944267829414 0 0 0 0 0 0 0 0 0 0 0 0 0 0 0 0 0 0 0 0 0 0 0 0 0 0 0 0 0 0 0 0 0 0 0 0 0 0 0 0 0 0 0
3.4074038751548 7.83673688203162 0.601138935622678 1.90262730417323 6.01547566874893 0.249362351121443 0.199597047440906 0 0 0 0 0 0 0 0 0 0 0 0 0 0 0 0 0 0 0 0 0 0 0 0 0 0 0 0 0 0 0 0 0 0 0 0 0 0 0 0 0 0
0.16903346083268 0.0721124689900963 0.950701396432797 0.797452420128178 3.64228762688684 0.626156588429816 1.64454731670635 2.40117674495927 0 0 0 0 0 0 0 0 0 0 0 0 0 0 0 0 0 0 0 0 0 0 0 0 0 0 0 0 0 0 0 0 0 0 0 0 0 0 0 0 0
6.17965329179564 4.7230823600351 1.81969747196077 6.60006336423454 0.688023608852669 1.80209930461741 2.13021240790133 1.82126741047674 0.489486384550011 0 0 0 0 0 0 0 0 0 0 0 0 0 0 0 0 0 0 0 0 0 0 0 0 0 0 0 0 0 0 0 0 0 0 0 0 0 0 0 0
0.353672443021754 4.34627742955129 0.861542619024636 1.39262579010647 0.877383629548558 2.60330801622342 0.760139506077533 1.64467091413792 3.47966313052206 6.42399713954238 0 0 0 0 0 0 0 0 0 0 0 0 0 0 0 0 0 0 0 0 0 0 0 0 0 0 0 0 0 0 0 0 0 0 0 0 0 0 0
0.94274714394798 3.04288649151457 6.66712658532851 1.292193916846 9.70205405612099 2.92587565369249 2.10558678797205 0.0508251519371327 1.8735929844547 0.608974606494875 2.31160571165662 0 0 0 0 0 0 0 0 0 0 0 0 0 0 0 0 0 0 0 0 0 0 0 0 0 0 0 0 0 0 0 0 0 0 0 0 0 0
2.0919321454592 4.12268535743165 1.0777518089877 1.11104873448544 2.26041587731132 0.193510228135123 0.791978045446324 3.97208699819294 2.26141025265767 1.59551376622362 3.60810072730967 0.192951979084063 0 0 0 0 0 0 0 0 0 0 0 0 0 0 0 0 0 0 0 0 0 0 0 0 0 0 0 0 0 0 0 0 0 0 0 0 0
2.96022089265526 0.0657085837857121 3.79455946472396 0.353385238651639 0.959731563714348 0.659516844153718 1.42148021595401 5.89775076459399 0.360272033790938 1.32043693582619 3.11849275496813 0.669606718567111 13.5307664256369 0 0 0 0 0 0 0 0 0 0 0 0 0 0 0 0 0 0 0 0 0 0 0 0 0 0 0 0 0 0 0 0 0 0 0 0
0.558265597139992 3.18426051847376 2.41030521059327 0.814295205824487 3.84363221157756 1.03446835374939 2.07797400593106 3.16322687080763 0.200328131387242 2.44823827397044 1.65216030022617 1.49924988813773 0.105302942701934 1.33943974772424 0 0 0 0 0 0 0 0 0 0 0 0 0 0 0 0 0 0 0 0 0 0 0 0 0 0 0 0 0 0 0 0 0 0 0
4.37397031988697 0.272708463230443 5.32642932452693 5.26435225819231 2.13246024521712 1.91306808398635 2.5245227238695 0.529403542520956 1.10688208171831 3.09039079818477 0.311173370819933 2.13031704399261 1.13749838657705 10.2468398788929 1.23868083091211 0 0 0 0 0 0 0 0 0 0 0 0 0 0 0 0 0 0 0 0 0 0 0 0 0 0 0 0 0 0 0 0 0 0
2.73215261830549 3.13190067418245 7.39497426200299 1.87993970204564 2.32493780955582 7.20426693589781 2.07653959988332 0.908848715254335 3.24982198305461 0.652609434632434 0.965355504714429 6.24792981287307 1.91826424445879 1.10703968908825 3.04439937476535 1.88559614872216 0 0 0 0 0 0 0 0 0 0 0 0 0 0 0 0 0 0 0 0 0 0 0 0 0 0 0 0 0 0 0 0 0
1.86694502666835 0.0108491761947559 5.18360545706802 0.179563914650774 0.148699906579376 7.34902259274784 0.122077390032416 1.56530569019062 1.90130804400716 0.276143349005388 5.85966805434525 4.48938878278398 0.677882804332158 13.9997049304998 2.01059008861126 0.336928607053489 2.36980026417034 0 0 0 0 0 0 0 0 0 0 0 0 0 0 0 0 0 0 0 0 0 0 0 0 0 0 0 0 0 0 0 0
0.0544882918926487 6.67101279093456 0.322517364565107 0.345148986536139 6.42153266037309 2.90123055497433 0.0193811124444164 2.5455506835446 1.64157076974855 2.18443711008192 1.7173007196862 4.87865867181348 2.08162273036158 2.82164231218927 1.51697133958645 0.403756122857711 3.56199110517983 3.08707721915922 0 0 0 0 0 0 0 0 0 0 0 0 0 0 0 0 0 0 0 0 0 0 0 0 0 0 0 0 0 0 0
7.02531264676728 5.9741021292476 2.5188620599543 1.02941446282587 1.4141145898359 1.19370034399677 3.11603311559813 0.947622687444102 9.15290039373512 4.81021219058699 1.82090117922983 4.87370055833235 0.771244050036773 0.389090626395047 0.591231875197323 5.13908561404538 0.19085481953724 0.476557784967053 1.57943737204119 0 0 0 0 0 0 0 0 0 0 0 0 0 0 0 0 0 0 0 0 0 0 0 0 0 0 0 0 0 0
8.21015422383243 2.82604973992711 1.92011764579916 2.44835710547714 2.86161755086061 0.771925451676278 0.548584489842105 10.7895530479648 0.273516554571189 0.764422913413705 0.0084878215284751 0.766533098110831 0.154996556422118 1.19238231771116 6.43222114714566 2.6370443550386 3.58598505950399 6.37561283399923 3.30596531961622 8.16931402151601 0 0 0 0 0 0 0 0 0 0 0 0 0 0 0 0 0 0 0 0 0 0 0 0 0 0 0 0 0
2.53193678045106 0.580079473775222 0.0776047944065931 2.66478877456907 2.48068829518832 0.699750476360836 6.40635636291576 5.94173245692601 1.72550689884241 1.97259892548597 0.323741118122554 1.20547467444337 6.33402033008076 1.9063918225013 3.74218530869554 1.28049172587992 4.4421956465491 1.45061984331719 16.2088930588681 5.4456978916605 0.0289086590768638 0 0 0 0 0 0 0 0 0 0 0 0 0 0 0 0 0 0 0 0 0 0 0 0 0 0 0 0
1.92964712855227 2.72319178227724 4.20944593876425 0.604124844370596 3.55458655852797 2.19610875280415 1.47204143818264 2.68184476646017 0.302147284350298 1.48614236871341 1.93583222369642 2.48939064489531 0.706100417835627 0.0854907486379759 0.392723323551665 4.09107904325013 4.50225262760792 0.870206807682774 0.294380808330285 1.20537073241909 1.23262915362968 0.978441955000287 0 0 0 0 0 0 0 0 0 0 0 0 0 0 0 0 0 0 0 0 0 0 0 0 0 0 0
1.00809600166232 0.160250573152079 0.556768673479593 0.679874043593486 3.64737096647206 7.54239068373929 0.00218006469034902 0.806344919533464 4.4645093255771 1.03273272254897 9.18203647482693 1.08186424427048 5.47035392974786 0.0801839679486328 3.2101912919214 5.11323177092459 1.7067343143719 1.62115264127594 2.69009745344154 0.787358077795352 0.661260029962812 1.29275329284281 0.751827788791702 0 0 0 0 0 0 0 0 0 0 0 0 0 0 0 0 0 0 0 0 0 0 0 0 0 0
1.6657513925765 3.0167181555187 0.280892045073001 7.30453521065093 1.40784110397885 1.05632404111166 0.734647831445863 4.86581970437146 1.57695785294147 0.645374064489328 5.04783794302401 1.42285846952406 3.15689326671489 0.722976475243611 2.35433923295664 0.346003267152843 2.5655849809395 2.10704017908345 2.32661055693313 7.53516576253417 0.630486724317204 3.60991672050219 2.09859595904542 0.0826857120083695 0 0 0 0 0 0 0 0 0 0 0 0 0 0 0 0 0 0 0 0 0 0 0 0 0
0.568670958748038 3.40833367888864 0.149183467108434 4.83105256910287 1.17745767429206 7.0431189210517 3.2983835988973 1.67591970191056 1.00680056145824 6.56239375528157 0.876218492343844 1.9039918031974 7.58083646498872 3.18228413313283 2.34232271317735 3.59225041780639 10.302322474109 0.98423970342383 2.05003452604843 6.00852711735267 1.19804550555462 3.44772303679016 0.925005227533746 2.00458036708093 4.11228868768694 0 0 0 0 0 0 0 0 0 0 0 0 0 0 0 0 0 0 0 0 0 0 0 0
0.827232719499693 1.27564620472428 4.54833776593027 0.410289338036135 1.27701029807316 1.30910895642588 4.42020552880261 1.19024050485244 0.309458455518104 1.6625166944097 6.43785090354647 3.22848436511062 0.797256535473549 0.0416925788487792 3.76904931573681 9.02024302921752 2.39713156705782 8.16314099688856 2.6646536072192 0.117905623297004 0.036708847480947 7.9677573762581 4.46398824962131 4.64939706510545 2.96845407087633 3.00629285631296 0 0 0 0 0 0 0 0 0 0 0 0 0 0 0 0 0 0 0 0 0 0 0
1.97726629089473 3.00999527928825 3.87575135723637 1.68085365668843 2.56066135399086 0.588453027260021 0.600341122797292 1.66434998999378 2.74844290510563 3.66484490850824 0.771110337262532 1.75741319792204 2.57014998801931 1.50743231912552 3.64542685629602 3.98495815032159 2.88529093055249 3.61275682538637 0.473106155570256 2.66513569718496 1.53191603220482 8.72888729513042 0.21377899135567 6.01023370555695 1.58832655882468 0.0444389151779462 2.63283235012465 0 0 0 0 0 0 0 0 0 0 0 0 0 0 0 0 0 0 0 0 0 0
2.6685811556302 0.451756664887206 6.84609368969083 0.356603400328959 0.599039025819398 1.59790692918062 4.03564448360232 1.77050450853276 7.21288288042891 2.18766904323583 1.45107381213903 3.15034306939924 0.228036150055419 5.20498208223651 11.1818544811077 0.131709370801105 5.46876967904232 4.99782739215663 0.0550228990115342 3.43539229222509 3.22446645487438 3.90701941785849 2.14524470029297 0.726983960915992 1.50542260799474 3.79723829574232 5.29711671054637 6.09673161563998 0 0 0 0 0 0 0 0 0 0 0 0 0 0 0 0 0 0 0 0 0
7.98975806922805 0.54051964146874 0.581930094393834 0.525882056199551 4.58516634650455 0.386608425975095 0.553488544689614 0.0128030467102231 1.0079601595521 0.388988037393685 1.73792473294938 1.33659698354004 0.486437901029595 1.1233314439983 2.16057638091145 4.76760122608613 4.03674471108959 3.73276871559195 1.29642535885242 3.33088339333482 1.75383706021141 0.162202341849047 5.13880461818783 4.464490361708 0.48619237312904 5.27391322706443 0.452182937736296 1.55266792217262 3.47393442664181 0 0 0 0 0 0 0 0 0 0 0 0 0 0 0 0 0 0 0 0
3.53101993371807 0.98042757107484 0.338957468668905 0.307492171364715 0.828912335301894 2.78005796558855 1.21112410103092 2.71592370737819 1.00015709184505 0.222174299024778 0.321219876579801 2.65378655332734 1.40771457581383 10.2726582185499 5.9611906755699 0.828579822970035 12.093285514558 11.4537556207258 1.71764125543 0.00890707749281995 0.20205409383825 12.0706417300338 6.14311171218641 0.284237801068489 2.66480252899669 7.18322571834852 0.14484156313192 10.5148979192155 2.32942739338547 1.07523287077783 0 0 0 0 0 0 0 0 0 0 0 0 0 0 0 0 0 0 0
0.317757235242094 2.94266847278036 0.162776462287914 0.338931511400363 2.21717373826109 1.28434262561701 1.30570533067904 3.46703970115571 5.04797359454989 0.716394906302918 2.03510278897873 0.941215833879411 2.02160904792452 0.14847815741505 0.500912856565258 1.10714869704828 3.05034147811544 0.269265688065099 1.82048756867085 3.81616895714068 0.77405399199752 1.83007055748671 1.35799910243133 1.12532207285809 6.5797218017019 0.39867902975803 1.57281967939734 0.412260603718181 5.21758514969423 2.69939369154285 3.89820926163548 0 0 0 0 0 0 0 0 0 0 0 0 0 0 0 0 0 0
6.14798223256157 0.0127846102777443 1.99614000311621 4.06403765817075 7.33694992453165 0.167187895665455 6.21851333056383 0.38552175921692 0.545666880323857 1.42072314496458 1.84371803517157 4.59614346199108 7.35879695089244 0.241585053679013 2.10710049844606 0.00155463391716015 0.535754644465417 1.15991163743556 4.00916302301384 1.47757268829508 0.206171896512083 0.1076292095802 4.36472563968881 1.71415408265492 0.303805073378198 1.53626995321379 1.09758805187833 5.11534797429698 0.0675052580954688 0.459632010351096 2.43349399904093 2.49263216417142 0 0 0 0 0 0 0 0 0 0 0 0 0 0 0 0 0
5.66988848846433 0.586624874500798 0.124663256697563 8.59432907983464 8.26059730847328 2.39369107124908 7.39216606981711 2.17689578450307 1.54362367606545 3.30387327225532 0.0684968526393702 2.25502420722338 2.57404861711486 2.74652247701849 5.84760982663849 0.458707298796313 1.03870350327946 1.55909713146913 0.0477155971971579 0.618757386459436 0.775654619078424 2.03492492445805 2.78459838263187 3.58106236508079 4.25602118480504 3.71330444895814 0.242538885590917 0.255137958245465 0.807599449438808 0.424152659545525 0.679223913083938 7.92552493714283 3.55592370762951 0 0 0 0 0 0 0 0 0 0 0 0 0 0 0 0
6.63819864070564 0.671228396661251 0.458566692260337 1.99122100880915 3.14133827605024 1.25709520440678 2.6990323433522 1.14109641009826 0.463264244369695 2.48903078582188 5.55482573473629 3.61041552085839 0.271291622617553 2.46097598521861 3.81444076332188 0.256338621994509 0.576481918134271 0.0896106072872717 0.231861081246834 0.834238503945259 7.93801758789901 0.841500141112828 2.12904742787158 1.4773180139162 1.04028791200785 0.713005305913924 1.65091205219676 1.49618698356378 4.01133420171696 0.0567376507834551 6.33364050331623 1.67216103866115 0 0 0 0 0 0 0 0 0 0 0 0 0 0 0 0 0
0.133474094531231 2.37430902163418 0.0238497051358513 2.75203605877619 1.85804538631786 0.699784145790184 0.70131807598301 2.86434893849156 5.62314049025891 3.2575929811624 0.47854419413382 1.632529068246 0.187072855324649 0.776756240073884 1.48952668528517 1.79236692334768 0.533276010998227 1.06737476302662 0.452796905185284 5.57905219598987 11.0335497781038 0.14292691911604 0.702462167541532 4.01140832767902 10.3901941570884 1.65911554320945 7.21503463756413 1.0243868928777 0.471425260098541 3.86307492433234 0 0 0 0 0 0 0 0 0 0 0 0 0 0 0 0 0 0 0
1.81192114136474 4.41113557908939 0.162638101100615 0.880293132314067 1.37836921071388 2.83202829837497 3.70283943890047 5.68551847847252 7.29143772685576 3.67976110101413 1.58931693160354 1.04937279354436 4.84060998926543 1.65446306248559 6.03094319756605 0.637220102304839 3.58747344175049 6.47464139458255 1.11135053922322 1.32261487565255 0.402989074118793 1.87595237189008 1.80817429846832 3.69572137063941 4.44281943264921 0.716890456428854 1.03802311094702 0.946403197504639 0 0 0 0 0 0 0 0 0 0 0 0 0 0 0 0 0 0 0 0 0
0.106793090718012 5.53880064388909 0.426026519278416 3.13773667595909 1.90116429906908 6.27928158454424 1.44520893597011 5.11608791302048 0.149938172938688 0.54265712104521 0.363779333190837 8.15362358477813 0.0271801579184038 2.45290027101338 9.63514131698605 0.459365394942216 2.27207865414992 4.71821071993099 1.624321420459 4.94557730139652 1.01880486269264 2.05134419246066 3.95490437322027 0.402414890602275 0.262687583983667 0.453947873798371 0 0 0 0 0 0 0 0 0 0 0 0 0 0 0 0 0 0 0 0 0 0 0
0.842882818784157 2.79919365770375 0.116364943987963 0.10701082182672 2.03447027259355 2.20616265017114 1.5479113411286 1.47488746021375 2.53726517436019 0.660539600097931 6.84505699255699 0.633510988891744 4.00998627542657 0.446007303950943 0.377580600044255 0.136203550720493 0.10374405424369 3.80903413365276 0.0731146751868038 0.657401563802567 4.39711592843208 1.31525615503052 1.06485848932145 0.37582408651827 0 0 0 0 0 0 0 0 0 0 0 0 0 0 0 0 0 0 0 0 0 0 0 0 0
2.03372039172466 0.996699143426069 0.886669475834441 1.30402449803559 2.0971005829976 0.0770931515279724 0.784899275444489 3.17648480298403 2.9855193988181 1.91412328143353 0.672620884742997 5.57088543112312 1.2960294958134 1.14626491896748 5.73522301023046 4.63847085397245 3.9061376640417 7.18208488766376 0.423730317916583 1.40853798270196 3.32304596401207 0.807912922239747 0 0 0 0 0 0 0 0 0 0 0 0 0 0 0 0 0 0 0 0 0 0 0 0 0 0 0
0.585645046840717 2.28740609845268 3.29949055560776 0.10018544366109 2.86607504396002 2.3034295040889 0.863405428053503 1.01693083399852 1.73690296892569 1.40891147258528 5.33311468208903 0.752856727353042 0.972234312689952 2.2214655902038 2.5299955089991 0.170561191485419 3.65598484394789 3.22733048369118 0.0112164977245597 1.66244969073211 0 0 0 0 0 0 0 0 0 0 0 0 0 0 0 0 0 0 0 0 0 0 0 0 0 0 0 0 0
2.42442577683936 0.977751609851153 7.87986968212796 0.443555124087414 1.75409096290508 6.03795146589477 1.65651167052408 0.0998381576483712 0.423958773912424 3.35479759420195 1.63977526347524 3.65582219468681 0.922408222010636 5.14774470025399 4.72016518271894 0.257770056190753 4.65995867692457 0.487189021924 0 0 0 0 0 0 0 0 0 0 0 0 0 0 0 0 0 0 0 0 0 0 0 0 0 0 0 0 0 0 0
0.0010295524967884 0.0275563417232368 1.50820365622651 1.14346044064001 0.408010039111371 0.310252867239764 3.46602158320042 0.0491035152418528 2.85612395394136 2.78597029847763 4.34515600791257 0.720980369152453 0.633859527833909 6.29090940439948 10.6245610799052 5.59286937283477 0 0 0 0 0 0 0 0 0 0 0 0 0 0 0 0 0 0 0 0 0 0 0 0 0 0 0 0 0 0 0 0 0
1.12505928425425 4.67512473485683 7.96058736598681 3.193865856536 1.0965130012045 2.76869047932129 1.86436852065122 3.5171824181326 1.19901815072723 4.0456665597379 1.61962000790096 3.76354161901243 1.22830143951804 1.14320219063933 0 0 0 0 0 0 0 0 0 0 0 0 0 0 0 0 0 0 0 0 0 0 0 0 0 0 0 0 0 0 0 0 0 0 0
0.931288062175278 1.450676425952 2.6087290788439 3.70132467164282 0.665967196921665 0.78916102182552 0.379180965224811 3.15713344711529 1.66016786556858 3.51714058346743 2.40665486300637 2.81233271531692 0 0 0 0 0 0 0 0 0 0 0 0 0 0 0 0 0 0 0 0 0 0 0 0 0 0 0 0 0 0 0 0 0 0 0 0 0
2.26718716894388 0.60955433247992 6.10145112510359 6.93728453811754 1.84593990317222 3.55640796051326 1.40723797292055 0.109874340809069 0.665040019350471 5.94125778808769 0 0 0 0 0 0 0 0 0 0 0 0 0 0 0 0 0 0 0 0 0 0 0 0 0 0 0 0 0 0 0 0 0 0 0 0 0 0 0
3.48617217862995 0.433123991030706 0.386957327146512 0.147067481360235 1.39343627851989 1.06047625585126 0.887193098874094 1.42810402224074 0 0 0 0 0 0 0 0 0 0 0 0 0 0 0 0 0 0 0 0 0 0 0 0 0 0 0 0 0 0 0 0 0 0 0 0 0 0 0 0 0
0.591137685520405 0.403043882208493 4.19114496165575 5.09696340441904 0.271306533916174 0.0184262749433188 0 0 0 0 0 0 0 0 0 0 0 0 0 0 0 0 0 0 0 0 0 0 0 0 0 0 0 0 0 0 0 0 0 0 0 0 0 0 0 0 0 0 0
1.00283358229964 1.27648128075345 3.35037435230916 1.08969469258771 0 0 0 0 0 0 0 0 0 0 0 0 0 0 0 0 0 0 0 0 0 0 0 0 0 0 0 0 0 0 0 0 0 0 0 0 0 0 0 0 0 0 0 0 0
0.942559056610502 1.98240084575092 0 0 0 0 0 0 0 0 0 0 0 0 0 0 0 0 0 0 0 0 0 0 0 0 0 0 0 0 0 0 0 0 0 0 0 0 0 0 0 0 0 0 0 0 0 0 0
