18.1951101864498 0 0 0 0 0 0 0 0 0 0 0 0 0 0 0 0 0 0 0 0 0 0 0 0 0 0 0 0 0 0 0 0 0 0 0 0 0 0 0 0 0 0 0 0 0 0 0 0
12.9023812515546 16.3044614269524 0 0 0 0 0 0 0 0 0 0 0 0 0 0 0 0 0 0 0 0 0 0 0 0 0 0 0 0 0 0 0 0 0 0 0 0 0 0 0 0 0 0 0 0 0 0 0
21.1034844800524 6.18642480555252 11.3556882028753 0 0 0 0 0 0 0 0 0 0 0 0 0 0 0 0 0 0 0 0 0 0 0 0 0 0 0 0 0 0 0 0 0 0 0 0 0 0 0 0 0 0 0 0 0 0
14.4507779725557 28.2365364406125 2.65537659096376 3.09005353107257 0 0 0 0 0 0 0 0 0 0 0 0 0 0 0 0 0 0 0 0 0 0 0 0 0 0 0 0 0 0 0 0 0 0 0 0 0 0 0 0 0 0 0 0 0
34.2068213667423 9.48593995373478 14.1821394824976 20.2326998886808 2.49663415759013 0 0 0 0 0 0 0 0 0 0 0 0 0 0 0 0 0 0 0 0 0 0 0 0 0 0 0 0 0 0 0 0 0 0 0 0 0 0 0 0 0 0 0 0
10.3504876655465 7.58409042180933 22.176862560966 6.05357725684006 10.8110861860723 9.81901659992714 0 0 0 0 0 0 0 0 0 0 0 0 0 0 0 0 0 0 0 0 0 0 0 0 0 0 0 0 0 0 0 0 0 0 0 0 0 0 0 0 0 0 0
2.54207970692798 5.93987813831235 3.37678475633582 1.59005843727973 4.925240365316 0.746608624595192 2.97094792091879 0 0 0 0 0 0 0 0 0 0 0 0 0 0 0 0 0 0 0 0 0 0 0 0 0 0 0 0 0 0 0 0 0 0 0 0 0 0 0 0 0 0
17.4678548998444 11.9479538064939 5.17237831563179 2.70261471970587 7.09132185584197 17.0136194457843 1.79629848045829 7.39814139692136 0 0 0 0 0 0 0 0 0 0 0 0 0 0 0 0 0 0 0 0 0 0 0 0 0 0 0 0 0 0 0 0 0 0 0 0 0 0 0 0 0
2.18760698274395 1.78493998793904 9.80818144561759 3.27101121721847 14.0541197770419 0.454984732622245 0.502950642284871 16.4489301482617 0.900938454724002 0 0 0 0 0 0 0 0 0 0 0 0 0 0 0 0 0 0 0 0 0 0 0 0 0 0 0 0 0 0 0 0 0 0 0 0 0 0 0 0
5.42204908504984 8.26583569117045 4.25993976529803 21.1009235559537 3.53297025237873 15.3670413900785 9.57444191742669 13.2621114342891 17.3160233837659 2.15074529972866 0 0 0 0 0 0 0 0 0 0 0 0 0 0 0 0 0 0 0 0 0 0 0 0 0 0 0 0 0 0 0 0 0 0 0 0 0 0 0
1.87462830104233 10.5344939530222 9.22870146417874 0.736916139037234 14.0249562513949 12.4329841838927 5.74318121224018 3.55029658751213 4.35866020624759 12.8446316699053 0.216878952967586 0 0 0 0 0 0 0 0 0 0 0 0 0 0 0 0 0 0 0 0 0 0 0 0 0 0 0 0 0 0 0 0 0 0 0 0 0 0
1.91899969764348 4.91340572526695 1.9078067466935 4.53224073614239 2.1649924689063 4.17119847680151 1.41897234421922 2.98751577042928 6.35885766085187 3.59633063471518 7.27346296968843 3.06416502931783 0 0 0 0 0 0 0 0 0 0 0 0 0 0 0 0 0 0 0 0 0 0 0 0 0 0 0 0 0 0 0 0 0 0 0 0 0
25.5537116690191 1.41245823105345 13.7338904631196 22.3697283650468 22.1617097944905 16.7403359020081 0.760872541297184 13.4128649392395 3.29417951356855 11.6030612286773 5.58936182961918 0.804494668845795 2.00895823516537 0 0 0 0 0 0 0 0 0 0 0 0 0 0 0 0 0 0 0 0 0 0 0 0 0 0 0 0 0 0 0 0 0 0 0 0
1.47723528479322 7.74080851899781 10.8542881023584 9.6872548806054 10.1269488882356 5.6307669407081 5.90636956260354 0.059364225515376 0.478484172461175 5.17170408022482 1.7075289622521 2.45617188243261 18.8595139766019 7.49501952973392 0 0 0 0 0 0 0 0 0 0 0 0 0 0 0 0 0 0 0 0 0 0 0 0 0 0 0 0 0 0 0 0 0 0 0
15.7986102701801 7.33498851295874 13.9111032079079 8.68289480541786 2.50654166478445 11.8816029430188 0.903507953266799 6.26721904138601 3.98767056204617 0.563042263457858 10.5430184359527 3.9419951885665 7.00608788378418 2.87708517623789 3.59688210106962 0 0 0 0 0 0 0 0 0 0 0 0 0 0 0 0 0 0 0 0 0 0 0 0 0 0 0 0 0 0 0 0 0 0
26.8290842782328 18.2552804252933 5.67128472140158 7.18079554882484 7.13299016501297 1.46640516110802 4.8496226592572 7.25215394581315 8.52057751543082 7.23495768480857 11.4387294064319 2.84024678044044 9.45962298371862 4.66730337403066 8.17978559184747 0.95630310595583 0 0 0 0 0 0 0 0 0 0 0 0 0 0 0 0 0 0 0 0 0 0 0 0 0 0 0 0 0 0 0 0 0
11.7394926387453 16.3982871017071 4.18674967871722 2.89264615681305 2.16696137424989 4.23834175870011 6.39942772631123 0.751043852204672 0.827831817590963 14.7866587300705 2.16339284135889 0.915101582221042 4.01427903378353 3.11085028789698 5.29041225112507 6.47341883445037 1.51852211395105 0 0 0 0 0 0 0 0 0 0 0 0 0 0 0 0 0 0 0 0 0 0 0 0 0 0 0 0 0 0 0 0
22.8128185775907 11.0558339922823 9.03189942123965 4.86153965022046 14.2290353617418 5.28130565850386 2.08429421636976 6.81814668120783 11.2775809118705 11.3940913711277 8.35897980202697 3.14368416371273 8.7885561185 14.364257379341 3.05004023269166 7.89183216164031 17.4621580102046 1.31610419749075 0 0 0 0 0 0 0 0 0 0 0 0 0 0 0 0 0 0 0 0 0 0 0 0 0 0 0 0 0 0 0
4.51813084525866 6.41414776853081 0.862945895229292 10.1353477280134 2.85394209106732 0.847669124263899 1.3181671161528 5.74458562681088 1.29421973484271 3.11961271674734 0.64009387245683 6.89777781094482 7.00062625798569 0.110921996365384 6.19164451861265 11.3388471966292 0.127578783577041 0.459077772901628 1.68119613831678 0 0 0 0 0 0 0 0 0 0 0 0 0 0 0 0 0 0 0 0 0 0 0 0 0 0 0 0 0 0
9.27620742437404 1.57046619341102 4.5790462524331 0.270775028535157 3.37754949167323 4.34032659223982 0.635776249066644 1.89393946110316 13.0300534351276 2.34339282626303 1.50245587735203 0.2197408814266 10.0264763600601 0.0307333742903983 7.38899239691665 0.37865431458811 1.21496022524974 11.9310604724131 0.494472165511153 1.20976798275035 0 0 0 0 0 0 0 0 0 0 0 0 0 0 0 0 0 0 0 0 0 0 0 0 0 0 0 0 0
3.75634161793324 9.23074553038146 2.1610195504846 10.3437596379279 1.3704763113702 13.9147573343263 3.53234441372162 2.1632305540157 7.45304264126613 6.99689400664791 9.92458932521022 5.77683404173607 0.560522919957279 0.431738453962559 6.41858319702811 5.21433316246663 1.98503450876261 7.80102904897896 8.42855020266372 1.25891855720251 5.89436590388081 0 0 0 0 0 0 0 0 0 0 0 0 0 0 0 0 0 0 0 0 0 0 0 0 0 0 0 0
2.59632861573674 0.583373261164135 1.36687127658369 1.3980319216721 5.88913077603322 1.32931230702981 0.379391486684033 2.1279089024005 0.910629675427841 2.08804737031906 2.5063526824776 2.78713157889887 5.90047209157547 0.0599976563529637 0.866131050105659 6.73875919246284 1.64885500586822 5.61335375346943 3.76689823229736 0.268309361891377 1.10718907255594 1.73374125056242 0 0 0 0 0 0 0 0 0 0 0 0 0 0 0 0 0 0 0 0 0 0 0 0 0 0 0
3.57418315981201 3.05718666641591 2.43151617527278 18.6514332372304 9.91544793270089 4.38394049732767 2.75210752014597 2.03713657888623 5.74391809068909 16.411462337594 0.287824797700276 2.90233620477465 6.25998163820081 9.48909305859865 7.71197411286938 5.88439912694695 11.3905423549027 14.1435228954551 2.24542188330355 3.54131974575845 2.36656505151892 6.60912699273952 1.2159209892426 0 0 0 0 0 0 0 0 0 0 0 0 0 0 0 0 0 0 0 0 0 0 0 0 0 0
6.94514362647194 4.97257454786932 22.4467493188017 17.4597680346079 2.71888868807672 2.05943660710255 3.53022356366375 10.6719952257533 21.1542753203459 2.68494813537486 13.9048507190401 7.18552674784942 0.515083701225586 1.32508037799131 6.01523611991046 11.4220158570176 15.0267007389006 6.03705002583165 3.11469230293885 6.19450537268405 13.9064159662112 1.40810238281673 3.15283906834882 3.30204343028783 0 0 0 0 0 0 0 0 0 0 0 0 0 0 0 0 0 0 0 0 0 0 0 0 0
3.70069443800626 9.91982776959642 3.85323831899742 4.8353646727405 1.67254750405843 6.90357226247785 8.21286831083159 2.17679801370802 2.72079654336076 6.93052155655688 7.22178416022892 3.57473464938109 5.05700190585775 5.20359363904756 3.13543102595929 4.57242047568543 1.68292110234298 3.7743126819806 10.2471483312525 4.05340401178002 0.833372164321428 0.239497845675034 0.456905102240763 6.34761093143895 1.48378299224457 0 0 0 0 0 0 0 0 0 0 0 0 0 0 0 0 0 0 0 0 0 0 0 0
20.5488078481832 11.397976083659 2.03348349053795 3.36026373515129 12.6639376399226 18.933724594031 3.08911681959842 4.0398848312541 4.94325349093493 15.9307776213914 1.26935012795172 0.827556930561699 11.8262802632029 10.1117789444657 8.16663863870433 1.23360534469204 6.16278633202883 19.1244365432767 3.72092877095341 0.581521543678264 12.3022857108575 0.508697022970009 1.57361464343664 6.65414424937699 2.8235221930869 0.310236843807001 0 0 0 0 0 0 0 0 0 0 0 0 0 0 0 0 0 0 0 0 0 0 0
16.9018689523659 6.44877535762734 1.26443161531683 9.10919582001225 20.1687422738718 11.9077111321655 0.957699428127222 17.017097701313 9.71117090778069 3.69993106140816 8.59240996973719 3.64269820282604 17.6093874359208 14.5272790846567 1.54928999690105 8.73323481712212 15.4031950597038 23.3778804942602 4.35863327292763 2.23537714785346 1.68570496207603 2.0110226326261 7.7126638049941 25.0912441574118 0.743080002138544 4.41488302336738 1.15915054512892 0 0 0 0 0 0 0 0 0 0 0 0 0 0 0 0 0 0 0 0 0 0
9.70321958108875 1.30051674765854 11.3741626291307 9.00753692846175 8.01782303224946 6.07006280956709 4.07369618722099 3.94966224623845 7.71582507995131 12.8261977648845 5.03597038929581 2.47451696494086 13.14632478403 3.39990730135482 1.33783589573498 15.6482769562885 9.59748799548582 3.96985516311254 4.88353055545604 3.93975443393492 4.46133850536711 5.03708155046429 13.7723534525261 12.2745544029795 2.45560684663529 0.341309008366529 5.12665973673706 3.81837451578451 0 0 0 0 0 0 0 0 0 0 0 0 0 0 0 0 0 0 0 0 0
1.02698315317134 2.93163338255882 6.04675754852049 11.1075127034855 5.51842935920847 15.0854697822372 3.9213065099983 3.15229547706914 2.94306784235994 6.43005442589272 4.43659376530751 2.6309677907136 2.02766126618702 5.12539638000449 14.3678845011076 4.08852325526787 0.725341887265742 2.03074034623883 2.04703206246054 7.53500981763886 5.11022051461155 5.56242231165397 2.52609091172134 10.8786830506647 1.71016085729382 5.24572224535897 19.1349249880769 7.66302297545743 0.726730881554878 0 0 0 0 0 0 0 0 0 0 0 0 0 0 0 0 0 0 0 0
4.33071791917811 7.12843307370991 3.87403247395184 3.33150899263262 8.35594170193276 8.26366742866962 3.53482347393173 7.13578827432082 2.35176274562756 9.18921145657058 6.0695533281318 0.22245534757099 3.0548437949789 4.56283751352127 0.770280644536086 4.85275082788818 1.39454677933726 6.41882400538605 8.97290779249834 2.08655626744516 1.75101853591083 4.07400806272418 11.7175507885839 2.64625956840383 0.437445802865167 3.21569143824295 3.29924537012384 1.17260584108755 6.57612572064549 1.01487666896085 0 0 0 0 0 0 0 0 0 0 0 0 0 0 0 0 0 0 0
11.3491855298248 5.36637789165738 6.44784743184504 19.3722215825533 5.15817963955716 1.95846244352302 0.952163443952911 7.39439901654786 10.4307224038068 15.6865955619723 1.47594091314417 0.645264521428406 13.7453218638054 7.67041185240725 2.51249134141001 4.80810523500207 10.1397050887927 18.5668559884423 8.17667589045104 8.51001406149411 0.182617866506819 3.99037104872665 2.96311314456168 11.0391729751429 0.194884048557482 4.75208225784776 0.435109494501928 12.4026913130818 6.88664787152654 0.0437669979421653 4.08442291508776 0 0 0 0 0 0 0 0 0 0 0 0 0 0 0 0 0 0
7.51258228704355 4.79425546479556 14.41342728106 21.4171566746984 2.99407008560602 8.95747675247603 5.19365048176667 14.692819836131 9.35973729701638 4.03382945862925 2.68941602504527 4.4774823831215 16.7077322855476 3.15618745006628 8.08598507106883 4.73946278931485 12.2866942988815 14.5771594189353 5.41207811549244 4.76784730623706 11.3201139460203 0.0105354430400605 3.40626214465407 21.6366135678391 1.9476264823891 5.94466196866362 21.3188615176787 14.6799982647123 6.51055766611551 2.4134659207474 2.39111962574457 15.0070334053331 0 0 0 0 0 0 0 0 0 0 0 0 0 0 0 0 0
0.339690505146446 5.49378411655869 0.416025291092767 0.0446029382152719 5.64413220171068 2.57346014197614 1.41975515816138 4.01166025232609 0.136372538048265 4.68990368292818 6.60251251640146 2.26246793535228 2.09441252787851 4.95265891265558 1.7380548978026 6.6542951991188 4.07552335134108 9.33589476620628 4.41041594494144 2.88279547680222 1.53458671845719 2.57560537509924 0.0664425905172771 0.397708778146372 2.80930173347151 1.09588915677214 0.373526617977969 0.605649330626232 7.32212462216937 3.22240375106291 0.0109121783858853 3.28978685103764 2.12140183290719 0 0 0 0 0 0 0 0 0 0 0 0 0 0 0 0
25.0656041909908 3.80674529973892 0.653589956474589 7.60191333723337 13.4411061921416 19.3536047961273 4.01438123203064 3.40055584240622 5.49620087239605 14.2227414573088 3.10219624165325 1.11630161757736 3.70347064522883 3.66876860549037 21.7403361130542 18.7471669947007 20.1500689836888 12.855221504119 2.41428971821046 0.437121237725115 3.65999315766449 2.40081072798128 2.61669649374336 3.2173015185678 6.58842594336312 6.92548230950391 15.7923660317607 9.55272154512589 0.440162627967796 0.669512968251161 12.3442185095946 1.10476910650155 0 0 0 0 0 0 0 0 0 0 0 0 0 0 0 0 0
6.88979456869659 0.994551788919812 4.58863897782655 9.5890234982803 17.284668248675 13.3699597098458 3.70711832234595 6.13222031664995 1.75729808996985 16.8570268074989 0.264978522443189 2.78968910110737 2.72219074675512 2.41143400617328 6.51597888267575 16.2414681797983 10.2665250092529 11.1177987986019 3.05955721443446 0.883337472651857 10.2786011037119 0.708230927185495 4.99737810684129 15.4595253531462 2.24092905061647 9.63120974732033 5.18494878679524 1.3244379315062 11.3549059372626 3.20130634646359 0 0 0 0 0 0 0 0 0 0 0 0 0 0 0 0 0 0 0
1.38849298706788 12.090691136586 9.72273188000348 10.6462824551577 23.939951617454 5.35053462182178 8.75379848588948 11.9714129817365 11.8242105501695 3.67827113274588 8.62982990648327 0.422312478220189 10.9826234036187 7.98325649071741 3.36128195814776 8.37916526457624 3.49767772939988 2.60425240083802 7.09705980890071 7.43311875414525 1.32768464595756 3.17475346800403 7.38690459375158 17.2838969788398 1.06568469517425 1.84618093986225 0.56996474950757 3.33264325948619 0 0 0 0 0 0 0 0 0 0 0 0 0 0 0 0 0 0 0 0 0
1.617475704512 2.44825324233475 4.09344850776791 5.48283759512353 1.18224970023228 0.537740173382653 3.49462844801606 0.315679400314468 1.63173649752512 7.51333296074024 1.28082520855625 2.06816279702414 3.57587543164169 0.681403883786662 6.59544781046859 1.29044263971596 3.88776671886978 4.93982601076143 0.804273122879707 3.53093894529548 3.68082197972338 0.812478839962618 6.24880726213264 2.02540009441059 2.86408640779175 0.409197042766119 0 0 0 0 0 0 0 0 0 0 0 0 0 0 0 0 0 0 0 0 0 0 0
8.75953426912948 14.0252642405718 11.5488721975597 3.03451431984031 9.52059365448945 16.4858716560784 4.06081442006851 4.87426649005883 0.563709436873519 6.86395259667852 18.1688522700723 1.88577179393488 19.8852936768307 0.767316742934643 1.43768111183897 3.4728471289227 5.54747018372034 23.431904460464 9.39107554366658 4.19451081138323 2.77313489459955 1.79837620521352 4.39524124866342 9.999679223761 0 0 0 0 0 0 0 0 0 0 0 0 0 0 0 0 0 0 0 0 0 0 0 0 0
13.8573666378831 14.2997468673676 0.949424584274858 10.4691299687862 16.6757642855659 8.6836336238773 1.74208744978618 9.47517499229952 3.51548659851053 16.523739023727 6.18122851259724 0.0517885121950054 7.08406830448556 4.77367550147659 0.729344701828116 9.14067707781114 16.3366394871839 11.300806246565 1.96112189468791 8.73429745198776 2.62472327260466 2.46187898041684 0 0 0 0 0 0 0 0 0 0 0 0 0 0 0 0 0 0 0 0 0 0 0 0 0 0 0
19.1911423447207 2.27187476687504 7.27912993509821 17.4931096614273 15.1477164370657 2.65703680212873 7.18953979275483 5.52818900207519 6.89583793721744 8.73039998253357 4.67416673868536 0.768256178583176 9.73015311041006 1.24548550813601 4.80742226971963 14.6638892484237 9.64452383527326 1.43104471363815 3.83902298051162 2.35495978315165 0 0 0 0 0 0 0 0 0 0 0 0 0 0 0 0 0 0 0 0 0 0 0 0 0 0 0 0 0
2.63539542097919 14.1061962721234 17.2272883400012 24.5302822671603 1.86969059632234 5.49921304913851 1.2752635199719 9.22187476120208 10.9912102211679 14.9424664842622 1.93613372832096 2.86552805436387 1.70023907890756 2.42782121193146 10.6374297060821 8.26280542401668 2.2597243426873 11.0070922985493 0 0 0 0 0 0 0 0 0 0 0 0 0 0 0 0 0 0 0 0 0 0 0 0 0 0 0 0 0 0 0
4.46611019185105 22.4983058834519 3.57891451686511 0.41790195135069 5.07317547366087 5.33100222053058 2.44441165589428 10.1705828279622 5.80342694326996 1.78500393159671 4.54437815038809 0.998711023997428 14.4592897373763 14.7461526103642 5.21175618770945 0.127052630461993 0 0 0 0 0 0 0 0 0 0 0 0 0 0 0 0 0 0 0 0 0 0 0 0 0 0 0 0 0 0 0 0 0
11.86674631849 3.36475910503294 2.28938987906901 3.51233975429342 4.41302247306296 9.91950645431656 1.97900998705736 5.48086343017021 3.49603176932214 4.4536869956623 2.82467389393263 1.07853283792459 5.52083365422961 1.18910978893986 0 0 0 0 0 0 0 0 0 0 0 0 0 0 0 0 0 0 0 0 0 0 0 0 0 0 0 0 0 0 0 0 0 0 0
14.7603110224803 3.09239608416922 6.44809371697978 4.73549663244685 25.6379631638502 24.2430458933697 3.82551237972638 6.26745161668526 9.91526701570241 1.44037671192149 4.94782403970202 7.8414897147692 0 0 0 0 0 0 0 0 0 0 0 0 0 0 0 0 0 0 0 0 0 0 0 0 0 0 0 0 0 0 0 0 0 0 0 0 0
0.628194567254861 3.76136679777243 2.21540245742694 6.73767708975086 5.2814061482639 5.26122854186557 4.68742580548118 1.25386849515268 2.30015706913428 0.0981998175681593 0 0 0 0 0 0 0 0 0 0 0 0 0 0 0 0 0 0 0 0 0 0 0 0 0 0 0 0 0 0 0 0 0 0 0 0 0 0 0
2.17904120212534 2.14492673821615 1.62655028275869 0.174054240688931 1.41747370229915 2.408560839909 9.65932000759646 0.356331081475254 0 0 0 0 0 0 0 0 0 0 0 0 0 0 0 0 0 0 0 0 0 0 0 0 0 0 0 0 0 0 0 0 0 0 0 0 0 0 0 0 0
6.76391156946126 18.0061154162933 12.4595130842502 21.533734225438 3.50837978410542 8.52927494967185 0 0 0 0 0 0 0 0 0 0 0 0 0 0 0 0 0 0 0 0 0 0 0 0 0 0 0 0 0 0 0 0 0 0 0 0 0 0 0 0 0 0 0
7.77412577579925 5.56493889205774 5.61853385190021 5.72193961902406 0 0 0 0 0 0 0 0 0 0 0 0 0 0 0 0 0 0 0 0 0 0 0 0 0 0 0 0 0 0 0 0 0 0 0 0 0 0 0 0 0 0 0 0 0
24.4100844968885 19.9249768924344 0 0 0 0 0 0 0 0 0 0 0 0 0 0 0 0 0 0 0 0 0 0 0 0 0 0 0 0 0 0 0 0 0 0 0 0 0 0 0 0 0 0 0 0 0 0 0
