2.21944421636261 0 0 0 0 0 0 0 0 0 0 0 0 0 0 0 0 0 0 0 0 0 0 0 0 0 0 0 0 0 0 0 0 0 0 0 0 0 0 0 0 0 0 0 0 0 0 0 0
6.84579581701391 2.49978961313919 0 0 0 0 0 0 0 0 0 0 0 0 0 0 0 0 0 0 0 0 0 0 0 0 0 0 0 0 0 0 0 0 0 0 0 0 0 0 0 0 0 0 0 0 0 0 0
0.164901012337139 0.0854127196758205 0.178586372132702 0 0 0 0 0 0 0 0 0 0 0 0 0 0 0 0 0 0 0 0 0 0 0 0 0 0 0 0 0 0 0 0 0 0 0 0 0 0 0 0 0 0 0 0 0 0
3.48769306018632 5.36358405725357 0.217161257576468 2.39460826334553 0 0 0 0 0 0 0 0 0 0 0 0 0 0 0 0 0 0 0 0 0 0 0 0 0 0 0 0 0 0 0 0 0 0 0 0 0 0 0 0 0 0 0 0 0
0.355016436123211 6.52423996602363 0.10864826152556 0.703618973350909 1.18384752593845 0 0 0 0 0 0 0 0 0 0 0 0 0 0 0 0 0 0 0 0 0 0 0 0 0 0 0 0 0 0 0 0 0 0 0 0 0 0 0 0 0 0 0 0
1.21919024245196 0.492442342500772 1.26306632271101 3.5750228252816 2.02273018579556 0.000966996712703095 0 0 0 0 0 0 0 0 0 0 0 0 0 0 0 0 0 0 0 0 0 0 0 0 0 0 0 0 0 0 0 0 0 0 0 0 0 0 0 0 0 0 0
0.735778147788743 1.75521586481426 3.93513226684433 1.84943712868231 3.6651216015009 2.38574614623732 1.88250552888022 0 0 0 0 0 0 0 0 0 0 0 0 0 0 0 0 0 0 0 0 0 0 0 0 0 0 0 0 0 0 0 0 0 0 0 0 0 0 0 0 0 0
4.45628077757793 2.65768317524291 0.534520660551678 2.3089414602339 6.51290098395815 3.86621789704531 1.39020422173792 2.68227560784364 0 0 0 0 0 0 0 0 0 0 0 0 0 0 0 0 0 0 0 0 0 0 0 0 0 0 0 0 0 0 0 0 0 0 0 0 0 0 0 0 0
0.126953810957767 2.94767647626465 1.22772319950642 8.19855842096676 0.973754592391708 0.926739916683101 0.0519366138438217 6.97317781014446 0.437403398182438 0 0 0 0 0 0 0 0 0 0 0 0 0 0 0 0 0 0 0 0 0 0 0 0 0 0 0 0 0 0 0 0 0 0 0 0 0 0 0 0
0.428881812917015 4.47025109037931 4.32236416824307 0.415995835167781 0.881346792442542 2.16643245954232 1.0566565092078 1.18428920534685 1.49265559024493 6.10955671269861 0 0 0 0 0 0 0 0 0 0 0 0 0 0 0 0 0 0 0 0 0 0 0 0 0 0 0 0 0 0 0 0 0 0 0 0 0 0 0
0.48551452588436 12.3704959819579 1.17849378057243 0.13605454162014 1.58656035252868 0.382114820020798 3.62667597419117 2.88884883379085 1.12865874939365 3.05440578104274 1.05977791767894 0 0 0 0 0 0 0 0 0 0 0 0 0 0 0 0 0 0 0 0 0 0 0 0 0 0 0 0 0 0 0 0 0 0 0 0 0 0
1.35781807208363 7.81537393833115 0.804128177731765 4.0303545705678 3.56618713717802 1.57655032213111 0.955317188001955 5.50515794252049 4.77731615683816 0.193928719364403 5.39258067086684 0.412683418045047 0 0 0 0 0 0 0 0 0 0 0 0 0 0 0 0 0 0 0 0 0 0 0 0 0 0 0 0 0 0 0 0 0 0 0 0 0
0.494649183980656 0.843844302911864 0.282944139965165 1.09876028297727 1.07157917813923 1.89816743713672 0.616568557666418 5.01186382752539 1.06505292817445 2.82607563945681 1.05864864251621 1.22145841173648 0.814534363015756 0 0 0 0 0 0 0 0 0 0 0 0 0 0 0 0 0 0 0 0 0 0 0 0 0 0 0 0 0 0 0 0 0 0 0 0
1.10268190028508 7.20910082010375 0.303631018306358 3.29832033238329 4.99401078907582 0.283424101031217 4.08145385719328 0.0349644426744257 2.25686499946164 3.08249651790506 2.90246334031834 5.51078372812131 0.311112738136305 0.340218117499708 0 0 0 0 0 0 0 0 0 0 0 0 0 0 0 0 0 0 0 0 0 0 0 0 0 0 0 0 0 0 0 0 0 0 0
1.63775051079952 3.74433321348742 0.834668402413575 7.53765589618087 0.707561116555246 6.09984645937457 0.5236981385353 5.53961313969225 0.247125774888858 1.76454779194587 0.0439809972604787 4.30971311438741 1.71238755861603 4.37859323297809 2.28000830454179 0 0 0 0 0 0 0 0 0 0 0 0 0 0 0 0 0 0 0 0 0 0 0 0 0 0 0 0 0 0 0 0 0 0
1.99935037434542 2.4624191358227 5.58637499937481 2.99423384464284 2.78309644134689 0.328810703332743 3.0480411128762 0.00962143933346186 0.521615832816159 1.30925533157991 2.93889606104351 1.96642095133248 2.74257703090985 1.46502784650802 1.02946816234609 0.747796541238675 0 0 0 0 0 0 0 0 0 0 0 0 0 0 0 0 0 0 0 0 0 0 0 0 0 0 0 0 0 0 0 0 0
0.766226017487309 0.0481199410321386 0.6958943474798 1.74509181823627 0.247719177158582 2.79475764784936 3.48907632106304 0.161976313574284 1.73453313852811 0.100118938804339 0.634855906727951 2.14384663219271 2.16444444584715 4.59545535775885 0.189861525762498 3.7233152646514 0.954869500667803 0 0 0 0 0 0 0 0 0 0 0 0 0 0 0 0 0 0 0 0 0 0 0 0 0 0 0 0 0 0 0 0
0.0236557574969548 3.94666802749274 1.06942937414365 2.45328226564658 0.0482696513326287 0.601274613025738 3.14798983336407 1.29501410659311 3.09148617280906 0.150245677284972 1.01733612397007 2.16875317970265 2.84106189984745 3.61512535920203 6.34498552203934 2.02343863184295 0.900788271480362 2.46731990973938 0 0 0 0 0 0 0 0 0 0 0 0 0 0 0 0 0 0 0 0 0 0 0 0 0 0 0 0 0 0 0
0.808304098763462 2.24140092560099 0.37832316401891 3.83207481447666 2.54276916191916 2.25817936686317 2.45024748281647 1.81330620163214 2.96879287531447 0.569891355559632 1.94213360428561 0.93634569637633 1.98205825501368 2.27803493383785 1.16334121251166 5.85317483025672 0.480662863902253 0.458175012937917 0.176859352245038 0 0 0 0 0 0 0 0 0 0 0 0 0 0 0 0 0 0 0 0 0 0 0 0 0 0 0 0 0 0
6.64194665651994 0.448151669292636 6.32822630087416 0.84127485739212 0.214516356366978 7.45201470264247 1.21790576781806 7.72248363480624 3.00574050543683 3.82879874768286 1.10023918192275 2.96003291051086 1.42420694859452 0.319951316041718 3.72048942743433 4.28949564487192 3.93402808688064 2.60175479844319 0.82821950688031 10.0840714696273 0 0 0 0 0 0 0 0 0 0 0 0 0 0 0 0 0 0 0 0 0 0 0 0 0 0 0 0 0
0.266246530215061 0.219153417578725 0.226916777830273 0.156587542531446 4.13302169983332 0.0345881949555832 0.965392206212482 4.19359692139591 1.99798299394143 0.26691524086813 0.812903838636758 2.6835400211046 0.726246398985081 2.72404431060848 4.52071114477636 0.627952915271137 1.29902310855463 0.808913573054217 3.9749589351931 3.362874301538 0.871610325811399 0 0 0 0 0 0 0 0 0 0 0 0 0 0 0 0 0 0 0 0 0 0 0 0 0 0 0 0
7.22168978306285 0.932441994180915 1.71196918917505 3.65001385345565 0.140764768469243 2.91898566935739 0.553497240707515 0.518105364188562 0.605266000449772 0.888946543314232 1.69679013497304 2.28546688277616 0.0372146718702238 0.0819152292637688 2.80907565709922 3.96160310730295 0.541007771028072 5.2806554668214 1.27888443516883 0.495057797283934 0.845293739980105 3.90882447457824 0 0 0 0 0 0 0 0 0 0 0 0 0 0 0 0 0 0 0 0 0 0 0 0 0 0 0
0.106324834286417 0.613072591754901 2.82136157970145 2.29347342185332 0.797915571262812 0.0129093458064503 3.48234008193239 2.73725835724156 3.61160446843034 2.3205645282035 3.7842472360623 1.46299158496485 1.09539133946337 2.17564994386621 1.24372857764542 1.34426383450526 0.880208927939539 0.558655009956052 4.32578674921344 0.856066064595888 3.28858477710168 6.95782639485174 1.19037831133358 0 0 0 0 0 0 0 0 0 0 0 0 0 0 0 0 0 0 0 0 0 0 0 0 0 0
2.26900710302431 2.06638305367566 0.267299030600962 1.67210270816953 1.23146091437703 1.61638958922504 3.85008032638099 1.4613276455105 0.470654842921238 2.28974953905321 0.686711645428166 0.345525562986613 3.56493520279019 5.95463958831563 0.347009777781961 1.42571983015254 2.03815459669854 1.11962890239725 1.53528132127808 7.29871133142709 2.94568603220272 1.27738627650121 4.41542168079654 0.497670472846257 0 0 0 0 0 0 0 0 0 0 0 0 0 0 0 0 0 0 0 0 0 0 0 0 0
9.86473615290239 7.43368890207061 0.851051315635563 3.14238654876289 4.53475395332715 2.46602014700283 0.253352591165966 1.91105053143362 0.305335488008321 0.265823971377954 0.25030362559753 1.64250702404815 2.12190535861054 0.884036889069449 4.68584812762722 3.33556370034329 2.37155051886084 2.57206749635828 0.0598876581948672 6.77658943670113 0.0617773621420133 2.22081856145673 1.88627421250866 3.62876209814494 0.897393217055009 0 0 0 0 0 0 0 0 0 0 0 0 0 0 0 0 0 0 0 0 0 0 0 0
4.83467858450598 1.44388508109265 1.54970870912582 0.618385969667135 0.722885113656534 1.67228139483922 2.41966582925507 0.821071662924569 3.67742506643064 2.05633004144409 4.56254770328013 4.65997181851214 0.651863846366755 3.07965990575618 1.29987068537643 3.39981374698087 4.69892560756771 0.326393646057753 3.09427968063836 2.07065536621738 0.541686828676167 7.07111389276211 0.772351325686886 1.07500787165607 2.24710711500608 0.357083242479341 0 0 0 0 0 0 0 0 0 0 0 0 0 0 0 0 0 0 0 0 0 0 0
1.06670247181713 0.172282301907845 0.536073972473362 0.870362203886896 0.529812362227337 11.2635670997278 0.385386401879481 5.30634085060755 2.3365665631763 0.653837708091788 0.878903532070163 0.537030961389928 0.862979575757076 1.58559207821173 0.0672021751150917 0.833383659613264 0.312107486991838 0.349243704278722 0.55765403029914 3.45190845444238 1.70457034348153 2.2659474977032 1.25331683536687 1.18722052532448 4.43075055148365 4.40851650551424 0.948657020629856 0 0 0 0 0 0 0 0 0 0 0 0 0 0 0 0 0 0 0 0 0 0
3.09977873458967 1.66198444414604 0.628570718091204 4.48202615043082 0.233097003650861 2.07925205188043 0.747241298335118 13.2177839133315 0.819454070551747 0.636337808901124 0.0150360809657935 6.36230288794521 2.21188200595162 2.61068973871136 0.460621487945682 1.111555554466 0.246300277557179 1.28628668423883 2.05241797501012 1.0402054487071 3.37195753483168 3.01524655349382 2.07580507121195 0.464706000561257 1.9956552504107 1.26393248607051 1.9342630630306 2.97498050073665 0 0 0 0 0 0 0 0 0 0 0 0 0 0 0 0 0 0 0 0 0
0.573529287832989 4.19794717119812 1.51951893937867 0.134302573079602 4.16261622009993 4.13103807541683 6.46276751760485 5.85818201488848 0.00191346311753545 0.766323114339729 0.56024926294334 0.481550704349794 1.92781653509365 3.87664832587711 2.61779749388629 9.46193225186452 0.416159118551439 1.6811299305899 3.67486553450664 8.52214899268833 2.16116459012209 6.49816812151806 1.87128616664815 1.97604992205828 2.96588077512937 6.32989655556263 0.194646251029809 1.37621639280182 2.06388444037691 0 0 0 0 0 0 0 0 0 0 0 0 0 0 0 0 0 0 0 0
0.0334287315459982 0.173207302314967 3.41796336288264 0.0731252736494624 3.3875967606903 0.29131584847677 0.731370680106397 2.78024080308901 1.93650245511186 2.30899129029399 2.29894776982159 4.80481558301193 0.0852028909583592 1.46707307645244 2.85792611831493 1.32628202234495 2.83458133375852 6.07203692184313 0.296868556160088 0.424286092269643 0.430300903979383 5.30772710621511 5.06028888015901 0.0973594085303633 1.20843470286992 1.27856332653106 1.03082902580187 4.43893296566735 2.59897021598303 0.014023990973331 0 0 0 0 0 0 0 0 0 0 0 0 0 0 0 0 0 0 0
0.00508161262525935 0.832963295296381 0.185075100189208 1.64461039933058 1.33144878201627 5.6925787933898 0.628243737330316 1.44876192684547 2.02538956044375 0.405525978495441 0.717682655054344 2.22099357688915 0.77091780618065 1.01370128534559 0.611056783935813 0.0922857932156161 0.0653646648159172 0.54553114923447 1.81822358635896 1.61821675321804 1.17287677396802 0.429471340037289 0.931769083449224 1.99399123274645 1.31352726423337 0.640584439068291 4.36952049021625 2.01279409109316 0.887206739637331 0.328077698829736 5.53103516820568 0 0 0 0 0 0 0 0 0 0 0 0 0 0 0 0 0 0
2.71831940232678 1.35551077909986 1.25099294466713 6.63177250513629 1.02914099756452 1.40859675425574 2.70667953615281 5.70398065702711 1.65145310327453 2.9168394010424 1.3617970480863 3.18893731928521 0.330313621777037 2.04898760664602 2.46247103015993 1.00976279991971 1.0794033562042 1.36047156384697 0.526042134189049 1.37574158125503 3.92548604779878 1.47971458316647 0.269912666677385 0.590611424198131 1.79154059328759 1.68246229196938 0.134818428876585 3.47110543488687 0.120519172709977 3.97909648339312 1.87977154857298 3.988038887833 0 0 0 0 0 0 0 0 0 0 0 0 0 0 0 0 0
0.088128769113605 1.11730480914215 0.785894161355269 2.48893565129731 0.244989537791849 0.704971277688346 0.0639131163108998 2.25578827552697 1.16736825304919 4.69326087559993 3.02147088676905 0.00703638963815734 0.915262545375105 0.751727973412863 0.330154702632362 3.83713701580081 2.20948750945258 1.52755330273964 1.73679917323337 2.65234151713384 2.44923129220314 1.86700217016191 3.82858861731871 3.0741352872454 1.31829303350766 0.286623824537999 0.896928476599253 0.426103761809241 0.603322730099723 0.265415617273806 1.58428472504309 6.39133115364139 3.04005927663228 0 0 0 0 0 0 0 0 0 0 0 0 0 0 0 0
1.56939658186322 5.73980178097074 3.60669778708828 0.39733823992346 0.0913848076063109 6.78446544226541 1.87644589273221 1.62648327929553 1.1385008557203 0.256202536767475 0.446829079836853 3.64024771231214 0.737181789322613 3.55453996461505 2.80648186103977 0.910834798636488 3.22839642492443 1.21192833388694 2.24876720386413 1.28370782798946 0.060095245502479 3.13931908156954 0.983806903637274 2.0584749535789 3.35013167875994 5.23204868246237 0.125405733232957 4.03523766674148 3.81833175466995 0.998828809894501 0.866157789636601 1.06757197015711 0 0 0 0 0 0 0 0 0 0 0 0 0 0 0 0 0
2.15374100093627 1.91424066019735 3.52122853723805 1.40890333437508 3.4820393084149 0.801593569427498 3.46438974280326 0.358875714898951 0.298919129999138 3.51702094128139 0.601337547725483 4.27157914228004 0.682135980066558 5.64561848425857 0.160038165379292 0.343516017602093 1.06461909586814 1.25520395658464 1.92727414524061 0.732786345142061 0.241390659436943 3.17370405510024 1.61686688449995 0.553534065286703 4.56958653249041 0.436789243372918 0.154465979307947 1.80578577582876 2.31817738924871 0.0374792235434771 0 0 0 0 0 0 0 0 0 0 0 0 0 0 0 0 0 0 0
3.94873104040138 0.810727044196691 1.5931776027618 5.9932703398249 1.7904472262537 4.97547067499227 0.0500917471566295 1.91980382214568 1.02960238442648 1.55471007178374 0.0666940134923078 2.25867492891679 1.15878677963484 1.02130028437403 2.589518736886 3.34852056464154 1.51803572737973 0.512711807549903 4.76595527886354 1.91315380863992 0.469776412778734 1.31327916782533 0.273137235959514 0.642470288015574 1.68371469153697 2.46038313355819 0.805702648828829 9.32596773645056 0 0 0 0 0 0 0 0 0 0 0 0 0 0 0 0 0 0 0 0 0
1.2368866778095 1.59226117883308 2.76627639706602 1.0897884471053 10.5087409079122 0.0846165861417116 4.99950953241294 2.71335920160533 4.00442974570553 6.14985785986732 12.0178392461017 4.15842810258098 1.52408906243584 4.46030806199829 6.70877465691864 0.960813561639115 3.0986588733849 8.52155665428231 0.0732302411371101 2.17383184752792 5.9490313736731 0.572759305155654 1.65369463926849 0.905804462162428 0.544170095623057 2.34843799737299 0 0 0 0 0 0 0 0 0 0 0 0 0 0 0 0 0 0 0 0 0 0 0
0.966232704012658 4.02633716966395 3.35380552225392 0.4076469226428 0.441665510586515 6.69997580923771 0.60740297428141 0.329556669673174 2.99108400179834 0.0868754348839351 4.80395111326831 2.43290560797827 0.559416609685321 5.18118031802578 1.73153148593129 0.891675646440367 0.803982338391098 0.139669840012972 0.570696257291628 0.0225307772112822 0.00590042198734176 1.81547993658038 0.244453818255005 4.1485558706844 0 0 0 0 0 0 0 0 0 0 0 0 0 0 0 0 0 0 0 0 0 0 0 0 0
1.99194769476408 0.447878987023712 4.41173864737647 0.746687293260364 0.243773555377066 5.98580772605092 3.69808142736327 2.78302714289245 1.70499633153368 0.729743111102609 0.633504989381573 7.32627428467517 0.241864725484274 0.281141899618483 0.753493991410273 3.09794293162173 1.11089467445191 1.47025680701494 3.38232539884147 1.6052383692252 0.55346183601133 0.0529915748944072 0 0 0 0 0 0 0 0 0 0 0 0 0 0 0 0 0 0 0 0 0 0 0 0 0 0 0
4.5949491803313 0.0507204952167172 3.15128908000967 1.73368668564523 0.0847093725587826 0.162718240484877 0.369154281302481 0.235681971082228 6.20741323807581 1.3029988688581 1.65729727536476 2.68558002301456 0.0458085430228057 3.84620783600059 6.67963825507417 3.02322499507191 0.829070200932132 1.43279402664116 1.10171870647242 6.28139278548522 0 0 0 0 0 0 0 0 0 0 0 0 0 0 0 0 0 0 0 0 0 0 0 0 0 0 0 0 0
0.902791305038853 1.40877392001168 2.07954804946845 0.715521520476945 3.30294300345194 0.513057004524981 1.80421431228755 0.455180996613862 0.0374787570605391 0.172815147779548 1.46727922908813 4.3504346342444 0.320693355331679 1.30539635777682 4.39113373752849 2.63119882915274 1.54314013138459 0.0205950132723528 0 0 0 0 0 0 0 0 0 0 0 0 0 0 0 0 0 0 0 0 0 0 0 0 0 0 0 0 0 0 0
0.0217440842310221 3.5826395115765 0.0900185672078521 1.75621805388859 0.662982458680138 1.81269638894047 8.08437619611244 0.899660911324285 0.670552344339522 4.90155194224756 11.4288314120005 1.9857071262317 1.2568800475338 2.72720168073289 1.19792640438205 0.548808025327915 0 0 0 0 0 0 0 0 0 0 0 0 0 0 0 0 0 0 0 0 0 0 0 0 0 0 0 0 0 0 0 0 0
4.46255531818012 1.11702491817198 1.38662046700188 1.24804104244733 1.48704185985592 1.98861331180613 1.41365814112732 1.89008891338872 0.925720399619194 1.16712912203401 0.542141351883471 0.75269073911654 0.708401063960234 0.969587951659734 0 0 0 0 0 0 0 0 0 0 0 0 0 0 0 0 0 0 0 0 0 0 0 0 0 0 0 0 0 0 0 0 0 0 0
6.07172283853864 1.40815369603724 5.17862439938867 0.578472955832329 3.40599012929602 0.83829555922071 0.508999213419926 1.05409161322213 1.01732426979587 0.139634308707182 1.93861107682699 1.84602287876765 0 0 0 0 0 0 0 0 0 0 0 0 0 0 0 0 0 0 0 0 0 0 0 0 0 0 0 0 0 0 0 0 0 0 0 0 0
0.656460740776734 0.180667760319892 0.529886589961537 5.12973710062082 6.16618431771717 6.91228644339662 0.694709997887257 3.13234124296929 0.240343609581981 4.64896652983241 0 0 0 0 0 0 0 0 0 0 0 0 0 0 0 0 0 0 0 0 0 0 0 0 0 0 0 0 0 0 0 0 0 0 0 0 0 0 0
1.3953035228764 2.32004671796409 4.50149424989459 0.0936830926062588 2.0962041907598 0.0895482235800623 0.673086363457782 0.633285704253138 0 0 0 0 0 0 0 0 0 0 0 0 0 0 0 0 0 0 0 0 0 0 0 0 0 0 0 0 0 0 0 0 0 0 0 0 0 0 0 0 0
0.884218900403448 4.57997903322007 1.1489082473029 0.329682654615744 7.32265716825632 0.940460452542602 0 0 0 0 0 0 0 0 0 0 0 0 0 0 0 0 0 0 0 0 0 0 0 0 0 0 0 0 0 0 0 0 0 0 0 0 0 0 0 0 0 0 0
3.05215048169428 0.431052541766642 4.94513881684736 1.24096555724489 0 0 0 0 0 0 0 0 0 0 0 0 0 0 0 0 0 0 0 0 0 0 0 0 0 0 0 0 0 0 0 0 0 0 0 0 0 0 0 0 0 0 0 0 0
3.44451926750801 11.3737057115975 0 0 0 0 0 0 0 0 0 0 0 0 0 0 0 0 0 0 0 0 0 0 0 0 0 0 0 0 0 0 0 0 0 0 0 0 0 0 0 0 0 0 0 0 0 0 0
