6.57547951603859 0 0 0 0 0 0 0 0 0 0 0 0 0 0 0 0 0 0 0 0 0 0 0 0 0 0 0 0 0 0 0 0 0 0 0 0 0 0 0 0 0 0 0 0 0 0 0 0
5.53596175937391 0.331537635767527 0 0 0 0 0 0 0 0 0 0 0 0 0 0 0 0 0 0 0 0 0 0 0 0 0 0 0 0 0 0 0 0 0 0 0 0 0 0 0 0 0 0 0 0 0 0 0
0.130731111950308 4.31567310132032 2.90375888296872 0 0 0 0 0 0 0 0 0 0 0 0 0 0 0 0 0 0 0 0 0 0 0 0 0 0 0 0 0 0 0 0 0 0 0 0 0 0 0 0 0 0 0 0 0 0
0.156254612678318 2.09548178070906 3.57657774415865 1.10140005852128 0 0 0 0 0 0 0 0 0 0 0 0 0 0 0 0 0 0 0 0 0 0 0 0 0 0 0 0 0 0 0 0 0 0 0 0 0 0 0 0 0 0 0 0 0
0.0395565169831947 1.74267217075747 1.54091311820713 0.894383449363132 1.92318719844349 0 0 0 0 0 0 0 0 0 0 0 0 0 0 0 0 0 0 0 0 0 0 0 0 0 0 0 0 0 0 0 0 0 0 0 0 0 0 0 0 0 0 0 0
3.29910454017675 1.68412374559595 4.44621821059024 0.742879944773628 0.820764800132336 5.35014299880718 0 0 0 0 0 0 0 0 0 0 0 0 0 0 0 0 0 0 0 0 0 0 0 0 0 0 0 0 0 0 0 0 0 0 0 0 0 0 0 0 0 0 0
3.25739561658753 0.448823496513303 1.90043956355969 5.51171739486567 2.63403436479828 0.232835171965091 2.67703151407599 0 0 0 0 0 0 0 0 0 0 0 0 0 0 0 0 0 0 0 0 0 0 0 0 0 0 0 0 0 0 0 0 0 0 0 0 0 0 0 0 0 0
1.58667909320433 1.54514208502694 4.07013125127308 5.48281537150737 0.145123598111593 0.0565439607483531 1.91802991007899 0.0347127227041453 0 0 0 0 0 0 0 0 0 0 0 0 0 0 0 0 0 0 0 0 0 0 0 0 0 0 0 0 0 0 0 0 0 0 0 0 0 0 0 0 0
0.540863926416041 2.09974568555606 5.11230193363931 5.90633232916588 0.688719541575662 3.84369597215704 1.77925294969478 1.82784227346569 2.40852390185853 0 0 0 0 0 0 0 0 0 0 0 0 0 0 0 0 0 0 0 0 0 0 0 0 0 0 0 0 0 0 0 0 0 0 0 0 0 0 0 0
2.8262144739139 1.16976541800867 5.36571790224317 4.76475323289537 2.04448676900885 0.0901371003518349 2.14016722586526 2.42218260720423 2.03427985340051 1.01303820260182 0 0 0 0 0 0 0 0 0 0 0 0 0 0 0 0 0 0 0 0 0 0 0 0 0 0 0 0 0 0 0 0 0 0 0 0 0 0 0
3.08993380673866 14.005087601039 4.2051725576324 2.32916306504548 2.11053792254909 1.76220008538281 1.50321207849157 0.935017296914452 3.10578607687659 4.6168920786098 3.94962587780143 0 0 0 0 0 0 0 0 0 0 0 0 0 0 0 0 0 0 0 0 0 0 0 0 0 0 0 0 0 0 0 0 0 0 0 0 0 0
1.86059702334476 4.4092833167987 0.383799288322375 7.96300089545618 1.9370352023145 0.737351291580584 1.79169293640549 0.135784531697342 4.68619122408071 0.485457042314304 1.29609412670628 6.62772472621111 0 0 0 0 0 0 0 0 0 0 0 0 0 0 0 0 0 0 0 0 0 0 0 0 0 0 0 0 0 0 0 0 0 0 0 0 0
7.71781742293991 0.0159948147693144 0.182777363918128 2.24427272687097 1.72201948198346 0.130955001533929 1.54831617529503 4.08592040300788 1.0116293527307 0.66983822420103 5.86576048442278 2.99368308070341 4.08890165540664 0 0 0 0 0 0 0 0 0 0 0 0 0 0 0 0 0 0 0 0 0 0 0 0 0 0 0 0 0 0 0 0 0 0 0 0
1.35420633520419 3.08099138113768 0.208754494900342 3.25349795969269 5.33974008935507 0.999630042083316 1.34125401765572 0.860003019722586 6.18788524763258 2.72466954267693 1.47885545540192 5.55033816180668 4.23215864518426 4.44855954578395 0 0 0 0 0 0 0 0 0 0 0 0 0 0 0 0 0 0 0 0 0 0 0 0 0 0 0 0 0 0 0 0 0 0 0
8.86101452341324 0.250900792877026 2.93660875602611 0.562852512728053 0.749749201584961 7.59483050075601 3.8077416271441 3.29470860297379 0.00616082233998845 0.251761674004965 0.09055573880763 4.21885516368173 6.00235040419265 1.14072746274097 0.475803542966467 0 0 0 0 0 0 0 0 0 0 0 0 0 0 0 0 0 0 0 0 0 0 0 0 0 0 0 0 0 0 0 0 0 0
1.44060466978975 1.67333316765113 0.348174313999544 2.31118645504167 1.39315505421569 7.40865919126689 4.95278047860679 0.559132260772303 3.20569665745397 2.2169555640954 5.45613145960431 6.45691730595277 2.09836654583675 2.60297803436619 6.42464227442731 1.86385711405752 0 0 0 0 0 0 0 0 0 0 0 0 0 0 0 0 0 0 0 0 0 0 0 0 0 0 0 0 0 0 0 0 0
1.2018172860408 0.472705685022978 0.926530803854578 0.898042872944576 1.80464441750244 0.837836552438422 5.28643482460763 0.194274108554357 1.49149909105278 0.135893100556163 2.31994814828036 0.702064031616895 0.95884666798491 0.684200620776279 0.198545156720171 0.886034583833784 1.42719438892765 0 0 0 0 0 0 0 0 0 0 0 0 0 0 0 0 0 0 0 0 0 0 0 0 0 0 0 0 0 0 0 0
2.90321268325769 0.383485697569587 3.46823653992171 2.08154132538862 0.594395905078563 1.43069975879754 0.046930335045387 3.46084430250087 6.70234480436538 2.11720496042176 2.37930673561701 2.31288188903832 2.73506512259501 6.6203298464178 7.17691158465333 4.16449389874253 2.87288987681874 0.193568942761356 0 0 0 0 0 0 0 0 0 0 0 0 0 0 0 0 0 0 0 0 0 0 0 0 0 0 0 0 0 0 0
0.398004575980036 1.97559197117487 3.44329865910381 1.65175243981565 0.487884690070585 1.06031436468368 0.382407830954698 3.29973073731684 7.90729626645281 2.62934281692779 1.82957405410009 1.13330926398916 1.88951820137171 0.671119684605679 3.59948344977733 0.330640100904833 0.828640380220534 1.43543242241503 0.882001169753637 0 0 0 0 0 0 0 0 0 0 0 0 0 0 0 0 0 0 0 0 0 0 0 0 0 0 0 0 0 0
1.36081977248407 1.37039293227252 6.01448663604629 2.49221690277908 3.06142752922964 2.84901944494352 3.95548478449534 1.68406421924634 0.0534234616729408 1.42049521642102 3.63294581196311 2.33482800447091 2.22469102288359 1.5941420814733 2.89056432998333 0.812874994014714 0.286954789762849 1.77593487968182 7.03791525605912 4.81282177819915 0 0 0 0 0 0 0 0 0 0 0 0 0 0 0 0 0 0 0 0 0 0 0 0 0 0 0 0 0
1.98984756712017 0.9897015792116 4.37627483602407 0.349842225532738 1.661336776234 2.23955414156626 1.51132769789963 3.30640073828098 0.728595750670612 0.641594349437094 7.91205615543951 0.0697053928879761 1.60673094907066 0.835548541552533 0.281075077521071 6.03302494577044 1.94952357359484 5.13140531400976 1.06582409990508 1.02677872590004 3.0173322329766 0 0 0 0 0 0 0 0 0 0 0 0 0 0 0 0 0 0 0 0 0 0 0 0 0 0 0 0
1.51923995706524 1.1475617391678 1.09946871125755 1.53653584693866 0.778042651313677 3.83238230251366 0.251143434851533 1.15199335306182 1.86671477746745 0.191390101292089 0.71229505547945 12.1532019323727 1.3605123155551 2.61581681795001 2.42437331867471 5.51568568230707 4.48355825878844 0.30719845161368 2.32885749980944 3.45840896176248 2.79615930015432 0.763089873417137 0 0 0 0 0 0 0 0 0 0 0 0 0 0 0 0 0 0 0 0 0 0 0 0 0 0 0
2.02509520615469 2.28426212015245 11.5029034346039 3.92522245087344 0.842020163431837 0.517506562129627 2.25539750934533 2.21809698129552 3.77252647991771 1.34357750650884 1.42999747841586 3.09892531572789 2.41718136919024 10.1502574500729 1.65927743124693 2.54474367111556 0.507040083492069 7.40017651311218 2.58031733188477 2.45368815122841 3.55758783015955 1.85407055328506 1.21673134950191 0 0 0 0 0 0 0 0 0 0 0 0 0 0 0 0 0 0 0 0 0 0 0 0 0 0
1.7752419891511 0.44304542642717 0.275798342139904 5.75515097096768 1.10879893233273 2.32718285356671 2.11827997871759 1.82835531076359 1.37362162416887 3.54159893581413 0.96574556860998 0.855610983377543 2.42689749106013 1.30385849777548 5.51921819308605 13.2173871581767 0.907286165886701 1.11678777342854 0.88768176542143 1.26415252850968 0.866841735902416 11.7904779137968 1.75748205225601 1.97142025891316 0 0 0 0 0 0 0 0 0 0 0 0 0 0 0 0 0 0 0 0 0 0 0 0 0
4.38194831914317 3.05265704943638 1.70759686986491 0.276657786716424 6.42958841396394 3.1506266262264 5.99840190927985 0.608707776496415 0.551889868154223 3.81940225001549 0.0633043139699239 4.27587673582046 0.528799256863427 5.86221048529433 0.233905693435373 1.67951650537113 0.158836127429307 1.0370342571915 2.27941811797748 1.38499560263195 1.06802091515773 2.58159151647647 10.4985598560026 2.01355141121053 2.17046296943515 0 0 0 0 0 0 0 0 0 0 0 0 0 0 0 0 0 0 0 0 0 0 0 0
1.97819051884965 0.95624671708645 1.62346849834303 1.34213283285731 2.09632194293172 0.910999198448122 1.74314690601076 1.02432173056247 2.06222488318102 1.71518682485055 6.30192162141454 2.19029291992256 6.21193761957455 2.98733510465402 4.21220285394998 1.02122447322004 4.50393412870816 6.04381709835978 0.535059608467958 3.90961740878214 1.98696816790313 0.25197121949258 2.75861695078828 1.68041314842358 3.15813327891755 2.37634659086999 0 0 0 0 0 0 0 0 0 0 0 0 0 0 0 0 0 0 0 0 0 0 0
2.67210476550036 1.72185964286115 3.78576311511999 2.43205146813574 3.29366966801253 0.709034332592422 9.12478658210429 4.62238432916877 1.78254434155239 5.47928484803035 0.813230113676242 1.24403875732308 2.1646176128085 10.1158861087889 1.06413968432702 1.93599183380054 0.760483525360887 11.4142066001553 3.09356030270287 0.00382239049928256 2.05649740706055 6.92985401614749 1.97937646176748 0.25696414975785 0.297440533175014 2.1056736089632 0.435776743211624 0 0 0 0 0 0 0 0 0 0 0 0 0 0 0 0 0 0 0 0 0 0
0.123573728670472 4.68294220128428 0.522355564138651 0.358062309022544 0.167081605015098 2.54235418581248 0.731093832294636 1.46303170185517 4.26589007379267 1.02113984988008 1.4209043474784 3.80801937467858 0.691839232027767 1.03047767556868 3.38750040856922 1.4839041216096 0.974529156715289 0.357991577062372 2.46180653095753 6.76007656231384 4.77033059566552 2.04904250192313 6.93002703756826 0.932759790176663 0.790061971861287 1.41621865465635 3.61621395105564 0.820680291328499 0 0 0 0 0 0 0 0 0 0 0 0 0 0 0 0 0 0 0 0 0
0.129646926490856 6.10492738984546 5.98978864123421 0.864882700704897 1.52412156591888 1.71170683686461 1.09047679130101 5.35237137228198 0.093480503823043 4.77477168077276 4.34421062089437 1.57163063923548 3.47407332521939 0.678495276060539 0.885503990403746 1.46226755108289 7.0830947996473 2.05722745485497 0.917117462681277 2.15992497478112 6.25406490957985 1.21717976953629 2.34350998243637 2.92123508406958 2.1583649988646 0.501299406202298 0.124571851538504 1.04913633054456 3.02077438600068 0 0 0 0 0 0 0 0 0 0 0 0 0 0 0 0 0 0 0 0
2.31197633894472 2.20196255158528 1.63421389939535 2.56561819048017 0.849669894940028 0.0945349788003755 4.00077611678602 0.67988402401412 0.187426214364021 1.14165572780323 0.832446820691769 3.81646532964268 0.0784504501511637 0.246704927803861 0.759262731973755 6.11620147042097 0.190989681160923 2.99156516443977 4.68977114773144 5.2063019049959 0.191409765301374 3.8664542852762 0.0788511494230985 4.90484838600027 0.581550660383627 1.33711358262045 1.22568262375939 4.61714244309679 6.46757904112434 1.23593008159161 0 0 0 0 0 0 0 0 0 0 0 0 0 0 0 0 0 0 0
1.60617376323949 1.12727510760585 3.24273157405391 0.987041002231207 0.346226923666373 10.649173937184 0.130634868332898 1.64539192497402 0.743896921186025 4.3079563191969 0.480666412953861 1.54697000030063 1.07871939180226 4.36653501907953 3.37919037048686 1.27087661894587 0.113120716259243 2.32080162502865 2.94516897036563 1.35462827734352 1.5699347639308 0.587092544198448 0.417667002007008 5.46294332760349 0.634921832682521 8.81067920169893 7.40696284741605 0.227331392913383 1.24752491699635 2.61039560869751 1.54465001401955 0 0 0 0 0 0 0 0 0 0 0 0 0 0 0 0 0 0
3.98564512104158 4.08102033155686 0.913536954809568 0.806497857293601 1.23332149826797 0.439636748440035 1.99074691900244 1.14650948314564 2.31569453744126 2.91640034352494 5.34225678716151 0.536568148517476 6.0388796862499 3.23977995856977 3.21052924029386 2.83355273652751 2.20073211148963 3.88084315011302 7.25506673443571 0.231323291962105 0.969982084586711 6.96732167490666 3.36554659604669 0.551952121981493 1.08760336288554 3.11839283949611 6.73253250460283 0.694674921581711 10.3699359602001 3.57309195630407 2.22070696206295 1.51910472240857 0 0 0 0 0 0 0 0 0 0 0 0 0 0 0 0 0
2.65431172726739 1.33074929274405 0.821219405706378 5.9348913087398 1.78518214376024 1.71703317021229 0.7248941026382 1.2142344351212 0.566579622308282 0.514783581255037 1.85442636461926 3.23179161910382 3.31103365368911 0.173135813634958 2.26087938738888 1.7498887100088 7.18777837918736 3.21305617843467 3.5681014148196 0.790223523193445 1.17217355838239 3.9305333753797 3.02018137185995 2.09078266592389 6.55048271228047 2.88097539813526 1.26350715214527 1.82312217358161 5.547513519842 1.35197979447419 0.738744410865052 1.1277816403836 0.92422091941565 0 0 0 0 0 0 0 0 0 0 0 0 0 0 0 0
2.87159290730351 0.590825606469791 0.872533598013599 0.113698705397494 2.5401903853098 3.34784052267819 2.27173293355197 1.09803267801204 0.969730126252567 0.142632374164393 0.142432169409567 3.99331134837369 0.00490613088632884 0.190110139588289 2.92691798443384 1.59703375541041 1.11824624886615 1.25543635118151 2.23036101073827 3.25388182016345 1.35176844953533 2.52205490186647 0.735051564382897 1.61248276978317 2.06146743733303 0.556879960666566 4.56568135575703 0.11768699477776 0.516395271671849 0.502466710230032 0.999435124792792 14.0803891698527 0 0 0 0 0 0 0 0 0 0 0 0 0 0 0 0 0
0.617386074876986 2.78846492264375 1.12867097950469 1.44242232370253 2.51293214261067 0.753734742815123 1.97664804451115 6.08556241435984 0.265059414116344 0.38157938260583 4.44529953913395 1.74107279532871 0.9385881380783 4.17110148638805 1.60073972242858 1.40294882000624 1.02818690931929 1.2246707747009 0.906144726216726 0.00931802041281966 0.681208151871247 0.418956033188898 4.89483931083685 0.0638991148024809 0.436872765571868 2.01888995256838 0.499455428803263 2.81284220490601 2.959066384464 6.32980308725084 0 0 0 0 0 0 0 0 0 0 0 0 0 0 0 0 0 0 0
1.81627801618997 0.438638681686363 2.90065034921083 0.451513839424509 0.660028886633271 1.22602262830553 1.31329012986971 1.59531317522382 0.114401976498883 3.07544420984379 2.24051690826301 2.0135249916476 1.49120547313428 0.286632796688578 0.232244246162718 1.05178277409705 0.806657397541051 4.11836932056621 1.13825506601851 10.2839035324428 5.98129495082589 0.731644863304405 0.195618105970565 3.34827267895649 1.885177491069 2.65518326740614 1.56165936662707 0.183832250969724 0 0 0 0 0 0 0 0 0 0 0 0 0 0 0 0 0 0 0 0 0
0.677203776830358 1.53229602357342 1.6033829964309 1.19264955885753 3.96263994589198 6.40018206926266 0.863287834187007 1.02894455958069 3.72247447281523 0.571765936745492 6.29879287101354 1.48579620839566 1.63264326232399 3.02681137638811 1.90672878657482 1.6130144547858 0.993360304880038 3.33487796539294 2.47194423568673 1.09735043174249 2.44912279231876 0.307503482357052 0.282001744342706 0.167963679701936 0.086425644363959 0.168819300329342 0 0 0 0 0 0 0 0 0 0 0 0 0 0 0 0 0 0 0 0 0 0 0
5.66715622290199 1.21352200499894 2.44887590224771 0.828973723496258 2.86342820425022 1.13832101128533 0.851151211778795 0.575048328513356 0.377124932808437 0.296317627978533 0.0395218828097283 0.927542646343084 2.11558319590782 0.479054243891225 1.31637578285166 3.01433992828891 0.24129752561287 0.537556090881178 6.69444015246163 5.82079029915612 1.07746861146096 5.60035305037118 1.61209855078462 0.222821513855464 0 0 0 0 0 0 0 0 0 0 0 0 0 0 0 0 0 0 0 0 0 0 0 0 0
4.37525521342003 0.0615468084668248 0.648909013201588 2.03500079184492 3.12406073885123 2.17410097406871 2.27242437734489 4.48661308604896 5.1470966855138 4.64753034164387 1.54666200736901 1.10780977520789 1.12307701804112 2.68900317733656 2.66305832925359 0.175347601577845 0.892877504373856 8.63130590421531 0.949306523254993 0.563873909422696 3.1034328015521 1.04241320064169 0 0 0 0 0 0 0 0 0 0 0 0 0 0 0 0 0 0 0 0 0 0 0 0 0 0 0
2.04887632606072 3.75509354701259 3.43352390750989 0.381200389801894 0.532504724918188 2.92405351685639 5.19292498443079 3.55794569813818 4.03513583030769 1.01428911329271 0.931500471102951 3.79706202129261 0.241963783399716 4.04923397833682 4.20835962123941 0.273213337153534 0.659515839525295 1.73486967807948 0.261807794861446 0.509377062969588 0 0 0 0 0 0 0 0 0 0 0 0 0 0 0 0 0 0 0 0 0 0 0 0 0 0 0 0 0
7.60246209406276 1.00506950639798 1.47340996165604 0.692767808210897 3.20030552159272 0.985846782585686 0.899717720312243 3.50813562784396 5.28075162474482 1.69396470862606 1.74677775488619 2.800463839723 7.88243647826776 5.61505171429737 0.618852181353261 0.901050566740598 0.0415206960156561 6.91560962337769 0 0 0 0 0 0 0 0 0 0 0 0 0 0 0 0 0 0 0 0 0 0 0 0 0 0 0 0 0 0 0
1.03435658423315 1.2454423111196 3.42776152490871 1.38330523483292 1.35142957284242 5.32587886950845 6.62432432441889 2.84879767143945 6.05626515506378 1.88520686797282 3.9837318841167 1.62634029683066 0.828869955114589 0.824644306672953 5.27805673470642 0.856438886562643 0 0 0 0 0 0 0 0 0 0 0 0 0 0 0 0 0 0 0 0 0 0 0 0 0 0 0 0 0 0 0 0 0
0.118762015142163 0.528137869450171 0.705918700476817 2.62323929694712 0.734840207431458 0.377891721946505 4.12289695116123 5.92628727144087 1.1184033778193 1.71232080293854 1.97546354402127 1.02342800028275 1.2404577066587 1.97925399908205 0 0 0 0 0 0 0 0 0 0 0 0 0 0 0 0 0 0 0 0 0 0 0 0 0 0 0 0 0 0 0 0 0 0 0
2.94869005350113 5.94914917799692 0.298744480564681 0.329945479106439 3.96614100039042 0.179933013823446 13.3262315960799 0.306055617049683 1.23958627651831 1.9597305820725 1.36231437592154 0.0702276972037048 0 0 0 0 0 0 0 0 0 0 0 0 0 0 0 0 0 0 0 0 0 0 0 0 0 0 0 0 0 0 0 0 0 0 0 0 0
8.54198970301274 2.28684918687386 0.532705332230391 1.28214130935995 1.73395196341257 0.312309048782566 0.720451808388096 6.07901125957949 1.27216385451982 0.204492660826418 0 0 0 0 0 0 0 0 0 0 0 0 0 0 0 0 0 0 0 0 0 0 0 0 0 0 0 0 0 0 0 0 0 0 0 0 0 0 0
1.16788328268256 1.52626709046588 10.3162879961269 1.54864510903449 0.525645558720417 1.65045898123389 0.916792272420647 0.588621021317884 0 0 0 0 0 0 0 0 0 0 0 0 0 0 0 0 0 0 0 0 0 0 0 0 0 0 0 0 0 0 0 0 0 0 0 0 0 0 0 0 0
1.29487530368576 1.95704479752799 2.56296039506491 0.914876404975837 5.8595749379103 0.0833585337114651 0 0 0 0 0 0 0 0 0 0 0 0 0 0 0 0 0 0 0 0 0 0 0 0 0 0 0 0 0 0 0 0 0 0 0 0 0 0 0 0 0 0 0
0.210313188758423 0.177783548787392 4.88067307871273 0.341633830169228 0 0 0 0 0 0 0 0 0 0 0 0 0 0 0 0 0 0 0 0 0 0 0 0 0 0 0 0 0 0 0 0 0 0 0 0 0 0 0 0 0 0 0 0 0
1.61162831641753 0.819277522567082 0 0 0 0 0 0 0 0 0 0 0 0 0 0 0 0 0 0 0 0 0 0 0 0 0 0 0 0 0 0 0 0 0 0 0 0 0 0 0 0 0 0 0 0 0 0 0
