1.25841126415127 0 0 0 0 0 0 0 0 0 0 0 0 0 0 0 0 0 0 0 0 0 0 0 0 0 0 0 0 0 0 0 0 0 0 0 0 0 0 0 0 0 0 0 0 0 0 0 0
2.41150154452022 1.28008289817607 0 0 0 0 0 0 0 0 0 0 0 0 0 0 0 0 0 0 0 0 0 0 0 0 0 0 0 0 0 0 0 0 0 0 0 0 0 0 0 0 0 0 0 0 0 0 0
1.02260116868757 4.78116213978518 0.18365694171855 0 0 0 0 0 0 0 0 0 0 0 0 0 0 0 0 0 0 0 0 0 0 0 0 0 0 0 0 0 0 0 0 0 0 0 0 0 0 0 0 0 0 0 0 0 0
3.977394499103 2.07627458830242 1.30680463298548 7.14300622452807 0 0 0 0 0 0 0 0 0 0 0 0 0 0 0 0 0 0 0 0 0 0 0 0 0 0 0 0 0 0 0 0 0 0 0 0 0 0 0 0 0 0 0 0 0
0.75919597660813 7.68279291570145 0.881027591054951 7.71224939120483 0.929275631856322 0 0 0 0 0 0 0 0 0 0 0 0 0 0 0 0 0 0 0 0 0 0 0 0 0 0 0 0 0 0 0 0 0 0 0 0 0 0 0 0 0 0 0 0
1.99570567019011 2.67901923225815 4.23514522542433 0.728999904641791 5.51450034130876 5.02209285254311 0 0 0 0 0 0 0 0 0 0 0 0 0 0 0 0 0 0 0 0 0 0 0 0 0 0 0 0 0 0 0 0 0 0 0 0 0 0 0 0 0 0 0
4.08218693247951 13.7156758542312 0.052452348674648 0.521957785723466 0.890151843793031 1.28159060121207 0.051896537712845 0 0 0 0 0 0 0 0 0 0 0 0 0 0 0 0 0 0 0 0 0 0 0 0 0 0 0 0 0 0 0 0 0 0 0 0 0 0 0 0 0 0
11.0625063624093 5.29991088620418 2.00001148797972 4.01204266615429 3.29073508748191 3.04484845904391 0.816024289687248 1.39775987751147 0 0 0 0 0 0 0 0 0 0 0 0 0 0 0 0 0 0 0 0 0 0 0 0 0 0 0 0 0 0 0 0 0 0 0 0 0 0 0 0 0
8.74822213105165 5.73634219120719 2.89801660297339 1.30855104971732 5.22859034019277 2.0617890599298 2.90449667471887 7.8946784181572 0.592615602487145 0 0 0 0 0 0 0 0 0 0 0 0 0 0 0 0 0 0 0 0 0 0 0 0 0 0 0 0 0 0 0 0 0 0 0 0 0 0 0 0
4.4232839894879 2.72784477311866 1.83772493888889 1.86684326718526 3.26316209489211 5.82834778500605 1.75162778095848 0.0210063070282744 3.28315566858308 5.48488167756468 0 0 0 0 0 0 0 0 0 0 0 0 0 0 0 0 0 0 0 0 0 0 0 0 0 0 0 0 0 0 0 0 0 0 0 0 0 0 0
0.386234168304122 5.82027467815513 4.62430277896616 3.81880766503384 3.06735890462596 9.00624082349013 0.791354811847621 0.622362171453061 4.95267811588198 0.947481196554453 12.4885411633798 0 0 0 0 0 0 0 0 0 0 0 0 0 0 0 0 0 0 0 0 0 0 0 0 0 0 0 0 0 0 0 0 0 0 0 0 0 0
2.02859784174669 5.78123397840033 0.355664264127878 3.26855389259378 3.72706239041093 3.52928567051132 0.842083140612674 0.608471689922964 1.64794443851259 3.52938123939605 3.80450578409961 8.98363246189989 0 0 0 0 0 0 0 0 0 0 0 0 0 0 0 0 0 0 0 0 0 0 0 0 0 0 0 0 0 0 0 0 0 0 0 0 0
2.23206685524103 2.1638123654215 2.11663579347405 9.62044224706409 0.493400072226474 0.301590746074181 1.13480840103008 1.52445710075464 1.14381069221822 0.48483624839316 2.60022333733748 4.19588701955242 0.481607511559188 0 0 0 0 0 0 0 0 0 0 0 0 0 0 0 0 0 0 0 0 0 0 0 0 0 0 0 0 0 0 0 0 0 0 0 0
1.04558190985305 5.24766830236369 14.6599990632251 1.76816376407209 1.25750471994769 0.19801845790337 2.8651550891307 1.74666447723849 1.1516538361185 4.15949661396074 1.5067642555844 3.75408541335584 1.89668417135235 0.284377646601255 0 0 0 0 0 0 0 0 0 0 0 0 0 0 0 0 0 0 0 0 0 0 0 0 0 0 0 0 0 0 0 0 0 0 0
0.555507223679811 1.24753816421498 2.30013851572841 0.0872741430584437 3.84652314772235 0.64652099860666 0.151708128627443 0.121142412461855 5.07354089742573 1.72199442575134 0.99106879084234 0.186441793167003 5.02568343497077 0.257573957398621 2.8958843984926 0 0 0 0 0 0 0 0 0 0 0 0 0 0 0 0 0 0 0 0 0 0 0 0 0 0 0 0 0 0 0 0 0 0
3.28978569737906 2.40533190429562 0.811620025235129 4.19089480876659 2.56314357313618 5.84676593220322 2.52645392237881 0.818412115878428 5.03481883951399 2.20837069638262 0.182265668391059 2.75885047461574 4.12688435787084 9.77804044426176 3.76696075286472 9.50944158979544 0 0 0 0 0 0 0 0 0 0 0 0 0 0 0 0 0 0 0 0 0 0 0 0 0 0 0 0 0 0 0 0 0
2.01280191453976 1.47050643409249 1.59886967452173 2.11977087899457 0.675655565148661 3.19263044316411 0.856141409823993 2.36284985168398 2.60267339598987 1.43557894529267 0.108964455943403 3.60838748322707 0.166278961561686 1.92027031716714 1.24427852107944 1.37372551563551 2.12177872613717 0 0 0 0 0 0 0 0 0 0 0 0 0 0 0 0 0 0 0 0 0 0 0 0 0 0 0 0 0 0 0 0
0.0766735720546966 0.839925567687761 1.51918048804112 4.78951173149185 0.457297276925251 1.25799708354476 2.18794884672034 5.22928943430435 0.692438824146096 0.593244605132691 0.163254429479114 1.60443140141613 2.98349469888828 0.740386090230288 1.3557014919822 1.42485723230019 2.96342394811999 0.0609125361766144 0 0 0 0 0 0 0 0 0 0 0 0 0 0 0 0 0 0 0 0 0 0 0 0 0 0 0 0 0 0 0
0.0361953613069964 2.24989451453833 0.416754366623968 0.412558864682092 0.807479378348794 3.91424738368619 0.58345237755932 0.251571565674035 1.40903967096395 8.77419976058138 0.740462725423917 0.247507308625304 1.15658124903807 0.236347198931782 4.01764614632642 2.23978431750602 2.96924922316994 3.4852737871258 9.43256870537221 0 0 0 0 0 0 0 0 0 0 0 0 0 0 0 0 0 0 0 0 0 0 0 0 0 0 0 0 0 0
1.86377458938654 0.733864666057584 1.69990072478005 0.591122326610815 0.5660294797916 0.900040501317406 2.48299267651756 1.62670019205304 0.509165198419213 1.46094452899275 0.132757816361335 0.0179916571369354 0.296048276462281 0.905693971293029 6.44827695751231 0.389284637059056 2.01246590193066 1.40233570694235 1.96769863781761 2.79547921906581 0 0 0 0 0 0 0 0 0 0 0 0 0 0 0 0 0 0 0 0 0 0 0 0 0 0 0 0 0
0.95170208879816 0.75792969999154 3.83242335074496 2.3403073323035 4.21663709149473 0.620328088325353 0.501770805482537 7.33315000163831 2.75264289312613 0.76302257640807 5.88095368386581 2.58325128013017 0.56224746881336 0.176511736054583 1.81475765449235 6.35902484078245 2.5145667546488 5.85328704979828 1.08175949843714 1.21218312293959 1.39496172334184 0 0 0 0 0 0 0 0 0 0 0 0 0 0 0 0 0 0 0 0 0 0 0 0 0 0 0 0
0.112504447499632 0.852345082109889 2.40146935270997 3.82777801091212 0.86333245361705 0.881978257993717 2.77362628342277 2.14251376432208 0.785125218000685 3.16557221253247 3.68555556600371 0.273521701720901 6.89376013129315 2.7580019737999 2.23233663877411 0.262074524002297 2.23466955625751 2.38455618786351 3.00605419467187 3.06701536210031 0.96679166098621 0.0546511133378106 0 0 0 0 0 0 0 0 0 0 0 0 0 0 0 0 0 0 0 0 0 0 0 0 0 0 0
0.0845425478081101 0.0967501232515142 5.46065939675215 0.784174603390637 5.81659517475538 2.33946354481294 1.04644492787558 0.965215867733309 0.0551665828821733 0.240029989771266 0.966293220201954 0.518281139639891 2.07490429517516 0.581292716781324 0.737459072155662 1.3749874679782 2.18266926218827 1.83365603602431 2.9218946852331 0.649485645920813 1.55949900946492 0.49320137657614 2.86834948059858 0 0 0 0 0 0 0 0 0 0 0 0 0 0 0 0 0 0 0 0 0 0 0 0 0 0
4.82049505818863 3.38262164723471 3.04343826926856 0.0271548257906607 1.63197327134494 0.209527461369513 3.24047722322336 0.522098885887545 0.786920826062745 2.37886481381275 3.14368550912298 1.92474714515914 0.444758492557802 1.96080509866884 3.31899246260018 0.104947806275872 3.49507756163423 0.915145773584755 1.07449028555884 1.31613983819128 1.1356593379856 0.22526340220273 7.75806637941503 1.56875505446331 0 0 0 0 0 0 0 0 0 0 0 0 0 0 0 0 0 0 0 0 0 0 0 0 0
4.31926181800798 0.412231389056805 2.29884361553395 2.4301661571371 0.335983681646875 2.46463877872163 3.30530453415127 3.63065963398492 0.10100847559592 2.32300106284741 2.32932066513057 0.358942268321592 2.52872706428287 0.0912536738330915 0.903591406987384 0.596171651347671 0.346798551897471 2.24091400526351 0.292704776733488 1.17577661409006 2.64817740328047 1.36732555168049 3.20209433611072 0.325370920131534 0.250999866678504 0 0 0 0 0 0 0 0 0 0 0 0 0 0 0 0 0 0 0 0 0 0 0 0
5.10513553588061 0.11253230701605 2.9397636664436 1.05987173501753 2.24444425701673 1.47776546794955 2.41321757733934 1.69121061770954 4.21330443960235 0.497332369654105 2.69945526016413 2.22718643386907 1.01021609767498 4.41385361476244 2.49858000906451 0.356115816707906 2.01275054404887 3.79292100555892 0.229060968984599 1.56300501593294 1.25764927490117 0.330860428704968 0.9571123066822 4.83179528142786 2.71466532986533 4.21007623111118 0 0 0 0 0 0 0 0 0 0 0 0 0 0 0 0 0 0 0 0 0 0 0
1.16297026020933 5.21262120639152 2.36031558072403 0.501580343693953 1.66722232127494 2.78212760131678 11.0235300116535 0.324447587135054 0.416279631844762 4.63620043567361 0.342100582965772 0.10107999614265 0.623311776095095 2.51143725272797 2.47081397306281 0.50119398502219 2.2583309328286 1.06337477691518 0.0360465658815935 8.93905259193968 2.22024123681621 4.24978552718371 5.59494232206048 2.00458445043544 0.9679648937978 5.8665783783159 0.361912758464427 0 0 0 0 0 0 0 0 0 0 0 0 0 0 0 0 0 0 0 0 0 0
2.03209099191943 0.280125481967987 2.29559354625849 4.43943059890684 1.75780336492695 0.510003273928686 0.0478984991100809 1.759748716013 2.50400716758064 7.03198028309193 5.45079669463163 5.59466384972569 3.67981287297687 4.01055163089186 0.756740639062446 1.21131237049532 1.9994200344005 1.40387269194794 1.66778786628079 0.482572173512488 3.01583518224388 10.9475313990061 3.91021472582812 0.91755832816294 0.307133540085193 0.460629694837555 0.845310212321327 1.6388749372291 0 0 0 0 0 0 0 0 0 0 0 0 0 0 0 0 0 0 0 0 0
1.9807698740198 0.380146313659547 3.69184759875855 2.84169501292707 2.21806948118374 1.15618133810799 1.71186223957487 1.28576887640654 1.60447370635315 4.06450736278287 1.44857927059514 2.12204343266102 3.87907506720844 4.98545284087827 4.55510925814069 1.52322483690366 4.19811562230676 1.58352212023333 2.69767767946641 1.23051176703984 0.338854048501811 2.11300766139725 1.5518922117618 4.128511705106 0.255560807033909 0.382669376291847 3.88210245731168 2.11768662954381 0.895861706946431 0 0 0 0 0 0 0 0 0 0 0 0 0 0 0 0 0 0 0 0
2.43141790358619 8.18384721114517 0.353779842308726 0.191777082167678 0.958705275909195 0.384161513515518 10.114634863455 0.0945022695267147 8.55680131286839 0.302063655229782 1.12666425753894 4.90810624721528 0.44904355816186 1.94220741556203 0.642450590381022 0.385285921427018 2.43296984681235 4.30763461832399 1.4610183780041 3.02863810023582 1.88268789834007 0.235848526997739 1.95998480203297 1.27555941106329 1.36053961116988 0.0743215519075226 0.253380170437444 0.27131926929373 0.869245309107759 0.785500326356835 0 0 0 0 0 0 0 0 0 0 0 0 0 0 0 0 0 0 0
1.94490143007379 1.14666262805985 0.0527954619366218 4.30337317886591 5.15710879678981 0.670746890759803 0.912117331131695 0.652076974600972 2.1802687233433 1.46128179968594 1.19953572775643 1.33156051759753 5.95432813688218 0.409940047927412 1.12284771934619 2.10222255562572 2.66010921834296 0.0388104503494457 0.0726538737638894 1.71386457328443 0.712109270066775 4.51689685646517 2.34468858478544 1.8368643761634 2.91021819386838 4.11880346480417 0.821896343112908 2.64467672329132 0.352353396581994 1.88314248414804 3.97450044279055 0 0 0 0 0 0 0 0 0 0 0 0 0 0 0 0 0 0
8.44368268061353 2.06315338943882 2.31681207126159 4.14151103026605 7.80561647516703 0.606580186284899 5.85580134578486 0.392266125807717 3.21177572531383 0.70087134615445 1.20349088024857 0.372611197980922 1.42878547959792 7.76062650151023 2.96173733922048 7.18581600756866 0.675815786993595 0.634768873270884 0.503964522793385 0.751329512064044 0.0726304233834257 1.2133471412742 0.0567592563703924 1.52150397572123 1.38948167238516 0.347570865002765 1.08781035470777 0.439516729153624 5.24452126517657 1.47720335112083 2.82803641864699 5.692260743675 0 0 0 0 0 0 0 0 0 0 0 0 0 0 0 0 0
1.32502208791475 4.40512572772848 3.27750413971481 1.30775789636066 0.376508491387297 1.34352002447413 0.670567267819998 3.00537597225341 0.163767048167178 2.47945045336143 2.27238406323256 4.14279817701656 2.84228695822934 2.19402465767957 0.337825855187584 1.06319260341165 2.71324509409998 0.289655408163553 0.642520406521677 5.77956816872944 4.01845707257135 1.86089766197492 1.28290706421994 0.964554732201538 2.04634668864466 2.59799899317209 3.21601247838489 1.92320996789655 0.97156872405854 0.68510855897485 2.63396906786664 1.7637643847878 1.99704326909749 0 0 0 0 0 0 0 0 0 0 0 0 0 0 0 0
0.828707083333841 0.229794768631531 0.88422940265525 0.306367631411022 4.71128206693759 0.0777444562816842 1.08293201107539 1.72365256268312 0.795395890081677 4.76101249062073 2.79680447539137 0.0191276237589439 7.9578713566166 0.138747413830288 0.462520385133886 4.17082574576149 0.115694671164441 1.5473446018729 0.851481372116501 0.413367904811833 1.54582654583261 2.21812413803613 1.14778010877432 3.16678594898176 0.813936004872506 2.59849689941791 6.08428052371344 0.0683361541844225 3.59356542850776 2.61479903793505 0.21584459598066 2.86298963127192 0 0 0 0 0 0 0 0 0 0 0 0 0 0 0 0 0
1.17226177563378 0.122948653437554 0.0365409550390047 1.66816239172732 0.262961365500016 2.48600503355592 0.862529875257731 0.21517963022853 1.87345717134063 2.25573160329424 2.58679042210067 1.67791909957366 0.582067925066302 1.15999632151516 12.5443079963965 0.305576018585517 0.145882675184001 6.43354642078573 1.93571591399713 2.8902653854614 0.488327313968113 2.71744473504599 1.60018627814306 3.58948564788392 2.88783319079985 1.4279105802481 0.347780476594998 1.10315483845521 3.15412671705174 2.71861362662711 0 0 0 0 0 0 0 0 0 0 0 0 0 0 0 0 0 0 0
3.84187397099641 3.87500821476891 5.73762715853519 2.47521704868328 2.71563231996146 1.15303387470392 0.830246296052426 0.0527124298700668 2.11745534006105 0.510325767751366 1.94404079567954 0.978301080943645 2.43804572249763 0.269464033542736 3.91310562794474 8.39249937608923 0.330455687977271 1.10238460675839 2.8131748269351 0.141338930226115 2.97230443505513 1.1434578818331 1.36064706773423 0.865782081230275 0.88152644096182 0.851732755402316 0.292894833240281 1.22856284023048 0 0 0 0 0 0 0 0 0 0 0 0 0 0 0 0 0 0 0 0 0
1.04325446121511 2.14297705940134 2.1248559654915 4.23517715244626 0.437138749486695 3.16428476238123 3.97047424259614 0.372060075307256 1.93642156442165 9.12312598729087 1.64531979439288 1.11244795103338 1.92321118212062 1.75264789956077 0.499026581613003 0.838921791072483 0.170159155205613 7.71021984379896 4.50835940216772 0.356096655517465 1.24990794063071 3.39074444504295 5.21897599079888 2.22395579881271 2.76361436315356 0.282454573378621 0 0 0 0 0 0 0 0 0 0 0 0 0 0 0 0 0 0 0 0 0 0 0
1.96470875763508 1.40074940122539 1.23891952407675 0.55230223962061 2.15380083163718 0.217037510083917 1.47573087605187 1.20922918301549 0.181728309843305 3.87714579531585 2.02746517512443 3.64092617946025 1.99762077558559 3.89749533933969 0.283623202567915 3.46909307638498 0.725528504495092 0.560821349037943 0.689216092254096 0.257569538357025 3.12108197210886 7.30945027954619 0.950268624523619 0.412931652328682 0 0 0 0 0 0 0 0 0 0 0 0 0 0 0 0 0 0 0 0 0 0 0 0 0
2.27635648428002 3.48585940634497 7.15477523887904 1.78990034099413 1.37921413855376 1.42834341552173 0.444686830516866 0.461940731592392 1.60293680426926 0.902752305732053 1.63083906379078 1.61256326638275 1.20283967736197 3.9560743469574 3.74501482247414 1.52384289462469 0.273604893819905 2.07715770230289 2.72509589115183 2.54766446893834 0.794916313021699 1.50174181542588 0 0 0 0 0 0 0 0 0 0 0 0 0 0 0 0 0 0 0 0 0 0 0 0 0 0 0
1.04709691716524 2.57242630113555 2.74568378784212 2.04835102478959 0.0822422151511124 2.95406534119773 0.548745987348454 1.18354828398479 1.39374222795001 0.893398951393075 2.51403595666112 3.83271090786958 2.90957507960612 2.70108076121859 1.11266967158164 3.00365307461909 1.84517915935867 3.84768877803012 6.09703995377363 2.4590447610052 0 0 0 0 0 0 0 0 0 0 0 0 0 0 0 0 0 0 0 0 0 0 0 0 0 0 0 0 0
0.922058620078088 1.4203507228769 0.794855169349899 1.66526965225442 0.350624739487661 1.83140729830744 1.30217005343736 0.768766439410617 0.0441344335522231 2.93459677057298 0.348000122811899 1.42724005294263 4.74637871333732 6.66598186141236 1.01460661339424 2.94275574934577 6.49823499893094 1.66975023135318 0 0 0 0 0 0 0 0 0 0 0 0 0 0 0 0 0 0 0 0 0 0 0 0 0 0 0 0 0 0 0
1.52554723275923 5.60696337411514 4.31257650226731 6.07434734159427 1.38241303857323 8.27804815871125 0.905045043853429 0.123922094120235 2.89256250434652 2.23759240581424 0.719014503803099 4.29969611632252 1.5835282373975 1.57274000437186 1.41976069012842 8.35966208392453 0 0 0 0 0 0 0 0 0 0 0 0 0 0 0 0 0 0 0 0 0 0 0 0 0 0 0 0 0 0 0 0 0
1.37298487513019 0.762403369008724 1.565726405898 0.057926596434575 0.341120039033693 0.284702144498608 1.55225203272548 0.133883586498476 4.21707466557594 1.0970424048519 0.95580783512103 0.91518494285307 3.40264698667852 0.537100045686087 0 0 0 0 0 0 0 0 0 0 0 0 0 0 0 0 0 0 0 0 0 0 0 0 0 0 0 0 0 0 0 0 0 0 0
0.398390616213779 2.87233648169001 2.90693094407668 1.72116714163962 1.94257241048598 2.44073301190467 2.11559248166518 4.00581425835345 0.519302237643152 0.164113728134953 1.0678715630952 0.157003080574385 0 0 0 0 0 0 0 0 0 0 0 0 0 0 0 0 0 0 0 0 0 0 0 0 0 0 0 0 0 0 0 0 0 0 0 0 0
1.82924239808927 9.42933855621218 10.9921972172795 0.850649681761077 2.61019508921776 0.201626888928445 2.04100337463809 0.275562654498965 0.854844638891629 1.34799749553394 0 0 0 0 0 0 0 0 0 0 0 0 0 0 0 0 0 0 0 0 0 0 0 0 0 0 0 0 0 0 0 0 0 0 0 0 0 0 0
5.33747753422692 0.74599140494547 0.315615085295261 0.0624079982095084 1.74891082911314 11.8474309300465 0.113380682700914 0.166306068969354 0 0 0 0 0 0 0 0 0 0 0 0 0 0 0 0 0 0 0 0 0 0 0 0 0 0 0 0 0 0 0 0 0 0 0 0 0 0 0 0 0
1.95726111545371 0.27284319614191 3.27187769159778 0.420849059297451 0.296524082812386 1.40369214396811 0 0 0 0 0 0 0 0 0 0 0 0 0 0 0 0 0 0 0 0 0 0 0 0 0 0 0 0 0 0 0 0 0 0 0 0 0 0 0 0 0 0 0
3.27974978106187 0.513028646098802 0.804355788075786 0.0335238530348357 0 0 0 0 0 0 0 0 0 0 0 0 0 0 0 0 0 0 0 0 0 0 0 0 0 0 0 0 0 0 0 0 0 0 0 0 0 0 0 0 0 0 0 0 0
2.69324808080945 0.58331641057764 0 0 0 0 0 0 0 0 0 0 0 0 0 0 0 0 0 0 0 0 0 0 0 0 0 0 0 0 0 0 0 0 0 0 0 0 0 0 0 0 0 0 0 0 0 0 0
