5.74477828398687 0 0 0 0 0 0 0 0 0 0 0 0 0 0 0 0 0 0 0 0 0 0 0 0 0 0 0 0 0 0 0 0 0 0 0 0 0 0 0 0 0 0 0 0 0 0 0 0
0.516999767396646 1.93570523148094 0 0 0 0 0 0 0 0 0 0 0 0 0 0 0 0 0 0 0 0 0 0 0 0 0 0 0 0 0 0 0 0 0 0 0 0 0 0 0 0 0 0 0 0 0 0 0
4.19422711103164 4.96318096504513 6.9979526926818 0 0 0 0 0 0 0 0 0 0 0 0 0 0 0 0 0 0 0 0 0 0 0 0 0 0 0 0 0 0 0 0 0 0 0 0 0 0 0 0 0 0 0 0 0 0
3.64913032565809 5.59545089236781 2.03202814008396 5.6977117407208 0 0 0 0 0 0 0 0 0 0 0 0 0 0 0 0 0 0 0 0 0 0 0 0 0 0 0 0 0 0 0 0 0 0 0 0 0 0 0 0 0 0 0 0 0
2.96972126978869 4.76320534113141 1.25679023394778 6.45444116043089 0.624563855622542 0 0 0 0 0 0 0 0 0 0 0 0 0 0 0 0 0 0 0 0 0 0 0 0 0 0 0 0 0 0 0 0 0 0 0 0 0 0 0 0 0 0 0 0
4.48727791575503 10.2951977691501 8.47788377678771 0.484668841611534 7.8077053159295 0.345685981006663 0 0 0 0 0 0 0 0 0 0 0 0 0 0 0 0 0 0 0 0 0 0 0 0 0 0 0 0 0 0 0 0 0 0 0 0 0 0 0 0 0 0 0
4.07135808113645 10.5177828646229 0.256121468042657 0.66448093768943 1.65131749620696 1.62907544439326 3.3347527622844 0 0 0 0 0 0 0 0 0 0 0 0 0 0 0 0 0 0 0 0 0 0 0 0 0 0 0 0 0 0 0 0 0 0 0 0 0 0 0 0 0 0
6.33079157579655 7.29525240148962 6.9180426620281 0.692660027689953 4.50638216750349 0.904459647177797 8.89502809866779 2.17256450018924 0 0 0 0 0 0 0 0 0 0 0 0 0 0 0 0 0 0 0 0 0 0 0 0 0 0 0 0 0 0 0 0 0 0 0 0 0 0 0 0 0
3.26590350515619 3.70741502931095 4.91719864038145 0.492863226259414 2.86366856138969 3.53240437940543 10.0183449540147 15.7274437788874 8.14229801618869 0 0 0 0 0 0 0 0 0 0 0 0 0 0 0 0 0 0 0 0 0 0 0 0 0 0 0 0 0 0 0 0 0 0 0 0 0 0 0 0
2.69418269989341 0.167876600307818 13.386111451001 1.40476244980537 6.91596311434633 0.840668603187097 3.21060148806111 0.498660428118714 3.15079702568825 3.8338918108412 0 0 0 0 0 0 0 0 0 0 0 0 0 0 0 0 0 0 0 0 0 0 0 0 0 0 0 0 0 0 0 0 0 0 0 0 0 0 0
0.875245736779727 1.66539862642532 2.41844176351652 4.512485460931 0.340653480125313 9.59190560185611 0.012039416243839 8.78238121063537 2.00131576458535 5.95070221845225 5.09457299727232 0 0 0 0 0 0 0 0 0 0 0 0 0 0 0 0 0 0 0 0 0 0 0 0 0 0 0 0 0 0 0 0 0 0 0 0 0 0
3.27240432313452 1.25663721527427 1.12723950735613 0.242484256565399 0.188471921743319 0.229319877413973 1.3016073059887 0.782462116492708 2.99110262446354 12.918239121734 0.288469543319377 0.999054231645542 0 0 0 0 0 0 0 0 0 0 0 0 0 0 0 0 0 0 0 0 0 0 0 0 0 0 0 0 0 0 0 0 0 0 0 0 0
1.82942853577246 5.3420358772506 0.018553743182924 9.01752859868022 1.44365398762255 5.49767129019 1.04307176815419 0.421699225989132 3.54469259721919 1.84342089301189 0.15963569701854 5.37084892809685 2.1020496433467 0 0 0 0 0 0 0 0 0 0 0 0 0 0 0 0 0 0 0 0 0 0 0 0 0 0 0 0 0 0 0 0 0 0 0 0
5.48592112612758 7.09894300171357 0.36318965267489 1.50132196973867 2.46246376692786 0.0246567169530054 3.59187631828464 2.41989860231546 4.32485352088745 0.907574612580982 2.12839905627017 7.86707063748096 3.8632211342479 1.11296174847875 0 0 0 0 0 0 0 0 0 0 0 0 0 0 0 0 0 0 0 0 0 0 0 0 0 0 0 0 0 0 0 0 0 0 0
2.07952830837487 14.974496958979 0.690204708847804 2.13127326087118 0.246281852011733 4.30075395962674 5.61445588148603 7.55785718501938 16.2091089714401 9.94225340199223 4.14323919172887 2.99098545208487 3.86621531197386 5.93206386946899 8.63718640684923 0 0 0 0 0 0 0 0 0 0 0 0 0 0 0 0 0 0 0 0 0 0 0 0 0 0 0 0 0 0 0 0 0 0
4.66315441709531 0.670703567869208 2.69562075236831 0.182631545529188 4.9019685440804 7.37869941380488 4.51803213526198 7.5882151546483 9.0649686463963 4.80138237405901 1.12778385038792 0.690449058209442 1.63933494246465 2.10546735610955 10.1401666098212 1.05158829517462 0 0 0 0 0 0 0 0 0 0 0 0 0 0 0 0 0 0 0 0 0 0 0 0 0 0 0 0 0 0 0 0 0
0.434037076831523 4.7015833028092 0.542186317700097 0.841619011374946 0.959914453144966 0.715910631957996 6.58661713957346 4.81542251472942 2.09682006340264 2.15345586137354 2.81595203838151 0.842509845254129 4.37242640776744 4.38088978452334 7.97602531396154 7.98068706149499 0.00502385878555588 0 0 0 0 0 0 0 0 0 0 0 0 0 0 0 0 0 0 0 0 0 0 0 0 0 0 0 0 0 0 0 0
1.70830044194534 0.250318612579324 11.2013594976359 1.36821555302419 2.16014693163674 4.00052453474144 1.98298163267741 3.14676727373688 1.71502600169332 1.32109664884143 2.84154261521988 4.35961288135139 2.81882957428896 3.26819622427992 2.85231137850672 5.07254178096018 0.74739383327548 2.98107672544841 0 0 0 0 0 0 0 0 0 0 0 0 0 0 0 0 0 0 0 0 0 0 0 0 0 0 0 0 0 0 0
0.523059064810957 0.75031755608353 8.82370749784998 0.093193234711331 3.32165342508141 0.678790769999147 0.327660833839744 5.10194229908151 1.75581798998239 3.37532579953012 7.37558091391047 4.50453421116141 1.59270044514607 7.18444946246284 3.69032600239226 0.159141506635369 3.05857925353596 1.81521092206234 5.87137809760763 0 0 0 0 0 0 0 0 0 0 0 0 0 0 0 0 0 0 0 0 0 0 0 0 0 0 0 0 0 0
2.21569727962708 0.405745139280336 4.30057939001717 2.93854976466061 0.996995706061569 2.86852968302732 0.0605396592851678 3.31660018285426 2.34970341266004 0.768283043665338 5.41678928224291 2.49958599176268 3.77287235307021 2.01551531520035 0.752207173677968 0.856858753644731 3.98018117874697 3.89551973722514 1.48710875383763 0.801133469346807 0 0 0 0 0 0 0 0 0 0 0 0 0 0 0 0 0 0 0 0 0 0 0 0 0 0 0 0 0
12.549118592384 4.06657832989072 0.919487238424696 15.6759423553866 4.37224987293246 3.13334602382813 1.59242602571465 6.1542304942125 9.41476605635878 4.93198807333463 0.334492334131853 5.89658835125686 5.26530805459402 5.46308321899334 5.14729043275717 3.08157575999727 3.93603336137338 8.59867958714167 4.96474712180491 2.37078960576201 0.78933229174989 0 0 0 0 0 0 0 0 0 0 0 0 0 0 0 0 0 0 0 0 0 0 0 0 0 0 0 0
6.4652024530593 8.67541826527673 10.6808224737893 7.46689784588974 7.01119007864072 4.60598451207307 2.34498946829074 12.3361697439047 12.1994348015826 3.01483609397781 2.47891720686515 9.02550122764171 3.34617119998375 0.391888631481835 0.743009678579881 2.77633675031016 1.86767160433637 9.23326216172901 0.577942896549119 0.0769091100044189 10.5265419348172 0.901113107828403 0 0 0 0 0 0 0 0 0 0 0 0 0 0 0 0 0 0 0 0 0 0 0 0 0 0 0
4.2698348314613 7.41446238210479 5.35366547749286 3.25476197420549 2.17889232663395 6.3493008057207 12.6396173546797 12.4331464128478 12.59198590977 5.29840134163212 10.246587414856 3.45948291129217 1.74789547365896 1.56142356661398 3.39464600107564 9.52803445709291 1.6379149774782 0.539329050470854 2.8917686884949 0.844477161377651 2.95380746155732 0.0849895516742065 2.34777487577054 0 0 0 0 0 0 0 0 0 0 0 0 0 0 0 0 0 0 0 0 0 0 0 0 0 0
9.27729185102063 6.45350163313899 6.87511700660925 6.17293787736666 6.87381381083994 2.8859405195119 8.06784959920858 2.82863332868374 11.5050892750965 8.89280113357875 5.99184184241331 1.73424367417156 2.22734162811425 4.26541847849267 9.00111673150325 1.60539046700964 3.20415785667548 0.678076258373274 5.12854721499887 0.0709936432712719 1.63104781919332 14.3117994228252 0.0124455357788915 0.0219665959793087 0 0 0 0 0 0 0 0 0 0 0 0 0 0 0 0 0 0 0 0 0 0 0 0 0
1.61020087941879 0.137365642947015 2.79252637766393 6.75521194707036 6.29139281917783 0.713201011045842 1.58412087356181 8.51751947344935 0.9656193198167 1.58826786742478 0.799962076221857 0.288242314186301 3.16850548089795 2.8712719015756 7.45663698386086 0.444858121903373 1.43588590965745 1.90293514387915 0.769626155304384 1.39229204655179 16.8419122114056 4.28642826606012 1.15366449908934 6.03547405341942 5.76130520052088 0 0 0 0 0 0 0 0 0 0 0 0 0 0 0 0 0 0 0 0 0 0 0 0
1.70312939295047 4.02549322910519 7.55419151035547 11.7123340583617 0.713850930142493 1.55191574989137 2.65081499447047 6.12035459867947 11.9875070312712 0.578457003502427 1.68779993774315 7.39123658431091 0.715002431921605 4.08479249666212 0.25286421285517 4.30480960484808 0.652568975540907 5.13054278761471 0.446112322677773 9.33436033814029 2.15159187128684 2.56773871543243 2.60012743830689 2.9326429535692 13.0125061138203 0.0761501715025358 0 0 0 0 0 0 0 0 0 0 0 0 0 0 0 0 0 0 0 0 0 0 0
4.59613446671536 2.59986801213725 9.18232211999632 8.14607351588486 1.36966135219527 8.73577567168437 5.9471649264968 3.68009574270507 8.33362105259867 0.531447661953009 11.0049070711268 5.63238177696514 10.2011752396912 0.728806508163997 3.17049145531954 13.1691051884563 4.17598334421986 1.60827179271836 17.4056932555239 0.357566172154279 7.4301700485678 7.96707756672448 1.21259179382201 4.91515355735097 4.50100626008294 1.1246497471926 21.1415174661629 0 0 0 0 0 0 0 0 0 0 0 0 0 0 0 0 0 0 0 0 0 0
4.93529862870526 4.43442574384105 12.3501554909258 2.2686485166399 7.29137003516408 5.64947380951272 1.5738038096624 3.14088915335341 13.8508658168216 5.23188374042299 4.20910409770965 10.0594602642816 1.76146310086591 2.14591507115948 4.487844567048 1.18352651116868 1.50636073075803 0.692960379740704 1.03137895043003 1.52863195448901 8.94133069761094 5.48137493878971 3.55255882482655 0.266863135549353 2.77566177934561 13.3992684573098 0.13171796433453 1.6354369963729 0 0 0 0 0 0 0 0 0 0 0 0 0 0 0 0 0 0 0 0 0
6.63907327576658 7.23991231601052 0.512266826949432 5.96277449752177 5.27191172815782 2.15439451681904 9.49451532795851 9.07137897340433 11.2487104170867 7.59901035223779 0.952926622243768 2.94420249329564 0.607749561906607 2.83586236695052 3.87125087769373 1.71189874165801 2.638653133886 0.911386110846362 2.00966624118059 5.63069057143537 7.62176206266469 7.90750057989511 3.0104149731631 4.06467322646998 7.26743074827357 0.19515646268354 0.692441148301027 5.20363199628658 2.92825411691729 0 0 0 0 0 0 0 0 0 0 0 0 0 0 0 0 0 0 0 0
2.94153826099094 2.37424567194582 0.824556613994945 1.61956372627914 2.25415210987622 0.911050463994048 2.20434063071778 6.57061464208009 2.88530971999256 6.55810948380174 1.3974681553098 0.787738662190338 1.20186725660296 1.66275571235269 0.1703905022418 8.55116825391279 0.32951280093195 4.35241379474813 9.28862326356713 0.228583836447438 7.34532568670635 4.98505793749941 1.6345591178187 5.43471818967676 0.522721493418793 1.4297653226284 10.5919391114731 0.2158868182309 2.85278610487711 0.305549901171431 0 0 0 0 0 0 0 0 0 0 0 0 0 0 0 0 0 0 0
5.84564551632299 9.21501901796656 15.9095516793321 1.32178773269812 7.6822923523334 3.00783590158671 3.26848731500322 5.91447716901423 6.93837832313085 2.62303451167429 4.96294505658532 10.8479481382334 4.45599680306356 0.0701602354316963 8.69727497454812 1.01444590763947 2.41233913751883 4.57507285231725 1.42552900248967 0.0878549491317083 7.92859883463377 0.884688716849489 7.72712720882614 0.163281869838707 2.28678473614922 12.6836620760649 3.61956938801476 2.83063092703853 11.7491862841855 3.43956679284022 0.85254726863131 0 0 0 0 0 0 0 0 0 0 0 0 0 0 0 0 0 0
8.75440005617864 4.39189516182947 6.04593543881303 0.724182965323994 4.41856786714604 1.14869000659089 1.44699637457497 8.77519345500083 5.17580372573197 0.101791768762212 10.3381512584707 0.692401154837228 0.863684262925788 8.18020142236102 0.312886497603723 2.35231201637166 0.861276128117743 1.4898812553629 3.62452336693192 0.719886027900459 7.59262708114757 13.8708251393797 2.12495957962207 2.86005915577993 9.76825688877853 4.63259080560614 0.199571291673111 15.6532189529585 8.4514036163244 6.88849214233588 4.42514507634978 3.19668746405712 0 0 0 0 0 0 0 0 0 0 0 0 0 0 0 0 0
4.48221814103462 4.45047587359819 0.599275931566233 0.0752836726258646 4.22533571977624 5.32438383904128 0.964735916635105 3.50605229039135 3.92974173223996 3.18482984054867 2.27330524632361 2.62298991443181 4.98701598189309 2.60777561591941 0.24526556779935 1.00457738569881 0.405241510954997 3.10030783877406 6.64004284619103 0.394423867201695 2.34287226812851 0.884365160418479 2.10541402141747 0.0184929836670729 4.51491149785961 1.42908812506904 6.03248099916793 0.462877232477028 0.874352812382563 4.38250186589595 3.80724915958242 5.90777219446628 0.259379618770437 0 0 0 0 0 0 0 0 0 0 0 0 0 0 0 0
2.96265916545005 6.96675387530299 2.01389099475931 5.9603887204333 0.774674672721311 5.00643124408112 0.59331233745594 5.54448409061202 5.46049410897534 0.275565822175242 0.605508567409411 21.2511893414034 5.8583126641238 5.13407322561494 3.53551641643127 1.78306964647488 1.07852415883967 2.83396794993306 0.140911433285119 6.80257243125718 0.614270159912884 4.91427029338162 7.61194827724233 6.84852805859052 1.31484928248713 8.1732864687871 11.8018924107006 4.5684693791055 1.02270206765655 2.43716921214294 9.61112166137318 7.72090569684462 0 0 0 0 0 0 0 0 0 0 0 0 0 0 0 0 0
0.971905595040615 5.5385411853015 14.0458257928386 4.33548277721086 3.70654526416535 2.28771617381436 10.4849521092954 4.18890117266469 6.87315548435441 0.295112420069823 11.6310169907124 2.20288901581869 1.18535934757533 7.54378455262477 0.485394676046023 6.12576462150864 4.02718629319155 1.30320872097868 16.8618870462717 1.97624965875913 0.635592418098362 12.1907923788774 7.76638857015026 0.734839989854142 6.25696533012789 3.96298972549313 6.84403950763985 0.363222702747672 0.449832856089925 4.00386757974846 0 0 0 0 0 0 0 0 0 0 0 0 0 0 0 0 0 0 0
2.80967195866909 2.33831788573934 1.50179801564002 12.6730750393928 1.34984275388977 9.82931316067482 1.2320205263091 2.06246851273225 2.48497700418545 6.00362061869747 0.447417235740511 2.65184348744553 9.55518278102343e-06 2.62144366602538 2.85219481930925 0.302172047047631 1.02177336888037 2.80369864292991 0.32556943801151 2.27973964748169 2.14342548486114 2.4782354400306 8.31707042641932 6.65075380204055 8.40430775750094 1.41577001915995 1.82538253581611 5.42005349510796 0 0 0 0 0 0 0 0 0 0 0 0 0 0 0 0 0 0 0 0 0
6.63840414025898 0.616728741729923 4.12757234780667 0.200410555245415 3.21648828149431 2.42438260099822 1.95194938724655 1.01886065630871 1.60759297195261 0.543259906884632 0.156091811548209 2.9567069978916 2.94137766232637 0.032933076847459 1.05651513658348 1.91699218162723 1.56391925482361 0.243701213394546 2.30303317848122 1.14536228004073 1.62580132417468 0.090160594156482 5.22424897957571 1.89557401918882 1.47255758161684 2.53837123210496 0 0 0 0 0 0 0 0 0 0 0 0 0 0 0 0 0 0 0 0 0 0 0
0.181142950529488 1.28744763605423 0.364382320141816 3.90773236889054 2.60607564531821 2.70569161354581 0.353667706640535 3.6669431506346 2.72593113113947 2.357426262463 3.84583327812483 3.94646187014129 7.22838517173338 1.98809325272038 1.54326421416322 5.09842987367577 1.41434086804929 5.05708964202382 6.79033709276949 1.11964707274002 3.82174516115258 4.31584776746451 3.94056978051833 8.14723551403299 0 0 0 0 0 0 0 0 0 0 0 0 0 0 0 0 0 0 0 0 0 0 0 0 0
10.7294244369277 2.54090900344487 3.38376417016717 6.66684983753185 3.06736830061574 0.513327710227145 1.5890007592485 0.600377300024373 3.00428490081353 17.3696363673258 3.14269252837824 13.8027336793822 2.552773514621 4.18495361360466 8.07583260747918 2.56298207285907 4.57956161512377 1.58536277545533 3.10261560538115 4.59896239065959 9.41807354496909 3.19250408050583 0 0 0 0 0 0 0 0 0 0 0 0 0 0 0 0 0 0 0 0 0 0 0 0 0 0 0
2.81512232783165 2.43914802798201 12.5953899065845 0.326835807453005 1.04760008006279 5.1052183563691 0.27459981259302 5.81205519609624 2.14417560123404 10.1591626889126 10.0154646346471 2.716739183299 0.451948541258056 11.6880529906464 0.230738140749025 0.177259891613723 1.60975296064986 0.599452035992097 0.107800275335053 0.027484300304624 0 0 0 0 0 0 0 0 0 0 0 0 0 0 0 0 0 0 0 0 0 0 0 0 0 0 0 0 0
0.771041840857013 4.5908793353286 4.48608244560782 1.85549380775446 12.3767083903733 0.895049598913934 3.5919231434411 7.60301811718919 0.427664385931486 1.29948532268907 3.23302631574866 3.81517222995356 16.2262165689932 3.70255180599827 4.89832101033669 0.39375960332266 4.43995200923121 0.0936591272750947 0 0 0 0 0 0 0 0 0 0 0 0 0 0 0 0 0 0 0 0 0 0 0 0 0 0 0 0 0 0 0
8.25795149304062 1.6930189081616 1.65737178233211 10.667899137869 0.59746639929619 1.73083767376174 0.0938418529954586 2.30924743335157 6.54310096905399 5.03272813351036 1.83947776115157 3.17942675467311 0.432785749375 3.54881760571947 0.59842976854973 2.01113491062596 0 0 0 0 0 0 0 0 0 0 0 0 0 0 0 0 0 0 0 0 0 0 0 0 0 0 0 0 0 0 0 0 0
1.27628637878933 0.0398499988287374 21.2522660205672 2.93426333032617 7.02033611577044 0.777618696618451 0.462264949863939 5.3921988092051 3.75565853921123 0.849809425093674 13.3949349904862 0.769435787636366 4.32824004072396 1.17320267310187 0 0 0 0 0 0 0 0 0 0 0 0 0 0 0 0 0 0 0 0 0 0 0 0 0 0 0 0 0 0 0 0 0 0 0
0.0466954152067546 2.24622064545035 3.03205442367349 6.13284354408586 0.807039280821704 2.25633185584707 0.574166967439916 4.67036852799587 1.3241764222765 20.3101408681279 0.782118890950431 1.99625123681651 0 0 0 0 0 0 0 0 0 0 0 0 0 0 0 0 0 0 0 0 0 0 0 0 0 0 0 0 0 0 0 0 0 0 0 0 0
16.0537532391334 0.465677114126669 1.54568492083007 11.6643422694071 7.3642241418558 4.53382253410371 0.333381509754003 9.16437172552528 4.60712165303255 0.151217034534313 0 0 0 0 0 0 0 0 0 0 0 0 0 0 0 0 0 0 0 0 0 0 0 0 0 0 0 0 0 0 0 0 0 0 0 0 0 0 0
2.54562706421703 1.01805589208963 4.56556467081116 10.9737052239352 10.0846723160964 0.224881533245558 0.346202924849672 2.14888815914714 0 0 0 0 0 0 0 0 0 0 0 0 0 0 0 0 0 0 0 0 0 0 0 0 0 0 0 0 0 0 0 0 0 0 0 0 0 0 0 0 0
0.519407286438865 0.682482484693704 11.1207479111611 2.19126711713331 2.09149890214091 0.745946037244402 0 0 0 0 0 0 0 0 0 0 0 0 0 0 0 0 0 0 0 0 0 0 0 0 0 0 0 0 0 0 0 0 0 0 0 0 0 0 0 0 0 0 0
0.80691241427248 2.11378570078453 0.44276778023495 1.40927946991269 0 0 0 0 0 0 0 0 0 0 0 0 0 0 0 0 0 0 0 0 0 0 0 0 0 0 0 0 0 0 0 0 0 0 0 0 0 0 0 0 0 0 0 0 0
8.42052382709074 0.21058623164699 0 0 0 0 0 0 0 0 0 0 0 0 0 0 0 0 0 0 0 0 0 0 0 0 0 0 0 0 0 0 0 0 0 0 0 0 0 0 0 0 0 0 0 0 0 0 0
