0.846779421350099 0 0 0 0 0 0 0 0 0 0 0 0 0 0 0 0 0 0 0 0 0 0 0 0 0 0 0 0 0 0 0 0 0 0 0 0 0 0 0 0 0 0 0 0 0 0 0 0
1.25706849749255 1.61252742394782 0 0 0 0 0 0 0 0 0 0 0 0 0 0 0 0 0 0 0 0 0 0 0 0 0 0 0 0 0 0 0 0 0 0 0 0 0 0 0 0 0 0 0 0 0 0 0
0.534913185362925 1.72485363156322 0.851676026532329 0 0 0 0 0 0 0 0 0 0 0 0 0 0 0 0 0 0 0 0 0 0 0 0 0 0 0 0 0 0 0 0 0 0 0 0 0 0 0 0 0 0 0 0 0 0
0.873447130100574 2.32731094960066 1.19889674015965 0.430970977561493 0 0 0 0 0 0 0 0 0 0 0 0 0 0 0 0 0 0 0 0 0 0 0 0 0 0 0 0 0 0 0 0 0 0 0 0 0 0 0 0 0 0 0 0 0
1.77560022993148 3.13996263356924 0.212179703841729 0.242531761420465 3.59696756623804 0 0 0 0 0 0 0 0 0 0 0 0 0 0 0 0 0 0 0 0 0 0 0 0 0 0 0 0 0 0 0 0 0 0 0 0 0 0 0 0 0 0 0 0
0.223382320356266 1.73636663068962 0.367128203647467 2.53812701368149 2.96893064116411 0.169667201354051 0 0 0 0 0 0 0 0 0 0 0 0 0 0 0 0 0 0 0 0 0 0 0 0 0 0 0 0 0 0 0 0 0 0 0 0 0 0 0 0 0 0 0
1.08961015309533 6.03865878669051 2.5601014749814 0.408087088019951 1.35477546602976 0.890237954904725 0.64008191756199 0 0 0 0 0 0 0 0 0 0 0 0 0 0 0 0 0 0 0 0 0 0 0 0 0 0 0 0 0 0 0 0 0 0 0 0 0 0 0 0 0 0
4.4376071839254 8.58958700135309 0.165780204598992 6.18628544945949 0.0439021328489116 2.66614332362923 1.47990804761558 0.143589218637648 0 0 0 0 0 0 0 0 0 0 0 0 0 0 0 0 0 0 0 0 0 0 0 0 0 0 0 0 0 0 0 0 0 0 0 0 0 0 0 0 0
1.42378763271341 0.791487334189647 3.40925255654862 7.29142608484555 1.63645179237827 3.90857775585923 0.137999547553817 1.46308051682463 3.81003216919314 0 0 0 0 0 0 0 0 0 0 0 0 0 0 0 0 0 0 0 0 0 0 0 0 0 0 0 0 0 0 0 0 0 0 0 0 0 0 0 0
8.47928634314082 3.42735691336716 0.308398680698079 1.12274498484045 2.14109670820369 0.594138384697528 1.09290935020539 1.33032356697265 0.483987593883769 0.218879483722283 0 0 0 0 0 0 0 0 0 0 0 0 0 0 0 0 0 0 0 0 0 0 0 0 0 0 0 0 0 0 0 0 0 0 0 0 0 0 0
4.66207664583948 0.0786993422364251 6.01172711355896 1.76243293026848 0.675475261988968 0.792510005350716 7.78577415094153 4.4233400202582 2.60061632435155 8.16968056397888 2.21276051185644 0 0 0 0 0 0 0 0 0 0 0 0 0 0 0 0 0 0 0 0 0 0 0 0 0 0 0 0 0 0 0 0 0 0 0 0 0 0
2.50194018497926 0.347191401173363 0.570132329505493 1.77507242608588 0.758619157699076 3.5812634349198 3.94078720474193 0.305126570220428 2.83369144092699 1.6451346166007 3.00028818838064 1.09378580724153 0 0 0 0 0 0 0 0 0 0 0 0 0 0 0 0 0 0 0 0 0 0 0 0 0 0 0 0 0 0 0 0 0 0 0 0 0
2.91620301595978 0.899397583755139 1.35523966310042 0.93317255504508 1.43918658729985 2.47047234387129 2.10819969730062 0.0413694190638369 1.2226987484104 1.69061527769495 2.91976498999071 6.26490847760611 2.25747953877451 0 0 0 0 0 0 0 0 0 0 0 0 0 0 0 0 0 0 0 0 0 0 0 0 0 0 0 0 0 0 0 0 0 0 0 0
1.70305566046974 1.99741269886902 0.204363587307485 2.45729147898442 0.362667540982841 4.15134695785516 0.831734319073718 0.102341440559212 1.38942919692052 0.0256626004119365 2.95913886637654 1.11110958646052 2.72326406856432 2.53900385751526 0 0 0 0 0 0 0 0 0 0 0 0 0 0 0 0 0 0 0 0 0 0 0 0 0 0 0 0 0 0 0 0 0 0 0
0.963713354571594 2.41613796493662 1.62446164445442 1.5570636215465 3.881951558185 3.71032699415269 0.146559506341913 2.00896742179749 3.4985326737714 2.60944024530701 1.94617935337784 2.6678850867677 2.26933848334075 1.43061504063529 1.60456550278024 0 0 0 0 0 0 0 0 0 0 0 0 0 0 0 0 0 0 0 0 0 0 0 0 0 0 0 0 0 0 0 0 0 0
1.7368652631974 1.72412990780164 1.11964163065169 1.37554621670767 1.22933486960276 0.198080896579334 1.36851352107669 1.74977588417236 1.86073817719503 4.85685969732914 2.13590769317762 1.51705488497711 3.50001121730002 0.758599642425231 2.34236053994273 0.659300199650962 0 0 0 0 0 0 0 0 0 0 0 0 0 0 0 0 0 0 0 0 0 0 0 0 0 0 0 0 0 0 0 0 0
1.61063355554434 2.55016401258008 1.47272598742824 1.78586792842681 1.64348583228348 0.549501730599609 0.0388789416226941 4.87111362007452 1.80003922543024 2.42979546176702 2.80868272793854 2.04350975291716 2.34529998253643 0.693970930158575 0.225895178574768 0.298552526414258 0.940880463148791 0 0 0 0 0 0 0 0 0 0 0 0 0 0 0 0 0 0 0 0 0 0 0 0 0 0 0 0 0 0 0 0
0.0503784882348757 3.31635469460388 1.35020624055956 0.155330350202569 0.520478619611714 0.0488176071161669 3.77426956069834 0.908238067862214 0.455626029014895 0.928855350274498 5.21481054992845 0.460112058911707 3.64864252311743 0.67016747654917 0.487557098948349 3.58130523990642 14.2435751796975 1.7368810290243 0 0 0 0 0 0 0 0 0 0 0 0 0 0 0 0 0 0 0 0 0 0 0 0 0 0 0 0 0 0 0
1.91309199527522 0.684710627812159 0.351720399678061 2.71409617050974 0.375764024875515 0.480697955579507 0.924248662008472 0.74597260292707 2.9063428399083 4.55799394066012 0.559349364437884 0.993679226531004 5.54990019342567 0.995628572815235 1.24844561634087 1.12276946540364 2.13878043075308 13.1285199994714 0.328737400604249 0 0 0 0 0 0 0 0 0 0 0 0 0 0 0 0 0 0 0 0 0 0 0 0 0 0 0 0 0 0
1.39707248142343 1.58938038559486 0.375503627780528 2.18635164545203 0.552944739682345 6.35841602934978 0.44303572455173 3.77491917544891 0.261226984416362 0.166176512225394 1.01612529270602 0.113883336138265 2.27899527645308 4.0381596874991 1.77812850559198 0.250116685072285 1.00682119396911 1.02358857737409 0.946235241429393 0.0488102982969856 0 0 0 0 0 0 0 0 0 0 0 0 0 0 0 0 0 0 0 0 0 0 0 0 0 0 0 0 0
0.222487021699671 4.14748649543763 0.317167105335691 10.0319546669457 3.9894717490737 1.47618389856525 2.12027394108606 1.29498495891526 0.671809058179079 3.44514125466236 2.14613704205308 0.354880177912125 1.00936528053899 0.953362651543157 4.63609219149174 1.51583157757431 0.988207393163794 1.48453703537574 2.98556758809164 0.295493676854615 1.21694921458865 0 0 0 0 0 0 0 0 0 0 0 0 0 0 0 0 0 0 0 0 0 0 0 0 0 0 0 0
4.01693859969507 1.5472361174704 0.581571048776183 0.636924934941279 1.08943719522934 2.94646336722551 10.0355654198941 0.746517552852708 2.06971266914717 1.37728015746334 0.358613481801787 0.754077754425591 1.99673779418364 2.78382542840158 0.349017278833942 0.557926013558201 6.84200963325729 1.20609000130779 0.563257823759401 2.63495331517314 1.35150041340955 5.31893983634854 0 0 0 0 0 0 0 0 0 0 0 0 0 0 0 0 0 0 0 0 0 0 0 0 0 0 0
0.61057133980944 3.2498950203569 6.13685688106636 1.16544082484141 0.651671893637745 0.26041998723379 0.967526973832018 2.64781159516159 0.753116525265633 1.53893151836019 0.307159668688061 1.50046089925484 0.760047885858368 0.49893094836303 0.0614189847806406 0.175619297683304 3.32567683335891 1.15328786201988 5.23911868880178 1.22553992662866 3.92247299677504 3.82651930771456 4.26937238688941 0 0 0 0 0 0 0 0 0 0 0 0 0 0 0 0 0 0 0 0 0 0 0 0 0 0
0.480772259127866 6.36447980979717 0.26126141478831 0.326996146112665 2.40063384333423 0.817728129462567 0.749812902388261 2.49734410720348 10.0259001488619 0.239041757577939 3.08757199712363 1.15986753097698 6.90951973988072 3.36530448310955 1.10507651674392 3.19229940448052 1.26647815515708 0.389541024447692 1.79893223825808 4.68473702169436 7.12774553637573 1.35313760031298 4.32024420734788 0.340292826548007 0 0 0 0 0 0 0 0 0 0 0 0 0 0 0 0 0 0 0 0 0 0 0 0 0
0.300119752020437 0.204790450765651 1.61523808684819 0.145985259270125 0.273171595340001 2.20075685828523 0.588581244975354 4.16330294123742 2.87550651031734 2.4699861956713 3.67059969111064 0.0314967331809904 0.145475584848805 1.68534473889154 2.38631582186532 1.41534831414156 0.994830260794363 3.54076743335184 0.0479009269300998 0.53309123728378 1.47386578882865 2.06781454406475 1.69420501805051 0.770242403155527 0.76003840795325 0 0 0 0 0 0 0 0 0 0 0 0 0 0 0 0 0 0 0 0 0 0 0 0
1.44628046473988 1.5852923388493 4.51600849424327 1.33152270639313 1.46547500800839 2.74309899778577 0.699555441756637 0.0891786546076083 1.61909777175931 3.03651792784573 0.493775399575269 3.30789924280475 2.71424137401901 2.04083927889203 2.40080639975342 7.01222732236215 0.456412218268314 0.8149066582188 1.51532459348262 1.61448812925432 6.49197005991156 2.52744690607034 1.37590126479625 0.567583368683279 2.84003867790284 2.11562148367167 0 0 0 0 0 0 0 0 0 0 0 0 0 0 0 0 0 0 0 0 0 0 0
2.16013336987615 3.06089972370678 1.0503426088333 2.56914416187824 0.82820495327616 5.12141566367401 3.21948703369122 0.294802384126292 0.646883219012003 0.082030608017435 0.916681527270389 1.50553513180127 0.269092280899814 1.30244420771427 0.541887923911692 4.1981313264989 2.32138411757256 0.80597381031446 1.35237513877744 1.72888193841766 1.43351358535755 1.77465002771263 0.362200758788234 0.907549401741754 0.364230988673353 1.6340242475444 1.33876615340194 0 0 0 0 0 0 0 0 0 0 0 0 0 0 0 0 0 0 0 0 0 0
0.249009925164907 0.682011006976413 0.760494090904369 0.00243844001588262 4.88622430327268 3.04599735051316 7.15679085484754 1.46708634206859 3.32976117280545 1.10626747721764 2.9459816687362 2.04132595234563 1.78066977507927 1.65419605980256 1.71905879204182 1.78587405867581 1.79159531878007 1.39849262192733 0.741985007139507 0.442556168688533 1.31449932431054 4.03587722324662 1.9670104654028 0.35108627546999 2.68636482963745 2.05262787651169 0.810878142052315 5.42761284306851 0 0 0 0 0 0 0 0 0 0 0 0 0 0 0 0 0 0 0 0 0
0.632832410460114 2.58637198516577 3.09157112335899 1.95976118721063 1.23032472736637 7.17814245379578 1.16341106868241 2.16245284827967 1.40508965878591 3.26903278726191 2.02728316445193 1.43060948689076 4.61368859517402 0.635741749060799 1.05092031440949 3.35389148386458 0.740512257505516 1.98763076798725 9.35798411666304 3.18553459366062 0.16554104737854 0.469825868836442 3.5513417151947 2.67828345852715 1.18598280377644 4.87268839714064 1.9666465658748 0.985101608637562 0.920295946183866 0 0 0 0 0 0 0 0 0 0 0 0 0 0 0 0 0 0 0 0
1.99537893259083 4.03273430137106 0.945877381355935 3.70942366274915 6.43567796608908 1.61336114640182 1.8222209445056 0.092146521788482 12.2972695752478 0.132440165724187 0.482149966695656 1.59397629655133 2.56820870936884 0.439887665968522 3.20212695695363 0.308339070634407 0.224610354495857 1.33775535573258 3.12585289612531 1.89714357351167 1.38798761060095 1.07419375608231 0.116371619777875 0.759485979861944 2.53335883562449 3.01889843607208 2.18642261319882 3.57530989047335 0.281470384919395 1.25415926334943 0 0 0 0 0 0 0 0 0 0 0 0 0 0 0 0 0 0 0
1.51644735937778 3.32409882531245 0.981814648202565 0.824661413109818 6.77634874489217 0.704242245118496 1.26784442099246 1.29253049942561 0.226865742075094 4.71139308219726 7.55492790477902 1.7963151143739 5.29071166961897 0.143073807849911 1.98534970855495 1.39984071861183 4.10589845746686 0.777087900301971 0.533982513578951 1.47777510941819 0.266597110272092 0.0188614719297463 4.80234201341741 2.32527945595479 4.20324345774756 0.180163055374584 0.0372856750950714 2.15391856215125 0.768086118919457 6.80083021957659 0.392616454142811 0 0 0 0 0 0 0 0 0 0 0 0 0 0 0 0 0 0
0.548347685748025 0.161047458897673 1.90815995361315 8.87192720576285 1.50579882045485 5.04492975893279 6.07203601351317 0.332304055247261 5.08568349729976 1.92503394090594 0.143538631981959 4.62529484134918 2.23882627196464 0.842784704398648 0.815511018154522 0.378786938474541 3.74237759026696 3.769634772318 3.2740805951599 1.12283521732228 0.511602161920797 0.39876124182409 0.375660996145119 1.43494985462036 0.409724246589862 1.69404490928755 0.155494936469862 5.48415888716476 0.980561005783029 1.41782804471365 1.68159443861509 2.2753478840676 0 0 0 0 0 0 0 0 0 0 0 0 0 0 0 0 0
0.256383941833077 1.90417824565944 1.38082565179741 6.13707037878038 0.996072334334953 1.29285263101211 4.30046067742424 1.99323588289639 1.64681393657972 0.602664038860277 0.36457919414476 0.666102659879196 0.163870795005602 0.288642697067523 1.45460502862904 1.4398423088293 2.38594522243427 5.63256046021651 1.01405577790217 0.850090507936595 2.25618641052018 4.50615666044953 7.46161043930916 0.373989134433723 0.436579883861191 0.642199539174424 2.36643705024828 4.83207592842843 1.1876755220883 1.46507727622888 0.562127893073202 1.933002512901 0.689499398484692 0 0 0 0 0 0 0 0 0 0 0 0 0 0 0 0
1.4848202083869 0.435812933657345 1.87294432185413 3.42015459630825 7.66413017256978 0.947442524777147 4.77019149186237 1.93528329559728 2.22929435995809 1.17639412595544 0.222331893044855 1.34110402511304 0.330404946819315 0.395612956586429 0.252021104475076 0.330614869671387 1.45118509898707 3.50456648741485 0.2615263173684 0.163547376625743 3.27611584485959 2.70240447250384 1.2931010094068 0.621827696865411 1.16932069310927 1.57097129946001 2.40265626590599 1.98169399185556 3.97472904897248 1.57054799202703 0.857639413549106 4.73966127389459 0 0 0 0 0 0 0 0 0 0 0 0 0 0 0 0 0
9.15169043323606 0.181366257658354 0.3874283607411 2.26607633717177 2.39085175616435 0.00356230577317203 0.697233987531609 0.441333104294133 1.3581438344211 2.7665527786718 0.578991740718592 3.44215507222525 0.586899270079751 7.51249556867227 0.886353182859582 1.60611972237091 2.7209177851484 2.4044007966064 0.253482872221237 1.82387665046419 1.07773006985091 1.2963167851709 0.414667732610244 1.36149587371348 0.661360690137687 0.689834497247474 1.37168389479009 4.47853763077622 4.06702796788121 2.28220176957987 0 0 0 0 0 0 0 0 0 0 0 0 0 0 0 0 0 0 0
0.948268079679772 5.8808878658659 0.106129456800206 1.30906953922774 1.3883236346348 0.925234561182208 3.11449246362297 1.86873633703744 0.402466262681245 4.778580902087 1.27567231245484 3.5579190364154 1.05558543083719 0.524747166430277 1.07264718402483 0.754748601078407 3.70517626955863 0.25091621850767 2.27285785456354 1.83833613213445 1.90455721960129 0.369343235409417 0.502606251216757 2.14757659846189 1.47295858782328 0.99221712089225 3.48374453612735 1.07121100019131 0 0 0 0 0 0 0 0 0 0 0 0 0 0 0 0 0 0 0 0 0
0.0473985328380273 1.74545119222476 0.206127742115953 4.21276048253746 3.48158019172745 0.700360327047018 8.49306608702114 0.295112820378526 1.24238325765086 0.830985012735561 2.7852355459067 2.02337099396389 1.75519427343468 1.09607696125711 3.13510712237765 0.39896399995095 0.966025424244636 0.915215828259703 6.89953037072679 1.03215564201074 3.62333866440052 1.37684251146417 3.26101859210733 2.14601136556547 1.50645396955458 4.58846845038748 0 0 0 0 0 0 0 0 0 0 0 0 0 0 0 0 0 0 0 0 0 0 0
1.6588091725872 0.309325241382007 2.76565531366516 0.458999698924649 0.502765523279171 0.856409366919161 0.3071437699639 1.61038882158456 0.247031080695277 3.83905663779051 0.120163464601101 3.36517787057061 0.497391031638163 0.387616082682506 0.508497556189968 2.19751604986775 3.77561008728055 1.10737335114886 0.260222151113387 0.11193401722025 0.526260695591657 6.964565086892 3.46700109710901 0.34014124058175 0 0 0 0 0 0 0 0 0 0 0 0 0 0 0 0 0 0 0 0 0 0 0 0 0
1.0566883125948 0.943891008376682 2.06186229890342 0.317975754504509 3.53013782265208 3.78397890418537 0.715569702606549 6.52730595054057 0.506904792335292 4.56870687772891 1.35321700988831 4.17556494594177 2.22715526539559 0.173559935545372 2.92431655636775 2.92087136180588 2.00372358504212 2.36692246806791 1.09655447211008 0.870774330189186 4.15689561247861 2.68089343741809 0 0 0 0 0 0 0 0 0 0 0 0 0 0 0 0 0 0 0 0 0 0 0 0 0 0 0
0.446976524570863 0.0906095278213574 0.627690036169515 2.39270410293492 3.93257806863252 0.134991947343033 1.14455448688105 1.06806241825822 2.34823383995547 0.395381605325405 2.11154441315333 1.26801894240265 0.331638285952224 0.297465249911912 2.03202713070383 0.603037370236582 3.95255574621889 2.15968945261252 0.0230437064256485 2.10928034380409 0 0 0 0 0 0 0 0 0 0 0 0 0 0 0 0 0 0 0 0 0 0 0 0 0 0 0 0 0
6.03642698359184 1.55778210345436 0.22981208555134 1.54707752775658 6.61244888645315 0.432653655675016 0.287638502730069 5.0288126561761 2.59214438837795 2.24407085818908 3.25158629580389 0.769311247954649 1.29489154015227 1.70768707617625 0.54093614911086 1.21533246799077 4.15383824527355 1.43329905714985 0 0 0 0 0 0 0 0 0 0 0 0 0 0 0 0 0 0 0 0 0 0 0 0 0 0 0 0 0 0 0
0.591879407675648 2.87676736494439 0.979198628429341 0.778672148486401 4.64506413465126 1.6565716167609 1.07482003492318 2.56261545402054 0.972981289497526 3.33750980664399 2.67952725903966 0.157468241496861 0.607259195234028 0.190438394111111 0.255117903707673 2.28466483872029 0 0 0 0 0 0 0 0 0 0 0 0 0 0 0 0 0 0 0 0 0 0 0 0 0 0 0 0 0 0 0 0 0
1.14199755495737 3.6724482952362 0.588240983212251 0.600532302078819 1.63154360210651 0.641463464143265 0.207280177626038 0.629909559746987 0.390679369402325 5.10239828051372 2.93623650461846 2.28088463333064 0.295468810869515 0.375058918799662 0 0 0 0 0 0 0 0 0 0 0 0 0 0 0 0 0 0 0 0 0 0 0 0 0 0 0 0 0 0 0 0 0 0 0
3.66853828274094 0.827170321131502 7.82254212890311 0.187136323125487 1.58845754241511 1.6536740791462 2.00969383913888 2.79373114011396 10.0714369310787 0.928702682023124 7.75744457748262 6.1960657729404 0 0 0 0 0 0 0 0 0 0 0 0 0 0 0 0 0 0 0 0 0 0 0 0 0 0 0 0 0 0 0 0 0 0 0 0 0
0.840515827009754 6.20460043249473 3.49807859433237 1.875541457104 0.229786173495916 0.166637241548965 2.4689804959278 2.73937272994487 2.60339321971341 11.665256239525 0 0 0 0 0 0 0 0 0 0 0 0 0 0 0 0 0 0 0 0 0 0 0 0 0 0 0 0 0 0 0 0 0 0 0 0 0 0 0
3.45850010650391 4.0325920133151 1.33294908089417 1.83095131345326 0.906535834514727 0.428646189239764 0.251554741699201 0.025572535888022 0 0 0 0 0 0 0 0 0 0 0 0 0 0 0 0 0 0 0 0 0 0 0 0 0 0 0 0 0 0 0 0 0 0 0 0 0 0 0 0 0
4.46981924155105 1.21010346527093 0.498512319567639 1.85845975351303 5.27900562490778 1.57172512923281 0 0 0 0 0 0 0 0 0 0 0 0 0 0 0 0 0 0 0 0 0 0 0 0 0 0 0 0 0 0 0 0 0 0 0 0 0 0 0 0 0 0 0
2.64482061233092 1.6360227584078 1.60624121500821 0.315882622306338 0 0 0 0 0 0 0 0 0 0 0 0 0 0 0 0 0 0 0 0 0 0 0 0 0 0 0 0 0 0 0 0 0 0 0 0 0 0 0 0 0 0 0 0 0
1.86050447960232 0.374076739168832 0 0 0 0 0 0 0 0 0 0 0 0 0 0 0 0 0 0 0 0 0 0 0 0 0 0 0 0 0 0 0 0 0 0 0 0 0 0 0 0 0 0 0 0 0 0 0
