0.425483537530637 0 0 0 0 0 0 0 0 0 0 0 0 0 0 0 0 0 0 0 0 0 0 0 0 0 0 0 0 0 0 0 0 0 0 0 0 0 0 0 0 0 0 0 0 0 0 0 0
1.08434552416519 2.42890377909793 0 0 0 0 0 0 0 0 0 0 0 0 0 0 0 0 0 0 0 0 0 0 0 0 0 0 0 0 0 0 0 0 0 0 0 0 0 0 0 0 0 0 0 0 0 0 0
0.155981126953062 0.222565082742879 5.43801806740097 0 0 0 0 0 0 0 0 0 0 0 0 0 0 0 0 0 0 0 0 0 0 0 0 0 0 0 0 0 0 0 0 0 0 0 0 0 0 0 0 0 0 0 0 0 0
0.571640283967069 1.17408505918042 0.803436748216479 2.12302334157787 0 0 0 0 0 0 0 0 0 0 0 0 0 0 0 0 0 0 0 0 0 0 0 0 0 0 0 0 0 0 0 0 0 0 0 0 0 0 0 0 0 0 0 0 0
3.25485521170651 1.10706454701483 1.37946947906295 1.23452685058532 1.76414316705512 0 0 0 0 0 0 0 0 0 0 0 0 0 0 0 0 0 0 0 0 0 0 0 0 0 0 0 0 0 0 0 0 0 0 0 0 0 0 0 0 0 0 0 0
2.35042819523456 2.0303249878486 0.223091161698442 0.399806438360599 1.58433200663961 3.7524480803812 0 0 0 0 0 0 0 0 0 0 0 0 0 0 0 0 0 0 0 0 0 0 0 0 0 0 0 0 0 0 0 0 0 0 0 0 0 0 0 0 0 0 0
0.800841368756139 0.234112199813706 4.22465401703806 1.16200586911847 0.411645200434631 0.169283578643184 0.327976686568322 0 0 0 0 0 0 0 0 0 0 0 0 0 0 0 0 0 0 0 0 0 0 0 0 0 0 0 0 0 0 0 0 0 0 0 0 0 0 0 0 0 0
3.39862994124158 0.354352448368117 0.688527934445058 0.623301994767892 0.646925076462435 0.23068791139031 1.69587826958405 2.31705054098516 0 0 0 0 0 0 0 0 0 0 0 0 0 0 0 0 0 0 0 0 0 0 0 0 0 0 0 0 0 0 0 0 0 0 0 0 0 0 0 0 0
0.331468874777536 0.599290581534424 0.149039084559058 3.63684753481716 1.59856033339094 4.82782423837857 3.59516561162928 3.80578958761636 1.48294609577937 0 0 0 0 0 0 0 0 0 0 0 0 0 0 0 0 0 0 0 0 0 0 0 0 0 0 0 0 0 0 0 0 0 0 0 0 0 0 0 0
1.09904958445398 1.78464734125867 1.57486486710954 2.59329769419125 6.91990520605454 0.769086794654096 2.1991511502068 0.420860851314221 3.37613795446798 0.407315533945273 0 0 0 0 0 0 0 0 0 0 0 0 0 0 0 0 0 0 0 0 0 0 0 0 0 0 0 0 0 0 0 0 0 0 0 0 0 0 0
1.51850761165215 1.31508091069723 2.68223705767596 0.314521165348464 0.395594335394571 0.581828015788391 1.84751938821096 4.19911926727527 0.645796556989492 7.99883309129371 1.67847761147136 0 0 0 0 0 0 0 0 0 0 0 0 0 0 0 0 0 0 0 0 0 0 0 0 0 0 0 0 0 0 0 0 0 0 0 0 0 0
1.03703621056148 1.24758261590004 1.18021375817755 3.58314703927657 1.10304376868586 1.79724432785422 1.34613160598241 3.62293904145646 3.70277478548296 8.20809029195954 0.527454262285352 0.438201302309364 0 0 0 0 0 0 0 0 0 0 0 0 0 0 0 0 0 0 0 0 0 0 0 0 0 0 0 0 0 0 0 0 0 0 0 0 0
1.92633821852679 0.0119007394150089 0.95981238703949 3.60885876099518 0.665555873008911 2.63686123467089 0.162031269373309 5.55803391820158 0.352999409026631 0.403511732457752 1.81657897075936 2.26250260077908 0.556549803548634 0 0 0 0 0 0 0 0 0 0 0 0 0 0 0 0 0 0 0 0 0 0 0 0 0 0 0 0 0 0 0 0 0 0 0 0
5.70681649372372 1.70531016023488 8.34043545974751 6.8811935735334 3.05326465777082 2.64725798333235 0.295101567384385 0.799441036904508 3.9657349457697 3.11796220125006 1.04069909134636 0.934966336862499 0.15015395550757 0.844135341352258 0 0 0 0 0 0 0 0 0 0 0 0 0 0 0 0 0 0 0 0 0 0 0 0 0 0 0 0 0 0 0 0 0 0 0
0.952957566469236 0.511135265314014 0.848347411016328 0.119102286056059 3.44587195074898 3.84246191910476 2.05127232730171 4.35416319077027 2.56996032796111 3.31511747396684 0.856438994572777 0.666384493285786 6.33917378877305 0.732126438582313 15.0514042606732 0 0 0 0 0 0 0 0 0 0 0 0 0 0 0 0 0 0 0 0 0 0 0 0 0 0 0 0 0 0 0 0 0 0
0.638181841815906 0.268824389599767 2.25383129580465 0.450324293371124 0.251765373288399 0.221016590849252 3.31649362806292 0.56330139882677 0.556491842472282 0.612780798977007 5.84059492029107 0.294369269793472 2.23683060843277 3.28224446847559 2.98468761546901 0.899048004707497 0 0 0 0 0 0 0 0 0 0 0 0 0 0 0 0 0 0 0 0 0 0 0 0 0 0 0 0 0 0 0 0 0
1.34286250462521 2.90655613089657 3.74837702977103 4.55088294383208 2.92787467831265 0.0969511459348367 0.243306619710669 0.02112744550221 1.78924323746454 1.34253122117382 0.331153641072088 0.645526704149455 0.824150720210118 2.81857337280812 0.189380591787044 3.29719516114562 0.751991175754462 0 0 0 0 0 0 0 0 0 0 0 0 0 0 0 0 0 0 0 0 0 0 0 0 0 0 0 0 0 0 0 0
0.960392494701991 2.74340465991695 0.417305245845104 4.62432339185785 0.464043886708186 2.41895647428997 0.179980208471305 3.60258571110446 0.64335640595551 2.57099262840946 2.00787554773954 1.40341194069539 0.628841257719978 0.134101738798573 0.184266695702141 2.63608948504716 0.886226608101053 2.99237449229767 0 0 0 0 0 0 0 0 0 0 0 0 0 0 0 0 0 0 0 0 0 0 0 0 0 0 0 0 0 0 0
0.0598214299408311 1.31042631845569 8.26575197696002 1.57561363749239 0.0705010785244421 1.25308521355137 1.65273115497655 2.15395691301757 0.300463183025713 0.206821337280081 1.60748071315271 1.59107520189445 0.255259886469901 5.47228700457185 0.553540003391985 1.19429907395138 1.49727247138073 1.51113550859364 1.38660825548917 0 0 0 0 0 0 0 0 0 0 0 0 0 0 0 0 0 0 0 0 0 0 0 0 0 0 0 0 0 0
3.66139735938893 0.000416303574464274 2.71127519254157 0.195679942567828 3.2549511776236 1.19407441922818 3.56964384483742 0.720365702021804 0.193578158313709 7.54622601012277 0.887207880428075 0.60716600238841 4.00616236729951 0.0151976186961277 13.5930606975782 1.89456994579865 0.404737001976544 1.27175440153536 0.0559459919161741 3.26700711427672 0 0 0 0 0 0 0 0 0 0 0 0 0 0 0 0 0 0 0 0 0 0 0 0 0 0 0 0 0
0.0208889127713789 1.88752253249061 3.93081172252633 1.83261943637157 2.60012702877826 1.23980183967797 0.380668757304418 3.89526894026209 5.03610226320423 5.8060602368202 3.97014430770067 3.26288143388528 1.91189269026843 8.59506877118281 0.714128443417402 1.59728889067941 0.585144055305653 5.10090368784081 1.44358733820014 1.14398162376966 1.35554536294375 0 0 0 0 0 0 0 0 0 0 0 0 0 0 0 0 0 0 0 0 0 0 0 0 0 0 0 0
1.62474886880619 0.285226083449602 3.62371534646949 3.31907639802442 3.11293903410472 1.87052126993366 1.16589455305473 0.331330286409941 1.40148427377184 0.167085033341065 2.26471909427505 2.16114757102693 1.67879441444364 2.30287869986824 3.14900945327013 2.75697520246504 1.85568173816477 1.63021715808905 2.51119357966074 0.188713811919847 0.966012411998826 1.88633819667221 0 0 0 0 0 0 0 0 0 0 0 0 0 0 0 0 0 0 0 0 0 0 0 0 0 0 0
3.5097181977161 0.67984474317653 0.655026723589262 0.55099726740961 1.9294220242096 0.507933460282117 1.57856529903682 2.84942089915397 0.202493673935686 9.33705715814429 0.6915402980843 8.2810586683839 0.231209736461315 0.279132920243873 2.34967927484974 0.362690570467796 1.83702473032936 2.9876944821034 3.88551593469132 2.60798540753273 2.31903794385127 3.62553394056414 1.01591590284078 0 0 0 0 0 0 0 0 0 0 0 0 0 0 0 0 0 0 0 0 0 0 0 0 0 0
1.85304643290539 0.314367343582323 0.457472118338423 4.92230437970869 2.33447640018964 0.303614887520403 1.36894709634527 0.643028964666514 2.64156650785185 0.60193945165244 6.82320177079451 0.970835914989435 1.07168086372214 0.216290975369725 0.442077856573223 1.14610726967402 0.489545130719854 0.42639967854287 0.79156234153905 2.26037989569784 2.08379721965466 0.495387559840201 1.34766643554759 1.67536981462916 0 0 0 0 0 0 0 0 0 0 0 0 0 0 0 0 0 0 0 0 0 0 0 0 0
0.819573080616393 1.84922924399474 0.179767020164579 1.22335977291872 2.74405993137335 2.67797901250131 0.731483323480312 1.87048896993374 2.48448255071296 3.83922374922924 0.291835891829109 0.0502261693684255 1.15981175721619 1.08329628927137 0.511917015241133 5.44000501644619 6.18890037982161 0.153061582535487 0.587264772772791 10.9968699462762 0.0192301151721422 3.8245461663003 2.57747532173733 4.89256839587574 0.116115514536935 0 0 0 0 0 0 0 0 0 0 0 0 0 0 0 0 0 0 0 0 0 0 0 0
0.195084459443837 0.610664031939354 3.59173524099635 4.39939853537657 0.766553980819273 11.6454205149095 3.42655997350244 0.392877873447849 7.8635211519511 0.0965668516507378 3.15516139755889 0.288351643584336 4.62853432448197 3.84902982101758 0.406169046883675 1.00111155444518 3.36157876676059 0.74273486451858 1.57661076703228 2.73026654473597 0.387762225755748 3.95609111074696 1.38820444131369 3.23183919031131 3.69681509985673 0.260028074540818 0 0 0 0 0 0 0 0 0 0 0 0 0 0 0 0 0 0 0 0 0 0 0
2.53759514081529 5.08756623309429 3.002071186369 6.91568373963089 0.844624466460252 0.107823124308723 1.03031056919565 2.11175851301302 0.379853371787727 2.56772461784282 1.32611058960445 7.08197210960552 1.85987590939963 0.210055325206624 3.46108700690791 0.826070598639229 5.20968844641394 0.320690665593535 1.6870371383806 3.82656819719193 6.59747017106874 0.68364186063787 2.40096826326397 2.11281017426133 3.2748612129214 3.79583195252383 5.36683043149828 0 0 0 0 0 0 0 0 0 0 0 0 0 0 0 0 0 0 0 0 0 0
1.03140602491053 10.0923436463153 0.228305556036112 0.458481231718294 3.82299674790777 1.34391935884439 0.560543890398109 0.221068238402905 3.13023746861619 2.08854354359188 2.19382261791863 2.9723848643217 0.319153338637023 0.96842203459303 0.816241206903768 2.70422695908598 3.31491934882045 1.86946311092974 0.244816666168205 1.90248481214747 0.242834172763339 1.60818224788812 1.03415050296299 1.72770969055034 0.170405359929411 1.47823256995115 6.49263060640722 6.03289900555599 0 0 0 0 0 0 0 0 0 0 0 0 0 0 0 0 0 0 0 0 0
2.4121637628923 1.27494359560116 0.117714800348732 1.78103073438494 0.00883731142235977 2.7885212923978 0.595124804811306 2.57320828404936 1.37730673936853 0.121726510732004 0.726985690778895 0.60057729931703 2.84236447817587 2.15340292062246 1.10309783496231 0.797391786374301 1.89206503850208 2.16914182687315 7.33538109946331 2.54393086126263 0.201529811975291 3.61600761396101 14.7378656066437 0.915863939757514 3.41917116405944 1.01463106574291 1.2229383903564 0.460463935868211 3.76127578226761 0 0 0 0 0 0 0 0 0 0 0 0 0 0 0 0 0 0 0 0
2.64091414574664 0.36169176244902 7.90960665172356 5.09043443878447 1.37569913911231 0.068334266701577 5.9572675267538 3.53829654901696 1.04076092743008 1.79112969072878 1.04343144611875 3.9966589423268 2.32646506661976 2.64198720252431 1.18906133353099 7.15558909735002 6.83193108476601 1.83615654973596 1.84372789316435 0.420108571353591 1.4897943247544 1.86282297244729 2.61130864788935 0.352563852583009 6.15422529494022 2.31824772122441 8.93908555174044 8.87772651935942 0.058447384401375 2.57540144159701 0 0 0 0 0 0 0 0 0 0 0 0 0 0 0 0 0 0 0
0.10439974545759 1.69915866228506 2.58159489590628 0.895283502276615 1.33840395865815 0.0476484458419138 1.40455749893626 1.62029721623027 0.555790456746399 0.41434582091236 2.55322183648751 1.10085966008648 1.46141146188025 8.39663242252812 0.272827864441971 0.0164652352207917 0.763176763899746 1.09927717921918 0.322695936339429 2.35241320492881 1.95438843463512 2.89695909909648 6.68775115605825 2.64617171946943 0.617511372818535 1.37478271515109 0.0999498364667538 1.86800508819691 2.30141298352608 1.42032286568214 1.64464027563336 0 0 0 0 0 0 0 0 0 0 0 0 0 0 0 0 0 0
3.92368941046404 0.74002170421697 3.02468881360668 1.3621330963198 1.82895436275891 3.58414950797121 1.52088405502965 0.431266911645868 3.78448927198104 1.52263248836197 0.320772552132126 0.625206920079885 9.55375016885796 6.45525641696487 2.64651280951216 1.30267057289378 1.9909643877366 0.533534595253256 0.0536166039457774 4.41357696000242 3.21093903107135 3.18392257837917 6.38898726679168 2.54983352495909 0.668462423587814 0.792871851163677 2.43352510492902 0.121852477889652 1.05843388643566 4.82617747826407 0.00211594311267963 1.67792677128106 0 0 0 0 0 0 0 0 0 0 0 0 0 0 0 0 0
2.12707842677793 1.12294628768194 0.441159699443364 2.54393654269047 1.72133280935396 1.70282728673427 0.168392981861476 3.96235514120922 1.67604389774768 0.281199127546585 1.30415253587451 1.97383740513804 2.81058438334951 3.92705054355227 7.46856241953607 6.22772321206051 2.02300705659408 0.373005593154192 5.20229512771017 3.84513174906754 1.80497613512852 3.38113911395184 7.56594439215124 1.3007237293799 1.86409143602031 0.138078689637856 3.5442608004917 1.06144387319529 0.787241197399293 3.75517330228544 0.237948356607278 2.08779818410375 0.943608504701399 0 0 0 0 0 0 0 0 0 0 0 0 0 0 0 0
5.04934354603605 0.904254263291731 0.879379190402713 0.742200657881433 4.52804033984782 7.36448994253766 0.253964144596074 1.95341627628517 5.52545460173252 2.39220814986123 1.32542476539741 1.67981420792728 1.52385620602027 1.41112654769473 1.02660821176437 0.523280738075625 4.27260767549483 2.61184135248168 7.35405539945445 0.961590989451294 1.21142100047301 0.0869385693994916 0.45361144131572 0.571229488225464 1.74363335635616 2.83750538187849 0.973623899803212 0.551861802293431 2.527765298106 1.53046226988366 7.74800651228529 0.0239156906016526 0 0 0 0 0 0 0 0 0 0 0 0 0 0 0 0 0
0.484455512244991 1.4196007165966 0.241790300774704 0.172706393789523 6.44055848461455 0.032169172221852 2.6456290940604 1.3633314519138 2.14292845382676 2.19156765978117 3.04506763897653 6.93628405001292 2.8690776435302 1.98326883212069 0.0453150462560174 1.92165248153291 0.133967381626096 1.42370131847788 2.34084097965909 0.953381023140554 0.489964538026406 2.61608247679118 0.126004660385522 2.57998421594729 4.7428949985316 1.11473766905451 0.11946721107109 3.42953821078488 0.9792847170229 0.450233711391791 0 0 0 0 0 0 0 0 0 0 0 0 0 0 0 0 0 0 0
1.77498020977753 1.78019265893306 2.02770378524042 2.08239138306209 1.69253822674469 1.41800945881357 0.325961952379537 0.298584705735597 0.63118878429036 5.03303655219851 1.19895625203905 1.72325822675905 1.38729754264056 0.234096331592081 1.49226075959837 5.54095116622532 1.79915724749604 2.96821408091623 1.59120095610298 0.205568546058402 0.293099024739416 0.629874051854678 1.04043505587229 3.41540897727518 6.12212412031765 2.47714846280604 2.02022938565409 0.0747391006366726 0 0 0 0 0 0 0 0 0 0 0 0 0 0 0 0 0 0 0 0 0
1.91723251340973 2.14803667118401 3.76439800824127 0.173267492320532 0.633323873348759 3.61969776343762 3.71101094969639 5.40633768351491 2.13870132397375 5.01016334104939 6.14525576583557 0.936796880968059 0.976093351558486 2.06945294578891 4.71216281692098 0.44292005164445 1.59630292956617 2.80080844566189 4.22207902150141 0.673439268905644 2.98949046771914 0.943174570142825 0.111329665101224 0.983488928469217 1.19435311514701 4.33440709713938 0 0 0 0 0 0 0 0 0 0 0 0 0 0 0 0 0 0 0 0 0 0 0
8.45026333911332 4.95070019809833 0.0100487658076425 2.12440296190506 2.00950433687467 4.5955774587757 1.66060563589433 0.538217157699566 0.668306160842478 1.5267306215875 1.18340419015778 0.139468959297974 1.30882493092405 2.3371110069189 2.62817707493629 0.225113630487334 0.163087376205163 3.81387592645979 0.455501736507146 0.901524636536728 1.79485717408353 0.695043966816646 1.40726049072376 0.509167941664745 0 0 0 0 0 0 0 0 0 0 0 0 0 0 0 0 0 0 0 0 0 0 0 0 0
0.177139214387439 1.04797038334477 0.604886723367884 1.43690614316461 0.363222382067019 4.47170270218672 0.24339105482067 0.199172386112136 2.75263481193213 0.619363874033169 1.4445671781505 2.56781504285941 0.947121942848803 2.71271596502626 4.73183106097906 5.44747385084453 2.09503473038571 2.15889504894738 1.03669992180879 3.24091690148281 0.288274732818979 4.10202555519913 0 0 0 0 0 0 0 0 0 0 0 0 0 0 0 0 0 0 0 0 0 0 0 0 0 0 0
0.331004330230422 9.92639473092814 1.725477402121 9.1674482918817 10.2038329556754 4.83480051109543 0.14706165347111 0.728299176585213 3.07017703397527 0.728813402243101 1.15722547772702 1.44504625763683 0.593854334423609 1.89726635797935 0.200028849667833 0.555961027650477 9.8419064431163 1.64266433504811 0.228212154950137 0.86789478498713 0 0 0 0 0 0 0 0 0 0 0 0 0 0 0 0 0 0 0 0 0 0 0 0 0 0 0 0 0
6.42037603591255 3.18079590477476 0.491089921588102 3.06046649868262 0.398380247159384 1.10529028781791 5.9144754343829 3.45688894386489 4.16186068391951 1.50950431800498 0.386487641088608 2.54108510455944 5.25731372926555 4.8438553155472 1.89712759013679 4.62171900649859 0.991163204254391 0.474825795733546 0 0 0 0 0 0 0 0 0 0 0 0 0 0 0 0 0 0 0 0 0 0 0 0 0 0 0 0 0 0 0
0.171990304756133 1.84108088100405 5.33129375137252 2.30164535103985 1.13028591696295 3.17336609032408 0.762411078055341 0.565024201052905 0.451879231582198 0.357922708901642 0.355685476293357 0.104432758307054 6.84605734078453 0.205685699176708 0.152205734707061 1.68811392509774 0 0 0 0 0 0 0 0 0 0 0 0 0 0 0 0 0 0 0 0 0 0 0 0 0 0 0 0 0 0 0 0 0
0.498671896300365 10.3912127156018 0.147519098394489 2.92806416898294 1.09538312000773 1.06163335946583 0.93812209434573 3.5969952194829 1.05690670258518 2.57929890087946 1.90257412322238 1.26364679705103 0.505399190530621 1.37456060462271 0 0 0 0 0 0 0 0 0 0 0 0 0 0 0 0 0 0 0 0 0 0 0 0 0 0 0 0 0 0 0 0 0 0 0
4.80152144887935 0.718965113452377 1.56963763932369 10.5375126347315 0.369961676158093 0.00961135982773537 4.84940792004235 2.00570143124973 1.15843580857795 3.9789356265777 0.922544318519138 1.19773331228826 0 0 0 0 0 0 0 0 0 0 0 0 0 0 0 0 0 0 0 0 0 0 0 0 0 0 0 0 0 0 0 0 0 0 0 0 0
2.7794058614092 4.21817921191036 0.629278957639936 2.16527062025885 1.06690550519197 2.73038168358121 0.798269616553703 1.43642361904024 4.39377927781931 2.17654769348825 0 0 0 0 0 0 0 0 0 0 0 0 0 0 0 0 0 0 0 0 0 0 0 0 0 0 0 0 0 0 0 0 0 0 0 0 0 0 0
4.40694192684234 1.90559489673037 2.63326092392575 0.84741617610927 3.78184798545597 2.22506125777103 1.04893446613707 0.0861476414160116 0 0 0 0 0 0 0 0 0 0 0 0 0 0 0 0 0 0 0 0 0 0 0 0 0 0 0 0 0 0 0 0 0 0 0 0 0 0 0 0 0
1.87742867148411 1.16922563142315 0.146582624529879 1.6771832795479 0.291624690625558 1.03787737733593 0 0 0 0 0 0 0 0 0 0 0 0 0 0 0 0 0 0 0 0 0 0 0 0 0 0 0 0 0 0 0 0 0 0 0 0 0 0 0 0 0 0 0
0.202174329609145 4.78213517685921 4.11519046179059 0.217573069804778 0 0 0 0 0 0 0 0 0 0 0 0 0 0 0 0 0 0 0 0 0 0 0 0 0 0 0 0 0 0 0 0 0 0 0 0 0 0 0 0 0 0 0 0 0
0.567358088429373 1.53922348745759 0 0 0 0 0 0 0 0 0 0 0 0 0 0 0 0 0 0 0 0 0 0 0 0 0 0 0 0 0 0 0 0 0 0 0 0 0 0 0 0 0 0 0 0 0 0 0
