11.5233533929927 0 0 0 0 0 0 0 0 0 0 0 0 0 0 0 0 0 0 0 0 0 0 0 0 0 0 0 0 0 0 0 0 0 0 0 0 0 0 0 0 0 0 0 0 0 0 0 0
3.29719866034934 1.36077346276142 0 0 0 0 0 0 0 0 0 0 0 0 0 0 0 0 0 0 0 0 0 0 0 0 0 0 0 0 0 0 0 0 0 0 0 0 0 0 0 0 0 0 0 0 0 0 0
1.16834579384601 1.25183166792521 1.31890293994704 0 0 0 0 0 0 0 0 0 0 0 0 0 0 0 0 0 0 0 0 0 0 0 0 0 0 0 0 0 0 0 0 0 0 0 0 0 0 0 0 0 0 0 0 0 0
1.14212472104989 3.00038701401571 0.222590307441961 0.746977848544397 0 0 0 0 0 0 0 0 0 0 0 0 0 0 0 0 0 0 0 0 0 0 0 0 0 0 0 0 0 0 0 0 0 0 0 0 0 0 0 0 0 0 0 0 0
1.06821271639703 0.99624248709819 0.707582424528785 0.468885867363322 0.367655888034259 0 0 0 0 0 0 0 0 0 0 0 0 0 0 0 0 0 0 0 0 0 0 0 0 0 0 0 0 0 0 0 0 0 0 0 0 0 0 0 0 0 0 0 0
1.29957761716862 0.688831243795425 0.766508808651251 6.42807580699627 0.376228767601819 0.87330768492682 0 0 0 0 0 0 0 0 0 0 0 0 0 0 0 0 0 0 0 0 0 0 0 0 0 0 0 0 0 0 0 0 0 0 0 0 0 0 0 0 0 0 0
0.218300973390536 2.52833136983011 1.35500508032808 1.52343544738992 2.25956597089535 0.402747001134947 3.92879687541371 0 0 0 0 0 0 0 0 0 0 0 0 0 0 0 0 0 0 0 0 0 0 0 0 0 0 0 0 0 0 0 0 0 0 0 0 0 0 0 0 0 0
1.39474790593441 3.49569734431632 3.9764864116587 6.84099551095725 1.01597051174285 2.40717816851791 0.101676587106039 5.49382387959629 0 0 0 0 0 0 0 0 0 0 0 0 0 0 0 0 0 0 0 0 0 0 0 0 0 0 0 0 0 0 0 0 0 0 0 0 0 0 0 0 0
0.766124465814854 2.55189361407887 3.55163556838008 1.13625072398047 0.559747481675883 4.15354585574719 2.72162162893262 1.30425256715417 0.135730473037563 0 0 0 0 0 0 0 0 0 0 0 0 0 0 0 0 0 0 0 0 0 0 0 0 0 0 0 0 0 0 0 0 0 0 0 0 0 0 0 0
4.04440390265883 1.88196437167368 0.0481543233725072 1.28993437344431 4.22686281308105 3.43171203933091 2.44865086160354 4.24208708636514 0.415074372399183 1.77737303522018 0 0 0 0 0 0 0 0 0 0 0 0 0 0 0 0 0 0 0 0 0 0 0 0 0 0 0 0 0 0 0 0 0 0 0 0 0 0 0
2.32040080969781 1.63405146492358 8.97214533677069 5.61866049621251 0.36928204517426 2.42358320485746 0.430114061481576 3.65834536849662 0.0805374519243705 3.46770887075319 1.07390096374194 0 0 0 0 0 0 0 0 0 0 0 0 0 0 0 0 0 0 0 0 0 0 0 0 0 0 0 0 0 0 0 0 0 0 0 0 0 0
0.77932254420017 1.47778227874542 2.48770250845215 7.25980508239289 1.37411098716896 5.57171596799947 1.62983327764982 1.78218635134136 0.716564237837959 3.26161968940423 1.64438751911777 3.37284827723009 0 0 0 0 0 0 0 0 0 0 0 0 0 0 0 0 0 0 0 0 0 0 0 0 0 0 0 0 0 0 0 0 0 0 0 0 0
1.73997574346491 3.79546812395807 5.77695251306679 8.42147917456281 0.684345050824295 2.29853722008341 2.72258568399016 2.78904847043844 2.05329026147293 4.36673129703071 4.83896621197562 0.41771752828594 1.19602377716074 0 0 0 0 0 0 0 0 0 0 0 0 0 0 0 0 0 0 0 0 0 0 0 0 0 0 0 0 0 0 0 0 0 0 0 0
0.568483122968525 4.67200633249667 6.18459551677817 0.905617660036701 2.57780240920506 2.65195213635066 0.211988572779483 1.85941174042673 2.54443394101632 5.91219865550537 9.03962607798998 0.473918331317797 1.18218859401875 0.192906282976912 0 0 0 0 0 0 0 0 0 0 0 0 0 0 0 0 0 0 0 0 0 0 0 0 0 0 0 0 0 0 0 0 0 0 0
1.7209798413294 2.21593772393535 3.31803092729293 0.715566744594673 1.13334078311458 2.71229051979622 0.67257403973068 7.00897297567606 0.118639211344745 5.81769793222706 0.0221690765502474 1.16889235340483 0.853869920551266 2.36783715850615 0.176126210422337 0 0 0 0 0 0 0 0 0 0 0 0 0 0 0 0 0 0 0 0 0 0 0 0 0 0 0 0 0 0 0 0 0 0
1.2503952244134 0.00497243587290135 1.113859273856 5.82743040756752 0.949337504794365 0.309970295322868 1.1080230799366 2.34706203340418 1.60696319855498 1.8077135280382 3.72813125650416 0.00748473192662348 2.57774721194853 0.190530458432803 0.624838654660859 1.89984308217002 0 0 0 0 0 0 0 0 0 0 0 0 0 0 0 0 0 0 0 0 0 0 0 0 0 0 0 0 0 0 0 0 0
6.91810618092891 5.05539216370152 0.448207883559295 1.51863722637043 0.796359143096192 0.154620348227082 0.101404111614764 1.20214249565102 2.40412485603358 1.20153287726179 0.964190769098222 3.09642527011583 1.99319512148394 4.19204733240438 3.03190995128411 1.03350150801077 2.67123457884634 0 0 0 0 0 0 0 0 0 0 0 0 0 0 0 0 0 0 0 0 0 0 0 0 0 0 0 0 0 0 0 0
3.4556856465964 10.0914152165583 1.13163805375586 4.44945222852697 0.928391637279477 0.434358629698407 0.904000039976753 2.19398888967989 0.87732137739083 3.33865168726306 1.87847397019943 0.2771044682571 1.70355389325548 1.0934366614684 2.5360271694519 1.40663409260104 1.04671932862578 2.46996496341445 0 0 0 0 0 0 0 0 0 0 0 0 0 0 0 0 0 0 0 0 0 0 0 0 0 0 0 0 0 0 0
2.06200600355448 3.00939181622506 0.730022292584601 0.619040318137215 1.46338361160109 1.27249870176427 1.19128440039005 0.0752707229944129 0.264953857741303 1.46491075340215 0.457771645860626 1.58167994445011 0.0273121892330271 1.4196250617897 2.48495501267324 2.71710379352914 1.60849938781252 4.07753254449869 1.21751854160602 0 0 0 0 0 0 0 0 0 0 0 0 0 0 0 0 0 0 0 0 0 0 0 0 0 0 0 0 0 0
5.59750112382606 7.5237207101545 1.67100073803762 4.05307957542272 0.428788077032086 2.22045457540657 3.83703943318923 2.57641839410219 0.959472767294513 0.0141401918815731 0.629230372437576 0.946722550608382 0.206961252534988 1.82884865415042 0.0763361741073606 1.03358398998574 0.398627814134336 3.34704462450099 2.32279659360996 4.61149063123866 0 0 0 0 0 0 0 0 0 0 0 0 0 0 0 0 0 0 0 0 0 0 0 0 0 0 0 0 0
3.8447649334006 0.772084191634559 7.07275780746647 1.77958027953274 0.88482915808073 0.095868804223021 1.68409696162814 8.51968565901629 0.229090151602786 2.96165457060701 1.17304693100928 2.18033785689748 1.76427939858354 1.13526208944666 0.205551508910231 0.10576466264325 2.44919446486858 1.10904293882087 0.0875094763801122 10.0840959748919 0.322780264139677 0 0 0 0 0 0 0 0 0 0 0 0 0 0 0 0 0 0 0 0 0 0 0 0 0 0 0 0
0.555074397627705 3.1497623662985 3.14481952854032 1.09510955955015 0.652164858996984 0.118356160440412 0.565640263380856 3.57572534819054 0.249756319224396 4.23261494990331 0.315019646324495 0.942897746634773 3.27618818569576 0.77752751234039 2.54167642205009 1.26656828929001 1.75193430381236 1.02467348781716 3.02917633289741 1.52698725211075 4.22980966291219 0.929342773497388 0 0 0 0 0 0 0 0 0 0 0 0 0 0 0 0 0 0 0 0 0 0 0 0 0 0 0
1.4486965335401 1.20236783528826 9.49229623015516 0.969484477306777 0.970644699370124 3.5047272494156 3.68452643416601 0.439575876642478 2.25093676502335 0.803886266686809 0.82447546893005 1.68465449750598 0.124142868756931 4.06789812436194 5.79151491594587 1.40456996992046 6.37520214422469 4.11466498347347 1.78286759980389 0.324724977832063 2.24386601269162 1.92461005255733 0.716503980139702 0 0 0 0 0 0 0 0 0 0 0 0 0 0 0 0 0 0 0 0 0 0 0 0 0 0
1.00505972288572 2.0486485885213 1.05853868023363 0.647503044885027 0.900345017481303 2.10781419834989 1.51364894794611 4.97572133806467 1.7556964853733 0.317218238411781 2.53247909433285 3.81899884503768 3.29123637131836 1.5709880835369 1.63254820067864 0.577433765235736 1.11091414007967 2.2065768783881 5.42806857954842 2.50440416783217 0.664837707233664 1.72803766235745 0.885058380388778 0.250262607935804 0 0 0 0 0 0 0 0 0 0 0 0 0 0 0 0 0 0 0 0 0 0 0 0 0
2.90620495736953 0.867486999050818 0.357055872754831 0.35449152507703 1.65355864991996 1.718081762486 3.7757905553526 3.66554059125159 1.41391924478227 2.30299656238512 0.352531463785894 0.842823735964555 9.54633192700128 4.02065414801632 0.628894597354016 1.87989581102285 0.626416283335746 4.73191497953898 0.73963441128485 0.740026289074775 3.07709808464534 0.268099257795404 0.706707557270668 0.690186566123522 0.0441834542457416 0 0 0 0 0 0 0 0 0 0 0 0 0 0 0 0 0 0 0 0 0 0 0 0
5.00168963236038 1.06146647025168 0.776960467163175 6.17940025892058 3.97176222669373 0.356808150006635 0.790761090528152 1.20611442883687 0.818005432784343 0.446132083691396 1.82846338442365 3.43692319639616 1.47456468195323 0.239472403366165 1.6568739224419 1.13210017042414 3.5952597809973 5.01658515578043 1.91523405315687 5.91582610860202 0.173989758966128 1.02296069024321 7.78502457226526 1.43495046105479 2.58246882678326 3.53800402284825 0 0 0 0 0 0 0 0 0 0 0 0 0 0 0 0 0 0 0 0 0 0 0
0.778196207752498 1.64374245023078 4.65997843272406 3.39515955785851 3.31345629523266 2.48233082207495 1.76334170766642 1.52332162519737 4.14517292812583 7.97268576812008 0.883662084196678 0.385951826988487 4.70540140736841 2.01318966839301 4.8152170220726 7.45904322808563 0.668641274837607 3.81376761751491 0.315484230545413 2.01403040906592 0.275255689738167 0.286902092146033 1.05159942810593 2.36360291882491 1.08407193898596 2.66057510745932 1.86833591432429 0 0 0 0 0 0 0 0 0 0 0 0 0 0 0 0 0 0 0 0 0 0
2.30798707502341 2.90505423548795 0.755799351632195 3.29338492198058 0.156366235916164 4.24848959254232 2.64879148548655 1.04131233173361 0.217072096089061 0.740327225350177 1.54493613381086 1.88263873460784 1.29850366393471 0.406216977606282 0.663016626418379 0.929947825324126 4.80653323090716 1.3767464177558 4.63744256218249 3.7913667995178 5.76875293673318 1.38668486319674 5.84049168019053 0.0609998624077139 0.546763160701014 0.0574560719005829 0.848307078521922 2.49169167266175 0 0 0 0 0 0 0 0 0 0 0 0 0 0 0 0 0 0 0 0 0
0.411034534556269 0.650186774415149 0.359801471051321 0.526469153965022 0.68153016084333 1.03632702730517 2.21207411790445 6.7243251683692 4.18777830582882 0.825193998926107 0.193967981227309 0.831255267058857 1.50867073060541 0.890770951810478 6.87107390768076 1.95123067027148 0.536810765946138 1.64576870381735 3.0941847236851 1.09020563200099 1.05471490839577 0.0712333980295538 0.229763947824877 0.324092192501557 2.73347259158051 3.88089107108558 0.519293483789572 1.64331517090257 0.363916595795271 0 0 0 0 0 0 0 0 0 0 0 0 0 0 0 0 0 0 0 0
0.264617986195931 4.06419936168104 2.99250435340934 0.561040690173056 6.00956512582468 0.922147056252032 5.55333208529983 2.69301356117172 4.34038899151671 1.48629788498171 2.8782773366564 0.790667367255031 3.26608439261206 3.36786987793448 0.0140035884405256 1.20056149941761 5.28229261569074 3.94752003710327 1.19374561747379 0.628615207195193 1.96265348364213 3.54940209482426 0.106662727339708 4.11987510954944 0.945108861063963 3.78252173044346 0.231224454767511 0.297518740071502 7.99437585841871 0.389474651498153 0 0 0 0 0 0 0 0 0 0 0 0 0 0 0 0 0 0 0
0.741831587953153 7.37022979120102 1.06154014022433 7.24237473996827 0.955614250739946 0.133914304462366 0.451184949106478 1.62964319440516 0.339299442320073 2.07776217126867 1.31148544963698 0.00773242701967263 4.89143113583255 0.0797726544750438 9.00882889622651 0.269685202012416 0.0598050898587749 1.41298945686658 0.0633322622970434 0.0941572412580473 1.3583923503751 0.218372765118748 0.115400265043295 0.52788060985515 8.69132186578711 9.04811491906351 1.69147938578995 2.79017171345477 1.63527130047508 2.0757459381301 0.261424730013842 0 0 0 0 0 0 0 0 0 0 0 0 0 0 0 0 0 0
5.91346957075651 1.29180483163933 2.46426585605224 0.195156840411903 2.45213590550213 1.60202826196093 1.27996890129885 3.61050769163197 2.12209258756433 1.47671853831227 5.78513852777359 2.15247374560908 0.93995511687178 3.5605382961561 1.11788164579402 4.98260876375767 1.7036548511717 0.573774354510161 0.426111883429534 10.0488263515868 1.3377573790133 2.98951334833936 2.15831110585004 0.498828257845841 0.440435547421391 2.91868338191034 4.8123802914026 0.357676860335844 1.02662418195548 3.02815207742943 4.04731479792597 0.149392326867294 0 0 0 0 0 0 0 0 0 0 0 0 0 0 0 0 0
3.58457270452457 1.74854477881671 1.58450595217008 0.636271300374596 1.88996162231996 0.979269951384771 1.9863794906912 7.63547895362137 6.17901329128427 5.31586127526775 2.63470959018627 6.07939654586804 0.362492524329291 0.269521069955825 2.08201080524101 1.00543445716842 2.2610663393541 0.653301484920301 0.463136427658962 0.670126663135375 3.10304744117941 2.57163289573318 2.66998082241467 4.52272870384987 3.46918792496786 0.743806805782858 0.867455048572023 0.205526616636243 6.47974489505958 5.59321361316279 1.11764603903059 3.76571778611985 3.11840228990989 0 0 0 0 0 0 0 0 0 0 0 0 0 0 0 0
0.632808235970591 0.137211297756868 0.967422587445444 2.58814230710147 1.0187509769231 1.38861558250847 4.60829399341338 4.52131126398041 1.51292123421605 8.30607156382516 1.82210567099182 1.26229030479966 2.86744522630854 1.03324163275519 2.47573171094546 1.07212401853448 3.3262445621387 0.970193829167294 0.0902591075678001 7.37705237590285 1.79250064227323 1.63925816349858 0.234291442661099 1.32221955541087 0.119905043216681 4.3489942511277 1.01655019932392 2.63428957452859 3.4165776137945 2.76489819281216 0.95932182078993 4.13693275071231 0 0 0 0 0 0 0 0 0 0 0 0 0 0 0 0 0
0.452127919186288 0.897932669729156 0.261738140346097 1.52542161472915 1.56513492562369 2.35770489541356 0.00442170745960476 1.46492228555086 1.11873345579928 1.76805699412138 1.95514009056094 2.86290257774625 4.27750772342908 0.478791289660609 3.97451415755512 2.57969102306889 1.95538688488656 0.138110016398407 0.240808104976688 0.0197551208356557 1.25943859237799 2.50082089603402 1.02511913133651 0.622139206034917 1.000888041443 1.91066802891183 2.67525800254745 1.37225481136294 2.27806635814629 2.30773053168277 0 0 0 0 0 0 0 0 0 0 0 0 0 0 0 0 0 0 0
1.30219104517593 3.88472036809781 3.31378625883839 0.0922147967708544 0.994584998015465 1.05116691754062 1.06207388095616 3.1136513431816 0.131510196994563 0.996957004306127 0.0058080499507241 3.39120032481891 0.55933713554626 0.143182092245599 0.622192250278722 3.91989806425701 0.952396714138427 0.720030540064112 0.906289659106254 1.22532774143097 0.0975655680552924 4.15338886410478 0.314686287476566 0.672405879512082 1.51994583764728 1.9930977134749 2.29811544291849 0.630681812525253 0 0 0 0 0 0 0 0 0 0 0 0 0 0 0 0 0 0 0 0 0
5.02104211749211 0.419539574617405 1.28789221975494 1.98096113025749 2.09282975557901 3.74610986080013 1.13520008941175 1.82876661215135 8.00036731975884 2.33576036143788 0.191319839967724 0.0852163855055265 0.0277970766918389 1.00808342697995 0.626040571733091 2.32075174550121 2.39702976246894 0.688113901305963 2.85623724049766 1.35898984273664 2.03261010395533 1.68643232344405 3.91181414544123 1.65173920570474 8.02876427737375 0.358999197305979 0 0 0 0 0 0 0 0 0 0 0 0 0 0 0 0 0 0 0 0 0 0 0
0.414068986038385 7.61432612273415 1.80407892194472 0.800520111949576 2.22779370151287 7.93692052030652 3.89214455923776 0.276113181851663 1.58560420313359 0.0648600036291382 0.926902068056882 1.57094516331385 4.55776354201419 4.80313318660159 1.97826286610731 0.943436149161624 1.6781305658032 7.14429914598461 2.54046977360943 0.317706199895288 5.13656693106667 2.55382424988164 0.837374261674185 2.54974392635106 0 0 0 0 0 0 0 0 0 0 0 0 0 0 0 0 0 0 0 0 0 0 0 0 0
0.770683817638696 11.6775185932326 0.437020860174554 3.14611793174902 2.31618919650747 1.11321603295595 0.732006205864593 3.19581730737095 0.852769738260759 6.39211389258733 0.505782475623184 9.26691111482301 1.87272211503746 6.82017699476535 0.972351519595888 4.10602601497647 0.81253752505926 1.96039161025669 0.231093927628555 10.8466577544107 0.387786172562537 1.86369373381679 0 0 0 0 0 0 0 0 0 0 0 0 0 0 0 0 0 0 0 0 0 0 0 0 0 0 0
6.04486674751212 4.38975081161294 1.9032711701332 9.47838685175566 0.0236531092975875 2.46816600137478 2.23213163502703 2.39786941155943 0.377079522069167 0.357463735897711 0.532089451391607 5.15051955538224 1.48976237833593 0.699161600165275 1.31032057625813 0.106825438820771 1.13948390606198 3.18368258448044 2.25917907120731 0.00465548238504866 0 0 0 0 0 0 0 0 0 0 0 0 0 0 0 0 0 0 0 0 0 0 0 0 0 0 0 0 0
3.43908884970176 3.04351423818712 3.74749466495522 1.5697761292313 3.6781597141876 3.8160030127457 4.78851630311176 11.2685943656073 0.833052793478181 0.489223505404828 0.93799677702544 0.0919930066058898 3.25131584206314 0.761276901791826 0.911076517721435 4.10922265663695 10.8015482236509 1.6185214182499 0 0 0 0 0 0 0 0 0 0 0 0 0 0 0 0 0 0 0 0 0 0 0 0 0 0 0 0 0 0 0
5.40649692732231 5.62064471109246 0.825205033455883 6.4508077831591 1.21057276865337 2.53429381703775 0.594756309056191 0.533366051460478 0.0146769457520698 2.6093409527306 0.172778215686782 2.57452801566644 1.47726973931042 1.14467845156904 0.941005809361782 0.0641639429607394 0 0 0 0 0 0 0 0 0 0 0 0 0 0 0 0 0 0 0 0 0 0 0 0 0 0 0 0 0 0 0 0 0
5.36891932811427 1.0673001826078 5.13273461655203 0.316700113242744 4.30072061494943 2.77469892872369 0.0849473545014574 4.97545849197693 0.547564727445308 3.50891507158878 6.89226126193264 0.201536412335977 3.70896311748559 2.34559146209913 0 0 0 0 0 0 0 0 0 0 0 0 0 0 0 0 0 0 0 0 0 0 0 0 0 0 0 0 0 0 0 0 0 0 0
0.148772785011087 1.08670226199694 1.48129621752325 2.3187577982509 0.623020283555295 0.0500624693076676 5.84265058930053 1.47292468389859 6.4700934120289 5.24226083186955 1.07569783846839 9.28240447228141 0 0 0 0 0 0 0 0 0 0 0 0 0 0 0 0 0 0 0 0 0 0 0 0 0 0 0 0 0 0 0 0 0 0 0 0 0
5.32948439583162 1.70183550955547 1.08045570144358 1.64471510901181 2.84706250145926 6.71827907041693 1.63359545330848 1.76444963447605 0.995461475917478 1.06662791908972 0 0 0 0 0 0 0 0 0 0 0 0 0 0 0 0 0 0 0 0 0 0 0 0 0 0 0 0 0 0 0 0 0 0 0 0 0 0 0
1.35556819494941 0.509507768349095 2.88070530503999 0.562779685765772 7.84396126404403 1.53922378727081 0.123498986344371 1.05624420233012 0 0 0 0 0 0 0 0 0 0 0 0 0 0 0 0 0 0 0 0 0 0 0 0 0 0 0 0 0 0 0 0 0 0 0 0 0 0 0 0 0
1.42201042816445 2.10876852121732 0.014593864362551 3.66414117801089 8.37943013080709 0.0458765134753121 0 0 0 0 0 0 0 0 0 0 0 0 0 0 0 0 0 0 0 0 0 0 0 0 0 0 0 0 0 0 0 0 0 0 0 0 0 0 0 0 0 0 0
0.96468204662184 0.928944984315817 4.14495702584717 0.0910013489780302 0 0 0 0 0 0 0 0 0 0 0 0 0 0 0 0 0 0 0 0 0 0 0 0 0 0 0 0 0 0 0 0 0 0 0 0 0 0 0 0 0 0 0 0 0
1.2471859131799 0.0756371710492407 0 0 0 0 0 0 0 0 0 0 0 0 0 0 0 0 0 0 0 0 0 0 0 0 0 0 0 0 0 0 0 0 0 0 0 0 0 0 0 0 0 0 0 0 0 0 0
