0.723495226046051 0 0 0 0 0 0 0 0 0 0 0 0 0 0 0 0 0 0 0 0 0 0 0 0 0 0 0 0 0 0 0 0 0 0 0 0 0 0 0 0 0 0 0 0 0 0 0 0
1.34296809570288 0.912611404139257 0 0 0 0 0 0 0 0 0 0 0 0 0 0 0 0 0 0 0 0 0 0 0 0 0 0 0 0 0 0 0 0 0 0 0 0 0 0 0 0 0 0 0 0 0 0 0
1.48907586690555 9.82698480578494 0.0184496933777096 0 0 0 0 0 0 0 0 0 0 0 0 0 0 0 0 0 0 0 0 0 0 0 0 0 0 0 0 0 0 0 0 0 0 0 0 0 0 0 0 0 0 0 0 0 0
0.465057331398754 0.405667106373026 8.06935429336546 4.70048785335132 0 0 0 0 0 0 0 0 0 0 0 0 0 0 0 0 0 0 0 0 0 0 0 0 0 0 0 0 0 0 0 0 0 0 0 0 0 0 0 0 0 0 0 0 0
1.6925477694946 3.49199465667098 2.19396784687544 3.20518314776904 2.54951158303456 0 0 0 0 0 0 0 0 0 0 0 0 0 0 0 0 0 0 0 0 0 0 0 0 0 0 0 0 0 0 0 0 0 0 0 0 0 0 0 0 0 0 0 0
1.91859448887436 7.12910522253777 4.2334271196914 4.35925820318976 2.53556704657783 4.59308442078718 0 0 0 0 0 0 0 0 0 0 0 0 0 0 0 0 0 0 0 0 0 0 0 0 0 0 0 0 0 0 0 0 0 0 0 0 0 0 0 0 0 0 0
0.447187935353256 0.337301319361454 0.647478865097645 2.07883649546827 1.96076345023035 3.47947042011853 0.455994908235168 0 0 0 0 0 0 0 0 0 0 0 0 0 0 0 0 0 0 0 0 0 0 0 0 0 0 0 0 0 0 0 0 0 0 0 0 0 0 0 0 0 0
1.58888129896458 2.32645486918117 5.37007845136487 4.27123934177016 7.88243744027173 0.588322682404652 0.091924219766784 4.01266442961107 0 0 0 0 0 0 0 0 0 0 0 0 0 0 0 0 0 0 0 0 0 0 0 0 0 0 0 0 0 0 0 0 0 0 0 0 0 0 0 0 0
0.851748897655143 1.26391739116336 4.16121158882451 9.97276661659861 0.443242654493607 2.25649242835771 2.01766305194406 3.36717880713154 2.14562784956018 0 0 0 0 0 0 0 0 0 0 0 0 0 0 0 0 0 0 0 0 0 0 0 0 0 0 0 0 0 0 0 0 0 0 0 0 0 0 0 0
0.701399339424419 0.593932939047708 7.31613104311593 2.17486209208065 1.94958754635458 7.52516832507718 2.43383952261432 3.88887990789918 2.25358934453877 0.902896255940589 0 0 0 0 0 0 0 0 0 0 0 0 0 0 0 0 0 0 0 0 0 0 0 0 0 0 0 0 0 0 0 0 0 0 0 0 0 0 0
2.17807203629805 0.71626919994079 2.11865343691805 0.990521852169197 3.26442700790949 0.637110661197862 0.690764008384483 1.89145019907445 0.287275885141471 6.232672294179 2.78563845371918 0 0 0 0 0 0 0 0 0 0 0 0 0 0 0 0 0 0 0 0 0 0 0 0 0 0 0 0 0 0 0 0 0 0 0 0 0 0
3.73317548223742 0.79785173832682 0.264614210154248 4.71778562455974 2.21274442559434 2.70938434771057 5.92388002453719 0.263924294118565 3.05084699550643 1.74164848281642 2.84377194958769 0.62975518261432 0 0 0 0 0 0 0 0 0 0 0 0 0 0 0 0 0 0 0 0 0 0 0 0 0 0 0 0 0 0 0 0 0 0 0 0 0
0.19873877821018 1.67545571877903 7.26792579284469 6.12928235287495 0.764951514636447 0.608578170334215 4.3744716678836 4.45136664431818 2.90945106126215 0.543588101471917 0.646827028806374 0.894674222673705 3.11869562515427 0 0 0 0 0 0 0 0 0 0 0 0 0 0 0 0 0 0 0 0 0 0 0 0 0 0 0 0 0 0 0 0 0 0 0 0
3.87735220207549 2.53421959489981 4.99890902542283 1.72778129217984 11.7935300003567 5.05464626209704 2.7168235397625 0.966036056653966 0.924676320822158 1.23990059307492 2.38327813215947 0.917239392324629 4.46317471233704 3.80458455752255 0 0 0 0 0 0 0 0 0 0 0 0 0 0 0 0 0 0 0 0 0 0 0 0 0 0 0 0 0 0 0 0 0 0 0
6.03945437850834 11.7473333442684 0.874391344796042 6.11010542434394 0.955193523396021 0.286710040699119 2.84111354898683 3.04721662406784 2.06452213113594 2.5969159934679 0.696081636940953 4.98426619690418 1.30763761688301 0.931862722516982 3.3014440227919 0 0 0 0 0 0 0 0 0 0 0 0 0 0 0 0 0 0 0 0 0 0 0 0 0 0 0 0 0 0 0 0 0 0
1.15191118637045 4.67740739770573 6.00227844458678 0.719039888577064 5.72031133720912 0.854226851118357 0.447808793533026 2.28043648211421 0.745713199063892 0.281237114147513 1.16182174966701 3.19291482965969 0.366136356147921 7.63761323649112 0.626796280199727 0.34489230608094 0 0 0 0 0 0 0 0 0 0 0 0 0 0 0 0 0 0 0 0 0 0 0 0 0 0 0 0 0 0 0 0 0
0.159143159142334 3.36023600709125 1.98009826713244 4.39371669624138 3.1925554082778 3.17213237452045 5.75350463275459 11.6968101287194 1.19632850573253 2.69317371204076 0.774649592370426 5.24154802939185 3.24974801190438 1.16220185568713 9.89328707093137 5.76575825418637 6.85275022103839 0 0 0 0 0 0 0 0 0 0 0 0 0 0 0 0 0 0 0 0 0 0 0 0 0 0 0 0 0 0 0 0
0.246083560084719 2.2965371710433 2.67122533783859 0.990497935988039 2.04658502945248 2.54328708804401 3.64764350064618 1.75450395368091 1.37497745068946 1.99707837902611 1.30571735207328 6.49132934151265 0.841459116829981 2.03719772935387 2.26817393372313 1.73670864751335 4.92421700582506 2.99072241191082 0 0 0 0 0 0 0 0 0 0 0 0 0 0 0 0 0 0 0 0 0 0 0 0 0 0 0 0 0 0 0
0.394533179517151 2.18351939863027 4.05857809786522 2.46725930849591 2.51802754675493 7.75283548953616 2.67777497861185 1.30626730688591 0.202672077140522 5.44230179266264 3.29672843403275 0.165305480710864 2.25693606933225 0.486177591852686 0.879894866346252 0.935270527925985 0.127901984903666 1.75119404441892 1.1964509501074 0 0 0 0 0 0 0 0 0 0 0 0 0 0 0 0 0 0 0 0 0 0 0 0 0 0 0 0 0 0
3.61937115863614 1.60215682694346 4.07765402595498 1.09154719391889 9.8537285184657 0.271722181985659 4.65577608555643 1.31617240868316 5.53228926553834 1.58026136529949 0.162956666306467 0.669880943018125 8.5188092864808 0.43693020876385 6.47694068652198 4.35395773456119 5.94449395394946 0.0721950623165026 3.43336306515666 0.27214412794251 0 0 0 0 0 0 0 0 0 0 0 0 0 0 0 0 0 0 0 0 0 0 0 0 0 0 0 0 0
4.80549441075798 4.12138568838085 3.82546139386424 1.6125293760406 2.64055150842561 0.641232990674866 0.88466743810203 3.10667361124078 7.34816344858423 0.913726901678642 4.01941867669539 8.8797113135557 1.77996076224057 0.107387614703385 0.90081366610368 1.43396252206576 2.40358504625818 1.96727751562597 8.61973997771232 1.66954245737835 0.384365914460508 0 0 0 0 0 0 0 0 0 0 0 0 0 0 0 0 0 0 0 0 0 0 0 0 0 0 0 0
0.141160774111261 2.90009439784345 6.29680394925903 1.9259548625141 2.2588489302567 2.20561469914526 2.24432315929124 4.91626457550099 4.70420930872467 3.46930525911395 5.44956082903817 0.995541786401142 3.81760642558139 0.138263981557483 0.579390306189792 2.10294266896516 1.41513077434673 2.78841563484462 0.663737441058449 1.40043317154756 1.38709132613606 2.05701402588106 0 0 0 0 0 0 0 0 0 0 0 0 0 0 0 0 0 0 0 0 0 0 0 0 0 0 0
2.02245761082064 12.2697726290854 0.562872384489626 1.38768858542316 2.88205989307152 4.02646606732137 2.21901116385324 1.19180301310273 2.34241951177004 0.491490780620637 0.708644151310363 1.85127676380305 1.53268040399168 4.30607045914753 2.84301901159451 0.733724062233774 9.94283608816642 6.23360166622111 3.65459255291608 1.9157261506274 2.00298318608995 0.0160887383351758 1.92299892388912 0 0 0 0 0 0 0 0 0 0 0 0 0 0 0 0 0 0 0 0 0 0 0 0 0 0
2.24197843664819 0.107938640482814 5.73158376180818 1.57330822648997 1.31111686304929 2.35574457483392 0.445509262668995 5.50215088029235 13.1206473838531 2.99221559114501 2.86801956651451 1.03580261674233 0.54065048783682 1.3627378265937 1.27841737197597 4.33811567297174 1.13379851848087 0.767686146757265 2.08015376149361 2.6653013016855 0.288323800010256 2.07162937680424 4.27631788912752 1.77444030432062 0 0 0 0 0 0 0 0 0 0 0 0 0 0 0 0 0 0 0 0 0 0 0 0 0
3.89119012598448 0.194151620549472 4.63922759716397 5.3173374562455 3.24787718222436 2.39137465453904 4.53663064955975 5.42030703359335 0.263752528104713 2.83545700827688 0.691535122216031 5.20214416795717 7.7390639247712 3.24259179727602 1.69132213197886 1.12280949160803 3.83934246926195 2.70008163359315 2.29335924131799 9.17994749026206 3.38731445786271 0.269269916684711 4.19639720717282 0.643863890473631 10.3044537397969 0 0 0 0 0 0 0 0 0 0 0 0 0 0 0 0 0 0 0 0 0 0 0 0
3.13989400975277 0.0949578164858882 2.81724744543393 6.65451922911891 0.961574023167365 0.348189652912314 3.59650603668528 1.37133689501603 4.04561300346027 3.4866085367545 0.673945368639401 5.81821997676836 1.42820758139863 1.16707692763872 1.0533091455694 1.67874173853679 1.73321738494615 0.264011552835784 0.628845344342227 0.577447723006908 1.02844823587647 3.32839199749504 1.44387506027508 0.356890563328262 0.772334271799422 3.59106146369772 0 0 0 0 0 0 0 0 0 0 0 0 0 0 0 0 0 0 0 0 0 0 0
1.24293129039766 5.12137678958567 2.32492168765123 6.2308280472625 1.95893312724867 0.908370311180621 0.50900008072428 1.82183015856487 5.23925598429322 1.28646432761117 0.107060457976077 0.24002440294882 4.22476588499721 0.870138803639262 7.88280618880011 2.31753702233748 7.10547213534269 0.930585145389312 2.17596892213144 4.92210920589143 0.140765279843303 4.94087289758783 0.505281587516379 2.30709729094347 6.57075997989488 0.731531270536232 1.34179504180983 0 0 0 0 0 0 0 0 0 0 0 0 0 0 0 0 0 0 0 0 0 0
2.01515656303817 4.02713748477233 0.736354029596439 3.45181856089204 0.187071740107841 1.18844941672788 5.72748916612129 0.741306291289887 1.84576580805743 0.0616699804746249 0.881701822773397 3.06368065318322 0.935375501514147 3.35819929031334 1.09799502534845 1.17267382065448 2.48786735355888 2.11424923150858 3.76303604279669 0.966456297131271 0.738349279762205 2.72356733848104 0.335903098218467 1.59357869937397 4.50706895972911 0.891488506797415 1.41714522571472 1.63401490605557 0 0 0 0 0 0 0 0 0 0 0 0 0 0 0 0 0 0 0 0 0
3.49117558273735 0.149792358517683 9.30783653362357 6.1485067957422 0.138158767023123 0.260139733090561 3.58341656006653 2.08859107868872 2.54813640762938 2.06055242733689 0.760285372125516 1.45939940303119 6.31265730378999 5.13854475248961 12.8839191589083 2.20677970887257 0.318255706945814 0.0914487832290168 5.53480170462624 0.142721714419128 0.974084434698659 0.409744533271302 0.95126693890805 1.76470789368968 0.655656598372941 1.87886856806892 4.07280764467682 0.37307482196582 2.19650321860173 0 0 0 0 0 0 0 0 0 0 0 0 0 0 0 0 0 0 0 0
1.50072871062007 2.2517633098468 2.29490410984405 2.99278268612092 1.86907802310545 1.13971520503662 1.33087990062259 3.962602138601 2.25540995132477 3.77508227126809 0.213281800666475 3.69419096099004 4.81535144575016 2.64687545795536 3.40639407409946 2.43745202261348 1.75294699834118 4.38154244663198 0.941101562989621 4.24204610808408 0.898702735277132 3.74348706119377 2.33905832725555 0.775806637445936 7.46816873296578 3.39260564707495 3.73615118791151 7.08652926044781 2.5071833173516 1.97077658101977 0 0 0 0 0 0 0 0 0 0 0 0 0 0 0 0 0 0 0
3.01547870584778 0.955913424347899 1.56319682487889 6.96283516604912 1.49431109119083 1.40410902385023 2.44658075683366 1.17226377777889 1.73538644754542 8.71878504022349 0.639479158984737 0.998185026229425 5.06535423896746 4.26241448355376 0.743509601424448 4.52878954851045 1.75757534865921 0.667714540783329 3.2589295216226 1.09626305004493 1.61158867306302 1.35703487212173 1.21067654804716 1.83901233143554 0.916618332303617 0.340966800793845 3.00179665910324 0.830644263498622 5.0676921345946 0.445624081449977 0.191419586794122 0 0 0 0 0 0 0 0 0 0 0 0 0 0 0 0 0 0
3.08202166178988 1.78286680429076 0.53692290598065 4.09242286288742 2.2151150227443 0.855764058705753 3.41502410116014 6.02243501916909 2.34640087599206 2.86645772764648 1.37539322538207 3.72665810626568 0.702406343166222 2.9125001991139 4.80198192977227 3.60538836962169 1.37386416722266 0.146212133229883 2.44065913280307 3.81216791197921 4.35046720228181 2.30830202056566 3.2579970994657 5.00177784669539 4.40831171983644 3.37698647896236 1.58324982318411 5.30064214518421 3.03870519774446 4.44929018863295 4.25218995000262 4.7847161111546 0 0 0 0 0 0 0 0 0 0 0 0 0 0 0 0 0
0.579210102616864 2.0148638537977 2.70089023475056 0.863171320669547 5.03768716275892 0.472733434403575 3.2453989519733 3.98116821989817 5.95559205430125 2.64062177306702 12.4933854562047 0.318238433678746 2.80008592139805 0.0112987774523909 1.42244976162102 1.41424441090361 0.00783118554749477 2.15492039626498 0.376843091817093 0.989690047471261 0.0303856418234971 1.32545545791138 1.18695278102882 0.924548383217677 3.81480753866482 0.290436140742161 7.78246297243035 1.35448160885252 2.64475227587127 1.41160590641723 6.08906911193228 7.73281174415861 1.97909387502324 0 0 0 0 0 0 0 0 0 0 0 0 0 0 0 0
6.33362767291148 0.892630783991368 1.90704414597624 0.641828871718379 0.128483569506429 6.87602281243399 1.32823571244921 7.07202364784197 0.0540227751058844 0.756762743737051 5.61708101092526 1.22437660039622 0.206233462499775 1.00301718488566 0.697661930860012 3.39342436549073 3.80811300957648 2.585817065273 0.0853306959587388 1.23107997733024 0.895859488424656 4.92454647607593 0.467790649869526 3.6650954915421 1.51144582825971 2.09551199138346 0.29699884651904 1.02744145334355 3.86302191584139 2.33043771217448 1.13509898310751 0.651336243196704 0 0 0 0 0 0 0 0 0 0 0 0 0 0 0 0 0
3.53793252092161 1.02150370639991 1.7479122451709 4.06646186042046 0.834206563424453 0.131448875357874 1.57681279948088 0.297931995123962 5.05221972516349 1.64630390862167 2.46046323203625 2.14032902641625 2.58614658382867 2.87182767455971 1.24779303174454 2.31851218561358 0.375554416565983 0.0312197394924501 2.17222611387407 0.621534212449078 0.685980992780143 4.10968176996724 0.639403281507685 6.02032323771339 0.952034360799612 1.1727736285932 2.11349644434714 2.63624115065597 3.26576495939605 6.34484823461532 0 0 0 0 0 0 0 0 0 0 0 0 0 0 0 0 0 0 0
1.7363710596459 3.79882116686076 1.75406778003786 13.1346195757353 0.658615072852321 10.7082143052468 5.57821487279664 5.16546900866383 5.95915384119238 2.46090550485515 4.96214862559272 2.54639674080515 2.88214788475242 0.240435726189784 2.27362170283155 4.71146288057407 0.151569299810879 0.796484948756113 2.30005189629628 1.86780692513014 2.10963542697325 2.12897153535685 1.22897006714662 3.07902204578904 2.58351123250683 4.68719377319857 2.69604587426312 0.0557482439181652 0 0 0 0 0 0 0 0 0 0 0 0 0 0 0 0 0 0 0 0 0
2.7197523159805 1.07573649498737 1.29915787376433 1.28039908006947 17.6394414827709 4.47172717677003 2.17850206319532 4.05274383545061 0.0854692743601824 1.01913787341921 2.79559893698957 3.03639718350104 4.94094529576288 6.46027030965319 8.58324597466633 3.2309232734751 1.71197218743514 0.551703435841845 3.66700716659906 12.6688512613996 3.42790573846287 0.687864211931671 6.57501590806245 0.976211798568922 4.7727597151134 0.584402656440481 0 0 0 0 0 0 0 0 0 0 0 0 0 0 0 0 0 0 0 0 0 0 0
1.74211841079218 2.85070617329813 0.48938585707281 5.48464256277773 1.78254802562146 0.257066163895458 3.63425426554236 1.05822747341068 2.7571156937503 4.40652218446174 0.768057634790922 1.44584087093272 1.04118898209894 3.50513120177505 4.88301728026471 1.52601644965902 1.48701398191285 2.74661313116652 2.1987565891555 2.02371844148878 1.29564775787523 1.55883759840105 0.624126812402393 3.53967078281745 0 0 0 0 0 0 0 0 0 0 0 0 0 0 0 0 0 0 0 0 0 0 0 0 0
0.501039481018045 5.0965910407398 5.2903473640585 3.84666256811617 7.22778941234776 10.4587541722835 3.32400027050503 10.2193405883577 2.16008757778806 1.20488839010698 4.19042119910295 1.82033104017497 2.29901564736639 3.40553100308028 6.22781926195489 2.14803791459704 7.02153819358758 2.292917777482 5.96207948077589 1.23535128477728 4.63019640154153 0.467772293891653 0 0 0 0 0 0 0 0 0 0 0 0 0 0 0 0 0 0 0 0 0 0 0 0 0 0 0
0.338260721473289 1.32264485249407 1.05272778333221 5.80964841347252 1.51301042385438 1.4033641097369 0.483501673194562 1.77533567854754 1.4754375630727 1.64038705204117 0.719011605999062 3.21779068352497 1.13723864504673 1.3236117293415 0.830760691554654 0.558694438983444 1.27250136813965 3.74547636908096 2.36966039715886 1.94021669955307 0 0 0 0 0 0 0 0 0 0 0 0 0 0 0 0 0 0 0 0 0 0 0 0 0 0 0 0 0
1.70392896067543 2.04300699242197 10.7327242425729 6.74918383428412 1.77226269824228 8.78033496233972 4.48449062366188 7.64593846168914 2.68936443130636 10.2051604780345 2.05769067779846 0.805812346490107 0.881674876128181 3.01383050029117 2.41657290757088 3.39765763433967 0.375764767945074 0.0141699520992734 0 0 0 0 0 0 0 0 0 0 0 0 0 0 0 0 0 0 0 0 0 0 0 0 0 0 0 0 0 0 0
2.77704328742448 4.01624238906789 4.69968112694558 7.11700413879402 10.2190506431399 8.39168848231872 7.02305591917456 8.75602412988541 1.42850077012502 5.32416882402761 2.73061530198018 9.31012023731797 5.40615813625141 6.73553284550646 3.1678897004726 3.83585850012922 0 0 0 0 0 0 0 0 0 0 0 0 0 0 0 0 0 0 0 0 0 0 0 0 0 0 0 0 0 0 0 0 0
0.26893016360838 6.04648282290954 3.79463651909635 0.899492932182958 4.28843125064114 3.55902100525955 1.45100038829392 4.7831864492164 2.28591300114687 1.23228632179939 0.618007487657919 0.153352698583867 4.12614013021019 0.392015750837708 0 0 0 0 0 0 0 0 0 0 0 0 0 0 0 0 0 0 0 0 0 0 0 0 0 0 0 0 0 0 0 0 0 0 0
1.94189784764461 5.44695047517142 3.34115003159366 7.35200806615034 1.10861514014162 1.63831203009828 4.23922723260042 3.75019571819114 3.8713035930856 3.45267586386366 0.131076852629521 4.40357016854438 0 0 0 0 0 0 0 0 0 0 0 0 0 0 0 0 0 0 0 0 0 0 0 0 0 0 0 0 0 0 0 0 0 0 0 0 0
3.78457246689964 3.32775748647971 6.06555694412074 4.79364605235386 13.4876858113169 10.9190313591918 3.18472993455394 13.4824923002143 0.855700532139167 3.00379449876588 0 0 0 0 0 0 0 0 0 0 0 0 0 0 0 0 0 0 0 0 0 0 0 0 0 0 0 0 0 0 0 0 0 0 0 0 0 0 0
4.04529315460486 3.33862499819655 3.73914890144223 5.70313406413642 6.38421183212861 9.39153180076368 2.05964428541643 0.66673671716921 0 0 0 0 0 0 0 0 0 0 0 0 0 0 0 0 0 0 0 0 0 0 0 0 0 0 0 0 0 0 0 0 0 0 0 0 0 0 0 0 0
1.14755628300481 4.06150128974381 5.1650141112351 7.55190471971191 1.70420907881702 0.577157208903613 0 0 0 0 0 0 0 0 0 0 0 0 0 0 0 0 0 0 0 0 0 0 0 0 0 0 0 0 0 0 0 0 0 0 0 0 0 0 0 0 0 0 0
0.152556260593758 2.52959056696376 2.27110170095697 1.80364194707091 0 0 0 0 0 0 0 0 0 0 0 0 0 0 0 0 0 0 0 0 0 0 0 0 0 0 0 0 0 0 0 0 0 0 0 0 0 0 0 0 0 0 0 0 0
7.28400231319155 0.449303085688237 0 0 0 0 0 0 0 0 0 0 0 0 0 0 0 0 0 0 0 0 0 0 0 0 0 0 0 0 0 0 0 0 0 0 0 0 0 0 0 0 0 0 0 0 0 0 0
