2.40030463365511 0 0 0 0 0 0 0 0 0 0 0 0 0 0 0 0 0 0 0 0 0 0 0 0 0 0 0 0 0 0 0 0 0 0 0 0 0 0 0 0 0 0 0 0 0 0 0 0
2.97065331207899 1.67221096589058 0 0 0 0 0 0 0 0 0 0 0 0 0 0 0 0 0 0 0 0 0 0 0 0 0 0 0 0 0 0 0 0 0 0 0 0 0 0 0 0 0 0 0 0 0 0 0
6.92643385657082 4.20980567682777 9.17481503665932 0 0 0 0 0 0 0 0 0 0 0 0 0 0 0 0 0 0 0 0 0 0 0 0 0 0 0 0 0 0 0 0 0 0 0 0 0 0 0 0 0 0 0 0 0 0
6.94714076404083 2.26091404544335 4.34179148355779 3.61851936025957 0 0 0 0 0 0 0 0 0 0 0 0 0 0 0 0 0 0 0 0 0 0 0 0 0 0 0 0 0 0 0 0 0 0 0 0 0 0 0 0 0 0 0 0 0
8.52978589214137 4.01925695814161 6.2331554654533 5.90611436123853 7.20515602675607 0 0 0 0 0 0 0 0 0 0 0 0 0 0 0 0 0 0 0 0 0 0 0 0 0 0 0 0 0 0 0 0 0 0 0 0 0 0 0 0 0 0 0 0
1.04954971268331 2.54590137971231 8.17804349337805 6.20922276873433 4.41172601811876 2.00964261846842 0 0 0 0 0 0 0 0 0 0 0 0 0 0 0 0 0 0 0 0 0 0 0 0 0 0 0 0 0 0 0 0 0 0 0 0 0 0 0 0 0 0 0
1.35321698261057 1.15837315018431 2.12658778673336 2.95449062741206 2.1087499068523 2.68424721466439 8.78938370825794 0 0 0 0 0 0 0 0 0 0 0 0 0 0 0 0 0 0 0 0 0 0 0 0 0 0 0 0 0 0 0 0 0 0 0 0 0 0 0 0 0 0
2.48575066996655 1.81675856900138 7.7612436035125 0.322641142138231 12.1887150801902 4.04129738237463 5.24733986191458 6.72119307367316 0 0 0 0 0 0 0 0 0 0 0 0 0 0 0 0 0 0 0 0 0 0 0 0 0 0 0 0 0 0 0 0 0 0 0 0 0 0 0 0 0
4.36868215573535 0.583596850327116 1.71274411665628 2.62301037487798 2.58296838755509 0.636595846873361 0.261141325483654 2.50767044595869 0.451685383545693 0 0 0 0 0 0 0 0 0 0 0 0 0 0 0 0 0 0 0 0 0 0 0 0 0 0 0 0 0 0 0 0 0 0 0 0 0 0 0 0
1.79456400947486 0.0578902835399365 6.00496728109914 6.00065865959455 4.06273740367871 6.58311477957546 6.43082132464651 2.82412720796277 0.959719738083063 0.957812574850713 0 0 0 0 0 0 0 0 0 0 0 0 0 0 0 0 0 0 0 0 0 0 0 0 0 0 0 0 0 0 0 0 0 0 0 0 0 0 0
0.883081725145411 1.88427041835142 0.533224881565143 1.6810318440658 1.56973911271983 4.71063902339225 0.762794165545224 0.209892330188649 0.345642761224007 3.17934449372793 0.904461559324499 0 0 0 0 0 0 0 0 0 0 0 0 0 0 0 0 0 0 0 0 0 0 0 0 0 0 0 0 0 0 0 0 0 0 0 0 0 0
0.336107383249608 6.30997941324988 0.891178860911171 0.561308003914946 4.47291250672706 1.12074417909758 2.12547925910495 0.514938552665242 3.58937463760124 3.25439835307534 0.43173383634043 4.49417170390343 0 0 0 0 0 0 0 0 0 0 0 0 0 0 0 0 0 0 0 0 0 0 0 0 0 0 0 0 0 0 0 0 0 0 0 0 0
1.1233106811221 0.277925846578368 0.0705707228536913 1.85661053719339 0.655850539763697 3.69889506875093 6.10161692313465 0.241347069335986 4.16437406888608 0.35144444300458 7.18575147765304 0.0368963523979512 6.31540034197563 0 0 0 0 0 0 0 0 0 0 0 0 0 0 0 0 0 0 0 0 0 0 0 0 0 0 0 0 0 0 0 0 0 0 0 0
3.90469633841288 0.314766180577509 2.14715676655057 1.65453117256493 1.71045703417849 0.265037867907755 0.679988903828319 0.168981311568993 0.619933588419606 2.05874765575153 1.04131735947075 2.57449648838353 3.08519418242581 7.71251734411423 0 0 0 0 0 0 0 0 0 0 0 0 0 0 0 0 0 0 0 0 0 0 0 0 0 0 0 0 0 0 0 0 0 0 0
2.63154636376532 2.06836907709242 5.76792089256258 3.30076338744514 1.703674500041 1.36343829742847 1.3725961491962 3.5187705833615 1.76744917274424 2.34902483969964 4.07914064605507 1.28502316890193 0.643590167333406 1.29698499998623 0.724531379530926 0 0 0 0 0 0 0 0 0 0 0 0 0 0 0 0 0 0 0 0 0 0 0 0 0 0 0 0 0 0 0 0 0 0
3.15965131855228 1.50498413341104 1.02129321313888 3.53373507468709 2.79743265439209 4.89681475120104 0.92136989789736 3.76842654165148 5.14043035044793 6.45594747748847 3.59048005556238 1.67627630364179 2.13656036672543 2.63544195387085 1.19652775313959 1.11742976504066 0 0 0 0 0 0 0 0 0 0 0 0 0 0 0 0 0 0 0 0 0 0 0 0 0 0 0 0 0 0 0 0 0
3.49327347086394 0.499615418664135 4.81065497307381 1.71593069743849 3.35136405823611 0.0312066346856331 2.38762908316539 0.500875530766807 0.0764780562053096 2.18566408152484 0.300884089721351 1.68504061347209 2.28287227148245 0.956204349465499 3.97413782035832 1.2234018035318 1.17588543085243 0 0 0 0 0 0 0 0 0 0 0 0 0 0 0 0 0 0 0 0 0 0 0 0 0 0 0 0 0 0 0 0
0.105335399120574 2.32310353768075 4.5092982388641 1.23450631722604 0.0257893264403739 3.60363507181213 0.293757188515539 0.283115307090966 2.85599070108308 1.64835664664744 3.16465132225073 4.5504443004462 0.644494610274722 2.18312144442788 1.10892256159514 3.07348889343706 1.1617667573702 0.337370746289421 0 0 0 0 0 0 0 0 0 0 0 0 0 0 0 0 0 0 0 0 0 0 0 0 0 0 0 0 0 0 0
0.232360911477793 0.447783932504269 1.56535982583302 1.54110280634588 1.3274629768889 1.75319460073738 0.193735313525238 2.30304125550207 0.805961026037774 1.1048657650272 13.747684004481 3.32005121161814 12.1605047460439 0.12955319216754 0.625361789794583 1.3308453906917 1.56213581107357 0.21781730311893 4.43962323279118 0 0 0 0 0 0 0 0 0 0 0 0 0 0 0 0 0 0 0 0 0 0 0 0 0 0 0 0 0 0
0.538511890674247 2.49009307506871 2.02973109330994 0.861804368701101 1.20764761070296 1.53148336999558 3.62508245761148 5.07677080925044 0.982887681165418 0.09031735738097 1.57175135934063 3.20476994620608 1.14764910968472 0.0136341804667635 10.9264298325833 5.1783486078124 7.59729526801277 3.03439170315 0.255918717010018 2.67148124435887 0 0 0 0 0 0 0 0 0 0 0 0 0 0 0 0 0 0 0 0 0 0 0 0 0 0 0 0 0
1.123660391531 0.00759191122119377 2.4738124147145 2.05880856866733 1.44981824331597 0.36299712766964 1.27589417089988 4.48154062429187 3.09091833132516 11.6932907131997 1.91507678685247 0.288921043695477 0.137033892958389 0.844265336158358 1.98673054038099 0.357027834321191 2.13422692961536 0.858533370312603 0.298385374236525 0.883561510238067 4.3044982949686 0 0 0 0 0 0 0 0 0 0 0 0 0 0 0 0 0 0 0 0 0 0 0 0 0 0 0 0
1.43460170567559 0.357261290845043 7.62595722847694 1.35991482420289 1.06128482304618 4.36168917114705 0.32288339619292 1.24364009096547 0.167437541683232 0.0559634804555983 0.215007509223181 16.9447672522982 2.8991594162532 0.463128031654164 0.212919818260312 2.45431024535616 0.970910020547448 0.704228833786805 0.573256229674134 3.58230849887706 0.819260179821173 2.32840490981133 0 0 0 0 0 0 0 0 0 0 0 0 0 0 0 0 0 0 0 0 0 0 0 0 0 0 0
0.774371055648793 0.284573180662269 1.49107238926712 0.0752688975284402 9.1874184655368 1.58011896424871 0.499786318915926 5.97341060980962 0.42917868551172 1.00139490584618 0.456273756152051 6.8726962460829 5.00487233231979 1.56654171064584 1.55742440917675 0.792611418593185 6.76422618968588 0.154248933997512 0.788003270563461 1.58519108718189 8.22036028973857 0.351559599971349 2.43246070409092 0 0 0 0 0 0 0 0 0 0 0 0 0 0 0 0 0 0 0 0 0 0 0 0 0 0
1.01277570075072 2.06647219267438 0.107587272096797 2.73349366911715 1.56988349634367 13.4059219926905 6.70511453846736 2.28509321933841 1.23181913611991 6.81978326342985 1.64043672014934 2.72872678267942 0.376474277176658 0.391115970358061 2.53399670996788 1.66858948419496 0.427372637232619 1.76815432941052 7.52118073064789 2.19844167220282 4.16413851213478 4.34578351359391 1.9476062600305 1.99425291835825 0 0 0 0 0 0 0 0 0 0 0 0 0 0 0 0 0 0 0 0 0 0 0 0 0
0.256131751709345 4.22644609622497 3.41647058086124 0.191256825581392 0.394805530154025 0.465715388072625 1.16087069645597 0.0644050571255866 0.726847842502435 6.27309473072791 7.43137856602808 0.284804710392114 0.17771644731918 1.00722040634888 2.38546274031511 0.599687237293427 4.80419650945039 0.070920657741539 0.0744890297899268 2.33305713939592 0.213802113077962 1.20522103891319 2.97313254051511 2.72727839456556 1.09199439850371 0 0 0 0 0 0 0 0 0 0 0 0 0 0 0 0 0 0 0 0 0 0 0 0
1.83031391265669 4.22435274685604 0.00467298248545975 0.136819793951244 0.053568231392536 0.973325169985745 2.20856740956564 1.22277912312073 0.508939704886663 0.314899849311759 0.451793223862582 2.30444412949974 5.07552462840408 1.97130929669911 3.21785589653024 3.26023389933353 0.615562041848611 0.993835375565367 3.11387370028805 1.98448273571581 0.693785324333261 1.22504079906862 5.46618238824358 2.79859270739861 0.569410486073071 3.69589817327507 0 0 0 0 0 0 0 0 0 0 0 0 0 0 0 0 0 0 0 0 0 0 0
0.484916301080208 3.62453195082142 3.27824696875113 5.68681407768595 0.308338010069418 3.1430024609943 0.187556980013101 5.07154444576665 0.446226061889426 0.836732182050102 0.377027819817536 5.93587239650241 0.183060317776542 2.13623710065408 1.55087232307388 6.71207475432803 1.6705937691674 0.819577171359428 0.229154239286346 6.22567406870714 7.02195157059522 0.875258121201233 0.116897318457546 5.81429371632634 1.40658525662155 0.410353471070826 0.914475602644927 0 0 0 0 0 0 0 0 0 0 0 0 0 0 0 0 0 0 0 0 0 0
0.913802945823778 1.67155282874165 0.116264934736177 0.257635790629083 0.244620403226876 0.774029055302157 1.14753165587881 5.62138479523537 1.50362214863158 0.0756885951804066 0.849916567349961 0.287085211694822 0.532205430959117 1.39334931040125 5.39376296098265 1.79412015962189 2.85515990987184 0.981078029208417 3.86244510116165 10.6285234813834 1.97327007190051 2.09808031618378 4.87694318328122 0.492638331430615 0.0982521630940293 2.08614314650955 1.59442035565689 4.52336119463612 0 0 0 0 0 0 0 0 0 0 0 0 0 0 0 0 0 0 0 0 0
0.0532169815336116 2.00220065079984 0.205980016498849 3.10402323300392 2.89680044948789 0.524896810290626 2.54605934224591 0.230384226378166 4.76570773078497 0.727867723192907 2.62632635468963 2.47953255087851 4.57091268828179 0.53844306426682 0.327756855355047 2.7945285807507 1.04949959256012 0.589155738526309 3.39969070505092 1.76139302472748 0.364920032285622 2.30462331861833 4.33039173116175 2.08827051851774 1.95240151652546 2.48308728432852 2.82822400012196 1.68862514561678 3.8239936390894 0 0 0 0 0 0 0 0 0 0 0 0 0 0 0 0 0 0 0 0
0.607281231358296 0.646414283517616 1.30590707942188 6.25514997598824 0.599161039687845 4.20992211095562 1.74451681248213 0.0896024104321149 0.00583371654978835 1.42997181960119 2.50786088288031 5.78417386273003 18.3173858636469 3.10144189682712 0.106849846697825 0.0975578314342846 1.78199332863953 1.57453177063115 10.3214759377621 0.0393300078448091 8.59377836022928 1.93530502679963 0.141854023791204 3.23581122053333 1.31355927559935 4.34774162991841 4.32934907043503 1.92404279829412 3.40071523008761 1.33029273888767 0 0 0 0 0 0 0 0 0 0 0 0 0 0 0 0 0 0 0
2.11062572826529 1.56275228543861 5.21623506471231 1.46274820701588 1.21933341477295 3.56774114088316 1.39987910496492 4.14353319798724 0.78239537965134 3.71633405156845 3.36067085412894 2.78807428320056 0.556277128514107 1.23101167677642 0.606316604217256 2.90004516331668 2.13147311524431 0.250510735698313 3.26512534473986 1.27205555184869 5.98072050968767 3.220307671557 0.159800380693678 2.14302957501516 2.01636845407105 6.12271199216824 2.38171013956597 0.26594748334073 3.99024931330116 6.19755179210295 2.4103753554737 0 0 0 0 0 0 0 0 0 0 0 0 0 0 0 0 0 0
2.31032981007895 2.39033165794062 4.01662858469964 1.17799411715811 0.309078523086971 1.67915492521365 2.44364322736108 2.59377771517568 1.7976646605295 2.16789666856436 3.09437929664199 1.263058380804 0.324156883886441 4.9587249229998 0.525689592418825 0.33648182194345 0.36981360662496 0.0344793194937259 5.18529546591052 1.39828192484679 1.93985668894591 2.77879689895243 0.65971486910525 0.895857301703437 5.34931848902294 4.11809291851139 0.660104154953192 2.755522430388 2.43408959278126 4.45730734128086 2.40423173981589 4.62341760464274 0 0 0 0 0 0 0 0 0 0 0 0 0 0 0 0 0
4.00502122266554 2.75260627103017 6.28627807625556 0.551214555198338 2.34508808803309 5.39737392694584 1.28014630729606 5.85960462484818 2.44684350045881 2.80125876976276 0.75906706559638 0.289910562961013 3.75278866540962 1.40303986153585 1.64506962972493 3.70131757889151 0.122152175252955 0.0862166380710264 0.375225069368796 4.09400132060284 5.21896863752189 1.77996297803202 1.16885741150723 1.90431909599658 2.65377676599255 2.11267783632616 1.14797523897171 0.645693147701325 1.5309790790039 0.433637727396429 1.94866062235754 1.99661159453239 2.70294666241656 0 0 0 0 0 0 0 0 0 0 0 0 0 0 0 0
0.974463074213237 3.97677227938466 1.56508124690215 2.0857136532199 1.68188667742069 0.645166518713804 1.95851516452509 0.177005139962922 2.02605388293701 2.43681694524787 2.10300971460113 2.63093242371401 0.00460727220000428 0.444453029311147 1.19100035561296 1.05343868443141 3.80934350406284 0.0569180288492903 6.3658928214889 7.62257236285603 0.251530587887838 2.65954894321151 0.884178609396839 1.82046637938497 0.447637330066874 4.10822251989323 0.485032880558149 0.973596594906354 0.511615848956956 1.81746678916007 1.56142750421949 0.860909398259088 0 0 0 0 0 0 0 0 0 0 0 0 0 0 0 0 0
4.95103451557951 0.784977385298695 9.21506638760176 3.51257122573179 1.51083864199 1.01633831626513 1.20062935060594 0.041336848857272 1.46864802468561 1.76417213515258 1.17852554440981 2.35733097505495 2.8640029346047 0.905972964049872 0.404062880541336 5.83677334869651 6.78708979480298 1.26463107475424 5.06702921650925 5.55014199448721 0.353262711740087 0.860816108054927 4.75331605763953 5.31245961688082 0.701848652491966 0.304784729797721 0.517838787046738 8.4078176117399 0.942934763842123 1.6614818072984 0 0 0 0 0 0 0 0 0 0 0 0 0 0 0 0 0 0 0
1.23475958069923 0.252784715468724 2.61150598942889 0.0380778354252868 2.19773632635291 0.90964381330963 4.60709143719516 3.76195666617972 2.62830229902277 1.315399064218 2.86338116455327 1.87189037162848 1.66824040692823 0.207734779547512 3.22962404466233 11.157623453302 0.00114638332272259 6.41478813673157 4.84950767720637 4.93920246057818 1.1144307481913 0.660685533257916 3.14890956418903 0.294400388047469 4.63551662999982 5.53154002826795 1.60597698981917 11.7572604890817 0 0 0 0 0 0 0 0 0 0 0 0 0 0 0 0 0 0 0 0 0
2.76034107002836 2.19128446636523 0.518248912620625 5.71336301665093 2.58827515891087 1.42816620398154 2.96386407318949 5.25908159682477 9.66547672254093 5.2455587742809 4.31123135872487 5.86777235289938 1.27354798477416 6.32784463650994 12.2326548873255 0.279459058661251 0.254426205338404 0.586946446904535 0.435946728753554 0.769892054310405 1.23019893836469 10.3168053941297 1.50093010690389 1.0843928020483 0.100681169553098 3.84045729594328 0 0 0 0 0 0 0 0 0 0 0 0 0 0 0 0 0 0 0 0 0 0 0
0.58922954362613 0.263763407357354 0.433688717662741 2.25395939239896 1.51831119835363 1.94080789668026 1.64623369126924 0.0460228406174043 1.11410123894746 0.584097408691947 2.69632125675406 0.273072861499309 8.65521306174258 1.78204792223958 2.19083594712139 0.483674403948735 0.931949866349594 0.484124646138912 5.77100015539051 1.10312787789301 0.207006793320278 1.21856605822116 6.07789033853754 8.12073695148443 0 0 0 0 0 0 0 0 0 0 0 0 0 0 0 0 0 0 0 0 0 0 0 0 0
0.60736111316303 0.479424937009885 2.84768429235078 3.30147117539316 0.0228303179205206 0.270661125241439 1.81938762686319 5.91039941470676 1.65348426615256 10.0269836562757 1.77290630400504 5.85566393763189 2.5392510258551 1.44887580070951 0.775309568923175 2.97387453390501 1.38349793504099 6.64946053577238 5.0408495229149 3.49439117201219 1.49591036705054 0.289236596940928 0 0 0 0 0 0 0 0 0 0 0 0 0 0 0 0 0 0 0 0 0 0 0 0 0 0 0
0.963063012880161 4.10954307712915 0.728884969982701 5.2003588627261 3.74705783477802 0.707445469512077 2.87060717017373 3.67943410587421 0.0604153075843703 2.30724622445134 0.591140665447274 4.44825774074126 0.211957245287892 1.27759027989342 0.442353454690486 4.74584364161187 0.0563910800446049 1.94734031308778 5.92945702908243 1.33890703237243 0 0 0 0 0 0 0 0 0 0 0 0 0 0 0 0 0 0 0 0 0 0 0 0 0 0 0 0 0
0.493437069556276 1.18950972578177 0.955347923430344 1.65248749593566 6.09699742903358 1.86455461256945 3.00549731518303 0.0770141041515601 0.388652867805383 7.34861882447738 0.122678838010826 5.08880788382743 1.87366091412597 2.08569866162207 0.478416718954366 0.197307086952056 0.628381709790587 4.03080715534114 0 0 0 0 0 0 0 0 0 0 0 0 0 0 0 0 0 0 0 0 0 0 0 0 0 0 0 0 0 0 0
1.6451242274953 0.070441006470491 0.315857709396951 0.430551068808924 3.17460181047451 2.00464775310382 2.87586425570378 3.51426691004009 1.55212824995631 2.71470551066397 1.32851591477405 1.21721841009755 0.0331278192145805 0.990786305696513 2.4601863871992 5.29977242345033 0 0 0 0 0 0 0 0 0 0 0 0 0 0 0 0 0 0 0 0 0 0 0 0 0 0 0 0 0 0 0 0 0
0.528961964274583 1.29896666402032 2.2258066046205 4.50257538484927 1.59863810023952 2.72264761965363 3.09536992979855 2.33130136340073 0.0264937641935157 2.87394067918938 0.502760725036548 3.41428448169856 3.76054242129474 6.18279658974621 0 0 0 0 0 0 0 0 0 0 0 0 0 0 0 0 0 0 0 0 0 0 0 0 0 0 0 0 0 0 0 0 0 0 0
1.42203262318785 2.45316650057442 3.61210476812207 3.39747254237678 2.42508257524176 0.222975722326973 1.13584786354398 11.7962683239736 0.883113777122499 3.13579519736783 0.124975539326485 1.38456454049703 0 0 0 0 0 0 0 0 0 0 0 0 0 0 0 0 0 0 0 0 0 0 0 0 0 0 0 0 0 0 0 0 0 0 0 0 0
0.0639205021335135 0.901607273882857 1.92093099707666 2.94955824908113 2.01550734006232 0.85348757865819 3.19461337360667 1.23873847562044 0.982184086490269 0.253189889053388 0 0 0 0 0 0 0 0 0 0 0 0 0 0 0 0 0 0 0 0 0 0 0 0 0 0 0 0 0 0 0 0 0 0 0 0 0 0 0
1.95568224885893 2.43505709464731 2.7679862034687 2.15577506404868 3.61467582264858 2.49813167729857 0.878495230458444 1.61834497259717 0 0 0 0 0 0 0 0 0 0 0 0 0 0 0 0 0 0 0 0 0 0 0 0 0 0 0 0 0 0 0 0 0 0 0 0 0 0 0 0 0
1.12351479634804 1.03665060948879 5.49949952426079 0.841931048149738 6.23185374338652 1.21096686928328 0 0 0 0 0 0 0 0 0 0 0 0 0 0 0 0 0 0 0 0 0 0 0 0 0 0 0 0 0 0 0 0 0 0 0 0 0 0 0 0 0 0 0
2.46177593657568 0.0165757049528607 0.355980389231519 0.468623922770309 0 0 0 0 0 0 0 0 0 0 0 0 0 0 0 0 0 0 0 0 0 0 0 0 0 0 0 0 0 0 0 0 0 0 0 0 0 0 0 0 0 0 0 0 0
1.60010966856735 1.68485398399397 0 0 0 0 0 0 0 0 0 0 0 0 0 0 0 0 0 0 0 0 0 0 0 0 0 0 0 0 0 0 0 0 0 0 0 0 0 0 0 0 0 0 0 0 0 0 0
