2.37523582505073 0 0 0 0 0 0 0 0 0 0 0 0 0 0 0 0 0 0 0 0 0 0 0 0 0 0 0 0 0 0 0 0 0 0 0 0 0 0 0 0 0 0 0 0 0 0 0 0
7.1507992742979 1.98522388629506 0 0 0 0 0 0 0 0 0 0 0 0 0 0 0 0 0 0 0 0 0 0 0 0 0 0 0 0 0 0 0 0 0 0 0 0 0 0 0 0 0 0 0 0 0 0 0
2.35096329277562 1.59806072953341 3.70460517798092 0 0 0 0 0 0 0 0 0 0 0 0 0 0 0 0 0 0 0 0 0 0 0 0 0 0 0 0 0 0 0 0 0 0 0 0 0 0 0 0 0 0 0 0 0 0
4.06878869773391 0.0341569395437047 1.98826218555781 0.689258025713227 0 0 0 0 0 0 0 0 0 0 0 0 0 0 0 0 0 0 0 0 0 0 0 0 0 0 0 0 0 0 0 0 0 0 0 0 0 0 0 0 0 0 0 0 0
2.74395343311908 1.68170576562349 4.31483109983572 0.12847816058317 0.736205258920027 0 0 0 0 0 0 0 0 0 0 0 0 0 0 0 0 0 0 0 0 0 0 0 0 0 0 0 0 0 0 0 0 0 0 0 0 0 0 0 0 0 0 0 0
0.354069534003115 2.03623610018225 0.0880523796348382 4.21328366471026 0.46381207090904 10.0990396338133 0 0 0 0 0 0 0 0 0 0 0 0 0 0 0 0 0 0 0 0 0 0 0 0 0 0 0 0 0 0 0 0 0 0 0 0 0 0 0 0 0 0 0
1.23174203813794 1.35837960236293 4.20880309828567 1.16853532056209 0.768297957993189 1.29994011415156 6.70656786875294 0 0 0 0 0 0 0 0 0 0 0 0 0 0 0 0 0 0 0 0 0 0 0 0 0 0 0 0 0 0 0 0 0 0 0 0 0 0 0 0 0 0
1.19455242585857 1.61956100437897 0.137303600702784 2.17425792875626 1.79706620889871 1.95584724984515 0.622461903487037 2.70335959930258 0 0 0 0 0 0 0 0 0 0 0 0 0 0 0 0 0 0 0 0 0 0 0 0 0 0 0 0 0 0 0 0 0 0 0 0 0 0 0 0 0
4.68338758252776 6.89538920100679 1.55713896470847 0.998249745407357 0.981725205273354 3.4086121305135 3.03441305353805 1.00868779487282 2.39082609331759 0 0 0 0 0 0 0 0 0 0 0 0 0 0 0 0 0 0 0 0 0 0 0 0 0 0 0 0 0 0 0 0 0 0 0 0 0 0 0 0
2.18638662801366 4.49434770714304 1.50425194101697 1.26566293591347 9.25604607391418 0.816466967513458 1.03020289687367 1.06235038320488 3.25463353993096 7.28335866747358 0 0 0 0 0 0 0 0 0 0 0 0 0 0 0 0 0 0 0 0 0 0 0 0 0 0 0 0 0 0 0 0 0 0 0 0 0 0 0
1.32881028098243 1.03501425740404 0.916100564442896 0.808957902639456 1.45483897884021 0.192465837121688 0.653234088340063 3.03973732716336 3.60727491398775 3.25893052154368 1.40939375025002 0 0 0 0 0 0 0 0 0 0 0 0 0 0 0 0 0 0 0 0 0 0 0 0 0 0 0 0 0 0 0 0 0 0 0 0 0 0
5.53402793722545 1.18047672670646 0.457697997589462 1.57399900330387 10.0620092264584 5.63015895035604 2.00604391966946 3.82645474743397 1.02248853059302 0.654963725534052 3.1651992287106 2.72227254455378 0 0 0 0 0 0 0 0 0 0 0 0 0 0 0 0 0 0 0 0 0 0 0 0 0 0 0 0 0 0 0 0 0 0 0 0 0
0.591653850770985 9.42988791152516 2.16768736812727 2.35877968218721 3.74777362129764 3.57916990195196 3.75262433395997 0.719482506405013 0.291330625801862 1.05681416039758 0.4846423138109 1.50583169516842 1.14732721361778 0 0 0 0 0 0 0 0 0 0 0 0 0 0 0 0 0 0 0 0 0 0 0 0 0 0 0 0 0 0 0 0 0 0 0 0
5.31763462414114 1.20666418033733 0.145845405249046 11.7537665681093 0.615452509983615 1.37996228004223 1.29980112224402 0.695745793172152 2.66206536778475 1.43496203468121 1.6000319059264 0.518369838423991 1.27350065141951 1.37030987663495 0 0 0 0 0 0 0 0 0 0 0 0 0 0 0 0 0 0 0 0 0 0 0 0 0 0 0 0 0 0 0 0 0 0 0
0.187720262482119 6.08308428492744 1.64378648693773 1.00714384171384 1.00274528413085 2.70837572255132 4.77378802924049 0.184479376422742 1.5286001008115 2.75905296010533 1.40341316026032 1.92511124183375 2.93239410403365 0.132014087100711 2.73122782937339 0 0 0 0 0 0 0 0 0 0 0 0 0 0 0 0 0 0 0 0 0 0 0 0 0 0 0 0 0 0 0 0 0 0
8.04608665566471 4.42971683807486 0.0602708498803307 8.70348252460868 1.27016934825124 8.64797091618948 0.294023750636638 2.09088705912822 1.64378961137747 2.15067698970817 0.659721648786754 4.15437564448637 0.472593316416032 2.98040727215808 7.09740844615737 2.95150560064962 0 0 0 0 0 0 0 0 0 0 0 0 0 0 0 0 0 0 0 0 0 0 0 0 0 0 0 0 0 0 0 0 0
1.08728746294346 4.03414843941388 0.610416714519102 1.9903332196422 0.548490775294599 0.659706902873792 0.0714792873742273 1.93341929306612 1.16303470848164 9.27161688481932 1.90926248846799 1.45220501000906 1.77199684104617 2.45855204484346 3.69493906525786 0.0849083085179241 3.44965122556057 0 0 0 0 0 0 0 0 0 0 0 0 0 0 0 0 0 0 0 0 0 0 0 0 0 0 0 0 0 0 0 0
3.93940417979969 1.20479405953008 0.130746979405601 3.26013057233979 0.88215502979537 0.128282873589447 0.166132515047118 0.827729612094601 3.12711158550891 3.7632942120663 1.25887931982684 0.106869553227125 6.20283263689938 2.23310534357018 4.73837538466404 6.99691815963961 0.427470019843764 1.89211406014345 0 0 0 0 0 0 0 0 0 0 0 0 0 0 0 0 0 0 0 0 0 0 0 0 0 0 0 0 0 0 0
2.97542773232689 4.4705461863999 8.70024104942441 6.85433360634799 1.19763778618922 0.318967971467951 1.61606788820891 0.664040880293873 1.20388922269863 2.24984504090883 0.307743907294522 0.637947409235713 0.321641552775273 0.627612390205871 2.65100743553174 6.91645595485793 0.0236495064495786 2.40052695223805 0.0530688595315767 0 0 0 0 0 0 0 0 0 0 0 0 0 0 0 0 0 0 0 0 0 0 0 0 0 0 0 0 0 0
1.68941841558825 0.36888667933415 0.902463629790064 0.344885258242182 3.12469040740313 3.08207344258212 0.499182815505773 4.6619034629599 1.65985735800174 0.982315748441555 1.03528769184857 4.03837348450186 0.518811367489874 0.138328211350785 1.68723449682637 0.115764986577398 4.73968481150092 2.50027712699052 0.817241665319388 1.61385186213396 0 0 0 0 0 0 0 0 0 0 0 0 0 0 0 0 0 0 0 0 0 0 0 0 0 0 0 0 0
6.19033080255862 3.81433830875369 3.47251829892483 7.16558466066298 0.689479951862119 0.628215512053947 0.506537250126759 0.827317426112768 0.330197734842035 0.387364500517868 1.59006611839057 1.63289899008421 0.606180754812214 3.57008533140694 2.86736255844081 10.5378986046046 0.681621103700379 1.55219910153888 5.03984000777822 7.2123137665952 0.289792523907618 0 0 0 0 0 0 0 0 0 0 0 0 0 0 0 0 0 0 0 0 0 0 0 0 0 0 0 0
0.291979381480656 3.61889137007954 1.05916288270295 4.19591622373108 3.82130717876622 1.33397581628688 1.83114439295435 1.17260205947532 2.18185263899192 1.15648300530356 2.53141804460802 3.61688985609013 4.15603760417064 3.70318105378932 2.95939622916594 0.689415583267915 3.71249606296354 1.73943591171818 2.30839872401914 0.695430875447683 3.22075034533756 0.408048106116881 0 0 0 0 0 0 0 0 0 0 0 0 0 0 0 0 0 0 0 0 0 0 0 0 0 0 0
6.4031310073486 8.97471689101088 5.8336402705994 8.89173560047681 1.53353751231303 0.636860005036675 0.387972882651248 1.8253637564234 2.55038785983119 1.00295115241491 2.24205543776796 0.679390886567236 1.04418139251524 2.7281361224467 3.550335914318 5.2544691776936 2.03962956095258 2.96492409544428 2.79933622257914 0.106053419095542 3.55955782313817 2.09987241836872 3.32618767123864 0 0 0 0 0 0 0 0 0 0 0 0 0 0 0 0 0 0 0 0 0 0 0 0 0 0
3.45943607721417 2.53063164183891 5.44804095380914 6.11718902131849 2.26763207239822 0.0544377918965834 0.35432764130003 0.145872702852511 1.44776356308524 0.387692994036113 1.79168633336047 1.02004943890111 3.01691293241867 4.13442592024899 1.67607478141415 1.68510892183282 6.98865686560434 2.22822151365401 1.87531903107641 3.08092884250721 4.7657926069284 4.02672050065885 0.554325002572391 0.590269518562959 0 0 0 0 0 0 0 0 0 0 0 0 0 0 0 0 0 0 0 0 0 0 0 0 0
4.70403683940827 4.44586415277856 1.62955367031247 0.534560223046013 4.56336460719638 0.161576728727421 3.13668279592148 0.237859680921287 2.253769721019 1.14440786058448 4.69295207136033 2.93161605246399 0.695156620437428 2.36967341725529 1.15123656543452 3.5431437667654 2.19736216245486 0.0393815202629528 2.03376318071923 0.631888025134473 3.51609260979792 1.01577887314884 0.327008984901391 2.91252946307207 26.0160937993926 0 0 0 0 0 0 0 0 0 0 0 0 0 0 0 0 0 0 0 0 0 0 0 0
6.72860940382659 8.79640181858644 1.01641603567513 10.2468410603866 1.28222849294511 1.21804828527863 1.55336041866217 0.0916818643728149 2.87419922822568 0.0878772770819454 0.474212796716896 0.474481668330004 0.813180625624944 3.57374561100428 3.13267726218808 2.35818215740185 0.0198147759344484 1.1253949731875 1.16136311150763 1.20451298699333 0.88066574096028 0.43347439630922 5.99195608869376 6.93116495225113 2.37017718530643 0.89589043008081 0 0 0 0 0 0 0 0 0 0 0 0 0 0 0 0 0 0 0 0 0 0 0
1.17368921592695 1.07164258794301 1.9096915865129 0.160523452370338 0.493863872047807 0.288510426520819 7.29880893720562 3.70448498966891 0.155827510034429 2.76422253387167 5.70419616830109 3.17448762598705 0.257078850234264 6.81082766867082 0.317115982826723 2.00459547894062 0.125969378411521 2.73291096425531 5.31396336686142 0.957022904560133 2.36844763621973 1.37588823783215 3.33234434094925 1.00779832737983 1.44668386054484 3.88046645986127 1.90904167699474 0 0 0 0 0 0 0 0 0 0 0 0 0 0 0 0 0 0 0 0 0 0
0.058133048098976 3.38890441767584 5.39772147186802 1.84081099009265 3.99262699748045 0.0354304809069517 4.27037203138944 0.257329471193787 0.88347624679663 0.151631835989617 1.88328709352131 0.0516904728852844 18.039199546054 0.784328504507874 4.89884329120591 3.7600188785435 6.42357177901214 0.192732214173067 1.47705957856136 2.75740002283851 0.399501538519566 1.78610008809509 0.373145318341604 0.696969233571022 0.450671959016664 0.763486303984845 2.44278640750229 10.6903595616145 0 0 0 0 0 0 0 0 0 0 0 0 0 0 0 0 0 0 0 0 0
7.44245711090524 3.17881097952714 0.960124021511581 4.65034507868508 5.06495533578556 2.34317534293087 0.805255540296511 1.62291448201498 0.183609582331456 2.3831073530272 0.0544740822463197 1.79571957474067 3.31998102933364 0.0104621458268876 7.4403928143024 2.71214213727581 4.87037757947462 1.30105349074213 0.316441232334858 0.756139105464025 5.73088448071386 0.631430466313244 0.491035620169197 3.78537836458376 3.80171188984242 1.37049505479964 0.335079449708023 3.03540806694908 6.30410444979759 0 0 0 0 0 0 0 0 0 0 0 0 0 0 0 0 0 0 0 0
2.78201870380315 1.93034307034676 1.42003036841283 0.89721611975443 5.91416862793158 0.296641592474153 0.961680559013694 2.57538687857411 0.377856767149888 0.741741450611313 1.14261467050391 2.84137733240335 0.250951768057676 0.764514321557752 1.22914467771024 0.322845088940094 4.2434678332806 6.60947157698539 3.56442749338744 1.51484078822118 2.86669834106183 5.08809878130941 2.24546373399147 4.5470535361356 2.63966136155493 0.463147612492161 1.89579665461175 5.02612107481415 7.19080749089405 0.306794468738723 0 0 0 0 0 0 0 0 0 0 0 0 0 0 0 0 0 0 0
0.648223568054404 4.8920207175013 4.81345251772872 1.95201472443541 2.78703418133668 1.28569647889298 0.618802056258489 1.49966374726963 0.149321643896048 2.74076798187417 0.0462023381490673 0.615687118291264 6.61780694419889 2.16725609374492 0.759868369327667 9.57733792449463 5.26715085063274 3.37084107491767 4.17744676435425 1.86792864557402 2.7754376689174 5.39252851594085 6.03484635508846 0.837935234416636 0.411057112722188 0.59376778682949 3.47030127402637 16.5503724194898 0.974649910421468 1.17709439719783 2.54235493000058 0 0 0 0 0 0 0 0 0 0 0 0 0 0 0 0 0 0
2.32808846637737 1.55792140184687 1.34377295312512 0.229020773475741 2.31169974472415 0.0641764822921738 1.43517582619066 2.39857537957634 0.0813821583539188 4.98548061870424 2.43212793486329 1.84683141312392 0.0477649834051546 4.56737497994119 1.74273467886375 2.45971304542514 3.58275416432828 3.73233254992629 0.444161050898795 1.42235000755738 1.2171255768246 2.52432222404016 5.32834985489986 0.340668048833355 1.09823100748636 5.24552764123456 1.906293653032 0.539018585893757 1.76368690475704 6.8698153886754 3.48799426768219 0.0402595441781329 0 0 0 0 0 0 0 0 0 0 0 0 0 0 0 0 0
0.247324863282896 4.89632851158759 0.364852517199457 0.117939179321126 8.38123077984837 0.793680122136406 0.785523862812146 2.63984636175819 0.304957663240355 5.23450905561432 6.08773911140389 4.19180905748112 3.47373702252335 5.27866581060026 3.47606934668678 1.30826614923769 0.0412772589948894 0.913306392902635 1.58713609988561 1.72011692695415 0.968502016873426 3.66670854709423 0.991051310314211 0.642625444283611 1.96771515098092 3.65973925509618 0.768342740326926 0.568815059509148 2.10376676859061 2.02849114908974 2.57612726754686 2.12868910242025 1.6416832434885 0 0 0 0 0 0 0 0 0 0 0 0 0 0 0 0
0.651031090054398 2.77013294926221 4.47016742136588 1.29088115093903 0.642899089884345 0.149403517979024 7.78473315792678 5.10382059622879 1.17338031229684 1.77056596875521 3.53961303368797 4.81917302044443 3.81803469189931 2.88710444913408 0.19947826089143 10.1894728484905 0.308336437766642 7.67628952755712 1.63876902900829 0.285623390843145 3.31443829496249 0.771433438191424 0.721323186760904 1.44496160748353 4.84249663545844 0.0587464121900307 1.67576904538642 2.23479562552981 2.0106940750963 3.35658918115936 1.96726156492527 0.46015452832574 0 0 0 0 0 0 0 0 0 0 0 0 0 0 0 0 0
4.52489691850552 9.36102841749862 1.75401942469251 4.28837005804954 0.995044559124948 0.784173297774705 1.50178813494972 0.37214656447808 2.36900821739488 12.1867869891869 0.623166422933766 1.04550700305978 2.09718628697153 5.52791114910529 9.85539542444423 3.82558560931258 5.74011004528217 4.64303234342987 1.08828515074292 7.07898243122289 0.412484150693428 3.56588207476355 1.08807213669064 2.6739240227097 1.57995298833146 4.84723986760953 5.47671681854387 3.86839214235986 0.285242231668763 5.45234171817529 0 0 0 0 0 0 0 0 0 0 0 0 0 0 0 0 0 0 0
4.52284425470159 0.264540884701006 7.62507297899587 2.96811724488582 2.63980350724521 0.367855422213671 2.73531253455702 0.427473339653257 0.222513529870665 0.197829235442421 0.168560199626651 7.33690675030023 0.538321340815912 1.07640714385078 0.14138572613179 5.85332159361398 2.27112533287085 8.07083935299848 3.04759731135823 5.30042934649298 1.88083575971264 3.96449434144887 0.862435901645456 2.39858997206349 4.98315466035656 0.953036645422109 2.89925741228292 0.645003084006174 0 0 0 0 0 0 0 0 0 0 0 0 0 0 0 0 0 0 0 0 0
2.5929505641124 0.606354186878293 0.95220975046889 7.32576369753081 0.218250986086704 1.09628924124698 5.01519517958464 3.09797850614871 0.795525275419621 2.32600255025269 0.195334207351556 4.89311737697812 2.50119467988314 10.0871996133879 1.32021917077538 0.127912876985592 8.95056169478074 1.58672700030167 2.43184755043813 1.0355607999011 1.53742415276947 2.5416512749869 2.79183320423704 4.62176977176535 1.29913007614736 2.38253831621795 0 0 0 0 0 0 0 0 0 0 0 0 0 0 0 0 0 0 0 0 0 0 0
1.9414557451072 0.348251330363513 2.38693015231453 2.33192545639761 4.81485983935077 0.16615624973323 0.0847081192830782 1.89809276584714 0.233712707270594 2.21429200717082 1.98153425671466 4.14605372957698 0.582950193148826 1.10339659273209 2.60676554616793 0.781100598667448 1.31353771416102 0.393330042396646 1.320015120368 3.62355709474139 0.0910993395577129 1.52441699745658 1.10905366249284 3.8523754214042 0 0 0 0 0 0 0 0 0 0 0 0 0 0 0 0 0 0 0 0 0 0 0 0 0
0.122458297758432 0.702965297714315 0.101884472018268 1.054147492991 0.780382358766953 0.735940078245772 0.700678797113445 1.78623904917629 0.204230163691302 4.07971257322178 1.26096737342419 0.400365137448232 0.313615985060901 2.03507460678075 1.07618499356278 4.38353301902181 0.667242978396598 0.503670611588816 1.49659189748296 1.36160701987928 0.332293017401688 0.808161056666512 0 0 0 0 0 0 0 0 0 0 0 0 0 0 0 0 0 0 0 0 0 0 0 0 0 0 0
0.453029453060085 4.83115678323586 3.28704750509633 1.44977372504994 1.77506566170983 2.01856319099561 3.36986683410851 1.91377141552497 1.85239140032128 4.76554669730542 1.34236127209116 3.25989356026654 6.84082984475397 5.50295232143537 3.83486235612317 6.50359509692023 1.04027453826782 2.02186979580856 2.52459718419215 0.0185750815027199 0 0 0 0 0 0 0 0 0 0 0 0 0 0 0 0 0 0 0 0 0 0 0 0 0 0 0 0 0
0.0464973924861335 0.984364900106352 0.939995345570734 0.980887395766719 0.0345336147812948 0.480270820369947 1.76108987643637 3.39424897126678 0.829449353474622 3.78510810477359 0.197849949957326 3.31241383249461 1.01109697069993 4.03353261690257 4.26228921611001 2.35250088505841 1.67417409241583 4.73358192138 0 0 0 0 0 0 0 0 0 0 0 0 0 0 0 0 0 0 0 0 0 0 0 0 0 0 0 0 0 0 0
1.76378576376794 2.23354249408611 3.59821934128173 2.3589944768097 0.0558067984979472 1.1094574130903 5.20009544856359 3.95296223674907 0.847888677557072 1.71392125460443 1.1475670845261 0.318431952306298 1.34054190946269 2.43891797449618 3.56108295596006 0.479405912573105 0 0 0 0 0 0 0 0 0 0 0 0 0 0 0 0 0 0 0 0 0 0 0 0 0 0 0 0 0 0 0 0 0
0.153710793965656 2.54268501772845 2.2294947081106 0.819440403898822 4.91945637338482 0.607662684735447 0.0365454329876673 0.374962007525741 0.0614992036439234 0.395292447610985 0.170101278667364 5.10903512526887 6.94515770047501 0.0401281671106576 0 0 0 0 0 0 0 0 0 0 0 0 0 0 0 0 0 0 0 0 0 0 0 0 0 0 0 0 0 0 0 0 0 0 0
0.0902028013744954 1.75806620313656 1.17232280069322 2.019803692085 0.00245754788355512 0.882535950302174 1.13771859070123 0.0173359325681536 0.807727096797345 1.62381791270796 1.69238057142273 0.67001824992118 0 0 0 0 0 0 0 0 0 0 0 0 0 0 0 0 0 0 0 0 0 0 0 0 0 0 0 0 0 0 0 0 0 0 0 0 0
6.20751539082832 1.62983566549996 7.70948192300365 5.33959205176511 5.27755086814012 0.442541126986119 1.41846798423006 3.46945657888098 1.01086308893901 1.124158253137 0 0 0 0 0 0 0 0 0 0 0 0 0 0 0 0 0 0 0 0 0 0 0 0 0 0 0 0 0 0 0 0 0 0 0 0 0 0 0
0.928162099462752 0.561577184528914 0.846831445905959 7.88922491082315 0.281112872984554 0.365719208387638 3.03130495350358 0.230605972886028 0 0 0 0 0 0 0 0 0 0 0 0 0 0 0 0 0 0 0 0 0 0 0 0 0 0 0 0 0 0 0 0 0 0 0 0 0 0 0 0 0
5.49467293641232 0.183192416696363 2.47565609144266 0.939848014288078 10.1131151072117 2.30159217509151 0 0 0 0 0 0 0 0 0 0 0 0 0 0 0 0 0 0 0 0 0 0 0 0 0 0 0 0 0 0 0 0 0 0 0 0 0 0 0 0 0 0 0
1.4480153544605 6.52911040257905 0.727927844447574 1.00179738178258 0 0 0 0 0 0 0 0 0 0 0 0 0 0 0 0 0 0 0 0 0 0 0 0 0 0 0 0 0 0 0 0 0 0 0 0 0 0 0 0 0 0 0 0 0
6.85021575775772 0.0754967664569607 0 0 0 0 0 0 0 0 0 0 0 0 0 0 0 0 0 0 0 0 0 0 0 0 0 0 0 0 0 0 0 0 0 0 0 0 0 0 0 0 0 0 0 0 0 0 0
