0.964023133583186 0 0 0 0 0 0 0 0 0 0 0 0 0 0 0 0 0 0 0 0 0 0 0 0 0 0 0 0 0 0 0 0 0 0 0 0 0 0 0 0 0 0 0 0 0 0 0 0
10.0325130560327 1.45911023431209 0 0 0 0 0 0 0 0 0 0 0 0 0 0 0 0 0 0 0 0 0 0 0 0 0 0 0 0 0 0 0 0 0 0 0 0 0 0 0 0 0 0 0 0 0 0 0
1.92352875587477 10.8448042363606 4.73113053942645 0 0 0 0 0 0 0 0 0 0 0 0 0 0 0 0 0 0 0 0 0 0 0 0 0 0 0 0 0 0 0 0 0 0 0 0 0 0 0 0 0 0 0 0 0 0
3.91091992875512 1.40732997734623 3.00605933410522 4.09202368192402 0 0 0 0 0 0 0 0 0 0 0 0 0 0 0 0 0 0 0 0 0 0 0 0 0 0 0 0 0 0 0 0 0 0 0 0 0 0 0 0 0 0 0 0 0
5.02705244639496 0.261796193101594 1.7820470614112 0.843004020283081 2.43352479745543 0 0 0 0 0 0 0 0 0 0 0 0 0 0 0 0 0 0 0 0 0 0 0 0 0 0 0 0 0 0 0 0 0 0 0 0 0 0 0 0 0 0 0 0
2.54463879765189 1.85331021782159 2.8463102924933 3.89443765710647 6.08949400928208 0.396185208209708 0 0 0 0 0 0 0 0 0 0 0 0 0 0 0 0 0 0 0 0 0 0 0 0 0 0 0 0 0 0 0 0 0 0 0 0 0 0 0 0 0 0 0
2.53354381426641 1.68101790761823 2.22666912140136 7.97414708876815 0.187069172161167 0.433905733528599 3.49372961338031 0 0 0 0 0 0 0 0 0 0 0 0 0 0 0 0 0 0 0 0 0 0 0 0 0 0 0 0 0 0 0 0 0 0 0 0 0 0 0 0 0 0
0.0996476804673927 3.6054338034037 1.67601941969557 1.28461853000182 3.62698986493234 4.00370243262562 1.47853554687936 5.79164497501192 0 0 0 0 0 0 0 0 0 0 0 0 0 0 0 0 0 0 0 0 0 0 0 0 0 0 0 0 0 0 0 0 0 0 0 0 0 0 0 0 0
1.06982158190544 5.52181200830258 6.33308126205403 4.44358314797694 1.4252686399665 0.0478672681035187 2.1914189112441 2.68964808610587 2.52176155449196 0 0 0 0 0 0 0 0 0 0 0 0 0 0 0 0 0 0 0 0 0 0 0 0 0 0 0 0 0 0 0 0 0 0 0 0 0 0 0 0
5.30895588021015 5.93247362095154 2.7971634653082 3.89509112389792 5.19927334668701 1.17392863871311 1.58056355670807 2.77011667519176 4.02631932602576 2.47990215730873 0 0 0 0 0 0 0 0 0 0 0 0 0 0 0 0 0 0 0 0 0 0 0 0 0 0 0 0 0 0 0 0 0 0 0 0 0 0 0
1.82790775700079 3.89807864546776 1.22429250904683 4.24484047629812 3.48876284868091 0.595000695327375 1.86255555356124 3.08702859159757 3.82637231726722 1.41300981038822 1.97854379062228 0 0 0 0 0 0 0 0 0 0 0 0 0 0 0 0 0 0 0 0 0 0 0 0 0 0 0 0 0 0 0 0 0 0 0 0 0 0
4.97565827824002 5.83174239740214 0.0589027160363587 0.127182071388319 7.33035577808256 1.07293663765127 14.1676659144654 0.403330909679967 3.832566677276 3.01584994033456 11.0738186374211 0.127486185416904 0 0 0 0 0 0 0 0 0 0 0 0 0 0 0 0 0 0 0 0 0 0 0 0 0 0 0 0 0 0 0 0 0 0 0 0 0
0.57732408935392 2.03537380656772 0.982075112066562 0.861359371950146 3.11706293181001 0.597071734895656 2.90298856256242 1.65919777892693 0.368632061273571 2.60998877339331 2.03883014455361 1.33261382646995 0.312322062295622 0 0 0 0 0 0 0 0 0 0 0 0 0 0 0 0 0 0 0 0 0 0 0 0 0 0 0 0 0 0 0 0 0 0 0 0
3.50978559962776 1.02108598905442 4.7980059122397 2.4860705991991 5.48266816508158 0.811153833331465 0.169967816814553 2.3871452076818 3.6357117157549 0.173696998410471 2.9548152244365 4.74609225723218 5.29508219281402 0.103308827940755 0 0 0 0 0 0 0 0 0 0 0 0 0 0 0 0 0 0 0 0 0 0 0 0 0 0 0 0 0 0 0 0 0 0 0
2.71246410596158 0.251991284204133 0.642663618614354 4.42690340395951 0.759025692730642 4.09167789231652 1.91091521316474 4.31543953692317 1.2061128754824 8.44239920085792 2.07693967215308 1.26372973102188 2.74477785005053 5.71571281698401 0.809744029848442 0 0 0 0 0 0 0 0 0 0 0 0 0 0 0 0 0 0 0 0 0 0 0 0 0 0 0 0 0 0 0 0 0 0
1.14634454834145 1.40631327394504 5.1984876517771 0.654817007663743 3.45188155925221 0.546187688772937 5.11394978212082 0.313527680496631 3.74844673630799 1.15010614695352 5.75491118724769 4.90285769672434 1.43832185585308 1.50990051403112 1.46799686503685 0.332674748473819 0 0 0 0 0 0 0 0 0 0 0 0 0 0 0 0 0 0 0 0 0 0 0 0 0 0 0 0 0 0 0 0 0
1.31466747505236 5.87775631723756 0.998794314539153 0.852096966097021 2.0730437219131 0.730203451172907 0.661231126134164 1.42060050267945 0.499266566045013 4.66674260801757 1.28477588482628 2.53178508015649 2.29508661060006 0.173193244040073 2.11579091038814 1.49400185934205 2.44432199759748 0 0 0 0 0 0 0 0 0 0 0 0 0 0 0 0 0 0 0 0 0 0 0 0 0 0 0 0 0 0 0 0
6.69971310775442 0.12927922420989 3.33974445329317 3.9228316930215 3.78277814884977 3.28501507963449 4.38692725188865 0.351045463024404 0.387882045165682 2.74259934314421 9.23828685549284 2.76371677497484 3.33130436064321 8.58656726555591 2.38214115135944 3.53882188892387 1.8578683306027 0.282763666815957 0 0 0 0 0 0 0 0 0 0 0 0 0 0 0 0 0 0 0 0 0 0 0 0 0 0 0 0 0 0 0
0.501084221447838 2.27325189595728 1.02765205051705 5.30980251139729 0.00918212741173457 0.880134474048616 5.30996674038112 2.47154274451041 2.07216230348518 4.39095536020188 4.08141186407026 3.42345102563168 1.15501224797078 4.08941250404211 5.67594435133935 2.5787491217441 3.11021946727615 3.11821531644201 0.0907406976710569 0 0 0 0 0 0 0 0 0 0 0 0 0 0 0 0 0 0 0 0 0 0 0 0 0 0 0 0 0 0
0.925900841507628 0.272171823375088 0.289511117840268 1.94855904001242 9.59200816263377 1.30877158075394 4.41753832622777 10.3261136209143 1.12846895739633 1.30760512984025 0.768867470103998 2.35456538900414 0.857396282948676 1.17676459736093 0.256202419120817 3.71615590458556 4.22209865735535 1.31668493577101 2.05658574658311 0.952393060611487 0 0 0 0 0 0 0 0 0 0 0 0 0 0 0 0 0 0 0 0 0 0 0 0 0 0 0 0 0
0.882442598703953 3.57175909906207 3.18187095828118 1.43621512383538 0.141652533920174 10.8586026938869 1.0250205086873 7.43293296348855 8.52848674926941 2.78746950455991 5.51455964134709 2.79065477622812 3.142864222464 0.614115193611663 4.01393195094016 4.05617892103434 1.3935069036755 1.17734336968959 1.20587417605745 1.68591418884226 2.04602872924815 0 0 0 0 0 0 0 0 0 0 0 0 0 0 0 0 0 0 0 0 0 0 0 0 0 0 0 0
0.436432263239522 2.33272461162215 1.89501440873641 2.74652512492347 1.20193734569254 1.96217486933372 7.31984825711409 0.30674154916498 1.8560979622331 1.39349655696945 0.192956736875315 1.26702267550827 1.98733243477892 1.80705161147181 0.448385891942099 0.697328880915718 0.0686567485511218 5.88934383790119 1.14698159574947 0.433412428337815 0.936225448664982 1.72568366967841 0 0 0 0 0 0 0 0 0 0 0 0 0 0 0 0 0 0 0 0 0 0 0 0 0 0 0
0.271013197314546 0.275463808493059 1.73689870232173 3.39832157829442 0.858406363273002 3.04490621376612 3.72221936312455 1.88225464099525 0.99337075904666 1.54309844354662 5.35163054190133 0.0384009596367083 2.2952908968193 2.0098414797083 1.80868877988765 0.566635720028799 1.25168834606524 6.82082726140901 0.475076465373821 4.89163393223047 2.17073563325812 1.46606096502087 9.89367798048706 0 0 0 0 0 0 0 0 0 0 0 0 0 0 0 0 0 0 0 0 0 0 0 0 0 0
10.8503341764382 0.369638483736383 9.64328719704436 3.44508270920985 15.8690151937486 0.394421053551703 0.365618236353183 3.48788313929419 0.206052287068408 0.722767842027507 7.27856396710185 3.25425779548608 4.2747507356603 1.15304581836855 1.0932419783887 2.72185803566441 1.02702584416703 1.72422450735834 0.430207244800393 5.00884913168609 2.41161578120837 1.81522217237858 1.16991459537664 1.44971455696468 0 0 0 0 0 0 0 0 0 0 0 0 0 0 0 0 0 0 0 0 0 0 0 0 0
1.81989744851145 2.45440956462585 2.21821114443926 2.61543821178611 1.54494843940408 2.36724974188099 3.42519050271302 4.42749914983659 1.61470765430317 1.49098261743695 3.58109982531498 6.51787809135709 1.76009727251479 1.11892567255747 4.48175033453542 4.2346552785544 0.0207395668049382 2.56611468182001 0.8338870945286 6.89638625973387 0.0652678032908701 2.40550790783746 0.275976422175309 3.00340664150826 1.24267384238819 0 0 0 0 0 0 0 0 0 0 0 0 0 0 0 0 0 0 0 0 0 0 0 0
2.56196989328763 1.50866242963377 1.22565710637705 1.95983251519286 1.07931774595429 0.750767988116136 0.526662917328228 9.80043728470707 3.62068519712264 3.53842277996755 0.870659193128454 1.93865354221937 0.502190929065162 5.65383141002298 5.62784616977407 0.283864406647651 3.71404157806432 5.36658925154496 2.00424532640489 1.89996480179836 4.03337668950569 1.71515235472982 0.538353140130832 0.290237474215392 1.59924013156503 3.79296666271323 0 0 0 0 0 0 0 0 0 0 0 0 0 0 0 0 0 0 0 0 0 0 0
2.95488446444865 2.633414436891 5.20069361644344 7.30966093090723 1.52740590205618 1.96906998594024 0.772965914329969 5.67419063614127 8.02394285407315 3.34675667133898 1.47431613235784 5.81712236259995 2.38932360035429 1.86559200703108 1.18342356384927 1.82941790116853 1.41825448869403 2.93587390548418 1.61856301085814 3.61787857173316 4.98872443534802 1.50117495170774 1.88335797690822 0.572480977874493 0.797820218994424 0.0344131972946536 8.60349987123412 0 0 0 0 0 0 0 0 0 0 0 0 0 0 0 0 0 0 0 0 0 0
7.56866229788002 4.92126519281161 0.00354175094051811 1.05134227955243 3.47160115518923 9.32581473682455 1.21331613170938 4.81549584854224 0.91102346753116 5.512781116398 1.11562491645627 3.36247877215316 2.42890799652642 0.161832017659793 3.38828075973196 1.98364857423844 1.11490595300588 2.49474978151893 1.75397114501646 3.1727618265643 3.15316821224807 0.715791329633163 1.5153026721819 2.56891723258379 1.36962661400297 2.01345486225204 0.287296650138294 3.11628294009953 0 0 0 0 0 0 0 0 0 0 0 0 0 0 0 0 0 0 0 0 0
1.73437992464251 0.99853594506704 8.41886255353956 1.5158080127062 1.22662090087522 1.7901004786782 1.46838649897688 1.34066883953962 1.7230142061124 0.0018891275513068 0.346135203700538 5.62940463483066 4.33872402829946 1.38808064507011 0.700883037713627 7.5813790174821 1.21355055816933 3.28108069757868 1.59232763419675 2.02405072098294 2.71359233752894 2.36406338385659 0.113296159509227 10.8081042394601 0.542771694899128 1.16082639902408 2.46986951633263 1.23360688639914 0.417400160601697 0 0 0 0 0 0 0 0 0 0 0 0 0 0 0 0 0 0 0 0
1.81692267667421 0.443382210421544 4.20419690247579 1.6482826920557 4.12117791794564 0.113556360007664 1.40891790184801 0.742348133932664 0.74537688063628 6.02956873590208 5.21461756030607 4.01487112893044 0.370322277374965 2.05092094513006 0.396566107155526 0.109431020805265 0.6083723570614 1.20348223451021 5.18284961472011 3.22023982918931 0.13938282069806 2.80241810116873 4.15090489405237 1.25509769704419 9.76383860931724 1.74990719794554 1.13135076745998 0.463281469699005 2.48436870206399 2.24643001051945 0 0 0 0 0 0 0 0 0 0 0 0 0 0 0 0 0 0 0
3.54041659265593 0.853651337369175 7.20505013773782 0.191423846131166 0.508752041071316 0.412741927533646 1.5237678929859 1.09142614068583 0.986546482959083 0.974006974461573 0.239678998260527 0.29184051999434 3.30299750572715 5.20318549946479 3.99079182685476 0.0338475354509618 1.01582262791946 0.147484259719552 0.0814280614906727 0.750971981899753 0.224659005295819 4.55146670025024 1.21214967525538 3.09448436405098 4.07345026081822 1.63893706800994 2.4817076875825 1.34918487268155 0.728034060976738 0.141222520866543 1.17652471466501 0 0 0 0 0 0 0 0 0 0 0 0 0 0 0 0 0 0
0.357269889681005 1.25932848042122 3.9768084853346 6.13531194978209 0.0928986631403115 1.90194130786613 2.81500188249763 2.19143918399632 2.99125097955909 1.6685251291244 1.18442052911253 1.76445696627924 7.54158912941246 0.62231665205411 0.359710719525724 0.206728844970997 4.35943805820208 1.8162819517354 7.24613796824255 0.909821514009335 1.97848026840289 0.35465764086999 4.75443491939984 3.71251355209266 0.43877217987569 4.44557947594963 0.144784897639578 1.62324663039948 1.86462845722132 0.0334562367508511 1.0949977122339 1.38701405876932 0 0 0 0 0 0 0 0 0 0 0 0 0 0 0 0 0
0.724201565969198 1.49880129759997 3.4491886250589 2.20965403778799 1.56281160003763 4.86708966024336 2.24815629429048 0.94986098317069 2.97919353180788 2.35729715989959 1.06546939031302 5.1525386924763 3.11580346387649 0.624544767887345 0.108105827405585 5.93807960757622 0.267617821367226 1.40442647378033 0.588417766347154 2.75667379198088 0.581376062140018 1.200388421652 4.70868826449055 2.91253816713741 1.48677343976625 6.71650861126451 0.0968239557446475 1.14424700821613 2.00418028196 1.7197827175901 3.61183068507344 1.00201220728736 4.92419111842818 0 0 0 0 0 0 0 0 0 0 0 0 0 0 0 0
3.48439100180446 1.52955894295253 1.16310424869949 0.15846765144554 0.373586697740111 7.49791949892626 3.88876608696419 4.29832651985771 0.37671520577577 7.69400349213413 1.51071016925905 0.552787243311309 0.589287882304443 0.896221559559463 8.18927833246254 6.01938782445653 1.30804928320881 2.81571142169184 1.28863260873763 2.284766683783 0.542611623372461 0.250592805018325 4.04467361489888 4.38323884126697 2.02163011288825 3.76144843326924 0.364031197957259 0.515827234388332 0.382442735447603 1.86565359811898 0.135574670475777 2.75736527987764 0 0 0 0 0 0 0 0 0 0 0 0 0 0 0 0 0
2.39570577090608 0.564221841448987 0.70289963827883 0.250467972338883 1.02270143908707 3.56208086880426 0.176635934484673 3.12166567277001 0.219098182591413 1.11009922296465 1.26898732724672 4.02015124545202 3.21978841395687 2.9205967413832 3.51455945228276 4.34412039513051 0.599323859115572 0.141794201067016 2.4576496179808 6.14532753629077 0.764079734587199 1.4344796214594 2.70494431452213 2.74086510527614 9.42612750221874 2.25490728879366 5.55359490261306 0.136974237654526 2.2112211068598 0.212008809374312 0 0 0 0 0 0 0 0 0 0 0 0 0 0 0 0 0 0 0
0.912351025914802 7.5512297116538 4.73199955502739 9.87955690243852 1.13787677945137 0.138668050683203 4.1197693057927 0.384969837428916 2.14603465563566 1.82075408860791 2.56396627570765 2.91842450031954 8.87640783852355 2.08847213973765 0.0687615077869021 0.0948259198746965 2.92400265619268 5.96996919120385 0.534608890962488 1.30138471506208 1.91778928467138 3.85767613224015 0.885990248697782 0.518424545975305 0.00715468933049715 0.718090143304523 0.710130087572508 6.61161321353414 0 0 0 0 0 0 0 0 0 0 0 0 0 0 0 0 0 0 0 0 0
2.20989940066474 0.684218796394153 6.79651002120302 4.40641837079407 2.65372752865514 2.63412051062294 0.646306074561026 6.51779020274281 0.555446652721933 0.0319409562041152 0.190412147934909 1.03024405920995 0.0733637462249108 6.48078765272992 0.18201104423886 2.89502464338898 1.03544613539144 2.07381290052805 0.121283102368919 1.54500016609829 0.142180964495784 4.03357894444492 2.9116714446104 0.811512616687549 1.44229568891136 2.40650292615229 0 0 0 0 0 0 0 0 0 0 0 0 0 0 0 0 0 0 0 0 0 0 0
1.24450203944667 5.46942461746612 1.35423442875988 0.730398812886846 1.49197013023538 1.41782896334952 0.837213759635724 1.46963423790017 3.15135666972508 4.35185975745394 1.79876550506385 0.18587705358984 2.96017150243169 0.206234031608624 0.811134924964479 0.868964480608414 0.82095403841637 1.67506699884498 1.27811356745043 0.874396733789442 0.49454774794805 1.5649988431489 1.41894834706356 0.602538119184625 0 0 0 0 0 0 0 0 0 0 0 0 0 0 0 0 0 0 0 0 0 0 0 0 0
0.442643892965666 2.71145572861916 0.372796433197344 7.34738700851932 2.01341045855199 0.0677536601166727 2.30822080868206 1.52277347456827 3.02801635341528 4.78301600226815 0.181827158444414 4.71918578151613 0.298104015645161 0.473819064084955 3.6143160858056 1.16022644047407 2.08666843399938 0.233247201436845 2.33448843186845 4.40876220490762 1.20872470387496 1.29313406778161 0 0 0 0 0 0 0 0 0 0 0 0 0 0 0 0 0 0 0 0 0 0 0 0 0 0 0
3.01294669368511 0.632917848874994 0.481147021730384 1.22883526534265 1.87882547490272 1.46584811219478 1.62147361007657 2.0454100303499 1.83451385487668 5.76948525506281 10.3695113012732 0.79566112980731 0.694504322995815 2.65680908512882 3.26724237810033 4.74484251942054 0.283297725622149 0.36498827903649 0.886226348019187 4.48460507116244 0 0 0 0 0 0 0 0 0 0 0 0 0 0 0 0 0 0 0 0 0 0 0 0 0 0 0 0 0
0.0903265651328281 0.0189572382478973 2.61277230758685 1.34576672664611 3.81488437535787 0.633965346941612 2.20249762672405 14.2498067036421 0.133100061098002 1.51919690360691 0.66328248989281 0.704859541056943 1.38077939715701 0.682100042795824 4.12711885392055 7.51032312913797 0.269751314531752 4.69442540399199 0 0 0 0 0 0 0 0 0 0 0 0 0 0 0 0 0 0 0 0 0 0 0 0 0 0 0 0 0 0 0
1.11483650223958 0.114894750345239 0.180756097719106 11.7653347734828 1.27807335992017 0.180145397696224 2.20873099426623 1.31131227221957 1.04405508287664 1.3731984852933 0.143128040764752 5.22069281853598 1.33992155753897 0.936506509038767 6.0231981950124 0.314334662330647 0 0 0 0 0 0 0 0 0 0 0 0 0 0 0 0 0 0 0 0 0 0 0 0 0 0 0 0 0 0 0 0 0
0.887363694259284 0.499858597395511 0.909607694685526 0.761892759933708 1.97852733868353 1.94707392804313 0.26739084344955 2.62821977754512 3.63945908574342 0.140183410733318 0.90703279024722 1.98405278788044 0.228099037111213 2.16987528062389 0 0 0 0 0 0 0 0 0 0 0 0 0 0 0 0 0 0 0 0 0 0 0 0 0 0 0 0 0 0 0 0 0 0 0
0.457987869109393 0.244063146569583 1.21024861094373 7.44358894272578 0.0682141213043324 2.58110575465086 1.49343840356973 0.0492218564801948 5.21505077544562 1.50483582724351 3.7976256947111 0.833184749553841 0 0 0 0 0 0 0 0 0 0 0 0 0 0 0 0 0 0 0 0 0 0 0 0 0 0 0 0 0 0 0 0 0 0 0 0 0
1.04776340142474 1.57300261287293 4.63270731521282 1.53850853038262 8.25952909086118 0.930989800796999 1.63101772114006 4.32706015747729 3.28604964711448 1.70686709084321 0 0 0 0 0 0 0 0 0 0 0 0 0 0 0 0 0 0 0 0 0 0 0 0 0 0 0 0 0 0 0 0 0 0 0 0 0 0 0
0.156820072624418 0.154335968676489 6.91101763357268 0.345897503101972 2.5047928128917 0.417617970827225 1.48247800978297 0.350130423563559 0 0 0 0 0 0 0 0 0 0 0 0 0 0 0 0 0 0 0 0 0 0 0 0 0 0 0 0 0 0 0 0 0 0 0 0 0 0 0 0 0
1.27374565011792 2.91577224072579 0.0258705159545543 3.93345667861945 1.31184976745733 0.516029647043608 0 0 0 0 0 0 0 0 0 0 0 0 0 0 0 0 0 0 0 0 0 0 0 0 0 0 0 0 0 0 0 0 0 0 0 0 0 0 0 0 0 0 0
3.10588646344424 0.526116703646033 2.57021716256896 1.16699206447418 0 0 0 0 0 0 0 0 0 0 0 0 0 0 0 0 0 0 0 0 0 0 0 0 0 0 0 0 0 0 0 0 0 0 0 0 0 0 0 0 0 0 0 0 0
5.28183254178217 0.999062527092767 0 0 0 0 0 0 0 0 0 0 0 0 0 0 0 0 0 0 0 0 0 0 0 0 0 0 0 0 0 0 0 0 0 0 0 0 0 0 0 0 0 0 0 0 0 0 0
