4.15123392702615 0 0 0 0 0 0 0 0 0 0 0 0 0 0 0 0 0 0 0 0 0 0 0 0 0 0 0 0 0 0 0 0 0 0 0 0 0 0 0 0 0 0 0 0 0 0 0 0
2.25098226126854 0.66046303824676 0 0 0 0 0 0 0 0 0 0 0 0 0 0 0 0 0 0 0 0 0 0 0 0 0 0 0 0 0 0 0 0 0 0 0 0 0 0 0 0 0 0 0 0 0 0 0
11.2101268544064 0.0579089517619055 1.34982176821634 0 0 0 0 0 0 0 0 0 0 0 0 0 0 0 0 0 0 0 0 0 0 0 0 0 0 0 0 0 0 0 0 0 0 0 0 0 0 0 0 0 0 0 0 0 0
0.300697474442389 0.896504292024878 6.51403551110212 0.822782313198441 0 0 0 0 0 0 0 0 0 0 0 0 0 0 0 0 0 0 0 0 0 0 0 0 0 0 0 0 0 0 0 0 0 0 0 0 0 0 0 0 0 0 0 0 0
1.12687364368266 2.51389802460598 4.84461302587698 2.71545788469486 3.16435567074888 0 0 0 0 0 0 0 0 0 0 0 0 0 0 0 0 0 0 0 0 0 0 0 0 0 0 0 0 0 0 0 0 0 0 0 0 0 0 0 0 0 0 0 0
0.512217819903753 0.839283828212094 0.869656713580414 1.2299393598263 0.749055332018686 0.770431638420132 0 0 0 0 0 0 0 0 0 0 0 0 0 0 0 0 0 0 0 0 0 0 0 0 0 0 0 0 0 0 0 0 0 0 0 0 0 0 0 0 0 0 0
11.3831370263025 0.22524037154077 2.74568637286519 4.5327179995036 0.572174540940796 1.14793314743387 0.181192309696846 0 0 0 0 0 0 0 0 0 0 0 0 0 0 0 0 0 0 0 0 0 0 0 0 0 0 0 0 0 0 0 0 0 0 0 0 0 0 0 0 0 0
1.31676730224857 0.823132945552301 1.75845772645607 7.98362235698919 6.13427810744681 1.17590698521406 2.94978329170993 1.73595384870652 0 0 0 0 0 0 0 0 0 0 0 0 0 0 0 0 0 0 0 0 0 0 0 0 0 0 0 0 0 0 0 0 0 0 0 0 0 0 0 0 0
3.90210851465589 1.4393161897357 0.389194265162081 2.39686430365471 4.78473117247525 1.06802499157164 0.0607326511117876 5.64144981079428 5.78437459732926 0 0 0 0 0 0 0 0 0 0 0 0 0 0 0 0 0 0 0 0 0 0 0 0 0 0 0 0 0 0 0 0 0 0 0 0 0 0 0 0
1.32520648913593 0.51529096483844 1.96506420809947 0.0145404589996364 1.06716869332245 0.126929628282216 1.15542599700596 1.28182432137775 5.68618760766344 2.67077727696343 0 0 0 0 0 0 0 0 0 0 0 0 0 0 0 0 0 0 0 0 0 0 0 0 0 0 0 0 0 0 0 0 0 0 0 0 0 0 0
1.43463123369355 1.964832439355 1.78727496308663 3.07193347428189 2.74941347102516 4.46019184697321 4.00574293429802 0.895702232420201 1.01309770385148 0.628305755237151 1.0017408664044 0 0 0 0 0 0 0 0 0 0 0 0 0 0 0 0 0 0 0 0 0 0 0 0 0 0 0 0 0 0 0 0 0 0 0 0 0 0
0.137723179809968 1.94327168406282 0.980498421675189 1.18611983818402 1.95574434367221 3.68563861316669 2.4014997271585 6.24663642219555 0.428933458904659 4.85645909371524 3.55402003972569 0.819452897890621 0 0 0 0 0 0 0 0 0 0 0 0 0 0 0 0 0 0 0 0 0 0 0 0 0 0 0 0 0 0 0 0 0 0 0 0 0
1.2215915075703 2.33511261396029 4.12158217483638 0.96968263286153 2.03651463559862 0.143622904190984 2.10422873375882 0.512113437196632 1.78535909263758 1.05532124747173 0.472265116231751 2.28268965695967 10.2538311789416 0 0 0 0 0 0 0 0 0 0 0 0 0 0 0 0 0 0 0 0 0 0 0 0 0 0 0 0 0 0 0 0 0 0 0 0
1.13065335055305 0.737071464203047 3.81093947044546 4.38228843200933 3.8732041981289 8.5582766191065 3.37262397767163 0.382698592111747 3.22280240481299 0.277919674394538 2.71930341509874 3.98666900302626 1.73070504950791 0.258384495579588 0 0 0 0 0 0 0 0 0 0 0 0 0 0 0 0 0 0 0 0 0 0 0 0 0 0 0 0 0 0 0 0 0 0 0
0.081539750550953 1.50751913386662 0.401532565040433 2.25024543273276 0.658642728158462 0.615525013593494 1.67376579931871 4.16414935826301 2.81235446388421 3.53189471632374 0.91249690247092 0.627558137273829 0.242963359443315 3.03652454115061 1.87947855538259 0 0 0 0 0 0 0 0 0 0 0 0 0 0 0 0 0 0 0 0 0 0 0 0 0 0 0 0 0 0 0 0 0 0
0.712594494815153 6.61750290933816 1.82670955286618 1.04570749579378 0.882212636355816 4.75961106968681 2.66573636987682 0.39298355331861 3.07094620210591 2.46846650405592 2.69887379775166 2.36642492350307 3.44631449322191 4.30658327946615 1.55992999263616 6.88473188911694 0 0 0 0 0 0 0 0 0 0 0 0 0 0 0 0 0 0 0 0 0 0 0 0 0 0 0 0 0 0 0 0 0
2.09244395848283 3.44796154944308 1.61247835945129 1.06931265926194 1.26150050758199 11.5918369381987 2.46120259029369 0.215406702391896 5.41893486408555 2.82351146363444 0.63556283532239 4.11857724875495 1.58761727065096 2.02836635768044 1.74627760678937 5.74426659992732 0.476665058678673 0 0 0 0 0 0 0 0 0 0 0 0 0 0 0 0 0 0 0 0 0 0 0 0 0 0 0 0 0 0 0 0
1.08069240728164 0.953384197014382 0.263832522528528 0.988849086815419 0.665002593959728 0.911347253739917 2.28088144860499 4.62704935355935 3.47486785661275 0.153863751429921 2.46690492218562 4.48528937230135 0.550809909192568 2.59073057022014 0.391268371970743 0.00993845674838643 1.29734944782136 1.42375783554464 0 0 0 0 0 0 0 0 0 0 0 0 0 0 0 0 0 0 0 0 0 0 0 0 0 0 0 0 0 0 0
0.994714745316403 1.4204654288253 4.94883121138851 2.7848328977275 0.482973819592449 4.45496379741426 3.28438694656152 2.85684315122024 2.11862207434985 3.44432344715877 3.07285915677718 2.62456204313268 3.00727863941599 8.66423229248652 0.0368095519200048 0.366922555046666 1.6099150666692 0.958611998738169 3.7134580783649 0 0 0 0 0 0 0 0 0 0 0 0 0 0 0 0 0 0 0 0 0 0 0 0 0 0 0 0 0 0
1.37360646736023 6.7573342295167 0.0793987052974819 2.75701043823085 1.01450988630772 7.84067816382535 0.0587727497412036 4.17650666327676 9.13575875843341 0.97969629430178 0.71161138483208 1.9356807234145 6.6741798789681 2.59245001772223 4.21780731768889 0.832755132808153 8.64678483244818 2.10603715986594 3.09559103965128 0.131241119515852 0 0 0 0 0 0 0 0 0 0 0 0 0 0 0 0 0 0 0 0 0 0 0 0 0 0 0 0 0
1.92013608784531 3.73677683835577 1.47569932283113 1.34636804067916 0.992872246601225 6.11945899788727 1.20178482587134 0.124018638612944 1.05065273843214 1.1457170691762 2.00123441626429 1.74718135931728 4.00897027868476 0.826221873007711 2.22525705608976 7.16983332043223 4.8059395527814 1.84660451071413 2.94433904316259 4.6624400032094 1.06076464602249 0 0 0 0 0 0 0 0 0 0 0 0 0 0 0 0 0 0 0 0 0 0 0 0 0 0 0 0
4.14976888829423 3.45095674432324 0.17268903201874 2.20400967512065 1.062215675381 7.22292114604183 5.64772629794665 4.78790507838373 2.92721253408252 3.22621415136082 3.85674829812832 1.86142976934058 0.842201038206361 2.51374595034332 1.55937436570993 1.15496325632414 0.680741795243252 1.72250925348158 0.562095361664677 1.60034180077927 3.16505602527486 4.06914607265901 0 0 0 0 0 0 0 0 0 0 0 0 0 0 0 0 0 0 0 0 0 0 0 0 0 0 0
0.142558369836765 3.7049658164817 5.92285597665105 1.84768019363341 1.91411934970163 3.40676452956686 3.1917828320868 2.84066775725401 0.918551031488705 1.42710775497884 2.33817857456226 0.942128528697384 0.275043995115664 3.37079513470906 2.11192148710947 4.33703176754409 3.7326054924862 2.68102792261291 2.02323270910761 1.61757274879173 8.71270877114691 5.06462098575086 0.781183678515066 0 0 0 0 0 0 0 0 0 0 0 0 0 0 0 0 0 0 0 0 0 0 0 0 0 0
1.85291045060729 1.73302602781364 0.23880991258956 0.802249375596931 1.59271460256253 2.09417520563068 2.71413684071671 0.846409992529573 8.59514614274127 2.22796353642065 1.24481098778104 2.0900311131491 5.37169363673924 3.79435152246734 1.76684496577232 0.301821838022523 6.8170407609513 0.199010953434179 6.52134380114745 3.58891645398491 4.86479055950889 0.77365340621236 1.39188982422001 3.02009652144736 0 0 0 0 0 0 0 0 0 0 0 0 0 0 0 0 0 0 0 0 0 0 0 0 0
0.573539173591608 3.45858302294903 0.8530350579396 0.260072920394496 1.35053357694257 3.76400572916632 5.16596220746556 0.755284375514379 1.2467781115305 1.54629112708984 2.60308303291853 6.13353668880812 0.21627090310926 4.88047253649725 0.954861049371038 9.96494602485604 2.3386954295336 1.16361832530936 1.42703588698108 1.54859213024752 0.340714688696818 1.44344970594161 1.20691706196536 2.1412474741815 1.25578446750306 0 0 0 0 0 0 0 0 0 0 0 0 0 0 0 0 0 0 0 0 0 0 0 0
0.15126484088565 0.786801350294624 1.96642800984208 0.442485808969498 2.75869858531863 0.872012959748632 1.12774832723566 2.14965705835524 6.38221862834492 1.56466461065699 1.87737249662685 2.48022451463167 1.66659788706993 1.81740669990189 2.20555711337795 1.4465500172498 1.53783921651332 1.29070874243892 4.95808542692315 8.1485561648175 0.181236760400928 4.41196652932801 1.15521919159516 2.8914787492874 0.919028640312506 7.23542523075994 0 0 0 0 0 0 0 0 0 0 0 0 0 0 0 0 0 0 0 0 0 0 0
1.09525868325637 5.0716936675974 4.24251687083998 2.3732411823869 0.155449714490273 1.37621312145407 1.63279418547955 3.88463024390462 0.978621510703668 1.95595407224972 1.14678785870521 0.785908308603093 0.835336866225099 0.0769409483708132 0.925753678386528 0.181618663154329 0.674640093513603 2.4990080338121 3.40493556072176 6.47278593226147 2.06944945428542 4.04358534934167 5.1435315173595 5.43647742533262 1.64389999943084 0.448146546369043 0.847826911821112 0 0 0 0 0 0 0 0 0 0 0 0 0 0 0 0 0 0 0 0 0 0
4.19455395914984 0.067160538249814 1.95593055964183 1.04232959092885 0.0590462490063571 0.636082118505906 1.74099189243303 2.60548440546021 2.54317556725564 2.28787686733513 0.248533562407732 1.33835403690988 3.86466516990299 2.39957710417277 1.9517781974056 1.26952621879356 7.00642087516205 3.96164636087392 0.48259434536202 0.665345567929284 1.59044208100564 6.21229877582907 1.62242375847981 0.983990289883921 1.15525763606548 5.1499411636785 3.24422598557798 0.184918839911399 0 0 0 0 0 0 0 0 0 0 0 0 0 0 0 0 0 0 0 0 0
3.3564349112502 1.07772085461466 2.7776193526717 2.33187270320703 0.524795876396851 6.28077206459456 0.160702208804449 1.49511037934137 3.08663714378293 3.33170260184443 0.655023627755242 0.15110660580363 9.06529388235695 9.37916060426515 0.805875937485925 1.08612646460612 1.23660059735794 5.17165425431232 3.85958745983198 2.61742679264533 0.148074856143457 1.59870824983744 1.89661483485626 3.04012814635577 0.329300456132533 2.6359103703941 2.56964567793115 0.92279628176212 11.6765424761696 0 0 0 0 0 0 0 0 0 0 0 0 0 0 0 0 0 0 0 0
0.720665912089223 1.13681608843906 2.41396190893849 1.67567749539051 1.83191792320146 3.8490841640225 3.41500827410131 2.71597030141285 0.430671691633651 2.58839893107549 0.667680250281584 2.8627764482308 2.09143613950319 3.87464072526823 0.0511500799856217 0.858059906780013 0.335529731384887 3.96310191158095 0.888564663275043 4.56815178550293 0.916873645126232 5.33754874444373 2.34956191868929 2.13954149941259 7.47574385771298 1.25518456607515 0.114683830714628 2.57495039301479 1.83608315700034 0.175280736229619 0 0 0 0 0 0 0 0 0 0 0 0 0 0 0 0 0 0 0
0.0352526490032307 2.97420073090464 0.465032976993382 2.59195576000079 0.0881404534744049 2.65650720312653 0.97607049579174 2.27343228099798 5.0429645862724 3.23958315769537 3.77200794096899 0.239124136846077 8.48373498851477 6.07820828204566 0.753922693587383 0.74053966596226 2.65199408208311 1.91061060376906 0.100713059403766 0.691541148984908 5.28267777720994 0.218168154422478 1.20827728108268 2.05885231752634 17.0546858578537 2.35145459186635 3.22547537294837 0.650286995417788 1.45865775633757 2.03817606265687 0.577661507738155 0 0 0 0 0 0 0 0 0 0 0 0 0 0 0 0 0 0
4.57743010700341 2.51056947513925 1.71471682263558 0.43638052101805 3.05747586474972 0.912820214275152 5.05260647620719 0.864222906631044 5.92973885694291 2.1706733986251 2.60417746794259 3.09646379095168 9.65842714206828 1.20548036065484 1.93589545801294 1.18401249462193 0.422927427396144 0.808230157878188 3.74269371146682 3.45313903449107 0.245020352286932 6.12057526725595 7.0783026892462 2.1101197586071 1.32490722724462 0.684825248926783 0.329789009678464 1.47034642705591 7.15869116308717 0.661436016199578 3.51117496920508 3.04473966248961 0 0 0 0 0 0 0 0 0 0 0 0 0 0 0 0 0
0.675416794382895 1.28656191429031 0.146497674577008 0.354099937579404 1.40064365704392 7.47892484203519 0.103269798156973 6.51239387463134 0.681846961729484 2.20188511306899 1.88212812618383 4.27816130432915 0.604111286015331 2.24454560448429 1.07116359824926 0.640612446170356 0.142084609615798 0.132348328669011 8.00821010491209 0.772129090334451 0.197053608861326 4.29768967032706 5.90729679528041 0.252246386175702 3.3300522741627 0.945392804429191 1.3670375196915 0.651051186828916 5.59792676606929 1.45201777930882 0.456344406491188 2.35544115763033 1.41469227682311 0 0 0 0 0 0 0 0 0 0 0 0 0 0 0 0
0.811737436452868 2.19919043554961 1.88698798411664 0.494157017487901 0.0964175205586072 2.70575211291534 6.30875422947236 0.13966656959438 3.97488101146104 0.401430372899097 3.17575623976648 1.09870814035531 1.08949082846668 2.7165580739083 1.06857882338524 0.562705381482235 1.02786188702566 0.278536651588167 0.374312172824837 2.93447617189033 10.6273297407351 0.661108300418476 1.43416989743428 2.99612132698527 7.62776013181036 0.662036217650798 0.723687817362736 1.53982881898761 2.10150610639892 2.84385222214965 1.00382042880511 1.90095273565856 0 0 0 0 0 0 0 0 0 0 0 0 0 0 0 0 0
2.71686759761943 5.05970646668678 16.8758600779648 1.68773305589502 2.88121765787209 3.34110531655617 3.56096691306821 0.413630753657813 0.453580367837848 0.0530863930777133 0.30745406527023 0.540265709681043 2.81668116415122 0.705903631284941 3.37187284807207 0.144146501435232 0.725962957788156 0.222542130601095 0.458688120533207 2.39138655547536 1.05392905194046 4.04568077618163 1.47251787393213 1.88620427675652 3.28062002175041 2.99959427566583 1.37009424761656 2.16676895346196 0.187013264567355 2.52338760216086 0 0 0 0 0 0 0 0 0 0 0 0 0 0 0 0 0 0 0
0.710005599081427 0.138180974257545 2.35947700413733 1.91058779058919 1.03478426852903 8.87590206865725 1.95929049454361 1.5680809205531 8.44901610048066 0.249499451892893 0.905819990228172 6.07923862793946 1.25514391577789 3.43018573341427 1.03755728662734 2.92074657821641 1.31481804695975 1.55509092407331 1.57241107217687 6.0939955829708 0.606071163566104 1.55229326054047 5.4732086536741 2.38389042487043 1.60680128903853 2.92374902428102 0.599523656357775 2.47489313048719 0 0 0 0 0 0 0 0 0 0 0 0 0 0 0 0 0 0 0 0 0
11.5272509455682 0.147490529398107 4.13314461766192 7.46634816723962 0.537129898099963 5.84696601598507 1.09598229179152 5.77521971380864 1.72927448496337 1.21621693904503 8.72491365997425 0.892991943108162 2.05773798965042 0.488784656627441 2.78903447602085 0.0111934151922635 1.12099536619037 0.409790877819435 2.97704304487207 0.0250606608552935 2.17424622842539 3.82087957201537 0.460159529524717 2.84954766915501 3.89647384020411 1.54233579327828 0 0 0 0 0 0 0 0 0 0 0 0 0 0 0 0 0 0 0 0 0 0 0
3.96064315309642 2.0465644080444 6.47905161151316 10.6764511710011 6.86846975109153 0.85137505654894 4.00866421438499 0.281850468893153 1.34004861457276 0.0892505490425466 3.65682768051458 3.4143363973362 4.7835966777376 0.172315299827217 3.2786060598081 3.24679704820354 0.235825544858833 6.03995290971177 4.6665303648199 0.0754989223526802 0.320090165941839 0.814039495016586 1.71186630060764 2.73553751226792 0 0 0 0 0 0 0 0 0 0 0 0 0 0 0 0 0 0 0 0 0 0 0 0 0
2.37658314998333 0.980911490562396 8.99981241745838 1.43579228170129 7.19207302355099 2.95221780147275 3.54337329592505 1.56488181153895 3.72956176381236 0.119326952650904 0.14520651247744 0.163448964694117 0.309672824718298 1.533652370867 0.143085268956829 5.90631247495754 0.13741020184735 0.330699929841969 3.75999158000943 2.43688555561094 4.48607428819261 3.56523285210051 0 0 0 0 0 0 0 0 0 0 0 0 0 0 0 0 0 0 0 0 0 0 0 0 0 0 0
3.1236993120866 2.50093048493555 0.387865182356948 3.32203933933432 0.534264376532555 3.56500851786071 1.86661022691529 0.138095883605996 3.42924546758409 3.34408466426605 1.23923294770163 1.04059652712768 0.709785005710807 0.6483254044322 2.00081709990468 4.67550064183473 1.26627739577207 1.3881248431814 2.22778425299461 3.0041851030832 0 0 0 0 0 0 0 0 0 0 0 0 0 0 0 0 0 0 0 0 0 0 0 0 0 0 0 0 0
8.23688312492652 0.688856206357407 2.62906117557213 6.55517751215438 0.598933298642712 2.1841762124962 1.6865910439064 5.34155322696462 1.31698291866663 0.324148699259045 4.21742467774623 0.497428517053343 1.8321702824757 1.86802242018339 2.52343510361872 0.149706428912557 0.939226092259539 0.224035691192836 0 0 0 0 0 0 0 0 0 0 0 0 0 0 0 0 0 0 0 0 0 0 0 0 0 0 0 0 0 0 0
7.26902485994276 1.0978872173818 5.21354012207404 0.457763312142052 0.379398623966466 7.13362063240647 0.861323509216089 0.0718252118525527 1.66696005904638 7.53185250260816 0.00103984811780858 0.57924417336426 2.84656095415611 0.109343413588976 0.98151688449442 0.123166498871907 0 0 0 0 0 0 0 0 0 0 0 0 0 0 0 0 0 0 0 0 0 0 0 0 0 0 0 0 0 0 0 0 0
1.52114618138085 0.0795564622253438 0.796109402095341 0.497041935536537 1.19910158366127 1.54318288498814 2.52680287036484 4.59349154699285 0.666606448483822 1.50400442899636 4.45427773537032 0.826055034526241 4.61998351030844 3.65694999835201 0 0 0 0 0 0 0 0 0 0 0 0 0 0 0 0 0 0 0 0 0 0 0 0 0 0 0 0 0 0 0 0 0 0 0
1.87390521827648 1.22813157469734 0.352437181065018 1.47148596145506 0.813987335244368 2.43068934441455 0.337425203668287 0.455057793053559 0.965763603514075 0.524395387503479 4.13685161439455 3.91704059175927 0 0 0 0 0 0 0 0 0 0 0 0 0 0 0 0 0 0 0 0 0 0 0 0 0 0 0 0 0 0 0 0 0 0 0 0 0
0.231005382826037 1.02940660855849 1.53001063154525 1.663684714535 2.52612526002409 1.1236371538101 1.10483409422422 0.614100420436424 4.61269197156278 0.232735557056422 0 0 0 0 0 0 0 0 0 0 0 0 0 0 0 0 0 0 0 0 0 0 0 0 0 0 0 0 0 0 0 0 0 0 0 0 0 0 0
0.840878023648586 2.43978579395877 0.0578317766227089 1.16724830782212 0.431570547580259 0.451645699281606 3.49220786759679 9.47397460378823 0 0 0 0 0 0 0 0 0 0 0 0 0 0 0 0 0 0 0 0 0 0 0 0 0 0 0 0 0 0 0 0 0 0 0 0 0 0 0 0 0
0.121357390136972 1.26871044000562 3.14112860615434 2.37692084307706 0.11281615181826 0.547162333760783 0 0 0 0 0 0 0 0 0 0 0 0 0 0 0 0 0 0 0 0 0 0 0 0 0 0 0 0 0 0 0 0 0 0 0 0 0 0 0 0 0 0 0
1.96075343873369 0.380809733005305 1.11587061563747 0.895896912276304 0 0 0 0 0 0 0 0 0 0 0 0 0 0 0 0 0 0 0 0 0 0 0 0 0 0 0 0 0 0 0 0 0 0 0 0 0 0 0 0 0 0 0 0 0
0.094385675686165 0.645782666167311 0 0 0 0 0 0 0 0 0 0 0 0 0 0 0 0 0 0 0 0 0 0 0 0 0 0 0 0 0 0 0 0 0 0 0 0 0 0 0 0 0 0 0 0 0 0 0
