5.43489410693672 0 0 0 0 0 0 0 0 0 0 0 0 0 0 0 0 0 0 0 0 0 0 0 0 0 0 0 0 0 0 0 0 0 0 0 0 0 0 0 0 0 0 0 0 0 0 0 0
3.33840370062241 3.70099250106542 0 0 0 0 0 0 0 0 0 0 0 0 0 0 0 0 0 0 0 0 0 0 0 0 0 0 0 0 0 0 0 0 0 0 0 0 0 0 0 0 0 0 0 0 0 0 0
3.80005809275163 3.69259210976981 0.0137468534002456 0 0 0 0 0 0 0 0 0 0 0 0 0 0 0 0 0 0 0 0 0 0 0 0 0 0 0 0 0 0 0 0 0 0 0 0 0 0 0 0 0 0 0 0 0 0
0.0310107528272162 9.21577703232125 0.251071576221764 5.60310256747409 0 0 0 0 0 0 0 0 0 0 0 0 0 0 0 0 0 0 0 0 0 0 0 0 0 0 0 0 0 0 0 0 0 0 0 0 0 0 0 0 0 0 0 0 0
4.67560703554217 3.93403628899346 0.821375776189257 0.395293018135863 1.33812718202586 0 0 0 0 0 0 0 0 0 0 0 0 0 0 0 0 0 0 0 0 0 0 0 0 0 0 0 0 0 0 0 0 0 0 0 0 0 0 0 0 0 0 0 0
1.19915312444827 5.72698141724276 7.21048158452778 1.33179110118992 4.89449670268905 3.76638599592862 0 0 0 0 0 0 0 0 0 0 0 0 0 0 0 0 0 0 0 0 0 0 0 0 0 0 0 0 0 0 0 0 0 0 0 0 0 0 0 0 0 0 0
1.41548219964912 2.31400300884266 0.641555227066808 3.8593470251644 0.917089842724866 2.29834960860225 1.13432379836884 0 0 0 0 0 0 0 0 0 0 0 0 0 0 0 0 0 0 0 0 0 0 0 0 0 0 0 0 0 0 0 0 0 0 0 0 0 0 0 0 0 0
12.6776163675451 2.82839557864062 9.64421322626768 8.19691074306559 1.10895097227913 2.941081775962 5.98491398152575 0.296318846539818 0 0 0 0 0 0 0 0 0 0 0 0 0 0 0 0 0 0 0 0 0 0 0 0 0 0 0 0 0 0 0 0 0 0 0 0 0 0 0 0 0
11.6521877215182 11.1636125062033 8.7436352876372 0.269924263068135 2.25666506676361 0.511644733807802 3.94265400859118 4.80096654251801 0.609543948517219 0 0 0 0 0 0 0 0 0 0 0 0 0 0 0 0 0 0 0 0 0 0 0 0 0 0 0 0 0 0 0 0 0 0 0 0 0 0 0 0
14.5440129663858 1.95484857265626 1.96609950999413 1.01868937717695 5.71004754365309 2.71916926000965 0.376061868808538 0.146644224122865 1.22376313536227 4.46911259958481 0 0 0 0 0 0 0 0 0 0 0 0 0 0 0 0 0 0 0 0 0 0 0 0 0 0 0 0 0 0 0 0 0 0 0 0 0 0 0
8.58700991908964 1.23485028475986 3.16318387822683 2.46210467243786 1.01019023341268 3.94680755551524 0.202841556845674 0.0235145275366143 7.26314910573892 7.64251537479793 1.13329585816907 0 0 0 0 0 0 0 0 0 0 0 0 0 0 0 0 0 0 0 0 0 0 0 0 0 0 0 0 0 0 0 0 0 0 0 0 0 0
0.346143336057075 8.27775707353733 0.176782991445542 1.1060186175994 2.1695958044731 0.323858483514128 2.04629356773391 0.125933476089225 2.17509314983692 0.305070415829654 1.18850842728637 1.22943790126529 0 0 0 0 0 0 0 0 0 0 0 0 0 0 0 0 0 0 0 0 0 0 0 0 0 0 0 0 0 0 0 0 0 0 0 0 0
0.748900867111438 0.450970923449084 4.57245450854183 0.531067159247549 0.414989110169773 7.64292725801526 3.66989306123426 7.05525238302032 0.416779597332708 4.41067397449475 0.103107087640806 6.75575107071973 0.473626343605493 0 0 0 0 0 0 0 0 0 0 0 0 0 0 0 0 0 0 0 0 0 0 0 0 0 0 0 0 0 0 0 0 0 0 0 0
3.30703347517618 2.86148046052626 0.965852155720467 0.995421015712117 2.04992923331974 2.18501354568753 8.42438708920187 0.729674712289051 0.191139079638925 1.81219453184684 4.41996100193254 1.99084697183371 0.592388949727928 0.955532792854476 0 0 0 0 0 0 0 0 0 0 0 0 0 0 0 0 0 0 0 0 0 0 0 0 0 0 0 0 0 0 0 0 0 0 0
17.8388729465465 2.0245102570299 0.750947663212231 1.04785309451057 0.6537192920202 3.95842345747195 1.03063507500773 1.71920289071469 2.11236913392731 4.61288099357909 7.28113921102744 2.24587403760639 2.10504135680261 0.892143508351318 0.994504336146444 0 0 0 0 0 0 0 0 0 0 0 0 0 0 0 0 0 0 0 0 0 0 0 0 0 0 0 0 0 0 0 0 0 0
0.236361465620868 1.57535489699323 0.0425708042366727 1.39798941523371 1.61270920193536 0.360665103718066 1.55200008403666 6.27714330764528 2.04247270438767 4.12661201203253 0.0627935069602324 0.468578100093916 0.190892784348686 0.651349776459207 2.30558414446106 0.54506825759786 0 0 0 0 0 0 0 0 0 0 0 0 0 0 0 0 0 0 0 0 0 0 0 0 0 0 0 0 0 0 0 0 0
1.09771509498269 4.82164422642095 1.11327832912019 0.0396004679912243 1.87694454809097 4.51177759309518 4.56008272844021 0.149503561524356 2.98846488842301 1.09035020254754 1.1980012218072 5.01595901807148 2.80776667112759 0.308346460919852 0.504958467759236 0.598873861636461 0.0107972769508702 0 0 0 0 0 0 0 0 0 0 0 0 0 0 0 0 0 0 0 0 0 0 0 0 0 0 0 0 0 0 0 0
0.234467196466715 0.411488233470921 0.84006636181699 0.656945308772525 0.230098450088244 2.83986105351397 0.0782087528846807 2.31140131114277 0.932807209460425 2.81744231413441 0.671424686802386 1.19603860777423 9.89372090577932 1.48678911829419 3.44356018424921 0.445671243368633 2.33921536126265 3.73882069487745 0 0 0 0 0 0 0 0 0 0 0 0 0 0 0 0 0 0 0 0 0 0 0 0 0 0 0 0 0 0 0
0.413232671498534 1.77099923241817 0.0513625768330567 0.310983009608609 0.318803025090895 0.173234895987468 0.776635586626372 0.84117929712807 10.6565981248764 1.16465862441681 5.37808622839339 0.385059999789654 1.17466886136121 1.07236916370326 3.89053257173023 3.43708382156456 0.241562110984047 1.22438646498158 4.32234598431125 0 0 0 0 0 0 0 0 0 0 0 0 0 0 0 0 0 0 0 0 0 0 0 0 0 0 0 0 0 0
4.28843002297777 1.45033837948795 7.81754501235322 1.50628071855671 0.749092630571147 3.45164967974128 1.13558142538352 8.13161953434956 0.857153860101016 9.5939848167609 2.88817335396338 0.905424025355744 5.00100942194481 9.82220343010854 0.396775163044971 1.11387437294259 0.286077483385522 2.52996899891919 0.243947613158794 5.45084348671879 0 0 0 0 0 0 0 0 0 0 0 0 0 0 0 0 0 0 0 0 0 0 0 0 0 0 0 0 0
0.262330591675162 2.62189762986248 1.78760213289825 3.92929944238147 1.30768580061379 8.07550926155929 0.648720466094286 0.0441355034558016 1.43936396257353 0.373648121758271 2.03991704638318 3.89900787949711 4.14959575626809 2.73637994136133 1.59594580091949 1.54794605904861 2.37761426007499 7.98986609383751 0.627706116226753 5.18849730970886 0.436129907497548 0 0 0 0 0 0 0 0 0 0 0 0 0 0 0 0 0 0 0 0 0 0 0 0 0 0 0 0
4.91643414098035 1.07193984581239 0.408502519761166 3.97218425611758 0.76710473126724 1.19167767836071 3.2402030498781 0.333799592788308 0.86560379469808 1.93514752073326 3.41512545507654 3.77706311921157 0.603264751560687 1.09107387554169 3.85323315369999 1.89561975015515 11.1959435713426 2.11037746547754 1.10198814783421 1.83553559273905 0.879536323206984 4.67138530839423 0 0 0 0 0 0 0 0 0 0 0 0 0 0 0 0 0 0 0 0 0 0 0 0 0 0 0
0.688356119028251 5.38255727718078 0.922172912884972 1.4208300095643 1.07224095553981 0.57771571252556 5.90225209831309 3.10525725582437 1.12779755818014 2.42291221185488 3.03572613212401 0.745898307316218 0.425698157944298 2.94169133054453 2.10464252152883 0.1372488884932 1.27953903027066 1.5126827584295 3.07167988906586 3.69263296198103 3.2813867563032 0.590726584299426 0.614352715197712 0 0 0 0 0 0 0 0 0 0 0 0 0 0 0 0 0 0 0 0 0 0 0 0 0 0
0.733815086259603 0.975661713223323 2.05767563925978 3.17927939174564 3.91227395079129 8.92732825588988 0.27420334739835 3.58112350444844 5.06984252503675 2.63093435101097 3.50955270859511 0.968184999699482 7.36360496296667 0.966300278556691 1.22509938434964 2.45960394080352 0.649169385070292 4.80773533347111 0.334983695103464 0.401596972328293 1.91652268256714 1.28678476042256 2.16394467503765 4.12388006868922 0 0 0 0 0 0 0 0 0 0 0 0 0 0 0 0 0 0 0 0 0 0 0 0 0
10.4841643723426 10.6096244102246 1.06381226728242 0.042593130723729 0.111020570268467 0.0422797037392538 1.0183063510558 5.82761158638892 4.30215688958248 0.647408692867074 4.64253172869646 5.53811548846912 0.240161644457944 0.0353381702261269 2.26343967867181 1.12573851096375 2.50963691903386 5.27402550613251 2.72029958373758 5.57422379066561 2.76699887787008 6.75510872383836 4.89977753561617 1.39586754103735 8.6808074071911 0 0 0 0 0 0 0 0 0 0 0 0 0 0 0 0 0 0 0 0 0 0 0 0
1.85578304285065 0.0243496267925174 3.76047833975524 4.97231807265667 1.55127573518824 8.51816929993202 1.84561485889763 3.6192606657152 0.239536412617088 1.70495198660213 6.26999190615034 4.42321092121425 4.90653714657973 0.155997262729721 2.73555743608679 0.477205820647213 0.635405830967502 4.27295290718401 2.91615452072427 0.0500557082494401 0.673123889797199 4.47266026287306 2.10243243314495 2.76545090108078 1.02158523946659 1.10165665811547 0 0 0 0 0 0 0 0 0 0 0 0 0 0 0 0 0 0 0 0 0 0 0
0.0157270897640512 1.67223610622226 3.12315669842441 2.57698144877543 1.59434040160551 0.157118584613298 4.34712414124663 1.093078273394 0.411403840703244 4.3202361811271 0.481567121415831 5.38106280843247 4.12366566854244 0.643615025890877 7.54056584642528 0.164409055220167 0.202907220383251 0.434419459182034 0.846274025051516 2.46054732868797 1.59786641272632 1.97526581074356 2.42862854115838 2.65426902776408 7.90858515405416 1.00033387141312 1.33125436758659 0 0 0 0 0 0 0 0 0 0 0 0 0 0 0 0 0 0 0 0 0 0
3.08958688484023 0.393975282395554 1.53484631760445 1.12775875184886 8.20124607248816 0.369900298959561 1.05153703257859 4.0655878655202 7.78425262032147 2.60097066268957 1.05280060741058 3.06581935265356 0.402476691233076 0.00729931119394421 8.77748090970354 2.41938950922447 2.88842394555915 0.459176254180286 0.553945654665698 2.05703135360488 2.44691104102835 8.10221085642017 2.73488968012924 4.02326293084984 12.589739593555 1.83100272115951 1.18555389747948 2.51348770759568 0 0 0 0 0 0 0 0 0 0 0 0 0 0 0 0 0 0 0 0 0
0.0114253774355534 7.43313570046689 2.58536711726827 2.26251642162383 4.25287860363267 1.44911112371198 1.44239034095148 0.6939816019757 2.54158132843151 0.719013410673578 2.12868828118218 2.70200798569183 10.9041811884031 0.382897813267236 5.5035072331768 0.698111538832083 0.784531878679343 1.86054033667224 0.320761100929148 4.2296409565505 0.851308560177715 2.6399724370253 3.73843408145573 1.61318136247542 1.92224856177677 3.26003049276245 4.31161112527895 1.93876784991971 0.220805933576865 0 0 0 0 0 0 0 0 0 0 0 0 0 0 0 0 0 0 0 0
2.9785860353438 6.69054919563745 2.27886226661374 3.71660763275926 0.484010997606074 4.95662010691419 1.47025936787332 0.745015422164908 2.39448578744824 1.65789358786272 3.63651014035575 1.05548957556251 2.08705500028444 5.74725543719582 6.38066678255324 0.38463499803306 3.00399498281325 3.1734402339205 1.38403983060408 6.53859794641067 0.306746889024568 0.505376733616089 0.655435215874704 0.554314405621282 10.6612575287061 2.12573215210478 0.844441845798881 0.965459279666482 4.14572643480083 0.311014622897229 0 0 0 0 0 0 0 0 0 0 0 0 0 0 0 0 0 0 0
2.73343791450056 0.784294651394795 4.53529226303393 8.89683705675013 1.09171239380564 7.28803165751986 2.87948542434766 1.39055030251447 1.77850048640599 0.130913913957256 7.09338995647255 1.92224352624996 4.64366687918643 2.24276864160452 0.31932961653082 0.672006079139449 1.76657210088098 0.76358739962516 0.572600531252457 2.03931463630158 1.75620489169243 1.06888950545869 3.26837941812124 0.316458228338516 0.664056969562827 5.1480669946884 1.11273423628417 1.03125209645874 4.12258495983164 0.0651036730572267 2.48128854416367 0 0 0 0 0 0 0 0 0 0 0 0 0 0 0 0 0 0
1.50694031868166 0.250489528550672 0.0153708347222449 2.64642446093926 4.48878779384506 2.44260763668533 0.49190555621752 1.64315372581636 1.87524738957187 1.34980735282074 4.04296557227949 1.22295723432425 2.50383014509947 2.80730795542029 4.95108443025555 1.20291118607098 1.1027280748493 2.99005008015999 0.54172474779422 3.60837128351074 1.10522742052755 2.24171389054105 1.20282649817483 3.35089667713349 3.54406497127892 6.64929138227414 0.0447247696304456 8.59448004481527 0.963579810756557 1.49312801603935 4.14633269571046 1.33347800249988 0 0 0 0 0 0 0 0 0 0 0 0 0 0 0 0 0
5.29865332513678 0.33784547999586 3.31986789970202 1.10561803590652 0.17989051467018 1.63936327629183 1.17887420286629 1.11916192314921 3.86967092205722 10.4071037914926 3.65731418828778 0.272537915832718 0.743695542215806 3.45331649301909 0.520537844555498 1.9418984159206 1.72253610262418 0.435741593990964 0.281556120740861 5.96917586784454 0.849802185138211 0.800470405359351 6.35837197403709 2.41195410723988 0.0781493911882472 4.86426768309816 1.1632927745232 2.66509533152266 6.88954448257928 5.86902312746999 1.30480124386003 2.60854634809754 0.354475610791242 0 0 0 0 0 0 0 0 0 0 0 0 0 0 0 0
3.00933689815123 1.57884071608061 0.561245429916426 4.46149598128892 2.85058320114534 2.21328338622539 2.38180810278927 4.96831624139722 1.95423194756185 3.43121480942376 1.58707511125243 0.122974679801634 1.51927851641303 1.08931841767334 2.05202297117686 1.66617913966701 1.93354707052872 1.44179058369088 5.45604563216106 1.13402704479596 1.10457316171249 0.983161525691421 2.60750822850327 3.32435018199808 0.860111162682455 3.2606993151387 1.69170071240722 1.7783537675835 1.05070624279283 0.561252363463826 7.94100880346272 3.22288720604842 0 0 0 0 0 0 0 0 0 0 0 0 0 0 0 0 0
2.62179954739296 6.80129706775437 4.61851941794629 3.14420455186229 1.92432943520883 0.320571581250405 4.16191346711393 3.3285105111815 2.71293009559169 3.74540963608066 0.430336845646246 0.49658387549519 0.2218509471227 0.184306628765683 7.47877567824088 1.49005515480201 2.22992175342235 0.106548272030277 1.10182187310807 6.15609928649968 2.31009908529466 5.9042611752319 0.664562476669678 0.0418927055872043 2.98055310253439 1.58527259262814 0.425971359648128 1.17969845215148 1.60144692948632 0.119493703534636 0 0 0 0 0 0 0 0 0 0 0 0 0 0 0 0 0 0 0
4.99266403192249 2.18435616491365 1.43767892939984 3.75639193245591 1.2375961664805 7.90051881039809 0.84564530084705 2.86344732574928 5.85554149215749 2.1676136923845 2.21206309357237 8.63144399768871 0.493478720539599 1.18502947597638 3.20770953878622 2.02297693687264 7.91528964785879 0.212523595981645 3.62375468209923 5.71676889580846 0.551059055151349 0.00774970399252473 0.351247508350826 0.224206240995845 3.05292638817331 1.12843397015215 1.08852365462052 3.82338800139042 0 0 0 0 0 0 0 0 0 0 0 0 0 0 0 0 0 0 0 0 0
0.182899858456282 1.16512110992224 2.69686443172361 3.56506800562537 0.0569008222733376 2.2641532840757 0.831519056528904 2.32326128550139 2.16941385785602 9.42374761582923 0.0940273704323744 0.83511756340979 0.639509189080716 2.26020812406669 0.227094796924864 1.65294844251481 0.963197774210583 0.646480344032323 0.0419082275445017 4.12968028702544 0.309144584329925 2.8557832392348 2.20048385619941 0.825666815465821 0.215397628133261 1.57603193041699 0 0 0 0 0 0 0 0 0 0 0 0 0 0 0 0 0 0 0 0 0 0 0
1.93949295329894 9.99686726961295 4.0996679979387 5.13636159146366 0.229898520872644 4.36118799220855 0.101037756036813 0.119771984438029 4.9573979127164 1.82342099657979 0.531047626813163 1.97846938255163 0.820304989828075 3.33734916225704 2.25985518791175 0.53345696403763 3.62933410030323 2.3851683589675 0.659625671776019 0.213100177016781 3.1951956402208 4.6327678402286 7.40484981190167 0.996421512003937 0 0 0 0 0 0 0 0 0 0 0 0 0 0 0 0 0 0 0 0 0 0 0 0 0
0.230282019547455 2.64114319287845 0.356461925739786 0.845873169114399 1.24027762739454 0.268400015158039 1.78785798422768 1.00612442454893 3.90664204678387 1.45425524535942 1.3335517283366 0.796070203637164 6.8986622599609 1.04200209599838 1.99382750100973 0.389991683575888 2.43015166685414 3.99931723248372 0.678700764659365 0.435234348470441 0.336175935180537 4.14394355890046 0 0 0 0 0 0 0 0 0 0 0 0 0 0 0 0 0 0 0 0 0 0 0 0 0 0 0
1.49529873356239 2.65336461737671 7.72330451042889 4.17680538185778 2.15562261303974 0.854624268223004 1.90439349833041 0.478866309349107 3.23652275830642 10.6376258476706 1.31742596619312 6.48064678651407 0.422923769297693 1.47834873836365 2.58778204963241 5.07162314638623 3.75230822220644 3.62608583545703 2.45419190800992 1.17510459043423 0 0 0 0 0 0 0 0 0 0 0 0 0 0 0 0 0 0 0 0 0 0 0 0 0 0 0 0 0
1.15010458919264 1.4349610893895 6.37954254066052 1.34052367558366 0.685051881620778 2.4935721979009 1.12791029507376 2.24147194118587 11.0665349947131 1.41024151334583 1.37592847131269 1.81601786577965 2.67564548158774 1.71971016326128 4.04666714522846 0.281143244887523 2.72840057307105 0.212092744124384 0 0 0 0 0 0 0 0 0 0 0 0 0 0 0 0 0 0 0 0 0 0 0 0 0 0 0 0 0 0 0
4.85424673836142 2.85049497827843 7.73154398546386 1.89898830955499 5.32298388817086 0.446700222502166 1.11030707742777 2.47157820642613 2.99508161661981 0.249311986003348 7.82555897644668 0.226295569586562 3.10373118246184 0.399151824195287 3.90338705246283 1.77116218069037 0 0 0 0 0 0 0 0 0 0 0 0 0 0 0 0 0 0 0 0 0 0 0 0 0 0 0 0 0 0 0 0 0
3.40853823349013 2.81347631238575 4.22756617380903 3.72781370227314 0.877594183337711 1.0793314989631 2.1029745100169 0.0735054424002734 2.01375044973091 14.339020912387 1.85767087852519 2.4278588479915 0.219547785611063 2.71644179227968 0 0 0 0 0 0 0 0 0 0 0 0 0 0 0 0 0 0 0 0 0 0 0 0 0 0 0 0 0 0 0 0 0 0 0
10.368290618408 0.38091760559347 9.42124952170239 0.2651285030975 1.81619942661611 3.46741422718549 2.35510779074208 2.99133606682752 8.89384777065466 0.124835390878824 14.9447438886245 0.711559463181198 0 0 0 0 0 0 0 0 0 0 0 0 0 0 0 0 0 0 0 0 0 0 0 0 0 0 0 0 0 0 0 0 0 0 0 0 0
1.103050988777 4.10701996714468 6.43583019647619 0.0214300168147816 2.24423724093817 0.403703352878696 1.24648324176971 1.85775808215834 4.31349606383292 7.14948445739957 0 0 0 0 0 0 0 0 0 0 0 0 0 0 0 0 0 0 0 0 0 0 0 0 0 0 0 0 0 0 0 0 0 0 0 0 0 0 0
12.0481522362206 0.873295965740761 1.9827747386997 1.29124924181705 0.828702544428917 1.40089262701517 0.0276227521598814 0.311370676289727 0 0 0 0 0 0 0 0 0 0 0 0 0 0 0 0 0 0 0 0 0 0 0 0 0 0 0 0 0 0 0 0 0 0 0 0 0 0 0 0 0
0.851257050457267 2.83614601983178 3.32401483930774 1.91973560483527 3.27648740782494 1.2921127421002 0 0 0 0 0 0 0 0 0 0 0 0 0 0 0 0 0 0 0 0 0 0 0 0 0 0 0 0 0 0 0 0 0 0 0 0 0 0 0 0 0 0 0
1.44216606096262 7.65703934624392 1.31857318099221 4.95987975199911 0 0 0 0 0 0 0 0 0 0 0 0 0 0 0 0 0 0 0 0 0 0 0 0 0 0 0 0 0 0 0 0 0 0 0 0 0 0 0 0 0 0 0 0 0
14.9013194665024 3.01809540270498 0 0 0 0 0 0 0 0 0 0 0 0 0 0 0 0 0 0 0 0 0 0 0 0 0 0 0 0 0 0 0 0 0 0 0 0 0 0 0 0 0 0 0 0 0 0 0
