0.948366317185526 0 0 0 0 0 0 0 0 0 0 0 0 0 0 0 0 0 0 0 0 0 0 0 0 0 0 0 0 0 0 0 0 0 0 0 0 0 0 0 0 0 0 0 0 0 0 0 0
0.837671322154188 2.12359740485509 0 0 0 0 0 0 0 0 0 0 0 0 0 0 0 0 0 0 0 0 0 0 0 0 0 0 0 0 0 0 0 0 0 0 0 0 0 0 0 0 0 0 0 0 0 0 0
2.17164951854353 2.77365835543468 1.90195196702651 0 0 0 0 0 0 0 0 0 0 0 0 0 0 0 0 0 0 0 0 0 0 0 0 0 0 0 0 0 0 0 0 0 0 0 0 0 0 0 0 0 0 0 0 0 0
1.13428381751699 0.135077442109259 3.7351189893135 2.55754577261929 0 0 0 0 0 0 0 0 0 0 0 0 0 0 0 0 0 0 0 0 0 0 0 0 0 0 0 0 0 0 0 0 0 0 0 0 0 0 0 0 0 0 0 0 0
1.4035039206097 1.74331054750084 0.495622800895641 0.224204263658728 0.52781903683225 0 0 0 0 0 0 0 0 0 0 0 0 0 0 0 0 0 0 0 0 0 0 0 0 0 0 0 0 0 0 0 0 0 0 0 0 0 0 0 0 0 0 0 0
2.60822690346636 1.94183723934151 3.13652018656774 3.73631642953236 3.97233349887362 1.75366775320107 0 0 0 0 0 0 0 0 0 0 0 0 0 0 0 0 0 0 0 0 0 0 0 0 0 0 0 0 0 0 0 0 0 0 0 0 0 0 0 0 0 0 0
1.0376863402063 1.36315833677049 2.92423825851856 3.14793353124051 1.75359365273511 2.46050363171484 2.88124313801698 0 0 0 0 0 0 0 0 0 0 0 0 0 0 0 0 0 0 0 0 0 0 0 0 0 0 0 0 0 0 0 0 0 0 0 0 0 0 0 0 0 0
1.03366861761064 8.21962797616481 7.72603634287129 1.17824952716473 7.81960879780513 1.58466254193263 1.05671874873523 3.5095685886027 0 0 0 0 0 0 0 0 0 0 0 0 0 0 0 0 0 0 0 0 0 0 0 0 0 0 0 0 0 0 0 0 0 0 0 0 0 0 0 0 0
0.443400877613617 1.36057729803009 0.0449478207090487 1.60015795233875 0.0169723662368241 0.727819402722035 5.73974292721574 1.76886670224776 0.0383039674757411 0 0 0 0 0 0 0 0 0 0 0 0 0 0 0 0 0 0 0 0 0 0 0 0 0 0 0 0 0 0 0 0 0 0 0 0 0 0 0 0
3.5340514168866 0.200899556757519 0.265445238489001 4.30197702971223 6.94624131752492 1.22740360240372 3.45001243913144 2.38821927438299 1.30990845944043 4.32720187204912 0 0 0 0 0 0 0 0 0 0 0 0 0 0 0 0 0 0 0 0 0 0 0 0 0 0 0 0 0 0 0 0 0 0 0 0 0 0 0
1.27519159739518 1.91881689415148 0.409931900797526 0.521449510332354 8.1349405273205 7.05480697611851 2.31812493440861 1.93897305561556 8.19139626170752 1.60762786685987 0.3767324116419 0 0 0 0 0 0 0 0 0 0 0 0 0 0 0 0 0 0 0 0 0 0 0 0 0 0 0 0 0 0 0 0 0 0 0 0 0 0
0.89489537923078 1.400297222272 1.18311731489148 0.115212308083931 0.640120849902596 2.44476981767985 1.9231320906514 1.68916707712667 2.55830194045788 3.25883184086058 2.84088149889615 5.33110282420692 0 0 0 0 0 0 0 0 0 0 0 0 0 0 0 0 0 0 0 0 0 0 0 0 0 0 0 0 0 0 0 0 0 0 0 0 0
2.05034291056445 2.30981014435263 3.53874043082826 2.26416684452576 1.90550939682483 1.60821244155897 1.32892763692684 0.739531071724316 3.54052771154565 2.78712156712436 5.58008540284663 1.48274186826082 0.694418599009454 0 0 0 0 0 0 0 0 0 0 0 0 0 0 0 0 0 0 0 0 0 0 0 0 0 0 0 0 0 0 0 0 0 0 0 0
5.80421803803012 0.644185993798849 4.46166509617899 0.105506743022015 0.994052540029756 0.558308823299991 1.20206603059856 2.54903578432995 0.391186895348279 0.381090356157707 0.685470240920271 1.14428345797087 2.46311519268796 1.1734144374385 0 0 0 0 0 0 0 0 0 0 0 0 0 0 0 0 0 0 0 0 0 0 0 0 0 0 0 0 0 0 0 0 0 0 0
6.51469000446711 0.22418635951139 3.74592886272236 5.85642832042608 1.38064695880953 0.449839690718318 4.19123853498277 2.16778952803131 0.995958619092605 0.463539088327623 2.38145187785559 1.04404234521654 3.4519517281753 1.77896221314034 0.660627042485846 0 0 0 0 0 0 0 0 0 0 0 0 0 0 0 0 0 0 0 0 0 0 0 0 0 0 0 0 0 0 0 0 0 0
1.98629083922151 0.996044693070485 0.483908703536741 0.381589153687489 2.14221791136513 4.15338043584656 3.32970106823646 4.21044247186661 4.51296596738778 1.66899683476016 0.915445068068321 0.949214083997662 3.49487982321481 0.140190704610225 5.19123718298618 0.125428501915904 0 0 0 0 0 0 0 0 0 0 0 0 0 0 0 0 0 0 0 0 0 0 0 0 0 0 0 0 0 0 0 0 0
3.12565351705771 5.08646644685773 0.876544767964261 0.727056914702301 0.512974022799328 1.41973246611625 5.23614214051737 1.25404265257741 0.141207237788001 0.70854429615154 0.632840182728309 0.877672522939361 1.13667227581209 0.987883025644225 5.19606655352256 1.5764274257846 1.39257105813386 0 0 0 0 0 0 0 0 0 0 0 0 0 0 0 0 0 0 0 0 0 0 0 0 0 0 0 0 0 0 0 0
2.27041581609332 4.70641346981826 1.63743876968829 1.94657760272566 1.28251404789296 0.62864175785002 2.29799937268561 0.121837592341918 1.08628569290794 1.01698375142417 2.46647820408126 0.343091939920131 0.493496920206398 8.34568038541127 0.820300824656331 0.246524826132507 2.18911313910212 0.460175487885403 0 0 0 0 0 0 0 0 0 0 0 0 0 0 0 0 0 0 0 0 0 0 0 0 0 0 0 0 0 0 0
1.12434761435374 0.15287373237209 0.153360767588061 5.50093837326814 4.69800234444813 2.29804829360825 0.292665074316978 4.14612134199662 1.48388020037427 3.02923703766697 4.72868453200969 0.241628846256876 3.29218890301063 5.14708202360469 5.63370483098858 2.05780200091268 7.41328110892757 0.33124371967723 1.29061075080856 0 0 0 0 0 0 0 0 0 0 0 0 0 0 0 0 0 0 0 0 0 0 0 0 0 0 0 0 0 0
2.51749305125733 7.3353363060396 2.08249596837573 2.33915020798928 2.96376939930165 0.748546392289911 2.5735743680265 2.51918350176138 0.472044312175746 0.558156992437113 0.322195684207493 1.25237588719268 0.583549965580173 2.94296449819555 2.39314964296999 2.74853998621793 0.0133479126868474 0.0511143913256144 0.246812035586541 0.151682520522121 0 0 0 0 0 0 0 0 0 0 0 0 0 0 0 0 0 0 0 0 0 0 0 0 0 0 0 0 0
2.52503889554011 0.147505637511082 1.35932885430903 3.35769603611851 0.0382974445737913 2.74298561026628 0.4454962750817 0.416834038684784 2.87377335665231 2.88774448358956 1.27320711372734 4.0344662742596 4.18041919542716 2.31397017944825 2.06275867312708 2.38159052252718 1.36576674223195 1.29475299919841 0.31211415081616 0.813559283842112 1.07381009526997 0 0 0 0 0 0 0 0 0 0 0 0 0 0 0 0 0 0 0 0 0 0 0 0 0 0 0 0
1.02048648882055 2.09801966683061 0.759834542412719 1.07571354251672 1.1027266557398 1.48528531480937 4.18505716460259 0.266607385508272 3.19269733028953 0.855207952369936 3.54398078296295 9.92943665883966 0.285047055523114 11.0922819835182 1.7104394818937 2.09497924378851 1.54444650761407 4.25919153977906 4.38922319839914 3.91570961463352 1.54092491999146 3.52818402843434 0 0 0 0 0 0 0 0 0 0 0 0 0 0 0 0 0 0 0 0 0 0 0 0 0 0 0
6.79614238070577 1.95733365138155 0.512296246363506 0.772099212258819 5.95676735136419 1.79534691519648 2.36360355710905 4.19143264599557 3.71166878980543 0.649928698157468 0.312001824561185 2.06061508525183 8.12216660837401 0.316394559547047 0.250120809410352 0.542663008510755 0.410256171506499 0.35322035076724 2.94429417107662 0.223448041276445 2.54609359431681 0.11546370211138 3.40920989545367 0 0 0 0 0 0 0 0 0 0 0 0 0 0 0 0 0 0 0 0 0 0 0 0 0 0
1.33710723633808 0.25011800348288 4.4238577472132 1.36616412758605 3.77530264574056 1.45572626863869 3.72475041035413 2.1054869652358 1.32798366619992 2.01661870591169 4.4007616878112 2.44738117257998 1.80975403257412 0.37745478429535 0.401913019654675 1.69208332725007 1.13705586668804 2.40483393970135 0.258440997391064 0.667915493329011 0.514573334371716 2.29125811604735 0.662494150883077 1.56471049569551 0 0 0 0 0 0 0 0 0 0 0 0 0 0 0 0 0 0 0 0 0 0 0 0 0
0.495715053656704 2.21904745039705 0.314351866817853 1.37724038431871 2.26210559563152 2.92109026492492 0.34681839800976 3.14421462065347 0.467762254106864 1.10637093125085 1.35337408474944 5.12639055194569 0.199833636690104 2.25752734117705 0.247526239897646 0.400802250956469 3.23236716921224 0.211298332379701 0.487395384590226 4.31994837267036 3.26091593911366 2.29751228411817 2.59985930541921 0.367525325881256 2.151892714384 0 0 0 0 0 0 0 0 0 0 0 0 0 0 0 0 0 0 0 0 0 0 0 0
1.32180010058058 1.73301878670415 0.524269639213183 0.782925086116592 0.632721809901194 0.0751030644000502 0.573143018800699 0.376974162332221 1.63519870109203 8.67290168472904 3.01854678511428 0.936441007872676 1.2438748185727 4.62232358340842 1.37701681331574 2.04109790812712 2.11113048151915 1.44108090926062 1.42308281485454 1.14975509641262 0.855017663533713 0.350796580030469 0.146418467242661 6.14230656601567 1.01538187582058 0.656532926198506 0 0 0 0 0 0 0 0 0 0 0 0 0 0 0 0 0 0 0 0 0 0 0
6.63059521647473 0.194940747807524 2.47041523282099 1.24618007310632 1.77421601203865 3.1459242185477 4.18454953120033 0.121043339103611 5.15377367334956 1.07261925107333 0.45569359543098 1.42316134835063 2.63419217600344 1.81104943414933 5.11328883490722 3.19964332735428 4.34043569396364 0.372050750873987 8.07385784907118 1.13978384628929 0.269523554494226 1.81518750998935 7.72672240781119 0.651547794461985 0.0576912136646226 2.69369955129583 6.92738451682263 0 0 0 0 0 0 0 0 0 0 0 0 0 0 0 0 0 0 0 0 0 0
0.0344307385183863 0.726858674315108 1.88837743406308 5.27256180784369 5.57340329323381 4.90702994568156 0.00337618207907037 4.86920887176108 0.873101852711212 3.51570394250228 3.71241616337209 3.05572005824004 0.149426817864049 0.393859134404975 1.51264376938647 1.63826455777451 0.688388596094745 2.52498425514204 4.47034363848427 0.0805796503903779 5.3533530788036 1.84718385558428 1.24344708773711 1.32175077468962 2.17077547577141 8.8299190963314 0.0856270201085476 7.23166920305766 0 0 0 0 0 0 0 0 0 0 0 0 0 0 0 0 0 0 0 0 0
2.22025902322534 5.52247594325283 2.26161123422947 5.52855430134861 1.77315612506792 2.81381509653958 9.14708727634797 0.675111183604916 5.59320390984815 1.45767511230473 4.74118934489403 0.012032348646551 5.552697703422 1.92910526438031 2.81712400109994 1.74078843430021 0.0785198992585823 3.72255580659148 1.14075140792835 0.741895171841489 4.26753107508501 8.01215424400551 1.15629315110659 4.23497456463652 2.94495940037065 1.70449746247741 4.63778491696033 0.00331344147118001 2.02497232869411 0 0 0 0 0 0 0 0 0 0 0 0 0 0 0 0 0 0 0 0
6.55687144796011 3.11692997985563 1.19210287887887 0.362295695951137 1.44716386289655 3.86603111571011 1.31074675991099 0.297075185663641 2.1556744495703 1.43497625773985 0.275204395514818 0.87795155259765 0.424275975762471 0.17949794119101 0.146248857841009 0.294613695538841 5.3072194288766 0.449559306364635 1.06723250472179 2.12451856065913 0.0539787375701286 0.0948213286754076 4.80671963458629 5.09102509021016 0.73047736963137 1.62189203686179 1.52657894326268 4.22162864525832 0.0522410019979216 0.220612459612648 0 0 0 0 0 0 0 0 0 0 0 0 0 0 0 0 0 0 0
3.27303891292987 1.26520512168934 0.371882755339235 3.39818816976704 9.44694999524837 4.27275492748252 4.19593366615234 0.364426412540747 1.11498497104504 1.30926959884416 6.13592247388222 0.563149200949946 2.48647716024717 0.854921613364348 1.70537406769144 1.09205719002346 0.0787885138565256 2.11308400721059 0.728543142552526 1.51118389072437 1.44289337098541 1.84752054873893 0.3358115935728 0.172510553856134 0.245053355788508 0.924459068170809 5.89007799823263 0.971336460482617 8.14364354858513 0.121373562781346 0.357541257642905 0 0 0 0 0 0 0 0 0 0 0 0 0 0 0 0 0 0
0.452143154012532 2.12506930609212 3.86081261891754 9.62511934891032 3.67231845693829 0.325013376259702 0.727455542435235 0.778903791104596 0.872861152438132 0.366500656909081 0.887726096278154 3.58052809428043 1.05685946971266 3.09936615055211 6.43701422369552 1.01503048869034 4.40998493214097 2.08489641201472 3.02423715853411 0.0789386607527456 4.16172608897127 0.330482818879398 0.568938181015121 2.57016323513795 1.26895745590347 0.416757602714901 0.80814030413382 0.653629908575732 1.11346641999506 3.08876603853529 0.125084495376157 5.25279200398691 0 0 0 0 0 0 0 0 0 0 0 0 0 0 0 0 0
0.351342565913514 0.509645022192661 6.02864260820022 0.0436175141575455 0.845183928527224 3.68858571650366 1.05225335953054 0.215333367152277 2.22611086412903 1.88313786189072 5.58764618848148 0.4927583850304 4.88950522378914 1.45881887817972 0.516365342709737 0.0881883871724391 1.32304117528938 1.59662925856532 0.363816347154152 1.73384578560171 1.50790210739475 0.245972405876929 0.337978786047731 0.983638716655628 12.4153976357614 2.48229015823986 2.9937419130274 5.81819638220585 0.0598673400698012 3.18123342172269 6.11114609785063 1.35574402978267 0.109645096040141 0 0 0 0 0 0 0 0 0 0 0 0 0 0 0 0
0.165408258700484 2.69034568414672 2.51032401535894 0.151924681977767 0.0485479161619808 1.00627218955848 2.98529371994299 0.971897034425569 4.05093400302046 8.55376009954499 4.81983475059814 0.850944363258473 0.175473668689478 0.76213433093946 0.265278540073342 0.631394473442532 1.82686659437548 4.93903962933492 0.431393836250535 1.68894722353344 0.286310696207586 0.229566448607591 0.874541089145229 1.80316052297808 0.95073315065503 1.51992926797502 4.56201459203992 2.54431574333219 0.528343720417433 0.572797771746466 5.00014539291645 1.08676163748517 0 0 0 0 0 0 0 0 0 0 0 0 0 0 0 0 0
6.94248988150052 1.00669828803193 0.826947670705576 0.38334158857164 0.610614184711638 0.647713117483473 1.63537627177387 0.464256058255981 0.874299038076696 0.947391625928757 3.67773412276464 1.09177601006469 1.26955318487961 8.94900425663621 1.66696351744124 0.529900471525406 0.516069895854656 2.48919866971828 0.354212779221395 3.75265488242703 2.09977788384234 1.40004566092271 7.89418635341229 0.0830281134036509 1.44594341967575 1.04472281593478 1.12218844672367 0.190543452387788 6.26279419000688 0.886220949716492 0 0 0 0 0 0 0 0 0 0 0 0 0 0 0 0 0 0 0
0.126015629723096 2.7721485463892 2.7498101703717 0.551599964343192 0.526752735822224 5.85646115575394 2.74907787186397 0.536967822912189 1.12212813863652 1.48291152980818 6.0928097196714 0.810821651275357 0.940683400772824 6.62226172008948 0.843531238480881 0.21343090049084 1.70216305509987 0.694294749630744 0.50737498073431 0.0530306614735792 0.666750545470209 4.48513560061208 0.538840195009873 7.31136090994604 0.693752606140879 0.209710835950354 2.48027190573276 0.636209093352677 0 0 0 0 0 0 0 0 0 0 0 0 0 0 0 0 0 0 0 0 0
0.912797797249224 7.44924421609377 0.385414271078888 0.300535255009767 0.518803995077921 0.802092031127048 2.15864936306598 1.01083320396488 1.18858818383541 2.62021242866362 0.253586214552554 6.04432628295052 1.99259281863552 3.13811676022781 1.72183423746083 0.0618575724018338 0.369997237085008 0.0498033792686434 4.07203062310784 2.20141239834343 3.62267444662073 0.765420111099657 1.65472583031699 4.34736078961423 4.56812660647591 0.191071581294162 0 0 0 0 0 0 0 0 0 0 0 0 0 0 0 0 0 0 0 0 0 0 0
1.63290354770481 0.054476300347631 1.00150781950783 0.788385847883977 0.231557046551366 6.15979854481321 3.45455015239456 3.30690207879419 2.72901262090959 0.324455882710568 0.366837474500538 0.610330806320922 2.61267552771454 0.0579940373239577 3.53414366683698 4.8581414495276 0.108107529151861 7.85268359213029 1.92669939854108 4.00424404176848 2.02662153945155 0.412549431948292 0.604275391695337 4.98620915840251 0 0 0 0 0 0 0 0 0 0 0 0 0 0 0 0 0 0 0 0 0 0 0 0 0
1.30687443174251 1.66804783443028 0.158535641662033 1.01335641144131 6.81476089316264 1.47296102500794 4.39786680112489 1.50415989191424 2.0753659403789 0.728906225237211 2.07934795392615 0.279717336080271 1.02339879730218 1.9448132874998 2.46558533145023 3.42946012766966 3.75876066059153 3.18108100635458 2.97768227315441 0.295803741406927 1.77336198819843 0.953320588463222 0 0 0 0 0 0 0 0 0 0 0 0 0 0 0 0 0 0 0 0 0 0 0 0 0 0 0
1.48740217741484 1.07998955074051 0.223332089276822 0.905357890441824 0.924763266309914 4.7863796350756 1.12617730878425 0.418610208656483 0.384566001124434 2.78167321798305 3.38640397824361 0.83525595582383 1.18438759304949 1.64230726155165 1.31788369890732 0.506263276116522 6.06045885760455 0.377150126518672 7.15216113344098 0.0627170010745651 0 0 0 0 0 0 0 0 0 0 0 0 0 0 0 0 0 0 0 0 0 0 0 0 0 0 0 0 0
1.0757900706795 1.91803528758852 0.590051910745769 1.18412057819475 1.13848172341733 5.88409127073682 0.21097024949636 0.305782001219764 0.815260143108936 1.42760798042418 0.679797420567421 6.06821489891944 7.9491880048368 0.673907645917663 0.661789919075792 2.34446007865312 1.47775256106183 0.888166698842357 0 0 0 0 0 0 0 0 0 0 0 0 0 0 0 0 0 0 0 0 0 0 0 0 0 0 0 0 0 0 0
1.97925604377598 1.28871299622326 2.36497433630697 1.19849764713297 2.79033452247278 0.618252578414305 3.36469552735199 2.77387706333048 1.53759587087531 0.66965585009942 0.449453561850854 1.79980257397796 0.955218028633705 7.09042965614394 0.642083912410945 2.16887945031104 0 0 0 0 0 0 0 0 0 0 0 0 0 0 0 0 0 0 0 0 0 0 0 0 0 0 0 0 0 0 0 0 0
2.05617087699418 2.78721106215701 0.207789418554168 3.39261946567043 0.315756919620182 5.39263116084571 1.16471801720137 0.0329556427582516 0.43639190688796 0.803640760472784 3.2626439601951 1.57846880823455 2.31614942293112 1.12650357842742 0 0 0 0 0 0 0 0 0 0 0 0 0 0 0 0 0 0 0 0 0 0 0 0 0 0 0 0 0 0 0 0 0 0 0
0.602731330713691 1.65101617842785 5.29315658780169 0.504835638598547 0.247335483729831 7.28481126419687 6.13957575226028 0.352085740038216 1.99382321444478 1.37819599859069 0.531919593801025 1.84639645564057 0 0 0 0 0 0 0 0 0 0 0 0 0 0 0 0 0 0 0 0 0 0 0 0 0 0 0 0 0 0 0 0 0 0 0 0 0
2.76773275525679 0.358443348316938 0.0410692352748374 0.487950380349799 5.21728241627783 2.38207870744424 0.830073265085276 3.50013531632059 2.35103570974982 0.416983622385094 0 0 0 0 0 0 0 0 0 0 0 0 0 0 0 0 0 0 0 0 0 0 0 0 0 0 0 0 0 0 0 0 0 0 0 0 0 0 0
1.00530087172391 0.176833797681992 3.8041339797894 6.94179424281543 2.11820453434533 0.159903099035307 5.53700406312906 0.253801653214258 0 0 0 0 0 0 0 0 0 0 0 0 0 0 0 0 0 0 0 0 0 0 0 0 0 0 0 0 0 0 0 0 0 0 0 0 0 0 0 0 0
0.067407011923857 1.28936453841614 0.252326255454204 1.76585025752395 0.64075178681479 0.110053603705947 0 0 0 0 0 0 0 0 0 0 0 0 0 0 0 0 0 0 0 0 0 0 0 0 0 0 0 0 0 0 0 0 0 0 0 0 0 0 0 0 0 0 0
4.52199483164756 2.01826454858737 1.48308027424955 0.202063077776038 0 0 0 0 0 0 0 0 0 0 0 0 0 0 0 0 0 0 0 0 0 0 0 0 0 0 0 0 0 0 0 0 0 0 0 0 0 0 0 0 0 0 0 0 0
0.395169937382865 6.03588034039908 0 0 0 0 0 0 0 0 0 0 0 0 0 0 0 0 0 0 0 0 0 0 0 0 0 0 0 0 0 0 0 0 0 0 0 0 0 0 0 0 0 0 0 0 0 0 0
