6.61954972015782 0 0 0 0 0 0 0 0 0 0 0 0 0 0 0 0 0 0 0 0 0 0 0 0 0 0 0 0 0 0 0 0 0 0 0 0 0 0 0 0 0 0 0 0 0 0 0 0
3.99171125548058 2.40087968290757 0 0 0 0 0 0 0 0 0 0 0 0 0 0 0 0 0 0 0 0 0 0 0 0 0 0 0 0 0 0 0 0 0 0 0 0 0 0 0 0 0 0 0 0 0 0 0
2.00158195999129 0.598012644557918 0.774729396448642 0 0 0 0 0 0 0 0 0 0 0 0 0 0 0 0 0 0 0 0 0 0 0 0 0 0 0 0 0 0 0 0 0 0 0 0 0 0 0 0 0 0 0 0 0 0
1.82104101325461 1.29068596544845 2.3803153787406 0.336342210085347 0 0 0 0 0 0 0 0 0 0 0 0 0 0 0 0 0 0 0 0 0 0 0 0 0 0 0 0 0 0 0 0 0 0 0 0 0 0 0 0 0 0 0 0 0
0.678538992346434 0.472270524022039 1.23347050878617 2.27322450853971 6.71546664971757 0 0 0 0 0 0 0 0 0 0 0 0 0 0 0 0 0 0 0 0 0 0 0 0 0 0 0 0 0 0 0 0 0 0 0 0 0 0 0 0 0 0 0 0
0.742120597627864 0.600251935855404 4.75112225802405 1.65295841892638 6.59426329034734 0.0505369662566737 0 0 0 0 0 0 0 0 0 0 0 0 0 0 0 0 0 0 0 0 0 0 0 0 0 0 0 0 0 0 0 0 0 0 0 0 0 0 0 0 0 0 0
6.90499032346586 1.59486087060735 4.85294472738638 3.34603959334289 0.131464193386287 0.236588522471189 4.83285246091651 0 0 0 0 0 0 0 0 0 0 0 0 0 0 0 0 0 0 0 0 0 0 0 0 0 0 0 0 0 0 0 0 0 0 0 0 0 0 0 0 0 0
0.102795487851244 5.72400742081251 1.93263742308453 0.638831126048214 0.375088590659566 2.17478921432197 0.168976794133412 4.10505467263964 0 0 0 0 0 0 0 0 0 0 0 0 0 0 0 0 0 0 0 0 0 0 0 0 0 0 0 0 0 0 0 0 0 0 0 0 0 0 0 0 0
3.64739636529013 1.23830665089043 3.34323696509237 2.4797284569499 3.29622263436533 0.414010476821272 0.0944553505312978 1.55278793032091 2.48354577766832 0 0 0 0 0 0 0 0 0 0 0 0 0 0 0 0 0 0 0 0 0 0 0 0 0 0 0 0 0 0 0 0 0 0 0 0 0 0 0 0
0.191192890128133 0.81890475678669 2.31266701481419 1.0407235045215 1.3905982276858 4.66497094266609 5.89222300923343 0.510642516533626 3.02647972265536 1.15408964983976 0 0 0 0 0 0 0 0 0 0 0 0 0 0 0 0 0 0 0 0 0 0 0 0 0 0 0 0 0 0 0 0 0 0 0 0 0 0 0
0.221112917372194 0.511383334981551 4.11944638637984 0.39487074521363 2.42763145700526 0.905423581141906 0.222134376463176 0.173274175874922 0.618017997482116 1.37014795249521 3.2160629713626 0 0 0 0 0 0 0 0 0 0 0 0 0 0 0 0 0 0 0 0 0 0 0 0 0 0 0 0 0 0 0 0 0 0 0 0 0 0
0.466822039126158 0.292150778669434 0.705064108086191 0.65469917685865 6.6167500706011 3.16251585760941 2.45920965528777 0.247334655702477 1.74851512723311 1.23999283556476 9.16745115630121 1.08852805691664 0 0 0 0 0 0 0 0 0 0 0 0 0 0 0 0 0 0 0 0 0 0 0 0 0 0 0 0 0 0 0 0 0 0 0 0 0
2.38222714123629 0.804062821642973 4.50285592351644 5.01254468798905 1.20231426517703 2.36044878771443 1.12527270495117 1.06455167989249 0.573530945725257 1.02385873557928 1.48749099571861 2.23539629966401 1.08182790926278 0 0 0 0 0 0 0 0 0 0 0 0 0 0 0 0 0 0 0 0 0 0 0 0 0 0 0 0 0 0 0 0 0 0 0 0
1.02074487393642 0.484601403582542 2.48072343250369 4.40072115188182 4.01951550937419 1.09037057992563 1.71460551752531 1.36307265524591 0.928136916101585 6.80695011154292 0.399755779167935 7.85761650731257 1.3751681757454 1.59524668873469 0 0 0 0 0 0 0 0 0 0 0 0 0 0 0 0 0 0 0 0 0 0 0 0 0 0 0 0 0 0 0 0 0 0 0
1.23345459475331 0.432399911188893 1.55230437130337 0.922268857565554 0.328954861558358 0.310227180204474 3.75614554048427 2.32779783214353 0.437318378724875 12.5785422110541 0.288189734131138 0.270271499419244 0.354405779699336 5.93887562345497 0.405240514315818 0 0 0 0 0 0 0 0 0 0 0 0 0 0 0 0 0 0 0 0 0 0 0 0 0 0 0 0 0 0 0 0 0 0
8.48921248569252 0.860660035852277 0.183365866249562 0.552757961670692 2.37924946160813 2.76111054704826 2.69278923602737 1.7352333263792 1.12694122303003 0.0795824132003371 0.494412282565044 1.82252774068067 0.735524949427832 1.8581639597034 0.235624863287535 1.6124271640881 0 0 0 0 0 0 0 0 0 0 0 0 0 0 0 0 0 0 0 0 0 0 0 0 0 0 0 0 0 0 0 0 0
6.44786488286896 2.97761239335769 1.87900671673792 0.186463185674422 0.411829843952779 0.148960544178336 0.766885891168768 4.78182384031836 10.8667012152001 1.00680786440707 0.752770092058931 1.55068422889375 2.72651034281879 6.34367677696571 1.19829400129038 0.556405597122484 1.0273772396143 0 0 0 0 0 0 0 0 0 0 0 0 0 0 0 0 0 0 0 0 0 0 0 0 0 0 0 0 0 0 0 0
1.65360684317303 2.34952750193931 0.203645660263188 4.48255064772424 2.30543125002179 1.7683707303566 1.68817535454523 0.160978708311145 4.27036506453857 0.676617439981648 0.414622627734524 12.5371885166647 2.85953808183105 2.84007908124413 0.685753337936264 3.62976790677728 0.705971237449064 0.71807971312632 0 0 0 0 0 0 0 0 0 0 0 0 0 0 0 0 0 0 0 0 0 0 0 0 0 0 0 0 0 0 0
5.85014285821165 0.525160303829613 1.56419759170156 0.27192595207363 4.27845591418911 0.421791260605068 1.47564273061026 0.089821935390456 5.55477125946861 0.384235265931109 0.440426213088709 2.25903836700424 2.46036809079982 0.400333937506139 1.49904812739507 4.73116635727788 6.42889335976511 1.46338479283255 3.05866291902633 0 0 0 0 0 0 0 0 0 0 0 0 0 0 0 0 0 0 0 0 0 0 0 0 0 0 0 0 0 0
1.43007210761693 3.7050792298587 0.442125337339336 3.70428244539734 0.203384759370412 1.30606578551113 1.40249708736072 1.95516707672693 0.809956688260556 0.314724730470705 1.6987486337744 0.265402079299026 3.87654067100394 1.27000977688042 1.72853116900592 2.01570230467884 1.82762948861568 1.22739439449451 0.960639844165895 1.7333163670456 0 0 0 0 0 0 0 0 0 0 0 0 0 0 0 0 0 0 0 0 0 0 0 0 0 0 0 0 0
0.198793681188559 4.78598531510256 4.26699595379016 0.269351224306037 1.8154711063776 0.333523897624628 1.6608901836623 2.37128458671054 4.85310497284834 5.83970917130812 4.84797959237684 1.97696029981368 0.562215568003476 0.64842594941186 2.5208946895617 0.593642267838617 2.83459037079661 0.427952483120753 6.50843617830426 0.802277787516556 3.08535296784017 0 0 0 0 0 0 0 0 0 0 0 0 0 0 0 0 0 0 0 0 0 0 0 0 0 0 0 0
0.727748919238961 4.40054197351339 3.02831190847592 1.83993889192098 1.15316963313462 0.409122078620846 0.944492070240854 0.466985629296345 5.02185957157305 3.75706441723722 5.61748173360532 4.57145249148859 6.04358401810784 1.25444407587133 4.80380361050776 0.612638751072815 0.302442738721866 1.47922924789776 1.31309604582892 1.97117643422557 1.94983624936339 3.7525101732144 0 0 0 0 0 0 0 0 0 0 0 0 0 0 0 0 0 0 0 0 0 0 0 0 0 0 0
1.62717198017357 2.78574287852069 0.561635671090146 0.319273688675997 3.07953936957702 2.06886138798997 3.30541491995168 3.79877567872871 0.0621351678298206 2.20538485947176 1.38003862104571 3.1624081041291 11.2588434108205 0.55732642508192 7.22079382356663 5.24061795807411 1.14225177389657 0.348403778676214 3.06872833087043 7.19966340681129 1.17768051924038 2.33430367840679 6.089696309898 0 0 0 0 0 0 0 0 0 0 0 0 0 0 0 0 0 0 0 0 0 0 0 0 0 0
4.41596401445198 0.819874393083199 1.21624388542213 0.046790246084516 2.73520662389716 4.57603720196079 2.96126644442263 0.307534725923733 0.817697478242412 2.95991892308893 1.01096477304584 0.186982239649079 2.33861904559101 3.17241009685291 0.0426842849697246 0.354346803577515 3.66709769801354 6.624002461589 0.691588372373753 0.666069833809057 0.26023750227261 2.83791233305191 1.56734649894021 0.435151541887395 0 0 0 0 0 0 0 0 0 0 0 0 0 0 0 0 0 0 0 0 0 0 0 0 0
9.80721568234779 0.564562214372462 0.672338126137981 5.65197553942671 2.77306787936416 1.82274207612153 0.80206947503214 0.76502890828517 0.653351090956586 2.95840818090934 1.05902308784315 2.38742123050671 0.211603050574806 1.76082487204648 1.33632471251284 0.0589645293375624 1.53401257267567 4.80500134083695 2.77755342897227 2.47966538376847 2.12189538814964 0.470994754735899 0.992823492417756 5.07243730667039 0.287539702903886 0 0 0 0 0 0 0 0 0 0 0 0 0 0 0 0 0 0 0 0 0 0 0 0
0.71345016806066 0.980348539071529 3.54495703791762 0.151950098292203 3.01612170664751 0.647955787422637 4.17815699671625 1.4372024811026 0.0838255950092068 0.541745641058793 0.421490565463368 0.0464323316694539 0.120449256944966 7.44025707474862 0.98070826072374 3.10295227165747 1.37265776719039 0.760754111117649 2.9068821934671 5.38930969872499 0.174695207270803 1.76619190011879 0.270941385379218 2.41574662577293 0.990829657978855 2.85430175913145 0 0 0 0 0 0 0 0 0 0 0 0 0 0 0 0 0 0 0 0 0 0 0
1.82779144111222 7.14838190172677 0.0842112144119048 2.93570097177289 0.152960767075789 0.0557260739915994 3.12783952168871 3.4724754698949 1.33469627756501 0.186591297804902 0.243301960799235 1.10784416020359 2.99235297820466 1.74608327427111 1.53563936657081 1.2641742874335 2.93392410618703 3.75508531279555 2.57228010138301 0.557269317862216 5.9945982699067 6.38804118455887 3.15999384356631 3.41963004471178 9.06950329449794 0.0766971721448416 4.55529229912373 0 0 0 0 0 0 0 0 0 0 0 0 0 0 0 0 0 0 0 0 0 0
1.53105982011908 1.11964978247163 3.49262616323387 0.0990892970045293 3.23256766696921 3.84918459682838 0.531369264015244 4.85381434846995 2.6110738426401 3.41080344124012 0.870261200633803 3.78858418294177 2.72604475543164 2.50374866149198 7.04773452855543 0.120372495931076 1.63226154903166 0.733177904369398 2.31091092990963 0.145463959158885 4.3066928924042 0.103166887981143 4.2123369117747 0.459126231317915 0.405250291931585 5.5061514244947 4.83869066422176 0.740061721061471 0 0 0 0 0 0 0 0 0 0 0 0 0 0 0 0 0 0 0 0 0
1.16925126120318 0.417034421885804 2.76624441979024 1.16219500102666 6.76634164671227 4.14113956578835 3.57175696988859 0.199054885448823 0.0256638437251033 0.477633679061069 4.32814431247873 0.415677164670781 5.1947338930279 1.54158145543528 1.29211965257163 1.0195241691791 8.0987614237874 4.21445965649013 2.27688090216587 3.64282244848778 0.111244271769265 1.41062834788046 6.154699111241 0.421173341926476 2.72623508532397 0.874212905879342 0.625971153150505 0.218042567758926 6.18528066547715 0 0 0 0 0 0 0 0 0 0 0 0 0 0 0 0 0 0 0 0
1.58912182113815 1.70095754810195 4.66274680610157 1.58114577930974 3.04647708705708 1.23843945528484 2.19876791880769 2.00378724649366 2.12596852284439 2.11434803349343 0.705878025741122 0.9088254093986 0.938204104247963 1.63085229938028 0.5808790880772 6.59829969378882 0.696745034987211 6.62834259351635 0.99715996190033 0.990568418155614 0.297413212557194 1.65929449545564 2.92043435912091 1.78158370022537 0.07882501122701 5.37037219618832 4.45246163484091 0.306624077568034 0.985920053442206 1.48749722030493 0 0 0 0 0 0 0 0 0 0 0 0 0 0 0 0 0 0 0
0.193051602032877 2.01380747348362 1.13834443692384 7.23252716981699 0.233055358087996 2.28448205125015 2.56067569842273 1.36947186016781 3.62144687799428 1.73141406534021 0.273872561125364 5.22656457390568 1.40472016074658 3.28073196396475 1.03826649121124 1.25462285777906 2.68025754335189 0.532853818479708 0.282234538968661 3.51842172914356 4.73338312141653 0.373765631694584 0.48454220585572 0.176186002626583 0.634366704898009 0.756846425823717 0.0346610862464019 1.54354719111141 0.391603857874753 5.17724175776194 4.71263022616567 0 0 0 0 0 0 0 0 0 0 0 0 0 0 0 0 0 0
2.05048550262687 0.059603375586883 1.0484270758811 0.744801246421422 1.0457169971682 1.41472087179544 3.15364059311485 3.21559260111395 1.15022600382735 2.9796944330682 2.13749362108051 0.110976418266844 0.18054346049652 0.568905059182664 0.32522482655789 0.267843390350785 0.756668091013425 4.84933239572254 1.28387993914915 1.40855803572556 0.791712253930793 1.04177150977829 1.88473594722196 0.903721616625566 1.34772297205316 3.27325826728737 0.316884051556542 0.693332398449276 10.8960779409748 3.69462567176205 0.0607124298193604 5.90973173006414 0 0 0 0 0 0 0 0 0 0 0 0 0 0 0 0 0
1.98165937707849 0.329620022962818 9.30468531122839 0.663256552112471 2.81759303719155 0.19958920104816 2.10307046374703 1.74862615674937 0.335837377185605 1.64457431983259 1.78490895274069 1.80459522585509 1.34222298431239 0.220734081980341 1.28486343553812 0.12733040247065 0.245672296501646 0.0517973394437909 6.84324650557982 0.480458504850201 0.145514089701406 0.992478218875187 1.6212248868428 2.66549192443067 1.68663457760876 0.807369201342154 3.1568355277472 1.65670786250429 0.717495942889741 4.32155668132242 5.49093317774446 1.87495909669289 3.27255047831689 0 0 0 0 0 0 0 0 0 0 0 0 0 0 0 0
0.597308015654271 5.58268292036206 0.45190508780907 0.328015325750065 1.32785543057238 2.3872181621492 1.66476132464817 3.65670574025007 0.731085829293566 1.21203317160546 0.346437468383682 6.64863951337676 0.675532043748839 5.07510342361195 7.82939830256688 0.361487350101226 0.229183825234245 3.71542562186267 0.724667820261958 4.42673845596912 2.96553806380536 0.333397275651883 10.2481472408315 0.243100248917337 0.158313767224417 1.41269627985466 0.560888130494029 1.22649715996701 1.39540525008857 0.984201915265332 0.599536097236344 0.35964889328892 0 0 0 0 0 0 0 0 0 0 0 0 0 0 0 0 0
5.29783301507839 1.84954807201205 1.32119614534709 0.311640177845187 3.26296182483578 1.1013532901936 1.79109572517271 4.96604568405618 0.541170175592583 0.135397658745358 0.158633428169669 1.82290801536515 0.98190476066492 3.39517198700699 0.597537220257275 1.07395738659003 3.09226142934807 5.55136198564014 4.88301168686332 1.47577874689648 1.4756806940131 2.01545003364341 2.07260025423507 0.8684202883651 3.35918518836287 3.76960250160669 1.96230130548081 0.0816421662526005 0.478828805883977 2.71104609385157 0 0 0 0 0 0 0 0 0 0 0 0 0 0 0 0 0 0 0
1.45591666653325 1.32624973354401 13.8564561687082 2.37955618880449 0.768802156226415 0.825702691445821 1.56404695059277 0.856614313019756 0.897632016824349 1.58785755704498 1.07243210506908 0.371805929466118 2.12126024868684 0.984665547969113 3.24250106010723 0.982284099119755 4.50903316131577 2.23710090963628 4.00533366453801 1.88642359682573 0.662222144700107 2.8224045413446 2.17845749912765 1.08917997422529 2.05994370536837 1.07270855385468 1.97259242147054 7.57862784979691 0 0 0 0 0 0 0 0 0 0 0 0 0 0 0 0 0 0 0 0 0
0.0578921217296173 1.31838979475836 2.34640568852807 0.699014703783517 2.80750542856166 5.81444716457974 1.62673981357423 1.65450264335608 1.34982778145222 0.613888607325068 0.43504780686417 0.528495300471809 0.21494734362215 0.358164580808466 1.96285029971937 1.95860847030461 4.54676884166877 5.42581106723506 0.755176326266912 2.07932717220649 3.33575421487651 5.53742670963462 4.76503837699125 1.0713206747546 0.786202455564824 0.214102610238978 0 0 0 0 0 0 0 0 0 0 0 0 0 0 0 0 0 0 0 0 0 0 0
1.97855589581204 0.702727112881849 1.55035043704263 0.294946478672279 0.366575859027476 0.960861911526897 1.98740419600924 0.535470979325428 1.68109837763195 0.839517921936708 0.715909017485322 1.03510467253327 5.04064754051113 3.31838933027439 1.26817018250637 4.65273109058504 2.35070203827896 0.244775612511023 3.11783589908879 3.47025908710854 1.87292164782729 1.65189599085214 7.63820994783968 0.886357094144388 0 0 0 0 0 0 0 0 0 0 0 0 0 0 0 0 0 0 0 0 0 0 0 0 0
0.997713800003742 0.820862898044001 0.911319186221612 1.51427403931744 4.09695511675227 0.927661697262969 0.698638890835508 2.49120915697909 0.586993251896907 1.05258124166288 3.64829564924335 0.182894237306414 0.975400871118295 0.463414501402706 5.25113489432893 1.89255193963741 2.8254719272178 2.76061881583316 3.6130713288135 0.299628525388104 7.06919625516477 1.1992749513375 0 0 0 0 0 0 0 0 0 0 0 0 0 0 0 0 0 0 0 0 0 0 0 0 0 0 0
0.713391583664757 0.427317794425817 0.49856136866842 1.9238705442655 0.768753353132398 2.69361908861235 0.101506547136185 1.47485626795314 1.00265368169713 0.432670021530971 2.27304302713476 4.90361468292256 0.023663349654551 1.93833102623231 1.15014007979216 0.699252430814335 1.17706007903836 0.109652509199686 0.368488723973153 0.784954683806533 0 0 0 0 0 0 0 0 0 0 0 0 0 0 0 0 0 0 0 0 0 0 0 0 0 0 0 0 0
3.60684512711226 2.61877363803714 0.714161814347497 0.27644827349081 6.20106351066571 0.58178113285132 1.9054137917917 5.39845753639787 0.55080198375699 3.33592601899642 0.86575620492458 1.07343439113253 0.247459722741267 2.81350235188398 0.178537839784957 1.30826246864522 5.90941189517798 0.112670964285494 0 0 0 0 0 0 0 0 0 0 0 0 0 0 0 0 0 0 0 0 0 0 0 0 0 0 0 0 0 0 0
0.254615279265668 1.28720928865744 3.42889515168207 1.90736497350151 2.50580025540487 3.54537741200376 2.20550942022939 1.36481302631274 1.81421011588931 0.858524553938148 0.327952754409645 0.872467369833774 1.1254460993141 0.0434860130529201 2.62993611761612 0.773460920518375 0 0 0 0 0 0 0 0 0 0 0 0 0 0 0 0 0 0 0 0 0 0 0 0 0 0 0 0 0 0 0 0 0
0.313685637697362 2.6803956350566 0.0846417128984298 0.586569894138081 1.20740548084128 0.232745229124142 1.16223322018654 6.50552035315831 4.73520276911053 1.37677857022932 1.27531256912067 0.465471596015041 0.0532008258200818 10.0888061285572 0 0 0 0 0 0 0 0 0 0 0 0 0 0 0 0 0 0 0 0 0 0 0 0 0 0 0 0 0 0 0 0 0 0 0
1.176589691902 5.75442710806491 0.469866993817903 3.90253735395593 2.41555405472061 1.52856749670073 1.94196402002833 7.21961934518071e-05 0.729687766230058 0.966905234234994 0.520303188180165 0.436438089305369 0 0 0 0 0 0 0 0 0 0 0 0 0 0 0 0 0 0 0 0 0 0 0 0 0 0 0 0 0 0 0 0 0 0 0 0 0
0.849773227960587 4.79989490988467 0.22662279402326 1.09465653210379 1.16264205119688 1.91652629010012 4.3359939012035 1.49222869833336 1.23405324908982 0.333189188156696 0 0 0 0 0 0 0 0 0 0 0 0 0 0 0 0 0 0 0 0 0 0 0 0 0 0 0 0 0 0 0 0 0 0 0 0 0 0 0
10.5820073756831 3.09584630220543 3.40284905287183 2.53544428373475 0.332531793279678 3.67516606782583 0.229690818039049 0.335413761176888 0 0 0 0 0 0 0 0 0 0 0 0 0 0 0 0 0 0 0 0 0 0 0 0 0 0 0 0 0 0 0 0 0 0 0 0 0 0 0 0 0
3.25884040575799 3.04534968150871 2.28312480689882 6.05265232762582 1.51395254534326 2.50224457867044 0 0 0 0 0 0 0 0 0 0 0 0 0 0 0 0 0 0 0 0 0 0 0 0 0 0 0 0 0 0 0 0 0 0 0 0 0 0 0 0 0 0 0
0.552016498109748 0.898027394775557 4.29660572034124 0.402709491324374 0 0 0 0 0 0 0 0 0 0 0 0 0 0 0 0 0 0 0 0 0 0 0 0 0 0 0 0 0 0 0 0 0 0 0 0 0 0 0 0 0 0 0 0 0
5.37950432281233 6.12627643514896 0 0 0 0 0 0 0 0 0 0 0 0 0 0 0 0 0 0 0 0 0 0 0 0 0 0 0 0 0 0 0 0 0 0 0 0 0 0 0 0 0 0 0 0 0 0 0
