2.49613451415697 0 0 0 0 0 0 0 0 0 0 0 0 0 0 0 0 0 0 0 0 0 0 0 0 0 0 0 0 0 0 0 0 0 0 0 0 0 0 0 0 0 0 0 0 0 0 0 0
3.41607865630311 3.90587089454512 0 0 0 0 0 0 0 0 0 0 0 0 0 0 0 0 0 0 0 0 0 0 0 0 0 0 0 0 0 0 0 0 0 0 0 0 0 0 0 0 0 0 0 0 0 0 0
0.983881166432668 1.80170410940569 1.1222358189787 0 0 0 0 0 0 0 0 0 0 0 0 0 0 0 0 0 0 0 0 0 0 0 0 0 0 0 0 0 0 0 0 0 0 0 0 0 0 0 0 0 0 0 0 0 0
1.00373116464701 0.380223647978038 0.933212249591746 1.99579438363565 0 0 0 0 0 0 0 0 0 0 0 0 0 0 0 0 0 0 0 0 0 0 0 0 0 0 0 0 0 0 0 0 0 0 0 0 0 0 0 0 0 0 0 0 0
0.956039943879937 2.09734054492109 0.290403566117429 5.18225583677966 2.68791487622066 0 0 0 0 0 0 0 0 0 0 0 0 0 0 0 0 0 0 0 0 0 0 0 0 0 0 0 0 0 0 0 0 0 0 0 0 0 0 0 0 0 0 0 0
1.97705786014241 0.228209775900246 0.0452629175787815 0.960300824281439 4.46489327737217 1.56765357844178 0 0 0 0 0 0 0 0 0 0 0 0 0 0 0 0 0 0 0 0 0 0 0 0 0 0 0 0 0 0 0 0 0 0 0 0 0 0 0 0 0 0 0
2.00799695976718 0.478527529736917 0.68585674450011 2.47081757299858 0.0884881904035304 0.481937672726781 3.34805551721329 0 0 0 0 0 0 0 0 0 0 0 0 0 0 0 0 0 0 0 0 0 0 0 0 0 0 0 0 0 0 0 0 0 0 0 0 0 0 0 0 0 0
1.40695760178825 0.277823867902265 10.2679635002382 3.86536661934135 1.01202026440042 0.772717628183996 2.4501586436457 2.07100721298166 0 0 0 0 0 0 0 0 0 0 0 0 0 0 0 0 0 0 0 0 0 0 0 0 0 0 0 0 0 0 0 0 0 0 0 0 0 0 0 0 0
1.15672257270317 2.15000791962116 1.26260985783519 4.76256683875088 2.64121365585648 0.0181667225600317 1.25731177595555 3.18018678648421 0.263093066843051 0 0 0 0 0 0 0 0 0 0 0 0 0 0 0 0 0 0 0 0 0 0 0 0 0 0 0 0 0 0 0 0 0 0 0 0 0 0 0 0
1.67602166426173 0.685541498172914 4.1390200597275 1.74779085655184 6.58704193480269 0.198703288228874 0.126109363786277 1.32458049540585 1.44262944220477 0.698438567623784 0 0 0 0 0 0 0 0 0 0 0 0 0 0 0 0 0 0 0 0 0 0 0 0 0 0 0 0 0 0 0 0 0 0 0 0 0 0 0
1.53494281331175 0.00946272438105107 1.39292706136161 2.61194142304043 1.39400368807314 1.26888477982553 3.53953037776703 2.73301906607177 2.3948952646033 1.04290733567176 2.14369419499361 0 0 0 0 0 0 0 0 0 0 0 0 0 0 0 0 0 0 0 0 0 0 0 0 0 0 0 0 0 0 0 0 0 0 0 0 0 0
0.112307720107432 2.32651860165837 1.21244560226992 0.449508437567795 2.37712509367414 5.76457647728645 1.7045485669368 1.51860818624994 3.18469225902413 4.13093310599994 2.21370767451784 0.0673229284923055 0 0 0 0 0 0 0 0 0 0 0 0 0 0 0 0 0 0 0 0 0 0 0 0 0 0 0 0 0 0 0 0 0 0 0 0 0
3.77427294068502 2.19126974083805 9.28684396409158 1.84694717728047 0.481676259629138 0.0810840648619621 0.0432787993107592 3.87774280159482 1.59712930130142 8.94008944062657 3.94029626460573 0.494398875520035 1.66896747149336 0 0 0 0 0 0 0 0 0 0 0 0 0 0 0 0 0 0 0 0 0 0 0 0 0 0 0 0 0 0 0 0 0 0 0 0
4.45973416849133 0.846937639986083 0.255463920328473 1.07288356145924 0.0145479179784753 2.89673661648644 0.149588471999445 6.15719163542447 5.25673331630252 4.18956914153184 0.983188274758966 4.77617088571772 1.61780530159599 1.75075704150676 0 0 0 0 0 0 0 0 0 0 0 0 0 0 0 0 0 0 0 0 0 0 0 0 0 0 0 0 0 0 0 0 0 0 0
1.83921188225852 0.355105151722829 4.10390933757462 2.8012687371191 1.97400353389438 0.814710574516403 1.67303135641255 2.14643604550505 5.74689623761306 4.18117944086732 0.258667485426103 1.37664917575997 4.58171430597332 2.88633894745653 0.375738240424525 0 0 0 0 0 0 0 0 0 0 0 0 0 0 0 0 0 0 0 0 0 0 0 0 0 0 0 0 0 0 0 0 0 0
0.855337484461698 5.80467485845377 2.55672308475483 0.644537106108926 1.45905160912101 1.09352771489163 2.16065658624196 0.752723723566753 3.28661887603168 0.770390021527728 0.376649708280012 3.03371288737121 3.01490872146941 1.06003799121437 1.65643735310307 1.39106093899069 0 0 0 0 0 0 0 0 0 0 0 0 0 0 0 0 0 0 0 0 0 0 0 0 0 0 0 0 0 0 0 0 0
6.00092517148677 2.36778084289126 0.450164637814392 0.564325617952049 2.07005547661453 1.06786486765661 0.593357306379679 5.53016206349566 0.74504310868638 0.176762612006215 1.5379856372735 0.304098097477988 0.356768660438964 1.37259745053297 3.93940440279939 1.57664545242031 0.893975063004623 0 0 0 0 0 0 0 0 0 0 0 0 0 0 0 0 0 0 0 0 0 0 0 0 0 0 0 0 0 0 0 0
1.8376342828821 3.31493282690848 2.63348060111317 0.582643387956333 0.749370557433908 2.56990099729375 1.8773906526146 0.660631415327164 3.97136352445915 3.69751666621156 0.644695265065431 3.09417528246686 2.85332342463881 3.29380972286422 0.928120235020291 10.3485323894136 4.04737346991994 0.619933670684769 0 0 0 0 0 0 0 0 0 0 0 0 0 0 0 0 0 0 0 0 0 0 0 0 0 0 0 0 0 0 0
2.3823298274695 2.30524214436345 0.368547177504366 1.78491126870692 1.10384021450033 0.531475676242542 0.751419174708163 3.38190389205083 2.25010344619185 2.73186722809268 1.39876247884251 2.92096043148263 5.17895751112998 1.34017640655987 2.55178249379762 0.027882277733059 1.42392945556688 0.406998013873568 2.74495755665256 0 0 0 0 0 0 0 0 0 0 0 0 0 0 0 0 0 0 0 0 0 0 0 0 0 0 0 0 0 0
0.821623748564759 3.31002227678238 0.920618829896471 0.301436200015315 3.56256964602171 4.87048991895151 3.43474327467419 1.24405978503675 3.71916507871539 1.90537833139428 2.31644821709775 0.0821195099178718 0.0144996812979657 2.55180941387472 2.61491315305495 5.03872776765179 1.84009838199566 3.46487383664041 0.583025403303673 0.822098693416743 0 0 0 0 0 0 0 0 0 0 0 0 0 0 0 0 0 0 0 0 0 0 0 0 0 0 0 0 0
3.59153738121133 4.56994195285088 0.0598442548476009 2.98336517766446 2.37601276015438 2.93597992739845 0.922258223604245 3.99830139787869 0.53483133677033 0.826702036501786 2.21700532006754 0.88799193415036 0.730779776909316 0.242050654642142 0.675071644836948 0.337983385833448 6.43215862936726 1.32191877164266 7.07431036542588 1.6492216452861 3.88882376920553 0 0 0 0 0 0 0 0 0 0 0 0 0 0 0 0 0 0 0 0 0 0 0 0 0 0 0 0
1.69033096746589 3.35930690684054 0.655964296349061 3.34093545522082 0.549977888174047 0.112529631131277 7.23929210588686 1.24171912558636 3.1578890149623 0.334246420356747 0.0986085016323451 5.81062686510594 2.88745737283241 0.850537466192771 1.20748374905663 2.63182956094106 3.15448442586717 11.8441663871893 0.17404812004056 0.57791357612212 18.1044922115372 1.94541178111571 0 0 0 0 0 0 0 0 0 0 0 0 0 0 0 0 0 0 0 0 0 0 0 0 0 0 0
0.535260785130608 1.18633891439183 0.933422416833804 2.87708816660362 0.332082232905999 2.9007287598547 0.370214307259429 2.19752080105581 2.0562657578355 1.89991095644448 4.14860367402811 6.10662175905118 9.21432939406356 4.38363760943805 0.667841174339143 1.44101315480777 1.08969228569844 1.48671221326938 4.0362398597542 1.84449372619179 0.463941122300697 0.0929209169509999 0.769037498207701 0 0 0 0 0 0 0 0 0 0 0 0 0 0 0 0 0 0 0 0 0 0 0 0 0 0
0.915051908283209 3.15340539761171 1.02971534191009 2.40574002958197 0.746018192113729 1.94907706313267 0.565151384000063 1.27563164984926 1.12066165969488 4.82767722697039 1.37256221343008 0.128742284013636 1.46468209942574 3.40244308706581 2.57161779754393 4.2296457188223 1.04008336570135 4.01305735711221 0.387612649210695 3.81643013845296 2.96396732338539 0.00886735687803438 1.23356841359726 0.71112486264174 0 0 0 0 0 0 0 0 0 0 0 0 0 0 0 0 0 0 0 0 0 0 0 0 0
0.621175073400679 0.201545030535758 6.59057767155454 0.581065630196151 1.79940300159107 2.40332273713111 2.51406942309249 1.07229595429524 3.16483166974644 1.82449021619249 0.368873110359605 0.362988915496953 0.840473610266743 1.62602076824643 1.95726706734361 1.79969276995261 0.950007633265475 3.56389514657093 2.17110373932611 4.33880756095343 0.374041938058034 0.487456777323428 0.962984846478656 1.29084754935477 0.128831467480685 0 0 0 0 0 0 0 0 0 0 0 0 0 0 0 0 0 0 0 0 0 0 0 0
1.17520397584418 2.55383938349176 6.23659919997553 1.33322945111614 0.0491258233399547 0.989546002820638 0.840719578557587 1.69580010115334 0.711763718076245 2.37924783129153 0.549085539670493 2.4947329999483 3.71041000775416 5.60848210755824 3.81397838217134 1.82438618432255 6.03668071851167 1.0117988312351 0.62201656093118 0.0576589443132176 2.29667859245913 1.07523889158502 0.618369908353425 3.28786846578085 1.14135923514886 3.83703032450707 0 0 0 0 0 0 0 0 0 0 0 0 0 0 0 0 0 0 0 0 0 0 0
3.76524180875992 1.26627218362107 2.94493179602625 9.8975286162872 3.61948533595904 1.26959230645594 0.126789388248737 1.6989151940214 3.2519839282539 3.34144121350016 0.78979178288522 2.85404287397101 3.15069791868504 4.10444517993509 1.26568548520041 0.227623127588859 3.6735247330819 4.38240300727613 1.6941567561231 2.24467897895339 0.223924093383634 1.0977503228135 1.7434593909401 0.693600034674684 5.73612197827977 0.00810801586574557 1.34256379154084 0 0 0 0 0 0 0 0 0 0 0 0 0 0 0 0 0 0 0 0 0 0
6.89814925305015 1.22084110937129 4.83310181067846 0.348256463195804 0.478818293534779 1.43116535014712 2.09969471152632 0.865073180544754 0.231770349613463 0.861643837009633 0.19776250249368 0.804906575704903 2.84696918684754 1.72307643783158 2.68453491091578 0.883984342239702 0.151389070610375 0.223552450140003 4.98992683000571 1.61555678647104 2.93050179126459 4.97273487973182 0.288792447035394 5.12500611815166 0.83597550362717 0.228674102632008 0.292847676444905 0.245092545976958 0 0 0 0 0 0 0 0 0 0 0 0 0 0 0 0 0 0 0 0 0
0.170777979102073 1.57213964762438 0.659105620161355 0.122441656527699 3.82100016896061 1.88846532318321 0.0602369477697541 0.925810529534234 4.07724361795181 0.723816158518003 0.624863227255691 2.86993061980035 2.73970931580794 0.0711055175771243 7.7495269410871 0.826463909170692 3.80061513639046 5.06688629441947 0.445114892996785 0.109562672994518 2.27602420409369 0.201527800049774 1.70753075149843 0.385268472599243 3.64111511585497 4.30072551712459 6.13755793977748 1.85907228559404 0.010225171435246 0 0 0 0 0 0 0 0 0 0 0 0 0 0 0 0 0 0 0 0
0.759245984143151 1.57392084208454 1.21452807333643 1.86467113222212 6.70849776852992 6.2204636027081 5.04033891151404 0.721951204727101 1.17230129342611 1.54503731455762 1.58172987205452 0.790195140844507 1.60954130508597 5.94615757520263 1.08314879916644 1.92740823115566 2.94412640243704 3.18040348699157 1.23167990674539 5.17103064660355 0.81418018276044 1.86944329462901 2.42945819847394 1.10709030769727 1.31252668045427 0.320027119426988 0.638472707945321 1.00671405185133 1.85867541896435 3.09500624158442 0 0 0 0 0 0 0 0 0 0 0 0 0 0 0 0 0 0 0
2.76491060806244 2.68380379462883 1.85457676799657 1.53915811921163 0.679471953533912 8.43751596936681 0.329588285655997 4.85359787670725 4.18749068773286 1.71952069032055 4.37855878729041 0.725221358357242 0.946536592108855 1.07547948241987 0.768413574630246 2.50366539613988 0.23781215588636 3.04009869202503 1.9243655846728 0.524662380601693 1.82008402699789 2.02865299325034 4.59373215992862 0.325588120947157 0.586333943861321 4.51829739336608 1.1316900936245 0.190665405144195 0.819080297817776 0.783956314011918 0.507207030879065 0 0 0 0 0 0 0 0 0 0 0 0 0 0 0 0 0 0
4.52891950126289 1.63573778899408 1.12454525794801 0.293364352231483 5.84365025696385 1.95035778304018 7.39552234286544 0.775834237582007 1.00648416419342 0.719457831355612 0.555957903160447 0.0498170499629393 0.00897153680060733 0.550422616951379 0.975492549942716 0.341213632016114 3.73425121940025 1.65841142054307 0.287080247168713 1.7007709175396 2.12606334398457 2.81042232283476 1.51612907097018 0.298451205783859 2.37642027518251 0.95760010945348 0.589860295310969 0.0149525834678066 4.65216279149069 1.42424568706115 6.25597426727125 1.97794203814079 0 0 0 0 0 0 0 0 0 0 0 0 0 0 0 0 0
0.698307715458579 1.54511720047484 0.12229769402396 0.301097596423283 7.44172426582237 0.302240337175096 0.753539502023755 1.92954267181047 0.461010474390368 3.99762385026754 5.04894650447397 3.24320340782762 0.239961557626035 0.751318741669887 0.169072113896171 6.63868387566546 1.69529173230934 7.20507576780086 1.17909795007174 0.961243172062719 0.541674187187676 5.77357425173786 2.85144678709066 3.70211057933532 1.90858690027592 0.833739654846023 9.32474052306632 0.602838260895654 1.15173645674101 1.00336327908252 0.991221171962222 5.36300058196855 2.13855919857835 0 0 0 0 0 0 0 0 0 0 0 0 0 0 0 0
0.840186763044858 1.34153586162256 0.0655067982872141 0.0494953127500084 0.682077726047884 3.78868814227611 0.940829997274546 1.73009912280985 0.546410004023165 3.20381434167455 1.04897616133169 2.31284134952456 0.175585101628331 0.0304158202754989 0.339589171273625 2.74666871680432 1.8616274527207 2.20872205849716 6.21234487851391 1.08500690545899 0.0196564615745012 1.60511690506342 2.18293307736331 1.5121083939728 0.0690959954526454 2.73370012918202 1.89618662240973 0.0977633866318408 1.78970442523698 3.09027836046116 0.778867787016805 1.03370548806828 0 0 0 0 0 0 0 0 0 0 0 0 0 0 0 0 0
0.284947997458314 4.9149042823493 0.770025542794228 4.46951136148001 4.65287404913331 0.0862666533310303 2.86377753255352 2.94761910504084 3.58730424372048 0.101902997743773 0.100962966705549 0.792859856548595 2.66520099327918 1.44141014446455 4.28914953696328 0.649067945431463 1.22481136808164 2.63068295927054 1.32431384292621 0.483861152377774 0.824688500614633 7.66337969222078 2.16426307647017 0.750911943458195 3.63717841511237 1.22171684191036 1.75617351624925 1.20637594324587 0.199239883836207 0.484722926793109 0 0 0 0 0 0 0 0 0 0 0 0 0 0 0 0 0 0 0
2.2135225586888 3.3039387791072 2.43227380916588 3.71574910801435 0.69007027657326 0.560836762708103 1.42927177937274 1.65960044775679 1.44232278895637 1.8848993771358 1.70883141666783 1.75128836874649 0.470417717621501 2.32392522902816 0.714629368067872 0.338194158129562 1.39743489262049 6.31539388858465 0.237649796916627 0.964110860728996 2.14540718183363 2.4746192354617 2.89983714969221 3.63105057015508 0.291577056902947 1.98220868638086 3.99886354511239 0.156544494943455 0 0 0 0 0 0 0 0 0 0 0 0 0 0 0 0 0 0 0 0 0
0.278872692994956 0.506467633869261 0.193599142917147 2.28862739273357 0.494344870651588 8.47536376941618 0.422713853323561 0.438145733408808 0.358959270467026 2.25014632748725 1.94953518709173 2.48830237696521 3.55644270279328 0.644079799712772 1.02685081687049 3.35191266451541 2.80998510964325 2.68088663225935 2.80064517612519 4.14186586556274 0.0213231942813368 0.504978731571604 3.56056229109864 1.35127378888831 2.40072646527088 2.41598109767852 0 0 0 0 0 0 0 0 0 0 0 0 0 0 0 0 0 0 0 0 0 0 0
4.10354369687769 3.4677297814462 2.68866589360608 0.937984180857795 8.03250356713872 1.99850842599875 1.46193942954165 0.929073350105823 0.453414409458536 0.315608650434658 2.24111757119478 4.19222624695563 0.0656253433179027 0.946550993799788 2.18689454461249 0.942427659509297 0.744590792674295 6.5235594970624 1.18793944732046 0.829259107863642 2.97626425013415 0.337716339978745 1.09976145877369 1.25564003405833 0 0 0 0 0 0 0 0 0 0 0 0 0 0 0 0 0 0 0 0 0 0 0 0 0
6.78967646173597 0.949692965300467 3.69170819302641 4.05143907348832 1.82383818138236 0.762996007699797 0.706834405935117 0.561688800771567 2.05112669877251 0.252623762219405 3.84645481472083 0.531127018117655 4.45273479592662 0.411733203090005 0.929092783617253 2.11009145315239 4.32666040012415 1.09527739374169 3.21407627444125 0.365920065965116 0.985284998100225 3.92422599665442 0 0 0 0 0 0 0 0 0 0 0 0 0 0 0 0 0 0 0 0 0 0 0 0 0 0 0
0.259901923156599 1.057012927394 1.34339168548412 0.323289034442746 0.297824047651349 1.4939110395346 0.630655927275889 2.25998631649569 6.44031513776615 1.03761228160199 0.979469619786643 1.18494654944595 3.45979783415557 1.40676396091056 0.0501653186010966 2.95894704977385 0.551619268108043 2.86908732696807 0.109179864344267 2.20958260008131 0 0 0 0 0 0 0 0 0 0 0 0 0 0 0 0 0 0 0 0 0 0 0 0 0 0 0 0 0
0.323340271000387 0.487919531734342 0.536970813273955 0.800665998505818 0.0488010491891647 3.45629096662903 0.722856548043809 0.791988505777156 1.3425993568695 0.252454447348885 7.96484689402035 0.666316184812473 2.29850862640355 0.0492997463218838 3.67646168592902 8.03193339445669 2.35294154936045 0.0791549203139185 0 0 0 0 0 0 0 0 0 0 0 0 0 0 0 0 0 0 0 0 0 0 0 0 0 0 0 0 0 0 0
3.12735983463096 0.766405545021083 2.36127851139086 2.42429689640268 4.97287857437091 0.940145214849306 1.36734085442577 3.19330662694714 6.7075555441372 2.15009806297689 0.838849975783731 2.23510876634916 1.01020183627311 1.81348063903909 4.32673845484184 1.14861211399272 0 0 0 0 0 0 0 0 0 0 0 0 0 0 0 0 0 0 0 0 0 0 0 0 0 0 0 0 0 0 0 0 0
1.40501544475945 1.44668673025822 3.02688006796275 1.88577842885359 4.94062365012744 2.22413397550428 6.21050691782368 2.30034642444157 0.390768612088655 1.45023909209559 1.32290289955713 1.52453818919961 0.288480699490966 8.78210923169827 0 0 0 0 0 0 0 0 0 0 0 0 0 0 0 0 0 0 0 0 0 0 0 0 0 0 0 0 0 0 0 0 0 0 0
3.04094877565923 3.07637943077129 2.18742894941523 5.06328590989919 2.24488870651272 0.456341364246867 2.09271114933808 1.4596153839954 1.21962498810345 0.953213472597088 1.91111376465134 13.1452359164334 0 0 0 0 0 0 0 0 0 0 0 0 0 0 0 0 0 0 0 0 0 0 0 0 0 0 0 0 0 0 0 0 0 0 0 0 0
1.98033495769831 1.00756508461658 5.65292372584399 0.0808313039782871 0.402771333066394 0.378690524633693 3.51519992720879 3.60561794505932 3.00826367624784 2.38074429531274 0 0 0 0 0 0 0 0 0 0 0 0 0 0 0 0 0 0 0 0 0 0 0 0 0 0 0 0 0 0 0 0 0 0 0 0 0 0 0
0.683939031608319 1.68714647100039 0.958283191721301 4.42398567265175 2.24366773630345 0.287417340302153 1.36755053497019 0.11710345867781 0 0 0 0 0 0 0 0 0 0 0 0 0 0 0 0 0 0 0 0 0 0 0 0 0 0 0 0 0 0 0 0 0 0 0 0 0 0 0 0 0
1.57058211452647 0.956933920413011 0.220350029581923 0.0482057931913991 1.02017630134113 0.475006402101822 0 0 0 0 0 0 0 0 0 0 0 0 0 0 0 0 0 0 0 0 0 0 0 0 0 0 0 0 0 0 0 0 0 0 0 0 0 0 0 0 0 0 0
0.35362921939565 5.41290457238881 0.0403078040435982 0.0382612385142655 0 0 0 0 0 0 0 0 0 0 0 0 0 0 0 0 0 0 0 0 0 0 0 0 0 0 0 0 0 0 0 0 0 0 0 0 0 0 0 0 0 0 0 0 0
1.43887096912277 0.0589794799408268 0 0 0 0 0 0 0 0 0 0 0 0 0 0 0 0 0 0 0 0 0 0 0 0 0 0 0 0 0 0 0 0 0 0 0 0 0 0 0 0 0 0 0 0 0 0 0
