4.11835308370222 0 0 0 0 0 0 0 0 0 0 0 0 0 0 0 0 0 0 0 0 0 0 0 0 0 0 0 0 0 0 0 0 0 0 0 0 0 0 0 0 0 0 0 0 0 0 0 0
0.623594894052329 0.789545201181338 0 0 0 0 0 0 0 0 0 0 0 0 0 0 0 0 0 0 0 0 0 0 0 0 0 0 0 0 0 0 0 0 0 0 0 0 0 0 0 0 0 0 0 0 0 0 0
1.27242522468244 0.519038168902982 1.29315215281396 0 0 0 0 0 0 0 0 0 0 0 0 0 0 0 0 0 0 0 0 0 0 0 0 0 0 0 0 0 0 0 0 0 0 0 0 0 0 0 0 0 0 0 0 0 0
3.86189368382528 1.94275404468595 1.71651224882004 2.55331325046459 0 0 0 0 0 0 0 0 0 0 0 0 0 0 0 0 0 0 0 0 0 0 0 0 0 0 0 0 0 0 0 0 0 0 0 0 0 0 0 0 0 0 0 0 0
0.564670240591027 1.13878398559756 1.08489610697098 3.83989698108457 1.52341209232976 0 0 0 0 0 0 0 0 0 0 0 0 0 0 0 0 0 0 0 0 0 0 0 0 0 0 0 0 0 0 0 0 0 0 0 0 0 0 0 0 0 0 0 0
0.934274361186365 1.32794071471303 7.00492572107116 1.10645027953299 3.03665508458182 0.93106080575792 0 0 0 0 0 0 0 0 0 0 0 0 0 0 0 0 0 0 0 0 0 0 0 0 0 0 0 0 0 0 0 0 0 0 0 0 0 0 0 0 0 0 0
3.90291095449829 2.27748919723939 2.24762008384013 9.51065370326421 8.03960481678419 1.81907821739442 1.7804144169783 0 0 0 0 0 0 0 0 0 0 0 0 0 0 0 0 0 0 0 0 0 0 0 0 0 0 0 0 0 0 0 0 0 0 0 0 0 0 0 0 0 0
3.55545882631921 2.19368006575827 1.15088444495019 6.50707636953588 0.928303600452613 3.52985607554915 3.16069909518878 7.20386316952198 0 0 0 0 0 0 0 0 0 0 0 0 0 0 0 0 0 0 0 0 0 0 0 0 0 0 0 0 0 0 0 0 0 0 0 0 0 0 0 0 0
6.09805362678613 2.06057440436479 0.61759719450175 2.35904898727329 3.95703346560044 1.51881923307475 2.73731609945025 2.59618398847757 4.97265685158983 0 0 0 0 0 0 0 0 0 0 0 0 0 0 0 0 0 0 0 0 0 0 0 0 0 0 0 0 0 0 0 0 0 0 0 0 0 0 0 0
0.362527486915414 3.85279969783516 5.96542763232815 0.950599899840348 0.146633794859227 6.50278249014355 8.55400211206544 4.3229905343246 0.117921193551992 2.2640615936514 0 0 0 0 0 0 0 0 0 0 0 0 0 0 0 0 0 0 0 0 0 0 0 0 0 0 0 0 0 0 0 0 0 0 0 0 0 0 0
3.60657351658464 1.09536750702634 1.35296994406526 7.63472240690877 4.04842572625304 0.140290629198479 5.60887169398002 3.38447153594877 1.22193253067568 6.7219366588346 2.35741792506874 0 0 0 0 0 0 0 0 0 0 0 0 0 0 0 0 0 0 0 0 0 0 0 0 0 0 0 0 0 0 0 0 0 0 0 0 0 0
2.71932707266487 0.967403896613642 0.661693759585499 7.7219441016374 2.96211714530162 0.831491465960585 3.61416234529659 0.142685275040839 0.0534718921877084 0.945023751018747 1.82113659333381 0.141070162719308 0 0 0 0 0 0 0 0 0 0 0 0 0 0 0 0 0 0 0 0 0 0 0 0 0 0 0 0 0 0 0 0 0 0 0 0 0
3.85818663653536 0.685848557946566 0.813402183346644 3.22360918185031 1.85138699462994 1.65644510027319 0.69197278877144 0.3075245110221 4.3079417637547 0.791377069241828 5.53776274393804 2.76707729437578 1.95366276355344 0 0 0 0 0 0 0 0 0 0 0 0 0 0 0 0 0 0 0 0 0 0 0 0 0 0 0 0 0 0 0 0 0 0 0 0
4.58929749151397 3.6381026400172 2.4537373545632 1.8998701626663 5.45154910417853 1.80069856675629 1.20409765945417 1.50233959573319 7.48038929692533 4.0792866693351 1.36217113544742 6.51761983251017 0.316376673980262 1.59384875486952 0 0 0 0 0 0 0 0 0 0 0 0 0 0 0 0 0 0 0 0 0 0 0 0 0 0 0 0 0 0 0 0 0 0 0
3.29705487279983 0.429678527404346 2.69665732726204 1.66124751510896 0.591941534362106 0.478336492920289 4.8195420633735 0.215172379677943 4.47055727908709 0.977470686340638 1.69308035650981 1.35705744942758 0.947747048027522 1.78414822968785 1.00574088970425 0 0 0 0 0 0 0 0 0 0 0 0 0 0 0 0 0 0 0 0 0 0 0 0 0 0 0 0 0 0 0 0 0 0
0.338056775549645 0.0848399908247039 2.7420616254276 1.29991994829796 8.69093294446327 5.66365849078357 1.28886449124807 0.493368799135195 2.11832315647295 1.25039387873375 0.630459590326395 0.481348715910387 0.882814666183881 9.27470926675103 1.33694143078028 5.35147117116218 0 0 0 0 0 0 0 0 0 0 0 0 0 0 0 0 0 0 0 0 0 0 0 0 0 0 0 0 0 0 0 0 0
0.485171346897131 3.42072260253818 2.51497418321232 13.9499163966026 2.48685599713013 3.85436021268181 0.636670593110736 1.16092773232519 3.96820712261181 4.08316098594976 4.69834139293038 1.18985061692345 1.45451551503225 2.20986643430476 6.42814065102963 2.21196446744569 1.72435498489754 0 0 0 0 0 0 0 0 0 0 0 0 0 0 0 0 0 0 0 0 0 0 0 0 0 0 0 0 0 0 0 0
3.43157105821526 0.0611457703812742 2.97574374854342 0.783075936158593 2.75048432798691 2.63541842251424 0.0834688591823572 5.22846906020419 9.61808868510949 1.69949653868346 1.54360919794343 2.09413687006316 2.08228331664512 5.82425569076835 2.27395054424967 2.60522233453862 0.396493425252249 1.37018868254845 0 0 0 0 0 0 0 0 0 0 0 0 0 0 0 0 0 0 0 0 0 0 0 0 0 0 0 0 0 0 0
0.0183924685101844 5.33648036992348 0.740984556716459 5.765316354434 1.81411966512462 3.28864524686901 7.68640400010128 1.61328691680578 2.05678509540142 1.35619308776693 8.02990499404745 0.510956632359288 2.23646102506392 3.11723910237512 1.48358102881629 1.79529894217228 0.568455931881142 1.71332814270534 2.27060304764155 0 0 0 0 0 0 0 0 0 0 0 0 0 0 0 0 0 0 0 0 0 0 0 0 0 0 0 0 0 0
1.61937605888797 1.92816378574604 0.813355497272869 0.0227208022964667 0.317195847777541 5.77331438229997 0.114166609183757 0.490958150154179 3.51596387531117 3.02738173144163 1.29752365686143 1.0205042772906 2.09367252916143 4.00764633994621 0.264578633418079 3.32054446529136 4.90085141169117 1.14589005021808 5.1608582057828 0.573892982349867 0 0 0 0 0 0 0 0 0 0 0 0 0 0 0 0 0 0 0 0 0 0 0 0 0 0 0 0 0
0.854072001579766 3.13042888435082 0.126254718509112 5.16949480194986 4.82484910907567 0.102983046828954 9.88870510255261 3.10172525097841 6.05218662727268 1.0131304443897 8.68195124271611 7.32538853009443 0.10007763003948 2.08251156281097 0.0295300795726641 0.917256648514527 2.95880978518803 7.5210018343659 5.11621709948738 15.4645222221916 0.25314910851042 0 0 0 0 0 0 0 0 0 0 0 0 0 0 0 0 0 0 0 0 0 0 0 0 0 0 0 0
0.683749155522447 0.179461877401925 0.498249535611161 5.31915956637747 0.433604133628707 2.03278724825213 3.11790120241309 8.39484533034794 2.25829232724576 3.14903309304367 0.294154029311928 4.28172470452836 0.547607583520862 2.82081925223673 0.455452342286414 4.50671922346639 9.08565900732503 0.10832494570649 12.3239843178088 7.69620877934219 6.73285640825524 1.44441281660332 0 0 0 0 0 0 0 0 0 0 0 0 0 0 0 0 0 0 0 0 0 0 0 0 0 0 0
6.63350134610034 3.08032140377895 7.14495738357004 1.86362313600868 6.46554900693744 1.69020160987667 4.55674400116344 0.689411340630216 5.91518954929028 9.30779259606905 3.96946413096673 9.33857645490164 9.80228394066763 2.86404698963995 1.42773982410226 8.58513883630977 0.516658768728446 2.02655870825312 1.35940960943606 0.18581455224325 2.37731130982972 3.81068607388016 2.72248833986762 0 0 0 0 0 0 0 0 0 0 0 0 0 0 0 0 0 0 0 0 0 0 0 0 0 0
0.816960123580468 4.07347534525884 3.34049816857619 1.06777171838102 0.842956245142575 0.813578552350871 2.44418173606527 5.72567217902183 6.0022415565655 2.73172822471156 1.35626377175557 5.10895624813562 2.98153088715665 4.50840944246048 5.02942701953612 0.0920907757639236 4.86083656091926 1.55356378393637 4.10959900545355 0.76002423414817 1.25659806088976 4.09329100853374 2.43156091440171 3.27432726112925 0 0 0 0 0 0 0 0 0 0 0 0 0 0 0 0 0 0 0 0 0 0 0 0 0
0.0400298285002718 3.8410149574446 1.56994855946841 1.04863345773144 0.795187547402892 3.02103997921347 6.04347192133012 0.676278840666655 1.35124116568232 2.29948809735079 2.75369808900462 0.335192018884428 1.81910196311166 1.44024460241937 0.98882722557067 6.34189029961519 6.51200686857277 1.40212312473596 1.78370280085323 3.40773326381711 4.18326819460358 0.0644710691037754 1.25891128307007 1.80303495385518 3.03418472170269 0 0 0 0 0 0 0 0 0 0 0 0 0 0 0 0 0 0 0 0 0 0 0 0
0.177205145082143 2.06901399050456 0.442883736910556 1.42237540092673 0.146270442916333 0.567780675755788 6.88155493600841 2.8977443127668 3.41086273099102 1.8934094750918 5.51233263116287 1.05883414280677 5.58771504607436 1.47695077689146 1.08976872214991 3.38433279731737 8.46891422633053 0.836627825926463 2.58748869216624 0.97597649923384 6.62820629970386 2.54461250531717 1.96032717751649 4.64698870149237 0.739533911831101 0.110413252230492 0 0 0 0 0 0 0 0 0 0 0 0 0 0 0 0 0 0 0 0 0 0 0
0.908431748663684 1.85018493544463 4.16853293553063 0.692500969035538 5.27675155932897 1.6690419113165 2.06979402226182 0.4353665242017 7.17441893646706 0.415504132180537 4.45201652758037 1.1824866854385 0.648025108228129 1.80716502687932 0.431453810807416 0.63774137009511 1.20122606347268 1.66816485349686 5.47072877902698 4.54776209581467 2.56916834612978 0.527448790524383 2.07494625423432 0.919155432064862 2.67764458970417 2.08250857935706 6.69754430226666 0 0 0 0 0 0 0 0 0 0 0 0 0 0 0 0 0 0 0 0 0 0
0.772129217842766 5.68000120484475 0.13060367030596 1.74470289604318 1.46365754147385 2.71078365797489 0.860221952543374 4.40052457508622 0.751636435376463 0.372051770535803 1.17023477206252 2.51169308354877 0.103327489759402 1.73258739129218 0.583160941256405 1.04025115587438 0.167649449411685 8.61536359796181 4.24987999559795 0.446851885930576 3.71191858250272 0.20105617355315 3.11173839265041 1.98031971496029 0.406932136039595 2.0202541493984 0.0715464021513552 0.329611778056345 0 0 0 0 0 0 0 0 0 0 0 0 0 0 0 0 0 0 0 0 0
5.95079868600545 0.879022920788302 6.06258666325009 3.15116199895862 5.04495680448274 4.14737510507346 2.84115115023015 1.89090500659693 0.00282938704620592 0.236671588381871 0.0939427407411737 4.84489790146562 0.378933843170367 1.83295479175343 0.892770949960392 0.0121607462609388 0.398789022537996 5.20389792109444 2.66079435926557 1.34578406713498 0.480345531592437 0.134389113550264 5.5710419114754 0.955227653561016 3.24135336879282 6.50975503085336 0.348782598026367 2.62990613637175 0.710450924482342 0 0 0 0 0 0 0 0 0 0 0 0 0 0 0 0 0 0 0 0
0.208276585419177 2.46867421689243 2.77901455392305 0.837340887329855 1.80540509614291 0.314339556555647 2.22558993857036 1.07178823324839 3.28777350708135 1.0104783342214 2.72593744169265 2.40940976962175 2.73936660372463 0.509243654028835 1.92140394264857 1.39255045082606 0.114569425657423 12.9858129463879 0.763905400965227 1.27766981970312 2.53328780494153 0.107020664410699 6.93302580551857 2.14396311648585 0.770944347294732 5.36147572067106 4.52339695596969 1.04791613614236 1.62765153056565 6.50283905035654 0 0 0 0 0 0 0 0 0 0 0 0 0 0 0 0 0 0 0
2.60168052139302 3.53748960384659 2.89430620608887 1.12861639176127 3.29674497979726 4.14731066967221 0.695024773157751 7.39981334541949 0.588005757116079 4.65595592545889 1.88995097644462 6.80144591498817 3.24487108159497 0.512231618947382 0.1091693736559 4.4782970448266 3.02758849603729 3.57006536169019 0.0546903242644646 4.26193939014452 0.838875672795788 0.620111422497048 0.0479682144762452 2.40805238905299 1.88490194126182 1.41482579555955 4.21882190089437 5.4580719125296 0.308449171801264 0.537314921325798 1.79521947927488 0 0 0 0 0 0 0 0 0 0 0 0 0 0 0 0 0 0
3.7295499772491 0.308701325439671 7.49094138817381 2.00167600818231 1.6800966042403 1.17212895462586 7.8284905573257 1.05808095659148 4.86732452935558 3.88142297781734 0.603920023449429 0.0996101664916276 5.08305983028749 0.595185322749597 2.84597677049886 0.304653234682623 0.126130620257844 7.04126244263115 1.96213360243318 1.06018682727899 3.3575788772355 0.0915250059266794 3.40161793660802 0.1878794961092 1.76625741864337 2.12976218014518 0.944925054301643 0.195837236461027 1.46847756843209 0.529238204214615 5.28492341731281 1.15188101670007 0 0 0 0 0 0 0 0 0 0 0 0 0 0 0 0 0
1.90251085773367 0.55995326840988 3.16234546246831 0.557474958701701 4.10462149290658 1.72008970979567 0.324608354875444 1.30204816502138 1.57953604196992 2.39497029090467 0.3654289554171 2.40069817615714 2.80264166371661 1.98151852020995 3.98420960986146 6.01098473726582 0.154275713749134 1.31652831861346 0.658648434655214 2.27901249340532 0.857226168002128 5.34923497519769 5.350656294875 1.7858952270163 2.52900424698741 1.00063381244691 0.237392756143714 1.47637067124428 0.270240409110522 2.17821822944728 2.78367797209843 1.32702336828379 5.8345511576375 0 0 0 0 0 0 0 0 0 0 0 0 0 0 0 0
1.36368256531013 0.51527579073721 3.14335774710478 4.50209965860992 3.6795192326835 0.759576443420739 1.42113635991269 0.0928560332420522 2.47329572084135 4.44206848428237 1.62224699390465 2.42168896201337 0.17961404126142 5.75998640253902 5.47637000701728 1.35999765517704 0.337261416004158 0.166494157292995 4.53970058317959 1.48868993326019 1.5296718668464 2.45149149877933 1.3454472406752 0.805436852827425 6.89116114612108 1.55144233668021 3.15574133949409 2.44342795979898 5.86954430524599 4.27354966768709 3.0701915913757 1.08300268649759 0 0 0 0 0 0 0 0 0 0 0 0 0 0 0 0 0
7.96361155196044 2.18635145400451 0.170848687781267 1.81405365859424 0.946024336560555 1.84469079065664 0.936945325879089 0.429229763779422 4.84869268233633 4.5008299930062 1.23609495546459 2.90511837062933 10.8557453276872 5.26482099209768 0.976768172681825 3.46451402714119 2.98859762687834 4.95578641157455 1.59797991157439 0.579764209873787 0.101954988090939 2.04227187410551 6.22296878883117 0.208157311777661 0.301388480064161 2.58209660631951 1.17268210715768 5.49908678754389 0.93031621501146 6.05207463062293 0 0 0 0 0 0 0 0 0 0 0 0 0 0 0 0 0 0 0
2.41520969482505 0.306924588500155 1.0160650423132 1.4898975259756 3.22447629120556 7.15844172941891 0.000800645650628872 6.11650988712891 0.0612270354396277 0.382556459026603 5.28648430316694 5.78992805095354 6.3228757300056 9.78649414549331 8.44501353595901 5.08521760842581 1.00817977680761 3.59356308382028 0.911177711301108 2.95495518091381 1.30911462086631 0.0985939289469246 0.0927469167049003 1.53662227723006 1.69435619780324 4.02246447162581 3.55827502465538 2.0198122533279 0 0 0 0 0 0 0 0 0 0 0 0 0 0 0 0 0 0 0 0 0
0.533262753910376 7.401460152482 0.513260426558375 11.7230983266695 2.19203366767366 0.291132135555027 1.82183725691792 1.00133929175664 2.86729559653849 5.03001152902963 5.11284047916501 2.9937218220351 1.08586970051877 11.9185255305381 3.37626951852502 5.45472245861176 1.38240071476305 1.69566661115971 0.286849160387565 8.44665079971491 1.42302031541917 12.8694458568762 0.686611782250677 6.06952295908977 1.78064405526165 8.13926237469783 0 0 0 0 0 0 0 0 0 0 0 0 0 0 0 0 0 0 0 0 0 0 0
3.91844987725348 1.03726332185812 0.691164405661721 0.825345962880932 4.33262111891433 4.69147710575542 1.08180288161322 1.66811801272345 9.35096243721638 2.34095950359422 4.57555838204075 2.87384148340843 1.39309649682299 9.53943124818997 0.254714460246444 1.18068326924875 2.22218187901156 0.400591037081024 5.93805926414669 0.865716028387252 11.4286392938919 2.6898763449758 1.39083801765778 1.66787803524322 0 0 0 0 0 0 0 0 0 0 0 0 0 0 0 0 0 0 0 0 0 0 0 0 0
0.118870591648681 0.587917578799938 0.64295075773898 2.81952731298638 1.36227678073888 3.79212361404705 2.67968979511598 0.223065986052637 4.39532315849326 1.32961982419194 1.49752598755183 5.35876905364035 4.19012946176638 1.8316508957009 1.8599641530853 0.883832327902003 1.919652840032 0.772893340934327 2.66963300229754 5.72627139966728 0.733262380139352 0.748904328440996 0 0 0 0 0 0 0 0 0 0 0 0 0 0 0 0 0 0 0 0 0 0 0 0 0 0 0
0.295127967931231 5.18941536848127 4.43656802837603 2.2130699839366 1.66611429303767 1.42997161420908 1.760185684264 0.300881374891627 3.16248431693299 5.07058184986843 1.66737180679235 3.39823808681301 0.425047823165912 3.00612056591857 1.66823710122998 2.35524323344691 2.65177472118405 0.0440853154298644 5.92336000262826 0.85906608777867 0 0 0 0 0 0 0 0 0 0 0 0 0 0 0 0 0 0 0 0 0 0 0 0 0 0 0 0 0
0.867088504489698 0.862522475285046 2.06256224986461 2.46207919439129 1.83576302174144 0.744406849753364 0.336567783140007 0.560003352609125 1.31124250886753 2.57840955379781 1.26944446909675 1.52989957886709 1.85280646126164 1.51928799630678 0.292001941005009 1.3038560744953 6.69600773155063 0.475875664750425 0 0 0 0 0 0 0 0 0 0 0 0 0 0 0 0 0 0 0 0 0 0 0 0 0 0 0 0 0 0 0
1.39001789047809 1.40368682783595 2.22657407840076 0.181886549556762 0.241053690728718 0.825758547104705 1.8073711747756 6.19351670471875 0.339433379263901 3.11963647181857 0.0372545180695299 1.46538387416563 4.1150420735888 1.28487807772961 2.7944440570217 1.65663596819123 0 0 0 0 0 0 0 0 0 0 0 0 0 0 0 0 0 0 0 0 0 0 0 0 0 0 0 0 0 0 0 0 0
0.214364290155402 3.05415887161472 3.243148458384 2.26196561243861 2.96515215963373 2.31037383711123 0.0843284290414649 1.21107933619047 3.76761845129355 1.39426318073487 4.91348403349881 2.83899101382578 5.06209637487826 1.6227632512805 0 0 0 0 0 0 0 0 0 0 0 0 0 0 0 0 0 0 0 0 0 0 0 0 0 0 0 0 0 0 0 0 0 0 0
2.97446097738833 0.686655978330059 7.13248531055263 3.03985755627063 3.51976479220603 4.41919761751896 2.50612584341581 15.4132751458872 1.81059303645374 2.29238826583968 1.84159707869945 4.45259675423291 0 0 0 0 0 0 0 0 0 0 0 0 0 0 0 0 0 0 0 0 0 0 0 0 0 0 0 0 0 0 0 0 0 0 0 0 0
0.783435086929549 6.87581898434157 1.70351804063963 0.552876826493994 0.154307952083843 0.111816466094017 6.94112767250019 3.3248238254701 1.98892616342457 0.981169452041476 0 0 0 0 0 0 0 0 0 0 0 0 0 0 0 0 0 0 0 0 0 0 0 0 0 0 0 0 0 0 0 0 0 0 0 0 0 0 0
3.87940206318904 1.32680856555433 0.259812941412572 3.41035317259982 2.59164331739636 0.447618487503331 0.500461505659566 0.189190771647176 0 0 0 0 0 0 0 0 0 0 0 0 0 0 0 0 0 0 0 0 0 0 0 0 0 0 0 0 0 0 0 0 0 0 0 0 0 0 0 0 0
7.5374785849868 5.1472992221621 0.928062462174773 0.780805752146264 3.6187860958782 0.390195236523883 0 0 0 0 0 0 0 0 0 0 0 0 0 0 0 0 0 0 0 0 0 0 0 0 0 0 0 0 0 0 0 0 0 0 0 0 0 0 0 0 0 0 0
0.692456277562732 1.9047498148678 2.8588685628955 2.12071759543647 0 0 0 0 0 0 0 0 0 0 0 0 0 0 0 0 0 0 0 0 0 0 0 0 0 0 0 0 0 0 0 0 0 0 0 0 0 0 0 0 0 0 0 0 0
1.6454966440826 9.74577364003662 0 0 0 0 0 0 0 0 0 0 0 0 0 0 0 0 0 0 0 0 0 0 0 0 0 0 0 0 0 0 0 0 0 0 0 0 0 0 0 0 0 0 0 0 0 0 0
