2.56764164286067 0 0 0 0 0 0 0 0 0 0 0 0 0 0 0 0 0 0 0 0 0 0 0 0 0 0 0 0 0 0 0 0 0 0 0 0 0 0 0 0 0 0 0 0 0 0 0 0
0.281795083778069 0.293157034389709 0 0 0 0 0 0 0 0 0 0 0 0 0 0 0 0 0 0 0 0 0 0 0 0 0 0 0 0 0 0 0 0 0 0 0 0 0 0 0 0 0 0 0 0 0 0 0
1.31129899436587 1.527711284452 0.511209432210278 0 0 0 0 0 0 0 0 0 0 0 0 0 0 0 0 0 0 0 0 0 0 0 0 0 0 0 0 0 0 0 0 0 0 0 0 0 0 0 0 0 0 0 0 0 0
3.0175773071088 6.09699586658485 0.713520428872857 2.34007483963249 0 0 0 0 0 0 0 0 0 0 0 0 0 0 0 0 0 0 0 0 0 0 0 0 0 0 0 0 0 0 0 0 0 0 0 0 0 0 0 0 0 0 0 0 0
0.523675237179001 1.77631696483193 0.16747445665554 0.814345205920379 0.445613362243975 0 0 0 0 0 0 0 0 0 0 0 0 0 0 0 0 0 0 0 0 0 0 0 0 0 0 0 0 0 0 0 0 0 0 0 0 0 0 0 0 0 0 0 0
7.31777581803317 0.569763169278542 2.05678920876737 6.24038470990677 1.74916798410611 10.3475655535969 0 0 0 0 0 0 0 0 0 0 0 0 0 0 0 0 0 0 0 0 0 0 0 0 0 0 0 0 0 0 0 0 0 0 0 0 0 0 0 0 0 0 0
5.3743334774443 1.08589855412249 3.87698139891514 6.29432659370386 0.0103182879563773 0.55190227140814 6.04464299561763 0 0 0 0 0 0 0 0 0 0 0 0 0 0 0 0 0 0 0 0 0 0 0 0 0 0 0 0 0 0 0 0 0 0 0 0 0 0 0 0 0 0
1.72868056419998 0.872713100625064 0.693392683514206 3.15483905711237 4.41149293886138 1.56877351924578 0.135247277918947 0.00197180926761918 0 0 0 0 0 0 0 0 0 0 0 0 0 0 0 0 0 0 0 0 0 0 0 0 0 0 0 0 0 0 0 0 0 0 0 0 0 0 0 0 0
2.68010993416157 4.36680749404925 2.43518530654275 7.13893336437644 2.50725387325217 1.85624711805896 1.65456894100358 2.69826132677565 4.38024324948623 0 0 0 0 0 0 0 0 0 0 0 0 0 0 0 0 0 0 0 0 0 0 0 0 0 0 0 0 0 0 0 0 0 0 0 0 0 0 0 0
7.11106633962605 0.41152005336267 1.14695469322982 0.322776401953055 0.198979146634353 2.49046986942169 10.4958613084485 2.40509993929916 0.400469213157188 0.414875908277113 0 0 0 0 0 0 0 0 0 0 0 0 0 0 0 0 0 0 0 0 0 0 0 0 0 0 0 0 0 0 0 0 0 0 0 0 0 0 0
0.646519866296895 4.62388655691276 0.855782657697293 0.901360243382532 0.783256252483161 0.893623472771978 2.50449708666163 0.404696077232299 0.333166483053878 0.861536487691604 3.47818674949331 0 0 0 0 0 0 0 0 0 0 0 0 0 0 0 0 0 0 0 0 0 0 0 0 0 0 0 0 0 0 0 0 0 0 0 0 0 0
2.95137472300206 4.79560557263405 6.8730314585507 4.99682350980541 2.86445294923934 3.94913851681065 5.73609100595089 0.233053981179173 1.79651385316983 8.27689361614647 0.256882873990546 1.3300848996008 0 0 0 0 0 0 0 0 0 0 0 0 0 0 0 0 0 0 0 0 0 0 0 0 0 0 0 0 0 0 0 0 0 0 0 0 0
1.51890072563649 5.60822359690621 1.27633305734945 5.70478382972136 5.49216415302522 6.75361115198655 0.95278553672378 3.6652760900741 2.65408302682776 1.91608932875922 0.466790958389573 0.0637475185464192 0.643223183727418 0 0 0 0 0 0 0 0 0 0 0 0 0 0 0 0 0 0 0 0 0 0 0 0 0 0 0 0 0 0 0 0 0 0 0 0
3.64526546822768 0.840616725895151 1.45522102125123 2.80874430661518 3.24930270325285 0.75120430959169 1.99759390687518 2.92858151174374 2.26688349595612 6.10808948377393 3.94142633883537 0.877871550677779 4.701473230963 4.8000076911792 0 0 0 0 0 0 0 0 0 0 0 0 0 0 0 0 0 0 0 0 0 0 0 0 0 0 0 0 0 0 0 0 0 0 0
2.4354121549063 9.94398778582365 1.341630470991 0.602109677199361 2.41742135706318 1.30000483281808 1.84506732483235 0.821929942296967 0.339947139439566 1.00942695290676 3.62433991507098 2.64346736327953 10.8941359241891 3.60558906234139 0.138693456457958 0 0 0 0 0 0 0 0 0 0 0 0 0 0 0 0 0 0 0 0 0 0 0 0 0 0 0 0 0 0 0 0 0 0
3.61207581597081 3.94390097171997 3.20803466145044 1.92804228354135 2.81211942164488 0.17951286348335 1.35347738568414 0.440873786495211 5.21226126985708 5.89180229536448 1.80506714611331 7.47295613585772 0.40161555287504 7.08929336080396 2.41907092509733 5.54478318437969 0 0 0 0 0 0 0 0 0 0 0 0 0 0 0 0 0 0 0 0 0 0 0 0 0 0 0 0 0 0 0 0 0
2.4980679214078 4.02506772503869 0.16474053846246 1.18563119116029 5.61437793435832 1.06224695025936 0.99218953109592 0.832543938358697 0.519639404808027 4.13914032647545 1.92360879237803 11.2250585036508 0.121395342918109 14.277275790835 2.75346975598212 4.64354717954309 8.27732913970508 0 0 0 0 0 0 0 0 0 0 0 0 0 0 0 0 0 0 0 0 0 0 0 0 0 0 0 0 0 0 0 0
5.3252205653706 0.265772441611906 5.31369471837275 4.14517081597693 3.57113585178425 6.02266760086867 3.56097806182435 4.25180510605074 7.74742405725572 9.8160736607215 0.271571377360248 2.25068390037487 2.13383863054495 3.07223959689107 3.64410221618432 2.30852200394684 1.13486682505301 1.29759781694337 0 0 0 0 0 0 0 0 0 0 0 0 0 0 0 0 0 0 0 0 0 0 0 0 0 0 0 0 0 0 0
0.391069366819208 1.40001734969831 5.44850666053308 0.945003632579272 1.41728716573764 2.66439026116882 1.45042685479452 0.360330089878802 0.661167297995908 3.37880559947865 0.379663667322189 0.914506081805905 0.196552846322796 2.41082521953351 5.76108855248039 6.29500949205432 2.16680361100779 3.20219413245139 1.83131675936533 0 0 0 0 0 0 0 0 0 0 0 0 0 0 0 0 0 0 0 0 0 0 0 0 0 0 0 0 0 0
0.0704744794015363 10.127075908812 0.540607974528651 0.0704013457411634 2.79695456026094 1.51822680819563 7.80940430635458 1.0857218987852 0.725150189456587 7.11594612773115 2.78039013808767 1.61028082542553 6.32322885433782 6.69231961284336 2.18181478954666 4.06570804636281 6.27277099585347 0.028094357387253 5.67237245248136 0.707921427049495 0 0 0 0 0 0 0 0 0 0 0 0 0 0 0 0 0 0 0 0 0 0 0 0 0 0 0 0 0
1.10085199252373 2.30952457136373 0.467278689577721 2.85835315120439 3.66972575332947 3.68394833323556 6.46835799367151 3.16232386563588 4.88984248785803 3.78689921602062 5.62942400243552 6.00914556289662 6.09711900844067 1.76532013935593 1.86622018956793 2.08273155236269 0.277396604425551 0.629833641427719 0.410748226996497 3.08804263259405 2.46409849826786 0 0 0 0 0 0 0 0 0 0 0 0 0 0 0 0 0 0 0 0 0 0 0 0 0 0 0 0
0.407409970303864 6.70868347372574 0.148254452778176 3.00192137150812 8.11910262325235 0.322879897427898 5.66376946711005 1.18684542138339 0.140052639631338 5.90567557396856 0.907705614627085 0.270829196158436 4.08655426419718 3.73620803964743 1.38347296208717 4.95895211237335 2.32060279873286 4.11438682578356 1.06844631073932 2.39556848162883 1.00809584135352 5.49110953423093 0 0 0 0 0 0 0 0 0 0 0 0 0 0 0 0 0 0 0 0 0 0 0 0 0 0 0
0.965155894978899 6.22038016096501 0.0495087681356772 1.46035189754554 1.15584062127086 2.23038515398477 0.22373376050786 0.656867872235509 0.196085137591539 0.815720692084602 6.095362882178 3.58086534777379 1.11918578124917 1.71468036653366 3.36076075319685 4.02497670587559 0.680519856335338 1.16571874122613 2.21691175678996 2.83326348165503 1.733184448926 0.614094508096119 1.322478529218 0 0 0 0 0 0 0 0 0 0 0 0 0 0 0 0 0 0 0 0 0 0 0 0 0 0
0.568285281390485 3.02526578842569 5.41479129161752 4.12024694565342 1.00729739295646 0.614782913369662 11.2332848301472 0.885374133600289 0.889049182892845 2.34574440840913 5.11781675631824 4.19412459550993 0.47692275827349 4.78761800162893 11.0755662392838 3.46122858290009 2.80506756105396 2.89520359341817 2.94254806857846 0.566508030773573 1.43189860915808 3.81980333835695 10.2867267569474 0.119951604194115 0 0 0 0 0 0 0 0 0 0 0 0 0 0 0 0 0 0 0 0 0 0 0 0 0
3.87893247086121 2.79229959861047 0.974136050093944 2.23501620334067 2.08872866503681 6.63388943213535 1.38256515389609 0.729022976334849 0.717611281942427 1.27263930114781 0.205267051774608 2.00249683790656 0.17156809917802 0.62561509838306 0.294646026548179 0.388716504212295 2.08013460737121 5.67819015976042 5.76105636537179 0.499786032604222 0.438692866758026 7.74660182268498 0.960093804196057 0.211524077002683 2.3276930784754 0 0 0 0 0 0 0 0 0 0 0 0 0 0 0 0 0 0 0 0 0 0 0 0
2.16176800796863 3.52245368843822 2.63542845815022 1.16793233105679 4.15381975145908 4.94393782976505 2.92039952173813 0.390457060807609 2.31840360947646 3.20336315651488 1.93608640828208 6.55664016974478 3.47707208038011 0.999004247313366 2.12561096960814 0.840776058924927 7.78758569483689 1.9156366416463 1.10170769943187 0.882219306733855 4.5658356536418 7.93639792348299 1.7264489646955 1.08701844154001 6.69665420339069 1.41159154557786 0 0 0 0 0 0 0 0 0 0 0 0 0 0 0 0 0 0 0 0 0 0 0
8.59430945739431 1.773327593126 0.219180010172741 6.15873121040945 7.86340426583626 8.03713683587022 7.90673900055097 1.39350800475689 2.04926156569332 10.8371635143689 1.15176980524711 3.4089749371372 1.92999786397155 3.16755456129073 3.68051677813488 12.1892522010915 10.7498157292845 0.175956386712465 3.98001438382174 2.36250809918052 2.94877961515422 3.43745125177612 2.86717483639268 2.77731325286312 3.00610950206561 3.56469457241514 0.205496616111813 0 0 0 0 0 0 0 0 0 0 0 0 0 0 0 0 0 0 0 0 0 0
2.10497919689271 0.160532330243388 5.03125341856522 2.66684599230274 0.464349802710631 8.20816977856096 1.34852533067061 2.36377982056131 8.67097764139449 4.56161669335265 0.428259199220322 0.0107690195242808 1.79774727570035 5.00290037989436 1.10646055363924 7.64009427236805 2.43579105491607 1.14868146122051 1.74072536873014 0.983273879916177 2.42008108002432 0.969496694988541 1.58664420013959 0.404451886105774 1.55277220051552 0.25254490087569 2.72115434700833 6.50024385726843 0 0 0 0 0 0 0 0 0 0 0 0 0 0 0 0 0 0 0 0 0
0.339196076325726 1.902446707529 3.72629096713364 2.1359994401313 1.03224751702695 2.69349778461008 2.83930068219782 0.0652681461777684 2.25501580770508 1.15816955538546 0.136238790753549 4.5577817031043 1.16583290481187 2.43644726647465 2.19988535271082 0.0555755799644118 3.39954458238538 1.24194087263499 0.460253617524623 0.597618604902788 0.0248357767929836 0.514516179073866 1.00487480202032 2.66394243878545 3.27261589862793 0.651891383598788 9.82002840127042 5.63001137407096 1.14958713940011 0 0 0 0 0 0 0 0 0 0 0 0 0 0 0 0 0 0 0 0
6.44595786131064 0.785939201069509 1.17257874425592 0.79102716710556 1.20976590590532 9.77554541448121 3.49097129311358 2.23513507328637 4.11105196678183 6.42969492699643 0.903634860953188 8.2849017123377 2.39873390466858 6.56139281684471 1.85249631884856 0.704546901690718 3.86372291617787 5.93463388397599 3.80421249949784 0.33704306426753 3.10444633500947 6.35610731197872 1.33825340793083 1.33362631842163 1.3372815533157 2.55879504399548 4.80260831389765 7.55206401364607 1.07988123518162 2.53926091731583 0 0 0 0 0 0 0 0 0 0 0 0 0 0 0 0 0 0 0
2.04107004534101 0.610555912605931 0.439996294371147 0.628817090102599 1.59372794976961 7.93123140301282 9.37809809994651 0.28983395809555 1.63880704876605 6.19597512867319 0.470100557320194 1.47223392586371 3.63834152007619 7.98993874557407 1.67513655189637 1.72599293463417 5.20190723314798 4.28463050245341 1.08723766217879 0.530689206876476 1.83776573120171 5.73190637930844 0.508840398061805 0.512943863808115 0.908668650354065 5.06657474312251 7.33736791937981 6.05961005886439 3.47161256415209 1.48791380815641 2.73069686214324 0 0 0 0 0 0 0 0 0 0 0 0 0 0 0 0 0 0
3.52709886492867 6.03558337814632 4.16455702294154 4.8827830212875 1.99390412665011 2.52530651817241 0.471032094937284 1.73631495486695 1.53640249488748 5.76187219627668 3.86114271156109 7.7355784668097 1.1099464067826 2.96318634364535 0.0576086612098419 2.52069370925915 6.70613123481258 4.95845245669487 4.01808540431612 2.98904583301187 0.378062797141196 2.5575967520892 2.91295570079195 4.63731587749651 13.0751356175936 2.86234871110788 2.53215273743551 0.00554682754989469 0.542477858786316 3.99758528493892 2.85693983309206 0.669040100080769 0 0 0 0 0 0 0 0 0 0 0 0 0 0 0 0 0
1.0299733527975 3.951361547103 2.01641061849039 2.77708922112107 1.1018521004124 0.002320661026683 0.454185122908571 0.030288378558626 1.46875278127736 8.68296557524138 6.67240214197355 3.62250985240788 1.41802718162886 0.236797269157778 0.0188694156456682 4.57535771876647 1.32010404322721 3.18455102610493 0.933008151134397 2.70665546417273 2.6443251712697 0.475263039538479 2.28455901812544 9.78718052974596 3.32442614922061 0.988058703197842 0.0339574172080119 1.50634746376676 1.01808508031654 2.086664707122 0.284074061944951 3.33429581860446 1.19058030521695 0 0 0 0 0 0 0 0 0 0 0 0 0 0 0 0
0.7895660529721 0.65235068885627 0.65928142757559 3.74643615975448 6.40674768254101 1.74307656689316 1.21051786787729 0.417375526426242 2.91476414766728 3.16816552981465 1.21699389600229 2.7691783274262 4.97101270960716 0.983887744040246 6.90555922621382 3.16024147200275 0.854389923465807 1.92701685212559 1.96491236475123 4.69003067742499 0.952051030358188 0.877462406947182 0.700788090121732 5.227856378923 0.742417943286534 3.78367385771784 3.67247976439976 4.41143939608998 1.8322135197432 1.58250257264411 0.163054042797546 0.0937176386554694 0 0 0 0 0 0 0 0 0 0 0 0 0 0 0 0 0
0.149639781640434 0.555270088122142 2.78126297535105 5.50925150773431 2.09418886915943 0.113192571691103 1.06597251354503 3.16778514291383 1.74081721543956 0.0130554103319616 0.353795344048495 10.7946826276498 0.557258608599617 5.3354197195195 0.140225372017137 5.56305448522834 2.40694811154359 3.96280819684117 6.37395737777497 5.81027097564952 1.21236116205716 3.72280676342123 2.6917337880892 0.76557118049822 0.171332158649062 6.74952963217603 1.37332204538366 3.18183987864663 0.881727423550711 0.0412388755580138 0 0 0 0 0 0 0 0 0 0 0 0 0 0 0 0 0 0 0
9.2735371039027 3.12945724127946 3.58306036179287 0.204636226399083 1.37457420951131 6.85360374838722 10.10933356422 2.42612810399536 0.31703426602421 2.56837696316879 0.399740478157874 3.65365733172985 3.9528961998569 3.58365929343351 1.32375096860079 0.338034037357283 6.20839143235493 0.52266425296158 1.27633863242468 5.8410523558621 3.1789526598228 0.931081400276068 1.23377647162782 1.32555121936448 0.365068425847046 4.22635370212014 8.41678614144074 3.16457442376471 0 0 0 0 0 0 0 0 0 0 0 0 0 0 0 0 0 0 0 0 0
2.7862545114589 5.6177459148107 1.47923297525216 2.24032758249975 0.372324304720366 5.12099877918851 9.82696245378887 3.12307828489537 3.66593002408866 0.979853485211495 0.933377983387291 1.20612293260841 3.24385584921608 1.08731210019149 0.868216568980695 4.25473053469902 1.38286468242423 4.61142263585961 4.83590146398736 0.869647569948868 3.56138144326603 3.42504203226298 0.532115793189684 8.7324174715784 0.32268829441959 0.0250403587892576 0 0 0 0 0 0 0 0 0 0 0 0 0 0 0 0 0 0 0 0 0 0 0
1.74441163259418 2.24166261159068 7.31502306897389 1.43345715836606 0.0546606956547996 4.16235794164221 2.54025589909219 0.372779838489174 9.95600022982223 2.1640245960535 2.90396198576375 2.52471936212025 4.40276796938555 5.52179936568942 3.57717390139836 4.3262251247108 1.07321206410412 7.10018631168773 0.538225518249211 3.22531633454541 1.7405445271008 3.70065866029793 4.83460940850383 0.959737580214186 0 0 0 0 0 0 0 0 0 0 0 0 0 0 0 0 0 0 0 0 0 0 0 0 0
0.145931903953659 3.04950521725888 2.58445373820876 1.62014365228427 3.15737433785817 1.91634181056564 1.74296477179756 3.8879407670384 3.37316368130381 3.14033464300652 0.983510259602689 10.042724210762 2.90300913088777 4.54988758956768 7.8841131431391 2.48836297037867 3.14784683803503 1.00544662381764 0.7159069148652 1.4143091623877 1.83922396523555 12.7841616562533 0 0 0 0 0 0 0 0 0 0 0 0 0 0 0 0 0 0 0 0 0 0 0 0 0 0 0
2.18780672771052 0.946988711602961 2.05288004794188 3.57513728491847 0.0852547251825649 1.1950151152005 8.3362856929609 7.0134454060784 1.14658099953097 3.66798131788419 0.693179355475331 6.56519261569658 4.56167058011709 0.810386350786209 1.41359877728669 3.74307185595347 0.732803771532331 10.0235142189865 2.16585757842698 0.000514196994283299 0 0 0 0 0 0 0 0 0 0 0 0 0 0 0 0 0 0 0 0 0 0 0 0 0 0 0 0 0
3.38979512589379 4.55051690692599 3.51782192904208 0.649783626541216 0.416736611494595 7.49776361417585 2.42521653805568 0.857369801637237 0.315408404728831 7.41888609033118 1.83231984429506 8.07077675008405 1.14334426158773 6.46393928991711 3.14068737480657 1.25482868394942 0.932788958032529 0.117636306603721 0 0 0 0 0 0 0 0 0 0 0 0 0 0 0 0 0 0 0 0 0 0 0 0 0 0 0 0 0 0 0
2.84372594729118 1.28194810707666 2.95468997326788 3.40197131975695 1.66340450701909 2.40191979380146 6.40429536976966 0.00973907180692516 2.30520235050554 0.913680435032986 2.98838894684932 1.44002822906659 3.25331716946915 6.82191028508196 0.0648934849316454 1.66515307872877 0 0 0 0 0 0 0 0 0 0 0 0 0 0 0 0 0 0 0 0 0 0 0 0 0 0 0 0 0 0 0 0 0
6.38760573946745 3.25322691799484 1.72540606568933 1.03480125676936 3.88197456766822 8.21374246248807 1.22563788664144 0.590804842334542 0.00877053540562643 6.32382843727683 0.390177394262676 0.695994916468554 3.08775489782071 4.23239616245461 0 0 0 0 0 0 0 0 0 0 0 0 0 0 0 0 0 0 0 0 0 0 0 0 0 0 0 0 0 0 0 0 0 0 0
1.90528479440932 2.04077536466617 2.28894701066114 2.16817632363241 1.87627945251674 0.893378356012786 1.03943071017912 4.15503175472297 5.94091056164117 0.0429921741074713 1.6779518970003 0.889998752886554 0 0 0 0 0 0 0 0 0 0 0 0 0 0 0 0 0 0 0 0 0 0 0 0 0 0 0 0 0 0 0 0 0 0 0 0 0
0.809028768283044 7.30283849823885 3.42615118957152 8.58314897685936 2.19310119937055 0.238928938519191 0.970776693092582 1.24217651123054 6.78033982137593 1.45224445671393 0 0 0 0 0 0 0 0 0 0 0 0 0 0 0 0 0 0 0 0 0 0 0 0 0 0 0 0 0 0 0 0 0 0 0 0 0 0 0
1.56409501741391 3.99107723745184 4.03086200597474 2.40728293576956 9.49738514798984 4.29638827385085 0.0794993340019687 0.320353406111222 0 0 0 0 0 0 0 0 0 0 0 0 0 0 0 0 0 0 0 0 0 0 0 0 0 0 0 0 0 0 0 0 0 0 0 0 0 0 0 0 0
0.417697597714969 1.67667422634893 1.78005479173197 1.39426634128439 1.6204917338326 1.51473421535221 0 0 0 0 0 0 0 0 0 0 0 0 0 0 0 0 0 0 0 0 0 0 0 0 0 0 0 0 0 0 0 0 0 0 0 0 0 0 0 0 0 0 0
4.47380083782686 0.866857533078296 6.62071546224554 1.25795377658963 0 0 0 0 0 0 0 0 0 0 0 0 0 0 0 0 0 0 0 0 0 0 0 0 0 0 0 0 0 0 0 0 0 0 0 0 0 0 0 0 0 0 0 0 0
1.02334760540614 7.38673629544927 0 0 0 0 0 0 0 0 0 0 0 0 0 0 0 0 0 0 0 0 0 0 0 0 0 0 0 0 0 0 0 0 0 0 0 0 0 0 0 0 0 0 0 0 0 0 0
