18.058542394411 0 0 0 0 0 0 0 0 0 0 0 0 0 0 0 0 0 0 0 0 0 0 0 0 0 0 0 0 0 0 0 0 0 0 0 0 0 0 0 0 0 0 0 0 0 0 0 0
2.8665879099963 0.132774404067704 0 0 0 0 0 0 0 0 0 0 0 0 0 0 0 0 0 0 0 0 0 0 0 0 0 0 0 0 0 0 0 0 0 0 0 0 0 0 0 0 0 0 0 0 0 0 0
0.172645326606423 1.02994035429975 0.162713932966131 0 0 0 0 0 0 0 0 0 0 0 0 0 0 0 0 0 0 0 0 0 0 0 0 0 0 0 0 0 0 0 0 0 0 0 0 0 0 0 0 0 0 0 0 0 0
0.774353098660963 0.883307312066349 0.978415403909722 0.193308129372175 0 0 0 0 0 0 0 0 0 0 0 0 0 0 0 0 0 0 0 0 0 0 0 0 0 0 0 0 0 0 0 0 0 0 0 0 0 0 0 0 0 0 0 0 0
0.578523040988824 0.310928121837144 2.36410018623161 9.97550396284494 0.206273354847369 0 0 0 0 0 0 0 0 0 0 0 0 0 0 0 0 0 0 0 0 0 0 0 0 0 0 0 0 0 0 0 0 0 0 0 0 0 0 0 0 0 0 0 0
3.98658909672157 2.0817313787489 1.71811251035866 0.594021163570678 3.34269480825416 2.21454447309248 0 0 0 0 0 0 0 0 0 0 0 0 0 0 0 0 0 0 0 0 0 0 0 0 0 0 0 0 0 0 0 0 0 0 0 0 0 0 0 0 0 0 0
3.20587500824488 2.35696046819338 0.302806218045457 2.57487889819474 2.28720025311011 0.722780145583473 0.730589204861931 0 0 0 0 0 0 0 0 0 0 0 0 0 0 0 0 0 0 0 0 0 0 0 0 0 0 0 0 0 0 0 0 0 0 0 0 0 0 0 0 0 0
0.346527279004591 1.59680542155551 1.81113428874587 1.89302130544851 3.28368434873826 1.37343373878653 0.355873623056359 0.240177687670523 0 0 0 0 0 0 0 0 0 0 0 0 0 0 0 0 0 0 0 0 0 0 0 0 0 0 0 0 0 0 0 0 0 0 0 0 0 0 0 0 0
0.906497558571944 1.35091838840624 2.05109665385205 1.36581098270282 4.60550639557973 2.82973330811584 3.15567061705151 4.29123941243128 4.01857373617635 0 0 0 0 0 0 0 0 0 0 0 0 0 0 0 0 0 0 0 0 0 0 0 0 0 0 0 0 0 0 0 0 0 0 0 0 0 0 0 0
0.860039823731095 0.107273546121809 0.670691347224074 5.04295521102623 1.55221600153688 7.42187895889219 2.26411802847319 3.11784678290692 4.99129132088807 7.41903002125652 0 0 0 0 0 0 0 0 0 0 0 0 0 0 0 0 0 0 0 0 0 0 0 0 0 0 0 0 0 0 0 0 0 0 0 0 0 0 0
0.791732057355615 4.84483161115526 1.56747209738924 1.00529485681435 0.874802732021822 1.66467649725283 1.09723523489791 1.99284787335906 3.31042432933022 0.263819031326862 3.7391586562055 0 0 0 0 0 0 0 0 0 0 0 0 0 0 0 0 0 0 0 0 0 0 0 0 0 0 0 0 0 0 0 0 0 0 0 0 0 0
1.28209480857859 1.18596673182417 1.58575983105217 0.891586444396027 0.887980083620751 5.66653499465745 4.31937866769694 0.647642569244862 5.75708387011775 1.66454559282066 6.94084597065921 1.67683893409961 0 0 0 0 0 0 0 0 0 0 0 0 0 0 0 0 0 0 0 0 0 0 0 0 0 0 0 0 0 0 0 0 0 0 0 0 0
1.15137718074416 3.57248551311197 0.941213192043802 0.476309582515514 3.02991544947191 4.95898033662147 0.810958814187107 5.0787650043865 1.94064474086631 0.977119451335515 0.323389105414198 2.02716499962417 3.0392639189022 0 0 0 0 0 0 0 0 0 0 0 0 0 0 0 0 0 0 0 0 0 0 0 0 0 0 0 0 0 0 0 0 0 0 0 0
2.22248534409447 0.000187861710097988 6.00923726316333 2.54451339965465 3.78643778105744 0.66613407602756 0.697705135367503 2.73391053754021 4.65022976356532 0.557206570563547 6.73174581091748 2.02407037254639 0.344002165323164 1.31857342984439 0 0 0 0 0 0 0 0 0 0 0 0 0 0 0 0 0 0 0 0 0 0 0 0 0 0 0 0 0 0 0 0 0 0 0
2.22635561615726 0.606615823028654 0.102993052049397 0.132328326800032 6.64858056024785 0.201835729870116 0.19513513812437 4.13729212241243 1.8521553062958 1.96889066851805 1.58762059465812 2.57299859330913 1.42308442485578 0.50053629948499 0.508143316674098 0 0 0 0 0 0 0 0 0 0 0 0 0 0 0 0 0 0 0 0 0 0 0 0 0 0 0 0 0 0 0 0 0 0
0.528076500514972 2.93658960998779 1.10816521610665 3.14436052599632 1.07731074528036 2.40984394819625 4.05007136220955 1.16619244293392 0.719085318416255 0.417032392154241 1.22306313773957 1.40131707063845 2.49866023760864 6.15961496164773 1.37106316196889 0.446312486492846 0 0 0 0 0 0 0 0 0 0 0 0 0 0 0 0 0 0 0 0 0 0 0 0 0 0 0 0 0 0 0 0 0
0.595092459539762 1.46695387381671 0.203952790353266 7.60948411700192 1.8320838232549 0.7323538808923 0.0350514615060901 1.91446667079067 3.47344608531447 3.85479202499482 0.139088144587714 0.451540657417717 6.49155700997178 0.304365431736808 1.04055558903547 2.687978776895 3.42002723452206 0 0 0 0 0 0 0 0 0 0 0 0 0 0 0 0 0 0 0 0 0 0 0 0 0 0 0 0 0 0 0 0
0.460416453888893 6.18605045298876 4.29841072327316 1.03948564501421 1.27237242903391 3.10476342058914 4.55721094960755 5.85988904001349 2.23960092407416 2.65847246329378 0.0216674226682426 7.40933404830585 3.73962318328054 5.48544717754361 1.98751938017796 10.2262180829891 3.51979791876207 0.30136087814609 0 0 0 0 0 0 0 0 0 0 0 0 0 0 0 0 0 0 0 0 0 0 0 0 0 0 0 0 0 0 0
1.09938738578731 1.55177531686105 0.758811778843671 0.545057375277834 3.09925840357199 0.449488886736279 0.845989072112075 2.45176512154069 2.11238143082117 0.103058231969088 6.10762548674421 0.966952967434138 0.561407737029482 1.42203738521565 1.06193949434696 1.89575059075862 1.12957994490109 1.6489414901995 1.10288852010747 0 0 0 0 0 0 0 0 0 0 0 0 0 0 0 0 0 0 0 0 0 0 0 0 0 0 0 0 0 0
1.22011752618503 1.40593918345854 0.407167849509023 0.242249374514153 1.57911918016952 0.658824451700645 1.16117688576145 0.543600015210935 1.95657718786305 2.33224375880565 2.43616693960174 0.0457291075210973 1.00898993234215 6.04619505922548 0.0635409897145732 0.0227059506853325 2.89767560929922 3.45714488160451 0.0582004112143786 3.32068490440366 0 0 0 0 0 0 0 0 0 0 0 0 0 0 0 0 0 0 0 0 0 0 0 0 0 0 0 0 0
0.316370888052581 3.6096897580069 0.206453382910586 3.34511987730498 1.39534773570156 5.73358638650855 0.869626571878619 1.43767370428421 0.403926020080454 0.743160870517294 4.90552793358639 0.916216877966459 5.04942775517226 2.20608105808835 0.462873841702492 1.20244716657061 1.34923344934826 1.32065478560211 0.0763663136417042 1.28356832722416 4.17825149957941 0 0 0 0 0 0 0 0 0 0 0 0 0 0 0 0 0 0 0 0 0 0 0 0 0 0 0 0
1.31140476549366 0.383329376960965 0.344662168070466 2.0502226218492 1.24498819557561 12.1990162210535 2.76486048848896 1.74986744114946 2.70888497481645 1.90452050235455 1.91947054367682 3.54673956989296 0.270267644158939 0.482774804966067 0.140385001180435 9.14849090553387 3.34803851015547 2.51894718081441 0.686961280352273 1.20414116010027 2.38531978299305 1.54677766537999 0 0 0 0 0 0 0 0 0 0 0 0 0 0 0 0 0 0 0 0 0 0 0 0 0 0 0
0.201723475375001 1.29873467570178 0.0572863759867364 8.52477009389898 8.2201511898868 0.338075782199815 0.100540250976554 6.44270010196931 3.334799044582 0.137419040314368 1.98467667077414 0.81539610818935 1.67134830570479 4.70987438920479 1.41378511902566 0.530472578054177 0.124119392308194 0.39450731299835 2.37462578953366 5.02688785138989 1.96961122599476 2.98624369376519 0.810511559006628 0 0 0 0 0 0 0 0 0 0 0 0 0 0 0 0 0 0 0 0 0 0 0 0 0 0
3.31904430115392 0.944601978755878 0.280307717259385 0.546920911910567 4.13567228022552 1.21959430579702 2.53698645621375 0.0426107364834747 2.20825061999586 1.13223171520919 2.34725971065844 3.54918308041208 1.47761567306082 8.87146256368718 1.36239670785497 6.57788785138394 4.64904259433063 0.531316972454666 8.45813054878114 4.08681776661039 1.67573477660344 0.489991765509365 1.22200294013313 5.64719886969725 0 0 0 0 0 0 0 0 0 0 0 0 0 0 0 0 0 0 0 0 0 0 0 0 0
0.031788278234074 3.77402526665459 2.83216555838268 0.00384855139706763 1.50607185634507 2.45596359360505 4.8960481155188 4.26424956718165 0.761304366079041 1.52329471638332 4.21700777527673 0.0877254340660384 6.73895733952571 3.32941441046622 0.510603638260453 0.942610344340425 8.36091892717786 0.570026904249664 0.396861977616755 1.78335025185951 4.84433008170893 1.41312888006212 0.242108012988312 0.320776828467286 0.0602383783677144 0 0 0 0 0 0 0 0 0 0 0 0 0 0 0 0 0 0 0 0 0 0 0 0
0.115623908648679 2.26552901872849 0.109067595896451 7.3099146938314 1.51726460590763 1.456301390135 0.410196204907012 5.90730228057614 0.224785825516506 2.78266005148971 2.27477280721252 4.01279706436095 1.83148878024947 1.40384969466022 1.4059487558697 0.0362011447373882 0.335780035953924 1.16436450508856 1.8765407507228 0.822094446594678 1.19614376429821 2.02939128954064 0.147718396792788 1.10606394561997 2.72063996283626 0.410108530020036 0 0 0 0 0 0 0 0 0 0 0 0 0 0 0 0 0 0 0 0 0 0 0
2.96742837058925 0.427735022960659 0.0679728210319545 6.69122196418869 0.500191410334929 1.52233757408105 2.56930714518822 4.04376072036643 5.40851553247879 1.70634885248713 1.6622045258738 3.10427964123574 3.74180830806737 1.14253808007257 1.41645646437225 5.29577022113021 1.12105232032941 1.22169560874698 1.89526577174497 1.3802276465347 1.25680403268893 2.7646614877078 7.50868173451002 1.83588762078557 0.529709129776753 1.71027278618957 2.23710014994732 0 0 0 0 0 0 0 0 0 0 0 0 0 0 0 0 0 0 0 0 0 0
9.03396318340985 14.3468111168659 0.980757716902427 0.687784150807591 0.355038386530463 3.23098670688061 3.43796140697148 1.22309622526075 2.36106990872505 2.2248229972946 5.15455671360614 1.02985580094144 0.109293197206415 0.135535336858528 0.023230216852519 3.5409213492887 1.57324247847054 1.53189389661186 1.39205423239648 1.96882624585339 0.766302319354301 0.784582909952641 0.897832802294886 4.18755043835158 0.282039893529865 0.530689450472674 0.398266167519145 4.35360360082182 0 0 0 0 0 0 0 0 0 0 0 0 0 0 0 0 0 0 0 0 0
10.4857778270823 0.0765660985299935 1.4975158931579 1.53697907006836 1.16254461647153 1.49934624805763 0.844993244194009 1.0854695537273 0.723799439598268 0.846797564178977 2.83510677534429 6.26098864646503 1.27270302114117 8.15139220115052 0.479067331032551 0.83126794244073 6.42888334458566 0.398549418903253 5.32472577799921 3.27843990154884 0.14905780886673 0.498390713496942 0.476587525769979 5.35429681718354 3.67034837878804 1.6311539579988 2.03221749919744 2.58381250294131 2.17209741148374 0 0 0 0 0 0 0 0 0 0 0 0 0 0 0 0 0 0 0 0
4.59232328389071 0.809242278586433 11.1628158302915 6.03404114742489 0.249727294716515 0.548085803537716 1.05403307944496 1.70117065655089 4.3984697825648 1.27198816154959 0.767560109790359 1.97666537933273 0.992576927182009 3.46581413835366 2.04492769051218 0.372170227363912 0.406887442379466 3.56071470766987 0.358299249042353 5.40778022107869 0.268870434166972 4.74676417039164 0.560816601266061 3.20434623751783 3.2570520934702 3.09432900741606 2.99253201483452 0.639195464838985 2.49119603119386 1.77764053177015 0 0 0 0 0 0 0 0 0 0 0 0 0 0 0 0 0 0 0
3.22326642747886 0.13743719971605 0.0414782096416623 2.60502889806315 2.32682215769182 1.14851933512943 9.76937785192073 0.589982953176614 3.21450827664934 0.102091041596427 0.614972451501035 7.50191786453916 4.92795344387241 0.886272067052638 0.0681033694481637 4.11657789397701 2.00290572585256 0.379561444196883 1.0592984211629 0.0904707174120534 2.55709065471697 1.62332869879731 0.727635464644888 2.91747631911871 1.56528655580349 1.79173547430764 1.2773398388925 0.626509939631543 3.45174336391133 0.00186607591170782 1.11636075362912 0 0 0 0 0 0 0 0 0 0 0 0 0 0 0 0 0 0
6.93470702976904 5.1049244071525 1.78026549580972 7.42087473756804 1.14655032767281 10.800972198989 4.65761801919609 0.370189421804564 1.0516651300899 1.75626118986069 2.93053192285214 6.85273560347563 1.8083850109611 1.56334172929049 0.709987512075169 4.540571219919 0.00335129659890739 3.48315904628264 0.944708144175139 0.583741074934712 0.311160680638455 4.05535183034443 0.709095073960971 4.3162101082591 0.338502578589436 2.3348803047455 2.97058985591662 0.316871371473733 5.97236171827761 5.60116456553127 0.206712687513108 0.839790291011762 0 0 0 0 0 0 0 0 0 0 0 0 0 0 0 0 0
10.6841062132674 2.88902872784562 0.422383941639446 0.36367086194059 2.41045048826621 3.0161564391238 3.46290609628291 0.896489104925803 1.56273496758376 3.09499276008429 7.23149913473169 4.26611627059657 4.75554778776008 0.0635153748808105 0.473351233774897 0.103313459115822 0.759173302362174 3.09354224040338 4.03153463894257 0.0861558965561473 4.89612712669885 1.42838600811593 2.54575351177658 18.4524120630549 4.09622744518084 1.28366087911776 3.95349416342503 4.19726674996928 18.1017683550452 0.57474120272626 0.237690679657838 1.03737786370871 9.10077372136119 0 0 0 0 0 0 0 0 0 0 0 0 0 0 0 0
0.0799856867699851 0.858163920184183 0.106837568402246 5.56236817134652 2.93715684023051 0.253462458221527 4.24870570086944 1.64219857420868 3.4581680467576 4.05375597407236 2.2164099255988 2.28195787991061 0.122459554717727 0.168197673109372 0.0567034634139443 0.183542297551422 1.62080112847495 2.6922177862625 0.629991897308539 0.72796506208101 0.913210380792149 0.0822317583622568 2.5640762031268 1.05159745594748 0.0615881692012478 0.636003716566166 2.78473127720658 5.76465396972731 1.6545130447961 2.56811810586736 3.20945958591383 4.82150619204794 0 0 0 0 0 0 0 0 0 0 0 0 0 0 0 0 0
0.0217797627725792 0.152461346068767 5.6920260840004 4.39914700758233 0.625484402522653 2.120272354642 2.14795633483273 0.183168615617032 1.08431551059873 7.80324392217063 4.61398055069272 1.61450325286501 0.91038116951149 1.37601414776611 2.31888791688431 0.347171804987599 2.10354854174821 0.4210385921657 4.1993193848336 5.9005079225212 0.153298661295625 4.09929109789109 2.84301607683004 1.54431475516859 0.827896204621824 0.835838840125933 1.31999020343582 0.157177836509965 1.09628170910761 1.86458340474094 0 0 0 0 0 0 0 0 0 0 0 0 0 0 0 0 0 0 0
0.370406953641404 0.954350975369672 0.00803953068814019 0.311069829435276 0.613809675249107 0.51450163163435 4.32765728864756 0.307964451467227 0.0905985466301863 1.15092627184556 2.30281964351618 2.2223595473823 2.26471738598304 0.79089861096271 5.95270338329404 2.49557664588482 3.15222201014965 2.47843494204074 7.05082267641973 1.20115100733728 2.25234573943891 1.16124503858508 3.07239879880912 1.35135907363221 0.294454912395713 0.765569225480346 0.386634907438618 0.326106867882322 0 0 0 0 0 0 0 0 0 0 0 0 0 0 0 0 0 0 0 0 0
0.375413474676582 5.3449763113263 1.4519410380059 0.948965406727385 1.14382908431144 2.56288610013836 4.23783682121973 0.129714114610873 2.05681710423854 1.85516687601588 3.40002433785705 1.2861452522236 3.90694739291575 4.7299416163474 1.6596909514684 5.37608663153466 9.09699827203527 3.92887209473071 5.70904127979131 2.26033000749839 0.800818029861163 1.70811965260302 0.206600790385717 2.67632751835193 0.66550546784977 0.121805566211635 0 0 0 0 0 0 0 0 0 0 0 0 0 0 0 0 0 0 0 0 0 0 0
2.8215819973285 0.461473676850995 1.73391985413728 4.73460088225187 4.46360957229416 0.194449569062603 1.9931975240202 2.70488231141157 0.0655214389304453 4.51917233389659 3.20100751897212 1.68883461307737 1.95706085620421 2.52345410371487 1.08318931111441 1.39383603480133 2.7807300470662 1.43852078790296 2.33500906670303 1.5282658498008 0.830462307858276 0.19412330625965 3.32718584203893 0.990453980148774 0 0 0 0 0 0 0 0 0 0 0 0 0 0 0 0 0 0 0 0 0 0 0 0 0
2.91230446000359 0.0059117987799417 3.72243107893304 5.52740477768314 0.0220811856756471 1.41302961114224 3.65403732464753 0.0630882454686991 0.613805950537375 5.63653720648658 2.82800680381826 0.864682433268144 0.0565758069879535 2.19234397254054 2.69702261979395 0.357673872656047 0.216854386032137 15.2740077585415 5.11151564304418 4.1953494451514 0.0420937027056361 5.33177970186004 0 0 0 0 0 0 0 0 0 0 0 0 0 0 0 0 0 0 0 0 0 0 0 0 0 0 0
0.378944744046647 1.30167608118657 3.93140355592435 1.77748367462964 0.55212889207829 0.047683147959128 1.18102403760474 2.00139637045753 3.87379840142944 0.51231633008472 2.30480377822324 3.86325236722751 0.0907378830417038 0.297998884698582 0.880957814334085 5.59794340417714 2.95069033887967 0.65637797961679 1.25287449296205 0.198251151076838 0 0 0 0 0 0 0 0 0 0 0 0 0 0 0 0 0 0 0 0 0 0 0 0 0 0 0 0 0
3.36589952737075 1.90031279893638 0.387140328673243 1.49033561946609 4.8124412318875 0.784672745869198 0.0320545578488644 0.346296716045097 1.82620041549243 9.64586167225758 0.578194221891238 1.08852441469706 3.99024233519688 3.68935555632853 1.15273373736623 3.33328737023071 5.53115900644611 2.07834811342546 0 0 0 0 0 0 0 0 0 0 0 0 0 0 0 0 0 0 0 0 0 0 0 0 0 0 0 0 0 0 0
8.98329536240486 1.06168096837681 0.296881303565611 1.58413591930914 1.59688798858961 0.797728199547645 1.30089924525941 2.02294945191068 3.06086208213214 0.256858411210478 1.10164151298826 3.82726469098052 0.18085910333835 5.01673463417284 0.213610254456066 0.645948387388382 0 0 0 0 0 0 0 0 0 0 0 0 0 0 0 0 0 0 0 0 0 0 0 0 0 0 0 0 0 0 0 0 0
4.23345539233017 6.03981332679522 0.071017373651491 0.225389895707817 2.69567429176789 0.934598809938875 1.13380707177692 0.718166008840412 0.638940777922992 0.669578717842744 9.23632157377428 1.4875822773031 1.11334755697137 3.45098784728366 0 0 0 0 0 0 0 0 0 0 0 0 0 0 0 0 0 0 0 0 0 0 0 0 0 0 0 0 0 0 0 0 0 0 0
2.63607764971354 14.5565713512957 0.82600367319807 1.74380615304152 0.661663101625552 4.39384923625938 1.84861551302137 1.73870219513311 7.16204976470551 5.64060617868141 0.51734191170212 0.188993958397636 0 0 0 0 0 0 0 0 0 0 0 0 0 0 0 0 0 0 0 0 0 0 0 0 0 0 0 0 0 0 0 0 0 0 0 0 0
2.57775056254837 0.450444199487422 1.28842376392832 1.66626724754653 5.28525501701735 0.263469886186284 0.895786525221635 4.10060664622064 0.274170331497004 0.0216650710768893 0 0 0 0 0 0 0 0 0 0 0 0 0 0 0 0 0 0 0 0 0 0 0 0 0 0 0 0 0 0 0 0 0 0 0 0 0 0 0
3.06454962865151 3.57126375303418 0.781585931136134 0.84534515240803 0.549519261557552 0.0640311978443328 1.70726415952234 0.498486428133619 0 0 0 0 0 0 0 0 0 0 0 0 0 0 0 0 0 0 0 0 0 0 0 0 0 0 0 0 0 0 0 0 0 0 0 0 0 0 0 0 0
4.83613277452064 3.93802607214227 1.62254435920464 1.8966272231437 0.905990683082942 0.35685486445649 0 0 0 0 0 0 0 0 0 0 0 0 0 0 0 0 0 0 0 0 0 0 0 0 0 0 0 0 0 0 0 0 0 0 0 0 0 0 0 0 0 0 0
0.720773315659391 1.9157014136588 2.77131847443411 2.56084908184301 0 0 0 0 0 0 0 0 0 0 0 0 0 0 0 0 0 0 0 0 0 0 0 0 0 0 0 0 0 0 0 0 0 0 0 0 0 0 0 0 0 0 0 0 0
0.994860936386345 1.09599543617264 0 0 0 0 0 0 0 0 0 0 0 0 0 0 0 0 0 0 0 0 0 0 0 0 0 0 0 0 0 0 0 0 0 0 0 0 0 0 0 0 0 0 0 0 0 0 0
