3.79986276089819 0 0 0 0 0 0 0 0 0 0 0 0 0 0 0 0 0 0 0 0 0 0 0 0 0 0 0 0 0 0 0 0 0 0 0 0 0 0 0 0 0 0 0 0 0 0 0 0
0.168938260701929 1.38807671258959 0 0 0 0 0 0 0 0 0 0 0 0 0 0 0 0 0 0 0 0 0 0 0 0 0 0 0 0 0 0 0 0 0 0 0 0 0 0 0 0 0 0 0 0 0 0 0
1.10148954183066 2.34638970353609 1.05323566615256 0 0 0 0 0 0 0 0 0 0 0 0 0 0 0 0 0 0 0 0 0 0 0 0 0 0 0 0 0 0 0 0 0 0 0 0 0 0 0 0 0 0 0 0 0 0
3.40385852753256 7.46798544315199 0.00208687343146896 2.19514347924908 0 0 0 0 0 0 0 0 0 0 0 0 0 0 0 0 0 0 0 0 0 0 0 0 0 0 0 0 0 0 0 0 0 0 0 0 0 0 0 0 0 0 0 0 0
3.73589682571884 2.74554850141543 2.189773445372 1.78750469215649 0.334251397335581 0 0 0 0 0 0 0 0 0 0 0 0 0 0 0 0 0 0 0 0 0 0 0 0 0 0 0 0 0 0 0 0 0 0 0 0 0 0 0 0 0 0 0 0
0.34341809325611 0.0462228674556923 1.46594367381478 6.80241910247517 0.158237189796343 1.20243577015286 0 0 0 0 0 0 0 0 0 0 0 0 0 0 0 0 0 0 0 0 0 0 0 0 0 0 0 0 0 0 0 0 0 0 0 0 0 0 0 0 0 0 0
2.60856357035284 0.256710903331455 2.83797726030784 1.76002433861962 0.0317442652745523 5.55313534335965 6.38627253286777 0 0 0 0 0 0 0 0 0 0 0 0 0 0 0 0 0 0 0 0 0 0 0 0 0 0 0 0 0 0 0 0 0 0 0 0 0 0 0 0 0 0
0.334198549209914 1.00181929881585 0.929592554530419 1.88087842747243 3.08582795292529 2.29034319327536 0.59148332476297 4.71373186410604 0 0 0 0 0 0 0 0 0 0 0 0 0 0 0 0 0 0 0 0 0 0 0 0 0 0 0 0 0 0 0 0 0 0 0 0 0 0 0 0 0
2.10300553510749 0.66906762890914 0.170527140448328 0.124646962384699 2.15455287357781 7.95817445130528 0.114704659769675 0.513267669232943 8.43956766018981 0 0 0 0 0 0 0 0 0 0 0 0 0 0 0 0 0 0 0 0 0 0 0 0 0 0 0 0 0 0 0 0 0 0 0 0 0 0 0 0
0.586370875631908 0.238279736843515 1.36498639712019 5.16622775358399 2.97986653267462 1.83650143300097 1.88688781817049 2.32752887551585 1.07508714464445 1.18659323851599 0 0 0 0 0 0 0 0 0 0 0 0 0 0 0 0 0 0 0 0 0 0 0 0 0 0 0 0 0 0 0 0 0 0 0 0 0 0 0
0.325716181692256 3.95946002092944 1.01231367025573 1.15391750484679 0.961991114732493 0.662369967200932 13.6255038921019 4.80026013004858 0.333018379662496 0.164700953584481 0.398517968215133 0 0 0 0 0 0 0 0 0 0 0 0 0 0 0 0 0 0 0 0 0 0 0 0 0 0 0 0 0 0 0 0 0 0 0 0 0 0
2.16592368353561 1.64529777140776 1.18112142892637 0.919700465873447 1.0349082760532 0.169386112994416 0.632437277905883 8.14960275230166 0.290999535749641 0.661874703472754 3.48319568475839 2.00959559721767 0 0 0 0 0 0 0 0 0 0 0 0 0 0 0 0 0 0 0 0 0 0 0 0 0 0 0 0 0 0 0 0 0 0 0 0 0
0.996240812020876 1.89009326274684 1.76119615830551 1.00218846700037 3.02034809851589 4.06796148290256 0.571276838215859 0.283275453424204 3.33751235302925 3.07288193343877 2.03888632586687 2.84913386255419 7.66467322305397 0 0 0 0 0 0 0 0 0 0 0 0 0 0 0 0 0 0 0 0 0 0 0 0 0 0 0 0 0 0 0 0 0 0 0 0
0.699501916123039 4.39768546904533 1.45348883250437 0.695439983275285 5.96199274011418 0.426703118066297 0.387428533888016 0.29443326956131 13.8863326185995 0.747663162973204 0.451413129095652 0.13631532358878 0.124586018032203 0.489091745174465 0 0 0 0 0 0 0 0 0 0 0 0 0 0 0 0 0 0 0 0 0 0 0 0 0 0 0 0 0 0 0 0 0 0 0
0.330684766374584 0.474150267241639 6.33720860099301 2.72901962271127 0.1154117146885 1.03671522805831 0.994022526741765 3.33689917606689 1.27200129682114 1.03129612072822 2.31744134630832 0.402843778760279 5.61911788424307 0.233696803723587 4.65478228330919 0 0 0 0 0 0 0 0 0 0 0 0 0 0 0 0 0 0 0 0 0 0 0 0 0 0 0 0 0 0 0 0 0 0
0.4209944826173 10.065275429288 1.77772269706197 1.33930183324629 0.337798694351395 1.01531033764976 0.933367861783222 9.32354136118104 2.97349810522097 0.292763574814151 5.24735431705648 0.071759915603036 1.5305712556247 0.378194159493314 1.49467437088911 2.05065626232956 0 0 0 0 0 0 0 0 0 0 0 0 0 0 0 0 0 0 0 0 0 0 0 0 0 0 0 0 0 0 0 0 0
0.780393371712646 0.924445281532554 2.46322918855409 1.08909948847632 2.23827326497245 9.28257026523218 0.750945193727728 4.85139010109461 2.22135401583173 0.770656985108494 6.63644550152102 0.325676150754986 4.40756122437216 1.90806669176369 6.67661034888246 1.99462115397828 13.2124245616443 0 0 0 0 0 0 0 0 0 0 0 0 0 0 0 0 0 0 0 0 0 0 0 0 0 0 0 0 0 0 0 0
2.28054147865938 4.18201327078762 0.776015079339908 0.53779163606746 4.64384601545431 3.14407089971045 2.68340995812297 0.0653820616144828 4.17969076606489 0.949482022340993 1.89151399640807 1.19202360288526 2.39822791267285 1.38740187357225 4.82865741523805 0.908499708735195 1.82763507041684 8.58283611571885 0 0 0 0 0 0 0 0 0 0 0 0 0 0 0 0 0 0 0 0 0 0 0 0 0 0 0 0 0 0 0
4.12215114937456 2.69478594553823 1.72336659997763 4.90285874265376 5.44832488420809 2.42178278906933 3.73153719974269 0.160014862596807 1.82265900207065 6.18912926716146 1.89157655249989 2.14076727996387 3.94970985468312 1.11000523802419 1.79888083611702 2.76872594664885 0.293200833818808 2.60581963475604 9.17678060874357 0 0 0 0 0 0 0 0 0 0 0 0 0 0 0 0 0 0 0 0 0 0 0 0 0 0 0 0 0 0
1.33668604600038 0.414920157928664 2.00644220058654 5.71262081915314 1.83394207710265 1.14809781869267 1.09600002098226 3.45500836331848 4.65401138891964 3.31136520696698 0.298080830589425 2.97394815521806 3.26930233618889 1.63642227259098 4.4168170866549 0.164355052912342 0.490569922483936 1.50159028252902 3.72010117638236 9.4100317706793 0 0 0 0 0 0 0 0 0 0 0 0 0 0 0 0 0 0 0 0 0 0 0 0 0 0 0 0 0
3.98059789403136 5.62414115475937 1.92873717113055 4.35880938653237 7.44341267994989 1.35197288260743 0.066460506233524 1.48584710965539 0.893061603120423 1.97593860934827 0.181996343047991 0.220563982414273 6.60460449977432 4.30504125041551 2.72620903418649 4.00134399440072 4.20443734896828 0.311659989062247 3.75734699657979 1.94685988881153 4.34792539971964 0 0 0 0 0 0 0 0 0 0 0 0 0 0 0 0 0 0 0 0 0 0 0 0 0 0 0 0
1.80890258350947 0.598434287832738 1.84456986125086 3.32471018493502 2.29821418440916 0.10394020320142 2.71499894633168 1.6239748361913 0.903540811073966 8.82427309687799 2.02707847564393 0.23190743770794 3.59518360001954 2.37692053017418 5.127990134533 0.2841809651647 2.43083617951446 2.57072013545312 0.205648649496311 0.130633562200543 0.482904940126939 1.27467412395511 0 0 0 0 0 0 0 0 0 0 0 0 0 0 0 0 0 0 0 0 0 0 0 0 0 0 0
1.34042683342462 9.01846053090603 2.81326599565876 1.25932074227361 3.41164065613104 2.97994039764497 0.420296595967869 4.39825731426246 5.95594657113356 1.2191579983221 5.54435274018212 3.34690647583183 0.464259704558558 3.07309995226407 6.57377209113413 1.65545182836122 2.53968676715234 6.10670666315373 1.25019190149152 7.65274433968324 1.80811792309958 0.374870366358185 1.74187470743568 0 0 0 0 0 0 0 0 0 0 0 0 0 0 0 0 0 0 0 0 0 0 0 0 0 0
3.25588202363421 3.37652466046938 0.467643734908377 0.60234091700002 0.472768697791486 0.446735180891903 0.53051552601097 1.61027806767808 2.05273132996743 1.43911277052665 3.46904148200426 0.711892490787948 3.08739606137408 0.407066470895084 1.39880439092258 0.602297440968517 0.73542074263637 0.129482774061429 1.37210120694557 0.869818932245655 4.09565478943692 0.64505738743649 3.49408918962482 1.29312885824478 0 0 0 0 0 0 0 0 0 0 0 0 0 0 0 0 0 0 0 0 0 0 0 0 0
1.33571549178694 0.851051496542028 0.657547349749154 5.88754377616689 0.560845827422827 4.38403975476687 0.480642747231916 0.544841311648197 1.28128577065053 0.482713165350297 2.93670965883788 2.81118806386953 0.705924185169336 8.64210676492561 1.62075714316324 1.93730468198839 1.68861335555594 1.1735450498738 3.8826540665519 5.50496522166871 2.55226685951372 1.51083478048173 1.06195546714055 3.42093887842833 1.03781327645422 0 0 0 0 0 0 0 0 0 0 0 0 0 0 0 0 0 0 0 0 0 0 0 0
1.85775115504269 4.44652415512722 3.85190097724786 2.71398828700531 3.9770985226116 0.551378366748508 6.13252924154261 3.96361319624921 2.23533257565339 6.78501569712422 1.64269052628664 3.32048370928059 1.58340200913073 0.13333212181339 1.28786932966648 2.90685068086977 3.21504784128186 2.00070491103989 1.02252976939543 1.93004845127823 1.72498665499957 4.13489653516977 2.32514556694358 5.52541503598369 0.27914737121307 5.1189180640611 0 0 0 0 0 0 0 0 0 0 0 0 0 0 0 0 0 0 0 0 0 0 0
2.41893920687579 0.243606467546597 1.46140094603386 0.827776233982764 3.8540990204791 2.47449074540657 4.67875615950697 5.13731539205567 3.67538393378554 0.0328095741614878 9.63633735442896 1.31404331446349 2.59340180905421 0.402603112554107 5.01541281917501 1.04807952570844 10.4913273250681 0.480465593937888 0.764277434144228 1.28495284161622 2.73398327334272 1.32761797052615 22.7371160828866 7.33437763309799 1.16160201789544 7.09761871340529 2.54590322440368 0 0 0 0 0 0 0 0 0 0 0 0 0 0 0 0 0 0 0 0 0 0
2.50821486841929 2.13906042361685 5.58835814437147 0.134428980433368 0.422922758447112 0.93565927883621 6.13755253306776 0.399074797522773 1.89607848499946 2.51899206375728 1.36244045716844 0.463778200246519 2.48902309753526 0.60347600405064 1.71252301461487 1.10250604785637 0.619782255313894 0.882736602284436 3.48498980835458 0.863501789065483 1.63823260099029 0.71381597147833 0.824895560510404 3.19427678201266 1.43616602638312 5.0352450764071 0.59984146072715 3.32572197256375 0 0 0 0 0 0 0 0 0 0 0 0 0 0 0 0 0 0 0 0 0
4.85386129727829 3.9545444558554 7.62023705347178 5.12117745215041 2.14856677378717 0.969651367850617 1.15478223174022 1.11081098156403 4.87446370031638 0.522120232700779 2.15399017023977 1.99392784192305 0.936401948366392 1.01189534616769 1.43836704971874 0.287595197310542 1.33128489199798 6.52059137615474 5.44032175536379 2.16624050551879 2.38088499251807 0.751659872725443 0.129043621722342 5.35235692981908 1.42143100211266 0.57263613522119 3.28536174409339 1.42355452381137 0.476870494388223 0 0 0 0 0 0 0 0 0 0 0 0 0 0 0 0 0 0 0 0
1.04351365568197 0.712093631628359 7.48419575199104 2.91037073210274 1.04981935571905 1.15119503291942 4.72577816579299 1.4006320769556 2.82192915935756 6.87627137016659 2.90003981533026 4.11250762688585 4.76909612131278 2.9473211053032 1.98051069809639 3.13697959666568 7.01052350436186 5.4999357242164 4.4079685820399 0.629646156804156 0.75274503874664 2.752516405107 0.862640819557569 2.30010427892119 2.93223614870526 3.3322352608741 2.98538573367838 0.0925720483703013 3.76296821658147 0.725344889659524 0 0 0 0 0 0 0 0 0 0 0 0 0 0 0 0 0 0 0
3.73137384190242 3.50408940022376 2.34803191540359 1.95773783870557 1.51895935566516 2.82395014643335 0.854303136807296 0.677731577578322 2.21906549809145 4.40383846190674 0.478393895192689 6.76615050074301 2.59209770790458 0.142122318880751 2.17363813177727 0.193297808977136 1.83987096943032 0.387142341994506 1.11133839408341 1.91323807074397 6.03691670404125 0.832401177599432 0.0350028824510868 0.750749440568458 0.220827036500728 3.09680660702735 1.70270994435593 2.8127132080488 0.71279739537401 10.8724437623967 9.98028647814995 0 0 0 0 0 0 0 0 0 0 0 0 0 0 0 0 0 0
1.32402336801023 7.61300322321277 2.10589495550994 1.86577826162451 0.979330561137642 6.4284833321138 1.33037532231502 0.397780584210273 1.11764972559386 0.542193042921146 2.73117567868592 0.487506454209573 3.83746074116342 6.67706846645315 1.78437562967916 0.147835453944405 3.67782922797994 2.9899108065891 0.309898970273221 0.532835414949103 2.9260980914945 9.36819566873805 3.78089544746499 1.55501731570167 1.75181883548254 2.33762508997023 4.49836084169745 0.626945361457565 4.40814859118057 6.51356250833727 0.361475612084694 0.0939178724111199 0 0 0 0 0 0 0 0 0 0 0 0 0 0 0 0 0
3.77477473801146 0.654806503578879 0.933655105187185 0.847407859903805 3.83802357540266 2.32996518822501 0.273311947112442 0.922080091023597 7.4461727483582 1.32459892558945 12.6069983279756 0.304492506669106 0.814147132259477 0.919116371727829 1.55669452138244 0.508843419271279 7.93344454785722 0.646474521830778 0.0626379305402368 4.73875965380354 2.36958692884382 1.7083341810697 3.24781072755645 0.120700255367458 1.30586252052822 2.15040923866056 6.42673983216739 0.141702689422607 2.26257367009103 0.143908012523839 0.207620106011572 3.78313297245752 4.76691235614818 0 0 0 0 0 0 0 0 0 0 0 0 0 0 0 0
0.609544876365024 3.47960483744643 5.91106733670368 1.15705927877379 2.07336810085974 0.584398154481481 0.127939518891713 0.365729105028573 2.5527206251605 2.71282734937355 0.137764577608778 0.342011186323951 7.15880870550138 2.6136275317013 2.65466073594593 1.59506368291936 4.10573621774316 3.40048369227807 0.683510783414757 3.6533074959929 9.69650494690498 4.09473918975862 2.90753683721495 0.198010886760955 4.57482784977348 0.609394080970385 1.93634543965967 2.4385929399116 5.86781495022085 4.41202949953676 0.0926607586695725 4.38826517206033 0 0 0 0 0 0 0 0 0 0 0 0 0 0 0 0 0
0.639590344726897 0.936819366134128 1.58700895856841 1.00614081692707 6.72734088272394 3.98878875250383 8.59768734891031 3.65501126104028 6.17698440742462 0.387598492883334 1.75267154649746 5.21980006845192 1.024938923934 4.45380732678376 4.08702054276458 0.490392996410322 2.50141447539698 4.23638047451493 2.47787159922952 1.79300968175046 2.2366771465387 4.17258678758655 7.77560846233874 1.74168487231259 0.899278304088379 3.86299270723603 4.22024315808981 0.889195044249587 1.24293569051403 0.822083841809404 0 0 0 0 0 0 0 0 0 0 0 0 0 0 0 0 0 0 0
0.267700369070784 0.872121710508447 4.07435551733851 2.34360930299944 5.84782570700882 0.452852250333934 0.211657032711444 0.757218606796915 2.56092765177473 1.37922682923559 1.30753526798795 0.0835506875415371 1.05503939404807 0.289560266125066 0.471760691537221 0.638455228216903 2.31287090795416 0.750617061630056 3.21608836051751 2.85258212180758 1.46438559230554 0.0351310925814058 1.7049870786431 1.75486357338081 0.415863613738204 1.40957962936473 0.216381997242333 0.66859142397219 0 0 0 0 0 0 0 0 0 0 0 0 0 0 0 0 0 0 0 0 0
1.07048066757203 3.40653301817811 1.28404008238479 4.15831228696111 0.281021482923283 0.244858530629228 0.94425835730331 0.0695218503640585 0.602768870533728 1.58190647479932 1.7528286481036 5.51727137808277 1.03402612446847 0.403795520302959 7.10973577929545 0.402227257668899 0.413732816384603 1.21916323608799 5.06696535691753 1.43735841012156 3.46937735708026 0.175915132533681 4.68302887442328 1.44494321203128 1.57543060727929 0.156565726595721 0 0 0 0 0 0 0 0 0 0 0 0 0 0 0 0 0 0 0 0 0 0 0
1.89203908539155 2.38104746044852 4.49726810788934 7.39695101877634 5.9995112182572 1.26051559656676 0.134638267189855 0.0379091494648365 2.06784623388156 1.65346588235575 3.78339088534865 2.21975940468252 0.0866400747990844 0.539100912596882 3.89200680738703 1.22913959054504 6.32872125772841 1.44221981006151 6.17217261585765 1.17090155520703 2.09699759339865 0.78888074041513 2.0735338178805 0.106018794203988 0 0 0 0 0 0 0 0 0 0 0 0 0 0 0 0 0 0 0 0 0 0 0 0 0
2.94041941135951 2.06208645000548 1.17454490659215 11.6696703428547 1.23460105924499 1.33583080783645 0.635203442016336 2.27032781257053 1.80691991076665 1.96227548974856 1.00957906776648 4.25580361947097 3.90701170699835 2.67962421657474 1.40070258405381 1.48325512506996 1.43274862311517 5.23545405077932 3.27426447773739 3.4524507922562 2.20037892505849 2.88313993326097 0 0 0 0 0 0 0 0 0 0 0 0 0 0 0 0 0 0 0 0 0 0 0 0 0 0 0
0.170609889645532 0.490553843370422 0.225109835413872 5.41216913636113 6.551333302795 0.920669386363015 10.3445533135798 0.824175034114413 1.97843097972257 0.012573960633086 0.534384850135937 2.45558476751201 3.04462805853897 1.86687244794514 1.00812916455004 5.07634986869427 1.85204005673265 8.30036295255882 1.08315150040996 0.120285772081478 0 0 0 0 0 0 0 0 0 0 0 0 0 0 0 0 0 0 0 0 0 0 0 0 0 0 0 0 0
0.530158880145769 1.55441292646839 3.09864294990832 2.29933897007321 2.07813312262331 4.77518603992775 0.698337240886964 0.774281148570914 1.08993921302242 1.07897610806578 4.57817063637013 3.20343650614337 3.55342867807022 2.33598167694922 6.45621537400042 0.0528445819567903 0.101072642605681 0.225974856729696 0 0 0 0 0 0 0 0 0 0 0 0 0 0 0 0 0 0 0 0 0 0 0 0 0 0 0 0 0 0 0
3.28223421567714 3.33585534281229 1.82976539046862 6.24343167337713 2.46042807420717 0.207514468084283 1.94438451797405 4.03574092587415 1.24588762514995 1.14527211752615 2.19364933906328 0.123495232726978 4.25992626824549 1.0702070024546 1.30502349312045 1.19039054912903 0 0 0 0 0 0 0 0 0 0 0 0 0 0 0 0 0 0 0 0 0 0 0 0 0 0 0 0 0 0 0 0 0
4.14807511052228 4.65442246734843 2.97771993356745 1.88914473902306 2.73342381247484 1.24360980463197 0.845690711187828 4.76830115089438 3.30556529989372 0.0787245504231521 0.717955656430989 0.907321565011629 5.4769355298791 2.7425832232702 0 0 0 0 0 0 0 0 0 0 0 0 0 0 0 0 0 0 0 0 0 0 0 0 0 0 0 0 0 0 0 0 0 0 0
0.764644178938159 0.7093131305925 2.33920733774886 0.566046502919259 1.71870775259433 4.62157563928075 1.39094188036471 2.82529195401514 3.91915770174455 0.370013744082828 0.587629623991136 0.339656824008002 0 0 0 0 0 0 0 0 0 0 0 0 0 0 0 0 0 0 0 0 0 0 0 0 0 0 0 0 0 0 0 0 0 0 0 0 0
6.35897670818063 3.18113213052684 0.19637166194847 3.64820299961968 0.00792491637447885 3.02609747382901 5.60582136258175 0.527028211851461 11.0131286473007 1.60907754487073 0 0 0 0 0 0 0 0 0 0 0 0 0 0 0 0 0 0 0 0 0 0 0 0 0 0 0 0 0 0 0 0 0 0 0 0 0 0 0
0.776822880301132 5.29563559319026 2.15523142442829 0.435793022176942 3.67064853951339 4.65793017341213 2.14984194095692 1.4004196091419 0 0 0 0 0 0 0 0 0 0 0 0 0 0 0 0 0 0 0 0 0 0 0 0 0 0 0 0 0 0 0 0 0 0 0 0 0 0 0 0 0
0.297764470811898 3.21655171861786 0.403489556673134 1.55317640710809 10.5768193285266 2.33275102312418 0 0 0 0 0 0 0 0 0 0 0 0 0 0 0 0 0 0 0 0 0 0 0 0 0 0 0 0 0 0 0 0 0 0 0 0 0 0 0 0 0 0 0
3.41687642828244 5.33185501521485 2.73212527566269 0.0809712564623765 0 0 0 0 0 0 0 0 0 0 0 0 0 0 0 0 0 0 0 0 0 0 0 0 0 0 0 0 0 0 0 0 0 0 0 0 0 0 0 0 0 0 0 0 0
0.538472188443358 6.53934696511956 0 0 0 0 0 0 0 0 0 0 0 0 0 0 0 0 0 0 0 0 0 0 0 0 0 0 0 0 0 0 0 0 0 0 0 0 0 0 0 0 0 0 0 0 0 0 0
