2.59414679272721 0 0 0 0 0 0 0 0 0 0 0 0 0 0 0 0 0 0 0 0 0 0 0 0 0 0 0 0 0 0 0 0 0 0 0 0 0 0 0 0 0 0 0 0 0 0 0 0
2.1174624330707 0.630448431152331 0 0 0 0 0 0 0 0 0 0 0 0 0 0 0 0 0 0 0 0 0 0 0 0 0 0 0 0 0 0 0 0 0 0 0 0 0 0 0 0 0 0 0 0 0 0 0
2.58393902779823 6.54476054013155 1.5300824335022 0 0 0 0 0 0 0 0 0 0 0 0 0 0 0 0 0 0 0 0 0 0 0 0 0 0 0 0 0 0 0 0 0 0 0 0 0 0 0 0 0 0 0 0 0 0
4.26158168128608 0.848958332312697 2.43002529483048 1.69609055650532 0 0 0 0 0 0 0 0 0 0 0 0 0 0 0 0 0 0 0 0 0 0 0 0 0 0 0 0 0 0 0 0 0 0 0 0 0 0 0 0 0 0 0 0 0
0.587709518242393 2.92670866143086 1.25172213365546 0.284203792610866 0.668705165086917 0 0 0 0 0 0 0 0 0 0 0 0 0 0 0 0 0 0 0 0 0 0 0 0 0 0 0 0 0 0 0 0 0 0 0 0 0 0 0 0 0 0 0 0
4.44019802682861 0.977536652020254 0.227213293315109 8.01384482927577 1.79264800435986 5.13698412240279 0 0 0 0 0 0 0 0 0 0 0 0 0 0 0 0 0 0 0 0 0 0 0 0 0 0 0 0 0 0 0 0 0 0 0 0 0 0 0 0 0 0 0
4.65579966724105 0.0257518973975572 0.72425318720695 4.37667085285354 0.533622484150867 0.136364355098305 2.06376771192963 0 0 0 0 0 0 0 0 0 0 0 0 0 0 0 0 0 0 0 0 0 0 0 0 0 0 0 0 0 0 0 0 0 0 0 0 0 0 0 0 0 0
0.141169375527019 1.28790285546774 0.326544818828557 0.665067587120102 5.63872909214742 4.0240535598902 6.1731179575086 0.603336819476129 0 0 0 0 0 0 0 0 0 0 0 0 0 0 0 0 0 0 0 0 0 0 0 0 0 0 0 0 0 0 0 0 0 0 0 0 0 0 0 0 0
2.45201482433887 3.24182226769407 4.30115561200944 5.27189019210706 2.68141390727663 0.838834760648521 2.69897124958336 0.29495611266256 0.351757558001863 0 0 0 0 0 0 0 0 0 0 0 0 0 0 0 0 0 0 0 0 0 0 0 0 0 0 0 0 0 0 0 0 0 0 0 0 0 0 0 0
0.204896133849774 8.15737762098201 1.29052150855865 4.29454877957353 0.549155191238335 2.053242547856 0.256760918473509 1.57748825282407 3.21827732785755 3.38652178317984 0 0 0 0 0 0 0 0 0 0 0 0 0 0 0 0 0 0 0 0 0 0 0 0 0 0 0 0 0 0 0 0 0 0 0 0 0 0 0
4.23170729957859 0.445427255012282 0.756687905001778 1.93140985575936 1.05876369975522 0.496449110343424 3.17398282487789 2.21418707153896 0.741309470018208 2.44231854439971 0.82354880771101 0 0 0 0 0 0 0 0 0 0 0 0 0 0 0 0 0 0 0 0 0 0 0 0 0 0 0 0 0 0 0 0 0 0 0 0 0 0
0.961725634723157 0.2982022119684 4.08811469470589 0.361296350222389 4.58438380486801 3.28370932162539 0.567097416948167 4.88613218559456 0.347180145462932 0.426030019542773 0.0474254816753955 2.37715657234011 0 0 0 0 0 0 0 0 0 0 0 0 0 0 0 0 0 0 0 0 0 0 0 0 0 0 0 0 0 0 0 0 0 0 0 0 0
2.26120633230242 0.169306600305588 2.47871133349693 0.523692822846962 3.27814715731621 1.58194728702147 0.686213819156114 1.22123953132736 1.37648487983401 0.357590409428377 0.756622058983066 1.15572025979195 0.614111032544303 0 0 0 0 0 0 0 0 0 0 0 0 0 0 0 0 0 0 0 0 0 0 0 0 0 0 0 0 0 0 0 0 0 0 0 0
0.596250048540119 3.19671949024149 0.981091837262316 0.509121793249693 1.01159687880423 1.8925798854699 1.36111742392324 0.504030340947561 2.8434309059139 4.82907660265196 5.87439621627889 1.06645573976745 0.0398360850148811 0.271491626684764 0 0 0 0 0 0 0 0 0 0 0 0 0 0 0 0 0 0 0 0 0 0 0 0 0 0 0 0 0 0 0 0 0 0 0
0.249435427665237 2.00868641951627 2.85620264046034 0.708882923826164 2.28509279970551 0.676438892527158 1.04265442908866 0.396516940621278 5.90199649866076 0.577200734527788 0.328930560527661 2.0002270748782 5.13921583338695 0.81091100988731 1.31514213901062 0 0 0 0 0 0 0 0 0 0 0 0 0 0 0 0 0 0 0 0 0 0 0 0 0 0 0 0 0 0 0 0 0 0
0.382164285140036 0.436598520771303 0.793421948107161 2.21624330064176 0.149336981941565 5.10651171997354 0.617665472363666 2.19608096973084 2.2976907208311 7.02811783760769 0.304353334227868 3.61332008435456 1.22533824892605 3.03716656571096 1.22710422496286 7.31707500757246 0 0 0 0 0 0 0 0 0 0 0 0 0 0 0 0 0 0 0 0 0 0 0 0 0 0 0 0 0 0 0 0 0
1.31717640586954 1.22503959297471 1.74919184346502 0.139403949895884 8.60576750013521 3.74699804820865 0.95788478241399 2.06583756418148 0.954238087648109 3.00235111691347 0.516072239192271 2.25871574543409 3.04112114177518 3.24951457632939 0.215049253605235 0.194067966249918 4.296563389506 0 0 0 0 0 0 0 0 0 0 0 0 0 0 0 0 0 0 0 0 0 0 0 0 0 0 0 0 0 0 0 0
1.12693021382035 2.24353690440144 2.0274236406174 0.423306481545165 0.696990302412801 1.44048298653952 1.68213734382304 4.83130772086435 2.80883768131966 3.63718904980636 0.519077374273866 0.327205049353563 0.986032493133066 3.85247088002826 0.746153870459405 1.6677232354009 5.07620916214824 0.672434423216781 0 0 0 0 0 0 0 0 0 0 0 0 0 0 0 0 0 0 0 0 0 0 0 0 0 0 0 0 0 0 0
2.84364410976508 0.975777145519357 1.00421572078084 4.79847488959377 1.65452856813603 0.201983053358865 0.772000231028485 0.184095832785399 2.33900979225391 2.23747283220584 2.2080754533701 7.75372383268953 0.500296181973443 1.53839630675591 1.17899783704121 6.74362411118865 1.72056868465072 0.637792947511614 1.25716240868193 0 0 0 0 0 0 0 0 0 0 0 0 0 0 0 0 0 0 0 0 0 0 0 0 0 0 0 0 0 0
2.36777165577073 1.1874143852749 3.0080584908959 1.49973577832069 6.55163065173748 1.92796660939248 1.74733420463317 3.00203269479426 1.64015031347113 1.87221433929191 1.80706877438411 1.15768688214166 1.58890039974766 2.42750183238177 1.93526650494563 0.971790781309165 1.84647838347425 2.41622846833408 0.599972822837279 0.235721903267411 0 0 0 0 0 0 0 0 0 0 0 0 0 0 0 0 0 0 0 0 0 0 0 0 0 0 0 0 0
6.52579937391636 0.741428011887727 1.60950987760971 1.24992882416521 0.494380434674832 1.85231844079665 0.736303713285453 2.09636423903848 4.05151231748535 5.53257504739578 4.87562935198071 0.0413166523464195 0.59392470730223 6.8485643817834 0.322415006699908 0.979482891337842 1.92290408436468 4.5484074123986 1.85324898757955 0.877894724112867 8.27178090387538 0 0 0 0 0 0 0 0 0 0 0 0 0 0 0 0 0 0 0 0 0 0 0 0 0 0 0 0
3.87332615717194 4.01211655040393 0.517886611704102 4.58040959601177 1.04588201600965 0.107540771643628 2.08308916045468 4.28404118146493 0.183385769936455 0.448823166398037 1.22468782056589 3.80970864271042 0.490609644441064 0.173136642617856 6.01903392002721 1.02202046908065 0.626516352228231 2.79399414866327 1.46962094628455 4.12866572086028 6.73085350077759 0.20549210999702 0 0 0 0 0 0 0 0 0 0 0 0 0 0 0 0 0 0 0 0 0 0 0 0 0 0 0
1.70126084913369 0.785219161344633 0.39179172691723 1.09272318697588 1.90865142604038 1.20079683173445 2.61251076906758 4.22434782879845 2.15762166616478 1.81262751115126 2.12962461146452 2.9495337244661 1.96884313241565 0.077814392596019 0.537523162269489 0.387920938690842 3.17225421406576 0.565535642374938 3.45859778213934 2.95770805984505 0.90771157999568 1.11893945656489 1.58817357408896 0 0 0 0 0 0 0 0 0 0 0 0 0 0 0 0 0 0 0 0 0 0 0 0 0 0
1.24984114652693 6.66209659960915 1.13998053492599 4.30578722436306 3.64467894827457 3.4004518851498 1.77241619544402 2.49797676748788 0.149369043525061 1.2106478236821 0.718411807870348 0.26741746981585 0.890177383159396 1.87848605437329 0.637978880524234 0.499924626892823 0.168846834659167 0.309214055857316 0.316429266888315 0.227420335649489 2.36083188942286 0.0391418602975844 0.0533276931612085 2.0845628823099 0 0 0 0 0 0 0 0 0 0 0 0 0 0 0 0 0 0 0 0 0 0 0 0 0
0.303937613131998 0.128061169001621 1.51971854601873 2.93921051407381 6.02671573462359 0.114274903776125 3.45979746038919 0.0300111446722947 0.44035484207797 1.07931371335454 1.54320690443235 0.394325736108396 1.10624203931289 0.444790900376977 5.80389281990211 0.460146158090332 3.69857214274303 3.36879208592348 4.05835341928115 1.38507915639006 0.709953097868349 6.65602300812055 1.14482666001999 7.92789317154547 3.80103631396153 0 0 0 0 0 0 0 0 0 0 0 0 0 0 0 0 0 0 0 0 0 0 0 0
1.11994737653218 0.49073846123521 0.19333737732953 1.49754321061942 2.20920189189573 0.116045428053997 0.569847866220171 4.63598447239642 1.22662964764581 0.275241907110018 6.46198072098251 0.136946639056233 1.66531843001337 2.98721195440884 0.708141833210887 0.0717999667979316 2.54962475211545 1.22632811526639 0.344652368811186 0.068776696472364 0.45697319031678 3.38663386969407 0.451127092248622 0.687547025422744 1.10789251918596 1.34508464946806 0 0 0 0 0 0 0 0 0 0 0 0 0 0 0 0 0 0 0 0 0 0 0
2.6310236620999 0.894574124532321 0.19232712421225 2.26204514613232 5.72804531941897 1.64931073458413 0.27622631317078 1.74597563088984 2.76234279686933 0.874844302988268 0.210286907029394 0.333911631032465 6.85422648075405 4.02993753109146 4.07563319996107 6.76824389381378 0.0305844799490289 2.97793472174596 0.819524205632111 1.61800708853961 1.21999758966657 2.19960274030608 3.63815194287887 4.28163336060617 2.36457980527968 0.193849831510638 3.91814173475264 0 0 0 0 0 0 0 0 0 0 0 0 0 0 0 0 0 0 0 0 0 0
1.21990237640032 1.11210795741518 0.801194886345119 8.14378640288304 0.307977271315862 2.82355337247073 1.93913133256129 1.42820033187453 3.27856874369786 0.282437226409981 1.04556947676691 1.41282286074308 0.403122121386586 0.377312822098201 3.34594599331454 4.49203079010815 0.429905853632279 5.45285531385327 0.288879308575975 1.93780212928744 1.31568934655068 1.42406558488294 1.22575585613838 2.2954088459789 0.751280581155881 0.719106481336614 0.0656612640667562 4.94151595997375 0 0 0 0 0 0 0 0 0 0 0 0 0 0 0 0 0 0 0 0 0
0.100312559034939 0.57764536138158 2.4175696000004 0.776457411436678 5.07364523479803 0.0222426996857826 2.19653852966659 6.72458342722105 2.39937671340337 5.16895433374048 2.39765027249333 1.6773068929426 0.0841854652421972 3.39094148387558 1.4307800275107 3.69507232557481 2.22559742090828 1.22624166514414 0.0374041886684248 2.2968849815492 0.228167609880392 0.541783315015412 1.92916261177188 8.78267035687196 2.07469868201441 0.193808617044992 2.15036431009404 0.738198418215488 4.00744931183913 0 0 0 0 0 0 0 0 0 0 0 0 0 0 0 0 0 0 0 0
1.71860894426752 0.401789641479759 1.61335145469234 3.2150482397651 0.680635351338459 0.463888887655835 0.349063806022585 0.979834821568633 1.29435329671993 0.166483987152291 0.948565153991845 7.73638966089905 2.13961396559466 2.61608643681555 1.0750535906561 1.21306444512156 3.01734133177719 4.53028791161888 1.03741004898536 1.20133944032905 2.23279673103245 2.57138983237379 1.07727574401373 2.82186329483479 0.809277568241126 2.87210568755535 3.60520332124631 1.68794375692947 0.117236586674008 0.84065673522577 0 0 0 0 0 0 0 0 0 0 0 0 0 0 0 0 0 0 0
3.64592992958641 1.05138868263445 0.113942811655715 2.40847162212989 0.922278774780849 0.567776263080017 2.68167695288541 0.265566914453307 4.39332004750139 0.0298599532524605 0.781288510401558 0.106873182811094 0.634947632590347 1.44070861494236 2.91670961850725 2.67163820123869 0.0132577266525348 9.16367492435119 0.385952790646587 13.8271710149098 4.18774624609278 3.57436923962058 0.0836440846481343 4.89793837895953 3.9598251167272 2.18577225014618 0.743587895874259 0.0365680807485581 0.788376103453255 0.534982169175333 4.91391713741292 0 0 0 0 0 0 0 0 0 0 0 0 0 0 0 0 0 0
2.42366091133311 2.90506191147527 4.18567486393596 2.17393491141095 0.281744290743088 0.544818339365277 1.54206324931385 1.87907412412693 0.0165036961722841 1.36640545624576 2.52985321378509 0.0264821530021659 1.8942542426601 1.02845242618859 3.17987490210094 1.38399682549092 0.507979815172386 2.0553929378293 6.18826042443838 0.891162032166472 0.894532656161298 2.29584545720133 2.42774243354857 5.53450369970714 0.449778212429214 0.147017789473965 0.916190126169352 7.5679849426541 2.83892948333141 0.440714877468052 0.23857577886397 1.30763255491679 0 0 0 0 0 0 0 0 0 0 0 0 0 0 0 0 0
1.84190444821085 2.09961679554724 2.39321133999795 4.96946272233131 0.456056950727399 0.506007483643338 2.39690294046003 1.6044219649027 6.47727888380701 0.183526045623661 0.0199407857271716 0.316846320247064 0.243733733439358 0.537363349405816 1.4609812055904 1.81877848610377 0.249557960366174 1.37076643039256 1.24508614404517 1.8930911714052 0.139783993621205 1.94787048577868 0.785027678969462 0.220928153021349 1.18950477133025 2.76090074257256 5.55382519093222 5.94410899206971 0.118324425049111 2.26516819124456 0.492866696884521 1.48295025148686 1.92195355529618 0 0 0 0 0 0 0 0 0 0 0 0 0 0 0 0
2.19718524623915 0.556153357255162 1.48024495313215 0.716251496222505 1.50807918666401 5.82312806329427 0.152383400407213 2.20398996730088 0.384691482339505 4.90131199949288 3.32648689074095 0.623449535191535 2.07015388488269 2.99350451713781 0.184850028328417 2.61344862214467 0.0997984257164415 2.08263251087959 3.28944873040463 0.881171345144512 2.12383696288953 0.805766875066927 0.306369888649484 1.64146740682456 0.0723206772974213 1.87000469529188 2.87754965053779 0.259551164223516 0.892819196866965 2.34141849597601 2.79255265658238 0.740224785129808 0 0 0 0 0 0 0 0 0 0 0 0 0 0 0 0 0
0.212056078301618 1.67362694467755 1.32108463272553 0.148274526385149 1.2189463305654 1.55169027490672 0.00435355158534545 4.22773419496377 4.45299458961958 2.7930916670113 1.09722883841544 3.04426619404094 1.93144687754305 0.614903243724139 7.16233940130282 2.39160475486877 4.1707009925674 1.0892883024707 1.58901390648943 2.57838720637786 1.10363609520054 0.386879569925608 0.333336282554308 2.3816971435382 1.70004948814547 2.69517197795419 0.0391547321813979 2.99140378676794 0.247459092867846 6.28420966381691 0 0 0 0 0 0 0 0 0 0 0 0 0 0 0 0 0 0 0
2.63577765033335 0.726612373343439 2.95215970261229 0.296617243192166 0.0246109258557632 1.87088434002111 8.3990684502401 0.0494743053223004 0.966508794875748 0.53214341843428 2.0711664466717 0.192153354198306 1.13505297323397 6.24819980730911 0.339041722929472 0.179467815812893 2.89400396336088 1.95932554364361 0.67564323982739 1.55468569749015 1.99807643440475 7.8775166272634 2.11207932263869 0.2982771079806 3.07421419640794 1.05286504811064 1.79517717885771 0.0712777601647821 0 0 0 0 0 0 0 0 0 0 0 0 0 0 0 0 0 0 0 0 0
0.27995941872631 2.0238732783371 0.237767567608526 0.372066156900603 2.23776516980031 1.42291963219208 0.108214763296931 0.714903016843432 2.64382847740326 4.95491611940111 2.22888654780642 0.315127829684053 0.262489956869687 4.22777931517139 0.389195627069468 0.173576250118762 1.28820301799585 0.869435529492062 1.27229006313242 2.23103621202725 9.68453601971729 1.50485386009982 1.57420314583249 3.38233820795635 2.07554208569097 0.82750470248676 0 0 0 0 0 0 0 0 0 0 0 0 0 0 0 0 0 0 0 0 0 0 0
3.75307273835797 1.50106679919601 0.832892806922653 4.14212806085155 0.735077654984261 0.438889461567919 1.66046784220857 1.84294325875085 1.68822274239587 0.402203902464165 0.983326361206213 0.961935012127645 1.40169619811682 0.768540126426037 3.9362716323402 4.8538603248637 0.472463841953954 3.26543396011311 0.571634584828816 3.13226697237581 2.40940644620044 1.17319579253566 3.84679423820643 1.06107928667684 0 0 0 0 0 0 0 0 0 0 0 0 0 0 0 0 0 0 0 0 0 0 0 0 0
4.85556826775744 3.99171130309253 1.56304646773607 4.26256207091731 0.112158472695081 1.08893524097293 3.90347843503332 2.9545150074684 0.144854175035374 3.06544743796368 3.32481080120402 1.15050111862754 4.29833735312621 1.85267297319771 1.79632718705242 8.42941944480858 0.129377048471711 0.664163374833277 2.35552579360242 2.66697752140551 0.735634856226988 0.502434735210295 0 0 0 0 0 0 0 0 0 0 0 0 0 0 0 0 0 0 0 0 0 0 0 0 0 0 0
1.12566784609021 2.87581202454748 6.11385663707485 3.52607691439328 0.0449213858417408 4.0952235618622 3.87834321766053 0.192936054333286 1.7716069342536 0.820854402318728 2.69587030543238 1.44975448725446 0.477876390488291 0.293814514317471 3.12193992977065 7.40717299977246 2.68191078094704 1.57042659025923 1.36809767765202 0.461115354833888 0 0 0 0 0 0 0 0 0 0 0 0 0 0 0 0 0 0 0 0 0 0 0 0 0 0 0 0 0
1.46621112352251 0.322888585774932 4.32137669421235 3.4098011997531 0.732416654415134 0.558881781850304 9.14625341416349 1.42225607154027 1.42554203521311 1.17742378186826 4.78215584126662 0.36510674685595 0.501031828422139 2.21262182548201 0.252883210668546 2.34429422439317 1.15651871956549 0.529623885124175 0 0 0 0 0 0 0 0 0 0 0 0 0 0 0 0 0 0 0 0 0 0 0 0 0 0 0 0 0 0 0
0.755708004231293 6.43567468785044 3.66774953031535 4.13867629845282 0.88991322886685 0.799404142208055 1.99292946095925 1.86819374797186 1.72787523185725 5.29385163163456 1.95210219876182 2.24011153877476 3.53394093046702 1.96211947862581 2.11537259304042 0.02650251312567 0 0 0 0 0 0 0 0 0 0 0 0 0 0 0 0 0 0 0 0 0 0 0 0 0 0 0 0 0 0 0 0 0
0.400803302445193 0.666503234911401 4.46280174140794 3.04136048146834 5.6164729551936 0.113490914926239 2.08299898183832 3.85027634201926 0.840883676199751 2.1959124396181 2.72458605854572 2.54617437520892 1.18308491244767 1.21570330886662 0 0 0 0 0 0 0 0 0 0 0 0 0 0 0 0 0 0 0 0 0 0 0 0 0 0 0 0 0 0 0 0 0 0 0
4.13407643322816 4.55466349807559 1.23400652927209 3.58135603201306 4.91144189879982 0.731541838708124 3.65629044074783 1.81720469323908 1.78875423143741 3.77584372268829 2.67380477554408 0.792782793710617 0 0 0 0 0 0 0 0 0 0 0 0 0 0 0 0 0 0 0 0 0 0 0 0 0 0 0 0 0 0 0 0 0 0 0 0 0
7.99261759735001 5.09786328772543 2.33752532413886 5.1327110296249 0.0237311121107522 1.02877338265349 1.35907524043089 2.55816666001843 5.2013782513573 0.874387597826585 0 0 0 0 0 0 0 0 0 0 0 0 0 0 0 0 0 0 0 0 0 0 0 0 0 0 0 0 0 0 0 0 0 0 0 0 0 0 0
4.50069806563963 3.01677204657131 0.980522180168555 3.10827509451246 0.989443733593478 0.346443829371646 4.05073473843818 7.45621699620473 0 0 0 0 0 0 0 0 0 0 0 0 0 0 0 0 0 0 0 0 0 0 0 0 0 0 0 0 0 0 0 0 0 0 0 0 0 0 0 0 0
2.87864831568905 1.55291564507028 4.0210379005073 1.84219774602861 1.0084179880205 3.29633585489745 0 0 0 0 0 0 0 0 0 0 0 0 0 0 0 0 0 0 0 0 0 0 0 0 0 0 0 0 0 0 0 0 0 0 0 0 0 0 0 0 0 0 0
0.829087904611999 7.09574051271125 1.49122818138831 1.4025260350125 0 0 0 0 0 0 0 0 0 0 0 0 0 0 0 0 0 0 0 0 0 0 0 0 0 0 0 0 0 0 0 0 0 0 0 0 0 0 0 0 0 0 0 0 0
1.69251387706944 2.12662765831571 0 0 0 0 0 0 0 0 0 0 0 0 0 0 0 0 0 0 0 0 0 0 0 0 0 0 0 0 0 0 0 0 0 0 0 0 0 0 0 0 0 0 0 0 0 0 0
