1.78640846131309 0 0 0 0 0 0 0 0 0 0 0 0 0 0 0 0 0 0 0 0 0 0 0 0 0 0 0 0 0 0 0 0 0 0 0 0 0 0 0 0 0 0 0 0 0 0 0 0
0.121228956999057 0.358087539438161 0 0 0 0 0 0 0 0 0 0 0 0 0 0 0 0 0 0 0 0 0 0 0 0 0 0 0 0 0 0 0 0 0 0 0 0 0 0 0 0 0 0 0 0 0 0 0
1.07666948205015 2.31464501639943 0.320883448385897 0 0 0 0 0 0 0 0 0 0 0 0 0 0 0 0 0 0 0 0 0 0 0 0 0 0 0 0 0 0 0 0 0 0 0 0 0 0 0 0 0 0 0 0 0 0
0.127347292470798 0.736267056969991 0.661362013178734 2.40800660740098 0 0 0 0 0 0 0 0 0 0 0 0 0 0 0 0 0 0 0 0 0 0 0 0 0 0 0 0 0 0 0 0 0 0 0 0 0 0 0 0 0 0 0 0 0
1.35959034775137 3.57481089763359 0.482119312035734 2.71453303018774 2.74060682256772 0 0 0 0 0 0 0 0 0 0 0 0 0 0 0 0 0 0 0 0 0 0 0 0 0 0 0 0 0 0 0 0 0 0 0 0 0 0 0 0 0 0 0 0
0.767808165646298 2.01388158789587 0.791914021557311 0.08918616642186 0.0478128583692189 7.38858073204652 0 0 0 0 0 0 0 0 0 0 0 0 0 0 0 0 0 0 0 0 0 0 0 0 0 0 0 0 0 0 0 0 0 0 0 0 0 0 0 0 0 0 0
1.35233145747544 3.87377982757647 1.53383123528465 1.22908464876701 1.95978369329236 0.109542571269861 3.07861720182594 0 0 0 0 0 0 0 0 0 0 0 0 0 0 0 0 0 0 0 0 0 0 0 0 0 0 0 0 0 0 0 0 0 0 0 0 0 0 0 0 0 0
3.97379061184376 6.73702408813493 1.48117715489559 2.3321992835277 0.265626281441893 1.15844241130605 2.20481043009891 12.4710627584131 0 0 0 0 0 0 0 0 0 0 0 0 0 0 0 0 0 0 0 0 0 0 0 0 0 0 0 0 0 0 0 0 0 0 0 0 0 0 0 0 0
0.564515135579439 1.64210971149823 0.299882930740121 0.856519944182716 0.79481757559712 1.08366222097405 3.41975778651182 5.46169863774303 9.65866895457484 0 0 0 0 0 0 0 0 0 0 0 0 0 0 0 0 0 0 0 0 0 0 0 0 0 0 0 0 0 0 0 0 0 0 0 0 0 0 0 0
0.968191566989016 0.922970287080755 0.648116249880801 2.17806365208095 0.0754212458764202 4.44748156583025 1.66506364861975 0.40432887021551 0.0940690442620174 0.0258093266651922 0 0 0 0 0 0 0 0 0 0 0 0 0 0 0 0 0 0 0 0 0 0 0 0 0 0 0 0 0 0 0 0 0 0 0 0 0 0 0
4.58711136811961 1.42292026351022 0.37162563466921 4.36805695865131 2.45246173055707 2.33722059055255 1.1503079238661 3.24468025449998 2.96618881297401 6.32926941578194 3.76578453598424 0 0 0 0 0 0 0 0 0 0 0 0 0 0 0 0 0 0 0 0 0 0 0 0 0 0 0 0 0 0 0 0 0 0 0 0 0 0
0.876496194360518 3.2299302113401 0.922213985439003 1.71911341923388 2.39511620743477 0.0771850166956433 2.39278002590968 1.54074187340371 1.03960783646061 4.23208027785283 0.87920402498101 0.420171281805739 0 0 0 0 0 0 0 0 0 0 0 0 0 0 0 0 0 0 0 0 0 0 0 0 0 0 0 0 0 0 0 0 0 0 0 0 0
3.50348625636701 0.615940644606175 2.22494863099325 5.50952340766096 0.105470752480137 4.33143193372405 3.0969780124749 0.431096414908753 2.58323903517501 0.644783714518559 7.52859440477556 2.53629146421445 8.41521455462287 0 0 0 0 0 0 0 0 0 0 0 0 0 0 0 0 0 0 0 0 0 0 0 0 0 0 0 0 0 0 0 0 0 0 0 0
3.6157801288459 4.5640751641065 1.00211285363893 1.73100825001278 1.58218917380103 0.301506996833851 1.29822267440888 3.11623481918567 0.906156333251776 1.93773976413036 1.16155570331575 1.02296930335663 1.0884723410477 2.46276659547551 0 0 0 0 0 0 0 0 0 0 0 0 0 0 0 0 0 0 0 0 0 0 0 0 0 0 0 0 0 0 0 0 0 0 0
1.90656739636759 5.35389296056307 1.57113989452661 0.188741463536995 0.876769885849739 4.79936386016366 2.22524105190403 7.19103343335329 0.0867892478848389 0.340431621528635 1.8231212833106 2.26079314668224 6.35780796750566 1.01334358256862 0.175779113469177 0 0 0 0 0 0 0 0 0 0 0 0 0 0 0 0 0 0 0 0 0 0 0 0 0 0 0 0 0 0 0 0 0 0
0.863094013929516 0.73849921862806 2.05796980258324 3.6726268890554 3.24275414817982 9.46112819565565 0.48018156724889 0.518441518165742 0.70158132454498 11.5234712259593 2.75681522750345 1.55370490933784 0.376872528447301 6.17455479965542 2.31275898002953 2.03858219934418 0 0 0 0 0 0 0 0 0 0 0 0 0 0 0 0 0 0 0 0 0 0 0 0 0 0 0 0 0 0 0 0 0
1.53496871927733 0.277326515196223 2.07622275450444 2.80598150444626 0.979833020101603 0.0724345419393342 1.38149297926934 1.48367093838053 0.16044840246688 0.200087552721488 4.39844593470661 2.70885002753395 3.18252904287888 0.739636400666383 3.20748077076147 0.561557624957134 1.6365955902896 0 0 0 0 0 0 0 0 0 0 0 0 0 0 0 0 0 0 0 0 0 0 0 0 0 0 0 0 0 0 0 0
3.64390341224452 1.93163496039641 0.947006105543805 0.557754817236902 0.609386017959979 0.812802727016173 0.310419559169947 2.72468021551198 0.325047574987498 7.45206932074269 0.481020027174626 6.13380578067902 4.40767573240223 3.43425207331103 2.28973000184097 3.36356933718448 2.95159321517864 4.30626248980944 0 0 0 0 0 0 0 0 0 0 0 0 0 0 0 0 0 0 0 0 0 0 0 0 0 0 0 0 0 0 0
1.32188242336579 2.23025939323934 8.07248450445061 1.95971204140766 4.38513316168619 6.0622063058211 6.47103818169043 2.09055305763605 1.19670060470309 1.82707707177819 4.4613561906022 0.516907448020065 3.59785032951065 1.37674580970558 2.64150460398953 0.177404977448435 1.26412309602047 1.80659314966016 0.232430099625686 0 0 0 0 0 0 0 0 0 0 0 0 0 0 0 0 0 0 0 0 0 0 0 0 0 0 0 0 0 0
0.537958330200938 1.3074027571826 4.67803430190323 0.86811478671651 2.91705486093034 5.59296476011669 0.167929281426095 3.13524627662307 0.793427116428188 1.46573922617935 1.87746109117685 0.192506948341309 4.17565291797135 0.60644732653857 0.69063798247657 1.11286781599529 2.01954252990557 0.306502923577729 1.15532288040831 1.17261859982504 0 0 0 0 0 0 0 0 0 0 0 0 0 0 0 0 0 0 0 0 0 0 0 0 0 0 0 0 0
1.21446601168617 0.882656758942823 3.78029060359308 1.68558898398227 11.1824895623944 0.063027015671219 2.20626981590696 2.8358039656956 0.900554473908506 6.48903468564271 2.78991446375581 0.724115350533411 0.610276728262889 5.13103604685046 0.205436091616539 8.19114898153764 0.951866415201182 1.5423826715185 0.71145501875709 1.65034437600373 1.30758874088498 0 0 0 0 0 0 0 0 0 0 0 0 0 0 0 0 0 0 0 0 0 0 0 0 0 0 0 0
0.789261640767437 1.3932773480191 3.80220019852324 0.738549435953851 1.86897411303685 3.09216378351212 1.97620844065348 0.255752061772855 0.926636698031279 2.1591137817045 0.404334712970422 8.72147571223511 0.189093017768931 6.92386634405254 0.52531608898243 0.602040504895337 1.53749805868888 0.725153568838696 0.545138930094515 0.207480072066599 0.444462284391806 5.23922552148048 0 0 0 0 0 0 0 0 0 0 0 0 0 0 0 0 0 0 0 0 0 0 0 0 0 0 0
0.0818674505521581 2.91766410397491 1.27341406367522 0.953697570623573 4.53166129577818 1.21347260045471 0.922216531870926 0.0505033435814204 0.984322568690956 0.00591128191871681 0.970697101171564 5.26773972932061 4.05263060111162 2.61142547607627 1.80709763598729 7.25533293685891 0.87348073036327 1.02461826331909 3.50757449117779 3.57504895715776 4.40871028052961 0.390006808703296 1.3661478263932 0 0 0 0 0 0 0 0 0 0 0 0 0 0 0 0 0 0 0 0 0 0 0 0 0 0
0.340527133318844 3.72351434048637 2.32242242566941 0.498254384413093 1.99322213264593 3.67244667677297 4.97147806976492 1.02735250992416 2.39903065298724 5.34744461823242 0.53387260354722 0.00254877339840222 4.18988723435101 1.40564051243195 1.62039325378042 0.562409022099951 0.654380706092228 0.375371978589435 3.31629455258075 2.77606359649291 0.844295247104309 4.90107585796616 0.165529079572627 2.55084891439083 0 0 0 0 0 0 0 0 0 0 0 0 0 0 0 0 0 0 0 0 0 0 0 0 0
0.855666727449485 0.289439349968195 1.11449229452122 0.893929666672929 2.02667599573429 1.64138987746814 6.65649882653406 0.661313810786496 1.13149622012201 0.31702637449419 0.153761568071985 1.09899333754973 0.710788037757093 10.4372966685325 0.573109364388619 2.68618087175034 0.0253916308516458 1.34578062708244 1.32776955706917 4.21718890387294 0.38720937375429 2.49038881429136 3.47898376252327 3.43105717698781 1.1242469292724 0 0 0 0 0 0 0 0 0 0 0 0 0 0 0 0 0 0 0 0 0 0 0 0
0.910291997727856 3.82150178664727 1.25373031707416 0.063273548740255 5.00835263581337 0.915964501990912 4.55980633802369 2.41685774748575 2.39137242620327 11.9933526161889 7.59729243609417 5.29905423992145 1.25807925153773 1.26956266931426 3.06256723992417 1.86897260682649 0.722861176572393 4.62618816032256 0.610632525634422 0.655054643553848 10.5710730846098 7.12630218408622 1.73476578161011 9.16542334283478 0.752554395347447 10.0354008745482 0 0 0 0 0 0 0 0 0 0 0 0 0 0 0 0 0 0 0 0 0 0 0
1.04312975155641 3.79480609812388 3.81424737116736 0.883993452860563 0.618114479420907 2.32709707940096 0.371316871652191 0.415757432067051 0.00200268506877073 2.93704673508017 0.656995997985914 0.549609039599051 0.760024135213961 0.843306088644459 4.62590530609826 1.17697707308687 2.12564903670268 0.747786823702931 3.85138687420479 0.725610619474692 7.19171459556923 1.86387224978019 0.435187723850055 6.37056422792235 0.317353167250696 4.88791712126499 0.615152833140792 0 0 0 0 0 0 0 0 0 0 0 0 0 0 0 0 0 0 0 0 0 0
2.20480679791468 3.31849890024749 10.0702056382411 0.635333123719371 10.5414348263622 3.01985486499516 0.208493293388123 0.195477942003267 0.939066944954678 7.2955768175358 0.331589401624194 0.878724337086785 2.25596761788692 0.146557134022093 0.0692628123764519 2.73585835147769 2.3532465086589 0.795526100279326 0.250260531789966 0.975898940494822 2.83796655905729 2.74230044036225 1.86584969232495 1.1913945027424 1.81947910715106 0.162490873492325 0.114799714459815 1.5840610922531 0 0 0 0 0 0 0 0 0 0 0 0 0 0 0 0 0 0 0 0 0
1.15345751417273 1.02678179063147 0.0268237520508634 2.9855450978991 0.383951190274423 0.517334864909987 3.52636280057025 4.01369358819314 2.78455609049243 0.459074433525537 1.87344706452813 1.77984188841236 0.119230072388456 2.73275765402354 1.54013980479763 3.26058823083287 1.01218350512991 6.37462009544284 5.25292089273194 0.519707016125063 3.93213178760972 2.96943673172475 0.37718891501145 0.843992248535477 0.245322366801145 2.13371710226029 3.86252639084511 1.10285045999785 1.95346485024245 0 0 0 0 0 0 0 0 0 0 0 0 0 0 0 0 0 0 0 0
0.569121833458973 0.00582678624235846 4.80782341964194 6.90785310847723 0.539498707270931 2.78416803904792 2.52385562276574 2.13480695729153 5.52168936505654 0.367039845226049 2.38070974982556 1.63840359415494 1.04597770526173 3.55660151628322 0.218284307732112 3.78308812434902 3.26778830086381 6.08777072229674 0.504187476262332 1.10752629025234 0.601817693356156 5.40798834395693 1.96425254109513 1.66890921048813 1.11447292506469 4.12044284472756 2.09357684451484 1.46802760758231 0.208055233740741 1.06030769172571 0 0 0 0 0 0 0 0 0 0 0 0 0 0 0 0 0 0 0
0.754496302938803 1.99607888826158 6.17845970482066 3.11847677687488 0.444536900516784 2.56788763080444 1.21927702052854 1.5603601601266 8.13314330416077 1.30653246031579 3.781916409436 0.0354172349894054 10.4092641362382 7.35753606947877 1.40030494535758 4.20470048019617 1.52269419525751 2.69093124744948 1.07952974735841 1.43566474128599 1.01778823960342 1.14172773944208 5.84416168220179 0.491837687399509 1.36706547601104 8.19589724424181 0.999293428034435 3.82553052838319 1.24735085926049 2.75237618368066 2.98252961300885 0 0 0 0 0 0 0 0 0 0 0 0 0 0 0 0 0 0
0.0290797619691734 1.15888531495119 0.973908243362934 0.317425171253479 0.743074236414234 1.06372380192904 1.46430689887963 1.43756516360941 4.30156956621842 3.76731466653873 2.46555423132291 0.242418988361914 1.30415124733456 0.78317752688188 1.08888469165788 3.85464647864258 1.15062836313579 0.693415380333065 1.5124452754446 1.82648353588225 2.36996537713724 0.575485178003502 1.22843224129702 1.37551394370931 0.62624603160317 1.51878199723725 1.47700898120546 0.0755328589201046 6.32355469862255 0.0259297125020494 5.12426187851265 0.288932397042246 0 0 0 0 0 0 0 0 0 0 0 0 0 0 0 0 0
6.43741257962987 2.12506343277263 3.30918666215866 0.620114292545133 1.34059414972963 0.869325555466959 0.101045473788913 0.601039385175372 0.406438305596422 0.0768980447135263 3.50988464563009 0.0129281295011058 3.86070516040188 1.01803004214239 2.86361165229158 0.904549625539957 0.0402781001228607 3.77894288346828 2.68344176993565 1.20779054444285 0.369189054474464 0.67477639172403 4.56701371925315 0.948407567099983 0.487473578710898 1.77459862658259 3.30241604947139 3.7836212243557 12.0607904385899 2.21782685689914 2.38013312262094 3.68732360256744 5.67848564961581 0 0 0 0 0 0 0 0 0 0 0 0 0 0 0 0
0.807609697417567 0.191814020273619 0.910446729591177 8.08779281958109 2.50198863048267 0.355423420557666 2.97066660271319 0.158578160019602 0.256562409899519 9.03375780130701 0.939461483230567 3.06842486878043 2.68995827674121 3.48074348651305 1.29690802414251 0.161340027279144 0.109620988220025 0.301187102531151 0.0217618208319491 5.54784914064913 0.628484278010218 1.47003829846565 1.57525742181992 0.675645773418545 2.73508586649546 1.36243006926872 1.03730586901818 1.38746045869564 0.136475702068167 6.184657094403 0.212532047905611 1.8496115470456 0 0 0 0 0 0 0 0 0 0 0 0 0 0 0 0 0
5.08010007909938 0.589829697977715 1.16668968039797 2.19476193238602 1.35982563757106 1.12740762825757 2.69290861966213 1.73373256614165 5.8651831037698 4.77292933106117 1.08484033827572 0.0842685358934446 1.55630887046195 0.962049097194703 4.33412228562837 0.592423925346588 2.7100388186916 0.55360818723507 0.0234828953655552 8.31902991292748 0.366752049936583 0.919499699980127 0.152645720330807 0.903454885877848 1.04192365957874 6.32544689217498 1.05275765755888 2.24679634772732 2.17189056579504 0.240834765904339 0 0 0 0 0 0 0 0 0 0 0 0 0 0 0 0 0 0 0
0.00107001699232548 1.49796286812481 0.115769177868837 0.427598005004922 1.85391927246062 4.63185301215542 0.376682822431086 9.37114633445615 0.0376261059777839 1.22002682769115 5.56954012779473 6.07601409613422 3.33294525693962 0.776089524474916 2.63804299379015 9.51137542501267 1.2495488480193 6.94445373481682 0.822199482407204 0.294638768511993 6.74655017480734 2.57889130274937 1.0841927514483 0.0110954606278763 2.55142257190788 1.90091832731088 7.6731731308479 0.9990806239359 0 0 0 0 0 0 0 0 0 0 0 0 0 0 0 0 0 0 0 0 0
2.41917625968701 1.21774259246287 0.127187221989399 0.286092711324467 0.0156003193511367 0.629064714045923 4.05441922081111 1.67815728244543 0.659426008206712 3.87824639159265 3.69570602081779 0.389081446051101 2.86359299525993 0.259314713044889 2.1286864860244 8.9801339998886 3.47944106318172 0.12101318150331 4.71102063055568 9.85813145744008 0.284730311018634 3.44492705711256 5.63486544058251 0.820979002018109 0.607937920141338 11.5399058123771 0 0 0 0 0 0 0 0 0 0 0 0 0 0 0 0 0 0 0 0 0 0 0
0.492785706305301 0.979605023664805 0.422607674948246 2.32801843005713 3.47488398519503 0.0610657207169113 1.45729172044116 4.24987563169005 2.70782281772748 0.802769313702854 3.72252862203684 0.527085886787129 1.96745544878385 2.9533212571735 2.976098573042 0.303128295043388 1.23429396178307 4.42875138830565 2.99583453541344 0.371312434192685 2.62900817028966 0.794338131112041 4.33052205769519 0.31548398808238 0 0 0 0 0 0 0 0 0 0 0 0 0 0 0 0 0 0 0 0 0 0 0 0 0
2.11698166417632 1.21531327984817 1.68140411765394 2.09935840058034 2.8609352958986 1.21613775777557 0.994656275504229 3.47981355200537 1.23890457628924 1.77474001615645 3.15123345055885 2.24777906058476 3.63639183279556 6.56176855815153 1.62934304021063 6.90624765869309 2.39451228515065 2.64296392291024 3.28967557379525 0.947358521887696 1.25060685746537 3.85078470529755 0 0 0 0 0 0 0 0 0 0 0 0 0 0 0 0 0 0 0 0 0 0 0 0 0 0 0
3.64207957807811 9.73413377659868 0.706269860900231 0.0347247588758807 2.21596673501856 2.76788391433276 1.33810339932096 4.10955521310119 4.17115571711551 1.17881632093372 0.27278933088372 0.305508241051555 2.84160744050931 0.311789339288507 0.712726716160455 12.41638759286 1.71103146797941 5.24416478482578 3.5262072553706 0.391019155216281 0 0 0 0 0 0 0 0 0 0 0 0 0 0 0 0 0 0 0 0 0 0 0 0 0 0 0 0 0
0.534452829671102 0.389072097419781 0.135717347264405 0.313175545649162 2.86396037909488 2.19821589044817 4.21297364886648 3.59881128351139 1.11522903861665 0.0525857502785873 0.478832133599133 0.119444706460207 1.48746835647952 2.19005881879286 0.616961244114733 0.36846578063675 2.23336142966464 2.26137084806714 0 0 0 0 0 0 0 0 0 0 0 0 0 0 0 0 0 0 0 0 0 0 0 0 0 0 0 0 0 0 0
1.98212700007487 1.92449686183864 0.906852942202313 3.57231407622821 0.551896334698014 3.91728577595565 0.0159518085898667 0.0294571189520741 1.72966421148634 1.23587707105174 4.44476552798461 0.274326571258265 0.195809928460602 1.70501848396847 1.15877756709262 1.79467388710021 0 0 0 0 0 0 0 0 0 0 0 0 0 0 0 0 0 0 0 0 0 0 0 0 0 0 0 0 0 0 0 0 0
2.32413717261191 1.07576110438638 1.49502891006376 1.79650729703697 2.07760819375836 0.474780913260775 2.55100410241124 3.47891064861588 1.60876407231393 8.5209775987296 1.1486948662316 4.74907278322513 2.25511179265924 2.63346559050237 0 0 0 0 0 0 0 0 0 0 0 0 0 0 0 0 0 0 0 0 0 0 0 0 0 0 0 0 0 0 0 0 0 0 0
1.27133098614579 0.500298437836853 3.23267200585998 0.972221647827313 1.09559834493916 0.963321991871161 0.340201498697531 1.88095656535085 2.48327790662806 0.19199401117128 2.28669938309913 4.03747106111007 0 0 0 0 0 0 0 0 0 0 0 0 0 0 0 0 0 0 0 0 0 0 0 0 0 0 0 0 0 0 0 0 0 0 0 0 0
0.491088461679368 3.27350871422003 0.573981479857982 4.02666772043178 0.986623066525243 0.892264481326674 2.65023259766122 0.146843057165958 0.612836678052211 2.75311677208322 0 0 0 0 0 0 0 0 0 0 0 0 0 0 0 0 0 0 0 0 0 0 0 0 0 0 0 0 0 0 0 0 0 0 0 0 0 0 0
0.0790758091916802 7.78028253484289 2.13233461680399 1.05023773206793 0.918588749733931 5.34249967881825 1.30462537700935 0.446861972101499 0 0 0 0 0 0 0 0 0 0 0 0 0 0 0 0 0 0 0 0 0 0 0 0 0 0 0 0 0 0 0 0 0 0 0 0 0 0 0 0 0
2.4802197217058 0.35113386329826 2.49983312445326 3.7458322237438 1.40695841877032 0.110190119797318 0 0 0 0 0 0 0 0 0 0 0 0 0 0 0 0 0 0 0 0 0 0 0 0 0 0 0 0 0 0 0 0 0 0 0 0 0 0 0 0 0 0 0
3.02978330527868 4.42611197905752 0.0472062460840012 1.41304076246855 0 0 0 0 0 0 0 0 0 0 0 0 0 0 0 0 0 0 0 0 0 0 0 0 0 0 0 0 0 0 0 0 0 0 0 0 0 0 0 0 0 0 0 0 0
0.860781914373967 0.967430741936277 0 0 0 0 0 0 0 0 0 0 0 0 0 0 0 0 0 0 0 0 0 0 0 0 0 0 0 0 0 0 0 0 0 0 0 0 0 0 0 0 0 0 0 0 0 0 0
