0.824235037191184 0 0 0 0 0 0 0 0 0 0 0 0 0 0 0 0 0 0 0 0 0 0 0 0 0 0 0 0 0 0 0 0 0 0 0 0 0 0 0 0 0 0 0 0 0 0 0 0
7.26971659694328 0.324722508619613 0 0 0 0 0 0 0 0 0 0 0 0 0 0 0 0 0 0 0 0 0 0 0 0 0 0 0 0 0 0 0 0 0 0 0 0 0 0 0 0 0 0 0 0 0 0 0
8.07066969518179 1.85185867306027 2.00406097304371 0 0 0 0 0 0 0 0 0 0 0 0 0 0 0 0 0 0 0 0 0 0 0 0 0 0 0 0 0 0 0 0 0 0 0 0 0 0 0 0 0 0 0 0 0 0
1.39216820238707 3.65076110701758 3.56956592714678 2.33575960780136 0 0 0 0 0 0 0 0 0 0 0 0 0 0 0 0 0 0 0 0 0 0 0 0 0 0 0 0 0 0 0 0 0 0 0 0 0 0 0 0 0 0 0 0 0
0.00587774323996514 5.98228716067797 0.509338604858485 0.541692550351781 5.40222862300808 0 0 0 0 0 0 0 0 0 0 0 0 0 0 0 0 0 0 0 0 0 0 0 0 0 0 0 0 0 0 0 0 0 0 0 0 0 0 0 0 0 0 0 0
0.499320909131341 0.130115447495115 3.85030982495419 5.46202985651021 1.78184492062439 2.32870412921905 0 0 0 0 0 0 0 0 0 0 0 0 0 0 0 0 0 0 0 0 0 0 0 0 0 0 0 0 0 0 0 0 0 0 0 0 0 0 0 0 0 0 0
0.0586545892082795 1.76090490669663 6.62801437109206 2.79472060113313 1.52190143648864 1.10411845920554 0.597254522737554 0 0 0 0 0 0 0 0 0 0 0 0 0 0 0 0 0 0 0 0 0 0 0 0 0 0 0 0 0 0 0 0 0 0 0 0 0 0 0 0 0 0
4.49290720078466 1.58134677109494 2.94132443630322 6.69749259894706 1.74892449580807 2.99279655184432 3.94060657465734 2.41348976867992 0 0 0 0 0 0 0 0 0 0 0 0 0 0 0 0 0 0 0 0 0 0 0 0 0 0 0 0 0 0 0 0 0 0 0 0 0 0 0 0 0
3.09190020852168 7.97041405749399 14.0318656597159 3.38824225089505 0.377830530360701 7.01187248213318 1.46203074187475 6.65830967171137 1.21758579733911 0 0 0 0 0 0 0 0 0 0 0 0 0 0 0 0 0 0 0 0 0 0 0 0 0 0 0 0 0 0 0 0 0 0 0 0 0 0 0 0
1.22468787803927 2.88739898848195 1.77804008418448 0.785188475150394 0.832871654123957 0.180257050060198 1.11304787445428 8.58922271112875 2.22917929375809 1.53333547387357 0 0 0 0 0 0 0 0 0 0 0 0 0 0 0 0 0 0 0 0 0 0 0 0 0 0 0 0 0 0 0 0 0 0 0 0 0 0 0
10.06571334703 4.5864113241516 7.09505318561496 11.8642921383462 3.67795585135818 3.24582415550086 1.02639603913087 3.587079989508 22.6738652854543 2.74141433998556 4.94496824514644 0 0 0 0 0 0 0 0 0 0 0 0 0 0 0 0 0 0 0 0 0 0 0 0 0 0 0 0 0 0 0 0 0 0 0 0 0 0
5.53986500716565 0.924777930838888 7.32865903760766 2.68341494684809 3.83775282627674 1.82998447594359 1.34893214615855 1.03946791227588 0.235870339483448 3.23385791218351 1.52837961748611 1.99205113995175 0 0 0 0 0 0 0 0 0 0 0 0 0 0 0 0 0 0 0 0 0 0 0 0 0 0 0 0 0 0 0 0 0 0 0 0 0
1.75838585504425 7.04171487675028 8.57017192592893 1.40567192681807 0.814820504696356 0.313432018834377 3.94891016536379 1.78725842182055 1.61159208287566 2.64444870202128 2.61081110912444 0.0371709500202001 3.90919274844925 0 0 0 0 0 0 0 0 0 0 0 0 0 0 0 0 0 0 0 0 0 0 0 0 0 0 0 0 0 0 0 0 0 0 0 0
5.72778666376914 3.53999886059434 4.09476423021351 6.10633950963392 7.03888967351113 0.912143719635608 1.59135128415227 0.172122487039927 7.66641251881224 5.35934222705062 5.56820632944074 0.349450977079759 0.792506887286517 1.82623649071029 0 0 0 0 0 0 0 0 0 0 0 0 0 0 0 0 0 0 0 0 0 0 0 0 0 0 0 0 0 0 0 0 0 0 0
3.81610712172039 2.49820540012013 4.40221956574705 1.36036290642685 2.48942688635786 0.357039223442494 0.483603721646331 3.23283469458192 1.03271651439658 1.62497382142521 13.012184019748 4.05037188526718 0.0689769720352976 1.91582999149011 0.625092612738679 0 0 0 0 0 0 0 0 0 0 0 0 0 0 0 0 0 0 0 0 0 0 0 0 0 0 0 0 0 0 0 0 0 0
0.478760167129407 2.09003311564902 0.365621566649834 7.61009001641269 6.69236194702172 2.16232338625329 0.156109871020047 6.85167697689169 4.76921544304093 3.54480472148041 4.6457080845711 1.38127597982442 2.43823538345884 5.67886781168184 1.0405862238328 1.21160521668255 0 0 0 0 0 0 0 0 0 0 0 0 0 0 0 0 0 0 0 0 0 0 0 0 0 0 0 0 0 0 0 0 0
0.820234428137563 0.879319998678429 5.95115873408663 0.405929587475898 3.71439407369863 5.6823116463317 0.629268709174492 0.234784160396366 13.5427611085884 3.06429608122381 3.03798942843364 5.13568077354199 1.2421585475997 0.0804118788702805 7.59269348910552 0.0975866715207541 1.40986185985442 0 0 0 0 0 0 0 0 0 0 0 0 0 0 0 0 0 0 0 0 0 0 0 0 0 0 0 0 0 0 0 0
4.04160154868203 2.67562532618278 2.46860837462658 0.701861562207904 3.0957186169659 2.0858866322795 0.23962154617301 7.20988029567608 1.08907523461143 4.37896936110875 4.28499300149193 6.62067099300083 0.500939217627783 4.3074687270795 0.527845806527962 4.38236462853879 0.453119463464891 1.77849966428123 0 0 0 0 0 0 0 0 0 0 0 0 0 0 0 0 0 0 0 0 0 0 0 0 0 0 0 0 0 0 0
0.228116221421004 0.501606536596822 3.62961023308067 4.49996758718345 1.296717479886 2.7266322151269 8.90559586127516 0.876206536327238 0.475414873879266 0.384008269709053 6.23549707929686 0.978552100876375 5.96906528175554 1.14690317465531 2.16103496287297 1.96990811668441 0.156691076635162 5.25195881745182 4.45406643549838 0 0 0 0 0 0 0 0 0 0 0 0 0 0 0 0 0 0 0 0 0 0 0 0 0 0 0 0 0 0
4.21353185802413 0.654090535338397 2.43767362313862 2.20279436739265 0.368956461105442 3.12385422096347 1.38243143606677 0.692986809159686 3.9466442431494 1.34110402771393 2.59342045237534 0.906645815817894 0.343367076731268 9.81751104410032 13.3835986777705 0.207608284588637 0.183288512660598 2.66331389028559 1.01694000862128 4.82963088464626 0 0 0 0 0 0 0 0 0 0 0 0 0 0 0 0 0 0 0 0 0 0 0 0 0 0 0 0 0
3.34634462557558 0.611246412205924 0.14218062400395 1.34205864003138 2.94113059751227 1.73859846351705 1.37163059054648 1.0847925881621 0.17228582640592 3.70323530705445 2.61536438188393 0.944319491875683 0.822706583965095 5.19840180639723 1.68724873077012 2.03949770274099 0.811826099429811 2.86717368272871 1.23633818845095 3.97540775518614 1.73596929674715 0 0 0 0 0 0 0 0 0 0 0 0 0 0 0 0 0 0 0 0 0 0 0 0 0 0 0 0
0.0641822170774444 0.974002624479446 0.35431529171969 9.34774884077362 2.99223576816453 2.2751215361971 5.67684077849804 0.120766870745565 0.0297339736025293 0.00491394586243204 0.553091693518162 2.42459055827517 2.72933172223544 2.31329226190868 0.833149893794426 0.988638934448481 5.62125852758562 0.380800706954021 1.98397813865265 2.55554494234296 2.11328481916618 1.37315312252265 0 0 0 0 0 0 0 0 0 0 0 0 0 0 0 0 0 0 0 0 0 0 0 0 0 0 0
0.860043148033852 0.0430935623631057 4.45704193273288 2.2076047494992 0.207761538247434 2.07269754145517 2.45621671615617 0.101938612152328 2.86360525198762 0.971788765570021 1.38094026265866 2.31157990351243 1.07118043408903 8.88884602043111 3.23423394099159 2.65645019967969 0.912217513259243 8.90501109588634 2.08114246122411 4.9336307213154 0.347556549443379 2.82213751741231 1.36273068304148 0 0 0 0 0 0 0 0 0 0 0 0 0 0 0 0 0 0 0 0 0 0 0 0 0 0
1.49821267067613 8.05617176250711 1.50794447637965 1.73545523257838 4.0496711064395 7.06606726887104 0.813241383094439 5.63227851751603 0.125701842047164 0.73374248873954 1.38243740295883 5.93860967745917 1.31671993601896 7.38921681442329 3.43311020685614 1.07457338047005 0.631457982771893 3.95877374766249 3.64247037488687 2.72001865131149 1.29156916711968 0.93794953730857 1.73180904468976 2.77916869914974 0 0 0 0 0 0 0 0 0 0 0 0 0 0 0 0 0 0 0 0 0 0 0 0 0
2.10756058920934 1.12061845672475 1.15434846641263 2.01080703395983 1.41228547917815 2.61224009258084 4.07569724192625 0.711312496749349 11.9364443709804 0.626826543856602 0.200486305997379 0.902002217455416 1.42303124408695 0.220324453386812 1.45727153461784 3.77500029786567 1.2535972828909 1.08791865608137 0.184591755059887 2.62159198919842 0.188454401130944 2.51737187328829 5.38495342943405 0.527620163861593 1.6900627426026 0 0 0 0 0 0 0 0 0 0 0 0 0 0 0 0 0 0 0 0 0 0 0 0
1.74782015138792 0.60265338923454 1.65415528550305 0.531776373729023 2.47905948625987 0.312819902859331 0.0996490689134387 1.23265619767187 6.27624817654694 0.90250260138031 3.9426598540964 1.61535884341001 0.586910156331216 2.09014224855768 4.36044033000118 0.120538148182213 0.0492203253155364 4.7323062950804 0.234232206018195 0.926982406440514 0.78426490629394 5.72256204556061 0.266967199772392 0.886764142042245 1.32393756122031 2.1513821432108 0 0 0 0 0 0 0 0 0 0 0 0 0 0 0 0 0 0 0 0 0 0 0
1.06457616793285 1.94616391876978 4.73576856227545 6.83554245196346 1.24426031188566 0.0923473578259959 1.62562523290655 6.54237239244919 4.96614256265326 4.05901392368778 5.97676146146496 0.878576451965009 0.673524330286616 1.13861258018716 0.427845882300361 2.96883227816002 5.0512538111528 2.60775689838122 0.671368145260953 0.409856062303186 6.7265561358063 6.06025697516786 2.61865275739363 2.30686262843792 0.409698085957618 2.90353733779998 0.46523447388163 0 0 0 0 0 0 0 0 0 0 0 0 0 0 0 0 0 0 0 0 0 0
0.146011202528879 0.444125350141323 4.61466845777676 0.765868233015198 1.36751666610714 0.790530000198263 7.70025669676217 0.304817003291602 1.25715971286463 0.910436894755237 3.06157076941754 8.0392096616617 1.40189460909913 3.45956446464057 2.5166610199916 0.0532784277548806 2.61237868835782 0.753719281136936 2.70793513856952 0.908601412201996 1.65433188725827 2.69818899110369 2.22370531870143 0.989527984550163 1.11705285905436 1.88555098615503 2.86159648781123 8.48700129690523 0 0 0 0 0 0 0 0 0 0 0 0 0 0 0 0 0 0 0 0 0
2.302352335888 0.375713012215943 3.41203594579964 0.230183093007922 1.72317418648048 3.73606634312164 0.461026673853696 8.81947188063199 3.28494576386356 0.35469578383169 1.63030368635503 2.20801901161107 1.67385068044067 9.63330841086018 1.21687043616476 1.14033411754742 1.27485446099192 9.38005892010092 4.78337927209397 5.21139380784643 0.859992619244197 0.900795008049104 0.0188866418834541 2.15206899393347 1.59747774236981 0.0991983545825129 2.15313799749359 0.46411410435249 5.81706011628708 0 0 0 0 0 0 0 0 0 0 0 0 0 0 0 0 0 0 0 0
1.13128812820572 3.21124525261404 3.14600043231367 0.723128550987513 6.0167001881311 6.73328108516182 1.67126016395482 8.28783457847546 4.66581852347656 2.40493848390904 1.86305150376574 0.865443863458439 3.31060753371237 0.625625096619076 1.60905405263048 0.0997616524921497 1.04468707646502 4.52672699046217 3.36306969388273 7.34157078093513 2.93127794065227 2.49660448193176 0.435877683587851 1.16550929027724 1.12055055173352 0.206503360962678 2.33549345559648 4.38815151697801 1.79074033903431 7.36402609580967 0 0 0 0 0 0 0 0 0 0 0 0 0 0 0 0 0 0 0
1.96352738896039 1.36977240490641 3.1687359574936 3.27135427056713 2.17071821246778 3.52072919997886 4.88536766895028 1.10439472605696 2.24786936426197 1.34189967646205 0.0185468761591604 5.37022465147496 0.937116908856824 0.0194234048900864 4.0768461827323 0.120711799408282 0.53071766651237 5.17783795999144 0.417337908425569 4.86349971393244 7.16314039642922 0.588835292938138 2.57986332581901 2.73612904574466 1.64940900040981 2.30679747146295 0.601703285346812 4.91237899514811 6.39787038005325 2.2651142545191 1.32876929474253 0 0 0 0 0 0 0 0 0 0 0 0 0 0 0 0 0 0
0.560129666041581 1.12566233175636 3.73275778606401 1.15900421061082 0.0508902044945784 0.862927775543434 0.48800287115421 0.35977556745087 1.31838232309557 2.8210069582933 0.658531393096395 0.257762582407221 3.92265963317827 1.77791079032357 1.10613006093594 2.26546911847259 3.83184718499055 1.92546486981169 1.53247162802812 1.29667130693823 1.24770661858285 0.729275514851097 0.307897804062367 3.32866087594319 0.866851855426252 1.94036383145565 2.45680579196179 2.27674252272354 1.78065472058704 3.75083025742172 2.99982747169677 2.1944582204923 0 0 0 0 0 0 0 0 0 0 0 0 0 0 0 0 0
6.74875350928269 0.235915872147513 0.227722569936961 2.03637566310985 5.41414812703884 0.107628139342491 3.6463664241519 1.55591496045777 4.30271615592275 0.877857081293355 0.592632115166377 7.4432087971855 4.73305943292642 5.48140305176511 1.64970610694671 3.87893205636682 0.891386445783949 1.32886332364329 3.86769100672566 2.31283949146867 2.673439989512 2.21146058592912 3.42634263469505 1.93244299906817 0.345917927971983 1.05061816800269 1.49163172211119 4.10343805214942 7.37599512508913 4.3492564906873 0.410367149546787 0.145067745399865 3.56183698133822 0 0 0 0 0 0 0 0 0 0 0 0 0 0 0 0
0.422754467437006 1.7147950806763 0.214452548989605 2.52334777670712 3.46146853931916 3.23481910263694 0.616068573769739 8.52408223616011 3.91761333389971 0.588264669241824 0.21616415708891 0.0300950383241045 1.29170892078243 2.29941725131302 2.08601720188083 8.42821698715466 2.92008605863895 0.477227265066091 0.185783546553732 0.530684246551898 1.67111874191767 2.0696300744284 0.697801282193041 9.37110239153962 2.88181851074137 1.16738739312737 5.24541648755212 2.01730394897254 0.415965792086984 7.44543991875554 0.256594876210009 7.62173740750838 0 0 0 0 0 0 0 0 0 0 0 0 0 0 0 0 0
1.29897357999685 3.06437841534108 6.13487421759932 4.05389953113683 6.81437198294696 1.75308776865763 1.200457381915 6.56320184787017 0.80991748152035 7.20674246060476 1.06954199230621 2.4059051248818 0.0625129370497667 1.33582443502817 5.14889725051225 7.21312260283415 2.2719408810932 4.56019118018334 1.71620605402576 4.94563405499997 4.01808892005159 1.70485309770421 5.19819278110793 0.421030538932929 0.104964750617108 10.6665654119813 4.12404528724937 3.7169578304153 0.259699310768643 2.86447248506066 0 0 0 0 0 0 0 0 0 0 0 0 0 0 0 0 0 0 0
2.7284338116242 4.19970428285533 0.300256399608345 9.60604451858553 1.50260565560645 5.23871577857421 2.41824176800699 2.37455023664072 0.0824765871604768 4.76000030293247 1.50285383087447 0.446890147206547 2.3301467454708 8.86889749129625 2.8240281691678 3.10274468606917 1.35040148731107 1.42766098175435 0.136762712134954 1.68239189923132 0.0199350941665035 4.86809276628858 2.40295473320751 4.61346849498306 2.08548053295554 3.41519544911926 3.20287210878074 0.107152199360347 0 0 0 0 0 0 0 0 0 0 0 0 0 0 0 0 0 0 0 0 0
1.63397229814844 2.91231006883563 0.254159024378233 1.58054917262027 3.13106925846961 3.85754719151394 3.60901251620265 6.85255335272925 5.24149948349831 5.7404883287607 0.824136309070881 0.067861802389559 2.56870980291292 7.27406035681005 2.66510264080648 3.38574840915114 0.443896243132684 11.3078579813357 0.929280365063115 6.33506618621397 2.87921107582794 0.466530164277937 4.05781725730663 0.0762852900920412 0.10784748930114 3.62144078736698 0 0 0 0 0 0 0 0 0 0 0 0 0 0 0 0 0 0 0 0 0 0 0
1.01568992516606 3.246796531417 2.93136001979942 2.64329917652863 6.08421228679233 1.59370016591078 2.63623454260945 2.28945731278708 0.02228739398439 0.229789550247799 4.19154796707217 0.419269229388002 1.17140928533999 0.00706862719034398 1.46002085778706 1.54132463816106 2.35432845218926 0.0157388306467518 2.94137091994812 4.93181773046288 1.95018368401283 3.26220717223745 1.08985586968824 0.185128362231301 0 0 0 0 0 0 0 0 0 0 0 0 0 0 0 0 0 0 0 0 0 0 0 0 0
1.84795213639537 2.24351636364088 4.70171867670953 3.85607312628216 2.31826745757338 0.561762271230157 1.18750740808745 1.14383259542257 3.38304062179945 3.81495874650727 10.7600067707938 1.47346785602357 5.14453056883314 2.25124606269712 2.91525165012267 0.88059290148038 0.637636328400722 2.28795960378187 0.488995682308154 7.00270313856851 1.2819840186667 0.0299306403904538 0 0 0 0 0 0 0 0 0 0 0 0 0 0 0 0 0 0 0 0 0 0 0 0 0 0 0
4.85836952906323 5.95266348286865 3.73681192710021 0.947620045613995 1.49395883663069 0.238585477232391 1.63839094385604 0.197262736683293 3.40936290343533 3.4201313815031 0.349256510383352 4.71037012260976 6.94881835156507 2.9949941641323 11.1102280551005 0.501263473180044 1.45815748865709 1.71920101754425 4.47800614053167 0.134861043397837 0 0 0 0 0 0 0 0 0 0 0 0 0 0 0 0 0 0 0 0 0 0 0 0 0 0 0 0 0
0.737326390173276 6.70279818305798 0.356221191026331 0.0517008635313243 0.889996827253454 1.15580263654188 1.23927129909611 3.41543706971586 0.934010646388796 1.27071114072574 1.45500421929523 0.043804298492998 1.56558984671639 9.33861762940549 3.71468537174756 0.121791714300837 1.98477284284358 0.333028140059287 0 0 0 0 0 0 0 0 0 0 0 0 0 0 0 0 0 0 0 0 0 0 0 0 0 0 0 0 0 0 0
2.56046193791575 2.02689253895733 1.61069104445178 2.53739187629407 3.17106090306523 2.31168841039465 2.10795577633417 12.4308761018353 1.23514810111928 1.47651728074371 4.8755348726231 1.95577774562971 5.70463565352437 2.22604297808617 5.80974923169974 2.8724686191625 0 0 0 0 0 0 0 0 0 0 0 0 0 0 0 0 0 0 0 0 0 0 0 0 0 0 0 0 0 0 0 0 0
0.425195682841262 0.378492495244788 0.217769269279606 1.14330131602321 4.74176666987256 3.90847211134027 0.143391266162253 0.496769372099783 3.82250338968745 4.95986078412997 0.503450490643398 6.03674937447411 3.82295358575243 0.661362773129352 0 0 0 0 0 0 0 0 0 0 0 0 0 0 0 0 0 0 0 0 0 0 0 0 0 0 0 0 0 0 0 0 0 0 0
1.73293413266446 2.18782424707315 1.35586102119589 1.16156738901151 5.9109100225746 0.545912287329956 5.99207205143845 0.836116675355468 1.2942140292186 2.77952979760804 1.26457161116615 0.2551640638082 0 0 0 0 0 0 0 0 0 0 0 0 0 0 0 0 0 0 0 0 0 0 0 0 0 0 0 0 0 0 0 0 0 0 0 0 0
3.1536667425911 2.43441025736776 10.7164820055081 1.2360399764269 1.54086039998092 0.281997684708506 6.95289130860653 1.35033647974576 0.292724610113283 1.74147331277925 0 0 0 0 0 0 0 0 0 0 0 0 0 0 0 0 0 0 0 0 0 0 0 0 0 0 0 0 0 0 0 0 0 0 0 0 0 0 0
7.34106682708071 0.916504180068756 0.0492194289376542 4.13434698033179 3.03959991105553 0.735941426225975 0.0506257923806455 2.52181321737248 0 0 0 0 0 0 0 0 0 0 0 0 0 0 0 0 0 0 0 0 0 0 0 0 0 0 0 0 0 0 0 0 0 0 0 0 0 0 0 0 0
3.61011834146184 0.960853324329727 5.8581207241184 0.172878311960075 0.238495621522855 0.741698143585905 0 0 0 0 0 0 0 0 0 0 0 0 0 0 0 0 0 0 0 0 0 0 0 0 0 0 0 0 0 0 0 0 0 0 0 0 0 0 0 0 0 0 0
0.397353108518539 3.66825947522762 0.0806193188300177 4.2944609425307 0 0 0 0 0 0 0 0 0 0 0 0 0 0 0 0 0 0 0 0 0 0 0 0 0 0 0 0 0 0 0 0 0 0 0 0 0 0 0 0 0 0 0 0 0
0.481177349336721 0.899157157890444 0 0 0 0 0 0 0 0 0 0 0 0 0 0 0 0 0 0 0 0 0 0 0 0 0 0 0 0 0 0 0 0 0 0 0 0 0 0 0 0 0 0 0 0 0 0 0
