6.40409261084833 0 0 0 0 0 0 0 0 0 0 0 0 0 0 0 0 0 0 0 0 0 0 0 0 0 0 0 0 0 0 0 0 0 0 0 0 0 0 0 0 0 0 0 0 0 0 0 0
8.68211798200684 5.27505087635726 0 0 0 0 0 0 0 0 0 0 0 0 0 0 0 0 0 0 0 0 0 0 0 0 0 0 0 0 0 0 0 0 0 0 0 0 0 0 0 0 0 0 0 0 0 0 0
3.62558687285464 10.6552989343702 2.96696069078574 0 0 0 0 0 0 0 0 0 0 0 0 0 0 0 0 0 0 0 0 0 0 0 0 0 0 0 0 0 0 0 0 0 0 0 0 0 0 0 0 0 0 0 0 0 0
0.775967898542416 7.10187742192346 4.66728867462789 4.37933889328461 0 0 0 0 0 0 0 0 0 0 0 0 0 0 0 0 0 0 0 0 0 0 0 0 0 0 0 0 0 0 0 0 0 0 0 0 0 0 0 0 0 0 0 0 0
3.02996523931813 5.44618226119513 3.23378361475415 0.409048808978206 0.314831310921768 0 0 0 0 0 0 0 0 0 0 0 0 0 0 0 0 0 0 0 0 0 0 0 0 0 0 0 0 0 0 0 0 0 0 0 0 0 0 0 0 0 0 0 0
4.32737793841556 2.75902668987662 0.153955038287349 1.85021417890807 5.5016484539593 0.682002325666886 0 0 0 0 0 0 0 0 0 0 0 0 0 0 0 0 0 0 0 0 0 0 0 0 0 0 0 0 0 0 0 0 0 0 0 0 0 0 0 0 0 0 0
1.21415141355583 2.08861188450269 1.95027888529583 2.27284111180783 0.0336364408340516 5.0258555355508 3.58464392273016 0 0 0 0 0 0 0 0 0 0 0 0 0 0 0 0 0 0 0 0 0 0 0 0 0 0 0 0 0 0 0 0 0 0 0 0 0 0 0 0 0 0
0.222827349949752 5.1191616691265 0.294244904530577 4.78644614361521 1.16365468895536 1.91493278790094 0.418031640505459 0.0883614960640497 0 0 0 0 0 0 0 0 0 0 0 0 0 0 0 0 0 0 0 0 0 0 0 0 0 0 0 0 0 0 0 0 0 0 0 0 0 0 0 0 0
0.550626720968276 0.180828890944083 1.74169180761812 0.406679741510412 2.56270112705182 1.34676980704381 1.13721161641664 0.241538396824504 0.187743740490835 0 0 0 0 0 0 0 0 0 0 0 0 0 0 0 0 0 0 0 0 0 0 0 0 0 0 0 0 0 0 0 0 0 0 0 0 0 0 0 0
5.14821374907888 1.24666206331827 0.0268528542163794 0.489094658122465 4.09199605502307 1.39525025123818 0.731443783299659 2.82492423026496 7.75678830685873 1.61518387941125 0 0 0 0 0 0 0 0 0 0 0 0 0 0 0 0 0 0 0 0 0 0 0 0 0 0 0 0 0 0 0 0 0 0 0 0 0 0 0
6.02205019648374 0.574655113708248 2.83670658628619 2.73956051695947 3.63328309144613 2.20653217179559 4.9141217791153 2.85177463039502 0.849850583948111 0.361411768121809 2.58224251213178 0 0 0 0 0 0 0 0 0 0 0 0 0 0 0 0 0 0 0 0 0 0 0 0 0 0 0 0 0 0 0 0 0 0 0 0 0 0
0.902176008443264 4.68899329958982 2.11130596392288 1.5350485492006 2.41863465084097 2.07194864486951 0.547974023496498 2.51654794085993 0.359565867068343 1.14688245487561 0.937715938039829 5.38616244268368 0 0 0 0 0 0 0 0 0 0 0 0 0 0 0 0 0 0 0 0 0 0 0 0 0 0 0 0 0 0 0 0 0 0 0 0 0
1.82697632753681 2.25113390713474 3.00992778594384 0.432866417856678 0.33685173470762 1.41738571013543 0.623058486752277 1.92350685067925 6.26849892087207 0.40746222538043 0.663692738288966 4.49529222576693 1.76176920033679 0 0 0 0 0 0 0 0 0 0 0 0 0 0 0 0 0 0 0 0 0 0 0 0 0 0 0 0 0 0 0 0 0 0 0 0
1.25606649755726 3.08870312607891 3.42217341436405 9.28212122056636 0.235754089151741 0.251727156471191 0.955397805754537 0.693287696359 1.15817593293126 8.8746358910231 5.46656440583143 4.23506111807817 1.26214915312051 1.76296156404905 0 0 0 0 0 0 0 0 0 0 0 0 0 0 0 0 0 0 0 0 0 0 0 0 0 0 0 0 0 0 0 0 0 0 0
0.959461401374851 0.0697395337400025 1.15225791788148 1.80328594851028 0.479658872060874 3.96983846241251 5.79299769825924 0.0751073883374481 0.215337603644289 5.99199833045963 2.55975599307781 1.44088860340667 0.43372023774837 2.82299255612837 2.66025642674295 0 0 0 0 0 0 0 0 0 0 0 0 0 0 0 0 0 0 0 0 0 0 0 0 0 0 0 0 0 0 0 0 0 0
4.18605113094749 1.0842339644061 1.3425834994456 6.32657819390157 3.30028263380249 5.2247055601366 0.0147136962110887 0.855031990301563 1.89694461406833 0.852138522972594 3.94659866682861 0.55418911467304 1.364926990603 0.0502104498495416 1.25919181582917 0.822629592475536 0 0 0 0 0 0 0 0 0 0 0 0 0 0 0 0 0 0 0 0 0 0 0 0 0 0 0 0 0 0 0 0 0
2.75333992605693 3.18017897628741 0.519889659787043 0.318606767034057 2.71407530266061 7.70401380914139 0.376256082689145 0.944582921127818 1.29286374400222 1.8052752801192 0.755262460184603 0.648168616978278 1.69447558805033 6.67326993883913 2.86785119535469 1.63683210892535 0.373054231443813 0 0 0 0 0 0 0 0 0 0 0 0 0 0 0 0 0 0 0 0 0 0 0 0 0 0 0 0 0 0 0 0
0.26207672906691 1.12094580139428 7.70505100238927 2.59096076454534 0.287750859060156 0.756461695956575 0.505857816280729 0.0495010967491711 6.25455529232994 0.26252346348141 1.51951221956498 3.43593314411827 5.90672333747131 4.86235252565835 0.990762206376983 1.51320470302559 0.786795517016104 0.809642867571461 0 0 0 0 0 0 0 0 0 0 0 0 0 0 0 0 0 0 0 0 0 0 0 0 0 0 0 0 0 0 0
1.15981324906725 1.65906467339276 1.52560126182035 0.247049783893446 2.1711868551134 0.384699561929309 0.845876290477192 5.30872870559088 0.576642442952285 0.803548433150776 1.01319621288159 6.89304342823429 6.08214154427309 3.31373690975103 5.28098557038805 0.483465274107156 5.8397641407445 0.632602815614449 6.1592201606406 0 0 0 0 0 0 0 0 0 0 0 0 0 0 0 0 0 0 0 0 0 0 0 0 0 0 0 0 0 0
4.08470306640499 1.77437365828255 0.837297916830102 1.69738989245243 2.69735312774228 1.20570584836589 0.484221690055886 2.88556342415242 2.33202871842953 4.85737754490723 5.04219424081721 0.251962073666286 0.78704625977597 7.36282839685393 2.69248450912528 5.12321444666879 1.64881716383993 4.61096840127637 1.94671218791213 0.399450921563232 0 0 0 0 0 0 0 0 0 0 0 0 0 0 0 0 0 0 0 0 0 0 0 0 0 0 0 0 0
3.41580122041961 2.38974372114394 6.10697398077368 0.842870600388932 0.0946677934588872 3.94540864442289 0.35363634937397 1.54036636292759 1.88910385582743 5.70472883253707 0.249737114971096 1.75024130829012 1.00033311100291 0.979902543449903 5.76532292885742 0.147900238218193 0.587071408304778 3.15173682419433 1.1128782566359 1.04192594229491 0.432372576042449 0 0 0 0 0 0 0 0 0 0 0 0 0 0 0 0 0 0 0 0 0 0 0 0 0 0 0 0
1.49975565781539 11.316738930189 1.12987325745421 4.54607561988381 1.43011535330015 5.67528537857813 0.823669697857434 1.51549799613065 2.31599817776729 0.83080431402712 3.30092618216462 1.9652088462299 0.924676328664533 6.48874487293809 2.32160869110673 6.41355550203922 2.96019806141123 2.83660826572379 5.1029730267327 0.0644700164416844 3.70968488657454 0.651968073632018 0 0 0 0 0 0 0 0 0 0 0 0 0 0 0 0 0 0 0 0 0 0 0 0 0 0 0
3.36077756608717 4.85162625778645 0.649301282117388 0.615286378939097 1.10418575690612 1.47663216696284 7.38898006151342 0.585536493788806 2.0335801554762 0.877474461232738 0.855395810487118 1.15443942710542 3.45892515864444 0.828437293991864 2.32345632111941 2.45835361978255 1.07435720852156 1.11905394932513 1.04610225499218 4.92867093702613 3.52164638359229 0.585615051218551 1.17269192538984 0 0 0 0 0 0 0 0 0 0 0 0 0 0 0 0 0 0 0 0 0 0 0 0 0 0
0.0404483557871894 2.74572187856725 2.81703118893514 3.22064209599502 0.825094377576614 0.754047106943065 2.11929523194245 1.83155017229664 1.10660919426707 0.615538148489915 1.55319606667691 2.32628266337116 0.198045699539697 3.61375684774955 1.22622763270646 1.45050922131092 0.554841801181401 0.337739335505313 0.296393130589641 3.66131370858641 2.53556842354307 0.370385257472121 1.9057033358748 1.55598971481501 0 0 0 0 0 0 0 0 0 0 0 0 0 0 0 0 0 0 0 0 0 0 0 0 0
0.773130630505315 4.46560933591792 2.38119110162841 1.56512948123408 1.67823980469976 3.779837013642 1.88340979225769 2.90598438608916 5.89824771104126 4.04377218253775 0.0450638862829616 0.578234733832961 0.635870096121252 0.949092199064129 4.20159414031918 0.332390039040171 2.49327471502296 1.2188916392 1.09391876963069 0.541943987391514 3.08229916162617 0.070318006872981 1.75324096679446 2.80227738164492 1.12973598361539 0 0 0 0 0 0 0 0 0 0 0 0 0 0 0 0 0 0 0 0 0 0 0 0
2.5778259019303 3.97203844660504 6.76321652055737 1.05371665966572 1.85045793725625 0.577428829964717 0.0762488642996727 1.59423726221375 0.545386769720839 9.44324777556421 0.189920081644094 4.72895330623551 3.6356377757244 1.68023751224215 3.60201895852833 1.12606148966233 5.24033182122085 0.752110318753211 4.48877699074853 0.785650910409086 4.13865237419092 2.74459253448748 4.12615815719987 7.86979140378454 0.435671994470095 0.889701569601138 0 0 0 0 0 0 0 0 0 0 0 0 0 0 0 0 0 0 0 0 0 0 0
4.26307463401884 5.07694121392627 3.3239174633206 1.19548105433972 0.674091238428029 1.65304655170616 3.72868131097962 1.56288622471505 8.52382189284899 0.0107718213478946 7.0755481994594 1.67626259205117 0.150206093220743 2.26755339732038 1.59184942040509 0.942856029511855 2.64028448330277 0.988901975171605 4.67549362510158 0.363598216497673 2.84856058293974 0.112098724565068 1.79088479626616 6.94546151548836 1.71813079836121 5.32902193487052 2.39371852141092 0 0 0 0 0 0 0 0 0 0 0 0 0 0 0 0 0 0 0 0 0 0
0.511534819554002 2.25125118104282 4.58571069823145 2.33809189861829 1.78794304707497 2.50155348582774 0.277153083295863 7.24750392147005 0.330401736766052 4.76389259700744 1.92331193543756 2.79977482648918 0.559698467826643 3.20280506905926 2.11769050095068 2.26846424863927 0.517854459397125 0.511105983431207 1.46912761282014 0.311549251015226 1.79673988111921 1.72821849934402 0.308523518190087 0.264815481286375 0.744286361632455 0.0252465466309781 1.12488951242456 7.88115634286523 0 0 0 0 0 0 0 0 0 0 0 0 0 0 0 0 0 0 0 0 0
1.07515002721163 0.0878617806672596 3.78257427731277 3.65093581667406 1.84295774910055 0.483495299737105 0.793888112972059 2.40308733311269 0.0714277137890119 1.01281731305844 2.67533600359904 0.396737102062414 2.38658539576286 4.48736019417839 2.77583494329787 1.1499166027331 3.2882395377109 0.806975496913476 0.724354926152022 1.44553838601005 3.26593309129637 4.78583990934502 2.23066955047828 0.180794251720632 0.433762224219353 0.25041188467818 1.28396436437441 1.53345567719009 0.625383925005866 0 0 0 0 0 0 0 0 0 0 0 0 0 0 0 0 0 0 0 0
4.83805794633337 1.57114812042804 3.74705391179145 1.74840145295273 0.702851676618111 0.884902123105425 6.32768531131717 1.08236939567334 1.73138359613249 1.70575817775672 1.10899669264539 1.10569478928498 1.02233879587039 0.93498264454174 4.2634787600684 0.859565490460091 1.54304469666145 0.292327177183223 7.65052259444135 0.520403340779956 2.91846276419227 4.89800242935573 0.402158013609242 3.49077377664736 1.05775556827246 1.61175899521646 0.17263247437138 0.219162801894792 6.00683951064579 1.05605440029779 0 0 0 0 0 0 0 0 0 0 0 0 0 0 0 0 0 0 0
0.0489429550173432 1.10080673130324 0.191215674688748 2.60794837274724 1.53794155541943 1.31260961886396 0.989428361228104 7.24796861702238 1.28586922877943 1.56653492479019 5.14137034089883 1.20104272288692 0.94723322073643 1.08565614049199 0.279798945282809 2.0848390948403 0.110126213294466 0.687968730473135 0.0887860486546137 0.0807821636573915 1.73809705714557 0.491417522276509 0.368554878417012 1.11655002522326 1.47239742385102 0.185429086418534 1.33116008512171 9.36500842765617 5.83855169571707 2.19355511435596 2.35462420174726 0 0 0 0 0 0 0 0 0 0 0 0 0 0 0 0 0 0
3.62388869296577 1.61551478427012 0.879959803635769 4.72580470166115 1.96807326762934 2.93880244723058 0.467697066585087 0.494221366067206 6.38631589652068 0.78434349895286 1.43656049687173 3.35851620036139 0.380433561338701 3.17685035577082 0.071882987172159 4.28383906431094 5.34378820879565 0.297351712263397 1.20277231934089 1.28200283189042 1.00963848650787 1.36322299780973 0.578677420729748 7.28266113148918 6.19467488389007 1.75616783112534 4.17386835311101 0.452901587031351 2.57895493786417 7.91304295606028 1.97067097448828 1.74089256271886 0 0 0 0 0 0 0 0 0 0 0 0 0 0 0 0 0
0.537171808365541 2.21077108558744 1.15290832243336 1.96299892814342 0.511073004037337 0.0648114849553476 0.014985609845216 2.5211065238077 0.761042687297828 7.96603036092361 0.22044525647845 3.28023647890708 5.16201264965619 0.576437555311373 3.4282471181809 5.39236337987372 4.51563337693774 1.63634140295598 2.59882618644496 1.23689801440682 9.20852134769081 1.87274868695966 0.265356231574752 4.03190054253448 0.16627252106186 0.482258667074116 2.18900178797445 0.481908123048775 1.06431404591197 1.28535973747926 2.37055289209978 3.4611651166966 3.69727189335916 0 0 0 0 0 0 0 0 0 0 0 0 0 0 0 0
0.0542946734445134 1.72282088735387 1.16859770977071 1.71387728448264 0.0645984344557571 1.10753348856149 0.340867253718052 0.00185165574744984 2.1233060995549 7.45625397414117 0.697947032555986 2.04949878319478 2.36706849132317 0.468578472018396 2.40054897987601 1.35207942321552 1.15961553649141 1.92706285340943 1.84584023477899 0.508820985840494 1.34620972581815 1.71331410798817 1.72777803489442 0.791039534006665 4.9741416096541 0.419752225906944 1.33130322251541 0.116108653848053 0.407617856876276 3.23050464054632 1.41547778704672 2.48626672225193 0 0 0 0 0 0 0 0 0 0 0 0 0 0 0 0 0
0.27723778177996 1.72106740792321 0.928238368991408 2.39887344012668 1.84331964464498 1.97927565000066 1.91908842792801 1.75110338405349 0.516647660463431 2.64058155376627 0.556587128592735 0.32744736914953 2.25342802597457 3.40563659417771 8.12074198636017 1.59369400245439 2.15088070410189 0.632025403138489 0.966092573073143 2.46955979355204 0.374588651504575 0.900536718330866 0.214910839628502 5.13334132601714 1.25597868288632 0.381039760139105 1.93905458919475 0.142546908497189 8.55806264322334 0.812024096471156 0 0 0 0 0 0 0 0 0 0 0 0 0 0 0 0 0 0 0
2.09762480649187 2.88920650366842 0.0505747377093021 1.19154177035269 3.86495005628354 3.76356833000118 2.36427741771931 0.115353637292312 1.38686625002747 4.95866167434923 0.58300682435651 0.917262891061212 1.07915305367751 1.17806241588943 0.177915710678899 1.85906026917514 10.4147698200422 1.29972351162569 0.764625869693958 0.459010867906482 2.86548176710192 0.549214634394128 7.72342468383056 1.44330378781565 2.29779329330952 1.01607995537829 10.3340016793609 0.69307647189064 0 0 0 0 0 0 0 0 0 0 0 0 0 0 0 0 0 0 0 0 0
7.65561321 0.0932994114819843 0.941503912995534 0.00261655695274851 1.08403302064406 0.808178674966928 1.04472933843637 0.337252287592014 5.22298898180941 0.177916283657348 1.73494617638775 5.93180165673834 0.867512969956292 1.84864635880577 2.66987634010067 1.44814064668656 2.72851145511515 0.362564753371659 2.2012692450167 3.22936305811161 0.0663168094200659 0.586953595357207 1.32928024830897 0.537103966707375 2.9394697364888 2.7473357765934 0 0 0 0 0 0 0 0 0 0 0 0 0 0 0 0 0 0 0 0 0 0 0
0.338877989252625 4.34988872271635 4.04831771945778 0.476618022039822 1.61996256960048 1.73578462672691 6.00074385980335 0.0754854215053704 0.743785362424966 0.317437333783714 0.163678635861576 2.08437149143733 3.53163959442121 0.0701695740367467 0.431986249976714 1.29918404722898 0.506084104314456 1.15423690233647 4.81078705650951 0.137962941722111 3.09958529227721 1.48986938510937 0.767586394761339 5.93519520467913 0 0 0 0 0 0 0 0 0 0 0 0 0 0 0 0 0 0 0 0 0 0 0 0 0
0.137725081853062 5.36055928163722 1.61797513530852 2.84145231047247 1.17226336618983 0.227241437380039 0.0774201630677974 0.140046503791768 0.369885947558376 3.11766957574418 0.817690059464214 0.31231526576912 0.686621945999916 1.42695451101767 1.03935791884514 0.605398792328927 0.0983820939906662 2.45880757656963 1.52223043173522 2.84185929937407 0.573450397493284 1.8585565201299 0 0 0 0 0 0 0 0 0 0 0 0 0 0 0 0 0 0 0 0 0 0 0 0 0 0 0
0.6971038321187 2.01566723207253 1.59265104904143 1.48259633994967 2.14990160692497 4.18171376256351 1.33917643654477 2.53997545312174 3.23629734578084 2.17211594850961 0.446939664603035 0.448948674064033 5.28196885004289 0.527000676022043 0.0396259047202025 2.73321771996357 3.01130679414554 0.41617477303531 0.910203936121676 0.884218209121094 0 0 0 0 0 0 0 0 0 0 0 0 0 0 0 0 0 0 0 0 0 0 0 0 0 0 0 0 0
0.714567347758491 1.04398533206621 2.72154774614438 0.429978052352887 1.75911465635606 7.07974333498291 1.72556763075043 0.90984516495223 0.475402477151717 4.27154160590248 0.159442577384336 0.490526768877391 0.763298077924092 0.610697551761717 2.6760790959186 3.03745289221686 3.57330266106486 6.24383066128376 0 0 0 0 0 0 0 0 0 0 0 0 0 0 0 0 0 0 0 0 0 0 0 0 0 0 0 0 0 0 0
0.0624327450802977 0.349649978555451 0.0343843213362645 0.893993466373036 1.72157279227081 1.6135890463512 1.0256051744947 3.13487354200884 4.4182717070523 0.143935234851232 0.814970161866474 0.482389086647015 2.08410838143626 1.49200027618065 2.30513178575362 0.144892237714066 0 0 0 0 0 0 0 0 0 0 0 0 0 0 0 0 0 0 0 0 0 0 0 0 0 0 0 0 0 0 0 0 0
2.93641291481529 5.34713429728634 0.626567023291402 0.534678643250209 0.72458597261351 2.86927174103419 1.8317631449512 2.46008991409718 3.59859086366208 0.291970313844652 0.921247706153066 2.08264136229829 5.83247142446237 1.14491113626 0 0 0 0 0 0 0 0 0 0 0 0 0 0 0 0 0 0 0 0 0 0 0 0 0 0 0 0 0 0 0 0 0 0 0
0.0629196681421038 3.84682471940353 0.489467607271401 0.667940867224142 1.87868617988176 2.7932405532483 2.35301237046646 1.06685772474093 0.0521576416327251 3.51827285036274 0.13523125205136 8.5189059460868 0 0 0 0 0 0 0 0 0 0 0 0 0 0 0 0 0 0 0 0 0 0 0 0 0 0 0 0 0 0 0 0 0 0 0 0 0
0.856560906539815 2.90336875363869 1.13742084884823 1.80636150571476 0.792555168710614 1.67273759103111 1.90561715780482 0.817244573427479 16.2737461195738 3.71375975089572 0 0 0 0 0 0 0 0 0 0 0 0 0 0 0 0 0 0 0 0 0 0 0 0 0 0 0 0 0 0 0 0 0 0 0 0 0 0 0
1.56185364587985 0.0570773001704859 0.141696571721852 1.1310911520475 6.79724251757942 1.25324273614625 5.31124600534972 7.31677352418388 0 0 0 0 0 0 0 0 0 0 0 0 0 0 0 0 0 0 0 0 0 0 0 0 0 0 0 0 0 0 0 0 0 0 0 0 0 0 0 0 0
0.721923656270266 3.23466782688624 0.999296198676523 0.995747021225848 0.233440997578964 1.91185457225947 0 0 0 0 0 0 0 0 0 0 0 0 0 0 0 0 0 0 0 0 0 0 0 0 0 0 0 0 0 0 0 0 0 0 0 0 0 0 0 0 0 0 0
0.986730937752553 3.13414999340515 2.73511031854021 0.317395849201556 0 0 0 0 0 0 0 0 0 0 0 0 0 0 0 0 0 0 0 0 0 0 0 0 0 0 0 0 0 0 0 0 0 0 0 0 0 0 0 0 0 0 0 0 0
1.35008521183214 2.06784276775789 0 0 0 0 0 0 0 0 0 0 0 0 0 0 0 0 0 0 0 0 0 0 0 0 0 0 0 0 0 0 0 0 0 0 0 0 0 0 0 0 0 0 0 0 0 0 0
