4.07011625192468 0 0 0 0 0 0 0 0 0 0 0 0 0 0 0 0 0 0 0 0 0 0 0 0 0 0 0 0 0 0 0 0 0 0 0 0 0 0 0 0 0 0 0 0 0 0 0 0
2.34058460707468 0.654699700522618 0 0 0 0 0 0 0 0 0 0 0 0 0 0 0 0 0 0 0 0 0 0 0 0 0 0 0 0 0 0 0 0 0 0 0 0 0 0 0 0 0 0 0 0 0 0 0
4.48591553896523 6.34421814551702 5.88514992793089 0 0 0 0 0 0 0 0 0 0 0 0 0 0 0 0 0 0 0 0 0 0 0 0 0 0 0 0 0 0 0 0 0 0 0 0 0 0 0 0 0 0 0 0 0 0
0.872089803117879 6.12070393465053 1.72256033593174 5.05076135401929 0 0 0 0 0 0 0 0 0 0 0 0 0 0 0 0 0 0 0 0 0 0 0 0 0 0 0 0 0 0 0 0 0 0 0 0 0 0 0 0 0 0 0 0 0
6.34951092056402 3.46937610182967 3.31637401547832 2.33503653955002 14.8504380070166 0 0 0 0 0 0 0 0 0 0 0 0 0 0 0 0 0 0 0 0 0 0 0 0 0 0 0 0 0 0 0 0 0 0 0 0 0 0 0 0 0 0 0 0
4.73080879310592 0.865342025095271 5.82846301759354 4.48986118345657 11.3926674951753 3.87578824443849 0 0 0 0 0 0 0 0 0 0 0 0 0 0 0 0 0 0 0 0 0 0 0 0 0 0 0 0 0 0 0 0 0 0 0 0 0 0 0 0 0 0 0
0.711287433306141 0.269855515645719 8.77720893984183 2.70089419344771 2.86482185871054 0.0954480042902677 5.19794020289099 0 0 0 0 0 0 0 0 0 0 0 0 0 0 0 0 0 0 0 0 0 0 0 0 0 0 0 0 0 0 0 0 0 0 0 0 0 0 0 0 0 0
1.94951763564196 2.65874440796329 0.0605373299324137 0.0386130517704865 0.474177902342551 0.233837743231637 3.06599247014792 0.520315997133427 0 0 0 0 0 0 0 0 0 0 0 0 0 0 0 0 0 0 0 0 0 0 0 0 0 0 0 0 0 0 0 0 0 0 0 0 0 0 0 0 0
4.60648527164834 6.85177374437966 7.45410875573459 0.489407509766246 2.94189089031056 12.2164635581044 2.28314209250643 0.451030458566509 0.609226792424151 0 0 0 0 0 0 0 0 0 0 0 0 0 0 0 0 0 0 0 0 0 0 0 0 0 0 0 0 0 0 0 0 0 0 0 0 0 0 0 0
5.97555135112388 3.86732742206389 1.25224674110524 2.18684985076826 8.18722334295853 5.62026481695751 0.988441060404475 0.525879144274457 1.53878653115492 0.956307101992299 0 0 0 0 0 0 0 0 0 0 0 0 0 0 0 0 0 0 0 0 0 0 0 0 0 0 0 0 0 0 0 0 0 0 0 0 0 0 0
7.91035710058854 0.908847481469972 0.623864767993682 3.10147177606231 10.373298585943 4.21345404819304 1.21484469742354 0.58893636447227 6.50209892026846 0.931401242212367 4.78880056628694 0 0 0 0 0 0 0 0 0 0 0 0 0 0 0 0 0 0 0 0 0 0 0 0 0 0 0 0 0 0 0 0 0 0 0 0 0 0
1.11613211100151 4.52754754141973 0.254105719514846 6.4787381770083 3.7377002577544 0.144944923444808 4.01528668866598 0.529851322672667 0.571977514438009 3.96506465934425 0.313499655876067 0.293766294398362 0 0 0 0 0 0 0 0 0 0 0 0 0 0 0 0 0 0 0 0 0 0 0 0 0 0 0 0 0 0 0 0 0 0 0 0 0
1.04574482605326 6.32010555675499 1.72111825747136 3.0488279190066 8.77395468210867 7.26846672851854 0.238456006556086 3.16175317982053 1.55553584899253 0.482450513575869 0.677772074753611 0.739708639823031 3.85026867111221 0 0 0 0 0 0 0 0 0 0 0 0 0 0 0 0 0 0 0 0 0 0 0 0 0 0 0 0 0 0 0 0 0 0 0 0
4.71863886927125 6.45800960943799 3.21429551353936 1.80066165653198 4.638072451626 4.46624326900183 4.94619278995883 0.71890658254121 0.155321053362777 0.301605145644401 4.12618266314522 2.76568570154022 0.830062747350293 0.555388043154631 0 0 0 0 0 0 0 0 0 0 0 0 0 0 0 0 0 0 0 0 0 0 0 0 0 0 0 0 0 0 0 0 0 0 0
4.20597790756644 1.36528004043656 1.4925020024209 2.62896223536922 6.73095799958 2.86282426772493 0.565742251299662 0.785164862901489 1.20326536149841 3.58549974376664 6.36397078455922 3.33182480397509 1.21131949608263 1.51566549647713 0.781179435143449 0 0 0 0 0 0 0 0 0 0 0 0 0 0 0 0 0 0 0 0 0 0 0 0 0 0 0 0 0 0 0 0 0 0
0.480742879566384 1.3677212469783 0.861294427274597 0.0841651919432043 0.237130328829572 0.097646652163692 5.37615685618951 4.34136723249077 0.317283257557158 5.93489040609071 3.32345466068303 6.26936799910414 0.289313054147002 11.5438590695842 0.72456381469645 3.23152658929135 0 0 0 0 0 0 0 0 0 0 0 0 0 0 0 0 0 0 0 0 0 0 0 0 0 0 0 0 0 0 0 0 0
3.19274826160689 0.634342579308204 0.0207785366374543 7.89296422031715 0.150302801166961 1.9209115482244 0.136953897951451 0.645835687221947 2.09941619389628 1.91468470684185 5.11996529827153 1.86568818894274 0.816761852056124 1.58495169992204 0.857798938761695 0.591167734378469 0.529029630912673 0 0 0 0 0 0 0 0 0 0 0 0 0 0 0 0 0 0 0 0 0 0 0 0 0 0 0 0 0 0 0 0
0.23337023242857 1.58676153790096 0.0687762236584907 0.589050651300597 6.43680148794495 1.5006806160676 1.92069568537723 0.977000522500186 1.19833114603097 0.174998394538876 1.1365204475567 2.26939332781383 0.521876685145025 3.11051806513882 1.20050343514307 0.564000570367092 1.376580657791 13.9336659405699 0 0 0 0 0 0 0 0 0 0 0 0 0 0 0 0 0 0 0 0 0 0 0 0 0 0 0 0 0 0 0
0.945945114377988 0.887715334967569 1.57001626417225 1.42271901680333 1.01383779703462 2.1721654258385 0.953361116501853 0.526050124327294 3.42979258583595 0.453245217779482 6.59133360133763 1.3670948716507 2.09693316824197 0.270456976565374 1.04338417355121 3.62400144719244 0.734952380923339 2.09527536478907 1.9497744361558 0 0 0 0 0 0 0 0 0 0 0 0 0 0 0 0 0 0 0 0 0 0 0 0 0 0 0 0 0 0
1.45324081949729 9.61299594607536 0.943431835031425 1.22773539728736 3.59517315535885 5.51745456112888 1.70373814321375 3.54513873757423 2.06188907077121 0.725107738375617 9.01879424664531 2.4206301859239 1.07448770407295 5.63022662705232 1.19741652102381 1.27725712283166 2.41042401467629 1.45607738593511 3.3616345028865 1.75476517371958 0 0 0 0 0 0 0 0 0 0 0 0 0 0 0 0 0 0 0 0 0 0 0 0 0 0 0 0 0
0.0482069883393278 4.25011008846001 2.67063686426178 0.3716556008962 2.93526394758685 0.709650949659127 7.29016504199699 0.411968812567326 4.92694965337309 2.76141527510684 5.27430208104603 1.99993511049132 2.98822906037239 7.89355973664617 8.12235613923362 6.463674925332 2.26278122506808 1.40444132833181 0.711827811867995 1.54162447903731 3.19410833148246 0 0 0 0 0 0 0 0 0 0 0 0 0 0 0 0 0 0 0 0 0 0 0 0 0 0 0 0
3.96083266437781 1.84430697499047 7.33134671361949 2.13989955340788 0.591467384131591 0.48323794412861 4.77066519319587 7.28053880606966 0.51029917998142 2.41757167908711 0.608564408474924 6.27244204542083 2.67011357656001 0.883403924780986 0.393041563803007 1.31065857929096 2.0874945590972 0.297521652115121 0.146473758600819 1.87638714981485 3.57950506344013 1.55245202981094 0 0 0 0 0 0 0 0 0 0 0 0 0 0 0 0 0 0 0 0 0 0 0 0 0 0 0
0.78885363896733 2.01193276494276 1.61553900965818 0.42074796157663 1.16313400081045 1.28877368743472 9.61352689216735 0.364236303298559 2.8016050390264 1.3849817137894 4.82155888549069 0.295382300551392 4.63443389047491 6.91671880345433 2.41097544163356 0.59228270446062 2.11302148802072 5.57530974768541 0.222790176492781 1.70772076841839 1.80785455013758 1.11593518782355 0.528414976512944 0 0 0 0 0 0 0 0 0 0 0 0 0 0 0 0 0 0 0 0 0 0 0 0 0 0
8.89439276509182 1.89412052332773 3.65403094334343 2.52020257012234 4.65973657122042 2.06111854179768 2.39027691455378 7.48609642987391 0.172602826470141 0.537368927130955 6.46028678047466 1.42829048060163 0.697890300054155 0.2705309812605 1.06838825648536 1.52692305843192 6.56862693688031 1.03452465856354 0.814983114726295 0.0654883928796309 0.509871988111028 6.14268451285381 3.09737538028199 2.04240930446985 0 0 0 0 0 0 0 0 0 0 0 0 0 0 0 0 0 0 0 0 0 0 0 0 0
9.43472573853482 1.13080967045467 2.79453894755779 0.270120664459652 2.92509269997979 1.51035255006929 2.53140185537587 0.128270743641255 0.840750597088723 5.10460074906748 0.70639792504082 1.02549107367579 2.1773840751801 3.45621795391324 2.58830893087127 2.66610682004428 3.27813329828367 3.30054773685753 2.07770323570056 2.89673234365744 0.984003154441554 1.93530952033085 0.507017251620237 9.29492306315309 10.0008594876553 0 0 0 0 0 0 0 0 0 0 0 0 0 0 0 0 0 0 0 0 0 0 0 0
5.2205291835411 3.15044317074662 1.95916077229222 1.1123648132553 0.0945178628050733 1.04447433980987 0.0459861332053609 0.0623254132303341 0.142963543668227 1.17139177842852 0.00496154182237732 3.42501119885459 0.919525054144024 1.86897025176358 1.76815602250783 1.2053744319073 8.47313368848476 2.21328585750582 2.30828040847104 4.94794809108309 4.08159243588222 7.56230919832973 0.143556901069923 4.18241585008265 20.6756946513258 1.51867734887217 0 0 0 0 0 0 0 0 0 0 0 0 0 0 0 0 0 0 0 0 0 0 0
3.24536998496056 0.783804292254194 0.232274578109345 4.28998000094443 0.952503630328972 0.130385375468591 1.65027255607827 1.97430077963626 2.72714416460849 1.87202198500956 3.0105278055257 5.02612967135182 3.65841147385123 2.26432868813192 0.736778307576041 4.4351594792362 0.722000154538577 2.67066116422537 2.5861332051621 1.6614970169921 0.885219574005168 10.3784478642904 3.65596170442144 0.979405501253652 6.33480527353638 0.209221100083028 2.65840232146785 0 0 0 0 0 0 0 0 0 0 0 0 0 0 0 0 0 0 0 0 0 0
1.90873442128656 4.25430207721293 0.796479896701923 9.42766554026118 1.28477416255827 1.76127567566784 1.53055244175749 1.47515236802968 2.53841993341404 2.17580673297703 7.44528434906849 6.78635570257757 2.61928181839868 3.78145550397914 0.341698216859494 2.28656746403275 4.2804109851014 0.721731298615141 2.16736126846757 0.422322131197567 1.68511140919186 4.99000542574087 3.7208427373268 0.31560972702504 1.8267080319859 1.5659126422524 1.39695380684411 1.34180871302111 0 0 0 0 0 0 0 0 0 0 0 0 0 0 0 0 0 0 0 0 0
0.062830322328243 3.26765651058567 0.888596956105726 0.728243877631095 0.879229340134976 4.84203600139004 5.07553390407335 3.00944180509278 0.681420171238959 2.54548662104225 5.77557599083851 0.793392589529587 2.58148663310897 4.52075021570545 3.18764934234664 0.140368378668432 2.32767548029141 1.99806406640632 0.690651086214602 6.61086154626285 2.50181335482148 9.99813546002777 0.424705857259669 2.69257391807775 5.13737858513441 6.29124470033742 3.69866451416517 0.349671044756637 3.03539842958797 0 0 0 0 0 0 0 0 0 0 0 0 0 0 0 0 0 0 0 0
6.53311055458211 3.55534732378944 0.929284618085914 3.33428034637515 2.2299769289466 0.517243187522396 0.617536495691512 3.93386261610428 2.30978060480724 2.44088999523076 0.568395454852995 8.19759201081178 1.26724076866882 4.1927491138868 2.75952211891233 1.0085211322536 1.28999469899489 1.33859277398166 1.89659860340416 4.35864154171058 4.9074634744914 1.36873300862727 4.63166199318547 0.694128048396286 7.1184620646037 6.86966829478853 4.24609243875112 6.01517151724215 0.128698010696889 0.75980919921911 0 0 0 0 0 0 0 0 0 0 0 0 0 0 0 0 0 0 0
1.69744824522559 1.79523043814943 2.69855182799099 0.455004930685489 3.24904674380278 0.0327556449592823 0.766004034475663 1.3567494545771 2.09221528072786 0.29011242545212 5.06815058741959 5.52607099406391 0.429523353621471 5.97365894635339 2.5206905710372 0.94964976418658 3.08040781359902 1.36423397715482 1.50912814648091 9.35604079883689 1.06966302698546 1.17546974657196 0.901753241666397 1.63754866723489 3.19684611435954 0.614584357486048 6.74809649382008 2.9702632520142 1.33644336006146 3.50931185606419 2.91135396951647 0 0 0 0 0 0 0 0 0 0 0 0 0 0 0 0 0 0
0.215034584160873 1.58678790352071 0.297949754488747 0.239726632888584 5.81966782761005 1.27416102552247 1.51246740687997 1.68241149678009 5.45208853090432 2.19005945065187 0.911518089588521 2.09502703939055 1.51632429479864 0.296268585102213 5.1012894204589 1.25818499512703 0.346813456064375 6.19203564320465 3.62421624474506 1.90789355961159 1.52992171320182 4.36052731770088 1.74733825071811 0.978345366690914 0.376134384278303 1.74937548141778 6.05350212598652 0.0875066642148379 1.46227273479581 2.446685384863 0.0752832810808809 5.67543023563301 0 0 0 0 0 0 0 0 0 0 0 0 0 0 0 0 0
2.32944591324586 1.63934391648627 0.0671448628894916 0.380474900972598 2.31624854417497 0.855730493151161 0.351360611694097 1.10088340384406 1.36910365907113 0.10984241906904 3.46217208573266 1.72339263493478 3.96029357505839 1.42721603673144 2.04072330128624 2.44204430308473 2.78840672513934 7.81319922427327 0.148909826037896 7.81646089180513 4.15820557237568 6.69959671868207 2.20923366868993 3.94792621548288 1.40476415073339 0.428635501930785 8.04415231593891 4.14767554275303 2.96930626188855 0.0099068321453181 0.798768489494567 2.15133484405272 1.58878961559968 0 0 0 0 0 0 0 0 0 0 0 0 0 0 0 0
0.894693050777607 2.50211396523246 0.857566901596255 0.973717595470543 2.67320538641487 0.387966827299984 0.776605491761679 0.438381631245725 0.404889601711083 4.44771887920901 8.36704190646399 3.80889257638562 0.729451773171504 7.27453898100863 0.366980376603334 5.99708605220902 1.57378212229879 1.24027741179456 1.78036544761291 1.51137280978346 1.25715643371023 5.62538313537768 0.618519394568779 0.377440733577931 2.94006965214315 4.10946947278814 3.04667776051986 2.04561754685726 6.35428031722356 1.04187813131249 0.294563549508171 4.31623683624097 0 0 0 0 0 0 0 0 0 0 0 0 0 0 0 0 0
2.3830283333335 3.14166058512562 6.09575309951831 1.34887339024868 3.63796826203078 6.86043991585637 1.17973335532007 1.72851060590057 0.279673875132212 2.75808221667677 0.555442441744077 2.04987348494234 2.27623315036929 3.37446919930669 3.33914916140095 0.000266856606828333 2.16430983288772 5.48795771285376 0.175919130724299 3.25933013814409 1.02554008115561 1.41832715431231 3.6972351437761 2.73470559820682 2.5098860783445 0.269295409670156 2.63497595624834 2.19427394245158 3.05714338830017 1.5704861413238 0 0 0 0 0 0 0 0 0 0 0 0 0 0 0 0 0 0 0
0.0341819238527849 7.62224542842739 0.990720741621229 0.698424307117186 5.70080569521378 1.70671445512494 4.35579602321578 2.64975086684636 3.66009802564642 2.68961325575607 7.70424352753115 2.0677250347363 3.36543589130806 4.71530017364897 3.48798086856297 3.6660897573805 0.146428754565901 5.92675566671175 1.65070102716188 4.93519553795522 4.98530442955777 0.788273077579412 3.13732049955871 0.662662789304818 0.404982493634183 0.991972885749408 0.435645423113799 5.43299365243993 0 0 0 0 0 0 0 0 0 0 0 0 0 0 0 0 0 0 0 0 0
2.51199711726172 1.9278063593899 2.45234289907401 9.21133376811187 0.922327087249276 1.74967935190658 1.22536519463005 2.27246053974003 10.8560818855823 1.02730309359486 2.48420172893287 2.23042313434204 2.39782438873986 4.15369118331072 0.209550908272226 4.69254426927715 0.723604170305824 0.787772159681002 1.14714563715474 3.18575854959006 3.09185434535011 3.95028581563835 0.229289987457224 2.72093972196094 1.80778483998972 0.182224415224682 0 0 0 0 0 0 0 0 0 0 0 0 0 0 0 0 0 0 0 0 0 0 0
5.2552773788334 0.468164267458367 5.16182284224512 2.9105794204494 0.817750457088761 4.14918961202741 0.793221786443764 0.0531981957141404 5.58734906598043 2.24212077559549 1.47416403499869 5.03844855092375 0.963122355999466 4.78168999868435 0.514520782694627 1.49638037889668 6.00585067250067 5.51411075023685 0.95238143949262 0.648462640152831 0.257037258346692 3.08225816303723 1.27903072316476 0.362287935124403 0 0 0 0 0 0 0 0 0 0 0 0 0 0 0 0 0 0 0 0 0 0 0 0 0
3.06146392722597 8.7540907761727 0.209426410384779 3.58267643325079 0.599098326462209 7.85757787532854 4.15613864565632 0.751564874333868 3.13269603064228 0.535486503096861 5.60102732328133 0.436706831011309 3.73544844790417 0.256316862589596 8.69253917388333 1.43253635616605 5.54839841689933 0.785761832348149 5.25606599108781 3.41996553066626 3.61959219073859 8.45770978421282 0 0 0 0 0 0 0 0 0 0 0 0 0 0 0 0 0 0 0 0 0 0 0 0 0 0 0
4.93738346134404 0.701202783533078 3.10411586152273 1.3645636688918 3.76424763956779 1.43080030897478 1.71514671672211 3.00970998637731 0.307129619493921 0.499844851129625 2.02286695685968 4.71182230138873 6.59972312236098 1.46211063172937 7.16025115060219 0.71334290854148 3.10727604205352 0.190375959007751 0.165618380797036 2.23100817056098 0 0 0 0 0 0 0 0 0 0 0 0 0 0 0 0 0 0 0 0 0 0 0 0 0 0 0 0 0
4.1275295285483 0.424723302074963 3.43124114448452 9.36733276619363 0.960743760642517 6.51118986227092 3.7414034164961 1.27353154244353 2.13944856682726 3.2840785481114 12.8497493104061 1.43639712861525 5.20131139170166 2.24846111786047 2.98249887804321 3.13828793360712 7.35505705797847 1.13142650583493 0 0 0 0 0 0 0 0 0 0 0 0 0 0 0 0 0 0 0 0 0 0 0 0 0 0 0 0 0 0 0
2.43966626384549 4.22330321296438 1.17043492548049 2.99776199884902 3.5585650587275 0.165598343811375 3.14384869757228 2.46227334462196 1.21720222489779 1.80812827436647 3.24001419085781 0.205558837390798 1.92062950912736 2.60405515984619 3.16807673017625 16.173020669346 0 0 0 0 0 0 0 0 0 0 0 0 0 0 0 0 0 0 0 0 0 0 0 0 0 0 0 0 0 0 0 0 0
3.37140098385593 1.56715062045913 0.188398087084642 0.411222610994531 5.96962358251287 0.525104773753934 1.54016041414246 1.63831637288102 2.22602747746929 3.30185049831532 1.35562888891825 9.52970719815143 1.81842972410557 1.91334060228633 0 0 0 0 0 0 0 0 0 0 0 0 0 0 0 0 0 0 0 0 0 0 0 0 0 0 0 0 0 0 0 0 0 0 0
3.65528850120725 6.1719001866066 3.79898139707071 0.779172539744136 3.9511890929493 1.81750825065208 2.44064929595473 0.0208627853792788 9.84510611600385 1.04455406070744 0.834246151537291 0.973321043556154 0 0 0 0 0 0 0 0 0 0 0 0 0 0 0 0 0 0 0 0 0 0 0 0 0 0 0 0 0 0 0 0 0 0 0 0 0
2.69876712357149 2.11066416532785 1.18884082004613 2.54628364986956 6.10808828055685 3.05375706071885 0.904159914591498 0.666583316022689 3.46591023080629 1.05169848238942 0 0 0 0 0 0 0 0 0 0 0 0 0 0 0 0 0 0 0 0 0 0 0 0 0 0 0 0 0 0 0 0 0 0 0 0 0 0 0
1.67886449846285 5.4732470517842 0.03748153487343 1.3010536039042 6.24803887221166 1.35576669429967 0.626979896464443 3.21182905644157 0 0 0 0 0 0 0 0 0 0 0 0 0 0 0 0 0 0 0 0 0 0 0 0 0 0 0 0 0 0 0 0 0 0 0 0 0 0 0 0 0
2.74868601779365 1.84346316838887 8.41762353150515 2.22677266413395 3.15539677658635 4.55030722470404 0 0 0 0 0 0 0 0 0 0 0 0 0 0 0 0 0 0 0 0 0 0 0 0 0 0 0 0 0 0 0 0 0 0 0 0 0 0 0 0 0 0 0
1.84963497152615 1.67368519697646 0.181677038044656 0.689564941217277 0 0 0 0 0 0 0 0 0 0 0 0 0 0 0 0 0 0 0 0 0 0 0 0 0 0 0 0 0 0 0 0 0 0 0 0 0 0 0 0 0 0 0 0 0
5.79743220448867 2.7476483532827 0 0 0 0 0 0 0 0 0 0 0 0 0 0 0 0 0 0 0 0 0 0 0 0 0 0 0 0 0 0 0 0 0 0 0 0 0 0 0 0 0 0 0 0 0 0 0
