0.0166920216755376 0 0 0 0 0 0 0 0 0 0 0 0 0 0 0 0 0 0 0 0 0 0 0 0 0 0 0 0 0 0 0 0 0 0 0 0 0 0 0 0 0 0 0 0 0 0 0 0
2.14347201168485 0.748098949451017 0 0 0 0 0 0 0 0 0 0 0 0 0 0 0 0 0 0 0 0 0 0 0 0 0 0 0 0 0 0 0 0 0 0 0 0 0 0 0 0 0 0 0 0 0 0 0
0.795601332365392 2.32910645484306 3.58005415095448 0 0 0 0 0 0 0 0 0 0 0 0 0 0 0 0 0 0 0 0 0 0 0 0 0 0 0 0 0 0 0 0 0 0 0 0 0 0 0 0 0 0 0 0 0 0
3.17845696761878 4.42507006588964 3.70530997047677 0.925756390870343 0 0 0 0 0 0 0 0 0 0 0 0 0 0 0 0 0 0 0 0 0 0 0 0 0 0 0 0 0 0 0 0 0 0 0 0 0 0 0 0 0 0 0 0 0
1.01977412409955 0.801393891953724 7.67145479606236 2.58846136752446 0.208736505472514 0 0 0 0 0 0 0 0 0 0 0 0 0 0 0 0 0 0 0 0 0 0 0 0 0 0 0 0 0 0 0 0 0 0 0 0 0 0 0 0 0 0 0 0
2.16835499393249 3.8452899693972 2.71335657776912 1.53952505794099 2.32734806366898 4.15515763725471 0 0 0 0 0 0 0 0 0 0 0 0 0 0 0 0 0 0 0 0 0 0 0 0 0 0 0 0 0 0 0 0 0 0 0 0 0 0 0 0 0 0 0
5.1075619278561 3.21205288025519 0.240683138702374 4.21912197585489 3.48833378026949 2.1890127542189 1.91068185786618 0 0 0 0 0 0 0 0 0 0 0 0 0 0 0 0 0 0 0 0 0 0 0 0 0 0 0 0 0 0 0 0 0 0 0 0 0 0 0 0 0 0
0.40390861503026 2.4446179549183 3.89999297352295 0.813918439234496 3.84910890373614 5.2539281554868 1.18241162569226 0.900201078432672 0 0 0 0 0 0 0 0 0 0 0 0 0 0 0 0 0 0 0 0 0 0 0 0 0 0 0 0 0 0 0 0 0 0 0 0 0 0 0 0 0
1.6500864723067 3.85475309560193 3.01923781988996 0.300641978106169 0.133548956972871 2.83893539916777 0.626159698925359 2.17611022804945 1.72348133028285 0 0 0 0 0 0 0 0 0 0 0 0 0 0 0 0 0 0 0 0 0 0 0 0 0 0 0 0 0 0 0 0 0 0 0 0 0 0 0 0
6.79266739016839 4.08663264560852 0.286080248637964 0.778127182224738 2.18718060936489 0.580860030366335 0.122865933929557 0.50285688217925 0.620787884042945 0.20729527156216 0 0 0 0 0 0 0 0 0 0 0 0 0 0 0 0 0 0 0 0 0 0 0 0 0 0 0 0 0 0 0 0 0 0 0 0 0 0 0
2.58682964418746 5.45563403135266 1.6917657433805 2.79089745020522 0.366260553395899 1.23103915291434 1.3574157582072 6.25683635395461 0.0484885476295107 1.26397728886859 3.92930800141647 0 0 0 0 0 0 0 0 0 0 0 0 0 0 0 0 0 0 0 0 0 0 0 0 0 0 0 0 0 0 0 0 0 0 0 0 0 0
1.08712515293815 0.695083105491438 5.82465149160952 2.94724045170296 2.45762412623726 3.85236822018096 0.795890976066938 1.37083006901742 2.18313114851847 5.92790776345212 2.02398923725964 2.29111266538529 0 0 0 0 0 0 0 0 0 0 0 0 0 0 0 0 0 0 0 0 0 0 0 0 0 0 0 0 0 0 0 0 0 0 0 0 0
0.227215693434698 0.622246757987014 4.47076661804654 0.743619569940129 3.37806566687787 4.71142886696681 1.40771489595534 0.159546383677862 7.08066115429605 0.35292504383367 3.75423917027509 4.06123129751904 5.51575734493574 0 0 0 0 0 0 0 0 0 0 0 0 0 0 0 0 0 0 0 0 0 0 0 0 0 0 0 0 0 0 0 0 0 0 0 0
7.67229373167396 0.657899175160415 2.82937043909915 8.03186683225352 10.0738496075291 8.63850759290199 2.25810277626474 1.35362170630277 0.107490853432331 1.32246617534055 1.69950678893247 1.46169208812093 1.00448980317573 0.597483333747285 0 0 0 0 0 0 0 0 0 0 0 0 0 0 0 0 0 0 0 0 0 0 0 0 0 0 0 0 0 0 0 0 0 0 0
1.55497392057746 1.00972139154099 0.0310106389333445 1.39415048402288 0.771613239715068 3.49262311754628 1.24697930510341 2.11128743928137 2.28235224679718 10.9462542073174 1.08394683646085 0.594503128179658 3.60138500607624 0.387778914912757 0.433975951982707 0 0 0 0 0 0 0 0 0 0 0 0 0 0 0 0 0 0 0 0 0 0 0 0 0 0 0 0 0 0 0 0 0 0
1.76152800946179 0.617064797421063 2.9273146418104 0.333580608933602 3.13993880412705 0.165277126124471 0.193399188487459 0.617689059403547 1.98693551053392 0.379349000611444 1.6312901685825 1.11058852956565 0.330430926443132 3.18645994548177 0.389453025424515 1.04689487335071 0 0 0 0 0 0 0 0 0 0 0 0 0 0 0 0 0 0 0 0 0 0 0 0 0 0 0 0 0 0 0 0 0
0.288761192157342 1.85788730697675 2.54078635581939 3.69471659719362 0.681923034003469 0.277182872171703 6.05304372503395 0.184577448119584 0.23212952065087 2.69457563646543 0.121775749246603 2.61655752003131 4.47592544046451 2.34299481013755 2.22201418747353 0.64985665728484 0.471379183841144 0 0 0 0 0 0 0 0 0 0 0 0 0 0 0 0 0 0 0 0 0 0 0 0 0 0 0 0 0 0 0 0
0.527494382958674 0.274106519653882 11.2127672359424 0.752268056257169 5.23408439188597 0.350156918387786 3.52180213801148 1.19631522148162 2.73971618429092 0.469879874169078 4.05975370025132 0.885033587064972 0.593104274646007 6.77060622195637 1.84144994533502 4.59958719409149 1.52084360862434 4.34886243614101 0 0 0 0 0 0 0 0 0 0 0 0 0 0 0 0 0 0 0 0 0 0 0 0 0 0 0 0 0 0 0
0.154642860084795 0.0184124135445807 3.13058645360343 0.460826285004756 8.99058036970376 1.40229815955279 1.52702844702364 0.169997834712318 3.81023131190733 0.594007765600284 3.58990363012796 0.508160107912497 0.941377378333385 1.42220377404035 1.10100738619603 4.03207401714608 0.822615948035974 0.695869027582238 0.296769660001057 0 0 0 0 0 0 0 0 0 0 0 0 0 0 0 0 0 0 0 0 0 0 0 0 0 0 0 0 0 0
12.2641089441483 0.0547269940909422 3.82331037311184 1.9700685082209 3.48269083080947 2.24208031923415 1.81967048191377 0.470518396207355 0.432273094256077 0.870460728564847 1.04912229956316 3.63004798311739 0.264688285168663 0.876164632155051 2.32180152398758 2.67178319479377 1.95668143695866 0.0123061442951373 1.26001755521848 5.76542265125143 0 0 0 0 0 0 0 0 0 0 0 0 0 0 0 0 0 0 0 0 0 0 0 0 0 0 0 0 0
0.625243020913134 0.54646109114382 3.14077458115268 5.48934692383042 2.68750405935748 3.1975552723857 0.616435292904409 0.413459199765824 0.481540232260621 0.250635877333497 2.55527822202768 3.05882462309134 1.11666689417594 0.628370005982662 3.94188977194236 1.68035904578697 1.15152044023708 2.00463783698428 5.80827240316276 7.62790615094557 0.147186120558951 0 0 0 0 0 0 0 0 0 0 0 0 0 0 0 0 0 0 0 0 0 0 0 0 0 0 0 0
0.857673605188571 0.39894045305405 0.731388693047318 2.2650680008305 1.98162450112877 0.458562639974596 1.12160227758711 8.81438993713566 1.53022038307469 0.983796770510496 0.623211120516142 1.71177308995242 1.42474898503111 1.34996680205505 1.21229233952578 2.03331382243468 0.521193844802999 3.00791093926822 4.91946375891063 0.441178012277448 0.872576881654209 3.21874492559683 0 0 0 0 0 0 0 0 0 0 0 0 0 0 0 0 0 0 0 0 0 0 0 0 0 0 0
1.64382529207389 2.5782244317012 0.282696082306638 3.37478043368108 0.347639372766752 4.68653148690689 0.609575852680608 5.73375445076816 2.8709974965082 0.280922698952384 0.847549008518163 0.240022610065794 1.48270999865314 0.51324340061459 0.265067425451577 0.612002026492902 7.67200112597745 1.59914278098639 2.49318373456553 0.78990919131305 1.44655368090111 0.753334696347723 1.25293734986193 0 0 0 0 0 0 0 0 0 0 0 0 0 0 0 0 0 0 0 0 0 0 0 0 0 0
1.41957967632131 1.36446394388121 0.0977935941953787 0.662027155698553 1.18993967893838 0.527943072395079 2.23715611279779 3.04041771427116 8.15978472957364 0.658037985060035 0.604762738129971 1.18157545682818 0.0637278437065441 1.63202582099273 1.72887457732721 0.331444668835591 0.890313878238897 3.97687302472931 3.63002368612582 0.517382702992573 2.72917410777176 0.149968912642564 2.2971025049926 4.67828368767518 0 0 0 0 0 0 0 0 0 0 0 0 0 0 0 0 0 0 0 0 0 0 0 0 0
0.623235441107018 3.75663269592875 0.31560609027267 1.36998794331569 6.75211624626078 3.86610483282382 3.88673931552308 0.532316244469412 0.576704492898172 0.961940927535232 7.24042405327713 0.802216436350342 4.91962550712041 0.350462929283374 1.7664606877014 0.321125627220824 0.738761071882753 3.06352638833478 0.60041407317409 8.49991364511794 6.90313478831279 0.999112979553435 1.5911966024529 2.91697931888851 0.343524184889465 0 0 0 0 0 0 0 0 0 0 0 0 0 0 0 0 0 0 0 0 0 0 0 0
2.84541268047672 0.991383385253017 3.4552012336963 6.61440699801917 5.64577376691916 2.05537973540627 0.942031974269219 2.17006171345134 3.05631798291064 1.48479711713394 0.261531210164091 5.64260833672415 2.54294188304381 11.0767031026967 6.93035146377102 1.70572732247721 0.0801824718538495 1.95234111156222 4.71465382642681 1.93716472839258 1.59173082369692 1.59043138263146 1.5774627830777 0.299894930919098 1.27503911066737 3.30167012665785 0 0 0 0 0 0 0 0 0 0 0 0 0 0 0 0 0 0 0 0 0 0 0
4.2979362159029 4.89829378901148 2.91271442894318 4.46657164061824 3.00447689572505 9.89963596291389 0.0598747777981439 0.461134096187834 4.9508796194239 1.68297652361725 0.445907636331078 4.31978967499707 2.02580664339039 7.96412847274505 0.531215820936001 5.70121687270252 0.249751677628996 3.47861092798397 3.71569670818038 2.90759157644891 5.43890373038115 5.74977709166238 0.285782411258431 2.12167621884932 0.559665901020982 1.50036803263979 0.247577471760913 0 0 0 0 0 0 0 0 0 0 0 0 0 0 0 0 0 0 0 0 0 0
0.455760828761975 4.16344535732222 3.98580620123377 2.75693724333184 5.1392821103021 0.803385055373432 1.56064836459998 3.59705045664982 2.41308440435612 1.36343010189673 0.0868488924763531 0.350836470276463 0.524003598416175 1.25909178138316 1.52430265560654 3.00814650224617 0.36879272245821 0.940748241650786 1.16493809678605 4.92173708688427 0.200929991353201 2.77962202194052 0.0560632093470851 2.4802479664736 2.24279566778448 0.00997603916860241 4.4360616721985 0.302539683152822 0 0 0 0 0 0 0 0 0 0 0 0 0 0 0 0 0 0 0 0 0
2.53016697554997 3.58601127240364 3.45789375427009 1.22151444060213 0.460562079864581 1.73380064430579 0.0245415847931897 0.911136725369467 2.00710702389439 0.906814742642666 7.60364979249962 2.60582957002395 0.300931059102031 0.165013174638974 1.3459131560556 2.58105251434808 0.923854573831317 0.262477473288874 6.6863485794018 0.812829111141994 1.04227952773249 0.394731259172586 4.53999362922476 1.46812635005915 0.141663701475861 2.58312896368541 3.54344400914363 1.93528914681495 2.90366306815169 0 0 0 0 0 0 0 0 0 0 0 0 0 0 0 0 0 0 0 0
3.26577861261312 5.98613674459695 3.22075151749635 0.390104334343765 4.92860979968768 3.988126274474 1.75948499186369 0.230506644306222 3.98057205717286 0.626251285417181 3.35938842826666 0.80498645769004 2.43012973314934 3.62147722484242 7.76126631989354 1.20768076563098 0.279546238094208 0.646509247154693 1.92514036054692 1.58423522958461 2.21159395840629 0.105097779683935 1.67223589090784 2.93883359640965 2.56377517458706 4.70956487640842 6.16998146799548 0.753711781672095 2.83961763468424 3.19230959472455 0 0 0 0 0 0 0 0 0 0 0 0 0 0 0 0 0 0 0
2.22393642472631 1.60206623370419 7.73993762021818 0.661163256936701 0.919732350103076 4.04181101036596 4.69626134359725 0.551186296761397 1.22969360400972 1.25301479255711 0.492836597484316 1.13574068331537 0.159991304704338 9.61224939811995 2.7460758505704 4.31737505149414 0.251430127736172 2.38164106992256 0.361773232255621 0.411227885984493 2.74607395190992 3.58562054849401 2.16867035571889 3.2770524473593 0.584242185933976 3.96679117672225 2.70369995303913 2.57248749695566 1.94929586076717 4.0255173915622 0.515241880338831 0 0 0 0 0 0 0 0 0 0 0 0 0 0 0 0 0 0
8.88398837529278 0.718437438667823 3.31962734118901 0.334667476749441 1.3285904984729 2.17100371020021 2.15815578010854 0.861239289015761 2.28507612700438 1.14986869454031 0.594398094304981 0.503555593901612 1.10477428980523 1.64761249423866 1.03734909674803 3.01991406935721 2.34000872203536 1.24754976586685 2.41055715788333 5.9370402980215 2.9963161770127 0.502484531487157 1.0035153635448 4.41225647282165 4.67686247491074 1.7427743490738 0.745393025603779 0.850827641679993 0.0985468281412426 2.00243254342046 2.2612782216562 0.834197106102621 0 0 0 0 0 0 0 0 0 0 0 0 0 0 0 0 0
0.213263303827777 0.773454064183799 9.28624704971404 1.1662083694205 0.439647045378109 0.138417752511306 4.3948366607945 0.612266045239363 1.08164395814985 4.41067415104002 2.18324725094134 1.44350687271379 1.41046444643966 3.36699042276035 0.490272905804501 1.03508778349825 0.144355684784865 2.26373094223107 2.3746959017596 4.41478454581444 3.01135027819319 0.0664179583381763 0.817898443405664 2.24625332790136 0.146891203913587 1.4246097176177 2.58029639978372 2.61758756613412 0.847853827639825 4.18632540494384 3.06387932564538 0.557388925723475 0.032171363596053 0 0 0 0 0 0 0 0 0 0 0 0 0 0 0 0
1.2569839026841 0.773133598133706 1.57019303968385 2.65048673838895 1.33034640309308 2.00612462014085 3.259250325175 1.9978887657718 4.43015192863604 0.0582254229563835 0.327882722142674 0.0617628841000275 0.0501225995952455 0.317694571253787 0.263548557624202 6.15443220561115 1.14859346558746 0.856727583331175 0.666282236575681 1.43433655964922 0.741529343591435 3.1999793413785 2.57386325483835 0.428974619671329 0.327554098127982 1.87180257368628 3.50532398109302 1.84799339775133 0.716507961434444 1.89012346610078 2.57294788978548 0.175161666072682 0 0 0 0 0 0 0 0 0 0 0 0 0 0 0 0 0
0.528165727023694 1.31612411771513 1.67711187607892 1.822073385213 3.9340514862501 7.08803843374059 0.466258954260366 5.22107142651419 0.898342339891543 2.13498258858981 0.902198547050231 2.22359352038899 1.36616269157644 0.912161661283467 0.0719374362715475 2.05832981285519 0.986531820980994 0.644913635483121 0.61079077435355 12.9765814760793 2.32422696906107 0.57592843127592 0.00324086506298169 5.98645925371747 1.53899851025954 3.76053970697075 0.717226981819888 1.11800385430831 0.498544057545138 2.75962128517039 0 0 0 0 0 0 0 0 0 0 0 0 0 0 0 0 0 0 0
6.4102614636805 2.1631274249169 4.0080435477198 2.63950120334849 0.683798843574238 0.263356051018032 4.80043371141056 2.46677269801075 5.27692256489566 2.29168563659749 0.670105996007384 0.178751002219452 0.232528703025301 0.0802586948502959 4.0762828058144 1.43418445863798 2.99205324120172 1.41911247522034 1.39645485101684 2.70836070489009 2.11953127314183 1.28178322705882 0.0244072513403494 0.56853246636705 2.116623993675 0.423847466241836 3.01595809883593 11.8227286216867 0 0 0 0 0 0 0 0 0 0 0 0 0 0 0 0 0 0 0 0 0
1.23854018682342 3.06422069755411 1.62396294630834 0.493234592298761 0.953083056279455 0.0671967726488254 0.23284541620066 0.513303979573611 0.730652279435911 0.69150629331623 1.65285525097608 0.735320688739005 1.10928868811077 0.737676066119838 4.18891512299296 6.89767352442753 0.639564591757785 7.85267759475015 0.20748758617837 1.34589920184393 0.744474200948975 3.62111472197025 0.837408983188 0.434769734475181 1.33891419199317 0.0535637568738712 0 0 0 0 0 0 0 0 0 0 0 0 0 0 0 0 0 0 0 0 0 0 0
1.69740576470867 2.530248670293 2.67542893912076 4.28477489972901 6.00262182817666 0.721882017911556 0.225986718315081 1.70348697014139 2.89225071178162 2.72051724461313 0.766624165431856 0.54097699774574 1.38955909793664 4.48247332111853 1.67331829812211 1.57665163272623 0.244432726941934 1.88513512335853 2.54800554677592 3.80719688037869 2.30308672368316 0.467378132430328 3.16423669051406 0.388670039962489 0 0 0 0 0 0 0 0 0 0 0 0 0 0 0 0 0 0 0 0 0 0 0 0 0
1.91587286353629 3.67016221679657 0.300429024962963 0.0375749173876159 3.0450948053794 3.33678303387972 0.497354018417087 0.697525482227954 0.605224006916474 1.93971914771013 0.0115657203918438 2.04174751388828 6.29208031812172 0.138345084360583 1.94778576074744 0.33850504722874 2.49190538608552 0.212876585698224 0.322703458944203 4.30740749242292 0.400486135833432 0.795221484915119 0 0 0 0 0 0 0 0 0 0 0 0 0 0 0 0 0 0 0 0 0 0 0 0 0 0 0
7.45593518535609 2.43628802104156 5.63358051687738 3.37273742221448 4.05847747478113 1.48463507630596 1.02723940579657 0.491965717384345 0.248407975641416 0.523466763600647 0.51199585814144 2.64862311950159 0.172946027205651 0.865375840237142 3.63419591430458 0.0537881798481803 0.438796120903758 4.65862029356356 0.74822052336788 1.64638946269943 0 0 0 0 0 0 0 0 0 0 0 0 0 0 0 0 0 0 0 0 0 0 0 0 0 0 0 0 0
1.28660879862113 2.08036426862446 0.632477875878547 1.90773335989596 1.87627779226815 0.763579596307268 1.60737347463875 0.424762597139741 1.57552980336997 0.0182271086730196 3.81363170638842 0.205492405947322 1.11627565871491 3.35067790694695 4.95403899351748 5.49000040239329 2.83642847195648 0.750012438305067 0 0 0 0 0 0 0 0 0 0 0 0 0 0 0 0 0 0 0 0 0 0 0 0 0 0 0 0 0 0 0
0.675479039017637 0.102399066457918 0.139913859002552 2.90062251127211 1.07743410514674 1.78489350319968 3.81294597788989 0.331403189988265 3.44598303737361 3.20968664537432 0.466017601183571 3.12962710443669 3.01113336646243 1.39357841172468 3.67087385856024 2.68992909984352 0 0 0 0 0 0 0 0 0 0 0 0 0 0 0 0 0 0 0 0 0 0 0 0 0 0 0 0 0 0 0 0 0
0.695208787218686 1.02742827531666 2.44293608417702 3.15865478245004 2.87254500078199 1.18610247259967 1.90747840063475 1.21724599227332 0.941652006702582 2.29902988307406 3.62804177652392 1.28742039626228 0.817167560936529 6.71223958383722 0 0 0 0 0 0 0 0 0 0 0 0 0 0 0 0 0 0 0 0 0 0 0 0 0 0 0 0 0 0 0 0 0 0 0
4.12281331289219 1.49504869662377 0.334561865673537 4.76854896314198 0.847970992159915 0.434124151956819 0.0755974936048054 0.41357053400393 3.0939134503627 1.64502420329934 2.39032026892534 0.0167433308496484 0 0 0 0 0 0 0 0 0 0 0 0 0 0 0 0 0 0 0 0 0 0 0 0 0 0 0 0 0 0 0 0 0 0 0 0 0
1.07795245965793 0.615564466078743 0.625364088443658 0.587572419986802 1.70543280111325 3.04277198984512 3.16616013044132 0.87729579119963 4.79005235469185 1.06631240596768 0 0 0 0 0 0 0 0 0 0 0 0 0 0 0 0 0 0 0 0 0 0 0 0 0 0 0 0 0 0 0 0 0 0 0 0 0 0 0
1.36567032739014 1.01977155735537 0.173819376480334 0.226915567358412 1.18147255557564 2.2712905714829 1.83421483483082 0.0930448875957351 0 0 0 0 0 0 0 0 0 0 0 0 0 0 0 0 0 0 0 0 0 0 0 0 0 0 0 0 0 0 0 0 0 0 0 0 0 0 0 0 0
0.00869558635819625 1.62257166633721 0.243172393510102 0.815113525170009 1.39913776762408 0.8238327171367 0 0 0 0 0 0 0 0 0 0 0 0 0 0 0 0 0 0 0 0 0 0 0 0 0 0 0 0 0 0 0 0 0 0 0 0 0 0 0 0 0 0 0
0.201957495622484 0.352642822992124 0.675039118538136 0.831152397146615 0 0 0 0 0 0 0 0 0 0 0 0 0 0 0 0 0 0 0 0 0 0 0 0 0 0 0 0 0 0 0 0 0 0 0 0 0 0 0 0 0 0 0 0 0
0.795291144366254 0.215492938485215 0 0 0 0 0 0 0 0 0 0 0 0 0 0 0 0 0 0 0 0 0 0 0 0 0 0 0 0 0 0 0 0 0 0 0 0 0 0 0 0 0 0 0 0 0 0 0
