1.43079588820034 0 0 0 0 0 0 0 0 0 0 0 0 0 0 0 0 0 0 0 0 0 0 0 0 0 0 0 0 0 0 0 0 0 0 0 0 0 0 0 0 0 0 0 0 0 0 0 0
2.40140613605288 1.66584919831836 0 0 0 0 0 0 0 0 0 0 0 0 0 0 0 0 0 0 0 0 0 0 0 0 0 0 0 0 0 0 0 0 0 0 0 0 0 0 0 0 0 0 0 0 0 0 0
3.47727776930588 2.69775091551771 2.33476963628375 0 0 0 0 0 0 0 0 0 0 0 0 0 0 0 0 0 0 0 0 0 0 0 0 0 0 0 0 0 0 0 0 0 0 0 0 0 0 0 0 0 0 0 0 0 0
2.94014229250895 3.37462936087505 3.77635220300204 6.95671661223555 0 0 0 0 0 0 0 0 0 0 0 0 0 0 0 0 0 0 0 0 0 0 0 0 0 0 0 0 0 0 0 0 0 0 0 0 0 0 0 0 0 0 0 0 0
2.51415037081376 0.77235993166187 7.3138782939907 5.31208484604859 2.57411019629934 0 0 0 0 0 0 0 0 0 0 0 0 0 0 0 0 0 0 0 0 0 0 0 0 0 0 0 0 0 0 0 0 0 0 0 0 0 0 0 0 0 0 0 0
4.13092910796402 1.61682490596345 1.79440773305153 0.313412827228193 7.87318281137818 2.82055678059347 0 0 0 0 0 0 0 0 0 0 0 0 0 0 0 0 0 0 0 0 0 0 0 0 0 0 0 0 0 0 0 0 0 0 0 0 0 0 0 0 0 0 0
2.21912914799816 0.599989895793918 0.679992494386874 12.4414395383279 0.445982230781589 1.67372359122276 2.70022660965425 0 0 0 0 0 0 0 0 0 0 0 0 0 0 0 0 0 0 0 0 0 0 0 0 0 0 0 0 0 0 0 0 0 0 0 0 0 0 0 0 0 0
0.141811915255573 0.824792917502444 2.94787666424494 4.18560572939558 5.03017649922947 1.2229003338562 7.42133351346221 0.880353906923667 0 0 0 0 0 0 0 0 0 0 0 0 0 0 0 0 0 0 0 0 0 0 0 0 0 0 0 0 0 0 0 0 0 0 0 0 0 0 0 0 0
0.277787706413592 7.54625954977302 6.33388180450395 1.16014637146805 4.75870074448104 0.892122398643495 0.299861634229202 4.16924610828349 1.06366385947904 0 0 0 0 0 0 0 0 0 0 0 0 0 0 0 0 0 0 0 0 0 0 0 0 0 0 0 0 0 0 0 0 0 0 0 0 0 0 0 0
4.89217476112128 0.360209979035554 0.010155817973104 7.18849449225129 5.07264167904374 0.484022238827457 2.03628471647734 2.09296118746645 1.05624729812521 1.08411069442248 0 0 0 0 0 0 0 0 0 0 0 0 0 0 0 0 0 0 0 0 0 0 0 0 0 0 0 0 0 0 0 0 0 0 0 0 0 0 0
0.217854337217063 4.11651458297735 0.0314397749013079 5.64626823795109 3.72341479487511 0.846972689670898 1.64238666222292 0.16849041154942 1.81360453096835 1.06802339817174 4.34154880919749 0 0 0 0 0 0 0 0 0 0 0 0 0 0 0 0 0 0 0 0 0 0 0 0 0 0 0 0 0 0 0 0 0 0 0 0 0 0
0.0289175418321285 4.27775227079265 2.6878968950281 2.27992637659893 5.24844347458606 1.53449446303339 0.503310951439536 2.02315918343661 5.00161863567381 0.221076554325498 7.42989390333936 0.623563733198482 0 0 0 0 0 0 0 0 0 0 0 0 0 0 0 0 0 0 0 0 0 0 0 0 0 0 0 0 0 0 0 0 0 0 0 0 0
1.07098968173884 4.89079946072838 2.50061065339683 5.85293202612917 9.49436626006024 6.33564537078987 3.56762217282848 1.31068519410728 5.27247040912005 0.793459771834199 1.99403062700521 1.30121758654188 1.529778990897 0 0 0 0 0 0 0 0 0 0 0 0 0 0 0 0 0 0 0 0 0 0 0 0 0 0 0 0 0 0 0 0 0 0 0 0
1.79214922473677 3.59529313571923 0.303020333525731 5.07098401758804 2.1167505756207 0.432911460170379 0.0714932018882835 1.53910367815184 3.29337714275677 2.00623937068759 8.72396366080698 0.214394115615653 0.117767275652919 5.82209659490989 0 0 0 0 0 0 0 0 0 0 0 0 0 0 0 0 0 0 0 0 0 0 0 0 0 0 0 0 0 0 0 0 0 0 0
0.839297079300131 0.600837264418271 4.04730978541331 5.44129823698144 7.69711760921523 2.38464417767921 2.44040902494163 6.61018497898256 5.54848865805577 6.08213483218145 6.37293347260761 4.27428086778711 0.210837741317455 3.87728439537578 3.24246768120082 0 0 0 0 0 0 0 0 0 0 0 0 0 0 0 0 0 0 0 0 0 0 0 0 0 0 0 0 0 0 0 0 0 0
1.8086278376353 2.43683027637739 1.03516464782179 2.72208981766317 5.97342210897498 2.58890421274659 3.89025727077119 1.88643084992143 0.383786777070252 4.91591822983033 2.34057644069181 2.14445068403527 2.79374167885546 3.02102998031699 5.81975277002797 0.772888219832645 0 0 0 0 0 0 0 0 0 0 0 0 0 0 0 0 0 0 0 0 0 0 0 0 0 0 0 0 0 0 0 0 0
5.56920702983961 4.87162660007655 0.340166884355416 2.12515321806515 0.455501605679589 10.5234872033552 0.0691767763529549 0.71493717538104 4.93170568606824 2.13242979290851 1.4840655239294 1.0190807227854 0.098517714650283 4.0546794381935 3.53914284725513 6.45685580185363 1.12509320809669 0 0 0 0 0 0 0 0 0 0 0 0 0 0 0 0 0 0 0 0 0 0 0 0 0 0 0 0 0 0 0 0
7.00944252707336 3.46452950033951 6.61080777582944 2.08538004718632 17.7598261160543 7.00131166011847 1.65968086979192 1.27871107645738 0.0229091737695381 5.39401617195864 5.21351648775675 5.08923012226125 5.1466117880282 1.42257819678171 1.44098462497544 3.77847196398154 0.36589461152527 6.70521280680516 0 0 0 0 0 0 0 0 0 0 0 0 0 0 0 0 0 0 0 0 0 0 0 0 0 0 0 0 0 0 0
0.58131758578813 3.49082864973714 2.70637689469724 5.23658945864327 5.62373259831213 4.4406564969592 0.501124736665958 6.96074174260454 2.93101382971499 4.23803350793816 2.52727934919566 1.72608061151039 3.89036271253983 2.36742599574639 3.23987469477544 1.97960374976081 6.32915607387288 2.47998519001019 6.75126698000089 0 0 0 0 0 0 0 0 0 0 0 0 0 0 0 0 0 0 0 0 0 0 0 0 0 0 0 0 0 0
10.8116868753411 3.4314041591946 4.93735808568707 4.45221435104443 1.57536168696284 8.08097585896822 2.02914682869982 8.2770981589639 2.7316248888062 0.536328430213839 1.48143147144996 4.14089518299958 0.84799347323539 1.93497338402372 0.193473350360662 1.2241035377235 3.9651234219141 2.7255598085672 0.506930431245972 0.707258216584348 0 0 0 0 0 0 0 0 0 0 0 0 0 0 0 0 0 0 0 0 0 0 0 0 0 0 0 0 0
0.224919577328627 8.2922773905805 3.51265051751614 9.32890083463966 5.95063809798697 5.40622953752293 4.52286599067319 4.15446352821648 1.18058131098495 3.38562151385644 4.99671643229076 2.22984386894827 0.202713286571441 7.31220963098189 0.835845608343974 1.77508151387301 6.70274829412418 0.116691952274653 3.09336703097006 0.252930725111595 3.2021498715973 0 0 0 0 0 0 0 0 0 0 0 0 0 0 0 0 0 0 0 0 0 0 0 0 0 0 0 0
3.21447842328815 1.7064925168073 0.562187363120956 1.2433518143815 7.85197356917368 6.41670402533925 1.30742375874936 2.27049263237562 0.311757587211042 6.6189481264998 4.4234816465858 1.74854476776778 9.67568392605571 3.9874320440141 3.63003609522796 2.53759287833045 3.2278953085054 7.09478116041839 5.9913583521107 0.424808539894236 10.3583319829313 1.28951954766368 0 0 0 0 0 0 0 0 0 0 0 0 0 0 0 0 0 0 0 0 0 0 0 0 0 0 0
4.13285747141315 3.35294410835078 6.15336863027644 2.27972264440703 6.54914502095785 7.61223840936682 0.148821974864452 2.45125722871174 0.706583469667563 0.841514502013214 0.903176375932047 4.96119146790558 0.323120753190884 2.32613052253382 0.106272963203692 0.0956642980978339 2.18402050930971 2.64788711331274 1.80730128515181 6.19018966916995 1.16931702101913 11.421743704463 2.04040172029336 0 0 0 0 0 0 0 0 0 0 0 0 0 0 0 0 0 0 0 0 0 0 0 0 0 0
2.3159242812535 5.2889328561756 0.871796010895277 7.00694348740543 3.39901981455915 1.75466145963101 4.47472422882226 3.89151102367312 3.80475951520091 4.0052847524132 8.95545335642047 4.14969704230195 2.4580021591011 15.3086827130051 1.5835345670527 2.01356601277857 4.87598455721155 3.08596098027341 6.49067127518044 0.305021552263087 6.45766408397218 2.44832924639794 3.18208981888406 1.93268343905662 0 0 0 0 0 0 0 0 0 0 0 0 0 0 0 0 0 0 0 0 0 0 0 0 0
2.56626950498694 4.0571000524191 4.62262841499525 8.91013885033001 5.78194326462285 5.72847869143053 8.50560474766681 3.75933114286541 1.68988408829111 7.0277756195426 2.39764338795592 0.519968901320771 0.299253058476248 9.45565787261184 0.904217678830767 1.77245321260309 1.91227190226789 10.3615365055096 2.82325250091837 0.892408331735301 2.02660213581116 9.66059799529956 7.98238802476812 0.352689947897755 0.281412208043371 0 0 0 0 0 0 0 0 0 0 0 0 0 0 0 0 0 0 0 0 0 0 0 0
0.238599229463922 1.35410254116913 3.07897998357748 5.53369959791815 5.09767774332204 2.49892250693967 1.8743080018724 7.28649939596357 0.962330721939509 0.709070548565408 0.113998787696456 6.25540408110912 1.32196201034767 1.30626034455229 2.57750129826475 0.294577702057981 7.92923090422492 3.02930169866488 0.141706120430872 12.6470046740767 3.60305374695478 3.59666380519602 3.68105552401263 0.857402289486098 4.31225569631631 5.22042289626065 0 0 0 0 0 0 0 0 0 0 0 0 0 0 0 0 0 0 0 0 0 0 0
6.1051108789376 1.90116003182388 0.116892174627448 7.3992745054802 8.01539838148534 2.57704097359772 1.86215673545207 4.02530773696127 4.00119168481765 3.49288738507489 10.0975008849666 2.43745698844881 2.29243002564946 10.9978686931373 0.829649460985334 3.88130719135068 0.832678817853304 4.3077891501789 7.96859208295942 2.32070905033968 3.73295402662901 5.75759715446846 6.72753915596079 2.87431527280678 1.83058610511776 4.94422643910053 4.4399380035432 0 0 0 0 0 0 0 0 0 0 0 0 0 0 0 0 0 0 0 0 0 0
5.82199224470543 3.41408707735105 0.356813910469841 4.26058106951122 5.09741621594432 4.92549462712006 9.30796758920748 1.40403956845127 3.29114460038552 13.1016635253732 1.33579813502484 3.88967618996022 3.61301724640031 8.48133296068717 2.84418881135545 0.511236842038472 2.10698950691696 5.28615490397639 5.16550760135143 2.68547950087339 1.23573610561285 1.4839624703972 3.71260850801009 0.825510575245457 4.39607665177906 1.77021935291623 0.912040974029862 2.43930793209957 0 0 0 0 0 0 0 0 0 0 0 0 0 0 0 0 0 0 0 0 0
2.35853688793338 1.07156132512467 0.742631209622341 7.22761227333738 3.72889665955767 4.79221494620257 3.4297923294227 0.490474391046718 0.141925806813421 4.27616174162256 2.02124840830132 2.06083559890391 1.75138370013527 4.17686712384918 5.81437752081205 0.595420048816059 2.91780008577998 6.84653080712749 0.685716673046389 1.53152723616051 3.05610040459784 6.6477028281179 5.65136049865091 3.95843295278498 2.05361922559094 7.58983332364141 1.76485656949249 5.09864902743296 4.13208733914317 0 0 0 0 0 0 0 0 0 0 0 0 0 0 0 0 0 0 0 0
0.656008644509795 0.859806811343548 1.63058844313142 7.69061273591895 4.35717921128166 0.992282697412045 5.10685374515407 2.11302753411475 2.42205441216732 6.81074107405745 0.629567750719609 1.7334202988704 8.75450696947921 4.49499346489934 9.30685316162356 0.491473749380097 1.80377701102786 8.97626370721435 3.15426421054064 1.86352312786471 2.25949504382891 4.58895735569739 4.16023684507666 0.749832008163005 6.09186727110057 0.840400983774811 1.48965578802851 5.99580447125324 0.422458474974669 1.16763096399095 0 0 0 0 0 0 0 0 0 0 0 0 0 0 0 0 0 0 0
3.95250553052527 0.205383948916245 1.17584617120252 9.21351796893517 1.71556882211517 0.0530529207566088 4.30738665434068 4.57315927741862 0.167576532190985 0.408233737809095 4.15129420641956 3.13016235674531 2.90985833878689 1.14045524615011 1.39935719299644 13.3824542095841 1.258544766619 9.87886153528288 0.836062290864667 3.29082971013118 2.10494626438061 12.7372822427888 2.60639717710025 1.78680176634819 1.62378578749218 4.69354286612688 2.51022410255495 5.097539043231 4.71767713222562 3.48061255201384 3.82204345245551 0 0 0 0 0 0 0 0 0 0 0 0 0 0 0 0 0 0
3.99691525885463 7.01249733776353 1.97560359669581 8.41063903416634 1.57914198020612 7.5002594352264 13.468498157674 1.10880990259536 4.74957115737624 8.56970758001236 8.80522632581492 0.722807672510517 6.96728248868888 4.88044805048509 8.62144645604072 2.05666747797963 0.8976124231232 3.46094240775304 7.08123558649824 2.73312787744131 4.50167856819019 1.86923099001363 5.58421775567546 4.45132627523543 5.69738638552555 3.2703636780232 7.95299720707504 8.34405888894455 3.01112702061773 5.76023144817214 2.71515199466366 1.8203289461749 0 0 0 0 0 0 0 0 0 0 0 0 0 0 0 0 0
0.957787183513786 0.0530967153844708 2.53343640269209 4.16237472396599 2.64665064316454 0.384960147060152 6.01505366433805 1.94564868811304 1.09710265417568 8.09391327939022 1.318157348454 4.315926284075 3.77250341755939 1.42037366086052 5.76387265283646 1.40915122271952 0.357137569454392 6.92683634663867 2.37898515457658 4.7913144889751 3.55334209226883 0.905202803786869 2.03917520359809 4.73463006335015 6.92652083098917 2.53347953344234 0.990902147233941 4.8436750209981 2.42947927368806 0.554870169353554 7.08722640485552 4.31285476980397 0.472125674687638 0 0 0 0 0 0 0 0 0 0 0 0 0 0 0 0
3.52822815430299 2.86008641054818 0.433745976908667 11.5341858412829 5.57481246098834 0.623462126894745 4.54097986849212 3.92963465900179 3.95750575293829 0.807540894829879 1.25219000743688 4.7623778624921 6.84695554502558 1.04745772951248 2.63279811166126 3.40847101089122 5.13112122778851 3.8820395539032 8.59623023848212 1.67927437278794 5.84815478819361 0.612031133838528 1.63783634382091 5.11599996404935 5.31557260487253 0.61820183572555 3.98790825771422 2.61184868206824 1.06555602130082 6.64695923738074 6.66721422489705 0.269980099646445 0 0 0 0 0 0 0 0 0 0 0 0 0 0 0 0 0
2.22170110493724 6.78681341009074 2.90438389003136 13.9899187313046 0.566496523500134 6.31503604288309 10.2694617042493 2.3708563437536 0.691220090574627 5.50920432679048 5.46226368688896 4.68857377692783 0.738148167906191 0.0631714825339225 2.26924628203379 5.65758532505864 2.05964300512565 6.77241090214405 1.24190116171353 3.29409840770589 2.07500239862402 7.60201205906434 0.358878656156696 5.01760453634955 4.78204803930179 3.86606576814145 9.87834385866242 6.61580611785719 2.7669587344718 2.84592819393902 0 0 0 0 0 0 0 0 0 0 0 0 0 0 0 0 0 0 0
0.550045127916356 0.729660529989519 2.92902019199206 3.14717751662083 3.07539702727332 1.00848820227857 5.80773583828256 0.633051842415604 16.9667945617893 1.90347261743524 5.88546320467533 0.274023041251375 2.88280209521434 1.12196634457577 0.978509613806958 0.520391767662588 0.0710062602028799 6.40623023571113 5.9128536917422 0.707336908598296 7.75248171120821 0.106072314079787 7.87189440331983 3.90978779520742 2.1320543621844 0.0189092392019631 1.8670236341793 2.27121058480987 0 0 0 0 0 0 0 0 0 0 0 0 0 0 0 0 0 0 0 0 0
9.51237339289655 1.79099092180952 4.61084884023917 7.99989552784176 1.34057847773002 8.42633708394591 1.343368296718 0.811562758761102 2.41874967041789 0.642989809871162 2.49175809933576 1.78456112373094 0.43375814651433 0.509081985978891 0.453070534105489 2.65007923698332 2.6189380895813 1.18917681899262 0.905778579294259 2.4070648677625 2.86281912973036 0.893957943761967 2.26429523620769 7.05742173295873 14.2169536908595 0.128918501774704 0 0 0 0 0 0 0 0 0 0 0 0 0 0 0 0 0 0 0 0 0 0 0
2.45511207953514 7.29910500840861 0.787376521460186 12.2728022404157 2.86289928711466 1.63506439149748 4.71988962055522 1.15063661925225 1.77450549566478 0.0201801305496231 5.5546783162209 0.121127366781937 3.26694143215492 0.446490407504061 6.91234860015719 6.86837204009153 2.14587862377215 5.1606940218615 2.61447249844457 1.87795271666137 4.43307248861724 1.87978959704332 1.74553332885275 2.99931538800408 0 0 0 0 0 0 0 0 0 0 0 0 0 0 0 0 0 0 0 0 0 0 0 0 0
1.96112851717095 3.45472582030509 0.317020385315419 4.94689635822323 4.22163890202375 0.168481747792014 0.816744103226628 10.2855957918413 3.6309913093824 1.63451467882928 2.54955971610764 2.57535921238505 5.33833298815709 0.750457858745119 0.242944024659536 4.80447396604197 0.115800447210683 1.46347014156101 0.784263995337215 1.8696622501682 4.38865051042351 1.44940196901521 0 0 0 0 0 0 0 0 0 0 0 0 0 0 0 0 0 0 0 0 0 0 0 0 0 0 0
0.535680001327337 1.22715406990205 6.49210958688125 5.03246474849306 3.00816132885655 3.19458022352521 3.8836887880146 1.95844546300439 0.583889395485675 2.1092045172711 6.25589029288084 1.36710825927688 2.30905839933091 2.37783314641902 7.35505923192527 0.294114700137341 7.80354588529072 7.99360949883623 3.82596583142781 3.04875766769562 0 0 0 0 0 0 0 0 0 0 0 0 0 0 0 0 0 0 0 0 0 0 0 0 0 0 0 0 0
2.95343071127298 5.10613790835199 0.783416772639233 4.61893536693528 3.69416132173984 10.1545314535723 0.413842469597739 7.03438605064555 1.29537424069997 0.335247923946264 4.0321261684456 3.14861056443042 1.30927885199037 2.60771820849911 1.35184047160434 3.77002340159537 1.71902788049171 5.43936452163494 0 0 0 0 0 0 0 0 0 0 0 0 0 0 0 0 0 0 0 0 0 0 0 0 0 0 0 0 0 0 0
1.21971532347735 5.01745703355354 0.927880662990523 3.71008063330075 9.35370308279587 3.28639356831645 3.61107663033277 3.38434580160979 7.8799517066835 0.0274572700042438 8.46578813897053 1.1963147720826 7.02622523721478 0.00738950661080674 2.81199124414801 2.48008306505505 0 0 0 0 0 0 0 0 0 0 0 0 0 0 0 0 0 0 0 0 0 0 0 0 0 0 0 0 0 0 0 0 0
2.14677149809683 0.838645686802508 0.527789623872194 10.0529731307504 0.657330696954171 3.65272974941991 3.0390357396189 0.0672934116270366 1.71364672575639 2.63545709335889 3.90875858061368 8.24525977842655 0.028729438341036 5.83566241883387 0 0 0 0 0 0 0 0 0 0 0 0 0 0 0 0 0 0 0 0 0 0 0 0 0 0 0 0 0 0 0 0 0 0 0
1.1664298674411 1.82196442459122 6.30201477068627 2.47888168274355 5.5350579718467 1.60401734142439 0.368728291024859 3.19220698766088 7.47355031010451 0.916005949054629 7.83134078843387 0.048448955295948 0 0 0 0 0 0 0 0 0 0 0 0 0 0 0 0 0 0 0 0 0 0 0 0 0 0 0 0 0 0 0 0 0 0 0 0 0
3.44631073261969 3.63868531269199 0.425803137250587 0.289199203451258 1.80604941051919 8.30454143193234 0.99506549681746 2.79692332863273 0.709861752024847 0.103273131690125 0 0 0 0 0 0 0 0 0 0 0 0 0 0 0 0 0 0 0 0 0 0 0 0 0 0 0 0 0 0 0 0 0 0 0 0 0 0 0
0.522708031719701 3.39547750741184 6.77890985420115 0.7778191551157 17.168129167312 3.19652994166379 3.13251626017078 4.65356318423388 0 0 0 0 0 0 0 0 0 0 0 0 0 0 0 0 0 0 0 0 0 0 0 0 0 0 0 0 0 0 0 0 0 0 0 0 0 0 0 0 0
1.98850162505105 2.1789057427763 3.98808040167996 8.5300957371396 0.336823229572986 15.2758554634758 0 0 0 0 0 0 0 0 0 0 0 0 0 0 0 0 0 0 0 0 0 0 0 0 0 0 0 0 0 0 0 0 0 0 0 0 0 0 0 0 0 0 0
2.69101691282547 0.188744335185306 4.55363560061552 0.367908407106735 0 0 0 0 0 0 0 0 0 0 0 0 0 0 0 0 0 0 0 0 0 0 0 0 0 0 0 0 0 0 0 0 0 0 0 0 0 0 0 0 0 0 0 0 0
0.50664263926887 2.26092582464372 0 0 0 0 0 0 0 0 0 0 0 0 0 0 0 0 0 0 0 0 0 0 0 0 0 0 0 0 0 0 0 0 0 0 0 0 0 0 0 0 0 0 0 0 0 0 0
