0.0696309519605435 0 0 0 0 0 0 0 0 0 0 0 0 0 0 0 0 0 0 0 0 0 0 0 0 0 0 0 0 0 0 0 0 0 0 0 0 0 0 0 0 0 0 0 0 0 0 0 0
2.06403975211406 0.319508299413902 0 0 0 0 0 0 0 0 0 0 0 0 0 0 0 0 0 0 0 0 0 0 0 0 0 0 0 0 0 0 0 0 0 0 0 0 0 0 0 0 0 0 0 0 0 0 0
1.20492994142489 1.97864629389472 1.11835442900958 0 0 0 0 0 0 0 0 0 0 0 0 0 0 0 0 0 0 0 0 0 0 0 0 0 0 0 0 0 0 0 0 0 0 0 0 0 0 0 0 0 0 0 0 0 0
0.329615258056889 0.311810574157571 4.28321870842217 0.972788174519616 0 0 0 0 0 0 0 0 0 0 0 0 0 0 0 0 0 0 0 0 0 0 0 0 0 0 0 0 0 0 0 0 0 0 0 0 0 0 0 0 0 0 0 0 0
0.680424289906666 0.918148371015364 1.19338704610869 1.32233085651164 2.59090928364678 0 0 0 0 0 0 0 0 0 0 0 0 0 0 0 0 0 0 0 0 0 0 0 0 0 0 0 0 0 0 0 0 0 0 0 0 0 0 0 0 0 0 0 0
3.86149605678263 1.47364316972065 9.82837185698667 0.514304302805874 3.3624340800325 7.61666728332595 0 0 0 0 0 0 0 0 0 0 0 0 0 0 0 0 0 0 0 0 0 0 0 0 0 0 0 0 0 0 0 0 0 0 0 0 0 0 0 0 0 0 0
0.23461966777329 3.17444730473578 7.41415235633279 3.65764066162753 1.25382561423417 2.5269453064526 1.11760957043296 0 0 0 0 0 0 0 0 0 0 0 0 0 0 0 0 0 0 0 0 0 0 0 0 0 0 0 0 0 0 0 0 0 0 0 0 0 0 0 0 0 0
0.364637253826459 0.405800614377859 6.92931004498793 0.822580363446525 0.327206607160283 6.47742334337841 6.28008933657066 1.66585503277459 0 0 0 0 0 0 0 0 0 0 0 0 0 0 0 0 0 0 0 0 0 0 0 0 0 0 0 0 0 0 0 0 0 0 0 0 0 0 0 0 0
2.23684905998013 4.58365446282191 4.12999416025182 2.68454578365622 5.12251204494326 2.29178524670056 4.51078893539381 3.18588188274139 2.41827772221989 0 0 0 0 0 0 0 0 0 0 0 0 0 0 0 0 0 0 0 0 0 0 0 0 0 0 0 0 0 0 0 0 0 0 0 0 0 0 0 0
2.08706082644954 1.2535644287672 5.61158356431143 7.07400206394482 3.74798968502535 15.3272215577922 4.69066732384487 0.681493536709661 5.84586870577458 0.0734578815222384 0 0 0 0 0 0 0 0 0 0 0 0 0 0 0 0 0 0 0 0 0 0 0 0 0 0 0 0 0 0 0 0 0 0 0 0 0 0 0
2.25176967227147 5.10813949047256 10.5225575326126 5.16532742041682 1.81221673477573 4.91053192282077 4.6080135043734 0.994949171099646 10.5765071246579 3.58352788171129 0.0195139182316573 0 0 0 0 0 0 0 0 0 0 0 0 0 0 0 0 0 0 0 0 0 0 0 0 0 0 0 0 0 0 0 0 0 0 0 0 0 0
0.241379323386878 2.82687781845095 2.96086578202422 0.512494275030693 1.09526275241016 5.34600477469541 7.32384862185373 7.23924986237712 3.10285599508845 11.1310883743243 5.89568857861664 1.03492376370193 0 0 0 0 0 0 0 0 0 0 0 0 0 0 0 0 0 0 0 0 0 0 0 0 0 0 0 0 0 0 0 0 0 0 0 0 0
2.90270324533629 1.61716864445067 3.8540603459884 3.62623106679003 1.4475523393112 14.7751805643409 1.00164660204841 0.298441071302385 5.93181592319215 0.388774973238367 7.52433425159616 2.52012748342627 2.06666008012835 0 0 0 0 0 0 0 0 0 0 0 0 0 0 0 0 0 0 0 0 0 0 0 0 0 0 0 0 0 0 0 0 0 0 0 0
1.75942672284554 7.48016652774932 4.07883858880002 5.65986999582378 0.402703399649627 8.75482463985518 4.03338462839781 9.65646980472036 3.03634755213689 10.4562974625949 2.06108190055138 1.29669869945082 5.61728808040558 1.38557816314555 0 0 0 0 0 0 0 0 0 0 0 0 0 0 0 0 0 0 0 0 0 0 0 0 0 0 0 0 0 0 0 0 0 0 0
0.777151838404294 1.06679594952628 3.68949705015155 1.94697985432569 7.35677760410104 1.08876513567607 0.119238267016365 4.70480739808687 0.349213457957892 0.695838175938443 6.31111448503415 0.479780237463497 0.223835679791333 8.65707176244877 2.47614699246839 0 0 0 0 0 0 0 0 0 0 0 0 0 0 0 0 0 0 0 0 0 0 0 0 0 0 0 0 0 0 0 0 0 0
6.20887508197889 0.16996989749288 2.68295027974515 2.64733862420004 0.267795144573416 22.7575977099799 3.34205763962422 0.812218696512485 0.227265369577021 4.78822113054384 9.84528719081863 10.6727295654965 6.39102043980144 9.14655633553534 0.682896588851868 2.06450564983798 0 0 0 0 0 0 0 0 0 0 0 0 0 0 0 0 0 0 0 0 0 0 0 0 0 0 0 0 0 0 0 0 0
1.21973858268986 4.53686110536515 5.05397760693149 2.58270420544337 5.41881440015727 1.63698251962177 1.45167809278991 5.08340140657531 4.59107475996047 14.9489396813584 3.93998464940993 6.69985617498309 6.25098759342465 6.75313409618049 4.34693480982463 15.1119166365214 4.95864513488707 0 0 0 0 0 0 0 0 0 0 0 0 0 0 0 0 0 0 0 0 0 0 0 0 0 0 0 0 0 0 0 0
6.0740368961294 0.028456076396815 3.27214160105025 0.899506831781233 2.6261661280565 1.46790082786244 0.829571721648286 3.20613081991053 0.0630678370117961 3.28698869552537 4.18254218765019 0.428232540287656 2.53636922627891 4.17136015492581 0.0785409059184271 4.60186846456738 2.72868414398925 0.441639591220951 0 0 0 0 0 0 0 0 0 0 0 0 0 0 0 0 0 0 0 0 0 0 0 0 0 0 0 0 0 0 0
3.82316923886133 0.677137487899302 7.61223761135588 1.21693370036032 0.821444717296977 0.760751214851699 4.07859389668922 0.908126944812285 5.61672543371957 5.36509642666946 3.49617530397303 3.15461544609311 8.06517839044138 5.20573924666412 0.113191850604812 6.9794881547287 1.4281237204651 12.018456214682 3.68409974265736 0 0 0 0 0 0 0 0 0 0 0 0 0 0 0 0 0 0 0 0 0 0 0 0 0 0 0 0 0 0
1.55572522922871 3.60899696210117 5.9154743822519 3.59790563117367 2.11273908556301 6.41531501332444 1.62066971076742 9.6931514559728 8.74309777401465 3.86136083631067 8.19600771622057 0.566120308008068 5.45972553052157 5.10226066729236 6.87833489621873 3.59626862857396 2.14974962611889 0.0975695654880214 1.9879686324184 10.0237746448136 0 0 0 0 0 0 0 0 0 0 0 0 0 0 0 0 0 0 0 0 0 0 0 0 0 0 0 0 0
0.0923447784607592 0.292116467473679 9.95050146166656 3.1828824633365 0.308882132580322 4.94631312890322 2.86912683784572 1.84449650031036 5.48277842603103 2.72739868445691 1.05548054512391 2.7445167576966 0.847108336630596 8.9776146602371 4.78677724333017 1.37496450309546 3.42438526564067 3.22713033260859 1.69675778451979 6.57445428232567 3.13171388982106 0 0 0 0 0 0 0 0 0 0 0 0 0 0 0 0 0 0 0 0 0 0 0 0 0 0 0 0
4.22882221205596 2.19540498809031 1.21545827684319 0.57024416609325 2.13607110101399 12.6309310410418 8.37532289847397 1.68983008822686 5.85970984216977 5.434579519818 13.3272270491141 7.74231855732232 7.14767596104181 6.06457336074259 1.66411171068641 17.2796449737191 13.0401523188059 6.36295745382071 6.61192129094224 6.82256279950979 1.77166494508532 3.27965903017159 0 0 0 0 0 0 0 0 0 0 0 0 0 0 0 0 0 0 0 0 0 0 0 0 0 0 0
1.09738947998197 0.591150334270311 1.45550698126143 0.535622599562097 4.22898528304486 1.62156442774624 2.06990256877695 9.02214919341185 0.271179170403415 2.61083919858705 4.55598949156029 2.58615114885092 0.436256146112092 7.17996190163931 1.8534679331769 1.88151891963587 0.577813667303522 2.50092977930583 1.58211184032162 5.12090302043068 4.0059275772371 3.43250425320817 1.35128223148049 0 0 0 0 0 0 0 0 0 0 0 0 0 0 0 0 0 0 0 0 0 0 0 0 0 0
1.96123079131557 5.94580490909313 0.954606472350927 6.99678127416227 0.529712848363172 9.3742692063277 2.93979772142463 1.27384682517271 2.82825674443194 6.83908408299951 0.414606493732837 1.22337204411925 0.334464611897609 2.31766367339516 0.910396900176625 6.87446526973125 6.59923279290599 6.77589358993035 2.09235456327908 4.95767307546092 3.38495278244295 4.31681409729752 4.97432724687938 8.00836994936935 0 0 0 0 0 0 0 0 0 0 0 0 0 0 0 0 0 0 0 0 0 0 0 0 0
0.123475918673722 1.18251936969046 5.34648071938619 1.02243172118653 2.90411426397189 1.46980200154505 0.712673932990189 0.606121611826679 1.10003728390546 0.584778593540408 0.17429953213299 2.98629758224492 2.17834886717299 1.50886218610017 2.70481543787474 0.264352598486663 5.67024235979941 1.05666787460642 4.21755447669916 0.411200667514349 1.71470486820204 0.817050188499518 6.06984047013377 0.245744825227382 5.92325930275133 0 0 0 0 0 0 0 0 0 0 0 0 0 0 0 0 0 0 0 0 0 0 0 0
0.313913204122584 3.75302832182787 12.7157915001809 6.25753508422879 1.31453409255736 1.32954158039396 1.04343890583997 3.76942288964995 2.03738622255729 2.49621985348911 3.09246488360677 1.63778828952424 6.18565681103383 7.66691145728677 0.149619449884885 7.34768608152894 1.62196389659937 1.8192007874619 1.55896033183601 6.99689504444947 0.252505460642905 3.97006135731001 1.01124448822736 3.53044895237975 0.397578380507101 1.89683864677613 0 0 0 0 0 0 0 0 0 0 0 0 0 0 0 0 0 0 0 0 0 0 0
2.55449094881015 3.20020324335838 4.45352789706569 2.83019241277146 2.59344999067792 16.6424562917204 4.05913882629401 5.81293368300224 8.08206884964656 4.45525361162496 2.59778211374695 7.59911430501501 3.05252704552296 6.77883554889284 5.89874331459756 6.17758382451155 9.35982654063295 2.83787722047687 6.19536884876269 2.22428519830433 3.82484835511241 12.9095032528826 5.37594135477711 3.50364958415965 1.49488011495352 2.56951685223997 3.66254580214851 0 0 0 0 0 0 0 0 0 0 0 0 0 0 0 0 0 0 0 0 0 0
3.65943080602318 3.92083859127945 10.9518963395155 3.51189731558355 0.829930744033802 7.85474310387623 0.100085244001035 4.09581960873962 2.87543052901759 0.985628777178198 14.8036708745801 6.02352982193583 6.37511307284911 10.950516038251 0.424750765987637 2.26055506632163 16.0052518132707 0.0856974668169629 4.7915677449679 10.9862166309521 3.43741326716516 3.52965979451079 1.39493414506715 11.9770360690708 2.36043845998144 0.628809666792331 8.13250902123181 3.68343713795671 0 0 0 0 0 0 0 0 0 0 0 0 0 0 0 0 0 0 0 0 0
0.765796285666694 0.923701723112266 6.09047643400164 0.903760932691579 4.34019924213386 4.56420919314469 3.71124754108138 5.11173400751808 3.70659025187593 4.47768554395354 1.61260376441127 5.94202591158802 3.37279357760143 3.92941968067338 4.55589536921999 6.35530741279418 4.99248280066309 0.387737814661123 4.26748527025219 1.66017460724513 0.431749966440144 13.4188720723566 0.715917320156135 1.83246057825734 3.8307849746939 1.18505247821685 8.00551476372678 3.3956855817008 1.53964920827217 0 0 0 0 0 0 0 0 0 0 0 0 0 0 0 0 0 0 0 0
1.34802021245296 0.623144269945846 2.90860434527482 3.57473173508411 2.4106451356027 2.54218482712809 4.62579517204762 3.84049690065779 5.00112223293986 3.94655248600234 8.97203753349906 1.86138531641015 1.4500402711124 6.91054765151909 2.97191203831722 3.71497743773907 1.59942181706005 4.34233780861047 1.3249590782109 7.59817585805059 7.21825068996428 2.69379507556808 4.26019956017591 1.47066780376164 0.456194001768641 5.67681319642436 3.33189710686213 7.35373207846116 5.77451976736549 0.70527622122907 0 0 0 0 0 0 0 0 0 0 0 0 0 0 0 0 0 0 0
4.73116779243403 0.236917362816476 7.74573047456226 3.39778661878731 1.03347211181315 7.38205918801812 1.79987167863667 3.50397286211415 6.03661095779895 6.36302566957303 5.3966004076258 2.21871881186062 1.69738912724051 4.73157407268131 8.80210350108535 5.44097252048744 4.98504867552038 2.37167660558096 7.60081570457668 4.98409914100542 2.34786459570124 12.0302684435378 0.386282053837514 1.86742148927945 4.24883146085677 3.89285493301191 2.96775501998163 12.2886751859708 0.116366127502201 8.49757797083562 2.6390344403859 0 0 0 0 0 0 0 0 0 0 0 0 0 0 0 0 0 0
3.42803452152165 1.4098806971405 1.75573414633901 1.1617763803566 3.70942722146793 7.94681234968902 8.92106770351205 0.580353323356914 6.62085343454368 3.60098289786328 1.62524004963425 5.67879737786052 8.83908443390676 4.5359780624148 4.38311611666827 7.32481853537808 4.4655099341182 10.9764140698058 8.26409524742954 2.36084484060572 1.35454400427178 14.4004889550341 0.272004335316621 2.78605779341491 1.18692436839306 9.98000359798602 6.34928844089638 7.67418457547579 6.24702904784518 0.528846694450704 13.3461112385257 2.88129593790079 0 0 0 0 0 0 0 0 0 0 0 0 0 0 0 0 0
0.721072061481931 6.67865676741101 1.36008673035579 2.83891405161158 2.25097229224771 14.0824836924572 0.413205324532837 6.77483362257701 2.52181936362481 4.86360714460292 7.80994313272887 1.14193605085843 1.35551966982514 3.69785662676589 1.20487415131059 16.6826778502728 2.85243190440093 2.73561202900477 3.65322817431589 3.77900025263048 2.63510132916776 9.5058432447864 7.02313886232087 0.769381404704536 2.17946122433794 4.24429685667081 2.0259788220712 6.61976955823186 7.21682436107618 7.35507284924904 1.93127161664967 7.29858080333225 2.09422621097237 0 0 0 0 0 0 0 0 0 0 0 0 0 0 0 0
2.5627097330416 0.0901812228680998 3.08220133064402 2.808760456414 2.57881347506192 3.02809325170403 0.486737205128521 5.46125446318997 1.82313518960681 1.87669164396368 8.93705653740733 6.11729211984992 3.72301324251324 7.36984560035649 1.31456287823575 0.543569622910656 3.27705490182956 4.99016093280874 2.47983593204197 0.747119342854387 7.86985873246303 1.92501068656413 0.0345941147926634 12.1785565832676 3.33295970052117 1.57418370565151 10.6320684518553 3.33236175148283 0.111308321064021 1.51412357995013 0.748079064277843 1.0689606677416 0 0 0 0 0 0 0 0 0 0 0 0 0 0 0 0 0
0.62810312925863 3.1223113478701 3.88228204498308 0.0408905339651924 0.356355379015939 5.6705075792896 3.9368404437928 2.0657678423779 8.79640391849658 2.85900504272175 2.02623409129749 0.677761454120715 0.51922313074406 4.2705175011222 0.728748023208878 10.4354752269417 3.14160783832581 2.10637279820922 5.56619290692464 1.82859097345666 1.25011366492711 3.74982183592322 4.84447562322689 0.150520669065384 0.149252106600281 1.94058516025418 8.70335109132148 1.46834674402957 9.77709459814513 1.4727989306977 0 0 0 0 0 0 0 0 0 0 0 0 0 0 0 0 0 0 0
3.02798023077027 3.8361687127739 6.44206862676485 2.41901123085177 11.6626364956 1.61600987014427 0.11239247169325 6.46875543993624 0.678321002484867 10.4297652048804 6.50039181599654 0.0032076031306744 8.292520521712 7.49767960033171 3.33850303351608 4.97936561089503 5.75575927597767 0.318378604937307 3.50963330040057 8.85435862138119 2.15911556253592 3.77971345886816 10.7283989794206 3.33086979261236 0.927776833676464 2.12945469280408 6.30749234813738 1.37566165807973 0 0 0 0 0 0 0 0 0 0 0 0 0 0 0 0 0 0 0 0 0
3.47086282945341 0.984551162758869 1.75061569880341 5.63052567935943 0.35600668973071 7.10792716741407 0.785126635133771 0.848730231068865 3.35180631296497 3.93881201602831 1.34986583620225 10.0070560900384 0.829784027107451 8.66749852331385 0.725029408834542 8.43254454970129 1.72583447579707 2.01901000369953 1.60621535312077 3.27442047226304 3.99701144878486 4.92816765475707 0.110556331242267 6.02544035567945 1.32873360957443 1.79308970275841 0 0 0 0 0 0 0 0 0 0 0 0 0 0 0 0 0 0 0 0 0 0 0
2.21127893984199 1.31058200246042 3.20568503867389 0.964162594080125 0.735401432306236 3.46002064842776 3.35186832159217 1.56423997521519 9.08804583406967 2.44831311504102 3.51175626051994 3.32078572414594 5.6684383102294 0.444941920235854 6.37630207795804 2.31513639125127 9.74175611523094 5.45307748663205 0.463949055938196 0.200274394418943 2.79383238158521 0.428668067530488 4.61273674051571 1.15961020418181 0 0 0 0 0 0 0 0 0 0 0 0 0 0 0 0 0 0 0 0 0 0 0 0 0
2.48022718738354 1.34369630583896 11.2018626479257 1.97846011161759 4.40605673261457 9.4268172936917 7.93212185050805 5.06534719847058 0.723563275347032 10.3529123838598 6.24511670798014 6.47622253708632 7.66179240163278 9.2951401551218 0.191821515329573 15.4649121867712 9.16631422756806 0.437511463125571 7.34850339939514 11.2601136885141 0.728285746674797 18.6940408377738 0 0 0 0 0 0 0 0 0 0 0 0 0 0 0 0 0 0 0 0 0 0 0 0 0 0 0
2.62695478054974 0.56819323692113 1.4501286554571 0.487715579340726 2.06403241739954 5.04133675619693 0.207978770300338 1.19865157364287 7.09276095449925 0.790559807502295 5.05030069227423 2.65958676941903 5.63603233924677 2.41361908208033 5.43777691028625 2.21893183194963 1.17134123914832 1.74901777236944 7.39511037734417 0.841737329604085 0 0 0 0 0 0 0 0 0 0 0 0 0 0 0 0 0 0 0 0 0 0 0 0 0 0 0 0 0
1.6184741828002 2.61442360103016 12.5295732552225 5.8024777753165 1.63087863033948 11.3832491754179 2.33783476946072 2.51366185804834 15.1070382386995 3.74555244164598 3.1622281166701 8.61909322181837 6.6879796830408 5.29991821437256 9.69923407976605 2.90349515261356 9.24281074557311 5.79190885110508 0 0 0 0 0 0 0 0 0 0 0 0 0 0 0 0 0 0 0 0 0 0 0 0 0 0 0 0 0 0 0
2.21157370185029 7.76586233546527 9.35278823124342 1.36600848487224 1.65848306232482 4.80077001756749 2.88555639256054 3.5913521150371 1.10837978193329 4.1469504925904 3.77571854400371 1.31298974309688 11.742083389941 11.6574487415683 1.99196447171118 7.39908181886765 0 0 0 0 0 0 0 0 0 0 0 0 0 0 0 0 0 0 0 0 0 0 0 0 0 0 0 0 0 0 0 0 0
3.86014442295514 7.39940571280072 0.775156205167718 3.39911041171689 0.975856739290502 10.2429406303282 6.81174650656285 3.64096401761913 7.33344522142253 0.621563361126659 8.75525399670138 4.50098689622983 1.27173181882598 1.19903629446635 0 0 0 0 0 0 0 0 0 0 0 0 0 0 0 0 0 0 0 0 0 0 0 0 0 0 0 0 0 0 0 0 0 0 0
0.0821088311038213 0.513215892815117 5.13504412182777 2.54399797002223 2.12365457015383 2.45786452661095 3.36063796337501 0.923593437243904 3.32233841894101 9.14192896703153 0.706129880100498 2.15543802627009 0 0 0 0 0 0 0 0 0 0 0 0 0 0 0 0 0 0 0 0 0 0 0 0 0 0 0 0 0 0 0 0 0 0 0 0 0
4.20032747615999 4.01420917023783 5.29336957287426 3.14975561537135 3.01390909707196 10.7166210757687 0.320765981123554 7.7051192829036 2.76902381943054 3.29736737585765 0 0 0 0 0 0 0 0 0 0 0 0 0 0 0 0 0 0 0 0 0 0 0 0 0 0 0 0 0 0 0 0 0 0 0 0 0 0 0
0.852727675063052 1.53479881258327 3.62414531849241 0.662165199837562 3.73427803389389 1.20641992015574 6.0044287932882 0.132736026954357 0 0 0 0 0 0 0 0 0 0 0 0 0 0 0 0 0 0 0 0 0 0 0 0 0 0 0 0 0 0 0 0 0 0 0 0 0 0 0 0 0
4.53624004518642 1.83751260058086 10.9969354785915 1.90305789125843 0.105037042369169 7.21264091657182 0 0 0 0 0 0 0 0 0 0 0 0 0 0 0 0 0 0 0 0 0 0 0 0 0 0 0 0 0 0 0 0 0 0 0 0 0 0 0 0 0 0 0
1.38401467194902 3.20518361438501 1.34505533302352 1.43211055589924 0 0 0 0 0 0 0 0 0 0 0 0 0 0 0 0 0 0 0 0 0 0 0 0 0 0 0 0 0 0 0 0 0 0 0 0 0 0 0 0 0 0 0 0 0
1.5836376469892 6.15312209039727 0 0 0 0 0 0 0 0 0 0 0 0 0 0 0 0 0 0 0 0 0 0 0 0 0 0 0 0 0 0 0 0 0 0 0 0 0 0 0 0 0 0 0 0 0 0 0
