0.345401699572495 0 0 0 0 0 0 0 0 0 0 0 0 0 0 0 0 0 0 0 0 0 0 0 0 0 0 0 0 0 0 0 0 0 0 0 0 0 0 0 0 0 0 0 0 0 0 0 0
2.21745576174999 1.97447016243641 0 0 0 0 0 0 0 0 0 0 0 0 0 0 0 0 0 0 0 0 0 0 0 0 0 0 0 0 0 0 0 0 0 0 0 0 0 0 0 0 0 0 0 0 0 0 0
3.72670975827472 2.65934880435905 3.37384958576248 0 0 0 0 0 0 0 0 0 0 0 0 0 0 0 0 0 0 0 0 0 0 0 0 0 0 0 0 0 0 0 0 0 0 0 0 0 0 0 0 0 0 0 0 0 0
5.84274622032435 1.01491261038767 13.0511873083383 2.46282010430594 0 0 0 0 0 0 0 0 0 0 0 0 0 0 0 0 0 0 0 0 0 0 0 0 0 0 0 0 0 0 0 0 0 0 0 0 0 0 0 0 0 0 0 0 0
3.8946850724541 1.30629305085388 1.99777663677752 13.4068731532394 1.98611949907768 0 0 0 0 0 0 0 0 0 0 0 0 0 0 0 0 0 0 0 0 0 0 0 0 0 0 0 0 0 0 0 0 0 0 0 0 0 0 0 0 0 0 0 0
7.39426225559783 2.31348613239019 9.43250575611692 1.50189623172257 3.86062206234579 0.930261776482883 0 0 0 0 0 0 0 0 0 0 0 0 0 0 0 0 0 0 0 0 0 0 0 0 0 0 0 0 0 0 0 0 0 0 0 0 0 0 0 0 0 0 0
0.336345856243564 0.240262533756453 6.33761853590945 7.44407261791796 1.55097487809628 3.50867166683481 1.2361092134127 0 0 0 0 0 0 0 0 0 0 0 0 0 0 0 0 0 0 0 0 0 0 0 0 0 0 0 0 0 0 0 0 0 0 0 0 0 0 0 0 0 0
0.537879395967402 1.5118722854124 5.55840581190389 1.4449020037747 2.17076121278635 7.82885027748653 4.40525424366116 0.158385757096881 0 0 0 0 0 0 0 0 0 0 0 0 0 0 0 0 0 0 0 0 0 0 0 0 0 0 0 0 0 0 0 0 0 0 0 0 0 0 0 0 0
7.09499030111951 4.32305499763561 7.94273806075559 3.51167687067699 9.3075844929579 3.80944586668482 0.081505919654435 4.30363427517006 5.5200663160044 0 0 0 0 0 0 0 0 0 0 0 0 0 0 0 0 0 0 0 0 0 0 0 0 0 0 0 0 0 0 0 0 0 0 0 0 0 0 0 0
6.74989913220193 3.65772730588862 10.1703081533678 10.0293209860505 4.38340983043501 4.24173382341405 3.74912749927996 0.19072978918312 2.50286024774993 7.54528890944903 0 0 0 0 0 0 0 0 0 0 0 0 0 0 0 0 0 0 0 0 0 0 0 0 0 0 0 0 0 0 0 0 0 0 0 0 0 0 0
3.15985436769459 3.13939472263927 8.14578749848313 8.99522875756082 1.15844841929161 2.78044562108942 0.841142745465111 7.61290895083102 10.0234435711858 0.541685392755687 2.66904297236684 0 0 0 0 0 0 0 0 0 0 0 0 0 0 0 0 0 0 0 0 0 0 0 0 0 0 0 0 0 0 0 0 0 0 0 0 0 0
5.17244360106548 3.6740260824836 6.76504042424507 2.38953884773312 9.95341149577669 1.90466647556151 3.35039381053311 4.55029934629773 0.737788993455719 3.45083940049859 10.8640906711408 4.08233392004199 0 0 0 0 0 0 0 0 0 0 0 0 0 0 0 0 0 0 0 0 0 0 0 0 0 0 0 0 0 0 0 0 0 0 0 0 0
5.01460022761387 3.18823509270993 1.26379813338364 12.9945786363009 6.1587991810256 4.55765156669444 1.19468311177766 1.05019825488579 3.23851125754074 11.1697905899395 4.0437890512271 3.15278611777745 1.45277994977719 0 0 0 0 0 0 0 0 0 0 0 0 0 0 0 0 0 0 0 0 0 0 0 0 0 0 0 0 0 0 0 0 0 0 0 0
3.59183573601437 5.07604194011924 15.3142182773768 1.26659909722485 5.14256083214636 9.48640430750109 4.0835015924418 0.200485535088496 7.59430424512694 10.2027093767795 8.23023827906244 1.61858673263442 4.52228095810849 3.33685844196153 0 0 0 0 0 0 0 0 0 0 0 0 0 0 0 0 0 0 0 0 0 0 0 0 0 0 0 0 0 0 0 0 0 0 0
0.608156582869792 9.87957791152585 0.541397419639086 0.3121198111602 3.64574468903883 0.144444241993235 0.258265906695068 3.34482384140271 0.037087707377726 10.0843004443825 4.2364672372558 4.81985509833825 1.24031362281819 8.90609576935755 6.99269803906941 0 0 0 0 0 0 0 0 0 0 0 0 0 0 0 0 0 0 0 0 0 0 0 0 0 0 0 0 0 0 0 0 0 0
0.0430016651617067 1.8452303898232 2.38047853094519 3.93477604247221 0.737062916420259 5.55952257104884 2.7580368145609 1.73611564355995 7.94880334533496 2.97162321019819 1.73605355709391 0.135166423884735 3.73280963044014 2.70691948296446 6.94137663617322 5.12449195963024 0 0 0 0 0 0 0 0 0 0 0 0 0 0 0 0 0 0 0 0 0 0 0 0 0 0 0 0 0 0 0 0 0
3.82536613133873 1.87623698086097 5.24995995524124 4.52194199285335 23.6543897916728 4.28655627671675 6.46705738824332 3.09263186479421 2.55392334177707 2.73454223883108 6.94155470711234 2.53399986893817 0.349071200358925 5.68382003053212 6.15446260779858 6.96473669211966 3.03765746797829 0 0 0 0 0 0 0 0 0 0 0 0 0 0 0 0 0 0 0 0 0 0 0 0 0 0 0 0 0 0 0 0
4.16648889263508 0.421832529693906 3.94817494573367 6.40631873963833 24.6025141492918 0.241070552973986 0.2183564611569 0.485333233307106 5.06697943784201 3.45657204372157 1.79566231560508 0.275675653879695 1.54791011074102 1.319815102024 1.40297337718223 1.01815648058719 11.8886247642326 1.60391030638639 0 0 0 0 0 0 0 0 0 0 0 0 0 0 0 0 0 0 0 0 0 0 0 0 0 0 0 0 0 0 0
4.33892984565418 2.91761386898573 5.0720377980155 7.36728612373368 9.7195600290146 3.42519398413251 0.713774391623612 3.72717066376651 4.63292078705163 0.910519917099429 0.127356594240704 5.84200759765719 0.412882793167469 12.1207300911855 2.94487270428278 3.89826389434214 3.8959154292246 6.24977555734062 0.856297020271596 0 0 0 0 0 0 0 0 0 0 0 0 0 0 0 0 0 0 0 0 0 0 0 0 0 0 0 0 0 0
1.32480719756389 0.112597134733451 8.76904610836918 0.64612985289711 1.43998974312244 0.985891708154323 4.13161259841945 1.37005815837057 3.70068631102497 2.62862527140784 1.5647768438058 3.59743957436061 8.90797301307191 0.116400571715789 2.22152167124378 0.128785520418454 0.818936227982264 3.92266226041952 1.05026517951636 5.52791024319688 0 0 0 0 0 0 0 0 0 0 0 0 0 0 0 0 0 0 0 0 0 0 0 0 0 0 0 0 0
3.28196828797576 4.38305587000906 1.4791190594447 2.43965383440715 0.461736232434375 3.52079489231145 1.8686838623715 1.40679692969852 1.29940754275709 6.1367923723698 1.3733783799541 1.74384458339212 1.04550340996848 4.95333072801024 2.48410974425339 3.95438727493973 6.56285608237842 8.14659302246792 1.27827222883953 0.12242567953364 5.04516045977755 0 0 0 0 0 0 0 0 0 0 0 0 0 0 0 0 0 0 0 0 0 0 0 0 0 0 0 0
8.14147250978695 0.681314323455706 1.3036631835709 0.812197754972824 4.87686489452662 0.210081704130448 2.23095273929672 0.463016109003469 13.459880436998 0.391955853565848 5.45487511727491 3.12347935948939 8.45801254720645 1.11808893780878 0.554381241823219 3.51059297187931 0.362513948883839 11.015359341666 3.72586425366078 0.279517662357548 1.28595883252279 4.90026899841763 0 0 0 0 0 0 0 0 0 0 0 0 0 0 0 0 0 0 0 0 0 0 0 0 0 0 0
7.0854511807174 2.65867003584557 2.28673540953379 9.0888449772213 16.2363801852227 2.35999054586469 1.40413213984775 1.10061258099436 0.0666504342221702 10.5901904564505 4.42208563021223 5.74938705530299 1.233066901505 10.0400039167874 0.749573414556986 0.639497365198237 9.84629718404793 13.2698849654549 2.7010400134729 3.56400098560235 2.74413244836793 5.69705297713174 4.70476733513919 0 0 0 0 0 0 0 0 0 0 0 0 0 0 0 0 0 0 0 0 0 0 0 0 0 0
2.77478814381601 7.55456775490098 5.10221276420371 4.0332420234728 1.56393311520796 3.05295582797514 1.72864792611094 3.82513084316979 7.22739567093424 0.0137922166453073 2.65381713779289 1.89914783132479 10.1292334007891 1.19436100392347 5.07239769447338 1.20737096113951 5.7163683882596 5.42239040076156 0.25894730943949 0.112557255038589 0.245188127100288 2.65387261162072 0.726636832006437 4.6814379633647 0 0 0 0 0 0 0 0 0 0 0 0 0 0 0 0 0 0 0 0 0 0 0 0 0
1.465059822467 8.56920323715016 1.77351285087841 10.6797046532498 0.856043675968067 5.99159608843282 1.73186232273392 3.78777215663089 3.90585318042614 1.60258200918835 2.57865617086522 0.628185917881248 3.12389955260333 7.73311063084697 2.3288394015467 5.31360121769513 1.22828604463786 0.269614148090134 2.9794959679401 1.90111143678221 1.6168570745129 0.895158990530596 0.9165036110314 1.67997184230333 1.68442301278515 0 0 0 0 0 0 0 0 0 0 0 0 0 0 0 0 0 0 0 0 0 0 0 0
0.831331552722878 8.93496882302103 4.92649022294397 3.74035151754258 2.76441396717114 4.82350592394166 0.0292399084584148 4.75474186977402 6.04281732803993 2.23945670780997 2.64337199939349 1.179445559416 7.43166468576083 4.11915178701304 3.84299465895327 4.07686789499913 1.55112972511797 2.06246895681681 5.75346989434001 0.403870203749913 9.32541831530195 2.3947802819005 1.59717516015474 2.12909195192465 1.4187641223785 1.87593216859534 0 0 0 0 0 0 0 0 0 0 0 0 0 0 0 0 0 0 0 0 0 0 0
3.07942570876324 2.70925571786236 0.025648819742977 3.1353789771481 2.88832631477893 2.52532637173356 4.06257643232051 6.81862945892883 0.375714664240172 10.0483128321681 2.30330044279503 4.89750320121491 6.25186821823677 4.98457482855289 2.33201295122056 0.895096214068267 3.9099967360351 9.11415791505631 5.20174709839936 3.48712083428475 6.54777236273829 0.692513687006604 9.68452866871139 0.610862462793625 1.81369097373018 7.29878019594095 3.71508850697345 0 0 0 0 0 0 0 0 0 0 0 0 0 0 0 0 0 0 0 0 0 0
0.395445686115574 6.64787924790909 9.67678350296179 4.02203640101728 0.997464242282407 5.69351232674817 1.32815793293387 2.26719125283873 4.10212329600026 1.41291131647803 6.33804488254788 4.47055843195937 2.75247454016742 3.20231475941085 0.253576196668429 4.86620820283763 0.971849403348216 4.16986405788704 3.56902958491929 2.27357381495031 3.27570868472809 3.55414052379043 0.275405261960236 1.41512093469738 7.61569577349422 4.22318431811321 1.55695517969072 3.02737509507198 0 0 0 0 0 0 0 0 0 0 0 0 0 0 0 0 0 0 0 0 0
0.105836205448661 5.37401224892504 1.79157951149883 0.399584387466077 2.87973414662316 0.236817035186395 1.09354688360234 0.814138414986256 1.42443109850112 5.00570647120912 0.460186186611358 1.55734235763385 3.32973277097408 0.146639339189656 0.454963323877663 3.04270138866533 0.968038294273425 0.62508458273734 0.513721320839073 0.571980358764938 2.48091387248552 0.0739251581046963 3.11236914941984 2.76195707723799 5.29229584377368 7.38034315107859 10.9682512472069 0.951660957496472 2.963860040717 0 0 0 0 0 0 0 0 0 0 0 0 0 0 0 0 0 0 0 0
3.23383653182043 8.6533029367607 7.63808947843255 3.84441013359844 8.31129318620697 3.66821654187747 2.19023145476913 5.8603188203549 3.20809309275542 5.27498561255207 3.66793336137538 8.56119897362138 1.1470104442684 5.21492524134816 3.83241559964644 0.771768743067941 2.24036592029135 1.39532711327554 2.64305457500491 3.30168201290732 3.40623844940202 0.356061036020218 3.45705155300257 7.98599283093606 3.99796596688087 5.30783497318941 7.00160357933828 8.12618810394241 1.07710624141173 7.29837567627385 0 0 0 0 0 0 0 0 0 0 0 0 0 0 0 0 0 0 0
0.270921757771874 1.12625253478477 2.30520239105837 1.38742579720889 1.66794215591429 13.3729237307064 0.0601247083457976 2.54803154859851 2.28157482992834 5.90801427637994 4.30450804258814 0.628376851218102 0.97669394308444 2.64416739894236 2.2590437626972 4.03233312228773 0.300540764519104 0.912911292154129 10.2019705166713 1.30033352456281 1.20744629146896 0.964305096862654 6.85952402751519 3.31933340466291 2.90822188489012 0.0361838427941921 0.860622514174464 0.953265200161926 0.00360785552802264 3.93172283039587 1.43961897639481 0 0 0 0 0 0 0 0 0 0 0 0 0 0 0 0 0 0
0.839482146732837 2.06625862579657 2.45765819074554 1.42096511460175 0.275562268099537 0.598892229582011 0.880371333153793 2.31173031560676 2.45566019813777 2.67961085514721 1.22183360814093 7.59905090203505 5.29373020295549 4.45893968669367 4.55883904285984 2.38742558750986 2.3510069194112 3.2775878347838 2.46069138851508 5.65899633525063 2.01166373372074 2.91758963360779 2.35461747934463 0.149404155473644 2.47488702625764 3.5027193082829 3.4026210764393 4.81695559455973 5.81754497542187 6.34440121526946 8.97866976694159 0.98902072506389 0 0 0 0 0 0 0 0 0 0 0 0 0 0 0 0 0
0.41414074727385 1.01082273196632 2.47727817703144 6.51773056535456 10.0579879598504 1.12877692011317 1.28937518542902 5.74103045922043 2.70068569983709 2.67916337417616 0.652281877307584 6.45103516893335 4.01928225844667 2.17988224827236 0.532753177246864 3.16350239887537 2.56937432153279 4.9497875669753 0.741799319464849 2.00843931248119 2.87940083043337 4.94331359328813 6.37541629434045 3.92055935678887 12.2506707913401 8.24113967793609 10.9849759100308 5.20527081490511 4.34445627293739 4.83421291963289 7.15504272877532 5.47692612043322 0.125222816711999 0 0 0 0 0 0 0 0 0 0 0 0 0 0 0 0
0.153240455242142 2.45735095886572 4.38601236222127 3.05387266198596 3.71806781759218 3.09749169230109 3.7029266584104 2.03502346376217 1.73848594114471 1.48234672647646 0.334910449982317 0.105929086693084 1.40041302511173 3.1236207714389 1.62543478661711 5.90296533807716 0.0641463491014904 0.646381493127918 0.646807303387141 0.745108132587722 3.94113911899413 0.0203322501210788 1.98955561585046 1.0775192191269 3.67363572958106 1.4220153368138 2.47506886970221 0.924413109242589 1.57903890258823 0.647551796705882 0.670439295712934 1.01562908155151 0 0 0 0 0 0 0 0 0 0 0 0 0 0 0 0 0
0.40366808617395 4.78915519763668 0.0365472941405084 15.3469102552676 4.40983152496427 5.64276552954965 1.0956221335005 2.2860922456022 4.76152533294203 2.50049821977407 11.2576313410396 4.78861493839191 4.0644025429098 1.04473413389517 5.20950998365036 1.70620826556693 2.28172438174453 5.91898286975844 0.133681465980172 7.47061268415447 2.04279937347694 3.06514266956192 10.0869930760341 5.31683283676711 0.603432568506296 8.50662131632173 10.0787304209797 11.6477234441341 0.834112796108613 5.28141826716316 0 0 0 0 0 0 0 0 0 0 0 0 0 0 0 0 0 0 0
4.62445019730721 1.53220350269869 4.90094654693095 6.56016770988625 2.62900464893126 1.35919813620902 1.71935589067241 2.41453202985836 7.97254503655051 2.17478222718691 6.51944842385266 5.38336017144576 2.21777391586757 9.6791252128728 0.647047233705921 3.77802995343856 4.40451026889305 1.52289593067379 1.90321241570205 4.51004247606255 3.0840817910796 0.433561635764993 1.21585343695953 2.89052259962148 5.37881510496298 2.57701812686308 4.10229123484146 0.104778223902752 0 0 0 0 0 0 0 0 0 0 0 0 0 0 0 0 0 0 0 0 0
0.61365569386762 3.81192886407254 3.60067115225019 1.51320281601765 6.18110032189066 1.95725554000893 2.97438015884856 4.76734399911594 1.52698109583059 4.01739086598074 4.8904074881275 0.945907140229766 3.22797865259769 0.230035285759864 2.43340685306066 0.782745999486881 2.31158424900441 8.26500964671496 4.27241952611711 0.76059109129044 0.216066617659369 6.39693222988633 8.43619381668485 4.39755223811773 3.82815977291301 1.25360552089486 0 0 0 0 0 0 0 0 0 0 0 0 0 0 0 0 0 0 0 0 0 0 0
0.479028891089038 1.97909729222182 7.92401378761064 4.78308778900138 2.64814404338647 3.54679088700527 0.0414928048372399 4.03583094457791 1.51271941497323 0.799414076462228 0.0965596308411138 13.3973337081281 0.722211453328159 1.8494887566964 5.43633057640256 4.31178323368235 6.87512013624884 8.38418252975695 0.740197478522292 3.13283055805616 0.48282478945955 1.93086387399913 3.75657711526307 3.32528060550448 0 0 0 0 0 0 0 0 0 0 0 0 0 0 0 0 0 0 0 0 0 0 0 0 0
3.97356107161533 4.89873153578575 3.83427767797264 3.85841135275966 8.01054716719857 5.1428404449695 4.8442239424299 10.34824197935 1.55824782745323 1.34958285137021 10.554652127868 0.552967852769896 2.77934733115285 3.58621102348522 7.55034608818525 2.45616453447893 3.44916240003002 2.30596629621657 3.99971927218124 6.79461873869278 1.15572436830423 4.70256684469945 0 0 0 0 0 0 0 0 0 0 0 0 0 0 0 0 0 0 0 0 0 0 0 0 0 0 0
4.14249670953552 4.81117342715551 1.5142965622516 3.04158210120217 8.81741672984175 3.81270343509662 0.166771975697241 2.35482655497314 1.69930337848307 14.5530858760088 0.22255564067568 1.27353857538447 6.35712322992204 1.78943666040394 3.72982012995856 3.49326750293463 4.86417698088853 1.11368162712194 3.01081309352499 1.61056085995367 0 0 0 0 0 0 0 0 0 0 0 0 0 0 0 0 0 0 0 0 0 0 0 0 0 0 0 0 0
1.839134730256 2.44631610294221 2.19694777085688 7.55337897067873 5.18380786783217 5.277458594469 2.05736252577958 0.258604901987274 2.51829590234378 0.168285651867744 0.088806366752426 2.96129080160844 1.55563422197189 4.13228312955125 1.24732605593905 0.344923851101174 12.5354168658095 8.89331767586115 0 0 0 0 0 0 0 0 0 0 0 0 0 0 0 0 0 0 0 0 0 0 0 0 0 0 0 0 0 0 0
0.247332901275462 0.739868964456311 1.15495487039393 0.62970280953114 2.96375939584782 0.457905737434947 1.91487592688424 0.559413472446731 0.802534012787737 0.569906288338365 0.506097041925086 3.93533413778329 7.55575134651765 2.96323180569203 6.1354193858618 3.68529412970016 0 0 0 0 0 0 0 0 0 0 0 0 0 0 0 0 0 0 0 0 0 0 0 0 0 0 0 0 0 0 0 0 0
2.98147550575522 5.01677265673565 5.30987635236961 4.7191640339607 2.30634226255846 5.37604888827122 0.182319476910461 0.193232444220455 1.37947260257457 0.180672979667863 1.50497199856154 7.08013921433682 0.853602584817846 0.825191853925479 0 0 0 0 0 0 0 0 0 0 0 0 0 0 0 0 0 0 0 0 0 0 0 0 0 0 0 0 0 0 0 0 0 0 0
2.7321734892156 2.34510223577065 6.17771115902455 2.04164164668223 1.3340418452957 5.9010318816686 0.339888072259955 2.32436930428186 4.13757454714499 10.7354973468633 1.57488555070037 0.96432331201478 0 0 0 0 0 0 0 0 0 0 0 0 0 0 0 0 0 0 0 0 0 0 0 0 0 0 0 0 0 0 0 0 0 0 0 0 0
3.4726399029456 3.25515293235169 3.30913028078765 2.55243824877885 6.39277388834063 1.37548249388666 2.24510354897902 5.63611858142112 1.85271157660482 3.54530317261596 0 0 0 0 0 0 0 0 0 0 0 0 0 0 0 0 0 0 0 0 0 0 0 0 0 0 0 0 0 0 0 0 0 0 0 0 0 0 0
0.626973186707573 3.23154110367374 0.661819792940607 3.1911437231224 1.71474416977351 1.23878513535114 1.40439751786296 1.53059873185294 0 0 0 0 0 0 0 0 0 0 0 0 0 0 0 0 0 0 0 0 0 0 0 0 0 0 0 0 0 0 0 0 0 0 0 0 0 0 0 0 0
0.667208848554562 1.96328787187253 11.2839770012656 0.240684928068266 3.85154576623624 5.87856517550747 0 0 0 0 0 0 0 0 0 0 0 0 0 0 0 0 0 0 0 0 0 0 0 0 0 0 0 0 0 0 0 0 0 0 0 0 0 0 0 0 0 0 0
0.901186358402439 3.06807910403965 0.458545128515313 0.411647276640609 0 0 0 0 0 0 0 0 0 0 0 0 0 0 0 0 0 0 0 0 0 0 0 0 0 0 0 0 0 0 0 0 0 0 0 0 0 0 0 0 0 0 0 0 0
1.71112417671076 1.38970231586568 0 0 0 0 0 0 0 0 0 0 0 0 0 0 0 0 0 0 0 0 0 0 0 0 0 0 0 0 0 0 0 0 0 0 0 0 0 0 0 0 0 0 0 0 0 0 0
