5.87281232342834 0 0 0 0 0 0 0 0 0 0 0 0 0 0 0 0 0 0 0 0 0 0 0 0 0 0 0 0 0 0 0 0 0 0 0 0 0 0 0 0 0 0 0 0 0 0 0 0
1.80115025726837 1.16891528606478 0 0 0 0 0 0 0 0 0 0 0 0 0 0 0 0 0 0 0 0 0 0 0 0 0 0 0 0 0 0 0 0 0 0 0 0 0 0 0 0 0 0 0 0 0 0 0
0.808765916340392 2.278781602821 0.580492915928504 0 0 0 0 0 0 0 0 0 0 0 0 0 0 0 0 0 0 0 0 0 0 0 0 0 0 0 0 0 0 0 0 0 0 0 0 0 0 0 0 0 0 0 0 0 0
0.077533449998213 1.15041413163771 1.41395716561329 0.870668029601028 0 0 0 0 0 0 0 0 0 0 0 0 0 0 0 0 0 0 0 0 0 0 0 0 0 0 0 0 0 0 0 0 0 0 0 0 0 0 0 0 0 0 0 0 0
0.107188929701546 2.52646787282897 2.34209705721357 0.679191718866585 1.44104606670943 0 0 0 0 0 0 0 0 0 0 0 0 0 0 0 0 0 0 0 0 0 0 0 0 0 0 0 0 0 0 0 0 0 0 0 0 0 0 0 0 0 0 0 0
1.56565391331592 0.493913731949149 1.0478478266596 1.79291530760341 4.40252403476554 4.59317185801395 0 0 0 0 0 0 0 0 0 0 0 0 0 0 0 0 0 0 0 0 0 0 0 0 0 0 0 0 0 0 0 0 0 0 0 0 0 0 0 0 0 0 0
1.59027095001892 0.884822108595966 4.56344312937203 2.18987409190163 0.00337341490627489 2.7126289649972 1.35959069085247 0 0 0 0 0 0 0 0 0 0 0 0 0 0 0 0 0 0 0 0 0 0 0 0 0 0 0 0 0 0 0 0 0 0 0 0 0 0 0 0 0 0
0.247722914523547 4.88500406087005 3.79457147312832 1.63438852032477 3.25031941990964 0.0629053488944086 1.11032834898582 2.41646865377918 0 0 0 0 0 0 0 0 0 0 0 0 0 0 0 0 0 0 0 0 0 0 0 0 0 0 0 0 0 0 0 0 0 0 0 0 0 0 0 0 0
3.35226395139613 0.39358159966206 6.11709952928779 7.02376473502543 6.19788439742793 7.32590498040293 1.02369724134734 1.19833870514143 1.98377178475113 0 0 0 0 0 0 0 0 0 0 0 0 0 0 0 0 0 0 0 0 0 0 0 0 0 0 0 0 0 0 0 0 0 0 0 0 0 0 0 0
2.06627903738625 3.85941710318746 1.47802381491659 9.51459574131074 1.60862835463422 2.03515390551597 1.43124730596783 0.403139214850449 14.1876694889559 0.150681768271559 0 0 0 0 0 0 0 0 0 0 0 0 0 0 0 0 0 0 0 0 0 0 0 0 0 0 0 0 0 0 0 0 0 0 0 0 0 0 0
7.13883945265549 1.24138773733936 6.26567712675294 1.59161487850621 0.865139934863519 1.96588795834373 2.22361117864665 1.35675880202051 1.48796704361227 3.41975404486188 7.43627852374146 0 0 0 0 0 0 0 0 0 0 0 0 0 0 0 0 0 0 0 0 0 0 0 0 0 0 0 0 0 0 0 0 0 0 0 0 0 0
1.66191529923932 2.11189396387369 0.869231360324731 5.84725995732692 0.80842584460144 2.06284813120091 1.45361593764846 0.458046345711437 1.98918921624391 3.68106227700136 1.45646664501794 0.080889242471535 0 0 0 0 0 0 0 0 0 0 0 0 0 0 0 0 0 0 0 0 0 0 0 0 0 0 0 0 0 0 0 0 0 0 0 0 0
3.46444504050105 1.49348838277647 4.03525041175263 0.0832346652443974 0.865008882731154 6.71909912892543 1.82988297884958 6.54129240919999 0.141968358078549 1.23571369578032 3.78849349512894 0.821734397748756 0.647999211074443 0 0 0 0 0 0 0 0 0 0 0 0 0 0 0 0 0 0 0 0 0 0 0 0 0 0 0 0 0 0 0 0 0 0 0 0
1.21310668785243 0.0366042978578672 2.41071813284297 5.31092660859651 11.9628930312131 5.5082515005386 5.584099688801 2.17164244697025 0.143464266922158 16.5487328289797 0.85218907990676 0.488125974483808 3.83008962982311 0.343698085564829 0 0 0 0 0 0 0 0 0 0 0 0 0 0 0 0 0 0 0 0 0 0 0 0 0 0 0 0 0 0 0 0 0 0 0
0.575268222056157 6.74342975677548 1.91106786713696 2.24226750590157 0.753242997722083 1.79407119492515 0.662164459643853 4.09844576509565 4.94115369987026 0.51180090013236 3.36928355831651 0.445832951214368 0.650381411823074 1.31329883105112 0.61268953263799 0 0 0 0 0 0 0 0 0 0 0 0 0 0 0 0 0 0 0 0 0 0 0 0 0 0 0 0 0 0 0 0 0 0
3.05931345766996 0.268432937055181 2.74105873795788 1.67505054021097 1.37225130303763 2.52151926430875 2.32389208751946 1.71638628804624 0.303954921561248 3.1741255933229 1.20293761780667 0.82582795137215 2.90902666779885 0.276935849091961 0.729532394648887 0.152597950503806 0 0 0 0 0 0 0 0 0 0 0 0 0 0 0 0 0 0 0 0 0 0 0 0 0 0 0 0 0 0 0 0 0
3.80545595024257 0.284172527487861 1.04164141322405 1.75757253214484 0.151090000448593 1.72943839752325 2.05344457584638 0.473793543671777 10.3022704999196 0.259309811477664 0.0687152567317323 6.18362183267834 0.14215688564724 1.00437039637979 1.17796073564553 1.19023289811251 8.2389208114809 0 0 0 0 0 0 0 0 0 0 0 0 0 0 0 0 0 0 0 0 0 0 0 0 0 0 0 0 0 0 0 0
0.330617699887363 0.896506351804808 4.9266672079832 1.18529812513301 4.44381505145197 9.62804942457167 1.12949131785675 0.656071236743541 2.16443072254356 3.06176490156874 1.63184990519503 0.762377381700818 1.56600228134845 5.00094805351025 1.66277356546454 0.798833631635348 0.603786346384461 4.13511711313389 0 0 0 0 0 0 0 0 0 0 0 0 0 0 0 0 0 0 0 0 0 0 0 0 0 0 0 0 0 0 0
0.501638428044689 0.938294504303277 3.57878128280526 0.158692259224297 6.29736061032921 1.68081709780972 0.95893996304102 0.559740677298508 8.10630357917037 0.0986072990340222 0.338104440419244 2.14757135949942 4.77117569989182 1.90990613830479 0.24037932080242 2.6010764522271 0.214951039239903 0.863721955527371 1.515884135968 0 0 0 0 0 0 0 0 0 0 0 0 0 0 0 0 0 0 0 0 0 0 0 0 0 0 0 0 0 0
0.825732027231451 1.82682203181449 0.686842927878301 1.17251487755435 0.397310405798114 1.66300622144675 6.45873858273143 7.82558578077702 5.86392350889172 1.13383297235111 1.76630293249853 5.05268844351505 4.16722020905326 0.313993664221504 1.32968762341359 2.20403691745895 0.321147839567155 2.76498109596778 0.0913010833272771 3.13767565843288 0 0 0 0 0 0 0 0 0 0 0 0 0 0 0 0 0 0 0 0 0 0 0 0 0 0 0 0 0
2.87075777664568 1.89445016232118 2.50645915116233 8.91823454674187 6.76623427307586 0.246884163788919 1.79995216500022 2.69517857238852 0.369677789813943 3.82405097903725 0.46805927591814 12.4197502883265 1.18478309788359 2.29576179556512 3.57193607662539 0.550475488179836 1.78825495937391 0.852679088397633 0.37579543242991 3.13535061609283 1.72126427821024 0 0 0 0 0 0 0 0 0 0 0 0 0 0 0 0 0 0 0 0 0 0 0 0 0 0 0 0
2.69575702654377 0.334586824184172 0.114930214088367 0.217360001496247 4.70133476971683 1.34413331791638 2.4186702966044 11.1086737031974 0.581241980966258 1.31836568803392 1.5721083462971 0.257303615458656 11.9417551072017 0.510176516803514 0.590218235479347 8.18646599467988 3.22475238334644 2.09066012008347 1.88616397426636 0.992340160296203 1.07528359573475 0.349677187728462 0 0 0 0 0 0 0 0 0 0 0 0 0 0 0 0 0 0 0 0 0 0 0 0 0 0 0
0.186947125155802 0.653306759778784 2.44491882646647 0.0727861824902348 1.89205848594364 2.67172353794041 3.0184218346825 2.07915170180155 7.14247006344094 1.08862200778827 0.320349356644217 0.0580082321087428 0.436548338062897 4.01555021577983 2.41342876094571 6.16404469756448 0.392590992754961 1.1016323136937 9.31168004077773 0.13142437222202 0.675018782925411 4.55491469966054 1.61776709687551 0 0 0 0 0 0 0 0 0 0 0 0 0 0 0 0 0 0 0 0 0 0 0 0 0 0
0.544971507210867 2.00198030508873 1.13346347895207 0.531145368718411 3.49456187485444 1.06024400550148 9.08703558512027 2.21458534278546 6.80806417706637 2.92650898368299 5.54956221972725 9.08363004488288 5.78951649583688 2.03052603186791 7.76859085979439 4.23504574047687 3.89841672599762 2.56183812310909 0.287696125525129 0.821152177510911 1.68978364328482 1.70358047769482 1.72757937981894 3.23721430207743 0 0 0 0 0 0 0 0 0 0 0 0 0 0 0 0 0 0 0 0 0 0 0 0 0
5.18529138684387 3.7668123436106 0.610981754670183 10.8199437414908 1.57873540504623 4.29821136920082 0.672882214848285 0.768680110114417 8.3299995551358 2.32696544353205 11.3784233920575 2.51717879272227 0.468267150853389 0.897808787261137 5.68688118541765 4.48219026593826 11.307026404063 0.768596427424326 3.88749001203288 2.28550184168532 2.61499508275044 1.52082617775282 2.7882849801865 1.3857098059817 0.878434982393139 0 0 0 0 0 0 0 0 0 0 0 0 0 0 0 0 0 0 0 0 0 0 0 0
0.0722015337192353 2.40016227932611 1.18603390918857 3.86225831528543 0.0422144613223044 2.74853556378942 2.30050255414536 0.416950830717669 2.59502851355988 1.19079386384998 5.2669073787209 1.96940510775937 2.28057224639263 0.581918607211841 0.496285719212916 10.8112041471662 0.68415080375052 1.41410384206267 2.19263704754248 3.36901835580162 0.987121138672296 0.553748457100228 0.942563158611667 0.555155435539625 0.485577633957183 1.91037561068116 0 0 0 0 0 0 0 0 0 0 0 0 0 0 0 0 0 0 0 0 0 0 0
0.6396339654034 9.86550843491843 1.26126247183615 1.68366357875497 2.75272914122839 0.193851802378749 0.573906585277928 1.75204667260548 0.51459374135412 0.372418548637842 1.0038413069271 0.931284024896755 1.06188853813821 2.761397350166 1.19760159693676 0.0150405034265085 10.427611917233 0.760192822739654 0.282337755376274 4.64817633499388 0.665315587501742 0.842795299945181 6.11260983553855 0.774007717562645 9.79094231871594 1.31391748051161 3.84255415074552 0 0 0 0 0 0 0 0 0 0 0 0 0 0 0 0 0 0 0 0 0 0
2.2943664279394 0.0751036989784394 2.65152716459438 0.937355328293568 2.08312928272724 3.40842791505482 2.17408043010653 0.0489820790575249 6.29630788029304 1.1459418843623 1.44904798397757 0.0733149386342986 1.22458485741073 2.79161693512536 2.94895586711087 1.18563881531333 0.225512973854277 2.21529883824837 3.01761732082449 3.24690277432752 0.893430316612507 0.620567929497949 1.63708866667865 0.817256563979567 3.02359129394478 2.37680227276354 0.729477595611906 4.89782861178631 0 0 0 0 0 0 0 0 0 0 0 0 0 0 0 0 0 0 0 0 0
2.09605040733472 0.504635815521061 1.66766819729838 0.0563492267310359 1.84829034866506 0.578903890615141 0.550666952210676 10.2519224192691 1.237537788733 2.00850304450108 7.63294223195596 2.62587293958357 0.715515478292879 2.18325561040356 0.0731015555923218 0.0653049578283499 2.47297604383715 0.775536261175122 6.37843685366098 1.88048214830627 1.33576692575728 7.92632442070758 2.6023156468205 1.51725426736533 2.26722626030067 3.03441545386846 0.652199496535212 0.0240787798252996 3.98469993161882 0 0 0 0 0 0 0 0 0 0 0 0 0 0 0 0 0 0 0 0
1.08193878374283 0.379212750293304 4.34298053442837 0.57760660519995 1.92876591272586 1.86325320129397 1.59430523429066 3.98170716995282 0.762958825845936 1.15795010782591 2.45419181143568 0.666954865257523 3.26252382644524 0.480794223192723 0.358865984374153 3.83356115781674 3.7583203079302 3.2518122866583 0.874904934085567 0.204302364119403 0.299616127753656 4.338121539706 3.15092048876486 0.473227087878339 1.05916684022915 0.957766029216002 4.7018449245807 1.52437324605656 1.49632751080643 5.27136356726184 0 0 0 0 0 0 0 0 0 0 0 0 0 0 0 0 0 0 0
1.71970182886315 1.66325903555146 1.05385015078029 0.121688523169583 2.1646959689524 5.51856435788413 1.61150353442336 0.900561837259881 1.47924672862665 2.2060179937304 0.286099979118054 3.06462956754799 0.0350430982619621 2.66705369708241 0.797008073352041 0.700910185739938 7.82885858459897 0.163183507787212 6.6859467237664 1.48779924314388 5.14379929339402 1.72069355074754 3.77554097699742 2.24475783861655 2.00653006271431 1.54086560931738 7.83396028826273 1.15304276145238 1.92856772679845 3.44652483357402 0.16808672956847 0 0 0 0 0 0 0 0 0 0 0 0 0 0 0 0 0 0
4.43956246074953 0.929859705977778 3.21129077637966 4.0617272976294 2.06741810907114 0.0786154331240123 0.688124888222669 3.50952683267197 0.531056731030974 6.92654357376103 1.12840590180815 3.36797362668049 1.39293011253317 0.377873576838197 0.642523632478491 3.45518578947837 4.38214891681564 0.612172989796662 1.88182466440436 3.72597960291943 0.766785943391532 0.0942999990091664 0.126893849359289 4.8593678093461 0.711918683180801 0.918417590611456 0.00730972661094119 0.0818646295418713 4.47660270659696 2.98568709706481 1.96714016243762 1.92608998388473 0 0 0 0 0 0 0 0 0 0 0 0 0 0 0 0 0
4.91833438769148 2.02592593322998 3.37191690671611 3.72151784095423 2.55302975405884 1.96270650229979 1.201752715424 0.375929672873756 13.8365930027081 1.70379849494707 0.0680227174489803 0.399270657345206 0.93311576095498 0.590495930642298 0.662575440157587 9.70192086648722 6.9431909342422 0.382258466584828 6.4790299738667 5.76729951509064 1.67677629579557 1.74387230180295 2.14488280360069 1.33396756320693 0.909303267099338 0.309111359975148 2.04417513321543 2.59930157208263 0.810859055258 1.27913996955509 0.802766175145861 2.31837369028599 0.806414627430123 0 0 0 0 0 0 0 0 0 0 0 0 0 0 0 0
3.7666985317179 5.20982279150625 1.41299108585841 0.499206053008362 2.47246468743355 2.58995376577205 0.400802578972829 1.40747153868569 2.47981268819613 5.73529671455034 2.50923157281539 1.45289563532546 1.53450145719725 1.20912623753882 3.50142986741143 1.60756437853181 6.97594828881464 0.46635645552939 2.62952974264008 2.21511049141256 2.10539265147117 0.509034875767766 3.86622752436435 6.07420248748818 7.12034181003447 1.65249416880246 4.05521564918329 3.91113077257506 0.0103761700634444 7.83895004672569 0.121696110884887 1.30126971042879 0 0 0 0 0 0 0 0 0 0 0 0 0 0 0 0 0
4.52999459612367 7.61351758160413 1.45854987652667 0.702982230743105 1.34565066226539 7.38809985010182 3.22446283233294 0.014477176773882 0.890648286933364 0.298149355034131 1.40885186303602 2.51439902459449 2.51118289492672 2.76600810022379 0.88907037910329 6.41020692230178 4.0580843454958 0.506442822696396 2.0465357826851 0.846021221134231 1.63796318225601 3.76140456485288 2.16468953414368 0.392318653573035 3.06603344347869 5.3896799834354 1.80307036475084 0.859719000441086 8.00669549345988 0.635607120002199 0 0 0 0 0 0 0 0 0 0 0 0 0 0 0 0 0 0 0
1.91932110397006 1.73446683305998 10.5650609086742 3.35515040351264 5.92353762218737 4.9690651248067 3.24011381680274 0.580074946895392 3.18293419770207 1.84572257377573 1.02052438733755 1.61975071369516 1.49567427340107 0.891383194519288 0.194411649567149 1.22787508075596 1.5000464953922 0.334120461905397 0.391538125313856 0.597188865122515 2.98762079684967 2.76992495273044 0.996928964976799 2.99160084787009 5.51384787383484 2.05640099136858 1.74989172321817 2.96054607633467 0 0 0 0 0 0 0 0 0 0 0 0 0 0 0 0 0 0 0 0 0
0.828206588108338 0.239905933530762 0.609115626663675 0.277016535898404 3.28485728537477 0.524549460215681 0.517818762427258 0.118891075424227 0.527896459741988 0.348099818267091 3.61960077391819 1.81532740559296 0.57505911458612 2.99721975096115 0.332322880188665 1.02762319570804 0.569911239566607 0.835101391474813 4.01365354745514 0.00474732753476633 2.15580890000618 0.55722282415397 5.2344157389238 0.343550632665711 2.75102340271888 0.3791540004776 0 0 0 0 0 0 0 0 0 0 0 0 0 0 0 0 0 0 0 0 0 0 0
2.55307345851524 1.70668442073655 0.804559735816881 0.990897986830598 5.20182790123339 3.24813928543038 1.90279843848637 6.20229732331989 2.98300719682284 0.865670536630282 0.762465867594775 1.9696213082395 8.30330044830957 0.569167880442844 3.2247780103813 5.44962979084679 1.81243166481463 0.454451035296643 2.46932871335568 1.20595550564059 2.92188311542074 6.65448681103023 2.42587675827194 0.69295229786951 0 0 0 0 0 0 0 0 0 0 0 0 0 0 0 0 0 0 0 0 0 0 0 0 0
14.8864952771526 6.15927269013784 7.66041511823552 0.415321929916034 0.522614632277056 2.25583579934679 0.797152038043238 0.74744525531091 0.192181918029384 0.943058813221286 0.488743873952522 0.808557042712485 0.489334178071631 0.083226465711533 3.49494987119784 0.377536274840084 3.4175826526164 0.0688914576764265 3.6647147655223 0.992466437735419 2.02038393696351 3.01401856087382 0 0 0 0 0 0 0 0 0 0 0 0 0 0 0 0 0 0 0 0 0 0 0 0 0 0 0
3.24210929836028 4.17908416240914 0.318610494245405 2.12941099673505 4.46148139455265 2.57286404600926 1.61211311481933 5.96385186599173 0.89889333465673 0.788886169544693 2.5359133784403 0.65954731057859 1.80457903249235 1.22712554577564 3.56957728937406 1.02462240281172 0.0475980207558397 0.150179122498636 1.70244242486266 5.6622118714657 0 0 0 0 0 0 0 0 0 0 0 0 0 0 0 0 0 0 0 0 0 0 0 0 0 0 0 0 0
9.84306015015506 1.10207847849507 0.880900261944654 2.56405422291269 0.0766109991584369 5.33172762297387 1.32124919468235 1.57342594052302 2.24253182327806 0.121306020353426 0.398009048937765 0.807715945179329 0.288944936821009 0.112470547630957 3.93960781828895 0.904328850368278 3.66021801651955 0.47309312061077 0 0 0 0 0 0 0 0 0 0 0 0 0 0 0 0 0 0 0 0 0 0 0 0 0 0 0 0 0 0 0
0.761089482834473 0.98531431101733 0.96946648918117 1.37090719398885 0.158011039836015 4.80519461066054 3.88439377374691 0.430413242472869 1.3548981786656 0.811701445885626 0.41435050968506 1.59458939299833 1.25246056139496 0.500793118039789 0.525478763731484 0.326687086106401 0 0 0 0 0 0 0 0 0 0 0 0 0 0 0 0 0 0 0 0 0 0 0 0 0 0 0 0 0 0 0 0 0
0.627558882091795 1.05991505871819 0.649571735666764 2.45745635655641 1.41005129152263 2.75373487752561 0.832985656112104 3.70746473586531 9.61742924168131 1.11605617148915 3.84363196614946 1.62390500028995 0.40483368720057 3.1912485913659 0 0 0 0 0 0 0 0 0 0 0 0 0 0 0 0 0 0 0 0 0 0 0 0 0 0 0 0 0 0 0 0 0 0 0
0.970886425732952 0.683858521359541 3.871252814015 2.22020866027677 1.29158217893838 7.80882298798653 4.48669200956361 5.21792075556328 10.2313254759418 0.0253830285171796 0.117617648003624 2.29949465653472 0 0 0 0 0 0 0 0 0 0 0 0 0 0 0 0 0 0 0 0 0 0 0 0 0 0 0 0 0 0 0 0 0 0 0 0 0
0.799800116504344 4.58014866009066 0.452745373220039 0.537890975925181 3.57165414286227 3.7669904008015 0.251387163807182 2.09145193136601 3.07081970200464 0.60119762792855 0 0 0 0 0 0 0 0 0 0 0 0 0 0 0 0 0 0 0 0 0 0 0 0 0 0 0 0 0 0 0 0 0 0 0 0 0 0 0
0.630028985339296 10.026055972078 0.161787866958457 4.2669663111433 3.92211798706712 5.0755506719334 2.83256779077355 0.490899591604658 0 0 0 0 0 0 0 0 0 0 0 0 0 0 0 0 0 0 0 0 0 0 0 0 0 0 0 0 0 0 0 0 0 0 0 0 0 0 0 0 0
1.42691052916166 4.6832906833379 0.774247456723799 1.35395537857224 3.47933279831335 4.67281268007731 0 0 0 0 0 0 0 0 0 0 0 0 0 0 0 0 0 0 0 0 0 0 0 0 0 0 0 0 0 0 0 0 0 0 0 0 0 0 0 0 0 0 0
1.48883735786508 4.6106597500347 4.97169261028379 0.185712842351124 0 0 0 0 0 0 0 0 0 0 0 0 0 0 0 0 0 0 0 0 0 0 0 0 0 0 0 0 0 0 0 0 0 0 0 0 0 0 0 0 0 0 0 0 0
3.05917759963756 1.85799678911258 0 0 0 0 0 0 0 0 0 0 0 0 0 0 0 0 0 0 0 0 0 0 0 0 0 0 0 0 0 0 0 0 0 0 0 0 0 0 0 0 0 0 0 0 0 0 0
