3.5272999159307 0 0 0 0 0 0 0 0 0 0 0 0 0 0 0 0 0 0 0 0 0 0 0 0 0 0 0 0 0 0 0 0 0 0 0 0 0 0 0 0 0 0 0 0 0 0 0 0
4.04704322641099 3.58893669121792 0 0 0 0 0 0 0 0 0 0 0 0 0 0 0 0 0 0 0 0 0 0 0 0 0 0 0 0 0 0 0 0 0 0 0 0 0 0 0 0 0 0 0 0 0 0 0
5.24732088855921 13.8086893778094 0.074330327837391 0 0 0 0 0 0 0 0 0 0 0 0 0 0 0 0 0 0 0 0 0 0 0 0 0 0 0 0 0 0 0 0 0 0 0 0 0 0 0 0 0 0 0 0 0 0
2.72214098167559 1.59046878649613 5.62967655868903 6.48202984902787 0 0 0 0 0 0 0 0 0 0 0 0 0 0 0 0 0 0 0 0 0 0 0 0 0 0 0 0 0 0 0 0 0 0 0 0 0 0 0 0 0 0 0 0 0
2.26821234385652 0.954518742027738 3.78819953051909 5.1660906743722 0.439690715469828 0 0 0 0 0 0 0 0 0 0 0 0 0 0 0 0 0 0 0 0 0 0 0 0 0 0 0 0 0 0 0 0 0 0 0 0 0 0 0 0 0 0 0 0
3.2612540622113 0.537198731709698 2.38863431804016 0.786543570632299 6.04141173445281 0.308845122432008 0 0 0 0 0 0 0 0 0 0 0 0 0 0 0 0 0 0 0 0 0 0 0 0 0 0 0 0 0 0 0 0 0 0 0 0 0 0 0 0 0 0 0
1.33717404436999 2.13104980605838 2.51880018671902 1.74228474875211 0.0170135721942551 2.76635100203985 6.81379008348363 0 0 0 0 0 0 0 0 0 0 0 0 0 0 0 0 0 0 0 0 0 0 0 0 0 0 0 0 0 0 0 0 0 0 0 0 0 0 0 0 0 0
0.281825550838419 3.12785735579817 2.20338075039214 1.07329510453772 2.61921186937933 1.46468019239967 0.802725848789474 0.128953373820846 0 0 0 0 0 0 0 0 0 0 0 0 0 0 0 0 0 0 0 0 0 0 0 0 0 0 0 0 0 0 0 0 0 0 0 0 0 0 0 0 0
3.0017492263894 0.867735693061144 0.0816154347911339 1.01692717202698 0.206036813935813 3.62165199452325 0.287422676410081 1.74894896396249 2.2418503470271 0 0 0 0 0 0 0 0 0 0 0 0 0 0 0 0 0 0 0 0 0 0 0 0 0 0 0 0 0 0 0 0 0 0 0 0 0 0 0 0
0.940537249814064 2.95326218149353 1.12344980834849 0.303849616466017 1.10381304790892 0.74152033707871 4.73085605378182 0.918652001064165 1.73097493666501 3.54021111723839 0 0 0 0 0 0 0 0 0 0 0 0 0 0 0 0 0 0 0 0 0 0 0 0 0 0 0 0 0 0 0 0 0 0 0 0 0 0 0
0.0894099034648017 0.173979955714236 1.99757751889489 0.186347576422843 0.428501215731666 4.6706066620091 0.234386339751699 4.16500951336739 0.00678294317305787 2.12562606833129 1.36526980036011 0 0 0 0 0 0 0 0 0 0 0 0 0 0 0 0 0 0 0 0 0 0 0 0 0 0 0 0 0 0 0 0 0 0 0 0 0 0
0.207883100915418 8.16780740907157 1.25882356822769 0.796218224224981 0.511883602592737 2.46494978277243 0.707211538766387 2.83400129316706 0.351161048910756 13.4849927184071 0.225772520180235 2.68584715414748 0 0 0 0 0 0 0 0 0 0 0 0 0 0 0 0 0 0 0 0 0 0 0 0 0 0 0 0 0 0 0 0 0 0 0 0 0
2.77551998973787 0.428330302596431 3.11135360978911 5.41247391989285 6.20589303645093 2.03060692064392 4.34237704641032 1.07015005587075 1.59766298382148 0.488796226562456 4.5348229278084 1.50246351987393 2.02791778590345 0 0 0 0 0 0 0 0 0 0 0 0 0 0 0 0 0 0 0 0 0 0 0 0 0 0 0 0 0 0 0 0 0 0 0 0
0.271233882707493 5.51379279084888 0.593551606067046 2.06974274783387 7.06171834953956 3.31062993788639 0.120750172432569 7.34961790902163 0.0399867642196166 6.03616947716922 2.23359591663507 0.151659951099218 1.25496358287742 2.01606918957801 0 0 0 0 0 0 0 0 0 0 0 0 0 0 0 0 0 0 0 0 0 0 0 0 0 0 0 0 0 0 0 0 0 0 0
1.01944090718054 6.1987918265921 1.3618783195104 9.92159205767969 1.62729822052843 0.828161698611849 7.89823056697393 3.01234997271297 3.59455140792693 5.2850389700015 0.2513471137245 1.95137933569176 0.685053465699774 0.72634799382017 2.60750643616869 0 0 0 0 0 0 0 0 0 0 0 0 0 0 0 0 0 0 0 0 0 0 0 0 0 0 0 0 0 0 0 0 0 0
1.93704805288066 0.329289792868095 1.45617322544013 6.85627589204508 0.636507006095626 0.138471191155362 0.927802988361096 2.47556321460038 4.91586399918262 2.41232796863357 3.00431600866233 1.77541869146684 1.81034347698809 5.02426502878999 3.81554156872943 1.13256946653297 0 0 0 0 0 0 0 0 0 0 0 0 0 0 0 0 0 0 0 0 0 0 0 0 0 0 0 0 0 0 0 0 0
6.79990414470334 10.408363518102 6.89378063323528 0.0934312250109117 0.72550987891769 2.39811474729536 0.83842504054894 0.799523710986555 0.0449605212164823 1.33881474612515 0.320623644566776 1.46262727674296 4.42555198409218 3.81319375755226 5.01521459947365 3.582474223306 0.89691049362263 0 0 0 0 0 0 0 0 0 0 0 0 0 0 0 0 0 0 0 0 0 0 0 0 0 0 0 0 0 0 0 0
3.52544056600199 6.97154575691235 1.85051454246654 2.85233512423975 10.7452574050778 1.31290183471059 3.53238320736683 0.0980625494203219 1.14167637669836 0.662740100363665 0.527545684122797 0.571569856772505 3.38492751098143 2.55784078825431 0.282221665419494 0.739948391432343 2.12320775621677 4.77982438591403 0 0 0 0 0 0 0 0 0 0 0 0 0 0 0 0 0 0 0 0 0 0 0 0 0 0 0 0 0 0 0
5.20965020884009 2.11120579536839 5.45544468843126 1.58635969853538 0.531282484071457 2.69101681914428 1.5084896274822 1.32325221849714 5.69297215689522 0.438408964482333 6.00300282938525 1.80416429050954 0.753691925769836 2.54294207589864 1.13764654863511 0.0775154598906554 8.54110360900288 1.96159744027885 3.65473900461006 0 0 0 0 0 0 0 0 0 0 0 0 0 0 0 0 0 0 0 0 0 0 0 0 0 0 0 0 0 0
1.21076597794614 0.442357256719663 1.10945035839155 3.8985369422691 1.34680166290241 6.83922477592549 2.90696715712221 6.84866827484203 0.733229501673755 1.06303328045754 0.122504964737715 4.72633241460557 1.07049691620451 0.157128119389156 2.98729451031316 1.97222719083467 2.44965845291528 2.92949281391804 1.67961503396312 4.36684068713172 0 0 0 0 0 0 0 0 0 0 0 0 0 0 0 0 0 0 0 0 0 0 0 0 0 0 0 0 0
2.32579353742506 1.81466690139445 4.54543507211503 0.167037166723992 2.40046411346096 5.84480730306434 2.57302229906048 0.337775673847939 1.49871252896561 6.78445842078581 0.0806805342829538 0.672417729512684 0.948064304461434 3.88054137417504 0.425534319909192 4.03644149445236 2.74017931566768 3.80575949795095 6.25673254434587 2.40661712903135 0.277075859003852 0 0 0 0 0 0 0 0 0 0 0 0 0 0 0 0 0 0 0 0 0 0 0 0 0 0 0 0
5.16083216024913 4.07824975425647 0.397829323680413 0.278065560566038 2.24865404096899 0.541386029541663 0.451373858476201 6.01107824014224 3.29505435258987 2.36266280653347 3.87550173663264 0.207525700644979 0.888083344615161 3.29417026373244 0.174039947252662 1.3674431188595 2.27353310733326 6.01529189911181 3.50941460774078 0.573605805057552 0.49157178421869 0.0773976046822768 0 0 0 0 0 0 0 0 0 0 0 0 0 0 0 0 0 0 0 0 0 0 0 0 0 0 0
1.7164005917337 3.2391304745685 0.922696828347976 0.957487937360511 0.27490948539708 0.705839882642465 5.20265077845937 0.489820402449241 2.6443803575776 0.160839044167116 0.488930354382081 1.58235074562346 1.80155376144309 2.96104654285909 0.169583994161066 3.14226535773474 0.289057888168799 2.73999627154652 3.65025600885599 1.69969509810389 4.7441589140009 0.77595860652964 6.17657832103499 0 0 0 0 0 0 0 0 0 0 0 0 0 0 0 0 0 0 0 0 0 0 0 0 0 0
1.9275504783263 6.46272721744431 0.622176080731494 3.92142847124527 0.238060904732885 2.5426492639511 0.252997135174533 0.0633039913369722 1.50184244376223 3.87211740588295 3.18686514316277 2.34077294659318 1.13530135115185 1.04873055380209 3.97090512086726 4.51567283698758 0.69074591402216 1.77559459781809 3.21865664277371 1.61855508494823 0.398709927117122 3.26324321579771 2.68174036070475 0.328561025852812 0 0 0 0 0 0 0 0 0 0 0 0 0 0 0 0 0 0 0 0 0 0 0 0 0
0.0104157593416269 0.238926892929415 1.53287452130927 0.527657349762808 1.64022034774098 0.123642671641273 0.941461713535078 1.67384378304246 1.97653313835306 9.74743739186917 3.65023061494809 2.78899069005281 0.3534528611463 1.2277941496707 0.865767222692977 0.557046261844687 1.26536295425498 1.80320750998453 4.32134619052561 1.64702860230447 0.70696240070774 2.8347845107745 1.46841251716615 2.13280630296982 7.87147420499891 0 0 0 0 0 0 0 0 0 0 0 0 0 0 0 0 0 0 0 0 0 0 0 0
0.338989557615922 0.267792326251347 0.0253196713801636 3.74229450263461 0.551066410085168 4.10144892348864 1.38156331914671 3.21036878274337 1.3313861190723 0.932681760523634 0.203245549938443 0.437437805061212 0.359664531412866 5.32737082877962 1.46710284781076 0.809828607689925 3.24228592828559 5.10645444529047 4.48003666202029 2.64892155784984 5.00209344259322 0.633218469344012 1.29497153386182 0.139541555519816 0.0508939790642558 0.496368172343202 0 0 0 0 0 0 0 0 0 0 0 0 0 0 0 0 0 0 0 0 0 0 0
0.484781806566636 1.91206442047915 1.74183650060801 3.60732243835202 2.31709120695834 4.16666631053849 1.78483169976573 1.87304109733725 0.633467432267766 3.05898665575754 0.18393937329626 1.84817273419481 1.04915592240291 2.49441778898061 1.34330013836208 2.03452565218579 2.05627720152817 1.7692642399598 0.324978488390725 4.24141890155652 0.745871775262712 0.584116029747487 0.737523475395581 2.51358178597638 1.00699257803805 1.31389916074675 0.232585486359046 0 0 0 0 0 0 0 0 0 0 0 0 0 0 0 0 0 0 0 0 0 0
0.71031110064247 2.32355072777577 0.47589877045021 0.791463997773208 2.87495374171935 1.38011483733416 2.28841564639465 0.599421881479506 0.157633744371144 3.24763661968375 4.78571548443947 2.64659252794568 3.67231456028523 3.6051586593022 0.768040000306142 2.19577499463344 0.512424130076472 5.55845466821033 3.34097983303752 4.69472679266598 3.54706397761588 0.50127259932682 3.96565534935612 0.446717842698098 1.00659385690644 0.81987598685921 0.350033805473824 1.18663912082978 0 0 0 0 0 0 0 0 0 0 0 0 0 0 0 0 0 0 0 0 0
3.64434126112213 0.75680785702211 0.643064530874841 5.53449811828066 0.0361860673982115 0.730821373458364 7.16915714219266 0.107390275814008 2.87834546862546 1.61635008588119 2.49440162753525 5.89357221807608 2.02990643026855 4.60712010070354 2.27086588738869 0.661510690829235 0.798313293982099 4.11880939088921 8.29823001214473 5.12884948442622 1.28383356928994 4.67144062320833 3.78742947311132 2.34572758783556 1.31018466889773 1.2256151428279 0.25048928568772 0.633484339913153 2.03870258903465 0 0 0 0 0 0 0 0 0 0 0 0 0 0 0 0 0 0 0 0
0.322145384413911 0.380530478817467 0.421216579796155 0.185757653580683 1.21531210659029 1.82257602053351 1.71420111134787 3.53163406327562 5.23216490064087 0.161638066492761 5.43534108813679 0.632134571244902 0.424110241719276 1.39019540811213 1.22027694930637 0.235631082270964 1.59964352125199 0.0423658779551525 3.75816389183109 1.49105990603215 0.757188291947124 3.82767536068317 0.0126346907079224 0.954276878455368 0.509275150941936 2.38501649240701 0.571595511218842 2.38819365856778 7.77853234103797 2.19888370206485 0 0 0 0 0 0 0 0 0 0 0 0 0 0 0 0 0 0 0
1.06765272067401 2.66206448139802 0.141421434897641 3.56936008468974 0.320368333910982 0.954509455069979 4.74745857974687 1.01085272510712 0.460088629492613 3.19731879610908 0.232730715305998 1.88274098727772 0.209385528990839 7.08660105581832 1.31419356652257 4.67554681066162 2.00158269124441 1.70903174798376 1.36496504787947 3.30925246376362 6.0448823297626 1.08098884361213 4.72671440428686 1.20542647737015 0.776555994517768 1.3888013952341 0.148347259531135 0.392001642059727 0.753873740291289 0.773877801416988 1.87137159695319 0 0 0 0 0 0 0 0 0 0 0 0 0 0 0 0 0 0
0.161941265359369 4.53219096960361 4.81038911487559 1.12858105063425 0.807172943210394 2.47608666768384 3.04908095744844 0.0624428144661503 2.50693307640646 0.765884213743908 3.40401885666946 0.956651634646584 6.81861165089032 1.66119314504461 7.80875116243757 5.52560363806677 0.961343883613646 4.39702629875922 1.72340271653572 0.408493927696467 4.25349893706538 1.85852154986404 1.92733705389119 4.07165972590979 6.90072092177618 0.0887211838122129 3.29699466584526 3.14682197552447 3.74405019718265 4.26395826622197 1.6143168185447 5.89761950748702 0 0 0 0 0 0 0 0 0 0 0 0 0 0 0 0 0
0.269515971635823 4.52714828544567 4.76868460032454 1.99162572163198 1.62238031571853 5.41458152733945 0.132795887058644 2.39614523186457 0.0736749809472367 3.52328766722654 5.56926330400013 1.68284880134442 0.899092396068739 1.15239053584201 0.537956924523408 2.79292321488322 1.12842039814567 0.444063376291737 4.6483703087783 0.272210292519077 0.0153540974507553 2.54314989725158 1.37877815314399 0.895617636091427 0.318969996878826 0.0507629339634202 3.11093928551742 2.07773196620954 0.900816844382706 0.058164829058654 3.8600777221621 3.61070432229434 0.51373116169015 0 0 0 0 0 0 0 0 0 0 0 0 0 0 0 0
0.0886902007891276 0.199249922270211 1.3247224838419 0.244409305749774 5.70880334903677 0.37492190191816 6.68410065789886 3.56342565788292 4.3068029698934 2.81704559033997 1.94520707253485 0.203497431247832 1.96684997879146 1.63312443673765 0.285644029650021 0.06529325668481 1.99187985958614 1.00235849251319 6.63047530909414 0.185186164407157 2.06855050019535 1.7706138636502 0.764336390339358 0.0562313052524722 7.37450799542348 2.77397530435205 1.27633816428838 0.541661727071067 2.39529411969728 6.68764024069409 1.98263991552868 0.279799242666517 0 0 0 0 0 0 0 0 0 0 0 0 0 0 0 0 0
1.58450281323878 6.04146033084568 0.408170580830312 0.334769766143298 1.97987182238897 0.304302079076162 3.64007171496646 3.13552758243331 3.5497706413812 2.66394523272269 0.613170916045364 0.235277095184251 0.323228921955297 4.98579681641292 1.56277163092866 1.61621122812449 0.51302568463738 0.00257020779652209 1.54459951951525 2.60314113232406 0.918090723513984 1.71371579986496 1.84455197458284 0.907193627482065 0.166618176075875 1.02837120304845 3.34307919204693 0.467578996227975 2.14108956157433 0.440548920451731 0 0 0 0 0 0 0 0 0 0 0 0 0 0 0 0 0 0 0
2.78355952663402 7.168841514847 2.43591828677527 0.39955985453371 1.08386725689115 0.330866128207856 0.144506082927483 1.0979025461002 0.135305217116156 1.01463327503525 0.752296615430051 3.42744122391097 1.46873138787162 2.63619964897078 4.55562352925537 1.71083767749185 4.70649997596779 6.39050044114269 3.64415815427453 1.78329120342758 1.95751705817394 1.90195710452253 2.42760342304491 0.0838998041081397 2.3484027762644 0.268536985457871 2.22180493700089 0.99201931954644 0 0 0 0 0 0 0 0 0 0 0 0 0 0 0 0 0 0 0 0 0
1.13324437042629 2.55290298583602 3.93580182158613 0.956618748013409 5.85907327970158 2.83680872724652 3.39504827569667 1.04204390343959 0.244880450235208 1.18001374151563 1.45751694837191 0.599794995200152 2.22901830418672 2.4951925820015 2.90525590228607 7.39692897549917 2.89719014368396 1.13310408878183 3.40063915401512 1.23198471742171 1.54725972884477 1.34042109908768 1.80100055806266 1.41649032334347 0.574285638314374 5.14712571985294 0 0 0 0 0 0 0 0 0 0 0 0 0 0 0 0 0 0 0 0 0 0 0
1.50514485790259 0.687338691771728 0.298661891857894 1.9699089327709 0.243193467075592 0.625309738991728 1.63308590766714 0.249388344972215 8.97657672053459 3.41438309924347 1.16078660311353 6.34175220082201 4.10512493588778 0.778523161597331 0.911999057306408 0.144198444043709 3.04719401389285 0.0478747450060047 0.10874486666143 0.36553047698134 2.68671411719506 4.98270596862685 2.16829569555648 0.22586393752286 0 0 0 0 0 0 0 0 0 0 0 0 0 0 0 0 0 0 0 0 0 0 0 0 0
0.0480134486523168 2.35088993859825 3.51427995088521 4.40563970679953 0.229770160610793 2.94837607274188 0.191464466516434 0.125747420490968 0.279986816594003 1.33853168296623 3.96036653285575 0.790118784823568 2.07149100633163 2.39985316420628 0.549077209347047 12.1864691902734 1.32096882769671 2.53311717873923 1.48146650635773 8.24861832540509 0.0162327458817766 0.074838477598209 0 0 0 0 0 0 0 0 0 0 0 0 0 0 0 0 0 0 0 0 0 0 0 0 0 0 0
1.04387318048906 7.82154915560853 0.746022196324526 1.95200814551724 0.406945727036946 0.034052776912091 4.88046313972385 0.768705560662759 3.34105054306314 0.496895017029737 0.807931789655669 4.55478080433859 0.798338354105294 3.53324746882506 0.216833382076214 1.41808374759233 4.07992983269855 1.24634708882137 4.43488918583005 1.31939094085473 0 0 0 0 0 0 0 0 0 0 0 0 0 0 0 0 0 0 0 0 0 0 0 0 0 0 0 0 0
1.35733167531444 0.1671939925992 6.09502126051894 8.94299434846581 0.559414351482262 2.27775900699137 3.5467319378923 2.29942234958158 1.62068401540845 4.24748105503807 1.31672550369577 3.26208648394104 2.12752545562449 0.56424782850565 0.513887891138813 0.788999445702516 1.27250133334899 0.0746903237603343 0 0 0 0 0 0 0 0 0 0 0 0 0 0 0 0 0 0 0 0 0 0 0 0 0 0 0 0 0 0 0
4.28133553744093 1.76905524503907 2.56907643247573 2.96810958244605 2.39585930121877 1.40692574204375 1.93826960488586 0.2899202904156 5.23864294284657 0.193381350604831 7.55748246964709 2.27243428573805 1.76901022752131 5.41642615343623 2.26432005784007 0.0747185287762407 0 0 0 0 0 0 0 0 0 0 0 0 0 0 0 0 0 0 0 0 0 0 0 0 0 0 0 0 0 0 0 0 0
0.367946067777471 0.293073107108563 0.865421246523766 1.59824422511952 2.04989490019602 0.646773789894831 0.785188328201418 4.02956307374241 0.525442047912023 2.58181146794879 3.45720361154425 0.382243971515675 1.88743728685785 4.14579027069159 0 0 0 0 0 0 0 0 0 0 0 0 0 0 0 0 0 0 0 0 0 0 0 0 0 0 0 0 0 0 0 0 0 0 0
0.584361328601634 0.810276715092987 3.72020695114236 1.30651559811491 0.919191345353813 0.97377677654401 0.989332383814419 2.47291251092548 4.27226463306921 2.75794782280464 0.27475950538214 1.21826280438192 0 0 0 0 0 0 0 0 0 0 0 0 0 0 0 0 0 0 0 0 0 0 0 0 0 0 0 0 0 0 0 0 0 0 0 0 0
0.267090054835281 0.770798737169175 4.07785590470179 2.09208498796143 5.65004799696328 0.262349943775515 0.536140437315972 1.21901453856445 0.187296370230322 1.21144082421271 0 0 0 0 0 0 0 0 0 0 0 0 0 0 0 0 0 0 0 0 0 0 0 0 0 0 0 0 0 0 0 0 0 0 0 0 0 0 0
0.817180902270779 0.511633933901757 0.602139446770451 0.0455108829314083 1.67493888272677 4.04661658326614 0.831315146832789 0.264346096270617 0 0 0 0 0 0 0 0 0 0 0 0 0 0 0 0 0 0 0 0 0 0 0 0 0 0 0 0 0 0 0 0 0 0 0 0 0 0 0 0 0
1.36884534626663 2.75021795454195 0.114378149244007 5.60027271692192 0.211250382556595 0.260408354777659 0 0 0 0 0 0 0 0 0 0 0 0 0 0 0 0 0 0 0 0 0 0 0 0 0 0 0 0 0 0 0 0 0 0 0 0 0 0 0 0 0 0 0
2.195682623277 1.94031420164665 1.45819682518478 1.3888539622591 0 0 0 0 0 0 0 0 0 0 0 0 0 0 0 0 0 0 0 0 0 0 0 0 0 0 0 0 0 0 0 0 0 0 0 0 0 0 0 0 0 0 0 0 0
1.76146812651566 2.46233966350273 0 0 0 0 0 0 0 0 0 0 0 0 0 0 0 0 0 0 0 0 0 0 0 0 0 0 0 0 0 0 0 0 0 0 0 0 0 0 0 0 0 0 0 0 0 0 0
