2.93364285135419 0 0 0 0 0 0 0 0 0 0 0 0 0 0 0 0 0 0 0 0 0 0 0 0 0 0 0 0 0 0 0 0 0 0 0 0 0 0 0 0 0 0 0 0 0 0 0 0
1.73374289247141 0.275376874614473 0 0 0 0 0 0 0 0 0 0 0 0 0 0 0 0 0 0 0 0 0 0 0 0 0 0 0 0 0 0 0 0 0 0 0 0 0 0 0 0 0 0 0 0 0 0 0
0.36593675275048 2.70080164282616 1.43586413437856 0 0 0 0 0 0 0 0 0 0 0 0 0 0 0 0 0 0 0 0 0 0 0 0 0 0 0 0 0 0 0 0 0 0 0 0 0 0 0 0 0 0 0 0 0 0
1.18560576415462 4.35238156131233 2.06803231047641 1.90160310333389 0 0 0 0 0 0 0 0 0 0 0 0 0 0 0 0 0 0 0 0 0 0 0 0 0 0 0 0 0 0 0 0 0 0 0 0 0 0 0 0 0 0 0 0 0
0.900515617186524 1.00185478150196 0.136164083551591 5.93704103350837 1.62444220579609 0 0 0 0 0 0 0 0 0 0 0 0 0 0 0 0 0 0 0 0 0 0 0 0 0 0 0 0 0 0 0 0 0 0 0 0 0 0 0 0 0 0 0 0
1.17794756050615 1.70028215175089 5.75699761426761 0.883598777640347 0.0218659115316242 0.728237878139477 0 0 0 0 0 0 0 0 0 0 0 0 0 0 0 0 0 0 0 0 0 0 0 0 0 0 0 0 0 0 0 0 0 0 0 0 0 0 0 0 0 0 0
0.859182018727874 1.92381270520003 1.32358687757138 0.390063333492486 2.51038306715739 3.00799626516465 3.04461230191527 0 0 0 0 0 0 0 0 0 0 0 0 0 0 0 0 0 0 0 0 0 0 0 0 0 0 0 0 0 0 0 0 0 0 0 0 0 0 0 0 0 0
2.07676315496347 4.55483771057338 0.429757859138 0.166465273858399 3.57693802637593 0.425884157977362 3.04656221095961 0.344118579394279 0 0 0 0 0 0 0 0 0 0 0 0 0 0 0 0 0 0 0 0 0 0 0 0 0 0 0 0 0 0 0 0 0 0 0 0 0 0 0 0 0
6.66485545868668 2.89489709586479 0.743273596456447 0.96860932981348 1.83925348327316 4.85425852041956 1.50601081086861 0.264605618763418 4.76750528538185 0 0 0 0 0 0 0 0 0 0 0 0 0 0 0 0 0 0 0 0 0 0 0 0 0 0 0 0 0 0 0 0 0 0 0 0 0 0 0 0
0.528823376710812 1.19630870123522 0.368136887163915 0.559157714866965 1.31176052647445 3.2078903681322 1.34268368182951 0.610460581349565 2.1395219709499 2.38411059143646 0 0 0 0 0 0 0 0 0 0 0 0 0 0 0 0 0 0 0 0 0 0 0 0 0 0 0 0 0 0 0 0 0 0 0 0 0 0 0
0.965905982075755 1.41985370338552 0.0968016935096008 2.53173187277208 0.844633150905561 3.09972605279569 0.166086443413207 0.332745331221812 2.58455831667332 1.59927662931241 1.66355817044281 0 0 0 0 0 0 0 0 0 0 0 0 0 0 0 0 0 0 0 0 0 0 0 0 0 0 0 0 0 0 0 0 0 0 0 0 0 0
0.220340867631848 2.85816775462544 1.58217732085577 2.86838694982819 2.64664019354241 0.808662522400072 2.3077910507715 1.94607827431752 4.80154003238693 1.93535335604858 2.18910112589336 2.70183154516098 0 0 0 0 0 0 0 0 0 0 0 0 0 0 0 0 0 0 0 0 0 0 0 0 0 0 0 0 0 0 0 0 0 0 0 0 0
6.65828490861681 10.3171041647847 1.74988180526724 0.554292407359634 6.21660307191437 1.5031870665725 2.62528260194247 6.12163892329927 2.47682415301381 0.0464984888728678 1.69997039009573 1.98999505026258 2.30548850463618 0 0 0 0 0 0 0 0 0 0 0 0 0 0 0 0 0 0 0 0 0 0 0 0 0 0 0 0 0 0 0 0 0 0 0 0
1.97956970473988 1.25751712471541 2.93274307422766 1.8645930175297 0.596114519493892 2.66968199088003 0.937146166428263 0.651551360019399 0.198717323099348 1.08483527904016 1.10156867907455 0.16588462665521 9.72103726848213 1.01974587336195 0 0 0 0 0 0 0 0 0 0 0 0 0 0 0 0 0 0 0 0 0 0 0 0 0 0 0 0 0 0 0 0 0 0 0
3.01414429820513 4.54599868791488 2.31327201810562 2.83096417787367 4.96499539869332 1.19243296821274 5.57096199488271 0.386076631178332 0.53935226675603 9.71334647953252 0.123768750037157 0.190167089776466 0.436333567348447 1.07513563715727 0.682830420728873 0 0 0 0 0 0 0 0 0 0 0 0 0 0 0 0 0 0 0 0 0 0 0 0 0 0 0 0 0 0 0 0 0 0
1.63654263680928 1.61782108232304 2.21211757689318 3.4421091114826 4.02188957269419 3.15812528150046 0.102966631353016 2.90968722925158 1.83014110155111 0.74490700360561 2.39293843397158 0.33476071151038 2.09411235863792 2.36065420845002 5.69071542134024 1.58674613252553 0 0 0 0 0 0 0 0 0 0 0 0 0 0 0 0 0 0 0 0 0 0 0 0 0 0 0 0 0 0 0 0 0
3.84634952579659 0.696854141055227 6.9172422838982 10.4943468068407 4.24493496389644 1.65721227812008 5.77645570553525 1.78408587132184 5.25070415792947 1.85915741212773 0.279037343435945 1.89866808745636 0.783914295107317 4.2420226118685 0.153832740455703 0.104914156983125 5.92349173935468 0 0 0 0 0 0 0 0 0 0 0 0 0 0 0 0 0 0 0 0 0 0 0 0 0 0 0 0 0 0 0 0
0.150187521387727 0.661042301029873 1.04613545537161 0.918026535159762 6.34112466385575 4.80600531668627 2.34256169684774 0.85145432338834 6.25844206616397 0.520017015674266 4.9432816246481 6.79055436151656 1.79424003724228 6.58992692821689 1.15075740642615 0.683631161626532 0.712444033001181 7.01511205854281 0 0 0 0 0 0 0 0 0 0 0 0 0 0 0 0 0 0 0 0 0 0 0 0 0 0 0 0 0 0 0
0.543258598780462 7.39617110529583 4.09336723333371 0.28531185994286 3.29614831336271 3.63931414392386 1.33634651549397 1.16843334672068 0.209886817496397 1.05556382116208 4.18140445300883 3.17293872418972 1.99942952804222 2.95128490001567 4.34507080855142 1.18009623599619 0.0503253684272655 1.71805117310037 4.29709524413868 0 0 0 0 0 0 0 0 0 0 0 0 0 0 0 0 0 0 0 0 0 0 0 0 0 0 0 0 0 0
3.04138604851609 3.33267605721828 1.60397352793556 1.59468517747583 2.44605808825258 2.47105829642309 3.59849243830801 0.000549951116289601 3.55917224954447 6.78107793804941 4.05832181082573 1.30404697704378 3.42087087549664 0.93456799471227 1.31077782387262 2.17756970807331 0.310186324464171 2.4993752112495 0.442838290343827 0.158268852345609 0 0 0 0 0 0 0 0 0 0 0 0 0 0 0 0 0 0 0 0 0 0 0 0 0 0 0 0 0
1.45883111950951 0.228904447091811 1.25901731741473 6.44233458387571 6.05156562112059 4.0999318441271 0.828714096791288 4.08738131708279 3.68447424303982 0.18392715861822 1.82082610924159 0.51703578368784 2.67205964860897 0.233675778961747 0.272779958979362 0.116100966583822 0.296199444989517 2.29549065214682 5.7163256198558 5.88664281093089 6.12089017261279 0 0 0 0 0 0 0 0 0 0 0 0 0 0 0 0 0 0 0 0 0 0 0 0 0 0 0 0
0.608721924165127 1.43163006978732 0.354204672036549 0.528873474495884 4.93957867634658 0.446236627636689 7.105600155346 2.38488367107424 0.779629164102027 0.988238904072391 4.2757894405979 0.974097811481331 0.789042999949288 1.56868808618344 4.33292396328624 1.42033002205012 0.0698836487337133 0.51283691663103 2.24931155273921 0.158236792722838 2.63920668076667 0.829230619106782 0 0 0 0 0 0 0 0 0 0 0 0 0 0 0 0 0 0 0 0 0 0 0 0 0 0 0
0.556602571443537 3.02482008413857 1.22846865570986 4.66607218086549 0.0938102221549623 1.77544435133844 0.152414777069016 2.43864020907243 2.28944244003347 1.91687440712933 1.0670321266156 0.332743884533039 7.42319312760184 2.47179598842352 0.197215829186121 0.102422685916898 2.20951649670349 0.447867193510879 1.79463239523412 3.63755235281387 2.09294097585309 2.22268685802508 3.85617735040049 0 0 0 0 0 0 0 0 0 0 0 0 0 0 0 0 0 0 0 0 0 0 0 0 0 0
0.630332425674939 3.92756861330667 1.60004765197382 0.504382119744968 6.64922935079745 0.229312888172225 4.28233945040355 2.05476796832951 2.56289649804969 0.504835029048701 2.08783753517109 2.61099370300226 0.926385996881361 0.621580015738854 0.0421878805169578 1.66717241876553 1.63299369854407 2.98789834255238 0.666610873862269 0.3881018753122 1.9678366086082 3.14626341612611 3.84186126454188 1.45821800652571 0 0 0 0 0 0 0 0 0 0 0 0 0 0 0 0 0 0 0 0 0 0 0 0 0
1.56716778400529 0.236048980112715 0.28284860438384 4.65832080512153 5.61209194524481 2.92127557396774 1.30227448823782 10.4641681778853 4.1760505653299 11.0293285217054 0.492594246152114 1.32031678288259 2.04921852509948 0.964478674026506 3.77877169547962 3.69230843489915 0.784532498157336 0.105130588409375 4.24901849623144 0.114338826288853 6.27373839326213 1.20050539365346 0.125807296973608 0.256883199736985 3.00177833105208 0 0 0 0 0 0 0 0 0 0 0 0 0 0 0 0 0 0 0 0 0 0 0 0
1.03297273466991 0.0665925179878181 0.0725708790419669 5.26682033828284 0.0378149616163399 3.07410257603683 3.58994466771623 3.41403727203538 0.314592775537204 0.866339046424926 6.21903009603782 1.16509643017934 0.00988333642274214 1.37329256741761 0.0324492331811536 2.15171755332643 3.39194978895889 0.720455175592014 2.54528935123679 1.26291572686212 1.11036141991792 0.63600733932462 1.60743249913016 5.23851276690023 2.81546272064919 0.124482676949813 0 0 0 0 0 0 0 0 0 0 0 0 0 0 0 0 0 0 0 0 0 0 0
0.846889269889923 3.70212881910939 2.88593100522821 0.493595765210346 3.49614653026376 0.176756750271528 3.89869444252338 1.72641780800965 0.178849772351157 0.10324410190471 1.29026197630299 2.07053649147461 5.74782042417926 3.21166557411889 0.613113323566291 1.00588777947851 3.627435361381 1.77534252841708 3.23487326436736 0.250322618439537 0.886927466466338 1.13037477961808 1.03395800341843 2.99705057996639 0.278280710351832 0.894389041417723 0.51977778261406 0 0 0 0 0 0 0 0 0 0 0 0 0 0 0 0 0 0 0 0 0 0
1.74189792279189 1.09864191056391 4.18557726814415 0.478765837594982 3.47969557494053 0.394185264951605 4.96014218013566 0.181722501981954 2.78698880860129 2.1927707037241 1.65128658270857 0.144388203814037 0.30137991068252 0.0926248215025631 0.238189382179066 1.20033622828518 1.43823933412263 3.07971349825178 0.663451448683987 0.719456621218812 3.14362696251878 1.52377303746003 0.841405390578269 1.5735349090669 1.57825715276257 3.77582407949672 1.08576337247375 2.27987370753294 0 0 0 0 0 0 0 0 0 0 0 0 0 0 0 0 0 0 0 0 0
2.17255041909031 0.359437530467304 1.85649747221461 1.39346552513401 3.00777907153016 4.06742353471063 5.22139633358293 1.85337099767321 2.64644229817008 0.911776855313687 4.7288467329654 1.77842344358832 2.19001097572412 1.02496254811663 0.134026520547707 4.13962223047457 0.179742251513898 1.16753010784248 0.541089761785262 2.0540040252795 0.883564943009557 3.73497841843112 0.235064685733011 3.81800605914871 0.331637377953404 0.480582692261375 1.31073105218864 7.74616696415145 0.0159362121826703 0 0 0 0 0 0 0 0 0 0 0 0 0 0 0 0 0 0 0 0
2.41759006887887 4.20269557635046 0.105450428914857 2.84313562637045 1.13358358700141 0.122816579688054 0.0440496313402461 2.00011166362955 3.05185164970583 0.499330243395565 1.27686362407201 6.25725463988775 2.29364609693155 0.183004071527416 0.693173190405426 8.34797636514235 0.772290618273435 5.66164272429422 1.209737629376 0.460464639683385 4.93753844062947 1.33956753588512 1.5867032930604 5.54900398977755 1.81639097231708 0.883986187193818 2.53995634651674 0.052693160544627 2.42891619136975 2.72777883017442 0 0 0 0 0 0 0 0 0 0 0 0 0 0 0 0 0 0 0
0.786077391082328 2.65508673030197 0.638457443914345 0.137689577660306 5.46644371419612 1.47960485125485 3.9454807236782 0.193248918910098 0.203743463991973 0.793427925264771 0.528629760190103 0.0975484465572605 0.247507329540071 4.22508815681454 1.77598121342135 5.4092151159619 0.832764010106509 1.74864532014856 5.46903243189202 0.777404727321901 0.200709978533576 2.22500819883828 2.58955784837183 3.44710826227827 0.670113455254418 4.36843009831558 1.49689978738927 1.49356765933588 2.47716959386568 5.16403618926775 0.494328710673112 0 0 0 0 0 0 0 0 0 0 0 0 0 0 0 0 0 0
2.04864480411522 4.04453957807749 0.496498955248807 0.488133302548605 0.543340203488752 1.10466589102756 4.34232005061402 1.10580942678916 4.62848561492884 9.05662364870718 5.54805996103439 1.27165219392701 0.754925997249203 3.50449889610462 2.61538663048427 3.73660806280692 0.414784980356799 0.741783365341879 1.51143898452533 0.255387355196228 1.81375426737708 3.01417690900184 6.41953105187444 2.78314395309468 3.023239523368 0.502058069241556 2.84150805813247 0.18138430131634 1.39194858660967 4.87747052717603 2.21677273271691 1.88845158143759 0 0 0 0 0 0 0 0 0 0 0 0 0 0 0 0 0
4.60410340997832 2.35479233820277 0.127293762646718 0.292692715691687 0.523351293638263 0.348805102281039 2.02612524887014 6.84110586748868 0.423879149530682 2.82650671211131 0.0150773771162423 1.21415623575089 2.90559162491858 0.165480723819767 0.867810225872842 2.16147597154886 5.19934727376204 0.158753677302629 0.650933547530074 0.271232285280927 4.46038034442275 0.966547122463441 1.81140758216781 1.9474272096935 1.81135091148991 1.8087508087751 3.26605463445873 2.89665114868577 0.966833944029258 4.63216710170733 0.0286445876986455 0.619797158920322 0.0333405699649955 0 0 0 0 0 0 0 0 0 0 0 0 0 0 0 0
2.0213482258138 1.31996881033141 3.58068689761617 4.42320104746407 4.37951758541246 0.682615793261001 3.16150337494796 5.62814755652818 2.15147081028733 0.796417197647966 1.33053920970991 5.9026657170624 3.10158430344616 4.67898063795733 1.42307089812926 1.67733158332548 1.20495521431737 6.01820466494821 0.409431381310073 3.25290915302186 0.899507602916476 0.0758732623052022 0.842002281660022 2.0875797797384 3.0470585609394 1.35013242882698 3.71839120137641 3.42850990239885 6.7022758811528 3.13065984415397 0.0700565548174708 2.83964457281988 0 0 0 0 0 0 0 0 0 0 0 0 0 0 0 0 0
3.61882821587191 3.2624926468756 1.31824416286469 2.71922822176363 2.24920189665524 1.45584515249294 2.7205193419094 1.44503792415295 2.16205984602091 1.44429546156901 1.54662274813998 0.356802276970536 2.46026017701726 1.69530303875835 0.208716489109891 0.541358747450732 0.763416885210694 1.72546205773544 3.87920627220436 3.88616528797925 3.8545610162347 5.73155718919381 0.138196203546914 0.101768813242497 1.15487086142065 3.27737578679696 1.17768104299763 0.844005175393345 0.658785398941555 0.725216226269206 0 0 0 0 0 0 0 0 0 0 0 0 0 0 0 0 0 0 0
2.20770903525538 6.59097140943173 1.65557035176537 1.61867848858824 1.02024595816489 1.54294134811081 1.41226919402567 0.0641625838287384 1.25392184886376 1.36809756974395 0.089341666265344 4.20150523242319 4.70140161983236 5.12165471941286 1.09435861176931 1.25898095923411 3.02394415155847 2.41074750549865 1.40282400449624 0.231488643958866 0.41516537973319 0.749301678807403 2.6420624228805 1.37715571840958 0.0408231138729381 0.213811218579978 3.16228986122609 2.78186825667597 0 0 0 0 0 0 0 0 0 0 0 0 0 0 0 0 0 0 0 0 0
0.199244868503326 4.23300515835566 1.3513432385775 1.55360537359551 6.0787487340579 4.08840132845049 2.26318482522353 3.85375545105613 2.14069789602862 3.01045670110569 7.27902224953305 0.980301334916134 5.35639121798968 1.87580906298861 2.64550319018261 2.57699806181275 3.40524153151987 5.01721144382235 2.51536508373039 3.99688885273801 1.6395813811524 0.929036204830525 0.878284355416558 0.154475245292937 0.4306572431093 0.154259157221516 0 0 0 0 0 0 0 0 0 0 0 0 0 0 0 0 0 0 0 0 0 0 0
2.29744372867022 1.0170871391831 3.09856426349872 3.18908944434213 1.75237323869517 1.43562066171186 1.17276363921437 1.64615535800863 4.86414720570212 3.10921310708899 4.78581458835437 3.84657566200348 0.966111599976989 2.01658225652746 3.67562228136638 2.11378029735794 0.384374800855258 0.0612659881604497 3.20015238889643 3.85764787310022 4.07269463629793 3.0573708175057 1.56848101284602 0.605341460406226 0 0 0 0 0 0 0 0 0 0 0 0 0 0 0 0 0 0 0 0 0 0 0 0 0
1.0602121617003 2.10515902573118 2.23890774154767 4.51320858495595 0.877342731924072 1.26504419058322 1.32201861061958 3.18148809430159 0.128412084761446 1.02468700704294 5.86439414981079 0.383027815876215 3.56544268282065 3.51433989180329 0.986478516238005 4.99425700433538 1.132867685832 0.236460206967143 0.0688170019061834 0.116382869466808 1.77333304184372 1.19452046678775 0 0 0 0 0 0 0 0 0 0 0 0 0 0 0 0 0 0 0 0 0 0 0 0 0 0 0
2.39328224444795 3.26116762683354 4.94943855731656 1.32385695818173 4.79720083070282 1.43118268608666 1.76928272171188 0.783153057475735 2.20252400608913 0.590446904994502 0.870188139720738 1.34510051382964 0.947173487584846 2.16321896182168 0.700888667507597 1.34529516322691 1.14695248686437 0.290992457823185 0.399231339242601 1.44675193286402 0 0 0 0 0 0 0 0 0 0 0 0 0 0 0 0 0 0 0 0 0 0 0 0 0 0 0 0 0
7.07959250084886 0.552671872042382 4.96693987888386 1.56636706448094 0.16810778197839 5.72364620288956 4.56021163831786 1.25677335605463 3.47165752109796 3.84517479280484 8.62864290106198 2.23663947358736 0.758187266406572 0.926187712050995 0.897424313517028 3.03754552238162 1.22033397873669 0.0847525204626314 0 0 0 0 0 0 0 0 0 0 0 0 0 0 0 0 0 0 0 0 0 0 0 0 0 0 0 0 0 0 0
0.333680691112505 6.16379554245034 0.290737026828845 0.0424462655735989 4.67127288341236 1.69103687822713 2.90349355722698 10.4400855528685 0.736170660977179 0.308351219502556 7.4112636087996 3.58125472495696 5.87744309652628 0.374515799220516 0.83629335212174 3.90333520149462 0 0 0 0 0 0 0 0 0 0 0 0 0 0 0 0 0 0 0 0 0 0 0 0 0 0 0 0 0 0 0 0 0
0.213442968601427 1.61827228682046 6.03208075926108 7.39370592640216 0.528161179359323 1.28273946296004 1.73904004077106 5.77595817592005 1.38944289233036 2.18013851753595 3.7950810110245 0.285528770846233 0.0175144359668203 0.367607966827999 0 0 0 0 0 0 0 0 0 0 0 0 0 0 0 0 0 0 0 0 0 0 0 0 0 0 0 0 0 0 0 0 0 0 0
2.00258324405423 0.593973278275613 0.228311968270928 2.52380887708141 3.83216707629371 4.6713073431876 5.8790369911367 0.672097950198766 3.8545997341024 4.81286127309576 3.84129015686996 0.847360758328396 0 0 0 0 0 0 0 0 0 0 0 0 0 0 0 0 0 0 0 0 0 0 0 0 0 0 0 0 0 0 0 0 0 0 0 0 0
0.396616838237507 3.9552813745629 4.28435778414431 1.16370313361857 5.4761228292425 1.48906592736443 1.34419552182052 3.30650051133518 1.16814742102121 0.520560999702396 0 0 0 0 0 0 0 0 0 0 0 0 0 0 0 0 0 0 0 0 0 0 0 0 0 0 0 0 0 0 0 0 0 0 0 0 0 0 0
0.0481020216129116 1.35407465910109 1.61384170044205 0.820105042286763 4.16201492756836 3.28458683108109 2.75768460239968 2.03712087127786 0 0 0 0 0 0 0 0 0 0 0 0 0 0 0 0 0 0 0 0 0 0 0 0 0 0 0 0 0 0 0 0 0 0 0 0 0 0 0 0 0
2.63307430994575 0.0693770933518591 2.83939639791073 0.636471293102612 2.7469858860107 4.78008491936101 0 0 0 0 0 0 0 0 0 0 0 0 0 0 0 0 0 0 0 0 0 0 0 0 0 0 0 0 0 0 0 0 0 0 0 0 0 0 0 0 0 0 0
1.60892870458331 1.0761009898699 1.1350288212763 2.97980480075916 0 0 0 0 0 0 0 0 0 0 0 0 0 0 0 0 0 0 0 0 0 0 0 0 0 0 0 0 0 0 0 0 0 0 0 0 0 0 0 0 0 0 0 0 0
5.29813106402359 0.756217253658316 0 0 0 0 0 0 0 0 0 0 0 0 0 0 0 0 0 0 0 0 0 0 0 0 0 0 0 0 0 0 0 0 0 0 0 0 0 0 0 0 0 0 0 0 0 0 0
