2.78663137051066 0 0 0 0 0 0 0 0 0 0 0 0 0 0 0 0 0 0 0 0 0 0 0 0 0 0 0 0 0 0 0 0 0 0 0 0 0 0 0 0 0 0 0 0 0 0 0 0
1.82336655854466 5.68643493108162 0 0 0 0 0 0 0 0 0 0 0 0 0 0 0 0 0 0 0 0 0 0 0 0 0 0 0 0 0 0 0 0 0 0 0 0 0 0 0 0 0 0 0 0 0 0 0
7.67917049383336 1.9198661126712 5.12171800993108 0 0 0 0 0 0 0 0 0 0 0 0 0 0 0 0 0 0 0 0 0 0 0 0 0 0 0 0 0 0 0 0 0 0 0 0 0 0 0 0 0 0 0 0 0 0
2.71311351771638 6.16199600368285 5.74136077590819 2.10110573328304 0 0 0 0 0 0 0 0 0 0 0 0 0 0 0 0 0 0 0 0 0 0 0 0 0 0 0 0 0 0 0 0 0 0 0 0 0 0 0 0 0 0 0 0 0
6.26259549798545 9.10515189046569 4.71842093676452 2.61628193673259 0.923449331937354 0 0 0 0 0 0 0 0 0 0 0 0 0 0 0 0 0 0 0 0 0 0 0 0 0 0 0 0 0 0 0 0 0 0 0 0 0 0 0 0 0 0 0 0
0.694335360160632 5.76935810191586 0.949101982635823 0.711387515313093 0.844737940811979 0.94415130788681 0 0 0 0 0 0 0 0 0 0 0 0 0 0 0 0 0 0 0 0 0 0 0 0 0 0 0 0 0 0 0 0 0 0 0 0 0 0 0 0 0 0 0
8.0548193267994 0.81229060077699 4.27644282128333 9.73024683169056 5.37166174409793 1.75390324248204 5.63464842228296 0 0 0 0 0 0 0 0 0 0 0 0 0 0 0 0 0 0 0 0 0 0 0 0 0 0 0 0 0 0 0 0 0 0 0 0 0 0 0 0 0 0
0.001640931993107 3.55514707934737 2.24223696086161 4.98791075098552 3.56592688384492 4.64810509025447 3.45825685972846 2.249084823376 0 0 0 0 0 0 0 0 0 0 0 0 0 0 0 0 0 0 0 0 0 0 0 0 0 0 0 0 0 0 0 0 0 0 0 0 0 0 0 0 0
2.49550034554525 3.33490695613764 2.59006366159105 1.36594034675197 0.970511906889725 0.618409521591994 0.497219385603988 0.0130975377758965 0.258950376668356 0 0 0 0 0 0 0 0 0 0 0 0 0 0 0 0 0 0 0 0 0 0 0 0 0 0 0 0 0 0 0 0 0 0 0 0 0 0 0 0
0.807626399100986 0.494684232055466 1.66591118271329 2.15070783874132 0.473936252090942 1.94259509907069 1.47316236462631 0.944352262138035 0.327068861762558 1.90366858393814 0 0 0 0 0 0 0 0 0 0 0 0 0 0 0 0 0 0 0 0 0 0 0 0 0 0 0 0 0 0 0 0 0 0 0 0 0 0 0
0.441794095255364 1.86259698558875 0.294055705290489 0.618637370868146 2.39771768471376 1.31530580943884 1.43272534129876 6.32849213025643 4.03415044813018 7.44561356519076 4.89555161741672 0 0 0 0 0 0 0 0 0 0 0 0 0 0 0 0 0 0 0 0 0 0 0 0 0 0 0 0 0 0 0 0 0 0 0 0 0 0
3.19432869067581 2.61842494077243 0.63286769918674 0.54636422831567 1.60319968675339 1.24418205706875 1.41489322690103 1.0509474243295 0.542773012067796 1.19138269915855 7.14580622620652 0.452416221292527 0 0 0 0 0 0 0 0 0 0 0 0 0 0 0 0 0 0 0 0 0 0 0 0 0 0 0 0 0 0 0 0 0 0 0 0 0
1.04835046451286 5.88726623873178 5.45394581968733 0.430633331853217 5.6411038644778 1.33295763193586 7.31319216309566 5.64381710151833 1.42480684372113 4.11728243140096 1.29702733689412 5.71161565098152 0.971879412659321 0 0 0 0 0 0 0 0 0 0 0 0 0 0 0 0 0 0 0 0 0 0 0 0 0 0 0 0 0 0 0 0 0 0 0 0
1.91835243978581 8.3132075049036 0.295668712061427 0.40220771766547 1.82300172305352 6.44399659151947 5.40716848135187 5.88488705041792 0.563101344674913 3.7846131553907 1.43805814032185 3.06067937714456 5.73004480570309 0.639660674997446 0 0 0 0 0 0 0 0 0 0 0 0 0 0 0 0 0 0 0 0 0 0 0 0 0 0 0 0 0 0 0 0 0 0 0
2.16295536538142 6.08993106839586 7.89258102092359 5.40314227253908 7.75761815379105 5.72029813867818 5.88878345850352 4.93216108886267 1.97058220981997 8.76723695912908 6.62856361714493 1.81693412139155 1.91127323385737 0.0316833401932164 3.53416216423073 0 0 0 0 0 0 0 0 0 0 0 0 0 0 0 0 0 0 0 0 0 0 0 0 0 0 0 0 0 0 0 0 0 0
0.355824051384358 1.51650077187754 4.9321664494592 2.98281382728734 5.62831088240383 1.60821992649994 3.96722647083482 0.480268200914329 4.00308195425737 0.701380692324639 0.268985096844824 0.616430982074861 2.44776130328674 0.495139555237983 5.43945280849119 0.201809540857563 0 0 0 0 0 0 0 0 0 0 0 0 0 0 0 0 0 0 0 0 0 0 0 0 0 0 0 0 0 0 0 0 0
1.80525129147294 5.80852542790033 1.26843984753235 1.70239921760737 1.13962518843049 0.397163720114527 3.94594260671831 8.24359753788645 1.51184420837893 4.06497639982579 4.58655962607834 0.673351126659143 3.80308531665701 0.581484747960346 0.360003089810871 5.60092958010414 0.0419659335149638 0 0 0 0 0 0 0 0 0 0 0 0 0 0 0 0 0 0 0 0 0 0 0 0 0 0 0 0 0 0 0 0
3.24009489445244 3.02113746040444 3.40275435494513 4.81213197471105 5.25779550784061 3.56556945459697 4.35383644248909 2.97622411618858 1.90687821412059 1.32120338450138 4.99773859690894 1.22513469362477 9.19041060381588 0.256483732833393 0.0348897580424816 1.23148212453232 2.35899731059388 0.457243687745882 0 0 0 0 0 0 0 0 0 0 0 0 0 0 0 0 0 0 0 0 0 0 0 0 0 0 0 0 0 0 0
0.531962187934453 5.68825135928091 3.3313415046332 4.07224128458309 5.20566219371402 3.04087010286069 3.13051535047251 0.223876874706212 1.74824686165282 4.6200556076796 0.79823483426526 5.13876322555483 2.43243971062313 6.11153099274212 0.881865569124335 3.64313593481162 0.0532301344434422 1.10689641467206 2.41987301627335 0 0 0 0 0 0 0 0 0 0 0 0 0 0 0 0 0 0 0 0 0 0 0 0 0 0 0 0 0 0
2.74775264483612 4.69974048986418 2.28086610836431 0.109589151664268 8.29863122020257 3.72032762421076 2.69795415762344 0.513027670583033 0.187741032298748 0.651611534587782 1.83579628824579 0.917757253700882 0.352413909734054 4.91628579826986 2.93354018080307 0.753405117645713 4.34278453456262 0.393664302556561 0.813805760679499 6.4737745443065 0 0 0 0 0 0 0 0 0 0 0 0 0 0 0 0 0 0 0 0 0 0 0 0 0 0 0 0 0
2.85676749172454 6.48948531470146 0.687087651269288 1.83948510358157 3.49771410021584 0.148747026491731 1.44491383771705 0.215101113295168 9.21638836591416 0.514335245724881 4.80406726194834 5.3800978281176 2.76109787108122 2.61010579541488 0.66854244738134 1.43424718088711 0.172584969887303 0.378065740673128 1.35554269758796 5.04384311167629 1.76499372531041 0 0 0 0 0 0 0 0 0 0 0 0 0 0 0 0 0 0 0 0 0 0 0 0 0 0 0 0
5.19990565211536 2.63422442649994 3.23137262174202 6.4459020982973 0.661379942436058 0.688663439128427 1.30134935613629 3.23829586888941 2.00655317371708 0.925480152398836 4.79870028764614 1.53143704006347 0.197261720862484 0.24406599843399 2.4356524853782 2.57645927993512 1.98069416762532 2.6899887390314 0.100559163696265 0.526079360706821 3.71018209511651 1.39877966479778 0 0 0 0 0 0 0 0 0 0 0 0 0 0 0 0 0 0 0 0 0 0 0 0 0 0 0
3.44058802739454 7.10833026716444 7.61104414400106 2.93922510054251 2.57854113284344 3.28738188576948 2.91512991241788 4.51130911335469 1.10048521764754 0.898069608635986 3.63894550438886 3.81909609594499 0.797398198759277 0.771600089257545 0.66572757345078 3.32781024608843 2.37691171736813 0.181837514177461 1.70497042987081 0.0681893049358703 1.80354280636106 5.33488472100533 1.4167102387954 0 0 0 0 0 0 0 0 0 0 0 0 0 0 0 0 0 0 0 0 0 0 0 0 0 0
3.19403061728168 0.451336176577457 5.37418055924789 4.04854798075237 5.19360010254131 1.39304106082953 7.19762760545255 3.21556023230188 0.831934383202956 0.271541018901634 3.02769007718575 0.44896657178342 4.61445915892638 2.93273820911234 3.32178355354833 1.96795104057898 4.87654042128779 0.329556196137955 2.74905552546748 0.264965330573117 3.10620518040697 0.335971530558769 2.45200419821747 0.472813524468651 0 0 0 0 0 0 0 0 0 0 0 0 0 0 0 0 0 0 0 0 0 0 0 0 0
5.3344974153134 2.17767363667364 1.93274359560701 1.70468556074316 3.19447635454003 0.489059920845936 1.72773938847112 0.815920146044298 2.20525241473515 2.56412518581929 0.278571242025556 2.56602356317547 0.587621291415851 1.47810858702527 1.78082742958981 2.08771857177307 1.48223637975054 1.51885228023671 0.976868349422438 7.34613317073967 1.15978224155168 1.10018267312644 1.51484447180368 0.0629382649664238 0.81861331991385 0 0 0 0 0 0 0 0 0 0 0 0 0 0 0 0 0 0 0 0 0 0 0 0
3.84015170469479 0.528932610087209 3.8002102839147 4.63149578651404 1.76167044001008 4.15610031646061 0.81853094461132 0.32442321276977 0.673159261169111 0.0654408117461586 5.76303933956205 3.19192011576113 0.0916276122751403 3.39299006252713 3.7783414516374 1.81221954469871 0.315829899748838 1.15861502074508 1.85517641801142 0.599922645289204 1.14243693873439 1.17621804731601 4.01448793311294 3.40621418739629 0.0256370460191165 0.745610175774382 0 0 0 0 0 0 0 0 0 0 0 0 0 0 0 0 0 0 0 0 0 0 0
6.38576357330203 2.74646032941892 5.35176939385228 6.03793763042172 4.9553699445976 3.39802707220508 3.17211803144269 0.67439851163773 1.56106404920514 14.7315906395304 2.1631699480504 0.804460992205946 0.0366756065345591 1.28160032368557 2.90992355060914 3.42997772957551 0.556748269295958 5.3969837948228 0.514182451864916 8.98225463276193 0.382190372753329 1.55890935392437 11.182906050985 5.08739719323103 2.63014931760298 1.00049336255402 0.418254505291317 0 0 0 0 0 0 0 0 0 0 0 0 0 0 0 0 0 0 0 0 0 0
3.6242438997179 1.08879174426954 6.33078814861702 2.89727181935663 1.93321136996433 0.0457987512108009 1.04795374915394 0.354854629233286 6.47775167176407 1.60143844700924 0.196430736421249 0.228319681951855 2.12478582676994 0.306042516039022 2.34221948646891 0.090822735247029 3.27273514744075 0.0810107283046144 1.24258042296981 0.5648141648823 5.61291847000858 3.01649900216368 5.37688726777252 2.05972037302011 2.44813406124537 0.436257037923868 12.0564833813631 4.22655811038375 0 0 0 0 0 0 0 0 0 0 0 0 0 0 0 0 0 0 0 0 0
1.78873063708816 1.78529922248356 10.1040029241097 2.38102315254926 0.511360485865881 0.346745126972302 0.146331768706532 0.356460388232667 4.31410782213587 2.77621559747445 2.31694624956159 5.18565326549896 4.69522259292692 2.01315528749961 1.40074963717055 1.62303061102277 0.112020317025629 1.10392613313965 3.64549512493614 0.167333976262879 4.8213282170573 1.72531408526291 2.34457009563983 1.89157439757298 2.17500453246687 7.24578325409935 3.27447446993527 2.99524115757246 3.11134868293048 0 0 0 0 0 0 0 0 0 0 0 0 0 0 0 0 0 0 0 0
1.84095433062986 3.63538675314447 0.0806763515186971 0.41070975301479 4.67940515241585 1.26089776670836 5.90656356971657 2.05310201623668 2.50504981624277 3.55268726142537 1.43241167255237 3.60662361766738 6.7224713119699 1.0331211949497 0.151766469524313 3.52557331716685 0.181287955057782 0.607301574402465 0.481719081842698 2.28492084182445 0.0281876882079342 1.7299024153735 3.85422984948075 3.30951751639421 2.00370480013744 0.710060171477955 1.94829176050392 0.97624931201165 0.937234197353792 1.05888865341419 0 0 0 0 0 0 0 0 0 0 0 0 0 0 0 0 0 0 0
1.15246016752328 1.98063642874312 0.117900449828024 0.673810075852246 0.401665661124921 0.637114309783431 2.25516487545409 0.786508533208427 2.38566405267265 3.03433237891206 4.42932672360095 2.99216555079028 1.5169327072265 1.98401302533173 1.50181363289342 2.86644030131077 1.30296881871174 3.86200088076878 2.64558741379141 0.179125968180183 3.83700976644745 0.76804864345166 0.027679003488545 3.4208041119456 2.82465998461061 2.79352915370793 1.69141063672032 0.148763345565779 2.61480818788717 0.839214631184679 7.66873415924128 0 0 0 0 0 0 0 0 0 0 0 0 0 0 0 0 0 0
1.66327418072769 0.528383253619768 0.0651227902647609 0.340183623835876 0.312952765575071 0.939157350695633 1.60561968495401 1.56733586386548 7.67348293367056 2.51147435065012 1.07358854694033 1.88430586716672 4.5161914778882 1.39391468251041 1.19163244533334 1.04809385605729 4.2131506494243 7.40028453304505 4.86302699677822 0.365232128072577 1.12589844850538 0.130757645379747 4.6900127680139 4.13205086224378 2.716618982653 2.22344511298571 1.32095764872322 2.42844897744188 6.48415875212337 0.244804419472329 1.11234244092369 0.146240554980746 0 0 0 0 0 0 0 0 0 0 0 0 0 0 0 0 0
0.788177586378308 1.28422742337585 2.27196579594526 0.64440039308734 5.18292398812458 2.10830703735483 1.35311043462812 4.63802088901874 3.94734624176594 2.8580017844405 3.62026478152375 5.4628182460469 1.4259113850169 12.0280102905726 1.2977269060462 0.480468672306801 0.177398619364594 0.0201521133240845 3.77175146357513 9.49428138047882 0.686538551346446 1.14862717889311 1.42461298105052 3.21229894865592 0.498432741012296 3.05952918820167 4.16659058073823 2.11656927685612 2.51748629173549 3.20743480383038 0.151730622872811 8.77060922967452 4.98578190901491 0 0 0 0 0 0 0 0 0 0 0 0 0 0 0 0
1.92197002937627 0.352732000413783 3.3967243421842 8.56585558941364 8.95762905580692 1.65766415861853 1.75408762907803 2.96635567600214 3.43782492482788 8.44843624527676 0.893691569267397 1.50476712273858 0.954243731659085 1.59003970090591 1.50500700537572 4.71274420729883 1.73793615712659 3.90066304712419 8.72876162523428 0.606215327470342 0.261218424967302 2.25746296765467 3.96090038096954 1.95527835762376 0.617604533315231 0.842425517108544 2.02247264032386 4.71198920643235 2.55038695969031 0.630924146520493 4.14481619940355 1.39804202028812 0 0 0 0 0 0 0 0 0 0 0 0 0 0 0 0 0
0.168591675644499 2.5009711186814 2.26663616774635 1.16309111225095 6.50861506688539 2.37811733545363 2.78750093783298 4.79578371708582 4.39127813250197 0.937757060199551 0.332620630993903 7.3148263798551 1.9466777540041 0.342628890765708 1.31294072914924 0.832657029347047 0.462180164709109 3.38991563629354 0.0861715941731454 0.571660198715828 2.20633220933857 0.729611625671743 6.32140926093051 5.00649632397796 0.954793205552464 0.654188688730922 0.321274957826118 3.26313721745291 0.0769329503542003 2.94355935787464 0 0 0 0 0 0 0 0 0 0 0 0 0 0 0 0 0 0 0
0.763389874603872 0.472218054997415 0.0313222085687027 3.4811633967083 2.27378498770755 1.04791728575556 3.66207181529127 0.447016344213176 0.717065526200446 1.75092918078621 10.0582089987455 0.290351904744324 1.3779623855242 2.80481879984218 2.1710019611696 5.53894233395936 2.03080657996694 2.18222762806403 1.52755420691129 2.32007526433994 4.74503746517269 1.25851682044951 2.15824316972854 0.117513769841408 1.54366300686871 0.133374215920984 5.49416757975925 0.138839721435275 0 0 0 0 0 0 0 0 0 0 0 0 0 0 0 0 0 0 0 0 0
3.74487301538922 2.47860735634266 2.67459101732306 3.24053644173377 0.28055136084795 2.38898758370878 6.04628444619617 0.795879487025204 1.39507151467169 17.3054804853511 0.0158111940688665 1.25083889583967 4.20962426548033 0.604808951565433 1.31842554291025 12.5483443094501 0.867665200430939 9.00003205205228 2.03910217221575 1.92404554443639 2.49084827750335 1.90253880115229 2.2438158964514 0.0917882884428776 5.42966969202067 0.816031932767492 0 0 0 0 0 0 0 0 0 0 0 0 0 0 0 0 0 0 0 0 0 0 0
4.77463014523753 1.73536878894563 3.95850917383154 0.265388467859473 3.85237764495327 0.507046301880734 0.00433748739213211 0.639478090363764 5.20859724234825 0.22415659740921 2.14382970402975 0.857043470959314 2.64964526833254 2.02700480056656 0.604148779989001 0.27806626266186 6.4029868292239 3.31708680679029 6.18387313330428 2.24458478335889 7.33738712212569 1.10488098961027 0.971703851603926 1.48941114115236 0 0 0 0 0 0 0 0 0 0 0 0 0 0 0 0 0 0 0 0 0 0 0 0 0
1.71827107342963 4.37004541762361 1.30170082246366 0.0473620854693664 5.17343731273928 0.570812458655161 0.468503292945376 5.89202275367265 1.63481642142999 1.81240575226219 0.225539994959832 0.528292039882607 0.706656787306808 0.840753190988854 0.661249207165373 1.92312995472042 0.203448637760363 5.07255662969542 3.97580219635065 2.80647912721103 5.31386622983308 2.78393383835556 0 0 0 0 0 0 0 0 0 0 0 0 0 0 0 0 0 0 0 0 0 0 0 0 0 0 0
1.64001161912408 1.02378273225876 0.693713317102671 2.22562561963546 3.68534753728503 2.0767014466096 8.17832199705767 2.53457680286194 1.41139197295493 5.63406470484965 2.29903418229814 1.22684131279069 8.51966489092308 0.0523219298308158 2.72086381101428 8.98977884698679 1.6406516328317 0.827755625358023 7.70391787383154 0.631092530090367 0 0 0 0 0 0 0 0 0 0 0 0 0 0 0 0 0 0 0 0 0 0 0 0 0 0 0 0 0
1.37866547488412 1.27465739372343 1.99892613447181 5.22444886509194 0.461823257764301 0.448682491454319 0.361591796204592 0.397481381496047 2.58943429638556 0.633376033092717 0.405985731695517 6.10222399573676 0.330385251822353 3.30293802923725 0.0488715069798419 3.64063319003811 7.25317532554842 5.55285214667807 0 0 0 0 0 0 0 0 0 0 0 0 0 0 0 0 0 0 0 0 0 0 0 0 0 0 0 0 0 0 0
0.172143410811076 1.04253785728293 3.98205869850006 0.5248243732012 8.34410145893522 0.367514660932788 4.43260471922346 0.551420903069663 3.49881510390167 3.25570472329605 5.18422148569243 2.33962219699944 1.69311686943953 0.578991535622335 0.818810269943526 0.0795685513101994 0 0 0 0 0 0 0 0 0 0 0 0 0 0 0 0 0 0 0 0 0 0 0 0 0 0 0 0 0 0 0 0 0
1.64663865452362 1.24681218598439 0.176493317571732 7.60872114976864 3.3856316496814 1.17479116611895 3.20688144332138 0.573201276709034 1.41930118295141 8.7294035191833 0.21108363864848 1.91999549449466 4.20094033570781 0.0314435233362584 0 0 0 0 0 0 0 0 0 0 0 0 0 0 0 0 0 0 0 0 0 0 0 0 0 0 0 0 0 0 0 0 0 0 0
2.72583734717901 0.916653833466668 2.13575772667045 2.19630656083589 1.9987789220982 7.11388110690843 1.02360338425487 0.821667112664655 3.69875987099276 3.8651793475706 5.41097750919554 6.41343702183898 0 0 0 0 0 0 0 0 0 0 0 0 0 0 0 0 0 0 0 0 0 0 0 0 0 0 0 0 0 0 0 0 0 0 0 0 0
1.1411381460438 2.15393843989789 1.84922869481675 4.82140886521492 4.81408505590744 0.360046717801571 4.99873772886276 2.74870018349201 4.17267843457149 7.76153225237806 0 0 0 0 0 0 0 0 0 0 0 0 0 0 0 0 0 0 0 0 0 0 0 0 0 0 0 0 0 0 0 0 0 0 0 0 0 0 0
4.69974609281824 0.146032791596696 0.640074864506261 5.40101643630684 2.39885359957606 4.90026881521073 4.77674766216297 0.18524993598688 0 0 0 0 0 0 0 0 0 0 0 0 0 0 0 0 0 0 0 0 0 0 0 0 0 0 0 0 0 0 0 0 0 0 0 0 0 0 0 0 0
2.51101911885332 0.321539986062057 1.00823405240014 0.787520438285535 4.17949057523819 0.550724168286759 0 0 0 0 0 0 0 0 0 0 0 0 0 0 0 0 0 0 0 0 0 0 0 0 0 0 0 0 0 0 0 0 0 0 0 0 0 0 0 0 0 0 0
1.22681055723546 5.08668812641897 0.934071749437647 4.51562554296114 0 0 0 0 0 0 0 0 0 0 0 0 0 0 0 0 0 0 0 0 0 0 0 0 0 0 0 0 0 0 0 0 0 0 0 0 0 0 0 0 0 0 0 0 0
3.35796387470486 0.110681157110033 0 0 0 0 0 0 0 0 0 0 0 0 0 0 0 0 0 0 0 0 0 0 0 0 0 0 0 0 0 0 0 0 0 0 0 0 0 0 0 0 0 0 0 0 0 0 0
