13.4879935120494 0 0 0 0 0 0 0 0 0 0 0 0 0 0 0 0 0 0 0 0 0 0 0 0 0 0 0 0 0 0 0 0 0 0 0 0 0 0 0 0 0 0 0 0 0 0 0 0
8.50831697942813 6.19539364391564 0 0 0 0 0 0 0 0 0 0 0 0 0 0 0 0 0 0 0 0 0 0 0 0 0 0 0 0 0 0 0 0 0 0 0 0 0 0 0 0 0 0 0 0 0 0 0
4.26226080956388 5.04822195282531 2.15159972021618 0 0 0 0 0 0 0 0 0 0 0 0 0 0 0 0 0 0 0 0 0 0 0 0 0 0 0 0 0 0 0 0 0 0 0 0 0 0 0 0 0 0 0 0 0 0
8.5964505927698 11.0506573247389 0.421119197916521 0.0238837623059966 0 0 0 0 0 0 0 0 0 0 0 0 0 0 0 0 0 0 0 0 0 0 0 0 0 0 0 0 0 0 0 0 0 0 0 0 0 0 0 0 0 0 0 0 0
6.37856446640884 2.3771377325308 1.25482060262058 3.16308164246785 14.3903090626533 0 0 0 0 0 0 0 0 0 0 0 0 0 0 0 0 0 0 0 0 0 0 0 0 0 0 0 0 0 0 0 0 0 0 0 0 0 0 0 0 0 0 0 0
1.69560348466938 5.55430891755715 1.18889679933998 0.242437527052143 1.63188103427709 4.69212159994228 0 0 0 0 0 0 0 0 0 0 0 0 0 0 0 0 0 0 0 0 0 0 0 0 0 0 0 0 0 0 0 0 0 0 0 0 0 0 0 0 0 0 0
4.12489612491942 3.19558580223156 1.50475718275575 3.256813986557 3.12137242209566 4.94385454284309 4.5591913805543 0 0 0 0 0 0 0 0 0 0 0 0 0 0 0 0 0 0 0 0 0 0 0 0 0 0 0 0 0 0 0 0 0 0 0 0 0 0 0 0 0 0
6.21901786751002 14.8100172595326 5.69496765204875 11.433129171691 3.25984724579382 6.07978126590442 2.39380479754689 2.45003619779148 0 0 0 0 0 0 0 0 0 0 0 0 0 0 0 0 0 0 0 0 0 0 0 0 0 0 0 0 0 0 0 0 0 0 0 0 0 0 0 0 0
6.30717477192168 6.07279421984926 2.62922868469753 2.46997340764105 0.266605078721851 0.707911970801089 0.164417323738618 2.88500655922905 1.87964312005114 0 0 0 0 0 0 0 0 0 0 0 0 0 0 0 0 0 0 0 0 0 0 0 0 0 0 0 0 0 0 0 0 0 0 0 0 0 0 0 0
13.6338726413266 7.46388996028261 2.95531130969362 3.19240832312271 1.11041863000677 2.65877162904447 2.36367530093401 1.76114945698228 1.02388386140597 3.36602164104368 0 0 0 0 0 0 0 0 0 0 0 0 0 0 0 0 0 0 0 0 0 0 0 0 0 0 0 0 0 0 0 0 0 0 0 0 0 0 0
11.8691474368721 2.49334746215923 0.996688384801957 0.915272748209268 6.99835339286399 0.665441961428804 3.78783506212761 4.30642663927644 4.34903844279133 7.96263849032148 0.348367716253262 0 0 0 0 0 0 0 0 0 0 0 0 0 0 0 0 0 0 0 0 0 0 0 0 0 0 0 0 0 0 0 0 0 0 0 0 0 0
3.90823912004458 3.45052857174098 7.67526737876705 0.251333266206766 2.06467543712385 2.57855343347309 7.72138285247377 8.35150330865675 5.36917859649517 5.17142372568 3.97988047007179 4.36995288475139 0 0 0 0 0 0 0 0 0 0 0 0 0 0 0 0 0 0 0 0 0 0 0 0 0 0 0 0 0 0 0 0 0 0 0 0 0
1.22891518256824 0.154172367896469 5.07421559647947 0.0280204710920402 0.183362158346629 2.27705158967448 9.42302292748597 4.49254273627152 3.08865825296338 1.3822222621917 0.187693397413049 16.5463780505648 5.99558139846906 0 0 0 0 0 0 0 0 0 0 0 0 0 0 0 0 0 0 0 0 0 0 0 0 0 0 0 0 0 0 0 0 0 0 0 0
1.41988106247912 1.61465246284756 0.471360145734637 1.75163640663787 4.21395805836942 8.84205339991323 6.36822997878724 7.87099252885117 6.33791472002189 4.53067503687529 2.07112523309643 2.27391269715526 6.50524531582624 2.31058557036628 0 0 0 0 0 0 0 0 0 0 0 0 0 0 0 0 0 0 0 0 0 0 0 0 0 0 0 0 0 0 0 0 0 0 0
0.796658004088481 2.09431038353265 0.788228621419254 2.30153110424796 0.474456550718741 3.49215393559356 1.27243649776378 5.71935881822995 4.9745088474543 2.66800871688474 1.4314679067499 5.71252369762275 0.00281286497961965 0.191262144067253 1.80394456741402 0 0 0 0 0 0 0 0 0 0 0 0 0 0 0 0 0 0 0 0 0 0 0 0 0 0 0 0 0 0 0 0 0 0
5.517349040171 3.37491845764186 2.68171789092011 4.90603727179445 15.6963784895977 0.361722884540851 1.89574661373741 0.742292347997519 0.378322213631957 1.19150932468169 1.4411791844253 0.689939440823574 3.69023106534218 7.95879023795066 1.33433477733746 4.58380601204794 0 0 0 0 0 0 0 0 0 0 0 0 0 0 0 0 0 0 0 0 0 0 0 0 0 0 0 0 0 0 0 0 0
1.15154492799554 3.29906889073334 1.39633950092229 5.75675693270125 0.849395041091306 1.73440575423037 5.0760770633262 0.573861490948274 1.82836757495796 2.21416939753798 4.21909291378669 0.802359322333589 2.7769000396076 0.267561700321244 2.64221302910216 2.0495495552607 1.48631101030469 0 0 0 0 0 0 0 0 0 0 0 0 0 0 0 0 0 0 0 0 0 0 0 0 0 0 0 0 0 0 0 0
4.85804244796271 3.34327729470766 3.58468266195068 0.28602310975136 0.0155444955858422 1.88651980823326 15.7298011706975 3.73407056224307 7.46241770679204 3.40309491039445 5.28244017483289 5.73859720462584 6.04035460844261 8.6647025382038 3.18347154824206 3.7440494375568 2.61483047764503 9.09631158748941 0 0 0 0 0 0 0 0 0 0 0 0 0 0 0 0 0 0 0 0 0 0 0 0 0 0 0 0 0 0 0
3.4757616277469 8.53998591037312 3.24435982933187 2.75348298746875 0.406352359507612 3.84807697841758 0.890481856499678 7.42551160374662 3.35032725734352 2.83783231324083 4.17086400370658 5.19805888526898 7.85526483216702 1.68816530393202 5.59310217879431 2.47103666392494 0.902607621768515 3.37046301699861 2.89390605241011 0 0 0 0 0 0 0 0 0 0 0 0 0 0 0 0 0 0 0 0 0 0 0 0 0 0 0 0 0 0
14.1906398738579 1.26922565495456 0.174302585672457 1.75563659015501 0.591991373843762 0.535975850165521 1.80395484497479 4.42101405193577 1.43985018712497 2.06059675778144 1.4872839580837 4.75481432534617 0.172395157975196 2.41982400707697 4.01168292034539 2.2118393063293 0.702948334520347 5.87874076587275 0.515180601531253 0.151685859201442 0 0 0 0 0 0 0 0 0 0 0 0 0 0 0 0 0 0 0 0 0 0 0 0 0 0 0 0 0
1.22926435332811 1.29665811934093 2.78125615209936 6.36597446120524 2.05698653872398 5.87249180753867 2.59798475735842 11.1250197347916 1.76649282099457 4.12824820236223 7.01172653383482 3.13132658580066 1.42553848468441 4.40852191539133 8.94837621537953 1.46196379074345 2.04305211448977 3.24796369169732 0.908470524740078 0.687808411191721 6.16082040721883 0 0 0 0 0 0 0 0 0 0 0 0 0 0 0 0 0 0 0 0 0 0 0 0 0 0 0 0
4.1481158529404 0.109961986515286 5.16152412571218 3.6087951614608 1.65810753151505 0.615112829017143 2.28740777535326 4.07823709248151 3.09263217297584 2.45947741308445 2.52650857584444 0.376265063433493 5.02675129418895 2.76294704740357 1.52454053188669 3.67571072379928 0.752299435439446 0.533843930451534 5.43703587805926 2.35557968581152 0.907015786173435 0.420606852592315 0 0 0 0 0 0 0 0 0 0 0 0 0 0 0 0 0 0 0 0 0 0 0 0 0 0 0
4.48302869874342 1.42152239785783 0.180927945473245 3.72294478682703 5.46532967066017 0.131067767338611 1.58594926665327 0.770620828979956 4.91519598414223 5.32872950039236 1.64765120948345 12.3501965872722 6.74887982392749 0.620195096210394 5.52475268234348 2.12544578376068 5.27258331087937 11.071503899463 2.77510861635872 0.382995948896298 14.9122924189129 3.40315254217884 4.89899112888199 0 0 0 0 0 0 0 0 0 0 0 0 0 0 0 0 0 0 0 0 0 0 0 0 0 0
2.99602132437156 0.512127220378543 7.04723556446616 0.0285710826882923 1.14297569110026 3.9949521532559 7.21812513944206 1.43961534849473 0.452304272105158 1.77216768108353 3.08927205585862 19.5992362424971 3.30211328401239 8.62242054625712 2.31576087169469 0.692083523474332 2.60212457131579 20.9354355930752 9.88308873886214 8.01433281557776 6.65255647311108 6.73008573409269 10.9055631198146 3.38607076267242 0 0 0 0 0 0 0 0 0 0 0 0 0 0 0 0 0 0 0 0 0 0 0 0 0
0.069092116686951 1.88353745518344 1.29121349794471 1.53628927527391 2.46100318085605 2.92791189509662 1.61876284498006 3.73389636331738 2.62421417452859 0.525496480411239 3.16209379018632 2.72757023191765 2.5666533636359 3.4825062862791 2.5581296134055 1.37645837397727 4.78819152855278 1.78069719163516 2.71482758137267 0.468291310310915 0.905053850193925 0.38385661526199 6.1877924030346 1.73583813868885 0.575965189988285 0 0 0 0 0 0 0 0 0 0 0 0 0 0 0 0 0 0 0 0 0 0 0 0
3.02690215609404 6.06043567743684 3.77111154034402 0.805085132762603 1.46278607210567 2.3195591584845 7.73006324923406 1.52168184509781 3.4470084693956 1.6835872651841 1.60833433926982 0.865080688859732 3.47883715911131 5.55625360507288 0.0613171808495583 0.820197289620207 0.87270304833889 6.90396014692644 0.468657139582627 0.0736924402745732 3.63381609451675 0.768326518896455 0.391238328028647 0.265857482341488 0.0802454916299273 2.30373477908802 0 0 0 0 0 0 0 0 0 0 0 0 0 0 0 0 0 0 0 0 0 0 0
5.6956233754904 10.9769879659411 2.09494047704042 4.5401096909024 7.87113017211934 2.64658129115541 0.00289945324239636 1.06257624819932 0.522250231426403 1.42568259903486 10.8332948375035 4.21147909011258 7.37808281336051 0.0917790509785867 0.506989109611719 3.84120350947524 1.33794546707898 1.34256073306922 5.95099822383414 0.486119229946651 2.0338880369105 0.965458354460802 2.45779884494245 1.40947061500911 5.5759291338267 0.380601184201818 3.19614131477778 0 0 0 0 0 0 0 0 0 0 0 0 0 0 0 0 0 0 0 0 0 0
19.2622194324811 25.0296372740924 7.34123232749752 6.22494766053288 16.8972892243547 1.09753141168508 2.06871028365708 6.21817043109647 1.78044936459485 13.2226731797271 8.88973416632691 3.16521017777325 3.09813954699726 3.83318402911954 3.96452200230587 6.2932221771539 2.96447411411673 2.30689360012045 0.976819347713126 1.7534527179025 18.9998854819773 0.528618279723654 6.88510897288789 0.483617865592604 1.02864940098133 2.1354059319337 5.58817491235483 2.90111658170221 0 0 0 0 0 0 0 0 0 0 0 0 0 0 0 0 0 0 0 0 0
17.9063229122152 7.46922490792081 5.66958926873669 7.98363385294305 4.32226008523763 2.32630038360487 0.165915155121695 3.77644175535328 3.49820718818697 6.23097106657714 7.95190998821421 3.20853920307064 3.13638919321593 2.20728750603567 0.885779710301822 5.60380723443583 1.00521946170723 0.487661287212609 3.11761573318462 10.8392493955642 7.90762425707126 3.98777378647013 2.66300946490965 0.911612270188685 0.96992394023128 3.63668258883368 2.08887986048802 2.54569600796109 5.70840391766879 0 0 0 0 0 0 0 0 0 0 0 0 0 0 0 0 0 0 0 0
3.74309315578395 3.53847943438921 2.76337542620805 3.27718062514284 1.88100279049426 4.91298816045777 1.88055859229404 4.73878925785024 2.33567486832114 4.34582111884416 3.99761016705909 20.4909922361078 4.04986577721248 8.39703138015242 5.1668525230798 6.31241047531161 0.532651134170713 9.10061801206827 5.72562505824315 3.38019894422804 7.13614983734468 1.70450337301889 7.28028249564138 4.63290152290242 1.04570906585509 5.81733795971349 3.23077896874925 0.47318333213189 2.25904212695195 2.43391956692308 0 0 0 0 0 0 0 0 0 0 0 0 0 0 0 0 0 0 0
7.22619866185587 6.95513033319099 1.64835638500966 5.61061208294046 3.74827478088264 0.798971333437729 3.60313151983145 11.743379132739 10.4880777457308 2.90299687790125 6.79616827941379 1.53447040243923 1.59969937606348 0.699342996922506 2.05882931504814 1.96433208869594 4.6557240623364 1.7207473467102 3.62167939574153 8.71402092622875 4.46559531254639 1.3729321049387 0.704342409416593 4.89126331727751 1.02608710064294 5.2860033614342 0.831769473671247 5.06740024869209 2.37916943459635 3.9408336886577 5.33518914575692 0 0 0 0 0 0 0 0 0 0 0 0 0 0 0 0 0 0
4.71317423671352 2.66142244398626 6.69664348534561 4.97000883046992 0.233531167101818 4.20370051319068 5.54417393508688 7.12167721640528 4.66262836485831 6.21635476255326 0.599092291355277 14.7663738139512 7.11219185662601 6.70762323666284 2.71267281786855 2.76777234574454 0.478939018207698 0.88112832943567 2.26978911634089 1.62164923679369 5.20423932867667 4.8433563772066 10.4097022733723 15.0193173508922 0.995021331265028 6.44935228366954 2.75515420172345 3.87722941183364 2.71377582725821 0.077715402303107 0.408666596779824 5.53189709026871 0 0 0 0 0 0 0 0 0 0 0 0 0 0 0 0 0
4.58120416681955 3.2142025410025 4.88154807184188 1.82963260892241 13.3078579651679 0.671635405411026 5.84654048560192 5.00283969641837 2.01268069136803 2.99860185107224 3.94733272625751 0.365698428172478 2.76526036666763 1.94007948418426 2.81552870558758 21.4543541965863 3.94073645681835 8.32148445222118 0.902368755768942 0.416972155880016 6.89587305953275 0.550986086174355 2.94246585239669 0.863732441264607 1.82278555999114 1.51700419199442 7.92954406675794 8.88524690911631 15.8884901919227 2.20543522103885 4.66583458695621 1.73917645396406 2.41558985939164 0 0 0 0 0 0 0 0 0 0 0 0 0 0 0 0
1.83362670063582 0.0378045664783956 1.32430846382592 4.03241648407821 0.23261819487021 2.55390222197776 4.03818147051702 0.821248415024886 8.80252438418877 3.23792915414563 0.29908573124323 11.9759531466549 8.30391185384901 2.59943063876006 0.991982188907999 1.25620487948534 0.395914810048807 5.13585610719804 2.46879553650953 0.371189647980211 5.15899498681741 7.60820251045726 6.22964706992533 27.9339143339034 3.09117423158314 0.499660674760812 1.63294661463062 0.18306477663446 1.10280527125043 7.88625174026594 3.24896509977878 0.458963725895196 0 0 0 0 0 0 0 0 0 0 0 0 0 0 0 0 0
8.07641517323879 1.94936825803183 0.929834931162148 3.69443956153918 4.22178988390461 3.67932874175965 15.4182843174129 4.82591946075518 0.126311373746556 0.337999666301389 2.52031651955863 6.91681560652276 0.256376835157676 4.36779321990524 1.53575229158264 16.3621741478353 4.63026168584027 6.68381127754083 4.95501953911792 10.2550531910406 12.8085458496898 0.797606380724324 22.9129118011799 2.87514975772332 4.37403299892232 0.664651359025934 2.96840557293657 1.75069933631257 3.93870321369965 6.35845952338841 0 0 0 0 0 0 0 0 0 0 0 0 0 0 0 0 0 0 0
0.210795134065651 3.44049521815434 3.89573198979387 1.66905365415788 0.0841660824425429 3.26661527810357 3.13749343703698 0.483462372045152 0.397041527955571 1.02530018392448 5.71596986869389 2.08635307494111 0.948456579398957 1.46406267991931 0.60671812051039 6.08402404802251 3.13548091302744 6.60712578021344 7.23449411272253 6.69410830166884 4.15478140315643 1.96022139456328 13.0119417081016 5.53055617608762 0.924475436331013 1.91942257085665 0.632795780899917 1.1200557747322 0 0 0 0 0 0 0 0 0 0 0 0 0 0 0 0 0 0 0 0 0
5.17779383852231 5.90513730642024 4.63363247871226 5.68818432308261 2.75800378438717 4.41538108823011 6.39017551954168 5.46437062111393 0.385294231158643 0.156922494645621 3.12688104055019 4.49236874117 4.89913759472098 9.07769476743404 0.101587268988454 1.28597674192359 3.67940588858739 7.6881203546088 8.1316197637091 2.79316209065539 7.96717825585607 0.234523266787454 0.766616187087095 0.456162693194718 0.80415313820634 0.226332951853807 0 0 0 0 0 0 0 0 0 0 0 0 0 0 0 0 0 0 0 0 0 0 0
5.86691784956594 7.23329422370132 0.394357918684075 2.02477163671183 2.73073784050582 0.186540643266023 0.508928869083942 0.185474982646896 0.354841384282382 4.77183632228123 12.8260639388 1.11660971491205 1.88471510284992 2.37346143147845 2.64201610877735 3.02992479164225 1.00254018278577 3.46177054060946 0.451414957542455 2.43557915470534 0.0832770967013888 7.91515578528495 0.578125201327436 0.529227345785695 0 0 0 0 0 0 0 0 0 0 0 0 0 0 0 0 0 0 0 0 0 0 0 0 0
5.48404925423747 4.38784209521384 1.03288558857342 0.521849886179254 6.11140749751053 2.57168677730473 0.864647685964499 0.537371310112201 6.64512465227685 13.0258469499871 9.57533677938634 2.37927683038825 0.870830837433053 0.1342563947475 2.4340972701843 5.75978802765347 0.705598281898034 4.63627197519839 0.468363161624849 1.27120455432058 3.24962969824767 0.0113067482021431 0 0 0 0 0 0 0 0 0 0 0 0 0 0 0 0 0 0 0 0 0 0 0 0 0 0 0
7.50288266508654 0.110050985590617 1.99544952729689 7.04149103952246 2.7967102096502 1.69469433605404 2.17295506191843 0.351473429822513 0.887094902347104 1.01231605377873 1.43825778982305 3.70190211502726 4.45123832239997 0.192771618391311 6.08495821430079 4.77381799492378 0.7654932701901 9.40627782817311 0.300663661786558 0.883066835332116 0 0 0 0 0 0 0 0 0 0 0 0 0 0 0 0 0 0 0 0 0 0 0 0 0 0 0 0 0
3.71706092627897 2.84503263338054 5.43521356431244 0.802834180439078 2.42399566010618 1.98208006747443 7.33958568942487 9.16800383104679 4.25546732246177 4.46086950106793 1.40825934137765 8.30310854506514 11.2014241182814 11.9802576753176 10.9470614025281 4.55526356015225 7.26997532932572 0.674829342191898 0 0 0 0 0 0 0 0 0 0 0 0 0 0 0 0 0 0 0 0 0 0 0 0 0 0 0 0 0 0 0
2.24979238911909 3.20872027337757 6.7797421858681 0.356253806376738 0.0266750735379846 0.463141815920235 4.90501954169107 6.55068322570588 0.943436489336541 1.06067764428907 0.345364041710291 9.48284532432064 8.67351610942571 10.5583151738653 0.270282329568741 1.98352686560594 0 0 0 0 0 0 0 0 0 0 0 0 0 0 0 0 0 0 0 0 0 0 0 0 0 0 0 0 0 0 0 0 0
2.48146229432124 0.972284456732151 4.88877994406781 2.65802635267735 3.09047031782044 0.499182400710443 1.69425103316257 2.26392437628411 1.56870139120031 1.31508754427949 0.23822329207493 8.27347348893757 3.81050038286784 4.10548418146819 0 0 0 0 0 0 0 0 0 0 0 0 0 0 0 0 0 0 0 0 0 0 0 0 0 0 0 0 0 0 0 0 0 0 0
4.59180861425633 1.06840097838082 7.25395153617847 4.21844338014584 7.02668873035563 0.480310949463865 0.302152620462971 3.5536163079658 1.94868756008127 3.93984245926083 0.271876953219797 2.8550879695077 0 0 0 0 0 0 0 0 0 0 0 0 0 0 0 0 0 0 0 0 0 0 0 0 0 0 0 0 0 0 0 0 0 0 0 0 0
4.16456983654011 0.574999129535359 0.173749494430161 8.45705566909129 9.54864402551862 6.73295302528848 2.90500437559924 0.257488585880981 2.57123088694837 0.405258411915327 0 0 0 0 0 0 0 0 0 0 0 0 0 0 0 0 0 0 0 0 0 0 0 0 0 0 0 0 0 0 0 0 0 0 0 0 0 0 0
1.32863339107493 0.623436819381552 0.152601035878478 1.82260820084766 5.12926968705015 1.82864431081562 2.54268756496003 18.3536397394829 0 0 0 0 0 0 0 0 0 0 0 0 0 0 0 0 0 0 0 0 0 0 0 0 0 0 0 0 0 0 0 0 0 0 0 0 0 0 0 0 0
10.367104809701 2.54234019403419 2.74122007319905 3.62296895603386 0.209877199886911 2.0929442504086 0 0 0 0 0 0 0 0 0 0 0 0 0 0 0 0 0 0 0 0 0 0 0 0 0 0 0 0 0 0 0 0 0 0 0 0 0 0 0 0 0 0 0
16.01938483965 6.22751514709881 1.37812414077845 0.0998836067093925 0 0 0 0 0 0 0 0 0 0 0 0 0 0 0 0 0 0 0 0 0 0 0 0 0 0 0 0 0 0 0 0 0 0 0 0 0 0 0 0 0 0 0 0 0
8.96476449396642 14.1977395339229 0 0 0 0 0 0 0 0 0 0 0 0 0 0 0 0 0 0 0 0 0 0 0 0 0 0 0 0 0 0 0 0 0 0 0 0 0 0 0 0 0 0 0 0 0 0 0
