4.67419335468861 0 0 0 0 0 0 0 0 0 0 0 0 0 0 0 0 0 0 0 0 0 0 0 0 0 0 0 0 0 0 0 0 0 0 0 0 0 0 0 0 0 0 0 0 0 0 0 0
11.4708372839401 4.75864606682834 0 0 0 0 0 0 0 0 0 0 0 0 0 0 0 0 0 0 0 0 0 0 0 0 0 0 0 0 0 0 0 0 0 0 0 0 0 0 0 0 0 0 0 0 0 0 0
0.118397149824771 9.68610740628833 0.307596143495177 0 0 0 0 0 0 0 0 0 0 0 0 0 0 0 0 0 0 0 0 0 0 0 0 0 0 0 0 0 0 0 0 0 0 0 0 0 0 0 0 0 0 0 0 0 0
9.12025617088935 1.11666785781204 2.20860437565833 4.03572949102879 0 0 0 0 0 0 0 0 0 0 0 0 0 0 0 0 0 0 0 0 0 0 0 0 0 0 0 0 0 0 0 0 0 0 0 0 0 0 0 0 0 0 0 0 0
3.44301341001223 2.02999743752521 3.67198523562761 1.24545714764615 0.484781469389952 0 0 0 0 0 0 0 0 0 0 0 0 0 0 0 0 0 0 0 0 0 0 0 0 0 0 0 0 0 0 0 0 0 0 0 0 0 0 0 0 0 0 0 0
2.73220503474091 4.46916962553923 0.750910461726917 0.735724393120919 3.60625384459435 9.4834018354357 0 0 0 0 0 0 0 0 0 0 0 0 0 0 0 0 0 0 0 0 0 0 0 0 0 0 0 0 0 0 0 0 0 0 0 0 0 0 0 0 0 0 0
12.0219877763339 5.62492997733887 1.8846538777905 1.5449941356149 6.38360333420709 0.291144169323926 1.31310463296109 0 0 0 0 0 0 0 0 0 0 0 0 0 0 0 0 0 0 0 0 0 0 0 0 0 0 0 0 0 0 0 0 0 0 0 0 0 0 0 0 0 0
0.601434897120822 1.94773653732662 0.18296844090016 3.68451138566091 1.11139670723216 3.17484923886982 0.395307654937153 4.19982501858885 0 0 0 0 0 0 0 0 0 0 0 0 0 0 0 0 0 0 0 0 0 0 0 0 0 0 0 0 0 0 0 0 0 0 0 0 0 0 0 0 0
1.37663825319182 3.9130827349594 2.97221223294788 0.668045209333935 0.264058184619067 0.830306923444595 8.48131818107853 4.64995648096661 4.70164279640153 0 0 0 0 0 0 0 0 0 0 0 0 0 0 0 0 0 0 0 0 0 0 0 0 0 0 0 0 0 0 0 0 0 0 0 0 0 0 0 0
2.88798137363151 0.153408563734149 1.25437481857996 1.26790686146337 1.87693873456076 0.0522544205107841 2.94612375515775 0.717485570523724 4.22075335619793 2.55681166487957 0 0 0 0 0 0 0 0 0 0 0 0 0 0 0 0 0 0 0 0 0 0 0 0 0 0 0 0 0 0 0 0 0 0 0 0 0 0 0
10.5329748587005 0.627131479379754 3.95578295567759 4.43635560476249 1.11540759832024 7.62891850785117 0.106013944439614 6.44733307197482 6.37033752028742 2.10418248050113 0.763806130818625 0 0 0 0 0 0 0 0 0 0 0 0 0 0 0 0 0 0 0 0 0 0 0 0 0 0 0 0 0 0 0 0 0 0 0 0 0 0
0.254253317033311 0.218558048018426 1.59456820635264 2.0080594980646 4.20120691735907 0.0817547271954018 1.57631025728246 2.00426401633026 2.80993927551277 1.51822896011884 1.08412773960826 1.01079289467182 0 0 0 0 0 0 0 0 0 0 0 0 0 0 0 0 0 0 0 0 0 0 0 0 0 0 0 0 0 0 0 0 0 0 0 0 0
0.167580009835032 1.88443494417548 1.6765846784927 3.56066897526292 2.4896533267161 4.92293087959022 0.768463407514113 7.21082194588783 0.711039173697306 1.81231230982497 2.40257590672511 7.92165488870248 3.78062755899571 0 0 0 0 0 0 0 0 0 0 0 0 0 0 0 0 0 0 0 0 0 0 0 0 0 0 0 0 0 0 0 0 0 0 0 0
1.51942748668911 0.91600050008025 3.3773183269009 2.42905910392529 0.633808417450843 4.68487537404587 2.45319176923385 0.304808230913871 0.691995714739741 0.966843047763376 0.70643098701123 3.38931563761166 1.08070592771989 2.36340916085336 0 0 0 0 0 0 0 0 0 0 0 0 0 0 0 0 0 0 0 0 0 0 0 0 0 0 0 0 0 0 0 0 0 0 0
16.9493215992349 1.29498433049802 0.0137274768565413 0.229918968073579 5.35236039622964 2.15629509842509 3.15138358342606 8.96029591451299 9.14816481212304 1.95193948394046 6.53631256604897 0.494219628770528 0.275586996900863 0.464438172705612 3.26253917212628 0 0 0 0 0 0 0 0 0 0 0 0 0 0 0 0 0 0 0 0 0 0 0 0 0 0 0 0 0 0 0 0 0 0
2.22108698497657 0.0825666178694109 2.07676834451716 2.51422593668116 5.69434903505772 0.159885315715462 9.35010756206458 2.37568033028305 5.56439427070392 0.954702195920203 1.90004938618584 0.0391739447178907 1.11644955456878 1.01756146318338 10.8998608745573 5.8968427750819 0 0 0 0 0 0 0 0 0 0 0 0 0 0 0 0 0 0 0 0 0 0 0 0 0 0 0 0 0 0 0 0 0
1.48481516280291 3.19066764363601 1.09755719123562 1.16043281513911 1.71543378877378 10.8647594018048 1.8428846824955 0.171523653066791 1.68848205690993 2.23901404053281 3.95688323962761 1.87144403031686 0.350748012320883 0.439194792717555 0.128779910997242 0.305982882097999 0.287755923809955 0 0 0 0 0 0 0 0 0 0 0 0 0 0 0 0 0 0 0 0 0 0 0 0 0 0 0 0 0 0 0 0
3.16785570455139 7.40505307862315 5.21321016104643 1.64417824124276 1.37970561420872 6.00429203765267 4.1702101656417 3.03358020469289 0.515537168308407 2.83196033694634 0.528468199063017 3.4402767450664 2.24082597097592 0.762252643784943 4.56187059081956 1.79780056278965 3.4640083173778 1.89388876094722 0 0 0 0 0 0 0 0 0 0 0 0 0 0 0 0 0 0 0 0 0 0 0 0 0 0 0 0 0 0 0
1.50137713381188 2.86274602072874 3.30865154624217 4.23528787502236 1.94640339951707 3.6691231003892 0.976738259379199 2.04957674038853 0.328544749207389 0.73765251336118 3.79678098323506 5.0124486088137 4.17633966576771 1.28349250042642 0.0363156378188162 0.155536415095599 5.87359716990362 2.20100815491883 2.92575946262184 0 0 0 0 0 0 0 0 0 0 0 0 0 0 0 0 0 0 0 0 0 0 0 0 0 0 0 0 0 0
12.8456209836344 1.81507567059448 3.72467234980029 7.73011979903866 5.62696495666107 0.734608119614839 1.76340364843625 1.33088552210876 1.74974551303172 1.19510599987715 7.7697914080422 3.72698715993821 0.33394552693175 0.0160493416185035 2.42571662908963 3.68893042858998 0.0653017647443608 1.32649396190638 0.0517546312677038 1.76413337674724 0 0 0 0 0 0 0 0 0 0 0 0 0 0 0 0 0 0 0 0 0 0 0 0 0 0 0 0 0
1.01121311283593 8.45978583747024 0.107802717891755 0.352708280815972 0.853769791250252 0.297052495874698 3.41799279862232 1.35063893411924 0.572607430479563 1.38407742250399 0.478850099214265 0.848780893985185 0.0976496701204845 5.3535578658416 1.25022128290954 3.26020387170268 3.1952052415115 1.86787811516596 0.680320827466593 10.4437776614579 2.37823956720942 0 0 0 0 0 0 0 0 0 0 0 0 0 0 0 0 0 0 0 0 0 0 0 0 0 0 0 0
5.9730140090868 1.47271430275995 0.0428858811300819 3.39581771627093 0.154861547897723 2.51481137136658 0.830293903171677 0.25879933460313 2.36536492971698 5.05317204217535 0.77825242351073 3.17784642166976 0.245119117361043 3.48902683753758 1.11093983617705 0.792974272804516 0.670879364076482 2.04396598686132 0.341989339168439 1.70293716147535 0.908493711075614 0.851813033501632 0 0 0 0 0 0 0 0 0 0 0 0 0 0 0 0 0 0 0 0 0 0 0 0 0 0 0
0.735023814211701 1.13750119949524 1.4549725142484 0.67763973453138 3.31159243080204 1.68862612250591 2.93424898202395 0.187213818474418 5.1434222220883 0.0201895972626664 0.534521722765542 0.00277071246950062 5.02055221239723 6.92570563563189 0.63937497447129 1.14090791952378 0.490738498072222 2.56712661194578 0.508452504775365 0.789135047447433 3.66281340167693 1.14406926510583 0.511238962515825 0 0 0 0 0 0 0 0 0 0 0 0 0 0 0 0 0 0 0 0 0 0 0 0 0 0
8.75489409696558 5.82024774052008 2.88103803144735 2.91629728210147 2.76732437597278 0.0758599996097263 4.82478788895157 4.38951067051752 0.0963515598403825 1.63742517123823 1.1575601692755 1.45206503772883 0.412486799529747 3.1726259939499 6.58807155927524 1.51656019987579 0.812570593745263 3.48335871909812 0.00504085258098875 7.75715879980714 0.320248388946488 1.0533176141729 1.75282104330472 3.60202638325953 0 0 0 0 0 0 0 0 0 0 0 0 0 0 0 0 0 0 0 0 0 0 0 0 0
1.03576788891453 1.5338044609557 2.5577853672868 0.301304062451468 2.54629370543382 3.88937092810369 3.63011718180937 1.40314120944949 0.84183980653338 1.06496580993834 1.56890308279645 0.329252540978766 0.38215052550617 0.526421824671166 1.2261334229384 6.39248070482847 0.423681471043512 1.06610239393822 0.116136620719226 0.988352760444126 0.397054407988672 0.589550837037498 3.5653402782605 0.0888675498639963 0.124604249633813 0 0 0 0 0 0 0 0 0 0 0 0 0 0 0 0 0 0 0 0 0 0 0 0
0.0287888793743972 1.684764198551 1.86543766251633 1.69764876191513 0.386156285794349 1.63278436139309 0.181763909589926 1.36119499448403 0.104161586317038 6.42045019568594 0.988708764697791 1.15230296504242 1.18620704448845 2.37412753042551 10.054657794478 2.5204593953613 3.32378690921539 2.44205077813606 1.49394753518719 0.40563973671463 0.766456163565205 2.80996032347745 3.24240907816384 2.31678551125313 0.258936706557132 0.495980826262241 0 0 0 0 0 0 0 0 0 0 0 0 0 0 0 0 0 0 0 0 0 0 0
1.09556617517783 1.26768058583352 0.664974923445195 1.27306408522359 0.691914152457219 3.39741644497604 0.508617150908086 1.14486736105377 4.08549989576309 0.674011996208136 5.60796411138917 0.0535974797100596 2.2662890857048 0.270996918132328 1.33726729029915 3.55100626128324 6.88632258342476 0.512844331307678 1.44704136010043 0.889780442103863 5.96436052682278 0.32724696861352 2.51660359614465 0.799857958428658 1.30947325170917 0.433502494051764 1.07395691214275 0 0 0 0 0 0 0 0 0 0 0 0 0 0 0 0 0 0 0 0 0 0
0.135107550135377 2.71244334205238 0.733743164091178 3.24424977338486 0.851838399935082 0.971548481212438 1.61780548021166 1.90811150532709 3.11714382037651 3.55144689166478 1.27360154643067 4.85466629134424 1.21223348858331 2.24940919452906 5.44006487023368 1.62047179748771 2.44680579334725 1.53479976053045 0.432663658891544 8.65921606205273 4.43259612706356 0.296828696373662 0.227730358714956 0.742235747036271 0.925012754471074 1.61289952437388 0.486018682972601 0.838964629958373 0 0 0 0 0 0 0 0 0 0 0 0 0 0 0 0 0 0 0 0 0
2.15812839061221 9.74578811759717 0.861101263605876 1.68600632979106 6.22893042035704 0.763568356524838 1.70734239855493 1.35648032611866 0.657929008477453 1.92250711842574 1.72508238539368 0.518158307370302 3.15645022717123 1.83800689189282 4.89360508705191 1.27098684281018 1.49307435282569 3.03927410795359 0.48299767940498 2.73282533768379 0.683891462228662 0.0597617415106361 0.156845277575767 2.03295835726406 1.67125315697625 1.51185544120474 1.75252674794371 7.8463219416566 4.93404366043014 0 0 0 0 0 0 0 0 0 0 0 0 0 0 0 0 0 0 0 0
0.195691635302004 0.720909500915351 0.548076380768032 2.37131447069379 1.76888311053939 0.422779067320002 0.471232212956224 0.942232291691182 1.75293482030432 2.02805655577245 0.494869203650212 0.473938399565211 1.26038031028859 0.262058099369722 1.31068912158697 0.469522509976864 2.09897138720543 6.41359999693323 2.50446000272172 1.14865133932926 0.364688836300883 1.46942178708075 1.48222688731417 0.103994480191838 2.7020427116374 1.72840470212699 4.47237592770804 0.121597225466093 1.30480357248945 1.35179488504851 0 0 0 0 0 0 0 0 0 0 0 0 0 0 0 0 0 0 0
3.96008583490799 1.52405867980707 3.77046220756533 1.6094482842831 0.206520194535577 0.0672300227921301 0.661505658399173 0.687710591775501 6.7119454768213 1.34339592895583 2.01837662529425 3.57278408291357 3.1086005423934 3.47007093265319 0.597896082467237 3.05827855694113 0.561204688786306 1.32755155578813 0.0827205384149157 1.55624653032678 2.6384826146289 5.82668913231356 0.622712474127026 1.70036114743689 3.64344779760329 1.06638689445863 3.79381519787528 2.37313514701926 0.112728527381918 5.7647111566793 2.74563185394618 0 0 0 0 0 0 0 0 0 0 0 0 0 0 0 0 0 0
0.758991583527974 0.887327699126895 3.00178364122058 3.3533809139607 0.75858795776606 1.96869502933946 1.23156787483615 1.4319836566391 3.05827020563979 4.27347964436075 3.44271658611364 0.233947789815405 1.3609869536498 4.14440636933128 2.53551528408242 1.28881889321349 2.4468362702523 5.7358159578261 0.311499732856793 0.604534731586945 0.239599223318404 3.31815131032202 0.446264772835563 5.24774785017329 0.277515808026332 2.27260555087844 1.48091551251831 3.82758667648405 0.595218634934648 1.34167192748923 0.747007417851894 4.83945961632645 0 0 0 0 0 0 0 0 0 0 0 0 0 0 0 0 0
2.20158972217953 2.44027654183098 0.439919314002198 4.50619559365513 0.255545375930294 1.86035257947072 0.375450758623015 3.68511245094167 0.81780462486208 0.206750294361186 0.137155188057608 10.5150290395265 1.83467639307176 0.227632466326661 5.09928959053568 2.192189648934 1.65655307889952 2.33920189225299 1.27345174526918 0.209706079347013 3.51907612410447 2.94644574900881 0.466846092412299 6.46659588289967 3.42751044971257 5.13949701208177 0.837045087792522 8.51811785882505 1.92742422574994 2.72918009521273 0.580750251671313 0.0411309265034905 0.527950115475666 0 0 0 0 0 0 0 0 0 0 0 0 0 0 0 0
1.48666344730936 1.9314647062779 0.479786024683138 0.960766849336634 1.42236698565585 1.39215324809984 4.5110783059009 1.87829793588814 0.655417236356008 1.36973220009981 1.36261483381847 1.04011884594768 1.3157321667603 0.0606011887167403 0.623257210238598 4.01603868486139 0.399059185331412 1.31902717009806 0.750693075539734 0.16658102584832 0.482364733363633 1.96235298329029 0.127898616647621 2.09260285122884 3.46756653035473 0.590355371484575 1.0295957643487 2.59414481957646 1.79834313820077 2.36683909093178 0.938790705646603 0.401797533093423 0 0 0 0 0 0 0 0 0 0 0 0 0 0 0 0 0
0.186470074138997 1.12279883790408 7.763876970991 1.32273997554496 2.09995057089866 2.90808784427696 1.23692215111843 1.4325302583554 0.467244974128235 0.277419021158327 1.09138871424103 0.66442554384701 2.80108470023859 0.422848153500745 1.18863958388888 0.193263086784047 3.02017184639274 0.80703578420906 3.51781913991376 1.0520336466309 1.221415139732 3.34080567304007 4.11512953189439 6.14936589479784 1.83787900474851 2.52202144837262 3.36507064475353 3.37898072188096 4.40666196873811 2.31366765714259 0 0 0 0 0 0 0 0 0 0 0 0 0 0 0 0 0 0 0
1.36073468494518 3.82714539795606 4.07454165061264 0.808872654466846 4.69973199021796 0.722315188031689 3.04155302682787 0.633577365929175 4.93769622423634 1.19951942307951 0.397358995330084 4.59077905209178 0.476618319957916 2.02631443653086 1.56905725687186 0.83710832392674 0.928826406558972 2.13077403878143 2.18533618482832 1.87175893886341 2.88249332127149 2.43380329555407 1.45914243285002 0.432584216801961 0.213106936477727 0.718042970707422 1.82555815426918 2.4954108717272 0 0 0 0 0 0 0 0 0 0 0 0 0 0 0 0 0 0 0 0 0
1.00440987224744 9.72674906704277 7.21540188074165 6.97681023259653 0.186905381570652 0.280997739100321 0.536425201343703 2.39638822187178 2.5287845031984 0.690077220615611 0.0323062126622006 6.27594563503813 0.0124002857244867 2.32580845211142 0.150838732075445 0.0173688872505913 3.08384365734526 0.459573993513111 0.0519786362884262 5.67024473303811 2.8635233975039 3.79213231784205 0.252050039054442 0.958538207552365 0.152345268345742 2.57855535450676 0 0 0 0 0 0 0 0 0 0 0 0 0 0 0 0 0 0 0 0 0 0 0
0.180531564195668 1.91487781472738 1.48406194490547 3.88458137776285 0.247328563836756 6.79777387974313 0.737826166402979 0.268024559390202 0.409448056871329 2.68564763658818 1.67504756528968 1.09086671452259 0.675349298029598 5.47543253637539 0.0827753014005889 0.456188021563063 3.69238315944073 1.26580307529812 0.121781593577699 3.80694816079342 3.39462568351107 0.453988447851267 1.0932063279546 3.46261335841069 0 0 0 0 0 0 0 0 0 0 0 0 0 0 0 0 0 0 0 0 0 0 0 0 0
0.342851611289812 2.17755732959316 2.29649162491848 3.83067424029397 1.48321468813745 2.15961655084896 0.94668462159525 1.96018091763977 2.62822288098851 3.9546249615228 0.29965839055968 2.15801534931074 2.59057377626807 4.09207662817319 0.86398931667489 2.50559134822285 0.887999658679371 0.746272677045322 3.29105431995955 4.59295909155177 0.354624272905584 2.65979442963419 0 0 0 0 0 0 0 0 0 0 0 0 0 0 0 0 0 0 0 0 0 0 0 0 0 0 0
1.98476572269327 1.85995092870545 1.553348548272 4.75724103248899 3.71218668379359 0.264489163196578 3.31608013412495 5.69487995589496 0.262734915206107 6.37758547030193 1.0656063923405 2.38379870733051 0.627639551048876 0.0569714782887453 0.820184021382565 9.49520758659962 0.611423408204105 13.9509969822272 0.958308739344561 1.51522323844958 0 0 0 0 0 0 0 0 0 0 0 0 0 0 0 0 0 0 0 0 0 0 0 0 0 0 0 0 0
0.533908427635152 5.42157265815448 6.74247674728561 2.36618764092426 1.53300170113921 3.6404550426555 4.52224288291092 2.00556589736976 0.667257631108583 0.824430171879545 1.15987949362759 0.403081893837991 2.19392047082932 3.48382893941724 5.21502558909803 1.41910019850571 0.692358391794364 0.636940590535807 0 0 0 0 0 0 0 0 0 0 0 0 0 0 0 0 0 0 0 0 0 0 0 0 0 0 0 0 0 0 0
2.92069099427375 1.94304978253295 1.68285831700021 4.48526493371242 0.285359898677266 0.78694428517617 1.32699704758647 0.200468487857318 1.51769526816247 1.29275224407569 0.661515098218915 1.49124167874281 0.0729651667043577 3.08155366616238 3.09537852995799 3.55963586444851 0 0 0 0 0 0 0 0 0 0 0 0 0 0 0 0 0 0 0 0 0 0 0 0 0 0 0 0 0 0 0 0 0
3.69754766540984 2.93553208223428 2.0870347529088 0.713780356285679 0.623390066253112 0.196687473040615 1.62038889571974 0.500803270121398 4.56781688152305 1.48534164778854 0.045779188784772 1.97064339196256 2.88922121190559 4.54331305652859 0 0 0 0 0 0 0 0 0 0 0 0 0 0 0 0 0 0 0 0 0 0 0 0 0 0 0 0 0 0 0 0 0 0 0
0.64786009138151 1.08228808566069 0.489183397839444 2.73870307152532 1.29154318130301 0.971862998920964 0.478125682965893 1.33115719399443 0.0736245289983954 4.1158682307867 0.462935391400967 1.31142990536511 0 0 0 0 0 0 0 0 0 0 0 0 0 0 0 0 0 0 0 0 0 0 0 0 0 0 0 0 0 0 0 0 0 0 0 0 0
0.71092706583382 0.0296682881139117 3.33985582830995 2.84008662374225 1.81261840753812 0.110888583464263 1.53208507041902 0.426235468224026 5.51122296733849 1.50928296746704 0 0 0 0 0 0 0 0 0 0 0 0 0 0 0 0 0 0 0 0 0 0 0 0 0 0 0 0 0 0 0 0 0 0 0 0 0 0 0
1.4500348478538 0.220329009032732 6.18595148478709 2.10102004949652 4.781485086591 3.75472084856301 0.975827690419073 0.116988767166342 0 0 0 0 0 0 0 0 0 0 0 0 0 0 0 0 0 0 0 0 0 0 0 0 0 0 0 0 0 0 0 0 0 0 0 0 0 0 0 0 0
1.19764262654617 3.1307666585839 0.165962980145277 0.304847701253728 0.636769447261673 0.506293494414407 0 0 0 0 0 0 0 0 0 0 0 0 0 0 0 0 0 0 0 0 0 0 0 0 0 0 0 0 0 0 0 0 0 0 0 0 0 0 0 0 0 0 0
3.24293463979547 0.183951098969827 2.66440358583721 7.43896934362252 0 0 0 0 0 0 0 0 0 0 0 0 0 0 0 0 0 0 0 0 0 0 0 0 0 0 0 0 0 0 0 0 0 0 0 0 0 0 0 0 0 0 0 0 0
0.223998078755239 0.130702764379198 0 0 0 0 0 0 0 0 0 0 0 0 0 0 0 0 0 0 0 0 0 0 0 0 0 0 0 0 0 0 0 0 0 0 0 0 0 0 0 0 0 0 0 0 0 0 0
