0.968725526863703 0 0 0 0 0 0 0 0 0 0 0 0 0 0 0 0 0 0 0 0 0 0 0 0 0 0 0 0 0 0 0 0 0 0 0 0 0 0 0 0 0 0 0 0 0 0 0 0
4.63028419161183 0.167126586215112 0 0 0 0 0 0 0 0 0 0 0 0 0 0 0 0 0 0 0 0 0 0 0 0 0 0 0 0 0 0 0 0 0 0 0 0 0 0 0 0 0 0 0 0 0 0 0
0.964995903840043 2.2546356670065 0.538341222976557 0 0 0 0 0 0 0 0 0 0 0 0 0 0 0 0 0 0 0 0 0 0 0 0 0 0 0 0 0 0 0 0 0 0 0 0 0 0 0 0 0 0 0 0 0 0
1.10178123655508 1.95089454775996 1.96838463335867 1.16885020237474 0 0 0 0 0 0 0 0 0 0 0 0 0 0 0 0 0 0 0 0 0 0 0 0 0 0 0 0 0 0 0 0 0 0 0 0 0 0 0 0 0 0 0 0 0
0.0311684695545654 5.04855015579934 0.653937401233823 0.775929145781906 1.59897526572483 0 0 0 0 0 0 0 0 0 0 0 0 0 0 0 0 0 0 0 0 0 0 0 0 0 0 0 0 0 0 0 0 0 0 0 0 0 0 0 0 0 0 0 0
2.74593984578301 0.269566538776278 1.61872435760256 3.67577651081916 3.12410130271417 1.89715671718598 0 0 0 0 0 0 0 0 0 0 0 0 0 0 0 0 0 0 0 0 0 0 0 0 0 0 0 0 0 0 0 0 0 0 0 0 0 0 0 0 0 0 0
13.973680924683 1.0917633657723 0.0642154283256936 1.5461687737158 1.35875346177166 1.66374749825043 1.9436572515344 0 0 0 0 0 0 0 0 0 0 0 0 0 0 0 0 0 0 0 0 0 0 0 0 0 0 0 0 0 0 0 0 0 0 0 0 0 0 0 0 0 0
2.60412437112666 2.64317065495156 2.74987871001927 2.35740915946588 1.09225283243896 2.06974621834503 9.49413401223543 0.470114524319649 0 0 0 0 0 0 0 0 0 0 0 0 0 0 0 0 0 0 0 0 0 0 0 0 0 0 0 0 0 0 0 0 0 0 0 0 0 0 0 0 0
7.74711435243075 0.00388884540212227 4.18790730772413 3.71605193762612 2.20588604563915 5.97440083874415 0.4251022272444 1.56512888107902 2.71190130055351 0 0 0 0 0 0 0 0 0 0 0 0 0 0 0 0 0 0 0 0 0 0 0 0 0 0 0 0 0 0 0 0 0 0 0 0 0 0 0 0
4.9296443053586 3.0091085742845 1.71507190487272 0.784867114478559 2.95724087123426 1.62915872695752 2.20430613157686 1.49886515206649 1.16946896005565 7.23122963808913 0 0 0 0 0 0 0 0 0 0 0 0 0 0 0 0 0 0 0 0 0 0 0 0 0 0 0 0 0 0 0 0 0 0 0 0 0 0 0
0.516807680829214 3.9762954772968 2.48313467594946 11.622421548166 4.99014069092264 3.2105421553598 5.68522970419874 0.4793842778133 4.82895354838865 5.2304571458444 0.46940493780907 0 0 0 0 0 0 0 0 0 0 0 0 0 0 0 0 0 0 0 0 0 0 0 0 0 0 0 0 0 0 0 0 0 0 0 0 0 0
2.01030245757961 1.83900295135047 1.70504507764246 4.87964276836938 2.36296264387097 0.744931545547555 0.159566164704677 0.635427305946965 5.58904346239691 2.97322063376233 1.74732485987562 3.28129994259686 0 0 0 0 0 0 0 0 0 0 0 0 0 0 0 0 0 0 0 0 0 0 0 0 0 0 0 0 0 0 0 0 0 0 0 0 0
0.250859737192974 10.3387910666942 6.5315694939641 0.320013025572252 7.60760114212974 1.19338965613502 0.959200719954308 1.45827585086459 6.2861734994757 2.36569210755098 4.31613554098924 2.02644401278567 2.99259314434315 0 0 0 0 0 0 0 0 0 0 0 0 0 0 0 0 0 0 0 0 0 0 0 0 0 0 0 0 0 0 0 0 0 0 0 0
0.821605209855595 5.42624532611573 1.86848811434823 2.95771930222125 3.98455420565331 0.183077594056312 1.10366640896124 1.93126234118724 1.47942745127748 0.154165940627153 12.1609755669284 0.392109220816638 4.25506887038316 2.2034208448515 0 0 0 0 0 0 0 0 0 0 0 0 0 0 0 0 0 0 0 0 0 0 0 0 0 0 0 0 0 0 0 0 0 0 0
0.41589538536156 1.87921475109887 0.217654981379551 1.4249236748247 5.15428161922649 1.11148952708731 4.08236391004514 3.45482445338408 0.752904253504775 2.65739905865248 1.61328848300813 4.29339576042408 1.5496145613225 2.53442241061298 6.4934932625376 0 0 0 0 0 0 0 0 0 0 0 0 0 0 0 0 0 0 0 0 0 0 0 0 0 0 0 0 0 0 0 0 0 0
1.55965668415956 2.22763475201417 1.35122744261338 2.38227556262535 6.70470263094038 0.970887581148776 0.514823219595872 0.752187688668227 0.433858582835867 2.90432620611203 8.38840866859546 2.79529846654369 2.97805140026165 3.55199693182128 2.46189862474516 0.823038300624999 0 0 0 0 0 0 0 0 0 0 0 0 0 0 0 0 0 0 0 0 0 0 0 0 0 0 0 0 0 0 0 0 0
0.614341712794007 0.612063881440252 9.57832373926481 1.63263721306226 4.66436511793447 1.38059584341188 0.488542323856351 1.18176263053494 0.100036325477169 4.19213435428717 5.24570805309235 0.851805947035373 0.117002806903468 1.18160437227669 1.53279471422594 5.29100115700319 0.0306641835440419 0 0 0 0 0 0 0 0 0 0 0 0 0 0 0 0 0 0 0 0 0 0 0 0 0 0 0 0 0 0 0 0
0.18395319345723 0.0846617672207914 0.262076845015935 4.77542187141626 1.30920804090533 5.18554286359826 0.55338922663106 3.82195487596485 3.24439203041901 1.78374761951458 0.838761731235478 11.159724899999 0.498086730975629 1.29448386642443 3.39613746579187 3.56247624808158 0.148000601321935 0.353224544759064 0 0 0 0 0 0 0 0 0 0 0 0 0 0 0 0 0 0 0 0 0 0 0 0 0 0 0 0 0 0 0
1.9357184633725 0.29032099701917 0.0691478416209836 1.412524917035 2.60171630065547 5.93173415517131 0.346004457260802 1.01913742536144 4.51945209223398 1.25475273973783 1.40693914930664 2.65475197366798 1.52996654875429 0.224169942333954 2.68447937926179 0.479798975072398 3.59301615727861 1.15777144637324 1.61647462030063 0 0 0 0 0 0 0 0 0 0 0 0 0 0 0 0 0 0 0 0 0 0 0 0 0 0 0 0 0 0
0.529459555862519 2.04900762609778 2.64089986524108 2.1892935881885 3.00047720547855 0.16901950503856 4.61309639346695 0.820502870211113 0.119407961300902 2.3056666772497 1.75303389083848 6.24440032141613 1.68536109009193 3.77340597136958 1.35010822606295 2.87307942848904 5.79383250571097 0.768723034782725 1.15754287561013 1.72671957932701 0 0 0 0 0 0 0 0 0 0 0 0 0 0 0 0 0 0 0 0 0 0 0 0 0 0 0 0 0
3.87420464405775 3.38295303127774 0.364514365503244 0.496838121339637 0.307535452088943 12.3735641627763 2.60037292748855 5.52676117485779 10.7456007641626 5.82885372127149 3.64443569984803 0.302311361019512 3.50416308120963 4.71447152073066 4.04048943034537 1.6125134687121 6.43769772200461 7.82461418858327 2.69291088280608 2.44668036085948 1.61692357699765 0 0 0 0 0 0 0 0 0 0 0 0 0 0 0 0 0 0 0 0 0 0 0 0 0 0 0 0
3.73495061812667 0.68110860400026 1.7384096929819 0.0646730938319592 5.41428839005633 1.70848621130277 0.0672830569208272 3.73414949908948 0.0638327522078957 4.40047967917985 3.80133606333655 28.6968252435843 1.89772372087571 1.55279839715806 0.36066796897562 2.37192573783945 1.43720545047736 5.14035019833714 0.369366860340853 0.730713529157288 5.12281932748685 9.33436440383271 0 0 0 0 0 0 0 0 0 0 0 0 0 0 0 0 0 0 0 0 0 0 0 0 0 0 0
0.0725588816528558 0.416548394859921 4.33218759331028 4.01803350677821 0.947649076117417 1.09634273610015 2.0432107065602 0.423426686855917 1.36762646288453 1.17637774875074 1.98303798688753 1.06484012918282 2.49183471830357 0.82722348799727 4.42301668777609 2.30572946863384 0.765673553154982 2.59973223409927 5.61844979376238 1.40866162560789 5.72012432779688 2.71822131527294 0.238172810730395 0 0 0 0 0 0 0 0 0 0 0 0 0 0 0 0 0 0 0 0 0 0 0 0 0 0
1.75752033796128 1.33322343480984 11.1655381367413 0.407993464649607 0.0870899098740562 1.1705312916554 1.17558045258206 0.951286012562813 6.8447695197089 1.54427268267685 1.26436857317987 1.50305408673131 0.774437056009583 10.3684943719511 3.84495979446441 2.12618137127479 0.448096486002507 0.406979883837733 1.21628073707643 2.63749018789078 0.832995427792888 1.20550432318492 1.54006188466193 3.28947548539932 0 0 0 0 0 0 0 0 0 0 0 0 0 0 0 0 0 0 0 0 0 0 0 0 0
1.09909744136017 6.0817446743817 1.54610352435356 3.50996908362748 6.90698991582788 0.268833175754984 0.0274190228440311 0.0779609111319203 2.88801497864001 1.41626909622622 1.51164241449582 1.48321339969179 1.41866545296174 4.77245850784433 5.81779705913296 0.379471247859669 5.40986756602557 1.05529504638521 1.40100548841657 0.149637579912026 1.75923186323369 6.40304447891818 5.08828731632315 3.45042565066747 2.53767870113152 0 0 0 0 0 0 0 0 0 0 0 0 0 0 0 0 0 0 0 0 0 0 0 0
3.49493715884087 2.06487447368118 3.00325809921345 1.62175892567183 2.59802648118162 0.0135407706108221 3.12623248010781 4.58935665165508 0.215584388696385 0.0893623629544177 9.71777016582719 2.37139280767371 4.29179333632371 7.01372814036337 3.50047319481086 1.52670780852562 0.287642638261943 4.7522626970971 3.53989128412633 6.96080563832388 0.806728396747783 0.853533768437748 2.52060710757349 8.73998871440483 1.56941571019944 10.8017164597341 0 0 0 0 0 0 0 0 0 0 0 0 0 0 0 0 0 0 0 0 0 0 0
1.8280190683767 1.10894021261885 0.134483781890574 2.08846861076597 2.50706947611213 0.849786603538233 1.68475951133066 1.46005415918525 5.90771490301221 0.365850291783529 1.98265629305854 2.79438689895533 0.807964610492162 0.165244725045958 0.607322535030259 0.451436879009517 2.75700132793948 2.4782281628398 0.418519741105369 1.56902633069598 0.8666424850498 1.15011460485199 0.0858018693807256 5.6371391373829 9.14951994526313 2.94465869712523 6.31403068515719 0 0 0 0 0 0 0 0 0 0 0 0 0 0 0 0 0 0 0 0 0 0
2.28770690498741 3.35001073283119 0.161036592799426 4.21487842164452 9.54072910069934 0.669952417223811 2.45269310303165 1.44640492440749 0.340812109078359 1.15471284612298 0.674173278204691 8.61939016254193 0.835497244696533 5.97115485512296 1.03487463288726 5.60416920063927 2.49782358244267 0.44998260111541 1.02964841506071 8.38561425020979 0.946032016497602 0.0258208148248549 0.902517720744811 10.5826867684239 2.07428926106724 4.41905351856061 0.271905833024531 5.75666311668951 0 0 0 0 0 0 0 0 0 0 0 0 0 0 0 0 0 0 0 0 0
3.36368425570173 1.06513608598898 1.97875778303402 2.58225150811109 5.87826194753374 2.74130359558271 4.33010632908164 1.80644699809128 1.71727461321213 1.76351829733116 5.63465566112106 3.1062549417116 1.3555072425358 3.23161411936397 1.58358276931119 5.42533491069441 0.569566592401935 8.36781469121446 2.49197946798194 0.580116687413968 0.367051307374785 2.45990090589194 4.44065814339381 1.12779257695507 1.32136872396672 9.74227588105356 3.0042662849687 4.52433256686618 0.10091675802639 0 0 0 0 0 0 0 0 0 0 0 0 0 0 0 0 0 0 0 0
2.13546022055492 5.74523203943142 1.74260145335693 1.45759125738073 1.75246512732927 0.851413483288113 0.531377819613887 0.898755344048181 5.59297257030344 2.46432587245939 1.87352033927449 1.55840164084012 1.23027406757703 1.30401097353406 3.3523543452758 4.45881358329502 4.77828612198288 0.729350364315287 1.18066926175034 0.874068284803695 0.660698307561063 0.272327131065967 1.71908460596477 1.02811498769559 1.89584910047416 0.0417971849205934 2.71967407080917 1.28278986173122 0.0149090143210712 0.233252292471693 0 0 0 0 0 0 0 0 0 0 0 0 0 0 0 0 0 0 0
1.46089443726843 0.584734440319376 0.210222580306381 0.253834604312792 4.46627282238322 1.15350575508333 0.95206635983794 3.14573169522898 3.53796751080536 2.30090483244098 1.73580090123364 5.08481574187763 2.35267196508866 6.67063171150257 3.54174177838253 1.17709740696791 0.941384158249511 1.89766696811051 3.63011276293297 0.187253492502283 2.11212346040831 11.2889372941375 1.76103897022665 6.20737784404068 1.02336288815246 5.48991242072083 2.38431309495625 2.13578926896487 6.411933956569 3.85579609904061 0.370233542217255 0 0 0 0 0 0 0 0 0 0 0 0 0 0 0 0 0 0
1.80538694658329 1.96334863976225 0.803243414494084 0.694951030353203 0.639057430646087 7.36978534420714 4.91805718671786 6.41939647280742 4.36591354043767 0.729183286828647 0.56502755739087 3.67065423254056 0.748868219524644 1.14079696345029 1.26122492697162 2.60333206526502 3.19067532714742 0.242254868644099 1.39370024028184 2.45905919608164 0.118882570834731 0.182307644009717 1.63880852822299 0.176535069743788 0.032047683440081 3.55956347896068 3.25043844777381 2.94704294665053 1.02376231767543 9.59272974925204 0.701456432272878 0.124799017122325 0 0 0 0 0 0 0 0 0 0 0 0 0 0 0 0 0
0.326917872801551 0.095102245899276 2.40068432456608 0.508077679793267 4.93581818188752 0.706086281656516 3.95596646063257 3.40984724371294 8.43157352750099 4.55990227033679 5.44295243334327 6.47601371625651 1.11798414649045 4.7560817750666 1.34675863773686 0.380468532795225 0.403939707469792 3.07366130006178 0.582251629223267 4.32225264118179 0.151511174241305 11.0221547989156 4.0727240443326 1.84348125779059 0.624169072325017 0.170355865924682 0.393332456326158 4.74390925010141 3.42708615714481 0.4476007896859 1.05537243964855 1.54997708346509 9.94171620095229 0 0 0 0 0 0 0 0 0 0 0 0 0 0 0 0
2.77893949622754 0.601175658283099 1.66225766855166 1.31576946952566 0.797828017038427 1.70401997357575 4.27662981140562 2.36328666306294 4.17261640638308 8.68615760346076 0.109758264492774 4.14110241715842 0.0595892957965182 7.29243917591575 2.8020397736162 4.18781645977433 1.1662545879532 0.366465371590545 2.14403342862545 4.48312965332165 1.12637241783475 1.64371657563506 5.03613948270457 2.35317108606103 2.05364292779601 0.694692251226208 0.116034465745896 3.32373055624708 1.78059802260424 1.64266114008499 0.608901885050228 3.40748636017251 0 0 0 0 0 0 0 0 0 0 0 0 0 0 0 0 0
0.0965321074959946 0.540883953635602 12.296601959502 10.6131513237743 6.85311633006119 5.04125965359087 1.55976749551485 1.12523848808102 2.73822987068014 0.829019619522267 1.62503545467854 5.9950440003707 1.48195565051147 2.15896150723501 2.96410975136593 7.66713626678669 0.927898186573139 1.70042426011947 2.74549715552455 0.949185840106324 0.46164724251771 0.77530392098664 2.46079016045491 0.533220979470428 6.49252129776321 0.119313751215521 10.1586955971423 0.396414619745383 3.70845567290725 2.9830015256026 0 0 0 0 0 0 0 0 0 0 0 0 0 0 0 0 0 0 0
2.40150560809459 1.62024759006596 4.73926261927686 2.07629912051898 2.14094539643051 1.54846604378245 0.993494894499916 9.6857706798147 1.53163473220214 0.263043255792461 1.82334323231387 0.00921305699149561 10.5071201256543 10.942859635677 0.566214814432885 9.66700921936759 2.19009302644901 0.459795402408277 6.40922284288086 3.70905507187914 6.01596165858565 2.6442693016178 0.19683230027833 0.68413095240367 0.915442447817082 2.08306680158895 2.94601573705316 8.25980302156333 0 0 0 0 0 0 0 0 0 0 0 0 0 0 0 0 0 0 0 0 0
2.57470827784793 2.06736280137141 7.7051112675473 2.44889651496666 2.57211621540493 0.059596831626881 0.641200479811075 8.73325569528471 3.76250590235656 1.10244687690387 8.43737473080958 0.497214215897235 5.00606775099745 8.71304184573417 2.50251377997072 1.48708705208276 3.12936470057273 0.267697208582243 0.688605677473306 1.34590110900652 0.470586122992731 3.07798383003497 8.45091227590233 3.00874927942651 6.58482958459903 0.438860943095659 0 0 0 0 0 0 0 0 0 0 0 0 0 0 0 0 0 0 0 0 0 0 0
1.51356974105545 6.61619706722824 1.83871740991827 1.59827772722822 3.94432492166519 0.726898431422584 1.67622604492267 0.330055632514877 5.83506715763564 0.148139040056716 0.17213324672649 0.999601882462327 1.09548631091417 2.42433288395599 1.70616752158918 4.8696655436129 0.734693396753449 1.68978924922376 1.24803778553026 2.37841923521215 7.45908769001138 3.76695297406784 2.68399398819861 0.1055835169642 0 0 0 0 0 0 0 0 0 0 0 0 0 0 0 0 0 0 0 0 0 0 0 0 0
8.30136694847815 0.610927758232326 0.158197475212429 0.482426173759288 0.577113394458368 2.19839002976484 0.198104497024834 4.24840526853054 0.512095902386944 0.033906898608823 2.30204836959467 0.464554947403987 0.501319153552242 0.904944627302771 2.78761208252059 0.495308988342857 0.868690651350868 1.84612803756557 1.34541596863579 4.20145518973252 2.03078505762018 0.0711675320834777 0 0 0 0 0 0 0 0 0 0 0 0 0 0 0 0 0 0 0 0 0 0 0 0 0 0 0
4.09477409175453 0.674051800889992 1.02421253653163 4.80344636267993 0.174126391318032 3.25576375346818 0.376103382495291 1.30060597947658 1.19005479514928 0.236748202021812 1.85547559373312 2.31292713565963 2.81802372937435 0.858299718393186 1.83240259766402 1.23136891798155 0.109861834619033 1.39475293715003 1.4023008881869 0.644216357483489 0 0 0 0 0 0 0 0 0 0 0 0 0 0 0 0 0 0 0 0 0 0 0 0 0 0 0 0 0
0.274578029249729 0.8982373506997 0.778373516883127 0.318946652838302 2.47559299686824 0.514102229180591 0.361820730180308 2.71168269524531 0.148569529845362 0.655304177148917 1.54493335290918 3.61972675663102 0.752769594402729 2.62783742458957 1.00263947958746 1.25440273942506 0.57870466360499 0.776674432786983 0 0 0 0 0 0 0 0 0 0 0 0 0 0 0 0 0 0 0 0 0 0 0 0 0 0 0 0 0 0 0
2.60856193132445 0.38938631819806 0.922551743267287 1.10418364891597 9.08212681058408 1.22750622886912 0.129123176372706 0.277012688328096 3.85927544875894 2.3066127626966 1.6682552291046 1.35842166503888 0.279434196260539 3.7602133270964 0.361449039400455 0.163261634736186 0 0 0 0 0 0 0 0 0 0 0 0 0 0 0 0 0 0 0 0 0 0 0 0 0 0 0 0 0 0 0 0 0
0.447653856352228 0.521793484448747 2.30150107897627 0.0905235593097122 1.85997885847719 0.726225280266044 1.39027111777495 2.87334346362009 2.54971756037225 0.792238923454592 1.92017767129699 11.6805391092398 1.66633333828624 1.33635058713075 0 0 0 0 0 0 0 0 0 0 0 0 0 0 0 0 0 0 0 0 0 0 0 0 0 0 0 0 0 0 0 0 0 0 0
0.858130403980511 2.13212141934553 0.883364579428716 0.402360815409504 1.5584940188292 0.536287767316065 0.00930632379887558 0.124699870516774 0.29396251110449 1.40035210388721 0.0580035651499582 0.0580251757073231 0 0 0 0 0 0 0 0 0 0 0 0 0 0 0 0 0 0 0 0 0 0 0 0 0 0 0 0 0 0 0 0 0 0 0 0 0
0.0835290646421844 1.4710776764455 2.67879885915876 5.32389089484944 3.89886028001903 1.79763400768688 3.02580627144847 0.767113270292139 0.0566733667111303 0.438176520279435 0 0 0 0 0 0 0 0 0 0 0 0 0 0 0 0 0 0 0 0 0 0 0 0 0 0 0 0 0 0 0 0 0 0 0 0 0 0 0
1.05132211369732 8.10761153644656 3.92791225038702 2.55256684575785 1.86311406925479 0.624957778151249 0.42539348212971 0.317188048049105 0 0 0 0 0 0 0 0 0 0 0 0 0 0 0 0 0 0 0 0 0 0 0 0 0 0 0 0 0 0 0 0 0 0 0 0 0 0 0 0 0
2.44113482785874 0.293287672340191 6.98759530296207 0.582531560536752 0.922023499403271 2.41287485556198 0 0 0 0 0 0 0 0 0 0 0 0 0 0 0 0 0 0 0 0 0 0 0 0 0 0 0 0 0 0 0 0 0 0 0 0 0 0 0 0 0 0 0
3.21630619444909 7.83989281269385 1.32924374116628 12.7693194774214 0 0 0 0 0 0 0 0 0 0 0 0 0 0 0 0 0 0 0 0 0 0 0 0 0 0 0 0 0 0 0 0 0 0 0 0 0 0 0 0 0 0 0 0 0
1.67387655992822 1.48055259867859 0 0 0 0 0 0 0 0 0 0 0 0 0 0 0 0 0 0 0 0 0 0 0 0 0 0 0 0 0 0 0 0 0 0 0 0 0 0 0 0 0 0 0 0 0 0 0
