0.872637539677109 0 0 0 0 0 0 0 0 0 0 0 0 0 0 0 0 0 0 0 0 0 0 0 0 0 0 0 0 0 0 0 0 0 0 0 0 0 0 0 0 0 0 0 0 0 0 0 0
1.68927036919445 1.25834524252295 0 0 0 0 0 0 0 0 0 0 0 0 0 0 0 0 0 0 0 0 0 0 0 0 0 0 0 0 0 0 0 0 0 0 0 0 0 0 0 0 0 0 0 0 0 0 0
2.66865929957258 0.300259441445454 3.36130766565986 0 0 0 0 0 0 0 0 0 0 0 0 0 0 0 0 0 0 0 0 0 0 0 0 0 0 0 0 0 0 0 0 0 0 0 0 0 0 0 0 0 0 0 0 0 0
5.86493725112122 1.43010137308413 3.20773095043795 0.747666273896383 0 0 0 0 0 0 0 0 0 0 0 0 0 0 0 0 0 0 0 0 0 0 0 0 0 0 0 0 0 0 0 0 0 0 0 0 0 0 0 0 0 0 0 0 0
1.30083991489859 0.119304257950336 0.279361755458802 2.37122014766599 1.75390416998399 0 0 0 0 0 0 0 0 0 0 0 0 0 0 0 0 0 0 0 0 0 0 0 0 0 0 0 0 0 0 0 0 0 0 0 0 0 0 0 0 0 0 0 0
2.24004106346729 1.91999251357047 0.735062655750699 0.533642615550952 0.446930805402199 0.609615001716664 0 0 0 0 0 0 0 0 0 0 0 0 0 0 0 0 0 0 0 0 0 0 0 0 0 0 0 0 0 0 0 0 0 0 0 0 0 0 0 0 0 0 0
3.79914602955991 5.28119330286185 0.453034907014129 10.1311811558441 1.92490040826493 1.69767820265778 3.80988060833671 0 0 0 0 0 0 0 0 0 0 0 0 0 0 0 0 0 0 0 0 0 0 0 0 0 0 0 0 0 0 0 0 0 0 0 0 0 0 0 0 0 0
0.975616775814701 0.334673626183885 2.37425566640973 1.91051118945624 1.31139998285781 1.04766948878727 0.53965616906231 1.85032858104564 0 0 0 0 0 0 0 0 0 0 0 0 0 0 0 0 0 0 0 0 0 0 0 0 0 0 0 0 0 0 0 0 0 0 0 0 0 0 0 0 0
0.284696455028965 1.7594155867888 0.347288789253511 3.24984140468889 2.01404286919568 1.05817067941747 1.35498773186436 6.16204154392351 1.93371043337937 0 0 0 0 0 0 0 0 0 0 0 0 0 0 0 0 0 0 0 0 0 0 0 0 0 0 0 0 0 0 0 0 0 0 0 0 0 0 0 0
0.583538694399049 3.88136267967604 6.43347648533441 4.79068344718762 3.43919284510375 0.401025804564146 0.665400257912472 1.96767239907523 4.39170979549192 0.372298619635486 0 0 0 0 0 0 0 0 0 0 0 0 0 0 0 0 0 0 0 0 0 0 0 0 0 0 0 0 0 0 0 0 0 0 0 0 0 0 0
4.45878831585341 3.72793926931184 3.73748214991477 4.31820963913266 0.430661629938433 1.66702684274205 0.427942598306125 1.46905518718003 5.82814592914066 2.82867573448359 1.28310712800094 0 0 0 0 0 0 0 0 0 0 0 0 0 0 0 0 0 0 0 0 0 0 0 0 0 0 0 0 0 0 0 0 0 0 0 0 0 0
8.15791022437259 0.0538352265476904 6.57124170635921 2.15689138964348 3.37248821058079 2.93679951264358 2.23942605506476 0.524122816574147 0.0604995762138182 1.87999282011935 6.63237795995514 0.379702444468563 0 0 0 0 0 0 0 0 0 0 0 0 0 0 0 0 0 0 0 0 0 0 0 0 0 0 0 0 0 0 0 0 0 0 0 0 0
2.70178294302486 2.21333482484253 3.67434733352797 2.83226558095935 3.22334656854633 0.578765025484915 1.04404251928283 0.885478170853452 1.4171281824514 0.433424527131443 8.20168922582483 1.31234601266945 3.14963242863794 0 0 0 0 0 0 0 0 0 0 0 0 0 0 0 0 0 0 0 0 0 0 0 0 0 0 0 0 0 0 0 0 0 0 0 0
0.766081735640576 2.63320270467506 1.26300082185987 1.06496815206428 3.77162845639879 0.391255092241217 2.92431889998366 0.673640096074815 0.434443982862081 0.240651618346373 1.04456003609697 0.635022414640312 0.214821982701161 3.47996474103761 0 0 0 0 0 0 0 0 0 0 0 0 0 0 0 0 0 0 0 0 0 0 0 0 0 0 0 0 0 0 0 0 0 0 0
1.23335748524933 0.427030553106675 1.42213365798924 1.37196001249102 3.90487160025601 3.31741129833777 3.51102870023211 0.672689578446107 2.03809571750882 0.276665772803863 4.58825923414884 1.14640661567151 0.63511944629123 1.59378179662588 1.62429767847583 0 0 0 0 0 0 0 0 0 0 0 0 0 0 0 0 0 0 0 0 0 0 0 0 0 0 0 0 0 0 0 0 0 0
1.76819851152255 0.141365407150414 0.196905627823029 3.18797871337635 10.8471182277117 1.60610018480069 3.25788348418161 0.991082903000754 1.33916680783912 2.69166728906542 0.149190847750615 3.35060180324513 1.79268569102581 0.664459234264979 1.09447367249076 2.86676259884134 0 0 0 0 0 0 0 0 0 0 0 0 0 0 0 0 0 0 0 0 0 0 0 0 0 0 0 0 0 0 0 0 0
4.19982775099071 4.24948379262274 0.18194807996897 1.83006475663714 1.34039575240689 6.05767787628669 0.00128094864554679 4.04761599217944 0.353342228161629 0.234989759806431 0.0135208971774406 0.984483429282273 2.62686947792717 0.467855134007191 0.992356844144439 3.6554284910467 13.3831844690402 0 0 0 0 0 0 0 0 0 0 0 0 0 0 0 0 0 0 0 0 0 0 0 0 0 0 0 0 0 0 0 0
0.28653859348808 1.21618290096455 1.02825548006428 0.846001158747202 1.01253672134376 2.94988523454855 5.61396017379397 3.6779494215984 0.939634735218435 2.50237116200085 0.134696616340613 0.663516938534473 1.57468381860678 2.09847722422342 1.27813008134432 1.28442644959807 0.225490716888901 7.37149835538308 0 0 0 0 0 0 0 0 0 0 0 0 0 0 0 0 0 0 0 0 0 0 0 0 0 0 0 0 0 0 0
0.544676036377683 6.18750595914821 1.6166814126706 3.44989440182418 5.20610340881875 0.195208337632962 0.989124789980218 0.0775640818087567 3.15485749442667 0.737819013005318 6.61541597485811 0.0640816888817108 2.64230221022145 1.94563974222349 3.4654071944906 7.47394851918889 3.37317553904046 1.91740298474927 7.33968422372475 0 0 0 0 0 0 0 0 0 0 0 0 0 0 0 0 0 0 0 0 0 0 0 0 0 0 0 0 0 0
4.19031660569447 2.55149787927455 5.74606678628604 1.87396486543275 0.420871875025588 0.737631064943564 6.49579778528417 1.87634334974211 1.90330080878354 0.388053514113278 4.88257921367194 0.449096165355805 7.11032146577472 8.28099642754372 1.7955902019808 11.4136498802382 0.488312732985855 2.51682528560143 7.57180133426201 1.46455578830456 0 0 0 0 0 0 0 0 0 0 0 0 0 0 0 0 0 0 0 0 0 0 0 0 0 0 0 0 0
3.40076454389214 2.19651970106343 0.902173930528225 0.0341116857584143 2.48889478557566 1.18121009097514 0.660290811554778 0.182288821315288 0.558906984139223 0.0688593018247578 0.477468167821139 4.6011901535425 0.630360796874186 0.129983082214887 0.561491099505136 6.51030484644501 6.7977952884108 4.30692760542283 1.80917844541098 0.432432856930312 1.55166471519728 0 0 0 0 0 0 0 0 0 0 0 0 0 0 0 0 0 0 0 0 0 0 0 0 0 0 0 0
1.48427064329498 0.182721846262119 0.155704362394915 1.1740123891077 3.95239588402618 3.73848106054036 0.367981482144144 2.53158644808301 0.534613499498829 2.5961533244095 0.0527109887556774 0.23658754472691 1.4641728295659 2.31311138250953 3.04469243849823 8.33704968550709 2.94372737260945 0.770995802086043 0.4267199808782 5.31681211640988 3.72658147796908 0.806777565539122 0 0 0 0 0 0 0 0 0 0 0 0 0 0 0 0 0 0 0 0 0 0 0 0 0 0 0
3.1112936990843 1.75377315834532 8.13789764514548 4.18478080918125 2.26165355913927 3.39859638203359 0.600532026415089 0.0113553958183087 3.68494176105355 1.44166269638516 14.1750284707782 0.357613121279303 0.925233074248858 1.58012585592998 3.65819636404836 2.76141374670892 0.13471515413645 3.00894317552216 1.00647670400966 4.75394264551804 3.31562075122432 1.61050874026747 2.43526421720038 0 0 0 0 0 0 0 0 0 0 0 0 0 0 0 0 0 0 0 0 0 0 0 0 0 0
1.41807345631298 5.12705242267196 4.08340278996831 5.83172745698246 2.75208837075869 1.29647976932322 2.68529321534209 3.1942279647926 1.64477394748358 1.45094193333778 5.23011731702793 4.37122107570106 1.56599293363811 1.41344244666007 6.7557485989268 2.85635104621955 2.00081652734497 1.68137193522504 4.42621082257783 2.07375498775281 1.07904910325688 5.77967798169045 0.0643933389115549 2.36745649793505 0 0 0 0 0 0 0 0 0 0 0 0 0 0 0 0 0 0 0 0 0 0 0 0 0
0.0298949578838521 0.302265778973657 2.30229450416665 0.674029759013264 2.51687979312637 0.698552195641039 5.7773780674251 4.45156232375875 4.83192595723688 1.88833137680722 1.95026039557212 0.149644906131688 1.64612247397578 1.84216177010478 0.477102132815478 1.60571322597237 3.2002895006093 6.49340827595345 0.417696785337064 2.97232934191369 3.18719785489361 0.997762244381308 1.68088810802331 4.84472726540818 3.82622564715215 0 0 0 0 0 0 0 0 0 0 0 0 0 0 0 0 0 0 0 0 0 0 0 0
2.01345458612393 3.24056477128088 1.19539895220576 8.41043237534982 1.22313639012852 1.08146052591721 0.0268711425925905 0.143696128587347 0.157735919577215 10.5081013844477 0.294387204071716 0.698556023029168 1.74972554155692 12.2623995557799 2.30136766781272 0.277284385162756 0.799288129908217 7.14417517330916 1.30918070905279 0.484304468127617 3.28548346701712 0.0296315428706595 1.65333994169956 0.453331679549721 1.63954722665152 1.7099359831723 0 0 0 0 0 0 0 0 0 0 0 0 0 0 0 0 0 0 0 0 0 0 0
0.0307757119774794 4.62031308443096 5.53644288961929 0.200969419979964 7.97698388198364 5.25818135132203 2.61245632527934 0.521055309288739 3.07435230059749 0.221836786782156 1.70991091266586 2.06114197281901 0.483150687702608 0.700175287733338 1.40472933223858 1.31337429290719 0.043950551760218 5.42093560210982 0.856476795445359 0.596736849249351 0.551359848726888 0.727336507038527 0.0386701363377226 6.79005386954776 1.84279174748203 0.329395814324179 2.82531935404093 0 0 0 0 0 0 0 0 0 0 0 0 0 0 0 0 0 0 0 0 0 0
1.20256075436011 8.61122672095161 1.34561474308417 4.95980205386867 4.23451254250429 5.27059809320604 1.3454114759409 1.11582592287007 0.906747936309024 3.53680543457438 1.96874904667222 1.49093809879878 2.59357517504014 2.01895092087936 2.32894605178194 4.53271552268965 1.60591936933421 3.1272959936781 3.65893489203927 3.0823019655691 1.26600506325561 0.499750506494321 3.35886074816843 3.30098510976145 3.06130608477144 1.82620055968808 5.03327632521518 3.17503429157319 0 0 0 0 0 0 0 0 0 0 0 0 0 0 0 0 0 0 0 0 0
0.124561781020267 0.188953728336528 0.543860241755401 4.14019605933175 2.6078584777016 2.22305056479509 0.43958815853328 1.6168733515689 0.545607196680831 6.86396427971406 1.52863505502772 4.91417682218162 8.25870473618922 4.3333101338195 2.25291823122557 0.216169671976026 0.864899132310801 0.985083562894032 0.566049402268198 1.70058329929608 0.560855673864428 1.36921607827809 5.92061913603163 4.56754368100812 2.54247367906909 4.66204271017939 7.38623594009262 0.281026265452317 3.13557919309754 0 0 0 0 0 0 0 0 0 0 0 0 0 0 0 0 0 0 0 0
0.604168774039078 2.78361408407138 2.10555410285202 5.86098194157424 0.545538477433976 1.03872477708663 0.382470734116484 0.365496223367757 3.35973417400012 6.86916945889644 5.05862702231575 3.50321574470146 3.38477367727153 1.49363806585985 0.487913956616193 6.75543557546461 0.768933181234388 0.768895418701274 21.7882101806667 1.16928127536627 10.6371260079741 0.279918577900256 0.566616749012578 2.62334396865415 1.61897692463233 6.9467350773431 4.79631355732484 1.26060730298449 0.108935974937989 3.18001413741326 0 0 0 0 0 0 0 0 0 0 0 0 0 0 0 0 0 0 0
0.195470660258631 4.01220220187763 2.08727822149872 0.0840435264613865 9.03457497652311 3.63163091414408 2.12676671472737 5.43840117898583 1.09095888001061 2.49433563890831 4.8886229970104 0.775118013535814 0.0774453829134116 2.71986928940873 1.43769587046058 10.7768109434357 0.218159168738467 6.63147889345522 0.602730963486878 1.4453946071375 0.853807806376129 4.41173281959012 2.60643652346769 2.34196102575537 0.835707196710566 2.29269545402557 0.422072552536068 3.50427657877086 1.2647714593281 1.49932746870588 5.15441517668774 0 0 0 0 0 0 0 0 0 0 0 0 0 0 0 0 0 0
2.71478994909555 5.50711726562316 4.80439010727557 4.57241803599773 1.28362674121149 0.631342310537963 2.78951741857514 2.53193344930738 3.92454175522032 1.61228809523703 0.227956830127651 5.62246799975311 3.7389585839272 2.82565618943861 8.31692373989069 3.20116758482427 5.97529191048767 2.15078465206269 0.638868874661293 2.50272528963989 0.0808614437462788 3.56006469418385 2.67457826978387 4.3053655962726 1.5707644094333 0.521996561643911 0.79635145248414 4.8692035331497 5.03401500788502 0.431208420786258 5.95787789497239 1.33505202211946 0 0 0 0 0 0 0 0 0 0 0 0 0 0 0 0 0
3.79145065398472 0.155637991462727 3.48291656063159 0.262318340807124 0.1183114361696 1.35598008770605 0.999114743809158 4.6110469074316 0.839264402674793 2.5421668970122 2.29082185415041 0.162870092386608 0.672915036402291 3.42643663614493 0.125678976834374 0.226705444845992 0.136750772896256 5.31884672821047 0.543596851183933 1.32805198688901 0.32017307488801 3.09356020638836 4.85732204730134 1.17735818825498 1.84546004027851 2.6976072300283 2.74980420237505 0.228335959683228 1.11926893461169 0.805928164807931 5.38295098949678 0.598375276829504 2.2894418054398 0 0 0 0 0 0 0 0 0 0 0 0 0 0 0 0
0.0814935172169407 8.22333501511658 2.03757147118429 5.15839111468003 3.87931514510057 0.669321078033121 2.15035424771975 1.17834018074657 0.190579914009798 0.243020571914022 4.1340977614053 4.29113041273058 2.35654787023308 1.54197286343782 2.35839249614563 0.0834518693858307 0.293203439717961 0.0524805540123627 4.13891760821054 1.54834567110422 2.13377828923933 0.776524367292259 0.647489667853166 0.131559423688384 1.33919788620159 0.771144087383637 0.688022811084505 3.85430084012011 0.843404633045498 3.95350140300996 1.43259812823585 1.11034475440527 0 0 0 0 0 0 0 0 0 0 0 0 0 0 0 0 0
2.63538084122916 2.16346268247977 0.304888224281674 5.97977209550264 6.228396495575 0.439553998310009 0.0780817871300892 1.77778525306697 5.4972911836225 3.95618617053729 11.4208122685165 9.05436757740141 3.03276336240923 12.432794376148 0.445005205152968 0.243730199113908 1.73306487111916 0.793135242314987 2.0049381041726 0.158062398223269 0.739830644890679 3.39765300752787 1.37943509899265 1.38579927429104 1.07348759449713 0.417191151907686 0.0134040907179367 1.33145199640765 2.37942075351437 1.31417038408124 0 0 0 0 0 0 0 0 0 0 0 0 0 0 0 0 0 0 0
3.38898814065359 7.04073687029528 1.25559191111398 0.887273963865367 0.0695473075182152 5.08628829845191 0.550992240509748 0.281645180557769 0.521501031545308 3.85027726470813 0.222460620706747 0.362393669859561 1.46072088798884 0.976921886391683 0.413486456555989 0.118421597743949 2.47322420278448 5.9501450306243 0.283264974792713 1.69368394408529 6.31191560826164 4.03800900628845 4.24784762923703 0.832097573249453 3.12274556858517 2.56504189991276 2.07217427295618 5.77678131996496 0 0 0 0 0 0 0 0 0 0 0 0 0 0 0 0 0 0 0 0 0
0.713798356126789 9.49247733542995 0.823147732882878 0.328033903418348 2.89680096774156 5.44995450261764 1.86099518798497 5.57953423272252 0.960464376878811 6.83340049392896 0.77169071035388 1.03939544330563 2.66463493077242 3.8861488217152 1.27946315196379 7.01035004897449 1.3721124390766 1.77665746805723 3.40057768893838 6.58117074412895 2.77476839448882 0.0400565571455155 0.819774177686203 2.62177249174931 0.423946931731568 2.39287793899066 0 0 0 0 0 0 0 0 0 0 0 0 0 0 0 0 0 0 0 0 0 0 0
0.0180248012424874 1.64329819397183 0.709956888961913 0.462412151888661 4.53082978435555 0.696219895734389 5.36049060640395 1.22999728019295 0.244511042440486 0.713513976402466 1.53039009187808 0.298409693209827 0.691341573103646 0.586267733025785 4.35835309600381 0.232340669202134 1.4508442059707 2.16472551983559 1.38003651804068 1.56076372336567 0.131725520239158 0.0122163484568609 0.499402780619304 0.281081058857992 0 0 0 0 0 0 0 0 0 0 0 0 0 0 0 0 0 0 0 0 0 0 0 0 0
0.627995089845544 2.2091721372348 0.182785203949812 5.54828363488599 5.72714198351933 0.460466161307024 1.03404554293268 0.768973249318467 3.04052183078235 11.2934223775087 0.135913055277749 6.78677451176813 0.214072225893257 3.20671466498051 5.31660054201856 1.18713574930717 1.81310787065062 4.62649817877641 3.06432920830055 3.87021099574165 0.669098842728014 0.815221752707921 0 0 0 0 0 0 0 0 0 0 0 0 0 0 0 0 0 0 0 0 0 0 0 0 0 0 0
5.29923120130177 4.56302640321251 7.3057436897132 8.4719378814625 1.50336695912465 1.96290421186305 4.17379210509277 0.47314753619282 10.3882041198602 1.33419080863082 14.4032868501561 1.52820316863442 11.4451143436304 2.75842716338333 1.02518304814919 0.587412314810593 0.23299163059795 3.10902363972386 1.64222430921102 0.726518358663294 0 0 0 0 0 0 0 0 0 0 0 0 0 0 0 0 0 0 0 0 0 0 0 0 0 0 0 0 0
0.437725485500444 0.947102956628433 2.47272362802266 2.29242033861714 1.38883378587572 1.75233452508065 6.95293750793923 0.052072568524897 0.649399854551357 6.26261388884429 3.03450777626486 9.67128135188253 1.70102923897939 0.164395171203169 3.0396605378377 0.498004211994852 0.302397704079383 0.164104319901652 0 0 0 0 0 0 0 0 0 0 0 0 0 0 0 0 0 0 0 0 0 0 0 0 0 0 0 0 0 0 0
0.486054113916293 2.7849080846161 1.88827248618743 2.20781743249498 6.5434227631923 1.9389336459967 4.03588685903046 1.95080615702046 4.17029672066737 0.501644290094272 2.60048408057921 0.955070686040743 2.20081564272028 4.73428522093555 2.70732622389218 5.30195046473742 0 0 0 0 0 0 0 0 0 0 0 0 0 0 0 0 0 0 0 0 0 0 0 0 0 0 0 0 0 0 0 0 0
0.745352182140615 0.913789205225746 1.6419374548561 0.734755294037974 0.417323105919169 0.81573842773454 1.04040058597347 0.552828672186158 1.29539482559316 4.59776107361785 0.419857783743204 0.630889937253572 0.769689179293667 1.12268420473163 0 0 0 0 0 0 0 0 0 0 0 0 0 0 0 0 0 0 0 0 0 0 0 0 0 0 0 0 0 0 0 0 0 0 0
2.21990550768886 0.435318637560557 9.93371682979679 4.57671783008202 4.21042199583537 0.14599995341446 4.84862335792407 2.16954196488062 2.85123122931912 0.59307832813538 0.195173906335521 3.14870894340317 0 0 0 0 0 0 0 0 0 0 0 0 0 0 0 0 0 0 0 0 0 0 0 0 0 0 0 0 0 0 0 0 0 0 0 0 0
1.58207409511059 8.76308682700037 0.435519788867358 1.23251881598532 2.58942077187269 3.07344519917275 0.626707004829409 0.36419129629975 0.166890358702215 1.98501374221477 0 0 0 0 0 0 0 0 0 0 0 0 0 0 0 0 0 0 0 0 0 0 0 0 0 0 0 0 0 0 0 0 0 0 0 0 0 0 0
13.4781794171849 0.404179276927399 8.54315208332434 1.32376934441058 9.68262968952834 0.414329533191219 4.42059210540826 0.528507074418295 0 0 0 0 0 0 0 0 0 0 0 0 0 0 0 0 0 0 0 0 0 0 0 0 0 0 0 0 0 0 0 0 0 0 0 0 0 0 0 0 0
2.20231638554872 0.704222606643757 0.188646609356493 6.85917101414368 0.212561247198508 1.05409908051283 0 0 0 0 0 0 0 0 0 0 0 0 0 0 0 0 0 0 0 0 0 0 0 0 0 0 0 0 0 0 0 0 0 0 0 0 0 0 0 0 0 0 0
1.14302182284281 0.717843384504689 0.548149303734039 0.258291492499578 0 0 0 0 0 0 0 0 0 0 0 0 0 0 0 0 0 0 0 0 0 0 0 0 0 0 0 0 0 0 0 0 0 0 0 0 0 0 0 0 0 0 0 0 0
0.549753901329282 0.334029318582707 0 0 0 0 0 0 0 0 0 0 0 0 0 0 0 0 0 0 0 0 0 0 0 0 0 0 0 0 0 0 0 0 0 0 0 0 0 0 0 0 0 0 0 0 0 0 0
