3.02511252991747 0 0 0 0 0 0 0 0 0 0 0 0 0 0 0 0 0 0 0 0 0 0 0 0 0 0 0 0 0 0 0 0 0 0 0 0 0 0 0 0 0 0 0 0 0 0 0 0
3.49336525473621 3.2590142029053 0 0 0 0 0 0 0 0 0 0 0 0 0 0 0 0 0 0 0 0 0 0 0 0 0 0 0 0 0 0 0 0 0 0 0 0 0 0 0 0 0 0 0 0 0 0 0
0.316228205823983 2.56192581749921 1.36868940085407 0 0 0 0 0 0 0 0 0 0 0 0 0 0 0 0 0 0 0 0 0 0 0 0 0 0 0 0 0 0 0 0 0 0 0 0 0 0 0 0 0 0 0 0 0 0
2.11750106474731 0.604168637651388 4.27322217718032 0.565654437502472 0 0 0 0 0 0 0 0 0 0 0 0 0 0 0 0 0 0 0 0 0 0 0 0 0 0 0 0 0 0 0 0 0 0 0 0 0 0 0 0 0 0 0 0 0
0.680288172081771 1.81922050013727 8.82015737675063 5.72952095413467 0.161918066823539 0 0 0 0 0 0 0 0 0 0 0 0 0 0 0 0 0 0 0 0 0 0 0 0 0 0 0 0 0 0 0 0 0 0 0 0 0 0 0 0 0 0 0 0
0.574402697777812 4.10623248289222 2.98004291285432 2.41706058572521 1.08811923706658 2.16979903000283 0 0 0 0 0 0 0 0 0 0 0 0 0 0 0 0 0 0 0 0 0 0 0 0 0 0 0 0 0 0 0 0 0 0 0 0 0 0 0 0 0 0 0
0.384583084075806 5.71035783448739 1.03184775264528 0.861915160550312 4.83626289856676 2.78214178955033 1.51452029131577 0 0 0 0 0 0 0 0 0 0 0 0 0 0 0 0 0 0 0 0 0 0 0 0 0 0 0 0 0 0 0 0 0 0 0 0 0 0 0 0 0 0
0.706856587413154 6.87205200003658 7.79853510136753 0.114957183798255 1.30357903233636 0.469251927310898 2.7688900892035 1.24709139134394 0 0 0 0 0 0 0 0 0 0 0 0 0 0 0 0 0 0 0 0 0 0 0 0 0 0 0 0 0 0 0 0 0 0 0 0 0 0 0 0 0
5.12141756392783 1.6850429425658 3.38196272832575 1.89650976224367 4.11043875814407 1.38398795134994 6.65010761140893 1.14385985618067 5.08681546891696 0 0 0 0 0 0 0 0 0 0 0 0 0 0 0 0 0 0 0 0 0 0 0 0 0 0 0 0 0 0 0 0 0 0 0 0 0 0 0 0
0.118961698816699 3.59955727214434 2.6503101362536 0.527158467879637 1.94792091928082 0.224397906110353 2.33961805414969 15.6751153317552 1.35405852473955 7.8513992267406 0 0 0 0 0 0 0 0 0 0 0 0 0 0 0 0 0 0 0 0 0 0 0 0 0 0 0 0 0 0 0 0 0 0 0 0 0 0 0
2.10167768332563 1.75162008850843 0.709691520682275 4.31210459505268 4.31680849097511 3.21467191033998 3.16958178225751 1.14515853004851 3.4580379033389 9.14439627441121 0.791526116292788 0 0 0 0 0 0 0 0 0 0 0 0 0 0 0 0 0 0 0 0 0 0 0 0 0 0 0 0 0 0 0 0 0 0 0 0 0 0
1.37097678387364 7.35131353373545 0.15475483775093 1.37443314461712 0.0420885131127569 2.8480587578386 1.41377244507093 0.803834856033793 2.9372744045761 1.24875069941295 1.54323094840463 1.24685502524071 0 0 0 0 0 0 0 0 0 0 0 0 0 0 0 0 0 0 0 0 0 0 0 0 0 0 0 0 0 0 0 0 0 0 0 0 0
0.710548864082946 2.34199780030494 2.69514814727465 3.80928720531518 1.27860738998925 1.38221445255649 2.57881773449805 3.80178770904796 0.284930626528413 1.41414872337127 0.194097470335275 0.0541338444451744 1.52228476326679 0 0 0 0 0 0 0 0 0 0 0 0 0 0 0 0 0 0 0 0 0 0 0 0 0 0 0 0 0 0 0 0 0 0 0 0
1.17956923857098 3.59349715268734 5.18644833266557 2.97026712385752 3.62977143716308 0.85125568351911 2.58939043677693 2.51387402779189 4.0229501701267 0.959242793226747 1.07994459759028 0.519879387410299 2.82785969777966 0.215422492310517 0 0 0 0 0 0 0 0 0 0 0 0 0 0 0 0 0 0 0 0 0 0 0 0 0 0 0 0 0 0 0 0 0 0 0
8.93249137776465 0.0971516657146162 7.18589560531319 4.54226302244752 9.16791498893391 0.0964190913571894 0.297967142972977 2.67812585814851 6.24042203415047 0.851824354621828 1.066785068987 7.91124431272676 1.83539771502846 0.0419258313247996 1.89540672031552 0 0 0 0 0 0 0 0 0 0 0 0 0 0 0 0 0 0 0 0 0 0 0 0 0 0 0 0 0 0 0 0 0 0
0.692191858810505 7.09063147730383 0.238318281661456 8.15931399192488 3.09178676716616 2.08820589534353 0.537731036196009 0.663373082394621 2.93097607882702 7.10472591118572 4.67740665141425 0.836176177989593 1.10495643682971 3.45963203025918 0.488396180939986 0.391732174819467 0 0 0 0 0 0 0 0 0 0 0 0 0 0 0 0 0 0 0 0 0 0 0 0 0 0 0 0 0 0 0 0 0
10.1957368319045 4.33380504200841 7.29600517044565 1.06510630207052 0.778428689246261 1.17418786363891 2.16581683277993 4.94627810345608 3.57094640138403 2.61291643842786 1.38670261140696 1.6203067074349 0.537040286446002 1.81336854082222 2.71367577791405 2.64781089768494 0.245178989087929 0 0 0 0 0 0 0 0 0 0 0 0 0 0 0 0 0 0 0 0 0 0 0 0 0 0 0 0 0 0 0 0
10.9614725150891 9.30346506317108 11.5253844447627 1.40086954912401 4.68300186708137 0.896479214806178 5.53215654458827 1.32263993447435 7.18193539349199 5.15064184918311 1.23069962057957 0.37775163907392 0.865856206513243 0.289719672073459 4.4382187126268 9.63806017179006 6.26427193946247 7.82363963642949 0 0 0 0 0 0 0 0 0 0 0 0 0 0 0 0 0 0 0 0 0 0 0 0 0 0 0 0 0 0 0
11.1543865362018 5.98494293600681 0.477194679570092 5.81998455383378 3.69094143498353 4.45977951690735 0.754994823180119 0.987810039581051 2.09456092825014 5.94666923641554 0.219937112073402 5.21416786587013 3.85551296838642 1.38440642667122 10.5643218275194 1.2697897907319 5.13034071747352 5.78739593585851 7.45645148121507 0 0 0 0 0 0 0 0 0 0 0 0 0 0 0 0 0 0 0 0 0 0 0 0 0 0 0 0 0 0
4.40898198575136 1.98155049490749 2.50190568242462 6.80290865480459 5.6280527218866 2.36297532994116 2.04326895755977 1.02639240067273 0.965483482801208 1.05709214348772 4.3952082042018 0.450573561551267 2.75629380505585 4.16344788684415 7.17771235659465 2.38039826205649 0.625624088687814 16.8977004343566 0.614079213781955 1.21938282402611 0 0 0 0 0 0 0 0 0 0 0 0 0 0 0 0 0 0 0 0 0 0 0 0 0 0 0 0 0
1.75807962133811 0.519163592192753 0.729361637065663 2.23734270974616 0.386996968918966 8.9108607836243 0.612548798283364 0.707762505802456 0.662612771461887 0.274151053786385 1.99799958230839 2.24772155233213 0.0130997568553504 1.00660798401147 3.63705473364597 4.8779267754048 0.0324538139964008 4.39784918376395 4.75092236534997 2.77943087715764 0.113351782047005 0 0 0 0 0 0 0 0 0 0 0 0 0 0 0 0 0 0 0 0 0 0 0 0 0 0 0 0
0.486004505987018 1.0812106920736 2.48362967019577 1.76215373908888 5.23860979210116 0.336290308017589 0.787414188191229 5.41480877624977 0.653851311736256 3.58338643159318 2.25136965137053 0.715175094391263 0.612182813864974 1.71353210120698 1.88575285593768 0.84223788140771 2.34728735393746 1.70804790091955 5.08611322495203 0.621231433361894 2.10528884235208 2.67126960165169 0 0 0 0 0 0 0 0 0 0 0 0 0 0 0 0 0 0 0 0 0 0 0 0 0 0 0
4.66098609509814 0.197561999593913 4.01276253294012 2.60338404156958 5.41915221414153 0.430812435586761 7.17835201009581 1.90915873658301 0.757909546056607 1.7647379424867 4.89709061582622 5.39524737869967 4.77717508007021 0.205088041620566 3.0557545316687 3.17502201402809 1.12874500115117 2.04064952490324 4.71463318237403 0.316419451612466 1.25199228916478 2.98594250089613 2.16660755997904 0 0 0 0 0 0 0 0 0 0 0 0 0 0 0 0 0 0 0 0 0 0 0 0 0 0
4.99708885420145 0.713973966828151 8.41294371348773 2.11736559149853 2.71509917320971 6.637537221763 2.07555816514004 2.92534896665526 0.413725663769074 2.23922408889627 1.10596546968529 1.29806093797374 0.499710899785875 5.07153182260202 6.86934132510145 1.02536743833192 1.17633141025198 2.05964934306516 2.10126969956072 8.12081399141419 1.10604765404243 0.175851804916936 3.58512372830367 4.879553659314 0 0 0 0 0 0 0 0 0 0 0 0 0 0 0 0 0 0 0 0 0 0 0 0 0
1.20596525795091 2.72906827509467 3.70704724284823 1.18824272131376 2.08904254311088 5.73694664076706 3.59896724953776 7.05197223133156 1.18232821556009 0.273041100324762 8.24721481205958 2.18027619453645 0.964820172659987 2.7878225845004 0.116933357342532 6.83477534841132 0.368888780530233 5.72512588809821 1.97331780621674 2.07861826501095 1.96348364850721 0.663945511635725 0.490155754752985 2.75932279513376 15.0080867992607 0 0 0 0 0 0 0 0 0 0 0 0 0 0 0 0 0 0 0 0 0 0 0 0
1.84920915779142 0.923943698136097 1.25933648417675 5.82101958151418 3.09480158203816 0.984956797798891 2.67430321040035 0.51784722356372 7.14477651805553 0.917477735774244 2.9904037188602 1.31291026683857 0.456851290255269 1.5861129721151 1.0580143842565 2.87828493799175 1.93085939659233 2.13371449302514 1.4065547096224 0.12099095926041 1.61617494444063 1.18742580287374 4.95976579302913 1.46338035406908 0.264043373222679 0.621809227381963 0 0 0 0 0 0 0 0 0 0 0 0 0 0 0 0 0 0 0 0 0 0 0
2.23642506520201 1.86320991391011 4.45278694287698 2.29316246380585 2.13038399586508 1.68702844659235 10.1275429566742 0.0741900643297993 3.42160943785113 0.841714257240551 7.0110604478635 0.507611983024886 1.68712432249563 4.30479783377616 8.33487389040326 5.46684791418895 5.87655059209106 3.38803713758904 2.97632953317725 1.31770507837694 6.63509820151223 1.21319135095238 3.83305565780749 1.07560055530514 1.47801735811424 6.46271928872497 0.227368919423284 0 0 0 0 0 0 0 0 0 0 0 0 0 0 0 0 0 0 0 0 0 0
2.47106885567244 0.334546765309028 0.381245434366759 0.0431253812547893 1.64005707320493 0.871249723086151 2.15095974817741 4.89010419851638 3.82919706588817 5.46198679367324 0.671024253693825 0.453743498346661 3.06651605435402 1.74222080030605 1.37456588771341 1.3161229903846 0.144968811235961 0.00100515793381489 6.51179908602985 2.1235417816074 0.782929166116472 0.543125087349674 1.19873612644638 3.07169846577236 0.06493170514958 6.52677688966534 0.0432171392515054 6.29569385182944 0 0 0 0 0 0 0 0 0 0 0 0 0 0 0 0 0 0 0 0 0
1.66404449646563 2.0099072972101 4.50164163519761 1.65606119878443 3.03259186199246 1.39591446529772 5.54238634525942 0.934134658505021 0.551479984246563 0.590578608556372 7.0547575120162 0.495804139922679 4.33156564017221 3.4667541581077 1.78986868461239 1.39374369625318 0.699766338879864 0.349330035677503 3.60499799747562 3.63293828969613 0.328973130937172 0.497291087198475 3.23346263649188 2.76344977419317 0.13931951579256 1.86633466000268 3.98970968217454 6.40526291297911 3.26297557957586 0 0 0 0 0 0 0 0 0 0 0 0 0 0 0 0 0 0 0 0
0.700261445487586 2.02198014080731 3.23136396678177 4.17223883838323 3.36564300161699 3.27492664361894 1.28633223475357 1.92120643324686 3.47598059304615 3.11753395463097 2.84061466963745 6.20129086749373 5.59100325187773 5.11729224258973 2.4417397458466 0.140902175970063 1.60431596583115 2.013598105315 4.97955795402463 0.0796320413587534 3.19201558995095 1.24126441924001 0.00188275728702667 2.23961028389412 0.382049175880764 0.495972386154346 0.673938277329539 4.33831182181585 3.71425582431831 2.97270629347133 0 0 0 0 0 0 0 0 0 0 0 0 0 0 0 0 0 0 0
1.51946448371671 1.42271481478571 4.13188842975985 1.24178488171577 1.68192105562593 0.623051217490927 0.827711488113853 3.0217119058382 1.88861549938822 1.84351334222355 0.472467405962931 2.75705839045313 1.62682226316314 3.42616550095267 0.189243080777256 1.43647938992147 1.76171238190503 0.479253657752185 0.575062759787416 1.87759177825606 2.48250427718878 3.87166498184172 0.538615235686253 0.185851906540537 0.692933509608878 0.730667251144518 4.90421238685793 6.46147221695473 0.320623007262506 3.34610242606064 0.176796707713299 0 0 0 0 0 0 0 0 0 0 0 0 0 0 0 0 0 0
3.54640973331482 7.97706978048182 3.1458735889986 4.68238554278872 3.13922323643243 2.74835817013249 0.0478730069915766 7.16530993316726 3.60887907158844 0.268783491783587 1.30423920779145 1.72631144426018 1.28449794316714 1.52839795131591 1.84680315671067 1.78648135057908 0.187940420432784 8.80852179440539 14.8126274324362 3.46044634245755 7.79019279349859 0.697646721414571 1.03230063801536 3.08672985040035 2.32950410951069 3.12809110647924 1.45119808933358 0.155305629333345 0.76898903875776 2.92019439851165 3.55324858555679 0.251640218123432 0 0 0 0 0 0 0 0 0 0 0 0 0 0 0 0 0
5.67762571700055 0.21951321169591 2.36117812211364 4.16791261441057 7.2135617726789 0.213859995582183 1.7785604281097 4.84341929282532 4.44308181900082 2.27418750406102 1.49021047365868 0.487988986843611 4.78667577767259 4.22178011542923 1.63579253440756 1.39962778757548 8.23177875896797 12.3529993064177 4.39221786185803 4.44561347333563 2.12744056907923 0.222113007725663 1.41729693673526 1.46397130327345 1.43022207389763 1.85109372353694 3.5504830105126 3.10368554420754 0.683903096140578 1.19739530231951 3.49389552596186 4.34730341656491 0.506651494197841 0 0 0 0 0 0 0 0 0 0 0 0 0 0 0 0
4.87013841822982 1.31157143667568 2.86804317484624 6.14478707863829 4.58281424347241 0.822666808735802 0.125276000581736 1.02469754999822 4.87114923070851 2.02416208816751 0.3198001411649 3.44638101343766 0.241517047802667 4.10002364833023 6.7741627163671 1.62820223337602 0.688297616923741 2.15389358565546 3.08581125788104 4.80217021082824 0.175084200818017 2.28895282117762 6.8595481937171 6.69445542047792 0.549366232367513 0.224006524273866 4.68529971880246 10.4517962710419 0.632565443729946 2.08498168751661 2.05306234964367 2.93007914770799 0 0 0 0 0 0 0 0 0 0 0 0 0 0 0 0 0
0.903859807010278 1.03184206575303 12.4457081159272 1.73656571723713 1.30987182398714 2.03024824628364 5.52176493007407 0.81075287351642 7.9539617663856 0.0778323076035684 4.94548168386821 2.76116348354996 0.256021849267625 1.55033539279907 4.58011384298536 0.886254787647891 0.263560418820531 6.95439482784296 4.76293823005062 2.24457814345327 1.01535897776325 0.394552089946929 6.79178176624623 1.46467409747112 1.51096346139768 5.96794650431753 12.3572887723332 2.30368605885815 0.672313365085458 0.566624829850443 0 0 0 0 0 0 0 0 0 0 0 0 0 0 0 0 0 0 0
0.253771309783526 1.80008084905731 0.928187377918254 1.28915409445974 4.50547879945465 0.530938960888195 0.988745803166653 0.133406892051038 0.782819012170859 4.16866799021181 0.584413618322324 1.78036697181696 0.823880889790671 0.644810809676713 3.61978581489132 0.863585341071352 4.44645483422345 4.16675357244455 0.778910788450211 3.16551082559129 0.156862883027406 0.465711906145111 0.545402794973873 1.65943326276601 0.572530378474801 4.29833654402665 0.277150862910081 0.724998611800805 0 0 0 0 0 0 0 0 0 0 0 0 0 0 0 0 0 0 0 0 0
11.6910254280936 1.03731549532163 0.252011823458934 5.80185479535685 5.21188206252256 1.56402671535001 3.54305490415803 1.86633447242348 6.63988320748404 2.21914261085547 2.77440856645747 1.90102095510904 1.61925885361666 0.581306740744532 0.9584951436611 14.6733815217441 2.49752875763491 2.16535122936517 3.47173088373461 5.72894859879204 2.18207300120123 3.04540006814944 2.16833403850655 7.43324097799442 6.99851914747528 0.115398061900403 0 0 0 0 0 0 0 0 0 0 0 0 0 0 0 0 0 0 0 0 0 0 0
0.275320552421849 0.436935673210005 0.0876950552124969 4.88059633048918 3.97329900737806 3.35228650930466 0.480824072411411 1.01823936122992 2.95007233525964 0.287059273106711 1.37372495396751 0.0758285308331655 0.979121492445646 4.13299505878092 8.58563334751374 2.64220056483587 1.23336820009167 3.81814626450489 0.0256456286092908 3.21237798808834 1.62294101943097 0.70973701957366 1.26315099911052 0.772137691697184 0 0 0 0 0 0 0 0 0 0 0 0 0 0 0 0 0 0 0 0 0 0 0 0 0
0.821536061803857 5.95157570081335 4.50279224960624 0.89429577828126 7.07951523038624 2.41851658535629 2.97377975821432 1.16949715240321 2.66193018644929 4.34966430881655 0.141658058134852 4.26474960731062 5.42397336174621 1.34048660731434 3.33854407838587 0.289909728787278 3.6609755185557 0.0862361756527465 1.59234955229745 1.08622046889649 4.5850956441365 1.06555900585649 0 0 0 0 0 0 0 0 0 0 0 0 0 0 0 0 0 0 0 0 0 0 0 0 0 0 0
2.55470466288709 4.02338012695703 0.855446270264982 2.44212846795099 7.29373466338809 0.229522051155853 1.24912937142122 2.6276964688791 0.679643860204419 5.90772299977131 1.03627113365261 0.85637009123888 1.11709961591038 1.71933782906733 4.85150051988479 5.37010399761509 0.579373630189613 1.44483270160155 0.133802934092558 0.838438387105295 0 0 0 0 0 0 0 0 0 0 0 0 0 0 0 0 0 0 0 0 0 0 0 0 0 0 0 0 0
0.71648049643202 1.80790754627333 3.12617125092247 3.31878254691663 2.93446863792246 0.0999478831118095 1.61269384091312 2.56106084439193 0.963801947137167 2.16366395853493 3.9078198902367 0.76441780947997 1.09597672670697 7.17301010161137 2.77511927666305 2.36247595403033 2.15349092544198 0.613219876385023 0 0 0 0 0 0 0 0 0 0 0 0 0 0 0 0 0 0 0 0 0 0 0 0 0 0 0 0 0 0 0
0.640732215952035 8.58217716586128 0.912665545924496 7.46944898243811 3.9188510227032 2.15093924589085 0.00442583769041103 3.15473235106086 0.732164429557433 2.33981383791275 6.2967634559466 0.18266130611214 6.92920175390007 5.86601431428149 2.11912862514086 6.62609139318847 0 0 0 0 0 0 0 0 0 0 0 0 0 0 0 0 0 0 0 0 0 0 0 0 0 0 0 0 0 0 0 0 0
4.37678869810316 6.30256986112878 1.30774365984282 0.41681411015583 2.82021594108542 3.75382056779519 1.55220699227344 1.20268416825436 1.46523915735747 0.1898459603016 0.915641090333205 9.003409921592 2.61127059517552 2.41476121621524 0 0 0 0 0 0 0 0 0 0 0 0 0 0 0 0 0 0 0 0 0 0 0 0 0 0 0 0 0 0 0 0 0 0 0
3.19956262687552 1.53215980842878 1.35348064959687 2.88828925365475 2.95016147126396 0.144781711602698 5.10869403301095 0.320980353911778 1.64055086077571 0.915800741025168 3.13125141784517 7.42104117248512 0 0 0 0 0 0 0 0 0 0 0 0 0 0 0 0 0 0 0 0 0 0 0 0 0 0 0 0 0 0 0 0 0 0 0 0 0
4.274216024986 2.24455849770078 1.95549940712855 3.53613384043918 1.34531399536729 0.623850874773499 2.28476257680843 3.06747372122423 5.97614850434022 0.630295058321201 0 0 0 0 0 0 0 0 0 0 0 0 0 0 0 0 0 0 0 0 0 0 0 0 0 0 0 0 0 0 0 0 0 0 0 0 0 0 0
3.78071967083653 4.62295749621979 0.576040791775127 6.31233253870792 0.635357301029903 1.83623642455257 2.87500372515382 0.0188922924208873 0 0 0 0 0 0 0 0 0 0 0 0 0 0 0 0 0 0 0 0 0 0 0 0 0 0 0 0 0 0 0 0 0 0 0 0 0 0 0 0 0
0.325903772864581 1.3367068669178 1.22542092545674 1.79282081575616 3.95352075836681 2.83398647231804 0 0 0 0 0 0 0 0 0 0 0 0 0 0 0 0 0 0 0 0 0 0 0 0 0 0 0 0 0 0 0 0 0 0 0 0 0 0 0 0 0 0 0
1.66940065876129 1.76575471975091 1.5273574222806 1.74794556480962 0 0 0 0 0 0 0 0 0 0 0 0 0 0 0 0 0 0 0 0 0 0 0 0 0 0 0 0 0 0 0 0 0 0 0 0 0 0 0 0 0 0 0 0 0
5.55905084163107 2.12154093425415 0 0 0 0 0 0 0 0 0 0 0 0 0 0 0 0 0 0 0 0 0 0 0 0 0 0 0 0 0 0 0 0 0 0 0 0 0 0 0 0 0 0 0 0 0 0 0
