0.256720220408494 0 0 0 0 0 0 0 0 0 0 0 0 0 0 0 0 0 0 0 0 0 0 0 0 0 0 0 0 0 0 0 0 0 0 0 0 0 0 0 0 0 0 0 0 0 0 0 0
3.9277466218732 1.5955371536919 0 0 0 0 0 0 0 0 0 0 0 0 0 0 0 0 0 0 0 0 0 0 0 0 0 0 0 0 0 0 0 0 0 0 0 0 0 0 0 0 0 0 0 0 0 0 0
2.25033776467064 1.71060189594169 0.516466672357638 0 0 0 0 0 0 0 0 0 0 0 0 0 0 0 0 0 0 0 0 0 0 0 0 0 0 0 0 0 0 0 0 0 0 0 0 0 0 0 0 0 0 0 0 0 0
9.9020977210961 1.32483726096405 1.55163165211874 0.408019585946016 0 0 0 0 0 0 0 0 0 0 0 0 0 0 0 0 0 0 0 0 0 0 0 0 0 0 0 0 0 0 0 0 0 0 0 0 0 0 0 0 0 0 0 0 0
1.80471998139069 6.37012874983723 7.14275821207443 1.66970391424726 1.72249135072701 0 0 0 0 0 0 0 0 0 0 0 0 0 0 0 0 0 0 0 0 0 0 0 0 0 0 0 0 0 0 0 0 0 0 0 0 0 0 0 0 0 0 0 0
2.49642363565929 0.485815841945025 0.303967823327437 1.25845551530299 2.10668397216437 5.84013519171743 0 0 0 0 0 0 0 0 0 0 0 0 0 0 0 0 0 0 0 0 0 0 0 0 0 0 0 0 0 0 0 0 0 0 0 0 0 0 0 0 0 0 0
0.433397598335052 0.993773274147132 4.15199467232542 1.17939584512754 2.43200475032503 5.45355429623905 1.22711253523069 0 0 0 0 0 0 0 0 0 0 0 0 0 0 0 0 0 0 0 0 0 0 0 0 0 0 0 0 0 0 0 0 0 0 0 0 0 0 0 0 0 0
0.276560261416631 2.1978689142288 3.35116893717977 1.13286280775495 2.53413804547723 2.69224739289571 0.0668448934527159 2.15637326690101 0 0 0 0 0 0 0 0 0 0 0 0 0 0 0 0 0 0 0 0 0 0 0 0 0 0 0 0 0 0 0 0 0 0 0 0 0 0 0 0 0
0.507041938139215 5.11004930141651 0.731715228914588 0.848575548872133 1.83017066559319 1.29353672531976 3.45827859191886 2.63547538773008 2.52084490665984 0 0 0 0 0 0 0 0 0 0 0 0 0 0 0 0 0 0 0 0 0 0 0 0 0 0 0 0 0 0 0 0 0 0 0 0 0 0 0 0
0.639522151085132 1.27809163839897 1.76035004832089 4.36317436999044 4.70807316335605 0.986899870895214 3.15949252433689 0.688714489578628 0.924051906497778 2.37789360732942 0 0 0 0 0 0 0 0 0 0 0 0 0 0 0 0 0 0 0 0 0 0 0 0 0 0 0 0 0 0 0 0 0 0 0 0 0 0 0
0.919031342667857 3.36743090056555 0.948412288763164 1.98677000996721 0.177670823962004 7.63362822854818 0.44107054536459 3.58050414999546 0.269767704768571 0.602269879090292 0.0397474552941838 0 0 0 0 0 0 0 0 0 0 0 0 0 0 0 0 0 0 0 0 0 0 0 0 0 0 0 0 0 0 0 0 0 0 0 0 0 0
5.89164037601219 1.24162001028547 0.77643745431258 3.41598556711778 3.19884898695106 1.02396782930765 1.6841996186669 0.0989381123520422 1.05814414569824 3.01006912049464 0.255065766005428 1.5280749484929 0 0 0 0 0 0 0 0 0 0 0 0 0 0 0 0 0 0 0 0 0 0 0 0 0 0 0 0 0 0 0 0 0 0 0 0 0
4.87330855943012 5.32570380475276 0.202711874353561 5.8028178395249 3.77721871770934 3.16385259110197 0.134661714127325 2.02714713271353 1.18760919687409 8.05468998140076 4.6910446990715 1.200475297952 5.86481998128297 0 0 0 0 0 0 0 0 0 0 0 0 0 0 0 0 0 0 0 0 0 0 0 0 0 0 0 0 0 0 0 0 0 0 0 0
1.13152027818948 1.87524491215249 2.18535922133676 2.31304491585787 2.07320616725423 3.50331344559147 4.29784089396182 2.03794309098386 2.70939190661538 0.826653696453011 9.17588478306261 0.867837321720665 0.024801861354207 0.0694758841668753 0 0 0 0 0 0 0 0 0 0 0 0 0 0 0 0 0 0 0 0 0 0 0 0 0 0 0 0 0 0 0 0 0 0 0
0.99867246011284 0.439371693674719 3.41866543790272 0.496915047646855 0.646119744846446 1.66801838664863 0.0437628783000489 2.12874232476913 0.835284078303115 0.535930275991899 0.0978181161217451 1.69098175996832 1.06001731616863 1.42850456476515 6.50139062526641 0 0 0 0 0 0 0 0 0 0 0 0 0 0 0 0 0 0 0 0 0 0 0 0 0 0 0 0 0 0 0 0 0 0
0.0450413486699531 0.640369271477111 0.0641566926062561 4.61671456560305 2.53749275054795 0.46639810801361 1.19436431855748 1.69907540199167 2.30863052218455 7.6521799052 4.2829458838624 1.5304927479502 5.48492872578024 2.87218963299301 0.0654388359298287 1.60929527007677 0 0 0 0 0 0 0 0 0 0 0 0 0 0 0 0 0 0 0 0 0 0 0 0 0 0 0 0 0 0 0 0 0
0.553041081170919 1.5894174517983 3.74705450269306 1.25226649102534 0.917167405816985 2.52274981400709 2.17207860007411 1.24199758707277 1.40986110435392 0.239416445376194 0.841881479535526 3.21299033683926 5.12340823762396 0.219396054005861 3.31037329441232 2.56882499889966 2.53488864484203 0 0 0 0 0 0 0 0 0 0 0 0 0 0 0 0 0 0 0 0 0 0 0 0 0 0 0 0 0 0 0 0
0.480209676042612 0.317788326999253 1.97019595601283 7.98892128309524 0.887325076651527 0.303451215133219 1.18486495444754 2.60841385204396 6.86213829340044 0.647570618845777 3.88617981863024 1.86218894058091 0.00750603382486764 1.52886616666365 1.56102179869848 0.586713745874767 1.50960579037782 0.452164787585902 0 0 0 0 0 0 0 0 0 0 0 0 0 0 0 0 0 0 0 0 0 0 0 0 0 0 0 0 0 0 0
1.38217542553094 4.78698121093337 0.730577924753126 0.735432412764257 0.841474598133876 0.715342018626702 0.116523485438021 2.71147616407864 2.63577625543532 0.838052390257208 3.19039891433858 0.581119956743996 6.76948240049902 0.755985652297374 4.37837990238515 4.13702238377323 1.86671119796478 0.750824517794961 0.0772381859195888 0 0 0 0 0 0 0 0 0 0 0 0 0 0 0 0 0 0 0 0 0 0 0 0 0 0 0 0 0 0
0.187616348218693 2.66042343978547 2.75599882224111 5.88948920035025 1.61299114187145 0.0553712089236251 0.198075733014319 0.770468223144921 1.43221921073882 5.29665806859328 1.40392062006398 9.42666931459953 1.3680566221279 1.02557538550605 3.6795512444651 3.50692569610848 1.0464243555576 3.5664473701252 1.63461424299974 5.67228560205858 0 0 0 0 0 0 0 0 0 0 0 0 0 0 0 0 0 0 0 0 0 0 0 0 0 0 0 0 0
1.54676891848101 1.33419480535871 3.6206849642726 3.04284021125553 3.34511825248675 0.874690318348536 0.885000192458158 2.60205910372148 0.25675850080576 2.70619186451607 1.96186516908951 0.591536014832274 2.67611238264388 1.24454585787592 1.75460575965433 2.11159845187116 0.404263456345414 2.23913303346385 0.268456298851156 1.49873720249917 1.00155676702103 0 0 0 0 0 0 0 0 0 0 0 0 0 0 0 0 0 0 0 0 0 0 0 0 0 0 0 0
0.788962418394551 1.98932015673118 0.538573202252765 1.37161835056797 3.17644741436778 1.3539152744287 2.099590322605 3.62629515206987 3.31201180953079 1.82443129361751 0.866474215051022 2.43198164551734 3.99133717526973 0.737170031518938 5.49814828965077 1.38544387887465 3.42429206139548 6.51218103716661 4.56956137426913 2.19787047197255 0.863507334529567 5.65200552138309 0 0 0 0 0 0 0 0 0 0 0 0 0 0 0 0 0 0 0 0 0 0 0 0 0 0 0
2.06753977390863 2.23565032913955 1.42898643737075 1.9490652167519 7.77944174853962 12.5374535842034 0.106437594925772 0.312399108460765 2.75260982787714 0.0798167584254594 1.43221455259205 6.54685003580585 0.729432591840676 4.17625242572525 3.05614840570564 0.116258299777203 2.495018516306 2.35819933043937 0.290780844080113 5.32580599775077 0.025518569715183 3.66230665838473 2.48164978167369 0 0 0 0 0 0 0 0 0 0 0 0 0 0 0 0 0 0 0 0 0 0 0 0 0 0
1.01313043255307 5.91293820369537 0.990543649525468 0.598954919582201 0.062391450825153 2.98262901548306 0.414019172122531 5.29760325506079 0.149207688353004 3.71633445203345 0.568301066212664 2.22432386574147 3.52222103605167 1.51568814264458 5.49608955788769 2.89449032359004 2.93610555109037 3.6708223016967 4.29812760563731 0.318438124739115 0.584519698325777 1.16399731614354 0.946356477708254 0.951567409515237 0 0 0 0 0 0 0 0 0 0 0 0 0 0 0 0 0 0 0 0 0 0 0 0 0
0.0172021959686125 1.4669022387615 3.36769681057585 0.621878720545951 7.21533385759937 0.969067757089422 4.55300067050733 4.48932655277945 0.930859044752134 3.81813091642563 1.42391601704859 0.351022554374201 5.21095307156868 2.06305447530545 0.143224439911357 5.46469591827181 1.93679707892664 0.0993661080367132 0.0981724500196053 1.31319075454525 10.4380448197275 0.0241328053858384 1.58435982162391 0.936327142164279 2.39165000881134 0 0 0 0 0 0 0 0 0 0 0 0 0 0 0 0 0 0 0 0 0 0 0 0
1.17365742242819 2.86119141094226 0.851327649930745 0.181594249815798 0.172100381561966 2.58401863100582 0.40741282420381 2.07285808020448 1.35333677017404 4.14025845944704 2.57600322663845 9.68642120807165 0.488606934942649 4.22325799565291 4.22951583685949 1.10523190236792 0.299819073425042 0.547962295786733 0.151795608558623 6.56494808522246 2.19191831988431 0.207055009829896 5.21772550094329 7.55202690211634 0.601656856642366 0.972212692997589 0 0 0 0 0 0 0 0 0 0 0 0 0 0 0 0 0 0 0 0 0 0 0
0.542192450419153 5.03282023923305 6.28117690494674 2.37193580528572 5.5930297337888 0.605441990094592 0.29610913019742 2.02943837179013 1.39404588983689 2.11673539645302 3.23692671875374 0.58595743511386 1.25596359457674 9.22858294171807 2.57904306679619 7.31283024965528 1.73762137258887 1.87389863356428 5.9501938693835 2.11355473417571 0.288643936672801 0.239252793340567 0.744914601077582 4.39342635536252 5.45278011199618 0.0108044929939998 0.831662707302366 0 0 0 0 0 0 0 0 0 0 0 0 0 0 0 0 0 0 0 0 0 0
3.44165552928617 1.058632135355 0.754578084314976 5.82911590145369 0.904389579635525 0.00100118989984468 1.40493457449262 2.09537974293911 5.40866051629793 2.1692550204616 1.24791061653521 1.41746643339581 1.4584078563428 2.36319126265315 0.617018471372927 5.68586550381485 3.65565082530561 1.66409651091246 1.01323179813075 0.70760977141078 0.813864205300644 8.98147069277844 2.12032608638401 1.39389148878584 0.969855462095018 2.96270086381144 1.18200479414518 0.243423299286571 0 0 0 0 0 0 0 0 0 0 0 0 0 0 0 0 0 0 0 0 0
1.17145891637269 0.909885553884202 3.71073641441027 0.51915384208777 0.829291838252527 4.59171135973143 0.475553596171912 0.741334411156796 1.75431447876341 0.896887954412473 1.9255509078784 5.23346461446645 3.90945781096655 3.41735854013067 2.59432516733437 4.12876371773934 0.926904666612347 1.74574138113383 2.91786166098547 0.404274277855704 1.33671480187149 5.4323135907242 0.63024408682937 0.0136795037494061 0.432975984502677 2.45109674374213 2.03922840350768 2.18638443384771 3.13423407993359 0 0 0 0 0 0 0 0 0 0 0 0 0 0 0 0 0 0 0 0
0.60127596522356 2.42798692915866 1.41414985955381 0.121472208529774 5.98951589693967 3.03103487075169 1.55606996664173 1.18416279165707 0.560980523937591 0.686463614591552 1.07514867735147 0.997531824412144 0.1664372365185 2.38120807634673 0.590079815904468 0.292938237435614 0.712034851904911 0.1415367231147 5.13875090246896 1.16245235056227 1.17110729340342 4.00633833074172 2.05829799925024 3.23263710269681 0.554017224535812 0.0905613427124623 3.92616020875547 4.35894346039186 1.66624543083492 1.92825126679515 0 0 0 0 0 0 0 0 0 0 0 0 0 0 0 0 0 0 0
11.2789783604597 0.401681547575984 3.65316527478249 1.56493348575317 5.06835267947864 5.20034656526283 0.279403840511544 4.50249443720509 0.921974135688202 1.92401804723761 1.61338607656317 6.53615543474222 1.727152314026 0.409967073252903 4.96998784145979 2.21966674774043 6.10755528367274 0.0622396882579245 8.36527523958835 2.23658468080742 1.5975055768397 0.33655294927956 5.42030137082984 1.01517981150222 2.60717493987061 12.2393200940167 0.130675147443362 2.81643347021128 0.2079741311274 1.21539939005639 0.550730816366124 0 0 0 0 0 0 0 0 0 0 0 0 0 0 0 0 0 0
0.590787632224828 7.82490040374463 5.00682331235924 4.13408762189149 2.79674524551426 0.781950270693543 3.37595549395361 2.04515662215785 0.580648401176408 3.35181725353692 0.998181393258062 2.27582566714709 5.41836468052558 2.80073398408489 1.20590194153785 3.94174425469632 1.53729280476453 2.92443428452258 0.371503668791496 2.95711761387106 5.32106088142006 4.1245417857783 0.526764241963727 6.68406343798908 2.97839694175664 3.87240639578773 0.745270598967097 0.562415057842303 0.661043070611538 3.59097407762932 3.96006615540599 9.46019043449737 0 0 0 0 0 0 0 0 0 0 0 0 0 0 0 0 0
2.07624468668262 8.96198837166693 1.01978613894012 1.10700013122669 0.362921586340441 1.47275651962244 1.30305644722451 0.340443102793731 0.0745098863707988 0.902408146894403 2.60347223276128 1.56823473834748 13.1222677283351 1.03228556022392 2.9849861521956 2.54329946074767 7.23724810878922 0.363165907573508 3.02842941047374 2.60250996420856 4.8877929004385 2.87530979606122 0.905239484677171 3.04344911533806 0.078577337152254 0.415770649134673 0.33845898128463 5.82134441713348 1.49047620186809 3.3781188983162 1.3666231290724 9.60497464251306 4.87952516511542 0 0 0 0 0 0 0 0 0 0 0 0 0 0 0 0
0.55325717140761 1.76775571756976 0.0498331923900415 0.149867645579507 4.78421295271366 0.330907455128593 0.287078307269158 0.456866318218906 1.27408670163873 6.173119370327 0.825382395069965 4.75557153451706 1.11596905312405 2.34883122158207 0.261587422125763 0.768553843247312 1.73303069579601 2.7719866514689 0.536104785859378 8.33292966949683 2.57070691792014 0.964197589491027 8.86666850990722 0.302926785997355 1.47794702603308 8.12984493730762 2.35337460365689 0.523904029388422 1.96449938960046 6.26037194518259 1.13587174637268 2.00851749021253 0 0 0 0 0 0 0 0 0 0 0 0 0 0 0 0 0
5.09446312072108 9.98983768614072 2.12156613111485 0.0285705352216139 2.21675395265445 3.59294680741869 0.248019059728975 6.36067446001469 0.565219421035754 0.569154647807073 2.977139412461 1.71533419337293 2.19270155013291 0.785704704990616 0.286472894152981 1.51764263209425 1.73035351348205 0.727834007053372 4.60109212152035 2.49852101770512 2.25455154127611 2.77848344526067 5.40896486426585 0.667998734295205 2.86313068979744 4.59260899380107 5.51971232412079 2.83918640782887 3.52273160655726 6.00929318814297 0 0 0 0 0 0 0 0 0 0 0 0 0 0 0 0 0 0 0
1.67184066259782 2.4220996632795 4.57084505683695 1.78054125400363 1.24030961787832 0.490383259840916 3.68206474988378 6.48156972168024 0.0979339662193994 3.86634681481562 0.263023531914563 3.20358622734551 0.116636026514712 0.511826100519203 0.346346193706134 3.25770842678882 1.34007068853505 0.594672777227393 1.41081898014733 0.0849281012206523 2.4468592202201 0.208184364893861 0.109718517821803 1.21489119772131 1.11404642967682 0.917507424642885 0.579462333728876 0.922896829987218 0 0 0 0 0 0 0 0 0 0 0 0 0 0 0 0 0 0 0 0 0
2.80075789845425 1.85301862910762 1.24311467333636 9.47242519218309 4.25662551111924 0.7395738748439 0.31577484340962 1.16122803653237 1.31204606270061 0.105970376592845 0.38906909487204 5.62816098883519 0.607953023751582 0.119636134333057 2.96172705141251 1.99282945031747 4.76252631571939 7.07413698391229 2.2518365029743 1.16490980230762 3.02476689724637 2.99730527022524 2.93242967077199 0.191216657600558 0.283739089525622 13.0258974474023 0 0 0 0 0 0 0 0 0 0 0 0 0 0 0 0 0 0 0 0 0 0 0
1.76679515560007 1.28852216288913 4.58648744069631 0.807707933334589 9.81745277739054 0.552421252928613 2.1148096263654 1.02427739627085 2.47652196068972 0.166785918007345 2.34249107283601 2.71783801236424 0.731447516002863 0.258437483489253 1.33094297807295 3.60350633477324 0.819229065569844 0.187080626290561 4.49622809163407 2.60943331017955 0.469448638345571 6.23560806251174 0.30556055376419 0.555559660339692 0 0 0 0 0 0 0 0 0 0 0 0 0 0 0 0 0 0 0 0 0 0 0 0 0
3.35829466798298 1.62801487875074 1.37385945976748 2.07666192228042 0.136475513257556 1.73315387404199 8.79361113271273 2.09521899459378 2.90986446549626 0.676777683061724 2.56366136113897 2.21968566186032 2.20105118664036 1.42562274060292 3.01121629936067 0.306081899802115 2.344532296647 4.1868350659358 0.43792091612415 6.84859690839236 1.17383000540549 0.120774151834179 0 0 0 0 0 0 0 0 0 0 0 0 0 0 0 0 0 0 0 0 0 0 0 0 0 0 0
1.13735188272634 0.377586220395642 10.5239408489415 0.227999348391612 1.16194745636454 4.33093131375816 0.883142986244104 9.87070152821993 4.65225064039598 2.51533048398099 9.68795221430184 3.25088642447594 5.1178379714584 1.43041709191576 0.886194168372745 0.241550400429385 2.46356613799153 2.48204458202485 0.865411447913911 1.61487910290074 0 0 0 0 0 0 0 0 0 0 0 0 0 0 0 0 0 0 0 0 0 0 0 0 0 0 0 0 0
4.53618062262103 0.639657146598375 2.0283186081225 4.60933439073036 11.750967391113 0.455954700002365 1.2484753468485 1.01964812211071 1.14662856146294 0.114054403272554 1.63829462431317 1.65994580176045 3.81594797383864 6.82399513596808 3.09865198656329 2.34010415627509 4.12589442222519 3.30952787971261 0 0 0 0 0 0 0 0 0 0 0 0 0 0 0 0 0 0 0 0 0 0 0 0 0 0 0 0 0 0 0
2.86295929462199 1.20220947213815 2.15458663292796 7.8928926930168 4.19251451550388 0.679849953777634 5.30067033577174 0.819512208560795 0.717837915553807 7.92411888206141 0.459828364533698 5.87977980233736 0.723509245143933 1.58080484611819 5.58881467235592 2.4481252342923 0 0 0 0 0 0 0 0 0 0 0 0 0 0 0 0 0 0 0 0 0 0 0 0 0 0 0 0 0 0 0 0 0
0.216700316202217 6.50476537987031 3.284518840811 1.41314460801051 6.53235938401551 2.21249716096547 2.81674725427782 1.39200701009746 0.588182860498019 4.26018754903495 2.63675147686702 2.25773201720181 2.89520267301528 0.142793586192594 0 0 0 0 0 0 0 0 0 0 0 0 0 0 0 0 0 0 0 0 0 0 0 0 0 0 0 0 0 0 0 0 0 0 0
2.34301602158911 1.08446697697193 1.92152893991661 1.97129024213618 0.590754756164368 0.313655963832529 3.44346997218075 3.36074619387514 0.0492256108911142 10.049260325453 0.0724518584574947 11.1713402318831 0 0 0 0 0 0 0 0 0 0 0 0 0 0 0 0 0 0 0 0 0 0 0 0 0 0 0 0 0 0 0 0 0 0 0 0 0
1.66335768724455 1.50777608696097 2.77536511279484 2.96396784424517 0.188922859822482 3.6362281952793 0.128236232603458 0.0196034791111896 5.25533823552258 0.198173269815815 0 0 0 0 0 0 0 0 0 0 0 0 0 0 0 0 0 0 0 0 0 0 0 0 0 0 0 0 0 0 0 0 0 0 0 0 0 0 0
0.525297502249896 0.13610243341288 3.93593141893775 0.590629536500084 0.770066421728063 0.0454138969681571 3.33321456067083 3.91707927132864 0 0 0 0 0 0 0 0 0 0 0 0 0 0 0 0 0 0 0 0 0 0 0 0 0 0 0 0 0 0 0 0 0 0 0 0 0 0 0 0 0
3.28926839613491 0.165227794538896 12.2634091302061 1.28138458745868 0.981193223638871 0.581926308612122 0 0 0 0 0 0 0 0 0 0 0 0 0 0 0 0 0 0 0 0 0 0 0 0 0 0 0 0 0 0 0 0 0 0 0 0 0 0 0 0 0 0 0
0.415512998628957 3.28397805877577 2.47321056409471 0.282480633927579 0 0 0 0 0 0 0 0 0 0 0 0 0 0 0 0 0 0 0 0 0 0 0 0 0 0 0 0 0 0 0 0 0 0 0 0 0 0 0 0 0 0 0 0 0
0.784932443519588 3.63111085162436 0 0 0 0 0 0 0 0 0 0 0 0 0 0 0 0 0 0 0 0 0 0 0 0 0 0 0 0 0 0 0 0 0 0 0 0 0 0 0 0 0 0 0 0 0 0 0
