2.46390970124398 0 0 0 0 0 0 0 0 0 0 0 0 0 0 0 0 0 0 0 0 0 0 0 0 0 0 0 0 0 0 0 0 0 0 0 0 0 0 0 0 0 0 0 0 0 0 0 0
1.13724900600317 2.35415165833865 0 0 0 0 0 0 0 0 0 0 0 0 0 0 0 0 0 0 0 0 0 0 0 0 0 0 0 0 0 0 0 0 0 0 0 0 0 0 0 0 0 0 0 0 0 0 0
2.2850205251556 1.19099730531477 1.21688493591618 0 0 0 0 0 0 0 0 0 0 0 0 0 0 0 0 0 0 0 0 0 0 0 0 0 0 0 0 0 0 0 0 0 0 0 0 0 0 0 0 0 0 0 0 0 0
0.0760905924329972 2.72871238128873 2.00856747868811 0.40994456460875 0 0 0 0 0 0 0 0 0 0 0 0 0 0 0 0 0 0 0 0 0 0 0 0 0 0 0 0 0 0 0 0 0 0 0 0 0 0 0 0 0 0 0 0 0
3.65103256537928 0.537681829053915 0.838578577792533 1.58850237178241 1.17069539836912 0 0 0 0 0 0 0 0 0 0 0 0 0 0 0 0 0 0 0 0 0 0 0 0 0 0 0 0 0 0 0 0 0 0 0 0 0 0 0 0 0 0 0 0
1.26610915183253 2.95430461565511 7.72193756262399 0.441316087055294 0.153322508978853 0.591768862782365 0 0 0 0 0 0 0 0 0 0 0 0 0 0 0 0 0 0 0 0 0 0 0 0 0 0 0 0 0 0 0 0 0 0 0 0 0 0 0 0 0 0 0
1.3299782576571 3.66796771867391 2.2752385929208 1.22838200346126 0.0278679697087145 2.43530567860238 1.99590418882085 0 0 0 0 0 0 0 0 0 0 0 0 0 0 0 0 0 0 0 0 0 0 0 0 0 0 0 0 0 0 0 0 0 0 0 0 0 0 0 0 0 0
3.82454099098087 0.00946389111628823 6.35793795267331 6.53853932369843 0.25119222041129 4.9844159768117 8.33917083439014 0.0943988448379969 0 0 0 0 0 0 0 0 0 0 0 0 0 0 0 0 0 0 0 0 0 0 0 0 0 0 0 0 0 0 0 0 0 0 0 0 0 0 0 0 0
3.48073477449253 1.85803654073953 1.3338254581859 0.0511645523617147 5.10093295935647 9.78079961270196 1.02872853067084 1.58264276835531 4.91098049108813 0 0 0 0 0 0 0 0 0 0 0 0 0 0 0 0 0 0 0 0 0 0 0 0 0 0 0 0 0 0 0 0 0 0 0 0 0 0 0 0
4.91293637444858 1.24619889979982 2.49386490173055 3.18023355643969 2.95578309073605 0.353496084616562 1.40129562849785 6.5373808112433 0.38021441579782 1.3046473287678 0 0 0 0 0 0 0 0 0 0 0 0 0 0 0 0 0 0 0 0 0 0 0 0 0 0 0 0 0 0 0 0 0 0 0 0 0 0 0
4.36907416679286 2.07772709152124 6.62052839546296 0.199758714316815 3.53587253095929 0.36883946642659 1.69496521840304 2.68804009260984 0.15863906745795 2.31003239424955 2.1561148088995 0 0 0 0 0 0 0 0 0 0 0 0 0 0 0 0 0 0 0 0 0 0 0 0 0 0 0 0 0 0 0 0 0 0 0 0 0 0
0.0492517587978537 4.18352466466488 0.782875413933656 5.56910208078254 2.18698860336768 5.11435385368629 0.257214491773942 2.64983694317281 0.95120143999745 2.35366900009848 7.52688163608516 0.272127939875019 0 0 0 0 0 0 0 0 0 0 0 0 0 0 0 0 0 0 0 0 0 0 0 0 0 0 0 0 0 0 0 0 0 0 0 0 0
3.52654241463665 0.290790500943205 0.263005088481603 0.980498590525959 3.7382238985148 1.05760972170961 0.540825748269463 4.74399300686719 1.17742550125242 1.81203427523791 6.69954944361665 0.341140947766191 9.86872406634015 0 0 0 0 0 0 0 0 0 0 0 0 0 0 0 0 0 0 0 0 0 0 0 0 0 0 0 0 0 0 0 0 0 0 0 0
0.269751016504608 0.247851868600293 2.34208192060513 4.38748646954382 1.46607601552305 1.33213412125379 3.58028326837102 2.38142581308774 4.500436259148 1.73544548786532 1.95341530657628 7.19958980137921 0.019360674469857 3.15823976767313 0 0 0 0 0 0 0 0 0 0 0 0 0 0 0 0 0 0 0 0 0 0 0 0 0 0 0 0 0 0 0 0 0 0 0
2.34078419493895 0.0828138011569808 0.169171592291716 2.42293323777132 8.72680196097381 1.31691920098992 3.2561492827811 2.14663253957817 0.988026023815393 0.0644849482298788 1.16971788740764 1.33709021143156 1.51910543356282 0.0100095843031912 0.111009021989046 0 0 0 0 0 0 0 0 0 0 0 0 0 0 0 0 0 0 0 0 0 0 0 0 0 0 0 0 0 0 0 0 0 0
1.19725087677155 10.3237988738388 0.209831064331685 2.24511093799869 0.962957043530403 1.38675744152286 1.50001014783247 3.37177972910284 0.844521677207943 1.49069691522716 0.213410894094129 5.27892299515656 3.88758232926511 1.73181161647141 1.15356802359115 0.0184881421914615 0 0 0 0 0 0 0 0 0 0 0 0 0 0 0 0 0 0 0 0 0 0 0 0 0 0 0 0 0 0 0 0 0
2.61806179556744 0.728152570430058 0.935476125372983 0.662024384533345 0.640624101303583 1.15776721226693 0.617525603861843 0.594110651598168 3.87270233531597 5.1822979878648 2.41064481701422 6.60093436507469 0.44086472742029 1.53400316897121 0.174143638580369 0.93897898636965 1.21812072346121 0 0 0 0 0 0 0 0 0 0 0 0 0 0 0 0 0 0 0 0 0 0 0 0 0 0 0 0 0 0 0 0
2.58957382418024 3.01792331668562 8.20226432742385 0.983908547927154 2.85913239628242 3.69857968508781 0.081259600756322 4.89918780631226 0.638478434645995 1.96014507374606 6.32677982243244 2.68810446676462 1.69542832230582 7.28953252433142 0.766340036896512 3.2193152710098 2.09842897739566 0.586821725348257 0 0 0 0 0 0 0 0 0 0 0 0 0 0 0 0 0 0 0 0 0 0 0 0 0 0 0 0 0 0 0
0.107550195597605 1.37129942836915 4.53845095808645 1.94350039210351 1.74416739410559 2.37893677361121 4.21574761147543 0.891431259304703 2.96824804830213 2.26308367601463 3.01815303919816 4.38163048908807 1.67809441337572 1.78373293931139 3.44361150146427 2.13052239670746 1.97781931425833 0.677187441306145 0.982915147957114 0 0 0 0 0 0 0 0 0 0 0 0 0 0 0 0 0 0 0 0 0 0 0 0 0 0 0 0 0 0
0.372484942631407 3.60020780937278 0.69728373318724 3.23378659605303 0.652891192909611 1.73794248936287 9.18323171809519 0.752104294233218 1.55128240834128 4.03018640982846 5.04653072897055 2.38347207771133 0.393314179781035 2.73537041924296 0.380726568830393 3.22542779816313 1.22510922861733 4.84806800580833 1.5838507687162 3.28255980594866 0 0 0 0 0 0 0 0 0 0 0 0 0 0 0 0 0 0 0 0 0 0 0 0 0 0 0 0 0
1.90890880536412 0.952856620143979 2.6819829421834 5.09006004475703 0.892256299297952 4.3266679988003 4.81807770093007 2.2505502418445 1.99155900092261 1.32847246067836 0.214303740499065 3.31023115363491 0.21415950059255 4.08954191852323 4.03959956081334 0.0369971463030632 3.61460214784102 1.5725302878255 4.00190039196081 5.23049139237106 2.19532542049373 0 0 0 0 0 0 0 0 0 0 0 0 0 0 0 0 0 0 0 0 0 0 0 0 0 0 0 0
0.255905513101422 1.76323933249457 2.68134914879202 6.10720638316249 1.22462575178609 5.04879670608356 5.08552090027228 0.463469853011932 1.57212298456422 1.92810079283055 4.50018925200152 2.8285044191416 0.756239749553262 9.00958880482453 0.349558367257746 0.791322254526175 0.411672004056967 3.25735634998988 12.8270660916888 4.21166697514877 4.28623613386963 5.44575134800823 0 0 0 0 0 0 0 0 0 0 0 0 0 0 0 0 0 0 0 0 0 0 0 0 0 0 0
5.91151241531448 3.7352760462202 3.12312023821122 0.230259434015935 2.37585135858893 0.295560444375669 0.473851356357636 4.99335549583317 2.0467404979114 2.97409928527066 0.803058577331134 2.77918106080446 3.68483678787465 0.129920727742269 4.55736761829679 1.963910102198 3.30387130742933 2.46468505223768 1.97585652452963 2.02411847107829 1.68540413005098 1.43759275864363 3.17993986602815 0 0 0 0 0 0 0 0 0 0 0 0 0 0 0 0 0 0 0 0 0 0 0 0 0 0
2.09132622320706 0.260285553622299 7.40869308799554 2.08778260361729 5.28017087786861 2.2534745620514 4.03864238134562 1.48683776779567 7.05071314730878 2.68092678252756 2.00031011292919 6.91185660440251 0.537683710123874 3.33588506656312 1.02395619534603 0.783142148398761 3.59007577131294 0.672208077546801 0.16360727426993 3.38646196584255 4.23230390010941 2.04586961157064 5.51251431683541 1.35186323983599 0 0 0 0 0 0 0 0 0 0 0 0 0 0 0 0 0 0 0 0 0 0 0 0 0
0.39892092311346 2.89370182676912 4.23492508325296 4.50328513699942 3.49618732590938 0.237950125608235 0.436191946366565 3.38420383158046 0.821471495205473 2.07188142292433 3.46788678586556 0.0406580334671654 2.99127766741458 4.9885095614851 0.182424841664779 0.552736849536748 1.66449036822754 1.34003324851099 1.54807456071421 1.02154907388279 2.29614553356133 0.196787565950385 8.5951739096176 1.69419818169222 7.51647324508062 0 0 0 0 0 0 0 0 0 0 0 0 0 0 0 0 0 0 0 0 0 0 0 0
0.117583766575892 2.52460125354539 5.54015972126802 2.05414562086567 5.95290119688093 1.24950325310402 8.64585918528984 0.660891688283453 2.83046049428299 7.2443869318122 0.5436153403314 2.94224114775258 2.24858096462907 0.961773102856771 3.85226590072199 2.54732217533773 1.8841477484735 6.13988466586159 1.44475244668666 0.256296592500329 0.335503223762649 3.73178649592552 2.23194616938686 2.79308320073595 1.56042613172216 1.11161482772789 0 0 0 0 0 0 0 0 0 0 0 0 0 0 0 0 0 0 0 0 0 0 0
1.60908029861017 6.0520521182455 4.04258073232284 4.4079847112553 1.55794178395234 1.95371156112512 0.9398261268686 2.83870020245882 3.86765009334502 0.261316260394407 5.61816315445686 6.57804522726985 2.11734741038917 2.44614666345928 2.93796086097516 1.32887608014681 5.70743183324493 3.17602711017426 4.17165316360732 1.0095478435405 0.056135583759217 1.53329162096502 2.53663709399717 0.400388889018858 6.36751863876218 0.175187684819103 0.114928424789519 0 0 0 0 0 0 0 0 0 0 0 0 0 0 0 0 0 0 0 0 0 0
0.112740161733738 1.4711716586012 4.33138989436473 0.0820676854701221 0.251051390418719 0.835553795010679 2.13801515614876 1.28836662145581 1.2823342419058 1.13074907072584 11.109462825471 1.55703943631855 0.219563358784725 0.198435149932278 4.8331236552477 1.15952556250032 0.349650009957776 0.0683863399999142 5.05294164150065 0.0978180640639232 1.03246794449686 1.73062589039287 4.27494722459849 7.50351492894423 2.17218385171908 1.18102959026498 0.158005906298369 2.40285514563229 0 0 0 0 0 0 0 0 0 0 0 0 0 0 0 0 0 0 0 0 0
0.533896297741095 0.510162198065347 1.59949930721792 3.32950571604835 1.06606784761325 0.701683632382691 0.867774697928707 0.777282021565583 0.385477506993262 0.477102600756572 1.25780758549331 8.08500613956724 1.4794639206704 2.45380415724512 0.0790462145918147 2.90758990179046 5.38004346965356 0.225814814176072 0.359147195907157 3.4384752189942 2.36543098570204 1.91682904226941 0.358111053920659 0.272214333128232 0.789126505353001 2.83476303166403 8.05059033846198 1.18069650295912 0.380226788079605 0 0 0 0 0 0 0 0 0 0 0 0 0 0 0 0 0 0 0 0
1.41956455411134 0.664148453443856 5.37985796251071 0.121447689668594 1.76423997908634 0.912432828894852 0.396383654321081 1.94151489853894 3.55766293705597 2.19672921252672 4.96934500651047 2.37327323328181 1.71680005727948 4.96928447017465 3.47103425482092 1.9664421215279 0.1932592119048 1.40950375946296 1.45343735779713 1.5338629707204 0.973360463805635 2.25399171307228 3.43492031500685 1.47158459225559 0.704369838383832 4.81831904387773 2.10528114168271 2.87732763705629 6.1383420632731 1.25608956439496 0 0 0 0 0 0 0 0 0 0 0 0 0 0 0 0 0 0 0
1.75678955689738 3.39008148180489 2.07119292687011 0.72669772186051 1.34181126538622 1.2914074308571 0.859588602864574 4.49533095416864 2.8477125942932 3.21930867621613 0.0527515554733785 0.528810492670331 3.76409649205548 5.25159107601842 0.0774902001606533 1.40230244585113 2.61325931733511 2.87376534367524 0.572850050142614 0.331090453890696 5.75652619166256 0.253947840815744 4.02350050441705 0.585881061713135 3.08845589567135 2.80832860079862 0.461665765618565 1.3976983208142 2.54707193384866 1.97934892105819 1.04910153032596 0 0 0 0 0 0 0 0 0 0 0 0 0 0 0 0 0 0
1.78746447902241 0.266942346935736 6.82362006663579 2.23516684355379 0.689147148266893 4.7061511035215 2.34798334472142 1.81996959182824 1.04627031600919 3.21493330397581 0.420540345942644 3.52049270635209 1.14719388804038 3.181659249039 5.3741416455649 2.30269203381281 0.614550780361941 1.56475304100824 0.0246228469774009 0.635649293276191 1.24316114763694 0.206081144504347 0.961664212767099 2.16651451569143 0.252351718815344 0.935198830628299 5.38827215452731 3.10686542529584 0.371464210354155 2.70460199805812 0.286042650778401 4.27271312575804 0 0 0 0 0 0 0 0 0 0 0 0 0 0 0 0 0
1.19974341695712 0.537874805372737 3.23879548670124 0.261408085165582 1.93501037989945 0.740294501543194 0.725280985764708 1.41460037155848 1.28270198797877 3.30643811503376 0.461247088942818 0.25611674303077 1.38425790822211 3.68096656152451 1.32627947767602 1.16552856315827 1.64192015925514 2.25642945957354 1.34627217023821 0.134661772393064 1.58675991449812 0.334188130781152 0.0138449717030664 0.448648217959455 1.28404222033358 12.7389192237965 3.05709193743712 2.40811231995707 6.43571632285001 1.18718071637718 6.17039096679026 1.91077852210938 0.223928662207084 0 0 0 0 0 0 0 0 0 0 0 0 0 0 0 0
3.9925570359776 1.5942192126791 0.478390990954248 1.42400824527174 3.28928913554727 0.732497535807385 0.189776664787336 1.34807031948663 0.296466861029664 1.96643902999181 1.45134888536855 3.11586796158675 5.09588397871214 1.96687917894287 0.656214682435632 1.05512879170862 2.63448597367554 1.3102683958844 0.678951199944125 2.24252756727856 0.544048790804165 0.349300033717547 1.63774502794431 2.40231035548743 1.8837986310195 0.743120194463155 0.48398707419531 0.775543078101095 0.740399081087432 0.676917373495082 2.85754964324585 2.73847432819339 0 0 0 0 0 0 0 0 0 0 0 0 0 0 0 0 0
4.95227539668075 0.490794877447289 0.927394723174624 4.72045510170249 0.134738659686193 4.82106058516833 2.15581668524059 3.34830870386182 0.21628054390254 0.549291310766653 1.4371030210203 0.658378430053139 0.599327623463633 2.16964105853418 2.42195208182952 4.66275325557417 1.86823723637811 1.5059891273297 3.61331654724936 0.326960182298692 1.56991814351822 0.329602670575324 0.392512178372154 3.7176807864959 0.916287012119872 0.634216352152234 2.83456869702508 0.472840397772946 6.38958008595896 2.07860611266965 0 0 0 0 0 0 0 0 0 0 0 0 0 0 0 0 0 0 0
0.232867923970298 0.673681883741538 0.189766955096779 1.2743548576888 0.958292854878018 2.84144166842183 3.03481240256748 0.57543633162932 4.80606924960251 0.901446341082024 7.27143327819982 2.55853513276272 5.49940695656173 4.72444648951295 1.44140431682026 1.12639988694011 0.93232353003009 1.50486436018802 2.18801041942551 0.432387223579586 0.41737673413394 0.340096564733615 2.22409163304289 1.67784524400674 3.37261142691712 1.77108256538991 2.82486780593756 9.18189543949441 0 0 0 0 0 0 0 0 0 0 0 0 0 0 0 0 0 0 0 0 0
0.836410832442838 1.8533864941534 1.25292477026535 1.16577335371968 8.20481742065139 3.63016429297771 0.288056979048682 2.89293289257702 2.48967538602575 1.04605651336203 2.78453057632604 0.817140612391183 0.334653006011376 0.998957168057018 2.15989373006605 0.42762774110577 2.10091647299787 2.15572754933347 1.66257677736789 1.92161928429292 2.738919216795 10.638560320794 0.290676092966509 0.0029081044052869 0.32708514381305 0.063791713567879 0 0 0 0 0 0 0 0 0 0 0 0 0 0 0 0 0 0 0 0 0 0 0
0.892484387856672 0.865955200671482 2.10658116267283 1.49683506818152 1.49837357327697 5.607083277223 4.65258583571752 6.19897217701659 1.95913720542219 4.7364752612231 3.2081442014058 1.2599919254179 4.67078935806741 0.0978521384045176 3.38251884081071 3.93498725804235 1.10745040880287 4.53774038278009 2.17765850896976 1.36449964798187 3.32575076178902 0.344190126865448 5.00220107396555 16.918313655047 0 0 0 0 0 0 0 0 0 0 0 0 0 0 0 0 0 0 0 0 0 0 0 0 0
5.23362215828495 1.36715801200337 0.269667255873511 1.15034400903073 4.46303397930155 2.48292655153588 0.83237618207678 1.42660993406939 4.28666435398985 3.93630793580652 4.51154556080928 4.41751841283447 4.40681164415713 1.50029629712159 0.621352137124842 1.20408166364607 2.51104288547131 2.43706195461909 0.615117628669522 8.54951707520343 3.61113163457626 2.89198864654299 0 0 0 0 0 0 0 0 0 0 0 0 0 0 0 0 0 0 0 0 0 0 0 0 0 0 0
0.733680225503678 0.163548998880332 1.56781221578164 0.660434558981918 2.92937697277736 0.794197001133937 0.936625812024052 2.49361927280066 4.93303567407622 0.154734338121524 7.54575154345558 0.57566758343461 3.83046866338342 1.88790035960844 2.00229370609237 1.55579902984366 0.0465749465372284 0.552758612380589 2.34518752194283 1.0997114306578 0 0 0 0 0 0 0 0 0 0 0 0 0 0 0 0 0 0 0 0 0 0 0 0 0 0 0 0 0
1.57237447631248 0.539322875940305 1.22456349200841 4.07073444046934 0.915056781926601 0.486436384235069 1.64340545182357 2.50439532346754 0.327919334901804 1.11732926095895 0.142597522111444 1.04195679427063 0.243706408370908 0.829177220673823 2.55917923794842 1.96339706589989 2.88279740048791 2.60752461198654 0 0 0 0 0 0 0 0 0 0 0 0 0 0 0 0 0 0 0 0 0 0 0 0 0 0 0 0 0 0 0
1.60596114243994 7.40923720659838 2.4069176591532 0.134217012910881 0.743940902289576 2.97533917570777 3.60626042149522 3.74156637286294 2.1254900674834 0.211582724313457 0.120059579958698 3.09903531858104 5.44107911251225 4.27724160714652 0.0452754220922248 4.78292039432857 0 0 0 0 0 0 0 0 0 0 0 0 0 0 0 0 0 0 0 0 0 0 0 0 0 0 0 0 0 0 0 0 0
1.38965821683161 0.234293340791032 1.4224780666435 0.908071256019129 3.7302677818033 4.77303818708313 0.727088126661633 0.632278421827832 0.82617488236899 0.383939801424585 2.14667196408019 0.0562531998330579 0.809377524693743 0.194694670380053 0 0 0 0 0 0 0 0 0 0 0 0 0 0 0 0 0 0 0 0 0 0 0 0 0 0 0 0 0 0 0 0 0 0 0
0.241527649466233 1.29828371972313 2.10853815633214 0.139386060662525 0.950109190467489 3.77141060119403 1.3992717063184 0.399994650601349 4.14255806264597 1.53423648650282 0.355423874977009 0.667779105382942 0 0 0 0 0 0 0 0 0 0 0 0 0 0 0 0 0 0 0 0 0 0 0 0 0 0 0 0 0 0 0 0 0 0 0 0 0
0.336073621585989 1.30899171060548 1.18114279653945 2.56938278002711 0.802921428922846 2.14962745047832 0.797007376527606 1.02054341806443 1.61400973855929 0.265762364533308 0 0 0 0 0 0 0 0 0 0 0 0 0 0 0 0 0 0 0 0 0 0 0 0 0 0 0 0 0 0 0 0 0 0 0 0 0 0 0
2.08728328978101 4.05445824255388 0.640450320580294 1.73945359186503 2.96088136899198 1.08868647557974 2.48797493980607 2.09564427772892 0 0 0 0 0 0 0 0 0 0 0 0 0 0 0 0 0 0 0 0 0 0 0 0 0 0 0 0 0 0 0 0 0 0 0 0 0 0 0 0 0
2.26691612324455 1.17137266723337 7.05969626954144 3.12312738701451 3.70840012248286 0.313528381669591 0 0 0 0 0 0 0 0 0 0 0 0 0 0 0 0 0 0 0 0 0 0 0 0 0 0 0 0 0 0 0 0 0 0 0 0 0 0 0 0 0 0 0
2.39974922133572 6.65495676077242 1.52273166189392 2.64115695805192 0 0 0 0 0 0 0 0 0 0 0 0 0 0 0 0 0 0 0 0 0 0 0 0 0 0 0 0 0 0 0 0 0 0 0 0 0 0 0 0 0 0 0 0 0
0.45942712723223 1.1841326031759 0 0 0 0 0 0 0 0 0 0 0 0 0 0 0 0 0 0 0 0 0 0 0 0 0 0 0 0 0 0 0 0 0 0 0 0 0 0 0 0 0 0 0 0 0 0 0
