0.75862313248129 0 0 0 0 0 0 0 0 0 0 0 0 0 0 0 0 0 0 0 0 0 0 0 0 0 0 0 0 0 0 0 0 0 0 0 0 0 0 0 0 0 0 0 0 0 0 0 0
0.846311448574888 0.690391611847242 0 0 0 0 0 0 0 0 0 0 0 0 0 0 0 0 0 0 0 0 0 0 0 0 0 0 0 0 0 0 0 0 0 0 0 0 0 0 0 0 0 0 0 0 0 0 0
2.36291550078976 4.09358347975085 0.887400831033565 0 0 0 0 0 0 0 0 0 0 0 0 0 0 0 0 0 0 0 0 0 0 0 0 0 0 0 0 0 0 0 0 0 0 0 0 0 0 0 0 0 0 0 0 0 0
7.37965380948748 2.09672121139658 3.03533089566595 1.90223881057865 0 0 0 0 0 0 0 0 0 0 0 0 0 0 0 0 0 0 0 0 0 0 0 0 0 0 0 0 0 0 0 0 0 0 0 0 0 0 0 0 0 0 0 0 0
1.99378037520674 0.624808385109841 1.97239358393557 3.64850699052869 2.48587040633867 0 0 0 0 0 0 0 0 0 0 0 0 0 0 0 0 0 0 0 0 0 0 0 0 0 0 0 0 0 0 0 0 0 0 0 0 0 0 0 0 0 0 0 0
4.54240623865852 0.127805187455126 8.12096078087109 4.13907370960812 3.09321476896169 0.892420465277437 0 0 0 0 0 0 0 0 0 0 0 0 0 0 0 0 0 0 0 0 0 0 0 0 0 0 0 0 0 0 0 0 0 0 0 0 0 0 0 0 0 0 0
0.436613057326282 0.0895782185387602 3.36205973999705 0.525394384416123 1.02569175644453 6.28020138575664 5.79571859346471 0 0 0 0 0 0 0 0 0 0 0 0 0 0 0 0 0 0 0 0 0 0 0 0 0 0 0 0 0 0 0 0 0 0 0 0 0 0 0 0 0 0
5.83453881421255 0.31771681079116 0.01734480840287 0.290595726042426 1.21330770085996 0.631554075717277 4.10028007227305 0.7651804475961 0 0 0 0 0 0 0 0 0 0 0 0 0 0 0 0 0 0 0 0 0 0 0 0 0 0 0 0 0 0 0 0 0 0 0 0 0 0 0 0 0
1.05515526832916 1.09308073360219 0.774246074115333 1.07025038947405 1.48105071493192 9.50529373424633 1.30979987569527 3.12421114542647 2.91087374769677 0 0 0 0 0 0 0 0 0 0 0 0 0 0 0 0 0 0 0 0 0 0 0 0 0 0 0 0 0 0 0 0 0 0 0 0 0 0 0 0
3.41217854482589 2.46109465307458 5.69925018670003 0.739536230270308 2.18391898315181 5.67413623753624 0.649345940419194 1.36616039011588 1.72149210192948 4.35838790178146 0 0 0 0 0 0 0 0 0 0 0 0 0 0 0 0 0 0 0 0 0 0 0 0 0 0 0 0 0 0 0 0 0 0 0 0 0 0 0
1.07633213933491 4.21889280028663 0.228483886900526 8.05872081083216 3.84525901219112 0.676061688891665 1.58996539041951 2.42789014383648 1.9437283385138 1.28160490881115 1.34262727838466 0 0 0 0 0 0 0 0 0 0 0 0 0 0 0 0 0 0 0 0 0 0 0 0 0 0 0 0 0 0 0 0 0 0 0 0 0 0
3.62624713878489 3.3620466745652 0.653708253812869 3.25163854871842 4.66862146261978 1.42602905664321 2.59654438225558 0.844737050651247 0.842294779197652 2.6568630632183 1.0974984163436 8.41704967814576 0 0 0 0 0 0 0 0 0 0 0 0 0 0 0 0 0 0 0 0 0 0 0 0 0 0 0 0 0 0 0 0 0 0 0 0 0
3.45323442212146 0.755556199939629 0.877726784482924 3.5271083930834 0.613506289058785 3.39115308609023 4.96386405677601 7.4948071340535 3.46166585945971 4.24675197039466 3.06232378868085 3.2439447711529 3.9838314282342 0 0 0 0 0 0 0 0 0 0 0 0 0 0 0 0 0 0 0 0 0 0 0 0 0 0 0 0 0 0 0 0 0 0 0 0
1.10955478584824 1.33964081444596 4.41337286692438 3.47475793797048 0.173199164857203 4.01842273748223 1.21332647254093 0.492265328045442 0.58713511247641 1.07140382318936 0.657544510920201 6.75553341213319 6.01135222856522 0.458861438296008 0 0 0 0 0 0 0 0 0 0 0 0 0 0 0 0 0 0 0 0 0 0 0 0 0 0 0 0 0 0 0 0 0 0 0
1.77410013832513 2.46533264017911 2.16913048439989 3.82748183642203 5.54037007284174 0.402685113665108 2.83429477297206 2.16631293050846 0.148730516352294 1.74034383470287 2.44256523970871 0.628189716341758 3.46069819479044 1.2818612279595 0.916253369388714 0 0 0 0 0 0 0 0 0 0 0 0 0 0 0 0 0 0 0 0 0 0 0 0 0 0 0 0 0 0 0 0 0 0
0.186964343960497 1.27889277470214 1.25366164688923 0.980662415573157 1.78635650312815 1.91355115225899 0.664081880099146 2.95389491311293 2.51310061833332 5.49799611520074 0.814575022377352 1.98840635448945 3.64693578035921 2.51221212108107 1.77117693726803 4.22344557036543 0 0 0 0 0 0 0 0 0 0 0 0 0 0 0 0 0 0 0 0 0 0 0 0 0 0 0 0 0 0 0 0 0
12.3881273377988 0.546751327194512 2.68993128941401 3.22684274881103 3.76851707833431 1.41189126554686 9.79920763860492 0.665025807494069 4.6915074012485 0.736528552136293 0.195570073729281 2.33930371309437 1.90371985436902 3.99455850764272 7.33034478314556 1.05654030428109 4.7068148609088 0 0 0 0 0 0 0 0 0 0 0 0 0 0 0 0 0 0 0 0 0 0 0 0 0 0 0 0 0 0 0 0
1.89742023378009 0.50930888693607 9.14138763345898 8.2168046550097 2.12633752437272 2.57720910765504 1.38862172060749 3.35957200410788 13.6539540055545 0.248465104768485 0.0236334940046378 1.0451854092209 5.0114437900963 1.68371075495421 1.22493891729897 0.523460763045602 12.7074778264454 1.50306855610075 0 0 0 0 0 0 0 0 0 0 0 0 0 0 0 0 0 0 0 0 0 0 0 0 0 0 0 0 0 0 0
5.1295846259221 0.523105487916539 0.301305695562706 1.16086600606624 0.722663466969564 2.43945267348134 6.90756933591206 0.207431596863223 0.870099480442062 3.63912180115945 1.26602132098792 7.13450854912145 7.74521750849504 4.18777098012477 0.315700589863526 0.949882765347763 4.22572207805581 0.36166563353468 2.7531717845503 0 0 0 0 0 0 0 0 0 0 0 0 0 0 0 0 0 0 0 0 0 0 0 0 0 0 0 0 0 0
7.8482860759323 0.81149143787685 0.707154389978774 0.740158915572797 3.3357670775243 8.3201937188856 7.69944762156902 2.23376271785929 0.742725762729829 2.39809870461748 1.24134367962999 1.38155079216073 6.27817926988387 4.53386167689371 3.46802720386811 0.31312224257943 3.61464767400922 0.953848472082652 8.03090619330552 1.41768976230449 0 0 0 0 0 0 0 0 0 0 0 0 0 0 0 0 0 0 0 0 0 0 0 0 0 0 0 0 0
3.65232676522411 1.08804577199348 8.82588728101426 8.25874199547627 5.19249227837087 6.7351060965527 2.19766228353002 0.00821748409741889 4.9581718012311 0.714508422321377 1.61908206505622 1.32574846802625 3.39707380016809 7.26031014393998 0.714633705665984 0.691786999174074 1.18727052676016 0.624261102908487 3.35373133547736 3.15280880747451 0.499184003455269 0 0 0 0 0 0 0 0 0 0 0 0 0 0 0 0 0 0 0 0 0 0 0 0 0 0 0 0
2.04282635457175 2.2932420622931 1.67150551083908 3.72281863481462 1.58754938322417 1.91907824747011 0.62102877687188 2.72836314495264 1.54567356926832 1.00184442294625 1.77885521513416 0.806475590018121 1.23776953293339 1.35637054982178 1.02914219219502 5.54301563056834 2.11542064737179 0.704981370322879 3.2483376779597 0.109201088380783 0.559211256807471 0.988699902429404 0 0 0 0 0 0 0 0 0 0 0 0 0 0 0 0 0 0 0 0 0 0 0 0 0 0 0
0.441596883976176 1.78448618466274 11.623826677835 0.912131848666947 0.100164298014922 2.58693773109522 7.35486923194174 9.43877010186625 0.835679982888878 0.741326406573445 1.50748823944883 0.660147907966606 0.706916929370294 7.8346271623368 13.5016049453653 2.58595242961993 0.827342909425945 3.44258550688211 1.1681258944611 4.97448714927097 0.571496854732599 2.92635261861849 0.458161929523372 0 0 0 0 0 0 0 0 0 0 0 0 0 0 0 0 0 0 0 0 0 0 0 0 0 0
0.995100199536283 5.34206014866605 9.30966757271776 6.70972996578182 6.0766868027375 0.442557817852409 5.60006320193315 4.04222219955749 5.27772024426629 0.339952291681487 1.15554932721227 4.21833252234685 2.40848766134011 5.49645919183134 2.71358289697837 1.00228712614309 3.77066069538575 0.0622904161946636 1.72563112867166 5.48836217579643 0.135351271951032 1.70395527431265 5.01458575495441 3.48483655121958 0 0 0 0 0 0 0 0 0 0 0 0 0 0 0 0 0 0 0 0 0 0 0 0 0
7.56451199388169 1.69241106047828 0.853604827482078 0.950549452219683 1.23706835197193 1.91513715551985 5.97099972007477 9.14469736593783 2.10861696188577 1.87303432609811 1.1378896946537 2.53034731904786 0.977283389746558 6.85003735669864 1.75796541398039 1.04996096987677 1.49670807499736 3.11673296127596 1.19896299738901 0.0409431315883278 2.30982539346735 3.46558040407942 0.353305490038935 1.64568959792198 1.12836674137215 0 0 0 0 0 0 0 0 0 0 0 0 0 0 0 0 0 0 0 0 0 0 0 0
9.28890245632184 0.246613563725757 7.5072511216286 6.19590888567661 0.577798560225324 7.00773827564169 10.7627056741066 1.32691733704309 15.427570683389 0.680377510954526 2.92313654596992 3.30037275736769 6.86431092357008 5.47201561321388 2.46302467049013 4.21418478845673 1.35838810742388 12.2747418442309 0.594334714165514 7.29115008293972 11.3680222987389 1.29390686928195 0.0786694123065648 8.14127635227059 2.88581346555624 7.53337203796343 0 0 0 0 0 0 0 0 0 0 0 0 0 0 0 0 0 0 0 0 0 0 0
0.741271353003921 3.52870727671343 3.98760442721847 1.58192640598426 0.984701700045604 3.1689213184978 0.328077683534738 8.12931529063458 0.900831301559817 3.3924120784655 2.99571949751832 4.33005522283564 5.2469543568517 5.03038154897936 3.32398985045428 1.23736714380615 7.51324220356963 3.37466399593201 0.281803391199799 3.13973334029133 7.03518614755744 1.16262211745421 5.02835101921826 3.37688617105909 6.53314869276747 7.17730022719457 2.98870406638945 0 0 0 0 0 0 0 0 0 0 0 0 0 0 0 0 0 0 0 0 0 0
1.00645413345327 5.0620187876909 0.461862877417909 0.0149712570807447 0.53825806369599 1.89617867932789 2.37053000249459 1.81288382167666 0.995342759944073 2.6340052855293 2.75325917775901 2.2354035458245 3.21097100946933 0.348023515389209 2.94256820425298 0.651588194541446 2.41734125247782 1.47669676658717 1.52119440825809 3.10280427522626 1.23398460109895 0.534363377238005 1.25239383964625 4.02001300895067 4.23088092373976 6.72827823237844 0.741604017874787 2.41159178874506 0 0 0 0 0 0 0 0 0 0 0 0 0 0 0 0 0 0 0 0 0
6.79493228993133 0.0167132897739945 0.622052124442051 4.85710421508307 0.678728627928155 4.99632821683858 0.195460236232528 0.0838734336458831 3.66362094599579 1.70721691374315 2.74751558452002 0.263459134739114 3.84405780111079 3.24959727973113 1.77633515218993 1.38708740774484 5.2070739709387 8.77251434467007 1.29062261091886 0.800257688341897 6.78862427170384 0.0754801226961723 0.370575290278125 5.41541077852477 0.712010416952736 3.33645556507766 1.4029789845615 5.25474741019279 4.18492767898119 0 0 0 0 0 0 0 0 0 0 0 0 0 0 0 0 0 0 0 0
5.61522827885835 0.0703381270904613 4.85367218947842 0.345567155100097 6.09901094466046 1.69810545331523 5.02961936860564 12.0542473312717 1.14140738861832 1.20710148556788 2.25132623284718 0.345344845932259 4.17000287300909 3.06421451845206 4.60416608055226 0.287844315115423 6.20448807568543 5.79097573245323 2.87890383962166 8.03722262499 5.52018885535962 1.36573284552027 2.84981268588223 7.40953650433199 3.20621368925358 1.35942896503319 5.98829473982061 0.195723833806097 1.98004076202799 0.526611543308515 0 0 0 0 0 0 0 0 0 0 0 0 0 0 0 0 0 0 0
3.18595790573926 1.50546454522104 1.2285693125807 6.6638434316741 3.56628231619351 0.471189647530052 8.73748023071795 17.8425080197816 5.22240806028032 1.62728575892267 2.56146834373287 1.19798681181426 4.41682431073702 1.903541082719 5.31189779704084 1.77905861335721 0.684610131224437 2.16435985350975 1.32300286027647 2.13837808248027 1.29637827792658 2.36722497830836 7.46619315518869 3.50392503545386 3.18059485817382 3.96887956721701 3.19506166157319 1.28583621131172 0.965089353346568 12.7110512434459 13.9813713845708 0 0 0 0 0 0 0 0 0 0 0 0 0 0 0 0 0 0
3.52145795283728 0.149475422147857 8.43044200677455 2.42920206104198 0.44075421509604 0.0233211117597967 4.52001951107233 1.14442134320865 7.29740488315055 6.3982887443898 0.0764915544138013 2.58618830422817 0.43530427279112 6.92446239931125 0.0588491354704678 2.04943602692188 2.16169569050507 2.90676049560959 2.25704763361482 8.8888810978478 3.69853334710722 5.02510355229188 1.95572531375295 1.72581225600456 0.620669912722235 1.07851043734936 5.40690595446954 3.9501326491681 1.95560214597788 6.77226861277976 3.6274863366859 1.80440388901203 0 0 0 0 0 0 0 0 0 0 0 0 0 0 0 0 0
3.03182608248853 1.79069041572206 0.267188074857368 0.0909910195508258 0.482235602375244 4.76445657448788 5.31786758197903 0.287742675414074 8.9328625667208 0.605207922016395 2.73788655294701 0.0567687309133253 8.90950856554622 3.83886995896978 1.59001750047091 0.706233047742905 0.698714626522543 2.26934734722436 1.68417493130475 1.77057248866298 2.85379498479912 0.661721912569497 1.25696094347003 4.70752248013578 3.85859727420688 5.62652623249029 3.43123600151762 1.81062529775756 5.25042114180099 4.15989976931881 0.143892937269106 0.0901651153016074 4.31845086207569 0 0 0 0 0 0 0 0 0 0 0 0 0 0 0 0
5.31200861841114 0.360295920394623 7.08058118041383 2.26304362784293 0.923942921135879 5.82183909515266 6.14193313863796 1.79486721829217 1.96813118703392 2.44103071750881 0.429527771719789 0.0953198224659898 6.54212756958283 8.1893073643687 1.10589318283103 2.07046037998562 5.72905808231337 4.42880078496616 1.70113074191092 0.241540996798886 2.85288328726024 2.55885081140063 0.0628267620198236 0.248869762989202 1.81446615546079 7.0250450518295 7.54574029863258 0.164290461775548 0.253648434228105 0.513822804524052 3.72290358780791 1.20850166129167 0 0 0 0 0 0 0 0 0 0 0 0 0 0 0 0 0
3.43245474848371 1.11543497196069 0.431353565041573 1.12300019749695 6.55413476111595 2.10208894742429 3.00285644522673 0.319807047079874 4.23862762272736 1.52035625102411 2.47424364326633 0.217202923643032 2.4696715761615 0.691803741423725 4.55797235700104 2.51221480703764 1.23278550927265 0.0441477282973964 0.580143809826139 0.619940663328389 0.814202546340601 0.479660923084389 0.975800691760044 3.56690883826363 3.0612275082322 3.30585606493303 0.0566952855629685 2.3513358085426 0.0860239047819762 0.121950393444968 0 0 0 0 0 0 0 0 0 0 0 0 0 0 0 0 0 0 0
2.75406803383555 1.18258283392422 3.97155051296351 2.10718115347901 1.44511621065024 0.109265285077263 3.91421466224567 3.9623994726107 0.0493887771535378 0.376062546358137 1.40893361729869 1.54173539121338 3.34726191394862 7.67273296513978 1.07040166794944 3.78875140788294 0.892034075656114 3.85698932770715 0.00148713744102325 3.46071933789396 1.47414818693187 0.951094379563205 1.27173518317438 0.382783496414548 3.55823221759003 0.525900079502043 5.95368303410962 2.74036142888703 0 0 0 0 0 0 0 0 0 0 0 0 0 0 0 0 0 0 0 0 0
3.18308760476453 0.894105715614308 2.69645848661574 1.80760537667927 4.66983604455459 0.450821512775876 2.28866594582168 2.88756423781106 1.69604639077155 0.518877358229157 1.02702744394125 1.7945881697436 11.1805071272413 1.39227764332504 2.6058230859438 0.961648156007582 2.61953913805298 0.263599800736589 0.106278590423298 0.412010369823793 3.64786027554874 2.53016786383897 3.30222894112901 7.07062115104442 5.54139508558217 2.89174807808351 0 0 0 0 0 0 0 0 0 0 0 0 0 0 0 0 0 0 0 0 0 0 0
8.32667532286845 0.507288366638075 1.24577094963625 1.01572157682035 1.60637463088843 0.83144092807606 3.39811307259937 4.40801047820029 1.40539560422269 1.24645707885276 3.80823045795452 0.364626189301985 2.72184647549238 1.10877357003701 3.26427180656261 0.879740543642961 0.446942285465444 1.79092587054621 2.19933402404768 4.70899437460668 1.08091848006595 1.08840051873746 1.55959759942973 9.2841921538807 0 0 0 0 0 0 0 0 0 0 0 0 0 0 0 0 0 0 0 0 0 0 0 0 0
4.27613518644853 0.837571267646698 1.09823483223229 2.35987387990306 0.113106728642091 2.08353206541678 2.6645229279113 6.15155380599119 3.39347726450955 3.38127200024135 4.54973293203306 0.599319893217248 6.92773672266137 10.5889409911432 8.23031434791072 1.81343416005392 2.70004135571254 11.3752944842771 1.34552541050186 6.7241588238962 6.7696893163062 3.43057179034026 0 0 0 0 0 0 0 0 0 0 0 0 0 0 0 0 0 0 0 0 0 0 0 0 0 0 0
5.24607558804804 2.41790668056904 0.965422286964028 7.8375963057258 0.0928500702291951 1.94125620798349 1.42871395203381 0.231653594080464 8.55640527820234 3.99123171876276 4.19934070672535 0.733364044872171 7.15296440568651 2.59653399051781 2.0631602918865 0.0332558574464639 1.58133146857585 3.67713349990989 2.33421625790577 3.60535174739048 0 0 0 0 0 0 0 0 0 0 0 0 0 0 0 0 0 0 0 0 0 0 0 0 0 0 0 0 0
0.305544057038351 0.180239140995062 8.43570080406326 1.36959232690056 0.831592543910465 1.00170803600604 4.03075789554059 6.3200548175724 1.45544809875195 5.0256010429614 1.34177510774171 1.09240172044822 8.85716065858633 1.17147958918431 4.27260835380204 1.32355825249885 2.21738408621526 0.867217976745704 0 0 0 0 0 0 0 0 0 0 0 0 0 0 0 0 0 0 0 0 0 0 0 0 0 0 0 0 0 0 0
3.13156810593227 4.31299686396678 2.59110169998455 0.00757370721648142 2.52300818083258 2.06565090416431 1.04728475173359 4.27016685953036 6.22544600961602 3.23419798766574 0.39543074997735 0.387573625068785 2.35981510610806 3.61355477890283 4.2044635213731 0.633620404078134 0 0 0 0 0 0 0 0 0 0 0 0 0 0 0 0 0 0 0 0 0 0 0 0 0 0 0 0 0 0 0 0 0
1.10144347226945 2.08601726043735 9.93624476405158 8.29742355278237 1.00789057011391 1.57865942967184 9.67935121841166 0.562047072678143 3.32398188320085 0.701571058699074 2.07031461607528 2.02090235678906 5.16061116149304 0.0929284276171762 0 0 0 0 0 0 0 0 0 0 0 0 0 0 0 0 0 0 0 0 0 0 0 0 0 0 0 0 0 0 0 0 0 0 0
2.15313401653301 0.414303284905386 0.576887095650361 2.04232564699377 2.93379209081826 3.07919681176939 3.72041901236826 1.22485336886365 1.26229246633409 5.90136522580001 0.988429909566417 0.0172832486125864 0 0 0 0 0 0 0 0 0 0 0 0 0 0 0 0 0 0 0 0 0 0 0 0 0 0 0 0 0 0 0 0 0 0 0 0 0
1.27988790440434 1.77289511009168 0.0414099938707269 4.25866023307936 11.4824237554855 1.48435107170384 2.69472025298679 0.779848692350591 2.51576996351749 2.43149024466749 0 0 0 0 0 0 0 0 0 0 0 0 0 0 0 0 0 0 0 0 0 0 0 0 0 0 0 0 0 0 0 0 0 0 0 0 0 0 0
10.8737281865926 1.21216441706879 2.254866830043 3.04618132389659 3.5429707561129 2.67516616764462 7.47951470941055 7.5416391961001 0 0 0 0 0 0 0 0 0 0 0 0 0 0 0 0 0 0 0 0 0 0 0 0 0 0 0 0 0 0 0 0 0 0 0 0 0 0 0 0 0
1.09294472457692 0.893992999669353 7.64136873958406 1.92024694029136 0.228190144350077 9.48505854014587 0 0 0 0 0 0 0 0 0 0 0 0 0 0 0 0 0 0 0 0 0 0 0 0 0 0 0 0 0 0 0 0 0 0 0 0 0 0 0 0 0 0 0
1.13548458444497 1.64295181213064 1.24847356614816 1.96293458554307 0 0 0 0 0 0 0 0 0 0 0 0 0 0 0 0 0 0 0 0 0 0 0 0 0 0 0 0 0 0 0 0 0 0 0 0 0 0 0 0 0 0 0 0 0
4.09689176293309 0.226273938657818 0 0 0 0 0 0 0 0 0 0 0 0 0 0 0 0 0 0 0 0 0 0 0 0 0 0 0 0 0 0 0 0 0 0 0 0 0 0 0 0 0 0 0 0 0 0 0
