4.38768980383778 0 0 0 0 0 0 0 0 0 0 0 0 0 0 0 0 0 0 0 0 0 0 0 0 0 0 0 0 0 0 0 0 0 0 0 0 0 0 0 0 0 0 0 0 0 0 0 0
3.54136078859824 4.80654255242649 0 0 0 0 0 0 0 0 0 0 0 0 0 0 0 0 0 0 0 0 0 0 0 0 0 0 0 0 0 0 0 0 0 0 0 0 0 0 0 0 0 0 0 0 0 0 0
0.535528129066247 0.893521868185658 1.30554227281012 0 0 0 0 0 0 0 0 0 0 0 0 0 0 0 0 0 0 0 0 0 0 0 0 0 0 0 0 0 0 0 0 0 0 0 0 0 0 0 0 0 0 0 0 0 0
1.86566935151532 9.82249454902558 2.83734908841111 0.042659629742381 0 0 0 0 0 0 0 0 0 0 0 0 0 0 0 0 0 0 0 0 0 0 0 0 0 0 0 0 0 0 0 0 0 0 0 0 0 0 0 0 0 0 0 0 0
0.540169883245087 3.24281187822104 3.05663840803178 0.817579089755297 3.26602040520736 0 0 0 0 0 0 0 0 0 0 0 0 0 0 0 0 0 0 0 0 0 0 0 0 0 0 0 0 0 0 0 0 0 0 0 0 0 0 0 0 0 0 0 0
0.78821722980314 0.968163702407489 2.13267135249124 1.20625770519424 0.344982036909485 0.110393983354276 0 0 0 0 0 0 0 0 0 0 0 0 0 0 0 0 0 0 0 0 0 0 0 0 0 0 0 0 0 0 0 0 0 0 0 0 0 0 0 0 0 0 0
0.571403049144788 4.2735002163558 0.221873972083285 3.57565057966391 3.27905588702355 3.54259434771889 2.00734170178691 0 0 0 0 0 0 0 0 0 0 0 0 0 0 0 0 0 0 0 0 0 0 0 0 0 0 0 0 0 0 0 0 0 0 0 0 0 0 0 0 0 0
4.04099399588049 0.0952431249007141 1.50553913103856 0.185228689536731 0.273743976424232 0.858698581533022 3.66611573565932 0.58769550661499 0 0 0 0 0 0 0 0 0 0 0 0 0 0 0 0 0 0 0 0 0 0 0 0 0 0 0 0 0 0 0 0 0 0 0 0 0 0 0 0 0
2.75140157697234 6.29811869069487 3.89670938306702 0.641672428818719 3.98082183218757 5.94598785423149 3.2431669051041 1.15287078227549 2.00314325014968 0 0 0 0 0 0 0 0 0 0 0 0 0 0 0 0 0 0 0 0 0 0 0 0 0 0 0 0 0 0 0 0 0 0 0 0 0 0 0 0
0.966876312859124 2.46745872407685 0.242690332898137 0.906689152513858 0.477490003038449 0.456192784830968 1.18414156336295 1.93132448198293 0.064320227677849 0.219355055625698 0 0 0 0 0 0 0 0 0 0 0 0 0 0 0 0 0 0 0 0 0 0 0 0 0 0 0 0 0 0 0 0 0 0 0 0 0 0 0
2.88698814126513 0.911558318165223 1.6555479919935 1.79971929457504 5.40850958204185 0.419507453916525 3.41519844161646 0.647798727237387 0.835086412080919 1.69617697424717 2.98822918585239 0 0 0 0 0 0 0 0 0 0 0 0 0 0 0 0 0 0 0 0 0 0 0 0 0 0 0 0 0 0 0 0 0 0 0 0 0 0
0.799105472149567 0.23160824282741 1.95677624961549 3.21276235892809 0.984454581430057 4.84131127641996 5.50373266025346 0.917443916026667 1.79924081350142 0.543324422804167 4.51349557273468 2.45011306002379 0 0 0 0 0 0 0 0 0 0 0 0 0 0 0 0 0 0 0 0 0 0 0 0 0 0 0 0 0 0 0 0 0 0 0 0 0
5.59822009744744 0.602039842798998 3.14513816197042 8.71318608898854 0.838498683993687 0.899015605336123 2.00910696283862 1.12756491992237 5.09906964783574 1.55833418384678 0.369527781939752 0.671186396339512 2.91081774968476 0 0 0 0 0 0 0 0 0 0 0 0 0 0 0 0 0 0 0 0 0 0 0 0 0 0 0 0 0 0 0 0 0 0 0 0
0.958719637118438 5.8350202483291 2.6219452054111 0.552529380737915 1.55760058806724 0.940414136800935 3.23480697085841 0.611149299955644 0.823663955193042 0.342502243457153 0.478369277818637 0.160487340870426 4.60064470303606 2.34129386739658 0 0 0 0 0 0 0 0 0 0 0 0 0 0 0 0 0 0 0 0 0 0 0 0 0 0 0 0 0 0 0 0 0 0 0
9.71027164083119 1.37608034000319 0.0610671690928014 0.117490341067889 4.18050321086962 0.870725542547375 1.982151365331 1.52425867580542 0.817479539931959 1.27698064122664 2.74859923541947 0.129870832276247 0.058094607397145 0.815097792663763 1.0561544861291 0 0 0 0 0 0 0 0 0 0 0 0 0 0 0 0 0 0 0 0 0 0 0 0 0 0 0 0 0 0 0 0 0 0
0.486451827098581 2.26840199720869 1.20157002529977 4.2924503822955 5.48278545905477 3.05716964684757 5.79333044376454 1.76289756390567 0.956499698197324 0.943719827690879 2.73275307963918 4.44127008729659 2.6006158817293 1.07575867989324 1.54465589057093 8.53767253387164 0 0 0 0 0 0 0 0 0 0 0 0 0 0 0 0 0 0 0 0 0 0 0 0 0 0 0 0 0 0 0 0 0
0.252377218024379 1.66353879941381 1.74969264831386 8.12532586099458 3.06136481958122 0.338868244239643 1.03152763409808 3.37279186077499 1.20954777908647 0.0558117172355146 1.7554391557701 2.66791744810035 0.397836819543576 0.0304943432421584 3.4675942662063 0.207595438158486 9.67675120731348 0 0 0 0 0 0 0 0 0 0 0 0 0 0 0 0 0 0 0 0 0 0 0 0 0 0 0 0 0 0 0 0
1.17487177275296 1.32270106943137 1.13532681629122 2.38334085499886 4.20480140861684 0.407791039860916 0.561104436791771 0.86852734777307 2.89910861295371 4.77416276718681 1.16718834651349 3.08972404731676 0.830333961710785 6.22957601984794 3.13887056490419 0.733956930901774 0.0095247651211231 5.51493029317839 0 0 0 0 0 0 0 0 0 0 0 0 0 0 0 0 0 0 0 0 0 0 0 0 0 0 0 0 0 0 0
1.68230045928807 0.477535496739193 1.85843178262639 1.25066916888145 3.44239084974098 0.464552620952093 2.98601860346455 7.42859277088186 4.72940830912833 4.66998377823963 6.12156968144066 1.15413499692043 0.0662362634613149 0.810777359974801 2.64444193899414 2.3990144137873 1.37374178159345 1.10114026630849 0.704054834085547 0 0 0 0 0 0 0 0 0 0 0 0 0 0 0 0 0 0 0 0 0 0 0 0 0 0 0 0 0 0
0.190625833315292 2.84975787207354 1.45542146878954 2.95854718534091 7.17288206859643 4.93489301530692 0.0173111865661132 3.39150157472458 0.803664552415077 1.62538767960337 1.43195814736749 1.36816639160391 0.590832394228512 0.179169015711996 1.99776260707769 0.0612981563287132 0.265294637023145 4.68433667547723 0.366831468401686 1.42321145575692 0 0 0 0 0 0 0 0 0 0 0 0 0 0 0 0 0 0 0 0 0 0 0 0 0 0 0 0 0
4.89554555477611 7.20022544469765 2.87140839934328 0.243735381053934 0.608539248251072 3.36045075309044 1.74995580950767 1.59897869046601 0.342569504204727 0.329052552486847 2.78190770670148 0.159162447866604 3.26123727813839 2.42526757675099 9.96133817029498 1.76064471899282 5.68902088245548 5.63789699518202 1.04723806112546 1.22212918463731 8.84798787924339 0 0 0 0 0 0 0 0 0 0 0 0 0 0 0 0 0 0 0 0 0 0 0 0 0 0 0 0
1.5976805783067 0.162399013007114 1.70756389319957 1.68384592642874 3.26464251902546 6.08884078342873 0.527408419120862 3.88803550481521 1.23155401709285 1.98230636904881 3.13992507914409 0.327912393089598 0.163474680482843 11.6610596212313 3.44019373263546 4.15449218639556 3.50691895805096 1.25155404181687 0.43634559748713 1.08097457612145 1.46754208456002 2.70925250357378 0 0 0 0 0 0 0 0 0 0 0 0 0 0 0 0 0 0 0 0 0 0 0 0 0 0 0
0.862813298506299 2.2343069591882 1.22859481240278 4.08435398914027 2.39195324732087 0.697843247860615 4.89275938156554 0.242387465916856 2.40447179425165 1.91066815777604 3.82403252970565 2.29200368767088 5.34344209747813 2.08922429706458 10.7340248767184 7.58652973215015 0.0581631086008356 0.598318946849969 0.475303994729913 1.18077555536971 6.97469541539069 1.30091447105411 5.75858354106615 0 0 0 0 0 0 0 0 0 0 0 0 0 0 0 0 0 0 0 0 0 0 0 0 0 0
0.245616046245209 1.09612704764691 0.443125596433853 4.67707100123293 4.24610255873321 6.70087571685603 0.464079110737062 0.901511672742814 0.91371415130956 1.32688738029365 4.74856936607351 2.34667582391548 0.286180620796573 0.506355500185915 1.66581776950562 0.394040631279556 2.81699139207586 1.923936861852 1.82121325087766 3.32881090549571 0.0135415002084918 0.257411262803843 1.76438928870464 1.25633941655396 0 0 0 0 0 0 0 0 0 0 0 0 0 0 0 0 0 0 0 0 0 0 0 0 0
2.59442535877281 2.15379617119914 3.26700668683897 7.79826144722737 0.676774789099388 0.131213636233307 5.36768398203014 2.07477255798702 0.15607159155395 3.23659911710032 1.25674284086186 1.14341370705201 2.38872619973391 0.677077717735073 0.369037211594969 2.80513229270584 2.88432950392818 0.485390288744271 1.50701497158071 1.45194058600325 0.213246818116159 0.422156654578462 1.25027657627258 1.15284372243382 19.1188841252929 0 0 0 0 0 0 0 0 0 0 0 0 0 0 0 0 0 0 0 0 0 0 0 0
1.93685206680885 0.46190283795373 2.11464868024137 0.724603836989054 2.67696787810684 8.99764990974915 0.66399072330461 0.817449657240727 0.295719009330552 3.26008569553293 0.385817919544434 4.48384159863499 0.0355859036600399 1.57089158528886 3.11299689628887 4.95590135018065 0.404637158343817 2.77853087215831 0.493279529308273 0.563161800764792 0.302971548788407 4.61455332699087 1.54247512821406 8.03069166075117 1.06496740397508 5.8723501961887 0 0 0 0 0 0 0 0 0 0 0 0 0 0 0 0 0 0 0 0 0 0 0
2.74263599842798 1.04620336423582 0.329087593610548 3.70484153293323 3.63540786547065 0.891311478594985 0.0958741454832805 0.292473366755191 2.15385859667188 3.78938036247132 0.0127551642965628 0.323931446869544 1.17057126509732 1.3208844120236 0.890792055591438 0.661550945369396 3.39736480691153 0.684915465166432 3.72115777345464 0.772663860120529 7.66527622180584 0.0879738382315343 0.470135417591199 0.422160548056723 2.71663688716269 1.32898960535609 1.8667574371469 0 0 0 0 0 0 0 0 0 0 0 0 0 0 0 0 0 0 0 0 0 0
0.507023058326805 0.481929067978702 0.152460628609964 3.92033220604187 1.74128892228847 2.31626771233519 4.67636498000115 0.00466241699009304 0.583180438692771 0.899090238767809 0.258294188951566 2.19717651278381 2.88512480342599 1.03952498788274 2.19257415053817 0.569175061382461 0.499841967582149 0.106956022889093 3.61842238012992 2.54203893174132 0.479530827198314 2.54744637803435 0.0394498735239977 8.39253333583716 3.32654527031193 0.508271541049777 0.246713527491931 5.11790088849749 0 0 0 0 0 0 0 0 0 0 0 0 0 0 0 0 0 0 0 0 0
5.80327565144456 0.194789701122127 6.83448035715521 0.258215870422639 0.695380990874086 1.04618528832605 2.2100451057634 2.38433746619369 0.362360691011002 1.80775337132226 0.021115145969605 3.4436313798632 1.12373019421705 1.79659448086312 3.46556167748262 0.210755034905659 0.210656722778944 0.497400647167382 7.00549185199734 3.24006278552251 0.11656816291472 0.241693068421724 0.0156657836397545 0.267750477607178 2.05765576344414 1.46834643719724 5.36669555236574 3.24599160285206 2.10174131330669 0 0 0 0 0 0 0 0 0 0 0 0 0 0 0 0 0 0 0 0
0.686425689254229 1.26647843153288 0.129696883806317 0.867938697328432 1.57134277786909 6.59540924669923 2.7042013029755 6.88137665513298 2.18136572696739 1.4578023439669 3.54803910458186 1.87993936217259 2.21126262298092 1.89314754471147 0.933069865525797 2.00303372140058 0.217284517620977 0.434233167451017 0.722754561413337 0.0175329907715598 0.725861362410418 0.128672263085496 0.0747737110468046 1.22493483502513 0.208163841865602 1.89898564880914 0.0684460096735789 3.58143778480082 8.17022130626361 0.312776251712938 0 0 0 0 0 0 0 0 0 0 0 0 0 0 0 0 0 0 0
1.8844275403542 0.26255833834254 4.50777274065328 0.41746133085773 3.67329483658994 0.252350828652618 3.14693701629533 0.732671166769851 0.327588195459058 1.08358981832282 3.13886178059185 0.36695878720513 3.57382272826685 0.188186662801869 0.536425308289937 1.50569031175122 0.547561439770675 0.113852512088275 0.209326423125635 0.141091938556253 4.01387727234003 2.95961095037622 0.192447586804731 0.479614332095932 1.76867737224453 5.57255428274974 0.965803048357753 0.00512788543809281 1.31378313540536 1.36524073195965 2.23599001149694 0 0 0 0 0 0 0 0 0 0 0 0 0 0 0 0 0 0
0.813306025733944 4.77869736595016 0.448357528939167 3.54537828644788 1.37254826659842 4.56000428572287 0.150450347078617 0.044141568115999 1.1958738628465 2.66261203484162 4.70487361736263 5.53906313476056 0.901137540264521 2.48213180749308 3.33383098136212 2.14773889723425 0.665419278287443 0.464657719738715 0.709436096894915 1.23576582619128 2.86624942004049 4.01105648745484 0.483713088262603 3.04124724419317 1.72400164026613 3.37332334608654 3.22606442847191 1.13889144137529 1.15429291290958 1.43158508504163 0.960582659521534 2.06927436764387 0 0 0 0 0 0 0 0 0 0 0 0 0 0 0 0 0
0.11135296803349 1.2148697715055 1.35528123749731 1.44238122850658 0.413128274573938 1.53127256041493 1.69165071417315 3.86376810459586 4.25865041326279 6.41999841146596 6.24571497530164 1.55720762215508 0.246180350292051 0.980724453330142 2.29407827308548 0.170820292456069 1.82374257182452 0.660241414207565 0.511452577628013 0.764624103781916 1.40399078786801 1.97145619214984 0.687714824852462 1.87538564398104 2.24116151756153 3.41276210097333 2.43374623827287 1.28623813127988 3.11154642820915 0.403021590535654 0.430848662695603 5.61677259272166 0.921489770837753 0 0 0 0 0 0 0 0 0 0 0 0 0 0 0 0
4.0582411739084 4.6631633090226 0.413953729012471 10.4124445634564 1.9707882089839 2.52104371440932 1.86454167826385 2.56855387539863 0.62285165011005 0.644545823079239 2.91826514573218 1.59788381421917 0.492494910052446 3.05938693150271 0.862962496208797 2.45003228421245 3.29145658170506 1.05269819714113 3.2419585010014 0.124555386742071 3.11904723136335 3.7178326858791 3.18089137445156 1.09186682929026 0.503319890292441 0.793650510515165 2.82575751806762 0.741740838821747 0.261192301054997 1.23952770435409 0.548857088814539 8.10130826652506 0 0 0 0 0 0 0 0 0 0 0 0 0 0 0 0 0
6.31328587048091 0.0212820991085177 4.15627749041025 1.12866989791562 0.211355581029823 3.25178887219766 1.44796969142611 0.46225710509356 0.347491094838207 10.146458557927 1.66614711090309 2.23638123594463 3.29581624741127 0.762781478018347 0.397903625225425 0.210000151630424 1.59100639801034 4.49580879535077 0.434537536071665 2.00479829248958 5.53102724576405 0.723293034158304 8.23855512597725 2.08011108388837 0.272921002729039 5.99933020710373 2.36548034239445 3.14600958996565 1.14627664940278 0.226025208054329 0 0 0 0 0 0 0 0 0 0 0 0 0 0 0 0 0 0 0
0.544963239455057 7.47664715735344 1.19676523707851 0.614239421853929 1.79293484093622 1.04615451034809 0.246715636864909 1.44762344845362 12.7406953514788 9.81072686569745 1.74322143114101 1.95724773734533 0.344573117305709 1.58995703690605 0.45574391552204 0.0943105486628023 3.33778125770073 6.00139054602192 1.42561952172404 0.639761539276797 0.871205601885014 2.82370222342998 0.337354366244171 2.75964764418319 2.76613070990534 0.607030442957796 4.4963816499714 1.58384768607595 0 0 0 0 0 0 0 0 0 0 0 0 0 0 0 0 0 0 0 0 0
2.85812096373789 4.98264245406282 1.72387074400057 0.632529734149952 3.43244333242558 0.613701588257732 2.15811182289667 0.194480361262677 1.62766211431224 3.65080922994632 5.42522579770486 2.80501385446085 0.825149669754555 0.218058699704384 9.61097092813591 1.25790196142449 1.63678430256564 0.997942329040606 1.03360335045321 2.72712125235632 6.91809504106306 0.0168184935586917 1.31616813314437 0.941067386729463 0.801977819728408 0.037535852860705 0 0 0 0 0 0 0 0 0 0 0 0 0 0 0 0 0 0 0 0 0 0 0
0.422803635867128 0.0323181505462668 0.75536327402683 0.839443276887571 0.305301695094128 0.400430808878932 1.61306316294495 0.341587973107012 0.558705780218004 0.412884647528177 2.66582401612122 6.68123686433727 5.11713952806244 1.17195537792898 0.0455372441041936 1.01518798103547 3.30573067199705 2.19512108840544 1.26061548722059 2.02498872731835 0.848846424082637 0.0758300169378691 0.49898437683039 10.0570253004261 0 0 0 0 0 0 0 0 0 0 0 0 0 0 0 0 0 0 0 0 0 0 0 0 0
0.252315394863644 2.88375619209438 1.77705906178755 0.656766183297134 0.064227508355989 0.706306256406006 3.07950637498291 1.15617608777706 3.51102596645258 0.885830859191479 1.31720381602033 1.06049942690497 0.277152223214868 1.5333420020942 7.77959745130262 2.53198002241994 1.22935125539464 3.96507215799414 0.0326877653901385 1.46104754626432 0.133838629203635 3.29662205030634 0 0 0 0 0 0 0 0 0 0 0 0 0 0 0 0 0 0 0 0 0 0 0 0 0 0 0
1.44751891085029 0.121090651652425 2.06129196904979 0.888966511865258 2.96659437774484 1.28500396489974 0.518747431753959 9.23128168506751 0.673061875625515 3.92471023717874 0.577683595889942 0.84840077986742 1.34144777592979 3.97377043868297 3.28204821054356 1.82961816902388 0.224934809688595 0.341818040748151 2.46917675994357 0.699127204394204 0 0 0 0 0 0 0 0 0 0 0 0 0 0 0 0 0 0 0 0 0 0 0 0 0 0 0 0 0
3.20767877791506 3.53381541995205 4.68184635325357 1.79002593631244 2.73241446457719 0.605340383370329 1.22567777805311 0.669394154763356 0.614582635450132 1.56129347728323 0.87645529327001 0.149039361826641 1.2602115724713 0.200834643964233 3.93126324915939 1.426255512145 1.14556242377036 1.36806083180535 0 0 0 0 0 0 0 0 0 0 0 0 0 0 0 0 0 0 0 0 0 0 0 0 0 0 0 0 0 0 0
1.74483297450935 0.166149901372083 1.28802295461541 0.373887913840546 3.8248618282506 1.41113816163901 0.699569376510656 4.58259804077184 0.139732512785632 0.205984777617667 5.7515534205653 2.90522297604441 5.37493078476799 0.824294025449774 3.934591101214 4.48856870295677 0 0 0 0 0 0 0 0 0 0 0 0 0 0 0 0 0 0 0 0 0 0 0 0 0 0 0 0 0 0 0 0 0
2.28539532072784 0.231986407468991 0.315661645057129 0.0264778957610861 3.03058396156878 0.208986420951129 2.66688642390863 1.4713744905272 6.30047047015184 0.295205129583478 2.54095634963574 0.962405524556878 2.84141904800916 0.0054691632188351 0 0 0 0 0 0 0 0 0 0 0 0 0 0 0 0 0 0 0 0 0 0 0 0 0 0 0 0 0 0 0 0 0 0 0
0.484145696648449 2.49359088382134 3.90467353706011 1.22164304833008 1.24224914298198 4.20725488816752 0.448659839019334 3.87349084997377 1.13572923196841 5.561914407976 0.230909222276322 0.949769639524619 0 0 0 0 0 0 0 0 0 0 0 0 0 0 0 0 0 0 0 0 0 0 0 0 0 0 0 0 0 0 0 0 0 0 0 0 0
5.45884011842289 5.16835731496322 0.157691589534505 0.52697478918712 1.3401481491066 0.237402461088202 2.40075591840615 3.4019938259712 6.90395609425461 1.27296338050418 0 0 0 0 0 0 0 0 0 0 0 0 0 0 0 0 0 0 0 0 0 0 0 0 0 0 0 0 0 0 0 0 0 0 0 0 0 0 0
0.187496779308622 0.961712027097231 0.0930019681090284 1.63838430154962 0.168615523411296 4.16185275791405 0.0599993132249983 0.50753957700136 0 0 0 0 0 0 0 0 0 0 0 0 0 0 0 0 0 0 0 0 0 0 0 0 0 0 0 0 0 0 0 0 0 0 0 0 0 0 0 0 0
1.7733043447236 0.377827284654765 4.01718406209442 1.20841495247607 1.18001536094151 0.204800804506782 0 0 0 0 0 0 0 0 0 0 0 0 0 0 0 0 0 0 0 0 0 0 0 0 0 0 0 0 0 0 0 0 0 0 0 0 0 0 0 0 0 0 0
1.05945555192137 0.0396257157842744 1.06306077457816 0.3620010927142 0 0 0 0 0 0 0 0 0 0 0 0 0 0 0 0 0 0 0 0 0 0 0 0 0 0 0 0 0 0 0 0 0 0 0 0 0 0 0 0 0 0 0 0 0
0.560579460126838 0.493623918188079 0 0 0 0 0 0 0 0 0 0 0 0 0 0 0 0 0 0 0 0 0 0 0 0 0 0 0 0 0 0 0 0 0 0 0 0 0 0 0 0 0 0 0 0 0 0 0
