4.5202895094943 0 0 0 0 0 0 0 0 0 0 0 0 0 0 0 0 0 0 0 0 0 0 0 0 0 0 0 0 0 0 0 0 0 0 0 0 0 0 0 0 0 0 0 0 0 0 0 0
0.854104580645869 4.73092274845633 0 0 0 0 0 0 0 0 0 0 0 0 0 0 0 0 0 0 0 0 0 0 0 0 0 0 0 0 0 0 0 0 0 0 0 0 0 0 0 0 0 0 0 0 0 0 0
0.0458774296369842 0.809213093550046 0.315466874231226 0 0 0 0 0 0 0 0 0 0 0 0 0 0 0 0 0 0 0 0 0 0 0 0 0 0 0 0 0 0 0 0 0 0 0 0 0 0 0 0 0 0 0 0 0 0
2.12190408229109 1.13214947994855 1.05396161333988 1.15998157518863 0 0 0 0 0 0 0 0 0 0 0 0 0 0 0 0 0 0 0 0 0 0 0 0 0 0 0 0 0 0 0 0 0 0 0 0 0 0 0 0 0 0 0 0 0
0.147374754819043 3.86298989295739 5.72500635854746 4.64120561140874 0.745071317947387 0 0 0 0 0 0 0 0 0 0 0 0 0 0 0 0 0 0 0 0 0 0 0 0 0 0 0 0 0 0 0 0 0 0 0 0 0 0 0 0 0 0 0 0
1.13449368062889 1.9688255088104 1.83045757555855 2.02471259002642 1.36402831043007 5.424454223663 0 0 0 0 0 0 0 0 0 0 0 0 0 0 0 0 0 0 0 0 0 0 0 0 0 0 0 0 0 0 0 0 0 0 0 0 0 0 0 0 0 0 0
0.105546872351484 4.05722022553022 2.30261402007115 2.22698762418294 1.19711627420036 1.30455246897536 5.73368655953648 0 0 0 0 0 0 0 0 0 0 0 0 0 0 0 0 0 0 0 0 0 0 0 0 0 0 0 0 0 0 0 0 0 0 0 0 0 0 0 0 0 0
1.33862584132107 0.807635494931856 1.80679844400138 3.43957793917005 2.24414419467594 5.44939069225166 2.83370080571895 0.0183427861420216 0 0 0 0 0 0 0 0 0 0 0 0 0 0 0 0 0 0 0 0 0 0 0 0 0 0 0 0 0 0 0 0 0 0 0 0 0 0 0 0 0
0.681664078375331 1.0449355367461 4.196446959402 6.91938122726598 3.4352159957603 2.1222463162324 2.09295090542107 1.2834988542379 0.81677481042801 0 0 0 0 0 0 0 0 0 0 0 0 0 0 0 0 0 0 0 0 0 0 0 0 0 0 0 0 0 0 0 0 0 0 0 0 0 0 0 0
2.87932986165329 2.39903994920587 0.0643033077242678 3.65709257484227 0.1198859715337 2.019127707131 0.0416443854561342 3.56906007621619 1.62448184031465 2.42489705477355 0 0 0 0 0 0 0 0 0 0 0 0 0 0 0 0 0 0 0 0 0 0 0 0 0 0 0 0 0 0 0 0 0 0 0 0 0 0 0
1.3794080319015 2.08703919006288 3.0612775075271 8.70228094756978 2.38984110390233 1.10975018065462 4.16349859549313 2.47411452952339 5.06538904820137 4.84231090558285 0.825366131114015 0 0 0 0 0 0 0 0 0 0 0 0 0 0 0 0 0 0 0 0 0 0 0 0 0 0 0 0 0 0 0 0 0 0 0 0 0 0
0.0591845795044265 0.510312664734503 0.820051673734499 1.871520101587 1.24154297385797 1.81821872467717 1.32942768673452 0.512829123901572 6.25546958784327 1.31253975038448 2.31366390811636 3.59070440525253 0 0 0 0 0 0 0 0 0 0 0 0 0 0 0 0 0 0 0 0 0 0 0 0 0 0 0 0 0 0 0 0 0 0 0 0 0
0.374128414874615 6.4825139579586 6.05234874212822 2.84580351139382 0.0473337026391436 6.08673126177754 2.32650173285261 1.71618436218875 0.64141340502672 2.4072872516717 0.203557083565515 1.45079270178198 0.222824843829118 0 0 0 0 0 0 0 0 0 0 0 0 0 0 0 0 0 0 0 0 0 0 0 0 0 0 0 0 0 0 0 0 0 0 0 0
1.20401839668094 2.87409533048377 0.0999742989506424 0.895061559862139 2.97248834773622 0.362221274127505 0.169786859544048 0.0362998404961825 0.131171243660087 1.01762321679794 0.145457454004649 1.86315630133475 2.51193478404092 4.67342682249102 0 0 0 0 0 0 0 0 0 0 0 0 0 0 0 0 0 0 0 0 0 0 0 0 0 0 0 0 0 0 0 0 0 0 0
1.84266110963135 5.30525682177178 0.958901335304581 0.00351525380157497 0.0366234994698216 4.15433295811524 0.996845046663186 1.07034405661494 4.81282532963809 0.126359672086952 5.41995042061157 0.0762632519379605 0.106670275123693 1.58684834383372 7.08900943504048 0 0 0 0 0 0 0 0 0 0 0 0 0 0 0 0 0 0 0 0 0 0 0 0 0 0 0 0 0 0 0 0 0 0
3.5192187265461 0.988909885569429 3.63631559182367 0.977249653841794 0.477321815362596 2.79298195091588 1.83707978896932 4.73906692864167 7.51877070516748 4.24510570961817 0.605042185976641 2.374587651292 1.47409231728058 2.78200461198009 1.99147334067967 1.58899605929907 0 0 0 0 0 0 0 0 0 0 0 0 0 0 0 0 0 0 0 0 0 0 0 0 0 0 0 0 0 0 0 0 0
1.14812637219128 2.06445520409491 0.531667802279282 8.44437416669331 1.46785128445223 1.36493030391996 2.63143193308496 3.27379214126304 1.71790224604878 0.384574220872379 4.12373038084504 0.0728699146334492 0.195228479352288 2.16065997205267 3.20398312733949 8.13765935073694 6.6448780639997 0 0 0 0 0 0 0 0 0 0 0 0 0 0 0 0 0 0 0 0 0 0 0 0 0 0 0 0 0 0 0 0
0.426686166345151 5.75034440826895 5.57122519362163 2.80125715429347 1.74998712492588 0.997518062697462 3.94864081191766 0.25971647456017 7.55398286266117 0.83302056407209 4.29123146150072 0.453553166975492 0.223391658537698 1.17794204944681 1.216466550842 2.46528455284323 1.51912195006474 4.62114745723881 0 0 0 0 0 0 0 0 0 0 0 0 0 0 0 0 0 0 0 0 0 0 0 0 0 0 0 0 0 0 0
3.273745025284 5.70521450648858 0.289355693810732 1.22387872048945 1.04836056945135 2.87543449728532 0.416288881064013 2.54001526713382 0.708922365773635 10.173461396979 0.75346689981655 0.813873140025576 0.985999072777756 3.71086419979927 4.32619652361813 5.25502345578394 3.92915903682512 0.504608728204567 1.21161516421383 0 0 0 0 0 0 0 0 0 0 0 0 0 0 0 0 0 0 0 0 0 0 0 0 0 0 0 0 0 0
1.44161305748484 7.89490533891653 0.831258799182251 1.7058828407652 1.60386700321224 0.790506675853862 0.131974706805793 3.68013996992403 2.27118856601995 0.20643863266063 2.0683387021594 5.54679995722094 2.70188308457556 0.17210648006051 11.3980604154615 1.50477298791608 1.9880239676829 1.81140564045078 0.798608439454635 7.6910023382306 0 0 0 0 0 0 0 0 0 0 0 0 0 0 0 0 0 0 0 0 0 0 0 0 0 0 0 0 0
0.542641919122936 1.95582360044949 3.73469948012535 0.39532009197882 2.97568998606116 1.55636600250419 4.44010341496227 3.52923548441541 1.29383294923877 1.41486219237308 5.36173675789454 2.31743826405462 1.97826488526152 0.31032739363225 3.12521600076311 0.821048894684245 4.19934400894302 1.26601172717234 4.46075543936684 2.44895851697831 0.52572958097535 0 0 0 0 0 0 0 0 0 0 0 0 0 0 0 0 0 0 0 0 0 0 0 0 0 0 0 0
3.98506625512467 7.58115044341739 6.42218630283493 0.816497519534608 1.78715618738336 0.32148203381842 0.995109092968695 2.06998954861465 0.185996724043997 6.41924042427225 0.479770236899014 5.19773503734429 1.53488608248159 4.31694433517726 1.87832683314188 3.24900548437444 1.33720378273041 5.68529813868389 2.18353442417381 0.972580807875521 4.75144985294015 3.02325372308346 0 0 0 0 0 0 0 0 0 0 0 0 0 0 0 0 0 0 0 0 0 0 0 0 0 0 0
3.57865831034328 0.703066523848846 8.92551151967004 4.01252933698335 2.24179552925158 1.74753508816165 1.52414647708997 0.469914565289309 2.54955206551371 3.69114596238722 6.14206291837929 8.04314721264489 1.29560211364278 1.1437440122878 1.83164222452179 3.92301427748805 1.09033831768343 0.507862902153891 5.26934967311267 4.68789286421264 0.957835052588171 5.32038147311573 5.04684715634171 0 0 0 0 0 0 0 0 0 0 0 0 0 0 0 0 0 0 0 0 0 0 0 0 0 0
0.00806429628449881 3.60446266253443 1.5082461761103 1.51652567953476 3.74672446565766 3.11086206865097 1.52989692986543 3.41884510746974 0.0626074535571726 3.81327805182694 2.75439986270937 0.231672787934673 2.03233595631215 0.639623033386645 1.12407430414352 5.57287285119172 0.259738142484172 0.889869749973229 2.50841313822923 0.97171979865359 1.59700278345502 2.83316494225431 0.00914093770523437 0.983468378478001 0 0 0 0 0 0 0 0 0 0 0 0 0 0 0 0 0 0 0 0 0 0 0 0 0
0.587269502566943 1.39405393255171 1.08357437968883 4.81533386051084 2.12040748786378 1.37750787692627 0.979916780933573 0.992151042880439 6.89614460087998 0.486469980762225 0.329726222880184 0.311973406984964 0.371098887722678 0.720287369523035 4.55969301695487 0.501265370276671 3.91564657345186 0.765163418000041 3.85516341029829 14.8110388689225 1.55260483054139 4.36404502857318 2.60268199133886 1.49399553734655 0.866275896239343 0 0 0 0 0 0 0 0 0 0 0 0 0 0 0 0 0 0 0 0 0 0 0 0
1.52090158132344 0.0189601131615513 2.44421291339567 1.55547470676904 2.53449628462323 0.0393875601556952 0.0450738138808072 2.98845075079233 2.64997973519059 4.71933000568039 1.24711196366287 0.835352147766645 0.378854038952254 3.71662515668422 0.296139822690234 0.665325272028605 0.616018491805298 1.32220660260194 6.14403893591625 1.30379325019552 12.0462383918407 2.76116820808777 5.2652823229992 1.96910532483914 1.05631799435096 2.04355919875074 0 0 0 0 0 0 0 0 0 0 0 0 0 0 0 0 0 0 0 0 0 0 0
1.18479699824505 0.00530515297085099 1.0334195097193 0.616140935701928 1.53300825563658 2.54579139031396 4.63216601628995 0.0659616959448351 1.69588076779235 1.19712633766342 0.586530745692452 1.70281923363028 3.75429340876889 1.45970030451976 0.905842574415325 0.337153142432596 4.4436852021468 9.48704974035405 0.767252740671986 1.87666495092745 1.48572162378428 0.537313839705587 0.254385186025263 2.21879689798461 1.56210517563327 5.68159832632884 1.67895198153983 0 0 0 0 0 0 0 0 0 0 0 0 0 0 0 0 0 0 0 0 0 0
0.744779105869188 3.17600254284667 1.97040215914089 0.727630623435282 3.05680927629264 0.328024921482441 0.0418036622962626 2.08996597980352 1.43234558748593 0.291291575768042 1.54781087201814 1.64976369545629 0.539355425695763 0.619481247300281 3.22964955937377 1.36886140059574 1.43587765889442 0.752212752670281 0.745364534462083 4.74246911306341 0.789694044038466 6.12136585835429 0.297719450066906 1.46140508937296 3.97873865253878 1.29557954494531 5.53988982364032 1.32376930012706 0 0 0 0 0 0 0 0 0 0 0 0 0 0 0 0 0 0 0 0 0
0.36537348289709 7.77221137812433 0.00498173784585486 5.56407004901054 1.24309258550376 0.93792208322728 4.92121725168045 0.550484651180436 4.15327113276277 0.174186783455271 5.57137531266703 0.38303496990465 2.07732257321676 0.386975711136324 3.70820553835773 7.18830671579944 5.23788574105498 0.856971638883182 1.60731791013829 0.625922724843248 6.13153600696415 1.4999920372316 0.159771546147153 0.81304093620022 0.848474534821905 3.54949581727491 2.9659555846985 3.11025256079611 1.64710962300895 0 0 0 0 0 0 0 0 0 0 0 0 0 0 0 0 0 0 0 0
0.133867738032791 3.58056375834348 3.97682373398138 1.66143756644521 1.31910782138645 1.68272456525331 0.366455542035393 1.24850382029243 1.31565221996325 2.31395843482499 0.450943947511341 1.07301736277852 0.949279532152071 0.226547410460488 10.3348437525595 2.9515637080845 0.272760227557884 0.54553678873899 3.38316734299653 0.418821358884424 1.03532082107721 1.87991464819674 6.9251172455242 1.81993751482866 7.6705053035997 1.1881822405818 1.9675432091658 0.112715093271206 0.129993466399426 4.45389315137206 0 0 0 0 0 0 0 0 0 0 0 0 0 0 0 0 0 0 0
2.45625400834829 4.03531534434135 0.268282873673316 2.10428462969812 2.71202059405699 0.810534778958469 3.91944648441839 5.56863110706264 1.53307819697669 1.17425094031939 0.366531671891297 0.775039293208802 1.92016326754485 4.59064469431307 2.45901885838995 1.05723770947807 0.191240872413782 0.902516083051038 3.66935127066958 0.200601401233778 3.41276323746967 1.15468406294703 0.894908006385659 2.43540768297739 2.43323446797229 1.39512561102633 0.473992305370405 1.12573511960855 3.11640981607795 2.83525111216348 1.28337103994024 0 0 0 0 0 0 0 0 0 0 0 0 0 0 0 0 0 0
0.969166553623625 1.8505571072411 6.37120601625217 0.179769178253999 0.38082337368854 1.59745989406361 1.79235549543933 0.232671274566961 0.238810700264311 3.63421213479556 0.99779390757198 4.96881643736129 2.10060994193969 2.38436759898313 2.76424710745571 1.27823465726945 2.3822948311853 0.273481528582574 2.49919713919657 0.409530866567247 5.05865984040112 7.456607383519 4.27475861748324 2.25389012859515 1.63432813642307 2.53405109840701 0.299870705274908 1.69831983713928 2.84971394448066 4.52796287908889 0.37235263808504 0.394222039954619 0 0 0 0 0 0 0 0 0 0 0 0 0 0 0 0 0
2.67546034347262 6.63597869919212 1.55523036410879 1.34407213133974 2.69148573390816 3.23027337145847 1.70730361653127 1.05726287563015 3.0663208943343 3.66163140304115 2.08441052047466 1.1432924936213 4.35186177104174 0.434391452894734 1.47795935952606 1.60750520787898 0.113297097939133 0.620127809642987 7.11578359513452 4.99924908022679 3.90441024804646 1.86332406208401 2.29873399586803 2.59922945278987 0.466867532005457 1.21170594296913 0.437455148856295 2.20289733332751 0.84144733762422 0.848502672381375 1.57252164036164 9.12890494149496 0.611339520311456 0 0 0 0 0 0 0 0 0 0 0 0 0 0 0 0
6.43675125384535 3.36137482542528 1.84786290816887 0.184752695608207 4.19963249962206 1.57303884648053 3.48572041491684 4.79761080725933 0.437537616612647 2.89339714306684 3.11669241256732 0.955928693039867 0.881526260208186 3.17643778042359 2.9235601859271 0.00976166906460887 0.440287188816291 2.36500035036779 5.87636170283981 4.2882269640987 0.591614990864098 0.651227886918527 4.78934008823953 0.566190676579493 2.39173028477987 6.4531674913157 4.12741086723693 3.90647236159391 1.66855480373727 1.03102591827958 0.453733136827385 5.26494246909508 0 0 0 0 0 0 0 0 0 0 0 0 0 0 0 0 0
2.12614765474274 4.15339894807459 0.373244509209613 1.51925896659185 0.862974288681508 1.9862488167691 4.07270839594576 2.46989704192039 4.66122677240171 2.42104784759035 3.59589638029986 2.14474801223818 3.99369770920406 0.53387796617535 1.06657942113895 1.08258398335518 1.54016042587921 2.67739806510672 3.47324721997534 17.6060471302677 0.129369670110753 4.49734032169754 2.20107534911706 0.549700037217222 8.88953231965495 0.616497641883631 0.924596006748475 0.138210554542028 1.83386527251235 6.83406230662117 0 0 0 0 0 0 0 0 0 0 0 0 0 0 0 0 0 0 0
1.29899340978968 5.54076301744238 2.80726339530281 1.22687018660331 1.65216571063923 1.43936697163102 3.44128542071126 1.90728433865315 6.86690790202018 3.38050183860562 9.16545050498349 2.73427574898691 4.48958033215959 8.63861027076124 0.450056896329711 1.70133502639127 1.79510964210619 4.00050192896001 0.686663818680256 1.75541127746416 2.61370032135508 4.08670213352876 1.00766110238242 9.62557514998984 1.7625009225512 1.44190897485903 2.71102716367245 15.6103967282569 0 0 0 0 0 0 0 0 0 0 0 0 0 0 0 0 0 0 0 0 0
0.946348868675142 0.618447907621304 5.2989490721061 1.31808928430001 1.27298376036716 5.11107377540051 4.10777849075658 2.29723177942591 0.515331566162678 4.39909789320438 2.72848194149692 0.404141375504587 1.54021765978095 1.32395047907615 1.11353722485353 1.52699358343865 2.19757442753659 8.92419383167758 0.919395302285349 0.407904174243621 2.22442425343154 2.10076896806939 3.18721443304199 0.151351719576845 1.25679558859657 3.67158524163465 0 0 0 0 0 0 0 0 0 0 0 0 0 0 0 0 0 0 0 0 0 0 0
0.933546056000819 1.24962135574489 1.97091079262466 7.90001229012301 0.267222055411861 2.19800245299981 5.78635584040413 0.19956156386107 0.209132742483274 1.26968280856484 4.4998595633453 0.0530170833605912 0.423476684853123 0.424845951876753 0.0167341950114077 4.58319397436302 3.81713083947244 0.214623586182721 2.42318352109182 2.56572112241012 4.02711242462668 3.08986253960926 2.03501575542727 1.42737280489348 0 0 0 0 0 0 0 0 0 0 0 0 0 0 0 0 0 0 0 0 0 0 0 0 0
3.05728292282435 0.0231197457594052 3.87370143736728 3.13701073807064 4.47786348254333 2.54090364017701 4.11741690884784 12.105870299836 1.59883708813742 0.799780497378829 0.0375846418042452 0.816916602491585 2.03300423017034 3.02388769844096 4.47634130694331 14.8550902398607 2.16909616096089 3.43104514385345 0.275108540781402 0.959683036196159 5.30055916486568 2.53033125891454 0 0 0 0 0 0 0 0 0 0 0 0 0 0 0 0 0 0 0 0 0 0 0 0 0 0 0
0.295221741614699 2.28346336473095 2.72709910422775 0.0338045215535264 5.04088911992032 2.12248812453431 0.177885837125647 0.682715622885829 1.36072328494398 0.0601745784318738 7.51459856847099 1.22176001770092 2.6486463694195 0.530357809610732 8.86957482538726 1.37804230583038 1.53229518378522 1.40433195373003 0.112416129781991 2.1985545505856 0 0 0 0 0 0 0 0 0 0 0 0 0 0 0 0 0 0 0 0 0 0 0 0 0 0 0 0 0
0.461547239874936 1.56691655442589 2.05743216799935 1.32229246439037 0.806301565516632 3.6593196385294 1.06640734081375 3.72474405764816 1.96852509888732 0.992119846862091 0.633617178107759 4.49937369238741 0.732632128785587 5.74948885892273 2.05343458239204 0.899104224607737 1.86243333049927 0.0566378182285476 0 0 0 0 0 0 0 0 0 0 0 0 0 0 0 0 0 0 0 0 0 0 0 0 0 0 0 0 0 0 0
0.728920666860339 2.44391672127617 2.14974179350219 1.37540939698849 4.05460505953492 0.126493101040351 1.68008022017995 0.46875876940876 1.06994805220579 1.00511932595611 4.85373451287403 1.39761050625011 3.44562292496498 1.56346723636224 0.387282619828667 0.786099174233367 0 0 0 0 0 0 0 0 0 0 0 0 0 0 0 0 0 0 0 0 0 0 0 0 0 0 0 0 0 0 0 0 0
0.551485631357379 0.442716906980465 0.0745838605000079 1.31096087314681 0.268549962507455 1.31624779964734 3.34478472280062 6.83148069660167 2.07026586457876 3.96146831198531 0.298232867431979 5.97689291699072 1.78057988160626 0.0594349739724127 0 0 0 0 0 0 0 0 0 0 0 0 0 0 0 0 0 0 0 0 0 0 0 0 0 0 0 0 0 0 0 0 0 0 0
3.10653411088084 0.57729297731994 1.18737283804335 3.25350297494181 1.44189708840007 6.1152049953185 2.22340583383331 1.44417631247874 0.981011204782731 1.38057258287064 0.749546661015628 1.03276974725569 0 0 0 0 0 0 0 0 0 0 0 0 0 0 0 0 0 0 0 0 0 0 0 0 0 0 0 0 0 0 0 0 0 0 0 0 0
1.32084694412847 3.80364836618315 0.0134112920867585 0.968559803291909 3.35307870593796 1.26364166426732 3.18336359403069 0.411452149092001 2.25402519062055 1.35566207368273 0 0 0 0 0 0 0 0 0 0 0 0 0 0 0 0 0 0 0 0 0 0 0 0 0 0 0 0 0 0 0 0 0 0 0 0 0 0 0
3.67795879878335 0.0412337556608297 2.47662760130861 0.0554578464321928 0.325267633177788 0.384758104674262 1.90475739802506 4.71093799292842 0 0 0 0 0 0 0 0 0 0 0 0 0 0 0 0 0 0 0 0 0 0 0 0 0 0 0 0 0 0 0 0 0 0 0 0 0 0 0 0 0
1.28345633627141 4.0910060503851 1.08628431763719 1.93959606284769 1.98385742587569 12.4113011858713 0 0 0 0 0 0 0 0 0 0 0 0 0 0 0 0 0 0 0 0 0 0 0 0 0 0 0 0 0 0 0 0 0 0 0 0 0 0 0 0 0 0 0
0.401335128664701 6.71990246722542 2.17695372345548 4.13252985391793 0 0 0 0 0 0 0 0 0 0 0 0 0 0 0 0 0 0 0 0 0 0 0 0 0 0 0 0 0 0 0 0 0 0 0 0 0 0 0 0 0 0 0 0 0
0.203120270018061 0.935464633832252 0 0 0 0 0 0 0 0 0 0 0 0 0 0 0 0 0 0 0 0 0 0 0 0 0 0 0 0 0 0 0 0 0 0 0 0 0 0 0 0 0 0 0 0 0 0 0
