0.0398512436799414 0 0 0 0 0 0 0 0 0 0 0 0 0 0 0 0 0 0 0 0 0 0 0 0 0 0 0 0 0 0 0 0 0 0 0 0 0 0 0 0 0 0 0 0 0 0 0 0
0.226978589366977 4.78863549454204 0 0 0 0 0 0 0 0 0 0 0 0 0 0 0 0 0 0 0 0 0 0 0 0 0 0 0 0 0 0 0 0 0 0 0 0 0 0 0 0 0 0 0 0 0 0 0
1.53440432377192 0.682585202727863 4.77369249439054 0 0 0 0 0 0 0 0 0 0 0 0 0 0 0 0 0 0 0 0 0 0 0 0 0 0 0 0 0 0 0 0 0 0 0 0 0 0 0 0 0 0 0 0 0 0
0.238951643575365 0.0121887372723481 6.24962795054017 0.843187293413358 0 0 0 0 0 0 0 0 0 0 0 0 0 0 0 0 0 0 0 0 0 0 0 0 0 0 0 0 0 0 0 0 0 0 0 0 0 0 0 0 0 0 0 0 0
1.01653488294208 0.181830154552373 4.85405426106781 6.63020104719502 6.42295128262819 0 0 0 0 0 0 0 0 0 0 0 0 0 0 0 0 0 0 0 0 0 0 0 0 0 0 0 0 0 0 0 0 0 0 0 0 0 0 0 0 0 0 0 0
1.63562621802657 0.160545064828312 9.79094778096402 3.36725985979172 10.6179520725743 1.72374533892258 0 0 0 0 0 0 0 0 0 0 0 0 0 0 0 0 0 0 0 0 0 0 0 0 0 0 0 0 0 0 0 0 0 0 0 0 0 0 0 0 0 0 0
0.251729013248493 0.997194326975786 1.87463170706632 2.44635380687446 0.713007785421765 1.66078525718537 0.870061466884947 0 0 0 0 0 0 0 0 0 0 0 0 0 0 0 0 0 0 0 0 0 0 0 0 0 0 0 0 0 0 0 0 0 0 0 0 0 0 0 0 0 0
0.518597175884309 1.47631667356981 4.63190783645378 2.48861086529308 0.721503350912816 1.31478437759979 1.75723510086364 0.639372023478409 0 0 0 0 0 0 0 0 0 0 0 0 0 0 0 0 0 0 0 0 0 0 0 0 0 0 0 0 0 0 0 0 0 0 0 0 0 0 0 0 0
2.90263512823191 0.770444311637225 2.80912986163398 5.18018554603682 5.35933831878263 0.0368488167486224 3.42870173956603 0.0663744126236611 3.55721531328721 0 0 0 0 0 0 0 0 0 0 0 0 0 0 0 0 0 0 0 0 0 0 0 0 0 0 0 0 0 0 0 0 0 0 0 0 0 0 0 0
3.13785595054533 3.30076115392794 3.01588396556188 4.39849729778811 0.0454809009132768 0.829910064884009 9.1279154069873 2.91522701605127 3.22287646197677 0.866714767220749 0 0 0 0 0 0 0 0 0 0 0 0 0 0 0 0 0 0 0 0 0 0 0 0 0 0 0 0 0 0 0 0 0 0 0 0 0 0 0
0.192259130015271 2.28395574645809 2.03636483525412 0.440032490162422 13.9991339539928 3.51358665184439 2.81185101664068 2.85038593194997 1.36401527057974 0.349754527336482 1.20985808515448 0 0 0 0 0 0 0 0 0 0 0 0 0 0 0 0 0 0 0 0 0 0 0 0 0 0 0 0 0 0 0 0 0 0 0 0 0 0
0.965342310370305 0.786034492095037 1.22672956400065 5.79391773955248 3.74925951909061 0.116967370563055 1.97223761565279 1.84288797065568 3.27618863531436 1.43248968573366 3.03478704558574 4.14521003635578 0 0 0 0 0 0 0 0 0 0 0 0 0 0 0 0 0 0 0 0 0 0 0 0 0 0 0 0 0 0 0 0 0 0 0 0 0
2.56448588391294 0.235408360529093 5.63993143140477 4.14478848112564 3.30327795360916 4.2359458443781 0.161410060932765 0.579962208077466 1.87324444639551 4.8802821169225 2.23369613990221 1.50042890135797 5.93447787430422 0 0 0 0 0 0 0 0 0 0 0 0 0 0 0 0 0 0 0 0 0 0 0 0 0 0 0 0 0 0 0 0 0 0 0 0
0.0983553789949874 1.92884999317253 0.418118702911153 0.793179337982687 1.4614672166956 3.15446395140214 0.311093582031456 1.43564837430354 1.43702155517273 2.5177212280628 0.637858233066108 3.89235800335751 0.0592801286227676 0.469394405145448 0 0 0 0 0 0 0 0 0 0 0 0 0 0 0 0 0 0 0 0 0 0 0 0 0 0 0 0 0 0 0 0 0 0 0
1.96409563310764 2.64136612545587 0.470405082134235 5.02419515695536 1.06048677118198 2.3320067519802 8.37689780998572 1.87989094438694 0.852143672997894 5.15832042786794 5.45854263901532 4.43501547429645 0.816397023166876 2.637307753555 0.0714760804105851 0 0 0 0 0 0 0 0 0 0 0 0 0 0 0 0 0 0 0 0 0 0 0 0 0 0 0 0 0 0 0 0 0 0
0.132156043862349 8.57050763582698 0.847297995451638 2.00003955509848 0.564470017737164 2.53281091291872 3.11741572185266 1.86294083974331 0.806812083083052 1.0195592932388 1.69874261550715 0.999887523611585 0.169457333816795 1.66807540243617 2.47881137872705 4.77489198214601 0 0 0 0 0 0 0 0 0 0 0 0 0 0 0 0 0 0 0 0 0 0 0 0 0 0 0 0 0 0 0 0 0
2.52448648533512 1.40914761605096 2.91840781893359 1.30807964450194 5.45974460702804 1.61135882345608 0.64209534598025 0.556343122543705 5.5286191654703 1.50573271115419 1.08790909151993 0.673534266638551 4.37340164801946 0.907800248831098 3.80541759520344 3.51196447263522 3.48700127198353 0 0 0 0 0 0 0 0 0 0 0 0 0 0 0 0 0 0 0 0 0 0 0 0 0 0 0 0 0 0 0 0
1.04679808041601 5.42573563704624 3.64420826933551 0.606733871528927 0.914771082298632 1.382008414403 3.29429284282471 0.278955779276953 5.93287300685448 0.00290450648936751 2.78434785151105 1.8258086029098 1.82160193391557 4.0104326209858 3.26910616287293 1.24046723504844 0.936542800583979 0.776413738819647 0 0 0 0 0 0 0 0 0 0 0 0 0 0 0 0 0 0 0 0 0 0 0 0 0 0 0 0 0 0 0
4.88098504182847 0.211624322591979 1.04270200716468 0.162003386732074 1.7192802158533 4.57862310105387 7.05151742552425 2.48478053677194 0.811692837807557 0.0580782803789706 2.0652999104587 0.360167162356587 0.49418047403185 0.600094625100009 0.680543947220056 0.993091477196207 9.29135948312801 2.00286491260545 2.07939968692223 0 0 0 0 0 0 0 0 0 0 0 0 0 0 0 0 0 0 0 0 0 0 0 0 0 0 0 0 0 0
0.963912674253305 0.523873850643121 0.680999628836693 1.58195134444563 1.66694322258419 2.32868295738194 1.1518892016379 1.06437878228149 0.524661295454458 0.369184172399112 0.406668066176496 0.630578432413529 0.261681180251444 0.130723412193548 0.503911128972789 2.52969545010358 8.83826701900216 1.00565359155823 1.91244939624893 1.33503614925224 0 0 0 0 0 0 0 0 0 0 0 0 0 0 0 0 0 0 0 0 0 0 0 0 0 0 0 0 0
1.74659366184451 4.23405699022622 2.39439399558373 3.4422428681568 1.35770733742487 0.833018662557053 4.6246903664067 0.573157974174821 0.0229577275142864 1.82240210716788 2.95563910226833 1.71937899852855 0.758997017378526 0.0959375774190435 1.01312777752874 1.74449026614455 0.561551853212949 0.010304406398188 3.7504497617731 0.767539771325396 2.22452936408115 0 0 0 0 0 0 0 0 0 0 0 0 0 0 0 0 0 0 0 0 0 0 0 0 0 0 0 0
1.74809248952247 2.70700933155386 1.75302827583676 0.206177659593559 1.85842720556025 1.83255012864892 5.07559189780846 0.430540714428621 2.04774481910655 0.235075640355453 0.0202424448926974 0.337166338205401 3.08108396705922 0.256870084055541 2.5885216073171 0.577737040284888 0.457212085215326 4.50513915283244 0.646402837949351 2.0904470897883 0.541258118865106 0.473093076957434 0 0 0 0 0 0 0 0 0 0 0 0 0 0 0 0 0 0 0 0 0 0 0 0 0 0 0
0.877730120854741 1.67400443897148 8.10402508748106 6.44156006205371 0.489068950375162 2.27094424423227 2.30087454121895 0.377606493996318 0.525927951927452 3.27838409173718 2.35359405571436 6.4724521250964 6.62533335097161 0.173781866292287 5.09974876006901 0.968833290850164 6.27248282892071 4.38589888628655 5.79926236709096 5.1408956043074 0.149365217126214 5.50225767673327 0.560149082473083 0 0 0 0 0 0 0 0 0 0 0 0 0 0 0 0 0 0 0 0 0 0 0 0 0 0
1.43537053671733 0.968637254496939 3.02658212911001 1.15475650970457 0.345865893450208 4.23497219948645 3.07292998368081 2.04094707068183 3.594498596752 0.122301347058931 0.178707107879556 5.887109301681 6.71833759622329 0.228592671154473 4.84313116072833 2.5989352791786 0.736016030618741 6.44488818478892 11.3645855079894 3.18881960375619 0.811968308333464 0.363690012964132 0.490804034369781 0.43401036409885 0 0 0 0 0 0 0 0 0 0 0 0 0 0 0 0 0 0 0 0 0 0 0 0 0
1.13585509052863 2.63962011600936 2.35346521599676 0.365185407174916 0.904587908566122 5.35548857635508 2.67166749278999 0.674130854703155 1.19177189893717 3.42203031620028 1.68382503737203 2.71354770143044 3.14711101968475 2.31020720098916 4.60518680846102 1.12349168748081 3.28128742068329 0.327384824297114 0.243252531533829 0.643419296674925 2.02175366214386 8.00287022689386 0.537763718401855 0.983907520275234 3.36718526577521 0 0 0 0 0 0 0 0 0 0 0 0 0 0 0 0 0 0 0 0 0 0 0 0
4.58167584166089 1.62777763476075 2.15275391490006 2.04892373321619 4.55381706125544 12.3943969375877 2.19737460190873 3.54551441752487 4.14619803804376 18.8974922768115 2.51375348370383 2.29626225519299 4.78340099575905 15.920493202257 6.81000985762844 4.1890144531661 14.8061588667697 0.695205264178396 3.16657622740574 0.978001925720505 8.17669000785466 0.0289261997402545 3.26883492301901 1.17094985881109 3.05307670634635 1.32965940349615 0 0 0 0 0 0 0 0 0 0 0 0 0 0 0 0 0 0 0 0 0 0 0
0.984446930950532 0.368134650290214 1.0865004689922 2.72109331034128 1.61961556762979 0.862024718371426 7.49603591443902 0.961346550840061 2.76477340931268 0.459310256495888 1.2118182841713 0.513011861482012 5.2362358805299 1.89675967455476 1.42233864476129 1.73645966979221 0.149192247679416 1.48279832916447 1.36623698951366 1.77575749695839 2.81548722616411 0.57177837306247 8.04333160380901 0.749483479464255 3.43057674340839 1.84408272263512 0.270405086545302 0 0 0 0 0 0 0 0 0 0 0 0 0 0 0 0 0 0 0 0 0 0
7.88623249926667 4.84850791401337 0.290488027921295 2.36199819475374 1.4150698632381 0.340613819845583 1.82246651110216 0.125107864026752 0.635240230725564 0.673309756527605 2.20283829578242 0.827619541878506 5.02794964651674 2.75045845472066 0.707883586170843 1.54239766842023 3.96293109465824 0.249269602481187 1.14187952169491 0.227296843322683 4.18614323661387 1.87589393938105 0.681790707850453 0.892093733641182 9.33967936567607 0.308607576249398 5.4104578092998 2.36740961372079 0 0 0 0 0 0 0 0 0 0 0 0 0 0 0 0 0 0 0 0 0
1.35831499454566 4.39182051374747 6.87559497107141 0.910063960150182 3.17481777822136 4.18826025440458 0.618861089617764 3.80389773256579 2.40486832547702 5.47435962710382 6.83302005731393 1.38885607909072 0.266213075237402 3.52609319335319 7.55491412731493 1.77530042102538 3.0706098381738 5.10363613281811 0.0483787293731552 2.71186237356947 8.62813467601568 11.7950425426632 1.62714782808241 3.98755788869656 0.935599383292434 0.79872742809262 2.60399769129704 6.77500341049973 1.21541375310119 0 0 0 0 0 0 0 0 0 0 0 0 0 0 0 0 0 0 0 0
4.90474758357212 4.24338244156995 2.91934921336031 1.02947338064349 0.283672458958028 0.601899545402641 1.12322345186393 1.66910602056167 1.4945869266104 1.95863928953109 2.64372603260708 3.77939637939773 3.37637373021495 1.67051608663327 0.550094120600944 0.489768721503268 0.875055529281936 0.0316630157202684 5.43301463646076 2.02490830586321 1.17579813332899 1.18200859800899 1.39860874885109 1.20668883379249 2.74815678118819 1.93668405066506 1.28056583931005 1.15616021660124 0.781861009405042 1.68614723751072 0 0 0 0 0 0 0 0 0 0 0 0 0 0 0 0 0 0 0
0.101726473267777 2.2831905239547 0.642620157457677 0.342511089335543 5.18625690987927 0.676467573992025 0.299892919502425 0.471625853763066 0.433829541572457 1.68960807123956 0.0324335801007167 4.78291036852996 1.92334965135211 5.40615980540834 1.34965365857877 0.535201373882543 0.501985217912052 1.47316108088075 0.549907390447921 0.407938651605622 0.314695435142118 0.544432985719991 0.776844522507193 0.141335540519645 1.20508202684074 5.70917724039868 0.728008292609726 0.95206793260399 2.27328691047303 2.47982581161853 0.37898261226499 0 0 0 0 0 0 0 0 0 0 0 0 0 0 0 0 0 0
4.67325529872905 3.17828214270711 1.29639481690519 3.21584971255388 2.02521089477981 0.203013577842616 0.0155221420835421 4.24698295212987 3.78008102377241 3.85058500880282 8.11681881991021 1.89932815519856 0.687271997286961 0.267403969177119 5.18281135133656 1.0667529117091 5.9593274778527 2.8984871239112 8.44309407684586 1.51075145268809 7.37466275493384 3.85175748470886 2.85962025343147 0.876864336540374 2.93882344605743 0.730797539318346 3.42148921185524 2.20499015391513 7.34104538995281 1.74075620478293 2.23275775554583 0.850067051294593 0 0 0 0 0 0 0 0 0 0 0 0 0 0 0 0 0
0.637155879786876 5.83314046047951 2.60622572698174 4.38343522823279 0.668877919853703 3.76070603534938 3.70074196179477 2.79668000067724 2.42807065197605 2.92149727342121 3.4464594463903 1.02559922705775 1.51050831874078 1.68071997570753 3.38455737655475 4.37122754044318 10.6401993619952 2.33402842985918 0.273376953992601 5.26332078301088 2.9709495430504 3.10815337888959 0.131966065882024 0.709228594015434 0.112979404107367 1.25407988188885 3.11116033766044 0.621032084739787 2.2779289561604 3.8673546442404 1.42696387116083 7.40233091829372 1.34054334175257 0 0 0 0 0 0 0 0 0 0 0 0 0 0 0 0
0.773907289824746 0.514776541682177 2.59241379798956 7.84361372955959 1.61703219173385 0.720582309142941 2.29330424103483 0.466475108729535 0.520983969723208 3.05550925908825 1.04122647667977 3.48000122928486 5.30090594007443 0.796638397210448 2.7954980446947 4.68295040906196 0.373452524630619 1.84707464839395 1.38740086295954 1.69332193655614 6.59639699125714 0.520594769103109 3.19665653824046 0.353970176810397 0.826623239943192 2.33312671131933 0.165732273696248 6.44974047201387 3.19543673886242 0.0269383089289083 0.502404013401779 1.52188903841766 0 0 0 0 0 0 0 0 0 0 0 0 0 0 0 0 0
0.865976916448376 0.357092841995672 2.39360328351597 2.64790208899736 2.32960119638504 1.39874526841362 0.3000212506643 0.519560517102551 1.70224767671549 1.23736491091315 0.682833396309568 2.2013133764662 0.231990655524224 1.04088489178304 3.77733705382938 3.07349603428357 1.84453179787102 5.01037147440618 3.97456219554441 0.0404045644733714 0.200535994185309 2.24832829706751 4.38196356189816 0.408308028108277 4.78840558545997 2.34472485113431 0.298443502971077 6.51696509730844 1.19691139195223 0.0469434595989239 0 0 0 0 0 0 0 0 0 0 0 0 0 0 0 0 0 0 0
3.16901451418364 1.2286289495128 0.323907601873643 2.65722933856428 0.375189251631943 1.22674492538439 6.11914233043059 0.203466290268446 1.24263646438282 0.394111763278677 7.66475024723393 2.94808276104323 0.0612119646086458 4.12550384028038 1.10219306151666 1.25134508064167 4.53176013609115 1.48131674070957 0.280568156224793 0.242082583473674 1.89017298152465 6.42617686596521 6.17024686006071 2.315602424706 4.07171287128695 0.546913042271298 0.639579129417523 0.108660387132807 0 0 0 0 0 0 0 0 0 0 0 0 0 0 0 0 0 0 0 0 0
0.643093325549278 1.10772594987017 2.6750090190551 0.243669469719495 8.20303652086594 2.57046583165606 0.327601188112742 0.531328814785404 0.982042912819079 5.26385476246564 2.51395672799638 1.06024532592766 0.354347513532223 2.29636794272018 0.664857738716215 1.09024802676656 0.424816792121674 0.509047023547114 4.83126027833827 2.97914664407533 0.9604607848731 0.518265605880074 2.65172886435109 5.30740979728463 2.45584062958619 1.85987996492041 0 0 0 0 0 0 0 0 0 0 0 0 0 0 0 0 0 0 0 0 0 0 0
0.311879262125194 1.05750783702127 1.02355478481226 1.1205250303556 0.232603946950324 0.282015726173032 2.28208168456531 1.36638536383045 0.335404041138679 0.154884687090961 2.71363167358207 3.37599702248251 0.810763246383393 0.686376253114117 1.90928153749959 0.133181470816032 2.38737155350122 0.75097744605743 0.237923355870094 1.81993722422595 2.54373650710885 1.93533101760308 1.29815371075931 1.29189858024369 0 0 0 0 0 0 0 0 0 0 0 0 0 0 0 0 0 0 0 0 0 0 0 0 0
6.00026711270353 0.110274830713194 1.51079721457554 5.38882717896853 5.10420620204377 3.24657156728505 0.14451051894607 2.80483268622804 0.571341879487998 5.08969006499357 12.2001552906044 0.940055045904136 1.01260769621972 3.73199571964405 3.71358530133662 0.0736626813832258 4.74546859706107 6.58260607951173 3.06466687484508 0.276266575915762 7.98173968147182 1.93434696717313 0 0 0 0 0 0 0 0 0 0 0 0 0 0 0 0 0 0 0 0 0 0 0 0 0 0 0
0.790184735933012 1.21698542285911 1.96435270434018 1.40025525837244 1.64802360442758 4.31965522068343 13.1787687873247 0.597111935739127 0.515845085986999 2.56117446184366 7.2271318538166 1.09505602439881 3.34593183226994 5.12129894827027 1.90071749173326 3.9921765645272 0.674764303948314 1.24548057353101 5.37130785784644 6.03758374451151 0 0 0 0 0 0 0 0 0 0 0 0 0 0 0 0 0 0 0 0 0 0 0 0 0 0 0 0 0
0.633235130114475 2.77781893116794 1.47672656923696 1.06438631340875 2.38580901596577 1.04135175316353 0.078134178761063 0.84289910570996 1.65318880234051 0.436852837189855 1.90561014645592 0.910429532797875 0.567246243522069 0.432633445779857 4.0497890091155 3.89866875240595 4.36609698673512 2.36627917220532 0 0 0 0 0 0 0 0 0 0 0 0 0 0 0 0 0 0 0 0 0 0 0 0 0 0 0 0 0 0 0
2.95779632007977 0.718216383028761 2.3120731235623 0.552697507356673 1.16864206681103 1.98078995228453 5.69896256773128 3.71412476835424 0.287600487035877 2.40815883313411 5.19748650287117 1.10203127208062 4.06814437167231 1.53461307794279 3.03105420388165 0.265364621672451 0 0 0 0 0 0 0 0 0 0 0 0 0 0 0 0 0 0 0 0 0 0 0 0 0 0 0 0 0 0 0 0 0
0.0587697508231649 0.076667083974095 0.072009527078726 0.529652984648706 3.61073249984529 1.66994200408058 1.0931009290187 2.30645076419715 0.0445063695485505 1.48903392134455 0.339320145289952 1.43507935454639 2.10442689249389 1.73833675677915 0 0 0 0 0 0 0 0 0 0 0 0 0 0 0 0 0 0 0 0 0 0 0 0 0 0 0 0 0 0 0 0 0 0 0
0.884992361953523 1.61031180646339 4.64630656005869 1.2341826494766 1.33517013067655 9.92320979690858 3.45817339251149 0.876427389646982 0.747946172663087 1.49759902981445 1.24500009558856 2.30296115169613 0 0 0 0 0 0 0 0 0 0 0 0 0 0 0 0 0 0 0 0 0 0 0 0 0 0 0 0 0 0 0 0 0 0 0 0 0
1.9981956149778 10.6862844307662 0.932587974365216 3.20957916088196 3.53615725746868 2.20257363471391 2.64341041608091 0.533611739452017 1.21641793797555 0.257107519137099 0 0 0 0 0 0 0 0 0 0 0 0 0 0 0 0 0 0 0 0 0 0 0 0 0 0 0 0 0 0 0 0 0 0 0 0 0 0 0
11.4156849211649 0.61329375571599 0.21362752273813 2.96213169787002 0.256151987653779 3.3826784904902 1.86459900211822 0.00999714374285676 0 0 0 0 0 0 0 0 0 0 0 0 0 0 0 0 0 0 0 0 0 0 0 0 0 0 0 0 0 0 0 0 0 0 0 0 0 0 0 0 0
2.82997056575805 5.88752938259583 1.11187300870306 2.46353606906489 1.55807397304117 8.47565371393578 0 0 0 0 0 0 0 0 0 0 0 0 0 0 0 0 0 0 0 0 0 0 0 0 0 0 0 0 0 0 0 0 0 0 0 0 0 0 0 0 0 0 0
1.70773121853593 0.978972984197632 4.01959338346379 0.126145986213715 0 0 0 0 0 0 0 0 0 0 0 0 0 0 0 0 0 0 0 0 0 0 0 0 0 0 0 0 0 0 0 0 0 0 0 0 0 0 0 0 0 0 0 0 0
3.62043019275241 1.05447267623824 0 0 0 0 0 0 0 0 0 0 0 0 0 0 0 0 0 0 0 0 0 0 0 0 0 0 0 0 0 0 0 0 0 0 0 0 0 0 0 0 0 0 0 0 0 0 0
