6.78758865260975 0 0 0 0 0 0 0 0 0 0 0 0 0 0 0 0 0 0 0 0 0 0 0 0 0 0 0 0 0 0 0 0 0 0 0 0 0 0 0 0 0 0 0 0 0 0 0 0
1.67552117968306 2.09428586634258 0 0 0 0 0 0 0 0 0 0 0 0 0 0 0 0 0 0 0 0 0 0 0 0 0 0 0 0 0 0 0 0 0 0 0 0 0 0 0 0 0 0 0 0 0 0 0
1.37696459936808 1.05041778569845 0.924597253421324 0 0 0 0 0 0 0 0 0 0 0 0 0 0 0 0 0 0 0 0 0 0 0 0 0 0 0 0 0 0 0 0 0 0 0 0 0 0 0 0 0 0 0 0 0 0
0.478570708351057 2.63791260506074 2.26883548532353 0.816729427097002 0 0 0 0 0 0 0 0 0 0 0 0 0 0 0 0 0 0 0 0 0 0 0 0 0 0 0 0 0 0 0 0 0 0 0 0 0 0 0 0 0 0 0 0 0
11.0949499668265 4.89466025058319 0.158224511962355 0.0520493952085538 0.305149732581293 0 0 0 0 0 0 0 0 0 0 0 0 0 0 0 0 0 0 0 0 0 0 0 0 0 0 0 0 0 0 0 0 0 0 0 0 0 0 0 0 0 0 0 0
1.91469643373986 4.39836217313211 2.15948622895335 3.32463316486093 0.970257520537835 0.357030488176992 0 0 0 0 0 0 0 0 0 0 0 0 0 0 0 0 0 0 0 0 0 0 0 0 0 0 0 0 0 0 0 0 0 0 0 0 0 0 0 0 0 0 0
1.74613839273192 3.56314880072096 0.980502806468216 0.863333219431764 5.40767322495822 4.92898540161493 0.399284362472469 0 0 0 0 0 0 0 0 0 0 0 0 0 0 0 0 0 0 0 0 0 0 0 0 0 0 0 0 0 0 0 0 0 0 0 0 0 0 0 0 0 0
1.66410651635085 2.01775836847223 1.20766420015355 0.367473319679755 6.01872287290937 5.89979752902706 6.3994501379224 1.53820292087163 0 0 0 0 0 0 0 0 0 0 0 0 0 0 0 0 0 0 0 0 0 0 0 0 0 0 0 0 0 0 0 0 0 0 0 0 0 0 0 0 0
0.662660574300097 2.41271261415575 1.07879699236158 0.301016891401585 3.9082831002594 0.156228265086405 1.57528408193363 0.200509077261189 0.0934738144164592 0 0 0 0 0 0 0 0 0 0 0 0 0 0 0 0 0 0 0 0 0 0 0 0 0 0 0 0 0 0 0 0 0 0 0 0 0 0 0 0
0.2807003869946 3.10392713800676 0.593437972568704 0.391874016357552 0.427111585873684 1.54354516117503 3.01945409505901 0.433327839245443 1.39014083216754 2.1711405610721 0 0 0 0 0 0 0 0 0 0 0 0 0 0 0 0 0 0 0 0 0 0 0 0 0 0 0 0 0 0 0 0 0 0 0 0 0 0 0
0.231004107491736 2.06615153620239 2.08222038293235 1.33331132480307 0.0953610340422153 0.103230758752879 6.35326616435658 0.409229453170571 2.67458302899038 0.400546825569847 7.87672512999776 0 0 0 0 0 0 0 0 0 0 0 0 0 0 0 0 0 0 0 0 0 0 0 0 0 0 0 0 0 0 0 0 0 0 0 0 0 0
1.07594751082302 7.84624159972083 2.36633018946438 2.67874304006058 4.91502544038188 3.77720857807553 0.253161522681682 1.51786541829928 1.47578777779453 1.23529259208505 0.469388919735567 1.63020913498234 0 0 0 0 0 0 0 0 0 0 0 0 0 0 0 0 0 0 0 0 0 0 0 0 0 0 0 0 0 0 0 0 0 0 0 0 0
0.787533865893756 1.13093911506841 2.11710073900181 0.596081525528189 9.7561984101867 0.709908587593804 0.558693461368907 0.981636471204191 5.39909020815837 0.767501386953167 0.964503532191572 5.2363536808523 0.618493774938 0 0 0 0 0 0 0 0 0 0 0 0 0 0 0 0 0 0 0 0 0 0 0 0 0 0 0 0 0 0 0 0 0 0 0 0
2.22018672677804 2.25421207410076 0.479297781268131 7.10558251624309 7.54223064517326 1.04293735471239 2.0866610985737 2.92799187598999 1.83048253754594 0.668607763078994 4.12917974091161 0.664165553792603 0.827909970700259 3.89963527175474 0 0 0 0 0 0 0 0 0 0 0 0 0 0 0 0 0 0 0 0 0 0 0 0 0 0 0 0 0 0 0 0 0 0 0
2.3666036596089 0.497222300420118 0.919859189932656 0.0160126711120044 1.60084363335554 1.42739695516414 5.00079689534843 0.0587942074917593 1.75097844348093 0.0941001266147139 0.150153337132455 2.17239238138853 3.62203658114109 2.18789774747623 2.06133222471878 0 0 0 0 0 0 0 0 0 0 0 0 0 0 0 0 0 0 0 0 0 0 0 0 0 0 0 0 0 0 0 0 0 0
0.302921032420982 2.05661498180608 0.090210140769186 0.817000735223454 2.46319170766255 0.167210974360673 0.675409428799696 5.12481221152756 8.26297444622901 1.8045458972953 3.04229958201094 3.07744113368266 5.23612033214324 1.27412168606408 0.532254471679641 3.54853464077328 0 0 0 0 0 0 0 0 0 0 0 0 0 0 0 0 0 0 0 0 0 0 0 0 0 0 0 0 0 0 0 0 0
13.8012614720252 2.40705190965853 0.429166098917973 0.276394286208092 5.23861850316045 2.46617091986942 2.15269331903124 4.59713160674277 0.275409292614012 3.03579854315729 5.37855352871448 3.56453026447919 2.62034798574727 4.24337031249519 1.37132100075451 2.01702799640308 0.665398686025634 0 0 0 0 0 0 0 0 0 0 0 0 0 0 0 0 0 0 0 0 0 0 0 0 0 0 0 0 0 0 0 0
8.64734494184196 1.42887261370565 0.770859615892546 0.67855012839903 4.4601941355791 2.59362233183059 0.435315787546218 1.45297300432969 0.341087617754791 5.61732534173217 2.1782323416069 0.946217088072774 0.460541893577904 6.14484761743169 0.442835697864876 0.498248537926429 2.51992108212929 0.0295702480269171 0 0 0 0 0 0 0 0 0 0 0 0 0 0 0 0 0 0 0 0 0 0 0 0 0 0 0 0 0 0 0
2.40685863859074 0.843662526422216 8.23421013961216 0.386626991493656 1.77980131847669 2.48227522626625 1.59420728481044 0.719779313494212 1.94816787846346 0.101647561974652 1.20612685163309 1.21983657881395 3.41030310737236 1.86578365134647 14.2666820497779 3.29215492756517 1.41070462482069 1.03333636059242 6.90722459912306 0 0 0 0 0 0 0 0 0 0 0 0 0 0 0 0 0 0 0 0 0 0 0 0 0 0 0 0 0 0
0.547727063100811 0.276701527129779 0.57541851419974 4.63613204486938 1.36030857143566 2.46591999103194 2.66200539836317 2.03115609198634 2.49618334024057 2.31040129504895 1.18949255449567 2.81271796990357 2.5087492744569 3.95899375631128 2.67304135705273 3.30043816642484 2.83250618868527 0.0295426750203085 1.02153370361514 4.07177975074846 0 0 0 0 0 0 0 0 0 0 0 0 0 0 0 0 0 0 0 0 0 0 0 0 0 0 0 0 0
2.60628406892481 0.076838021958973 3.09485642094094 5.95630795104259 3.28673296664127 1.07674243173289 2.20816161321842 3.1471779584463 0.669536048465707 1.89691942048715 15.7614972893052 1.69443414039286 0.0969497662756893 1.41541989504601 0.296932732395149 4.11753347870189 0.162516149915382 1.2100700006899 2.41919479463457 1.02726913692937 0.775430319758723 0 0 0 0 0 0 0 0 0 0 0 0 0 0 0 0 0 0 0 0 0 0 0 0 0 0 0 0
0.0857875218560011 1.37922336701461 2.90735819094604 0.130069381630237 1.14593155821375 0.913514589897794 0.394805121270112 3.43510065032921 2.55817027286047 4.96791017611993 4.78679160481835 1.71938660073786 3.45130309302951 3.91236209593842 0.30834644333255 1.95080790407285 1.70701537648874 1.96321397779149 1.69267840142876 1.34857694753199 0.620965260497595 2.20242157694834 0 0 0 0 0 0 0 0 0 0 0 0 0 0 0 0 0 0 0 0 0 0 0 0 0 0 0
1.808551472064 3.6270724871525 0.456693514417091 2.97457173280405 3.43474905910019 3.6039645642771 0.247972776133717 0.88940171931745 3.26112480135305 0.659785545240312 1.6841702845778 0.272754749706489 2.58744280164848 1.44056628302454 1.68386013999657 4.64975729361826 0.48191957973491 8.07769484242982 1.04881490757083 0.821156662436808 1.01567204231862 1.89192087612076 0.116948001977425 0 0 0 0 0 0 0 0 0 0 0 0 0 0 0 0 0 0 0 0 0 0 0 0 0 0
1.96482226007329 0.698396490369769 0.0308523298152427 2.49523530941633 0.135723524146898 0.511688176671993 2.52147205346635 6.68653729982339 1.68306169430493 2.91225973163342 5.13987720022682 3.80321714726065 2.23075687936432 1.32352853381121 4.4024172104535 0.921295846199202 0.160668624838124 2.17660062628505 8.72971495992808 1.38023251928723 0.432916495100662 2.07035390427185 1.90994760462158 2.16917743210725 0 0 0 0 0 0 0 0 0 0 0 0 0 0 0 0 0 0 0 0 0 0 0 0 0
0.243046337320854 0.102521852028426 4.26156979504384 1.63383676534867 0.966842475383252 0.0434718607675943 2.5077502599341 1.63824067381095 7.69450143201667 0.754436365993941 1.61688633097777 2.59801866205716 5.80812401142328 2.20213028370793 0.681318131228198 1.19063916016926 0.0630222640391624 1.18623914602898 6.29869886874081 0.462677390890804 0.280720100561562 3.95989026321316 2.71077800570591 1.41669893959659 0.0351450894333596 0 0 0 0 0 0 0 0 0 0 0 0 0 0 0 0 0 0 0 0 0 0 0 0
1.26826783987709 0.834068199309865 0.413799585534029 1.47607874326352 4.74007481794037 6.83995126986594 2.41846896661647 0.00331800893874597 4.18729406133024 1.04289582948657 2.79861790008211 0.212561163580633 1.04284747897438 6.53979746163509 1.74383856515247 0.764815139122042 0.250153048977063 5.01675572544201 1.61446404269131 2.62170765245499 2.90796915545232 0.0365451705472582 2.0284079617276 0.932986274892938 4.65084734202883 6.08364112647071 0 0 0 0 0 0 0 0 0 0 0 0 0 0 0 0 0 0 0 0 0 0 0
9.48250483992433 1.68734545393623 0.139752505379381 3.61671082330699 2.72678842688246 0.343892280827222 0.732216378873303 2.79321489542459 1.02120273755181 1.87251522422574 0.393032907008823 2.14072923904149 0.381932664647185 0.325624615282769 5.4720381088009 1.27812185957931 1.22773224302072 6.44902343794049 0.50048711589187 2.97826987382349 1.22600614871013 2.02047773735056 1.0025884255295 1.3487639945704 0.428689199757079 2.54153454058619 4.58886235907102 0 0 0 0 0 0 0 0 0 0 0 0 0 0 0 0 0 0 0 0 0 0
2.01979811827761 0.411190394044842 1.70050279645422 1.09448887394279 2.57341951368617 1.59548129846587 0.11961273288587 2.37448057284449 1.67602859497617 1.64068889734147 0.207598055619784 1.47042894149755 5.17817151989526 0.105098970985274 4.67313999446146 1.63341514285447 7.1025455334048 5.08862504035048 0.143629810028625 1.40587130371466 0.208282978624562 0.84866681294791 1.15069950142549 4.26164826368859 1.7743916265228 10.2743924269107 3.91288236549038 1.4759250119145 0 0 0 0 0 0 0 0 0 0 0 0 0 0 0 0 0 0 0 0 0
0.216899950305793 0.919950272085485 0.84484453835863 0.778976022895448 1.8121339361689 3.29241933237695 0.0462939725280797 0.509324667171558 1.79602277955844 3.56476502022432 0.311572358577123 2.62729421398334 2.82004432034808 1.69497638186544 0.33534362866758 0.92835454751225 1.5145874486016 0.868697083444658 0.560326563616899 7.51362595194532 3.07624426452502 1.05411415692465 2.67298699804592 0.316818162758873 1.33056863324747 1.27728232671628 1.31279524592439 6.615610249374 0.904812574934031 0 0 0 0 0 0 0 0 0 0 0 0 0 0 0 0 0 0 0 0
1.64403178954272 3.07475057594018 1.80379893119542 1.44609905709232 0.419037497994388 0.0684198283073201 1.65446591744469 0.0794667806781417 1.98875311390722 2.12115890227066 5.15564624747536 3.99918431418208 0.638097479200048 1.23466680340225 0.362824986732658 1.04304886225372 6.13964540964512 3.9581870833798 4.49160596530396 4.80935550916904 6.48234854161022 0.126041045362662 1.76943606170386 1.58374944952149 0.0708956837980843 0.808010819806295 4.38595179937228 1.83303614116102 1.02424837951572 1.1200397723296 0 0 0 0 0 0 0 0 0 0 0 0 0 0 0 0 0 0 0
1.59550263103722 4.49955900246471 1.56747280552939 0.427574680511755 2.93341452935851 2.44336271569313 0.858983884968561 0.0354097464408965 5.15335864464849 7.3714425244275 0.314306154983085 0.461917428321861 0.659296281150315 6.45753593025753 0.0493975528405192 4.17416016717262 0.374419554691843 0.786802987537715 5.09498402277449 11.9814316840615 0.405959303156289 8.19689373719689 2.18770085511676 0.941858298876952 1.64507350357234 1.58961995307204 0.449758028508086 3.0999578579613 1.84157443393686 0.28153037363772 4.48314402699714 0 0 0 0 0 0 0 0 0 0 0 0 0 0 0 0 0 0
1.60920281045987 0.247447307953558 6.16217815040771 5.8495891227396 0.25518217482811 0.933542216266501 7.32222230761432 0.726531751270834 2.822915415609 3.60323720007874 1.38925916421893 8.31984446310157 3.30369697271268 0.789984913733608 0.802203125047645 5.86927622442005 0.718056687603407 3.27008644816564 0.0869723939169318 0.249052082051059 11.3322966915017 5.93872187909788 1.02243065182163 1.60759051831806 0.400596974219616 0.0104992105568717 3.15614089356734 1.72031639894914 0.129805205365865 0.0452758318750106 7.1748836013874 1.80533394002778 0 0 0 0 0 0 0 0 0 0 0 0 0 0 0 0 0
4.03264783013239 4.3274378379933 2.749050065222 4.58131610663371 0.0124601915380705 0.680541125661592 1.83207550288124 0.581627873259736 5.68776284600557 3.6100569848096 1.5166268940466 1.8083159245853 0.0422619088448321 4.93721128712002 0.106660995983195 3.19511132511911 1.04333085318263 1.07168949930761 0.396372520677442 6.79939724491928 2.04496796968302 1.98904293283187 3.22493971209592 3.2237812718348 8.31621661182785 2.14306692161301 5.64321991456245 2.72756900668027 3.78568285654713 3.35056381765181 3.99064510108615 1.47007073446966 1.32189273427035 0 0 0 0 0 0 0 0 0 0 0 0 0 0 0 0
2.53927683603303 6.38189856977501 2.03176037746918 0.250801713351906 1.45026562776381 0.00828557990829439 3.39133983521904 1.54513689113111 8.48870499403261 0.301593713196562 0.254418188912551 1.52880217680975 5.72985275592168 1.51872326198728 1.33300456143025 2.04656840904962 0.277919945140469 0.725740161024569 2.65965560461491 0.241548606539496 1.17212519717824 1.38058013357401 3.59307225184478 0.994890629427376 5.01707374257317 0.855864424466026 0.360125604740095 4.3225124859088 0.4660928688825 1.88955008992061 0.675372821244311 1.01540336890403 0 0 0 0 0 0 0 0 0 0 0 0 0 0 0 0 0
1.9723221622962 0.340578631246852 5.13200473009102 0.404137092379225 3.30341868227409 2.24250364117313 4.16876529923884 8.18076293447306 0.765373488586054 2.27665025938359 2.63124180494697 0.855500981883502 1.44162027713105 0.365377176183295 8.92939985122204 0.113245234053834 1.34176202134093 2.23639626148146 3.61797213320993 2.67434207160533 0.555308326676468 1.84429845295932 1.83298938135931 3.56086823226494 0.0754833964667433 0.397319641419609 2.81235622725073 0.449422661009944 0.519183194903709 1.72453419685628 0 0 0 0 0 0 0 0 0 0 0 0 0 0 0 0 0 0 0
0.294290110644911 0.233448404348752 1.51457423472422 3.11253551816425 1.26740124765031 1.24751416099454 2.38071478543297 1.54926675007444 0.761112557351492 0.157984698031166 1.45228363124681 0.143832612953317 0.621720974982358 5.6315013010628 0.248532499708242 0.884860582956546 7.99044367781423 22.4298490139865 3.16650034173984 4.19326909713731 1.20175838169174 0.66028340834855 1.37077891956162 0.80289826108348 5.56600158761781 0.164116486629061 0.658466419506439 0.851979793329536 0 0 0 0 0 0 0 0 0 0 0 0 0 0 0 0 0 0 0 0 0
3.52061531083995 4.12548282533267 3.43936192486136 1.58975093940477 0.683761126779365 3.58158713193073 2.74795537437685 1.4843023998998 3.4004462854396 2.22632132542701 3.23361228548506 0.386870927907867 0.819690572890747 1.2890809071809 2.76642210245691 2.44993315907742 0.0857127983913661 2.90983006372324 4.5237827219057 4.33517152782284 0.0718708703281431 2.85351088578434 2.20722687757788 9.94199790149587 5.45700924397247 6.92974056421321 0 0 0 0 0 0 0 0 0 0 0 0 0 0 0 0 0 0 0 0 0 0 0
0.684746781542918 2.62104430344084 1.28526661213519 0.728727814315224 0.127006038591102 6.0405109037559 1.36665073829817 1.79531420158785 3.85298119034685 0.259260497584761 1.93426836903741 0.764163966584708 0.63114249291508 3.29060616120129 3.96793202645897 0.0586916634320032 4.85063357900887 1.41195759388585 9.62898083964257 1.17092942363026 1.47797941368509 2.48254278982642 1.74837841137315 1.13694306108604 0 0 0 0 0 0 0 0 0 0 0 0 0 0 0 0 0 0 0 0 0 0 0 0 0
0.346789170118429 6.32165302845657 2.58102103111013 5.34195019739665 1.2750945529361 0.214288693011551 1.22875594996245 0.461854746598711 2.54019001854967 6.95902465716668 2.71646352367307 0.832167158159424 1.70156782335251 6.49872471252248 0.139144394593023 2.51194102897412 3.65519192516419 3.36497474799335 0.969924713790651 6.48482635618332 0.292756507718129 2.04002698403134 0 0 0 0 0 0 0 0 0 0 0 0 0 0 0 0 0 0 0 0 0 0 0 0 0 0 0
3.53618519080694 2.90990604652268 1.52655677840092 5.64128796890731 1.60007720943215 0.189149255000849 0.279464248566246 1.49100644384561 0.750437577191879 3.18781601562779 5.41216514621961 0.567958461480671 0.302706927278627 2.03636698945808 1.43428756975328 1.906639300669 0.0587593486408301 0.115342490306797 2.14111874867721 0.225140714777137 0 0 0 0 0 0 0 0 0 0 0 0 0 0 0 0 0 0 0 0 0 0 0 0 0 0 0 0 0
1.03067724412327 4.73234108052686 2.31689637151978 0.597113141958084 1.32075148581356 0.1453940117694 0.30817135212229 2.13721519288649 0.160652614781273 3.51240141553364 2.38271260601239 3.30609873542507 0.365424055218125 3.78636709672766 2.45659774905212 3.35985093500107 0.141533291130381 0.646970996702443 0 0 0 0 0 0 0 0 0 0 0 0 0 0 0 0 0 0 0 0 0 0 0 0 0 0 0 0 0 0 0
2.60154126524032 5.26036795795227 1.78717921516418 1.65458596408942 4.24141390485384 1.46041654137474 2.44992769612064 0.00615841686363212 0.558505740269621 2.40909051593175 2.35857818315879 0.286349286975719 0.972891057664953 4.33675888296366 6.3086047914421 1.52479512598025 0 0 0 0 0 0 0 0 0 0 0 0 0 0 0 0 0 0 0 0 0 0 0 0 0 0 0 0 0 0 0 0 0
0.778395314510479 1.65299012695359 0.765276612262516 2.53830990664348 0.131069217447156 6.44098236185352 0.892894175422686 2.56488474441468 0.513775776600451 1.2822945184715 0.827716557730266 0.98478912710005 0.181789271262958 0.155374333326618 0 0 0 0 0 0 0 0 0 0 0 0 0 0 0 0 0 0 0 0 0 0 0 0 0 0 0 0 0 0 0 0 0 0 0
1.25615023031661 0.964222969081236 0.657426508786165 2.91152776398461 0.511243155815249 0.157337974242605 0.0812832583681969 2.94191139891522 3.65670262755029 0.139389191939214 0.576132797494904 3.79920328045056 0 0 0 0 0 0 0 0 0 0 0 0 0 0 0 0 0 0 0 0 0 0 0 0 0 0 0 0 0 0 0 0 0 0 0 0 0
8.90955584891282 12.888090775082 1.91255790253214 3.5261723265201 5.39905958206173 0.0671776049703714 3.17351985385128 1.34938867556837 2.11937782231343 1.5321299933608 0 0 0 0 0 0 0 0 0 0 0 0 0 0 0 0 0 0 0 0 0 0 0 0 0 0 0 0 0 0 0 0 0 0 0 0 0 0 0
5.62682314341486 0.125069393840724 0.60405341802004 0.621133888909044 0.0655340812435044 0.890900693474445 2.09771490727515 0.665102131761688 0 0 0 0 0 0 0 0 0 0 0 0 0 0 0 0 0 0 0 0 0 0 0 0 0 0 0 0 0 0 0 0 0 0 0 0 0 0 0 0 0
2.04610108617939 1.05564093794723 2.9107200671154 8.82589228627068 1.52387321916859 17.8485932319039 0 0 0 0 0 0 0 0 0 0 0 0 0 0 0 0 0 0 0 0 0 0 0 0 0 0 0 0 0 0 0 0 0 0 0 0 0 0 0 0 0 0 0
0.413919585655049 0.433600916034926 1.25685605298983 1.16286796595283 0 0 0 0 0 0 0 0 0 0 0 0 0 0 0 0 0 0 0 0 0 0 0 0 0 0 0 0 0 0 0 0 0 0 0 0 0 0 0 0 0 0 0 0 0
0.196901320316171 2.03056137081382 0 0 0 0 0 0 0 0 0 0 0 0 0 0 0 0 0 0 0 0 0 0 0 0 0 0 0 0 0 0 0 0 0 0 0 0 0 0 0 0 0 0 0 0 0 0 0
