0.435175652992193 0 0 0 0 0 0 0 0 0 0 0 0 0 0 0 0 0 0 0 0 0 0 0 0 0 0 0 0 0 0 0 0 0 0 0 0 0 0 0 0 0 0 0 0 0 0 0 0
0.716005161890597 0.0814847234985872 0 0 0 0 0 0 0 0 0 0 0 0 0 0 0 0 0 0 0 0 0 0 0 0 0 0 0 0 0 0 0 0 0 0 0 0 0 0 0 0 0 0 0 0 0 0 0
0.652441441429272 5.21146511742485 1.03609387255299 0 0 0 0 0 0 0 0 0 0 0 0 0 0 0 0 0 0 0 0 0 0 0 0 0 0 0 0 0 0 0 0 0 0 0 0 0 0 0 0 0 0 0 0 0 0
4.94763295956636 0.268446724413477 1.87141350355293 6.61195013722531 0 0 0 0 0 0 0 0 0 0 0 0 0 0 0 0 0 0 0 0 0 0 0 0 0 0 0 0 0 0 0 0 0 0 0 0 0 0 0 0 0 0 0 0 0
4.68428987803671 0.973091990041082 8.60456367647951 1.90871931291272 1.54844240087247 0 0 0 0 0 0 0 0 0 0 0 0 0 0 0 0 0 0 0 0 0 0 0 0 0 0 0 0 0 0 0 0 0 0 0 0 0 0 0 0 0 0 0 0
0.675668984200287 1.39542138605977 0.757791816824187 0.290078404620892 0.642771559192434 2.57419716662339 0 0 0 0 0 0 0 0 0 0 0 0 0 0 0 0 0 0 0 0 0 0 0 0 0 0 0 0 0 0 0 0 0 0 0 0 0 0 0 0 0 0 0
1.08408136816728 0.439636514724723 6.76650827924627 1.81454434622855 1.76238163852062 0.450172022427973 0.528079280721761 0 0 0 0 0 0 0 0 0 0 0 0 0 0 0 0 0 0 0 0 0 0 0 0 0 0 0 0 0 0 0 0 0 0 0 0 0 0 0 0 0 0
0.414807142868639 0.259341116742004 1.30157032720213 0.939311364010167 0.271694185832992 0.675060561098845 0.387170315221759 1.74573603957726 0 0 0 0 0 0 0 0 0 0 0 0 0 0 0 0 0 0 0 0 0 0 0 0 0 0 0 0 0 0 0 0 0 0 0 0 0 0 0 0 0
2.1661627191811 0.726681131887043 1.5196798307136 1.02636714990209 0.888929886746013 6.19410657910243 2.1530182898317 0.282522663508029 1.47916272233398 0 0 0 0 0 0 0 0 0 0 0 0 0 0 0 0 0 0 0 0 0 0 0 0 0 0 0 0 0 0 0 0 0 0 0 0 0 0 0 0
5.87835044047499 0.636775929426453 1.2071772939612 0.728868660982837 2.64278872417255 2.26947057867867 1.22062902220835 0.778009673816609 0.176313231437514 0.158582731148816 0 0 0 0 0 0 0 0 0 0 0 0 0 0 0 0 0 0 0 0 0 0 0 0 0 0 0 0 0 0 0 0 0 0 0 0 0 0 0
2.10791843509097 1.92238006674531 1.02497641401792 1.89807072330984 0.304928250299829 5.44190013253453 0.2650841741335 4.83038346258122 0.725959866654657 2.39831116334632 1.17278790219269 0 0 0 0 0 0 0 0 0 0 0 0 0 0 0 0 0 0 0 0 0 0 0 0 0 0 0 0 0 0 0 0 0 0 0 0 0 0
0.791374630227063 0.95489875270132 0.250168477033346 1.6120675039936 1.0949171340147 4.56663168825386 3.18687919760189 7.71411056850867 0.54938731273693 0.809114458447577 2.25754574483803 3.54836170171214 0 0 0 0 0 0 0 0 0 0 0 0 0 0 0 0 0 0 0 0 0 0 0 0 0 0 0 0 0 0 0 0 0 0 0 0 0
6.54313866581298 1.15162564454886 1.6132138262473 0.824908508962425 0.209219773829302 2.55123693228039 1.28819436084667 1.53374859677224 2.35130903897664 2.03123582885535 4.11011015085911 0.224655463815235 8.60054411758286 0 0 0 0 0 0 0 0 0 0 0 0 0 0 0 0 0 0 0 0 0 0 0 0 0 0 0 0 0 0 0 0 0 0 0 0
14.8166911287238 4.81971026532965 6.53483562871275 0.355935363471026 1.89751884717088 5.08915190112018 1.44182109992228 0.385349521115181 2.95445268413651 2.9623969719463 1.88837261503533 1.51515095531899 14.1182144496868 0.227931625338845 0 0 0 0 0 0 0 0 0 0 0 0 0 0 0 0 0 0 0 0 0 0 0 0 0 0 0 0 0 0 0 0 0 0 0
6.53849693598545 0.908303677531724 2.04994392957788 3.63861775110257 1.81722477951149 7.77087534723144 1.89896742678731 0.0305018840162322 0.897276834328953 0.943219072040952 2.55298320763385 6.6341003699338 3.34316538051411 1.51875980029079 6.82457250498125 0 0 0 0 0 0 0 0 0 0 0 0 0 0 0 0 0 0 0 0 0 0 0 0 0 0 0 0 0 0 0 0 0 0
10.1883315955379 0.145324639906771 0.584410416644249 1.44764469279103 6.00275780621488 4.75804532292689 0.991140340080559 0.575274781169033 0.795308695756589 8.94900828748558 1.51267777818247 4.34829469336892 1.59269400398682 5.96421089313536 16.2549282906613 3.10574438836086 0 0 0 0 0 0 0 0 0 0 0 0 0 0 0 0 0 0 0 0 0 0 0 0 0 0 0 0 0 0 0 0 0
3.46227441149994 1.72439146329011 0.91666664514981 3.13441814536208 0.846948492345689 2.3869698953791 1.13120368434696 3.33727610239388 1.60720196931964 6.98427867779667 0.286711262790018 1.59262748909873 0.62983334179181 8.76510818902494 0.507436766476421 1.82659353585196 2.43855628905712 0 0 0 0 0 0 0 0 0 0 0 0 0 0 0 0 0 0 0 0 0 0 0 0 0 0 0 0 0 0 0 0
2.67023578272344 0.193576078450151 0.877271670223234 0.376764844313073 0.521989630726294 1.9754409111515 1.94751432362075 1.02153760455384 6.25192221637679 0.881716080342316 2.81162406109419 3.49816625990826 1.3044148330416 3.54657811199735 1.72057869597791 0.649948616559361 1.75494470745151 1.82782719279193 0 0 0 0 0 0 0 0 0 0 0 0 0 0 0 0 0 0 0 0 0 0 0 0 0 0 0 0 0 0 0
4.68732596281149 1.62235199955185 2.86248451478527 2.6107402884414 2.16989951516792 3.18812908074055 2.18839536896447 5.60752320056461 3.35430393743627 1.89891094129432 1.39626311011788 1.815578200247 2.33127562538002 0.77548199821616 2.9820890622982 3.48298328623174 4.07801862860055 4.9429592578875 0.479515488505087 0 0 0 0 0 0 0 0 0 0 0 0 0 0 0 0 0 0 0 0 0 0 0 0 0 0 0 0 0 0
0.871190047147205 0.442403581110146 9.68859031351338 1.90151845562892 4.00077364107612 0.561466118340239 2.34580240525203 0.852336521361444 2.95161686751169 0.618754281097137 2.72097898186832 1.6696243104329 4.6232687636173 0.0345114259867513 0.161531489768074 3.61960291198294 1.53130065426704 1.38594338998507 4.40984841421515 1.64069063949383 0 0 0 0 0 0 0 0 0 0 0 0 0 0 0 0 0 0 0 0 0 0 0 0 0 0 0 0 0
1.86869377655953 1.0513733379763 2.84670447269651 1.78730032485546 1.57191306775598 6.56085971957588 2.88656106172637 1.35439947990032 3.12030699415599 4.67311727683592 0.213811018981511 3.67143730947841 1.17660644269769 2.29734361438961 0.767374945258621 1.38144482583872 3.39807821395043 0.664824763207277 1.097035489394 0.864952785677847 0.596164199880667 0 0 0 0 0 0 0 0 0 0 0 0 0 0 0 0 0 0 0 0 0 0 0 0 0 0 0 0
0.191670097020142 3.52596542382037 0.348071389740914 1.46470580365023 2.58055098514918 2.68958255718487 0.679045622185445 0.898694407936499 3.62980048024541 6.54271948286469 0.993979039558431 0.190710452580652 3.59584658692103 0.219550017849998 2.8663047583633 1.45569201211861 0.850349225454402 0.55891675375719 1.39563978625929 5.85682721936938 3.0953438613006 4.94194317790986 0 0 0 0 0 0 0 0 0 0 0 0 0 0 0 0 0 0 0 0 0 0 0 0 0 0 0
3.07847847435918 0.630038498939397 1.37422614116022 0.579023095147831 2.9681679048998 7.95833107184496 2.59780454097223 0.112181971732709 3.63484136098016 4.21541601622466 2.40428710645111 2.06083564717757 9.76084568291554 2.28564599521361 3.15879748175796 1.72846544830041 0.368936113518844 0.74606671894377 0.155743368794111 2.90483157639866 0.723283157662344 0.083969700056304 3.61305071966367 0 0 0 0 0 0 0 0 0 0 0 0 0 0 0 0 0 0 0 0 0 0 0 0 0 0
1.04172759882153 1.22868081929833 1.66534754286905 2.57814893852323 6.13019675482906 1.06282940036546 1.2573174360523 1.14388762202161 1.16903292501526 2.87823032963212 1.72572605381918 3.00211769401057 1.37184360472907 3.0949283376722 1.8821049216687 0.266590170612681 0.0875868049924197 0.248107971606335 0.58743282650666 2.22333558900406 1.07405627362267 1.23242296228897 0.343072121882722 0.927056786316534 0 0 0 0 0 0 0 0 0 0 0 0 0 0 0 0 0 0 0 0 0 0 0 0 0
13.2837339716929 0.215143171887045 0.264642681449814 1.84364859252333 8.97676062020288 12.5473449965197 0.633066012199053 1.06471717129235 2.25949913164045 0.0626322752520673 0.301406450346759 2.68446714125055 2.31296526903111 8.57902323123233 5.85544137554425 2.02798894504548 2.17109829519333 0.467542935684658 0.0807176482924822 0.215405951599549 7.90432315790617 5.25752495032092 5.99342803820323 1.26619105324833 11.7373484506095 0 0 0 0 0 0 0 0 0 0 0 0 0 0 0 0 0 0 0 0 0 0 0 0
3.76009484006258 0.811524113657665 1.68737460742682 2.31440069814598 3.43803299026092 2.51593016413895 4.83866126876824 5.57336263575051 1.1980517561926 2.21214607292871 1.32888566872498 1.17972387534914 6.88355826598022 3.8552046239947 3.22129918597493 6.95818309657082 3.22665758588118 1.54086030331521 0.913487408953515 4.55800051336195 6.74472289110111 3.89186943744685 2.06980320363879 2.38366395502691 3.0153841766376 5.51260534848894 0 0 0 0 0 0 0 0 0 0 0 0 0 0 0 0 0 0 0 0 0 0 0
3.21676298042283 0.460400395380602 0.874217984923968 2.62685548089606 0.867450171973374 1.81305318742706 6.30752295184396 0.998284926786602 0.64439400828852 1.18315434303179 3.25209186707109 1.66613754159167 0.98802608627774 0.302329137592728 2.33141571676846 2.8042722028411 4.10512044099084 3.62659880962615 0.0108660110295548 6.11615034733286 3.29030871450501 6.36084313365746 6.53885236139783 1.9230953609772 1.42687845086781 3.06978586628441 3.43880196700848 0 0 0 0 0 0 0 0 0 0 0 0 0 0 0 0 0 0 0 0 0 0
6.05354021500651 1.38987064551428 0.827953927316916 2.13991230489043 0.644870004886014 9.0523796782579 1.51608454721891 0.294193934884999 1.13919967853748 0.22933509811126 0.770182367320978 1.13430561586847 1.89246026354375 2.4229399581247 0.923898935787776 1.46903127091269 2.08118261733707 3.32147422714309 4.91792993456398 0.178942964579136 0.890522463792506 1.25192629584367 0.982588063438803 4.12356806092068 0.137346071051868 0.0157135774616263 1.64443229343019 1.41651451122448 0 0 0 0 0 0 0 0 0 0 0 0 0 0 0 0 0 0 0 0 0
1.32900641929484 1.73078685669866 3.09151409028801 3.58054837339337 2.86287051306329 1.17940038730287 0.143405458223779 1.23741783603536 0.450740332750808 0.908416902745854 3.25422415083643 2.30879129005998 4.61381224687 0.0614989346244838 1.45170126143152 0.851155376439871 4.7181591504925 6.42059088279234 1.32157572087174 4.34754182605491 1.56729427462718 3.7336256957615 2.63612613887776 0.285409606527373 9.44842775928122 1.06554041712686 0.799098028009535 2.1348658453466 5.69169609853475 0 0 0 0 0 0 0 0 0 0 0 0 0 0 0 0 0 0 0 0
6.88093927100187 0.712059714139975 0.483734746246789 3.10280491136774 5.31820212571336 0.733396704471839 2.29395800907945 2.51820542822236 0.186506871294583 0.486492285717872 3.4817394314893 3.37789972981986 3.65730294191023 3.33339961478403 0.675613178933778 9.10637911576391 2.08152324269202 1.44202982232717 3.04675684588851 3.8074296177617 0.77440200487833 1.33776188278069 2.46231073014315 3.28997148316799 1.72620291909163 0.742332320495096 4.09023912440726 2.25518775156412 3.52364626821992 3.85317380758227 0 0 0 0 0 0 0 0 0 0 0 0 0 0 0 0 0 0 0
5.63534638970625 0.225644500077709 1.56400172968766 2.51952677484808 0.155012532481797 0.730671552578506 1.31407545526446 0.240221273146005 0.557513452191354 0.109131102662509 2.27818699941836 0.253570603986184 1.02457253189668 1.28840625486707 8.80620823902624 5.38800423116757 3.07137671414214 0.575323334295441 2.18323194840725 1.457121613403 1.31589224473325 0.0701444414839012 4.56394555213865 2.95479456265568 3.88189625228343 3.7787753233671 4.45603157740381 4.20309324298657 0.354274772536683 5.97458405829551 0.207168113878458 0 0 0 0 0 0 0 0 0 0 0 0 0 0 0 0 0 0
0.601740059712201 1.30907209240909 9.48092215233724 0.685829377098616 1.19033078460077 1.13490673657313 6.68737453788914 0.0611075885631952 0.0413273788032775 4.95527928980615 1.82755250585864 2.16595312823017 7.08970282144037 0.119684375079938 1.07127607546019 2.40879412723991 0.660253032720988 0.313516526098328 0.222550666436565 7.00347199655318 2.72160136500389 3.20957492558707 0.306891792847649 3.46198697124509 1.88094486345602 5.96863685824739 1.74312007460802 0.0224038497225557 0.638453206456297 0.504653590187526 0.642574447112706 1.04516960772484 0 0 0 0 0 0 0 0 0 0 0 0 0 0 0 0 0
0.759855720690285 0.268365685227061 1.94509166475281 1.45652372733231 10.0473840493965 0.307721946878816 13.8404345342248 1.06246619235747 1.51111827441918 2.22166277741478 5.25824018677272 1.6880971495012 0.352973492656767 0.778641435781857 2.06758990715997 0.544585366942514 0.183810746627676 4.4250062000425 7.58055039805904 0.554233059796845 0.974183511645935 3.35702992103123 0.941435917733874 3.02773069806717 0.98139819666417 3.83016599623621 0.506330925411877 0.0755043402571978 5.53519993144863 1.92546576880637 0.684497980931609 0.198350183350521 1.20626756920447 0 0 0 0 0 0 0 0 0 0 0 0 0 0 0 0
4.06813443123879 1.75468093346824 2.72565255801773 0.416818589766351 4.15397688070273 0.563996744679104 1.62047551298975 1.58847657132132 3.9378328546578 1.18918528624019 4.22461481184747 3.08517407308489 0.670793418474389 4.16684035207137 2.75577777721244 2.62744612347426 1.64192899599084 1.89825381206713 3.52624570476 4.01200291787628 1.15343284507944 0.515864651483981 1.53541542142123 2.33202935359946 2.14329568329274 4.10416147400865 1.42992946546244 0.670747193367403 0.0932517943505879 1.75628350154846 0.184990939213984 7.61621079892731 0 0 0 0 0 0 0 0 0 0 0 0 0 0 0 0 0
1.93286286434788 1.54209348334462 8.89087187461728 1.99117046795596 0.0916251412091254 0.275429247330066 1.83038261362122 2.31423633607931 2.8330053139075 6.71611943201325 6.67831257817239 1.47319059527891 5.30279299972838 0.61852489905747 14.470354841421 1.80254856629474 3.45892463629464 1.24547307229211 4.21921919294424 2.61911675816843 0.863418244158598 4.49579326961539 0.69892580762627 2.23358437974418 2.61729329008616 2.94667168481914 5.56359062398525 1.11371489544511 1.38619827858459 1.76510812638414 0 0 0 0 0 0 0 0 0 0 0 0 0 0 0 0 0 0 0
0.669591067061482 0.806967712751262 4.12920061790521 1.62905881488327 1.67102364763756 2.2042387281631 2.83062020399504 2.06199806999511 2.16299984179563 0.316479760347731 0.191285160429757 7.76563723303941 3.79606978503235 1.25567202946767 5.05627399418685 0.142167150121291 0.974323855339937 2.15885022861893 8.10765745240701 1.95752628083835 0.133347892517794 2.26086486036305 1.33732677377931 0.938422768442941 0.529130048085118 8.18085972499588 2.35128866944482 6.41022311509123 0 0 0 0 0 0 0 0 0 0 0 0 0 0 0 0 0 0 0 0 0
0.0870856325549296 4.83978664316068 5.45891840481376 2.2500391995956 4.06851434132337 1.63601772187983 12.6242595595414 5.06557161056512 1.1923912387347 1.06692114717939 0.354276424803336 0.273503232655793 2.53439762200991 1.538903272114 0.968000600804859 1.449061912636 0.351626284765662 1.10876311149969 5.52526144451422 2.63001890959621 0.67474114583544 1.09489900583565 5.12591658983094 3.32033789780974 1.49899735888237 0.0200674823884768 0 0 0 0 0 0 0 0 0 0 0 0 0 0 0 0 0 0 0 0 0 0 0
0.393936188721996 10.409615113698 4.62075933462217 3.51834307816202 2.33633996380136 0.49341025924667 2.89925807506154 1.9502671617675 0.147472159884979 0.217348369588671 0.00970626927208514 1.29637280932967 1.55551954990236 0.57831558702832 1.82233430102644 3.76557730219383 1.22629676618719 0.307996779120051 0.471487990240446 2.13023874722341 0.456388781242407 0.714493462608079 1.92474392438474 0.674329226592466 0 0 0 0 0 0 0 0 0 0 0 0 0 0 0 0 0 0 0 0 0 0 0 0 0
1.69250138389483 1.17208921671806 2.16798787418448 0.893358351335101 0.854856558989336 3.35496836923114 2.66675965275201 0.288972749704643 2.24594793871009 3.00864307470834 3.75671085525684 3.13711899672271 2.6987378059578 2.38191613495054 1.34664219762294 3.00323399065481 0.272081028958385 0.119764023615692 1.04345776267549 1.42974733925259 3.99932868478302 0.787155076144725 0 0 0 0 0 0 0 0 0 0 0 0 0 0 0 0 0 0 0 0 0 0 0 0 0 0 0
0.533673661651606 2.69352074174412 4.59600507886463 0.309924542002888 7.31400636152225 1.34371685894363 1.42269930300773 4.92721167327266 0.835671945708296 0.54334286544581 4.22090503990835 4.15987671234811 0.00736894234401726 0.471781618276737 4.27677994755809 0.722839944296426 1.20312243862808 2.48395288660457 0.624506118781325 3.19621731140042 0 0 0 0 0 0 0 0 0 0 0 0 0 0 0 0 0 0 0 0 0 0 0 0 0 0 0 0 0
2.06069428324184 3.29698212916675 1.73887473030004 8.31863402086608 14.7122259876255 2.77481106056542 0.469708152095007 0.844765993007391 3.97128876518705 2.88938785944049 3.89171914406736 1.00735590007568 2.15837105575992 0.939837050610293 0.447116498076527 1.17914234409703 0.0367435651476407 1.60527015216161 0 0 0 0 0 0 0 0 0 0 0 0 0 0 0 0 0 0 0 0 0 0 0 0 0 0 0 0 0 0 0
2.09932766516174 7.55563066984024 5.4127726400321 0.999826539640296 3.10117479923986 0.201709612878921 0.668686680542985 0.93045525750541 0.270904691319906 0.886069824010709 1.60928720869483 1.33243080711889 0.596833668072551 0.943606468430551 2.6529218349019 0.942319121722627 0 0 0 0 0 0 0 0 0 0 0 0 0 0 0 0 0 0 0 0 0 0 0 0 0 0 0 0 0 0 0 0 0
0.661454207530452 1.31973625938312 0.688234250936598 3.07469194128496 1.85634734979272 3.45514008455963 2.83120269372864 1.6113214284583 2.19917670686035 4.03786362037966 0.907438282027675 1.05607452116728 1.97888391528774 3.88269873609315 0 0 0 0 0 0 0 0 0 0 0 0 0 0 0 0 0 0 0 0 0 0 0 0 0 0 0 0 0 0 0 0 0 0 0
2.3406251580815 5.18969457971011 0.11164290534246 0.53198608142166 1.801279389957 2.03004226512715 2.42713799300991 2.60681711788865 0.108229863349658 0.423730290817652 3.19502336420582 0.0915201682428008 0 0 0 0 0 0 0 0 0 0 0 0 0 0 0 0 0 0 0 0 0 0 0 0 0 0 0 0 0 0 0 0 0 0 0 0 0
7.07754075641585 0.368132977179558 0.262811277170801 2.04655391199017 4.55708940504739 1.37892419353071 0.897102756257007 0.687569515291537 1.12691079233439 0.10353948792817 0 0 0 0 0 0 0 0 0 0 0 0 0 0 0 0 0 0 0 0 0 0 0 0 0 0 0 0 0 0 0 0 0 0 0 0 0 0 0
3.71918658562672 1.29716919175089 0.554696111617168 3.22055091433355 4.1983535309711 4.09684964666703 0.16809651093927 1.05556907499598 0 0 0 0 0 0 0 0 0 0 0 0 0 0 0 0 0 0 0 0 0 0 0 0 0 0 0 0 0 0 0 0 0 0 0 0 0 0 0 0 0
2.64239084810869 0.460016418808894 1.04990306737247 0.406852814107991 2.1245713508218 1.6631979836809 0 0 0 0 0 0 0 0 0 0 0 0 0 0 0 0 0 0 0 0 0 0 0 0 0 0 0 0 0 0 0 0 0 0 0 0 0 0 0 0 0 0 0
3.7793596835963 6.97972722673736 0.846658546346896 0.481763433894788 0 0 0 0 0 0 0 0 0 0 0 0 0 0 0 0 0 0 0 0 0 0 0 0 0 0 0 0 0 0 0 0 0 0 0 0 0 0 0 0 0 0 0 0 0
3.73432496117201 0.302530496177104 0 0 0 0 0 0 0 0 0 0 0 0 0 0 0 0 0 0 0 0 0 0 0 0 0 0 0 0 0 0 0 0 0 0 0 0 0 0 0 0 0 0 0 0 0 0 0
