0.252108939482736 0 0 0 0 0 0 0 0 0 0 0 0 0 0 0 0 0 0 0 0 0 0 0 0 0 0 0 0 0 0 0 0 0 0 0 0 0 0 0 0 0 0 0 0 0 0 0 0
6.00192521480254 0.506961630666436 0 0 0 0 0 0 0 0 0 0 0 0 0 0 0 0 0 0 0 0 0 0 0 0 0 0 0 0 0 0 0 0 0 0 0 0 0 0 0 0 0 0 0 0 0 0 0
3.3527239889271 1.7505484516008 0.418685671234317 0 0 0 0 0 0 0 0 0 0 0 0 0 0 0 0 0 0 0 0 0 0 0 0 0 0 0 0 0 0 0 0 0 0 0 0 0 0 0 0 0 0 0 0 0 0
1.7213529126642 0.365315461458999 2.19102938225257 0.255728778270564 0 0 0 0 0 0 0 0 0 0 0 0 0 0 0 0 0 0 0 0 0 0 0 0 0 0 0 0 0 0 0 0 0 0 0 0 0 0 0 0 0 0 0 0 0
0.493110941297465 0.884506448272083 12.8442568809496 4.04265622663951 1.80227173461224 0 0 0 0 0 0 0 0 0 0 0 0 0 0 0 0 0 0 0 0 0 0 0 0 0 0 0 0 0 0 0 0 0 0 0 0 0 0 0 0 0 0 0 0
2.88598164436239 2.62632643790644 0.656496102007025 0.777665529078921 0.813905709675485 0.481348305733174 0 0 0 0 0 0 0 0 0 0 0 0 0 0 0 0 0 0 0 0 0 0 0 0 0 0 0 0 0 0 0 0 0 0 0 0 0 0 0 0 0 0 0
1.19847219587303 5.27026957538656 2.97375270593752 2.07755766666659 5.46893980872666 1.70138711623962 4.50466842578375 0 0 0 0 0 0 0 0 0 0 0 0 0 0 0 0 0 0 0 0 0 0 0 0 0 0 0 0 0 0 0 0 0 0 0 0 0 0 0 0 0 0
0.653533734369689 7.02618709530553 0.417800068697708 1.75171987367077 0.136180610126453 4.54131565900613 2.08059270618965 1.08487049675106 0 0 0 0 0 0 0 0 0 0 0 0 0 0 0 0 0 0 0 0 0 0 0 0 0 0 0 0 0 0 0 0 0 0 0 0 0 0 0 0 0
3.08250861811007 4.69426277251449 5.07645981641679 1.27710560624091 1.73875900046555 0.943943149203278 8.22876959876959 9.45111539344973 2.78111493303657 0 0 0 0 0 0 0 0 0 0 0 0 0 0 0 0 0 0 0 0 0 0 0 0 0 0 0 0 0 0 0 0 0 0 0 0 0 0 0 0
4.45413718506592 2.65042952101337 5.38581918942506 11.9063287186099 0.0130665838460441 4.9057802252081 1.92718737357403 0.193585372991765 0.950330563707315 1.56561459946463 0 0 0 0 0 0 0 0 0 0 0 0 0 0 0 0 0 0 0 0 0 0 0 0 0 0 0 0 0 0 0 0 0 0 0 0 0 0 0
0.686371228308114 1.62910770231649 5.41581104586664 1.92468688086881 4.40127222499964 0.527437947254281 3.73760329254859 0.871326467919194 0.264882428977937 1.83324465421708 0.0748567044261716 0 0 0 0 0 0 0 0 0 0 0 0 0 0 0 0 0 0 0 0 0 0 0 0 0 0 0 0 0 0 0 0 0 0 0 0 0 0
5.92096113529291 3.27199268256998 1.09009393120933 1.69224944618115 4.0187368943834 9.37596300462988 3.83582251251566 4.424309389639 1.07614758193481 3.78106667498922 1.71048162011497 1.08225015346114 0 0 0 0 0 0 0 0 0 0 0 0 0 0 0 0 0 0 0 0 0 0 0 0 0 0 0 0 0 0 0 0 0 0 0 0 0
5.92119535357441 2.94966096798825 5.95645796406607 7.43875427922928 4.02328672415141 2.23745448033883 4.80641560525871 1.3766667619728 3.78471312810807 0.114080057352646 0.320229855269709 0.981320829115093 1.22473330959597 0 0 0 0 0 0 0 0 0 0 0 0 0 0 0 0 0 0 0 0 0 0 0 0 0 0 0 0 0 0 0 0 0 0 0 0
0.923643450270359 1.75799069133918 10.578635584383 0.203294716206311 1.83954491403669 0.776047658116608 1.09724369100085 4.27076265872868 2.40772508281933 7.21610292618062 1.16929711013673 1.78660840223467 6.29796544687987 6.89320465707564 0 0 0 0 0 0 0 0 0 0 0 0 0 0 0 0 0 0 0 0 0 0 0 0 0 0 0 0 0 0 0 0 0 0 0
7.25813332125475 1.34512304985807 3.85903607004353 1.29905556698033 7.74695022764632 2.68471527634071 6.79047632889303 4.42294282247603 5.44452243258538 2.31530545150152 8.7246133406494 0.0259066109812327 3.13367635486882 0.784082511046448 0.181184368088247 0 0 0 0 0 0 0 0 0 0 0 0 0 0 0 0 0 0 0 0 0 0 0 0 0 0 0 0 0 0 0 0 0 0
1.88163933755648 4.31469096959873 12.2537595847305 5.45766489133328 8.44052951339714 4.4042089568212 8.54882329465764 5.44706624944714 10.3821791859484 17.5595639979527 3.13974713524828 3.943920870968 2.00345428177496 10.7989205197534 8.06065841058554 7.50542156120026 0 0 0 0 0 0 0 0 0 0 0 0 0 0 0 0 0 0 0 0 0 0 0 0 0 0 0 0 0 0 0 0 0
7.06258951129524 0.428612880168805 5.34159903578409 1.18272319481823 0.408172301509535 4.25409023401545 1.58043779327651 0.609738326671657 0.657450715828222 3.41618496986663 1.97180665182113 4.93366061198055 12.572151411578 4.99438828840871 2.18345989849964 1.32174990826301 0.478289582949408 0 0 0 0 0 0 0 0 0 0 0 0 0 0 0 0 0 0 0 0 0 0 0 0 0 0 0 0 0 0 0 0
4.81728824450118 0.889880586814431 0.719721121098948 2.57075110853721 9.9374422711642 3.73664703103281 7.46492178378013 0.298245313296351 8.10286110827302 0.391624623688991 3.93114900686351 4.92836216274491 3.37612814944348 6.44235571653403 2.57879634104983 6.57427505964087 8.03075122668295 4.61582382334907 0 0 0 0 0 0 0 0 0 0 0 0 0 0 0 0 0 0 0 0 0 0 0 0 0 0 0 0 0 0 0
3.15295190765127 4.37805262704729 3.29067869281668 1.30253410019864 1.25487061596948 3.03231792367045 1.98083285499594 0.859995344997671 1.57987551263616 2.55760972360961 1.35859002836532 2.09918812899225 2.62989781345286 0.831309826163263 4.4101167205615 5.04494525169524 1.06727149023907 3.12412535582674 2.14333758977055 0 0 0 0 0 0 0 0 0 0 0 0 0 0 0 0 0 0 0 0 0 0 0 0 0 0 0 0 0 0
2.10440712800142 5.49611847555297 6.09348725714148 0.588566817155236 6.25979928613013 2.16504315742975 1.27429976447244 0.508770565917228 0.961960538366299 6.36950044596638 4.68607529937781 1.36188012187356 2.36182910446249 1.97586733118416 1.6986117369754 5.92799051502872 0.912638467989254 5.63677292221555 2.05299694463292 1.1215038487824 0 0 0 0 0 0 0 0 0 0 0 0 0 0 0 0 0 0 0 0 0 0 0 0 0 0 0 0 0
1.63099831801466 0.427043576458943 1.32109022136578 1.10125511754911 8.78395370851972 0.468967419263171 1.33762959097872 6.30465553807613 4.67718462451869 7.04447436279105 0.560067521706377 3.93620628277 3.65174951017968 1.82090668244999 10.0177304589712 8.86628019639946 1.5368434861152 0.471026025682206 6.26442354128277 9.5784015380392 0.131259749988206 0 0 0 0 0 0 0 0 0 0 0 0 0 0 0 0 0 0 0 0 0 0 0 0 0 0 0 0
3.52558854628594 3.46587077900386 7.11538046076737 2.48787286459216 1.46216123571318 0.210641845478014 0.259721418668093 4.45831169259988 1.11707493082925 0.971092557696348 2.06225707965175 2.8927524922398 6.86088403293701 0.533268941380399 1.70136053664153 7.96522928738719 2.05127077630871 8.13610842848076 8.98538928628336 5.26723008671494 7.17735132094639 6.93493459444746 0 0 0 0 0 0 0 0 0 0 0 0 0 0 0 0 0 0 0 0 0 0 0 0 0 0 0
0.953673249002853 0.716065418979865 2.68589734614641 2.73936106157466 4.88717524327155 3.64629823534711 14.460320177508 4.54790572126499 0.835138623409324 1.88831789132531 1.90620313560256 11.5520034569349 11.9245785975143 5.72149481310447 1.13353510770335 2.66850726734029 0.803201109539766 9.16387599332925 2.71836148474043 2.01225424015397 4.20977828975873 2.24887226232813 3.7134753893054 0 0 0 0 0 0 0 0 0 0 0 0 0 0 0 0 0 0 0 0 0 0 0 0 0 0
5.05474658336099 6.76958958830189 2.81413635321365 0.80509099922998 1.91938736401947 3.27929991814593 7.75607138284115 1.97022599023703 4.80150173546151 2.42133542423425 0.845418473987747 4.10012560471445 4.12208925169308 2.62135687375584 3.42182574238364 7.83991682551326 1.50128559088308 3.63346706427144 4.26383260359302 9.53096319746404 7.90266558635421 2.76917663547442 0.516805095612597 5.92820999446069 0 0 0 0 0 0 0 0 0 0 0 0 0 0 0 0 0 0 0 0 0 0 0 0 0
1.15788906981721 2.79479992053188 2.09639156413963 0.252743705334903 4.23645801139004 6.11725141816564 0.874542596924922 0.735789146512883 2.48541976766575 1.59541929152461 1.97857550120195 8.19749279206669 0.55697840171056 0.588051264537632 8.08369720879764 9.1948014303623 1.72408762554769 7.0826158525407 8.99389421829873 10.9079318564275 6.25577801532969 1.06925045426995 5.03301134655682 2.20623665399476 0.467212606601609 0 0 0 0 0 0 0 0 0 0 0 0 0 0 0 0 0 0 0 0 0 0 0 0
5.83983694051584 2.7094166021002 4.47055775859542 12.0501276664611 1.28940935885072 2.5807859069828 4.47716512421488 0.561074913065487 0.223351054008997 1.10933486672985 3.69499105126521 1.29227255116149 8.28369307346165 4.69353176354203 0.351614674874796 2.94158272197142 5.67603267191431 0.0704082186994409 1.75859923432918 2.78623874050136 7.03750186331857 7.54402558772791 2.90553058073116 4.78980729230101 0.915464457102434 0.0435558328580386 0 0 0 0 0 0 0 0 0 0 0 0 0 0 0 0 0 0 0 0 0 0 0
2.21959055186552 4.08903833523531 13.2009492543455 2.32428474820679 4.02492045048623 0.717501418143123 4.32802295721728 2.25773793898829 1.66305148017444 5.03078046558109 0.825882643513525 1.86955379174514 3.66047117559957 8.46235346559734 3.91782674627468 4.22550746737454 1.2515014762961 3.94303367369872 0.101844890987734 1.78654131561751 1.01389873283518 3.57565446781005 6.30555985239611 0.398816566500113 5.41068749981961 7.48885279379848 0.291591541766285 0 0 0 0 0 0 0 0 0 0 0 0 0 0 0 0 0 0 0 0 0 0
3.73062957716271 2.62981717340929 1.75426079991344 4.47370750182013 1.17414376030582 1.93871065584891 4.2500390331431 2.18531738627508 0.196613551914526 2.39916593478503 3.49682979062976 3.10613511568708 4.35321334144812 5.77477439717773 1.99654394580625 4.63050977137313 1.46367217802697 1.83860997986246 4.98225390316034 2.00270959431182 4.1772451031606 2.41984594739098 3.66787435995721 1.09900440275679 2.77820353630992 0.156658646566414 0.828083226983573 2.75374384805697 0 0 0 0 0 0 0 0 0 0 0 0 0 0 0 0 0 0 0 0 0
6.6605493865257 0.142760682414443 5.83280429233029 2.88800095146718 1.49262125665418 10.8529753990229 1.51508161223199 6.9408078987307 0.683076964909475 5.47664820941332 2.07332492367693 5.02824814167598 2.75239317661013 3.90117385340437 2.69833124906895 4.10458155113618 3.37922465749967 3.80499180363566 0.735999150613052 1.0902743803858 3.06768517297791 1.36105695562828 5.18007987418306 1.29066285392331 6.01926730029082 0.458421259951167 1.56409264555101 3.42402675252293 1.23857516849268 0 0 0 0 0 0 0 0 0 0 0 0 0 0 0 0 0 0 0 0
0.651120524165816 0.38709645166667 3.16739815116529 2.50762418379707 4.54732158414834 6.11274521906516 5.21450981161139 5.96502013397114 0.681864587943795 2.41373495901637 4.10129918603071 5.16391907818827 8.84267122976408 1.57747630026528 1.93774752928514 7.68698058338262 0.533881876339459 10.3141074244362 4.37374636412877 0.682604123839761 0.658286184760635 5.60134149014419 12.5319269137367 2.17990096358767 2.09266891568955 2.59829915322381 0.821489372721889 4.46654446355656 7.86453900652895 0.912161345593112 0 0 0 0 0 0 0 0 0 0 0 0 0 0 0 0 0 0 0
4.77593536114003 4.76771939385033 13.5142278883718 2.15478069992488 2.00049899373948 5.06270596268607 6.35725353317258 0.187956064893113 6.88640321779116 7.06450615437742 0.483473285069415 1.37212119663805 0.145798179032395 4.23197434195583 5.68124721403198 11.7898417774378 1.74687311602628 10.7843026025455 4.79888077308164 1.89116747446781 8.91683602724562 3.20642445682783 0.47291421252999 11.3871374010037 11.9457390330771 0.44704936065933 0.545021634140812 2.03884703748876 3.17286101264164 1.91119317678701 3.26844027673916 0 0 0 0 0 0 0 0 0 0 0 0 0 0 0 0 0 0
0.446073773511493 2.11712766327804 1.20770277920075 1.46220531305227 3.92568025525127 7.99195212363031 3.35429611904161 3.29510978907175 0.0233788352570694 4.78095823962862 1.37257361841342 5.80843517807483 1.35460697359795 5.0495213373716 2.51000727731344 2.29739979503843 0.488606838290649 0.344677786742084 0.845965540409115 2.6986657129738 3.8303779183177 3.4529711453914 2.68257584311889 0.530610685673467 0.618690936380529 4.31968964311178 4.52680598633535 2.268694452836 2.22510302556556 1.81439123953461 5.08656678797604 0.540747853443357 0 0 0 0 0 0 0 0 0 0 0 0 0 0 0 0 0
3.04584775960348 0.06203690916419 3.48182647488012 1.73271471082714 2.37411645787153 0.0626185448875761 11.930470783428 3.20309248492854 4.78843317089951 6.48161913040955 0.886294917192192 2.60780582825133 3.77484331910963 6.40838602724414 3.66755770611802 13.1074288388139 5.4172849293486 3.83039296643363 3.67591728550584 0.0142594902502944 3.88234900235572 10.2413425126117 1.33872876321802 4.98853495354735 3.51462707395073 2.18018219109998 2.72240207610775 0.593230990763598 2.59233769200654 2.51079235836904 10.2546812567329 0.726635332700434 5.51100281591881 0 0 0 0 0 0 0 0 0 0 0 0 0 0 0 0
9.66207870965109 1.61986831912784 3.2802681117801 1.70473639655506 4.71950942190609 3.08671202709917 1.42793248289716 0.565068424625162 7.50386370264012 5.17555454822335 1.98100594410467 2.58117589800803 1.93088700845311 2.45517973953074 0.595589908986904 4.92292199060786 4.60361145457053 6.26196422367801 0.606140345213131 3.76653821090959 7.31830229789958 15.2444873113556 5.34032038490847 4.89413306740235 14.5344009229367 2.0258756266233 0.106056944257826 1.25803373728929 6.405848224533 8.25440062139361 2.26044144148833 0.505559900645583 0 0 0 0 0 0 0 0 0 0 0 0 0 0 0 0 0
3.05267814127262 11.2179706413067 2.3296535052279 2.8073769318433 0.579345280620747 6.79948571588444 5.98551681131117 2.0737401835534 2.05075547370289 5.68115691807029 0.415750897726322 4.39226442777378 12.7024593742193 1.63537490353501 0.973859535579962 2.09433056616051 3.81519508899949 1.47646889495339 1.73304567165073 0.697043928377663 8.45073739139159 2.7423060578687 6.72488033337958 1.311176822738 2.33127741746707 9.64710011561393 3.98725853770114 11.8515925131981 3.67050025134416 7.04528068862551 0 0 0 0 0 0 0 0 0 0 0 0 0 0 0 0 0 0 0
4.09522340531146 2.83890660058337 1.5337338828078 2.16532701903198 9.99687733984679 2.17112138882646 8.13575490566472 3.14561097131657 16.7122882865488 5.7597617573749 6.68995791053811 7.10364475458873 2.68486290541984 3.12109380822951 12.6291371064837 3.86755222368213 3.46992319068638 0.418133667940567 9.29622687290396 9.10934234035084 2.88612674813633 9.98149083710991 6.76920752268721 15.9447266958133 1.97969748657477 3.5077073899197 5.47021853865474 0.449598981630352 0 0 0 0 0 0 0 0 0 0 0 0 0 0 0 0 0 0 0 0 0
0.86349589503355 2.42953505854124 4.56981172347217 1.69362071356272 0.823094436341253 3.92973372831682 2.37638244594444 1.0100522637057 3.45473160649326 4.48644862227708 1.5594834575255 0.483964167729717 5.52732289910367 1.89049407636094 0.193086281724174 10.0873858346268 0.328686393523295 3.22791654133415 5.66678719318419 5.27365061701104 8.44148233939166 1.03057770211402 4.33530749855727 0.0258152125250645 0.385339679509045 8.09412116692119 0 0 0 0 0 0 0 0 0 0 0 0 0 0 0 0 0 0 0 0 0 0 0
2.80631594344686 4.38388524809138 4.6287945427672 4.68396471229078 0.631020355294592 1.83140350589124 1.02579806716076 3.84598923846735 0.539215896984928 3.99490966691668 0.789952838401512 0.139797803085102 5.50810043003376 0.222820972808078 1.67744767444223 3.38708663062543 0.400730946850191 4.50824968293409 0.142328824059538 0.660248702521232 1.38090256935349 0.61069479829399 14.5529822699269 0.375015928156903 0 0 0 0 0 0 0 0 0 0 0 0 0 0 0 0 0 0 0 0 0 0 0 0 0
1.93345205144493 1.78282755290812 0.953193562869115 5.29960320511564 2.94251848415243 5.86832877801116 3.2312440418959 1.86586449674555 5.85048889656349 0.958365943236221 0.688732045549748 1.75722775185854 1.81584219445267 6.05860699823296 2.1871068496422 5.76462950457791 3.01038286094348 3.80878843216073 4.30245269855718 4.35646013915272 3.88531604546532 0.35894707777459 0 0 0 0 0 0 0 0 0 0 0 0 0 0 0 0 0 0 0 0 0 0 0 0 0 0 0
3.9140969480788 9.21150356921831 4.91216093671016 5.79417472415135 3.01384993071901 2.10141788452887 3.56147498982878 3.46559884578706 12.6829445300497 0.269936994615751 1.5196437669589 2.44310391731613 3.98349162703151 4.19924899972023 4.34955561828212 9.44073262665497 1.76158609117271 7.18559548437128 3.6090260363182 3.01024295376999 0 0 0 0 0 0 0 0 0 0 0 0 0 0 0 0 0 0 0 0 0 0 0 0 0 0 0 0 0
4.12965825650676 5.09385239652382 3.74544819686489 2.51679793246414 4.6084399413738 8.34436428160503 4.60824754028308 2.83481868783904 8.24290101234768 4.85867592421935 1.32899809132522 5.51706263362628 0.898742883834443 3.9844720149635 6.65427021987412 3.9910954513039 3.87057519929956 2.00410177217859 0 0 0 0 0 0 0 0 0 0 0 0 0 0 0 0 0 0 0 0 0 0 0 0 0 0 0 0 0 0 0
5.38804133515897 6.73429787610031 4.37627357497639 1.52223279841468 0.370885521154118 2.33734647373312 5.97428728726695 0.193731814108138 3.08136604635356 0.632683489854958 0.614071944878017 2.92552950202869 7.92331478965817 1.34116634740838 1.719396135984 10.2977808316455 0 0 0 0 0 0 0 0 0 0 0 0 0 0 0 0 0 0 0 0 0 0 0 0 0 0 0 0 0 0 0 0 0
1.28199135807696 1.98979571631954 1.24879942034122 1.65238710713807 1.95171952903034 1.19837130600065 1.5274593311274 1.18423432972517 1.92622725049389 2.10629719142536 1.40384136301186 4.72851178268329 4.50858946421626 2.53461684530598 0 0 0 0 0 0 0 0 0 0 0 0 0 0 0 0 0 0 0 0 0 0 0 0 0 0 0 0 0 0 0 0 0 0 0
3.63242232218292 3.40042500045354 3.38853528848865 0.133315831605987 8.93317609405212 5.43782657080858 5.59282389017708 2.74498783279576 3.45902112845143 6.13880450175192 0.412087908043763 6.98113969273578 0 0 0 0 0 0 0 0 0 0 0 0 0 0 0 0 0 0 0 0 0 0 0 0 0 0 0 0 0 0 0 0 0 0 0 0 0
3.71825010323711 0.887211976838738 1.17473073676997 2.86815471126228 0.535853042034324 0.126059094681336 7.35022342569604 2.24596995915743 4.20916800241178 3.90082117398432 0 0 0 0 0 0 0 0 0 0 0 0 0 0 0 0 0 0 0 0 0 0 0 0 0 0 0 0 0 0 0 0 0 0 0 0 0 0 0
0.661661527800499 2.92900040749438 7.79869805237456 0.597052922657928 0.661244744615894 4.7644247337273 4.37936543241716 2.46696595040794 0 0 0 0 0 0 0 0 0 0 0 0 0 0 0 0 0 0 0 0 0 0 0 0 0 0 0 0 0 0 0 0 0 0 0 0 0 0 0 0 0
4.17639126185991 0.296232252637858 1.31193790657224 0.313012373340104 6.6748546995501 2.18258851483437 0 0 0 0 0 0 0 0 0 0 0 0 0 0 0 0 0 0 0 0 0 0 0 0 0 0 0 0 0 0 0 0 0 0 0 0 0 0 0 0 0 0 0
2.01021830081974 0.83581380185756 4.05980682695848 0.802001465449363 0 0 0 0 0 0 0 0 0 0 0 0 0 0 0 0 0 0 0 0 0 0 0 0 0 0 0 0 0 0 0 0 0 0 0 0 0 0 0 0 0 0 0 0 0
1.12192395585877 0.500555341502526 0 0 0 0 0 0 0 0 0 0 0 0 0 0 0 0 0 0 0 0 0 0 0 0 0 0 0 0 0 0 0 0 0 0 0 0 0 0 0 0 0 0 0 0 0 0 0
