5.46832580466911 0 0 0 0 0 0 0 0 0 0 0 0 0 0 0 0 0 0 0 0 0 0 0 0 0 0 0 0 0 0 0 0 0 0 0 0 0 0 0 0 0 0 0 0 0 0 0 0
1.87070069457297 5.86177909958856 0 0 0 0 0 0 0 0 0 0 0 0 0 0 0 0 0 0 0 0 0 0 0 0 0 0 0 0 0 0 0 0 0 0 0 0 0 0 0 0 0 0 0 0 0 0 0
0.513979214499249 0.620297177524344 0.205225256855596 0 0 0 0 0 0 0 0 0 0 0 0 0 0 0 0 0 0 0 0 0 0 0 0 0 0 0 0 0 0 0 0 0 0 0 0 0 0 0 0 0 0 0 0 0 0
0.334853274245466 1.97262771658015 4.18974497521203 0.616208087410408 0 0 0 0 0 0 0 0 0 0 0 0 0 0 0 0 0 0 0 0 0 0 0 0 0 0 0 0 0 0 0 0 0 0 0 0 0 0 0 0 0 0 0 0 0
4.68246120913645 0.577253261253845 0.907246912871024 4.04719258126671 0.784338449112379 0 0 0 0 0 0 0 0 0 0 0 0 0 0 0 0 0 0 0 0 0 0 0 0 0 0 0 0 0 0 0 0 0 0 0 0 0 0 0 0 0 0 0 0
0.830788583485186 2.0866568334272 1.18282944901596 1.32787148444571 4.35055008081744 2.45168233365462 0 0 0 0 0 0 0 0 0 0 0 0 0 0 0 0 0 0 0 0 0 0 0 0 0 0 0 0 0 0 0 0 0 0 0 0 0 0 0 0 0 0 0
2.56115549475886 1.91446561283704 0.766212474806934 1.01284358084869 1.81366302626405 7.73053770543596 1.65352946240678 0 0 0 0 0 0 0 0 0 0 0 0 0 0 0 0 0 0 0 0 0 0 0 0 0 0 0 0 0 0 0 0 0 0 0 0 0 0 0 0 0 0
0.628304815125455 2.91881112809512 0.271945830400859 1.31957598442014 2.85478154579639 1.33052084416651 1.19387686324796 2.83381825069713 0 0 0 0 0 0 0 0 0 0 0 0 0 0 0 0 0 0 0 0 0 0 0 0 0 0 0 0 0 0 0 0 0 0 0 0 0 0 0 0 0
0.24760253831321 1.41080199530254 1.9420558073377 7.30952274578498 4.82378352738948 1.29273266101931 0.692864044758899 0.436048485304578 1.75701910234759 0 0 0 0 0 0 0 0 0 0 0 0 0 0 0 0 0 0 0 0 0 0 0 0 0 0 0 0 0 0 0 0 0 0 0 0 0 0 0 0
1.58906144041305 2.82626148509127 1.10166721106744 5.35002600832673 0.00251674211673749 1.63320284184562 0.637238539113841 0.657360834546714 2.63716773562304 4.10411554531701 0 0 0 0 0 0 0 0 0 0 0 0 0 0 0 0 0 0 0 0 0 0 0 0 0 0 0 0 0 0 0 0 0 0 0 0 0 0 0
6.42285049307276 1.05438563666905 1.50901926312827 0.372486027525632 1.60389305247042 0.321646331820499 0.0943761420880728 2.31857777077035 1.93125120438431 1.53300918537271 4.37930270960585 0 0 0 0 0 0 0 0 0 0 0 0 0 0 0 0 0 0 0 0 0 0 0 0 0 0 0 0 0 0 0 0 0 0 0 0 0 0
0.0671198245963378 0.537355791067547 0.788027650247844 2.02370720116104 2.27511414730723 0.60478304687406 1.79166483940216 0.35089738027227 1.87178296043209 3.58327895545921 1.2852863754992 2.82256016010781 0 0 0 0 0 0 0 0 0 0 0 0 0 0 0 0 0 0 0 0 0 0 0 0 0 0 0 0 0 0 0 0 0 0 0 0 0
0.764778550610106 0.109934717236635 0.315472270848102 0.714435083032706 4.22454049480824 1.259282215596 0.593172484696612 2.88893398599807 0.474864514656518 0.959597457270634 0.668984688710831 2.46380921383998 5.31287951013125 0 0 0 0 0 0 0 0 0 0 0 0 0 0 0 0 0 0 0 0 0 0 0 0 0 0 0 0 0 0 0 0 0 0 0 0
0.99105638179783 1.11256200821868 0.243973450665707 1.3893337988471 5.03422637056167 0.190648061748859 2.44018702832597 2.26516802181678 4.5191259044111 1.16883951445188 2.70936273685682 1.29667452621852 3.21687622627026 5.97294110515377 0 0 0 0 0 0 0 0 0 0 0 0 0 0 0 0 0 0 0 0 0 0 0 0 0 0 0 0 0 0 0 0 0 0 0
0.419570349670327 0.509866452950833 0.418121104615177 1.6722909296771 3.91258652011583 1.33490301704053 0.806464226632223 3.87495435469895 1.21119352215404 1.58835108004943 4.55886679317191 8.22959547728503 0.152917841466548 4.91968359211815 1.08853322907557 0 0 0 0 0 0 0 0 0 0 0 0 0 0 0 0 0 0 0 0 0 0 0 0 0 0 0 0 0 0 0 0 0 0
0.5493456950432 0.828477296914125 0.494967277733889 2.36026954224583 0.832495044706181 3.15126779297498 3.52196684328444 1.75141976862459 1.18990453977993 1.92334738161809 0.0210744076173214 2.3480569250461 0.282395358328289 0.783907762017811 1.78561972339118 3.73161976113052 0 0 0 0 0 0 0 0 0 0 0 0 0 0 0 0 0 0 0 0 0 0 0 0 0 0 0 0 0 0 0 0 0
1.09437847252911 1.28488640692528 1.62927187002005 0.609370715675672 2.83199163018449 2.85657978122654 0.720924589768747 3.58205514535044 0.292533085766535 0.41996182434342 1.58711513668959 0.464693130202274 2.78567077555526 3.74543930321687 1.53837376544356 0.977727211478371 0.472234358102618 0 0 0 0 0 0 0 0 0 0 0 0 0 0 0 0 0 0 0 0 0 0 0 0 0 0 0 0 0 0 0 0
2.47982402030379 0.641125251915758 2.98260689018082 0.951631214934694 2.78496788422111 1.41334847088952 2.0066510363729 0.358506113827395 4.14569249359028 0.375476901689296 3.98118629916189 0.372706999331925 0.996095943386687 1.61156744836508 1.5786680611055 0.0516196673674608 2.78450192653016 2.8084851343915 0 0 0 0 0 0 0 0 0 0 0 0 0 0 0 0 0 0 0 0 0 0 0 0 0 0 0 0 0 0 0
0.1231382041379 2.08644085554948 1.15858224628264 1.84317574747762 2.56391230319722 1.88751465320089 1.32409055629678 3.50826152404583 1.67219865189669 0.187426280662048 2.6367696325745 1.91585403818214 1.94692793447043 1.47337487504204 0.767615005440833 1.01495671454104 4.18076835185168 1.10421763427629 0.432231472026483 0 0 0 0 0 0 0 0 0 0 0 0 0 0 0 0 0 0 0 0 0 0 0 0 0 0 0 0 0 0
1.78456944165613 0.452475316189809 0.838459944787563 3.81490151836176 3.35630181999452 5.64608428467734 1.36567228512058 0.0938251748437778 3.11060691307057 2.7084819997114 3.17570899289447 2.67364053579092 1.93310898977081 2.58010215067815 1.30491841824881 4.98619336632571 0.716748098306052 1.66238293861593 0.716078320726985 6.251089791995 0 0 0 0 0 0 0 0 0 0 0 0 0 0 0 0 0 0 0 0 0 0 0 0 0 0 0 0 0
0.460252302532989 3.38214732610139 0.507534328844789 2.10278749098423 2.53526619923998 3.46372168485345 0.361804353258102 1.46368903209544 4.94210080540467 0.0585796475510815 3.07950242795916 3.7634828106014 0.397978376419418 7.95201292254638 4.64479020595572 1.45964229827443 5.52967089827909 0.933809567888985 4.52643581182311 2.30510000712967 4.82771179715875 0 0 0 0 0 0 0 0 0 0 0 0 0 0 0 0 0 0 0 0 0 0 0 0 0 0 0 0
1.60629517648542 0.372952164625141 0.813635057144822 0.998058119552172 1.63444471778378 1.571658309083 0.563772526317268 7.27260911047904 2.0023258652832 4.26113771172919 4.81451357021766 0.627236826915358 0.153945501273734 0.477574122221168 0.0762633755423309 1.27551819685608 2.46992555475064 2.0534663061184 1.31516660521078 1.95503362946899 1.73820729284561 2.52389094055179 0 0 0 0 0 0 0 0 0 0 0 0 0 0 0 0 0 0 0 0 0 0 0 0 0 0 0
0.990425672913972 0.55692571096408 0.329549255045676 0.597826347554537 3.86112670512719 0.381352672506538 1.23086653184831 1.06622280592019 2.12281632951194 8.15521605488177 1.68384003372211 0.275224092188469 6.39916294931883 1.58650430735358 0.726935748149585 3.68803566736085 5.17712195786018 0.794639099715496 6.83324834012372 0.163770953459667 1.47841937253677 1.68350456849288 1.53692159111196 0 0 0 0 0 0 0 0 0 0 0 0 0 0 0 0 0 0 0 0 0 0 0 0 0 0
1.98219950387277 4.51927084915468 1.57246522322243 1.9948158078883 0.266926983327463 3.37658076797489 0.37496781154991 1.14563416899336 3.41032663932595 2.81654631582677 1.73835831302153 2.82567863490629 1.09246298045611 2.61529567194857 2.68499729766817 0.139546285548998 0.60692563293724 3.74977512405467 2.1092570909691 12.538019006688 0.420151584480462 1.26014340345239 6.45208208140801 1.63533430059658 0 0 0 0 0 0 0 0 0 0 0 0 0 0 0 0 0 0 0 0 0 0 0 0 0
10.0154608122119 0.982469052223994 0.217973089202057 0.0348263031567757 1.54712708592241 1.80921609397098 7.00677157381842 1.1044896683596 1.8371830036436 0.931858749303362 2.14775664494688 1.9527571265203 0.327530971260636 9.42570728923945 1.6068277126267 1.54602933083361 1.53954063694407 0.389084573732154 1.21276327949086 0.564556044127431 3.64652027021802 1.4285739890478 0.143451379533749 1.7980281511115 2.33410791055255 0 0 0 0 0 0 0 0 0 0 0 0 0 0 0 0 0 0 0 0 0 0 0 0
1.07704999853918 0.94362069481455 0.060325329246311 3.59797150850077 1.62506627247402 6.13338888183321 2.89122981121229 0.626377003242881 2.38868490552587 5.59906136539477 4.98910297252658 3.27495253253 0.0122900159906142 3.19673758566356 0.140371842253384 0.884344998094739 4.14984832586113 1.16832412685868 2.74316784147485 0.345023719346157 5.10559433690581 1.02915335130575 1.63903182633655 9.11180907082568 2.42267081286737 3.63221688352713 0 0 0 0 0 0 0 0 0 0 0 0 0 0 0 0 0 0 0 0 0 0 0
0.618908030435735 2.45332607000333 2.0874002017627 2.41483834290629 0.791938319637593 0.0642501739711276 1.43363271609799 5.55255281217422 1.32790538423825 0.14695042179616 0.251730258514306 2.1998674082275 0.930291622979285 5.46313343962284 4.14518107549432 1.06267572967962 0.326571176736014 0.323758902066036 5.19246561563198 5.57272933162875 0.270448779142609 0.370946701430381 1.14592457457081 0.922772998978512 5.54779955975876 2.16605840664055 3.5969066890871 0 0 0 0 0 0 0 0 0 0 0 0 0 0 0 0 0 0 0 0 0 0
9.24893969646618 2.70911422198257 3.25613050828996 4.45458778343481 0.37803576044971 4.36012356178276 2.54693365203089 1.89403641210194 3.80517651246952 1.78786440298545 9.91104576666812 4.5763900148662 0.34801822766825 1.4072721635646 1.49400975516578 1.48762681140786 1.0209605358982 4.87262107054856 1.52330707807452 2.49096508015203 2.48157664808085 0.0881051531107693 1.11923610106183 1.81505457133668 3.39825523558495 6.18510074153786 2.8685330601958 1.64469325545646 0 0 0 0 0 0 0 0 0 0 0 0 0 0 0 0 0 0 0 0 0
6.3832329768034 2.03988081892954 1.95670378559395 9.35649226778625 5.39604659190497 0.191412310730057 0.329585611171062 3.99691041058325 1.11263551781702 2.26598917155151 6.01546540832928 4.08159132900081 1.94274495705553 0.442630130443456 3.16821275238181 1.47547890763315 1.64919049900094 3.12810885747786 1.89976738395112 0.430114007872779 0.645437341426203 0.898259005045261 3.16202201810431 1.08749158846185 1.74023472174452 1.40697213118372 0.863422401146049 1.93878614582977 3.65298320575179 0 0 0 0 0 0 0 0 0 0 0 0 0 0 0 0 0 0 0 0
1.08706839935803 0.793483016594252 4.7881806111688 0.167062810302272 1.01549303900141 2.47775746735843 0.362193006783761 0.517719871543186 0.0946830735569447 1.27143441264301 0.993680913390959 0.0201397758850152 2.49401765255436 0.367851276424873 0.130148984250357 0.299750203447783 1.14444226719426 1.58467917767772 1.05008557803721 0.628962654680096 0.208462213205741 2.7596371979795 0.24198966186846 2.16525823538594 2.77793832871217 1.70059703366539 2.72415949702846 0.758284214802398 0.664026258544685 1.45246947426013 0 0 0 0 0 0 0 0 0 0 0 0 0 0 0 0 0 0 0
1.66738586635256 4.93159188026565 1.99729033456922 4.08447596810813 1.76073549489014 0.340549085942655 0.474652133788054 0.327586973935631 2.12526255627004 4.17337170076246 0.539194297285086 3.12188663260311 7.26926526199673 1.81965980938577 2.35547905920272 0.162853153966391 2.00085645039494 1.91695476736626 3.52478847034656 1.30653472724394 3.57575299058677 2.1309553009129 0.472611398562984 2.17002870826886 3.34541733585999 4.25602642489571 1.57238135136228 0.731956319799254 5.16207012098749 0.850030416836678 0.706094596090281 0 0 0 0 0 0 0 0 0 0 0 0 0 0 0 0 0 0
2.88647484601109 1.54061446042314 3.14400700533071 1.3208117838848 3.32549980256665 1.56143057736375 2.81441831364835 0.760963526519389 4.19771730444101 1.36855500206413 0.932101835602859 0.532582594469689 4.77860849616095 1.33632377156751 5.52595049296167 4.3164606003132 0.48985502054333 1.05470508212187 1.5409764198019 7.20151312282878 4.93756786032438 0.373383025186392 2.5738403875681 2.09619158381522 3.76946125200828 1.15584732345304 1.10241241827742 1.95634453771676 0.967186781014242 2.29605672755805 4.28242350406355 0.0936770790234408 0 0 0 0 0 0 0 0 0 0 0 0 0 0 0 0 0
5.529070316537 0.142145162448896 1.00372397437957 1.15647320471868 0.905493400600095 2.07873108075611 1.18048032033482 2.17117300313627 4.97787319607419 6.10722316383353 1.92805714493105 2.25159469684878 0.61141313797877 3.9696215587867 7.71757551911737 0.834543993254147 0.665135431849125 2.84326288198491 2.87354670179169 2.22143590010756 2.40299082740235 2.41658461578896 7.62440311610409 0.680321342762316 0.406091796104374 2.03512591989661 3.85213215067755 6.33432583901271 3.20085540442254 0.661075558623388 4.56962955799382 1.00676909414993 1.17778036708657 0 0 0 0 0 0 0 0 0 0 0 0 0 0 0 0
0.911294884053173 0.334448838762189 1.54792811934422 0.0812916911404123 8.58226686928794 4.31361728316929 0.26040691228774 6.28120008516634 1.16502995732507 0.231140867567197 4.16695874898569 2.29538438172921 1.5087693138813 8.35436138175899 0.678578251947685 1.53102532162764 0.57591076950526 4.29903450528005 3.08681955567683 1.22255869491285 1.22224741932105 9.54927125316456 0.832996856156699 0.427578886139138 1.2923729105562 5.90769695473825 1.93406972548432 7.30350051136137 6.50181718962152 0.208483600811589 1.49776379520594 4.76651062265393 0 0 0 0 0 0 0 0 0 0 0 0 0 0 0 0 0
0.413818284932215 0.419393478012523 0.199401022514189 2.69407929177302 0.651077206850893 0.279420208895939 0.0112033113013293 0.191978965623888 0.595326854602287 0.302071902863142 1.08587227165394 6.02718487947143 2.50845083405874 1.27776919817024 2.82026908136829 0.542510395281166 5.74164630184655 0.404288495550285 1.04293872928098 1.43398265803213 5.21598419730054 2.13401255298189 6.55272965961977 0.695985158075476 1.58355872958493 0.133020735377007 0.901436543499119 1.85604049673854 0.685593460068746 3.54388967989403 0 0 0 0 0 0 0 0 0 0 0 0 0 0 0 0 0 0 0
3.07028850120191 1.63884277663993 5.18764400921758 0.510783475481585 1.10894704061881 1.52433753693717 0.862009641276551 5.21926253371875 0.856882766419343 1.66879117877905 0.0671979637964117 6.24743704790666 1.78932796130854 3.33615862600148 0.193495250331579 0.178952290660099 2.28230933677555 1.79191578870515 3.37202484695467 0.992083899004824 2.08142394930338 4.15083386721203 1.46696782141879 2.76028024214188 5.48234637566647 2.07795104588766 0.815042477793557 1.86999934109623 0 0 0 0 0 0 0 0 0 0 0 0 0 0 0 0 0 0 0 0 0
3.35906003600436 5.78279045964949 0.0741187353261797 0.674304915327558 0.378856036440706 0.929427590584852 0.258178452539494 0.251527149122863 5.68983138715828 0.222738433669531 12.7089368013492 1.05966874172203 0.203841977346209 4.32218617297949 8.09669928104484 0.565808582545369 6.30895738684249 2.27614671926992 0.158419706946131 0.236237275358723 1.51012207903113 1.24048235131035 2.43918918943578 6.45959918242459 2.73241431495452 2.5013744957727 0 0 0 0 0 0 0 0 0 0 0 0 0 0 0 0 0 0 0 0 0 0 0
0.968762890737112 1.07779568932618 1.67027346739179 2.30012458019138 0.652732367678299 2.41127874084368 0.201107063045826 2.91511494275312 1.43558867119426 1.69270418105243 0.979829006182796 0.235797485960426 1.95360414127953 0.133629047340869 0.404461062436579 1.18240930271808 1.65461966404605 1.72365874332769 7.22806579320244 3.31480442859202 0.108373452122525 5.30615368145712 1.68885795746639 0.153958690021669 0 0 0 0 0 0 0 0 0 0 0 0 0 0 0 0 0 0 0 0 0 0 0 0 0
6.80133162940123 0.132414845458536 1.37590879252469 0.0745645021272155 0.338399476642486 0.645763437060797 0.829213707870455 2.93551960759166 2.69730710196587 0.455186809009589 0.0491073964650651 0.586592724761134 2.72205908037061 1.11513534194086 2.62094361894548 0.471665739561032 1.45719574440926 5.26694178954475 0.453383168907412 0.0870700831489746 0.0492067110940291 1.73301941719002 0 0 0 0 0 0 0 0 0 0 0 0 0 0 0 0 0 0 0 0 0 0 0 0 0 0 0
0.254371196701903 5.22286782619882 6.53555881478707 0.0901686472352193 9.61380235985957 0.154867605475083 9.03154291053812 5.44734230104011 1.69410962018134 2.62620258943956 1.12093795702711 0.64705260206529 0.23269389969906 1.99158625125548 0.452613810091093 1.70989341785168 0.0615816520733268 0.781324867221559 2.35267221716974 1.36510733239685 0 0 0 0 0 0 0 0 0 0 0 0 0 0 0 0 0 0 0 0 0 0 0 0 0 0 0 0 0
0.455493713029859 0.184250138168193 0.358435665362938 0.74981628045229 3.16135795029415 1.5735106897635 2.57058210149283 0.126224477249378 5.04246283753172 1.21619482840883 0.0711796151123568 1.20566166779227 0.0325994703682561 0.469588034178985 2.15760952177109 2.49216262557243 1.25493221508577 1.06508474967892 0 0 0 0 0 0 0 0 0 0 0 0 0 0 0 0 0 0 0 0 0 0 0 0 0 0 0 0 0 0 0
0.239737335340177 0.672067116299572 1.91430353667836 0.730982946114647 1.02016905708785 0.641975244971951 0.032161655483033 0.423761033289925 0.875025235630392 1.62222624366792 1.83743347748764 0.872621159592012 1.10784536507106 0.309216171192451 2.60330943977651 0.713618634843059 0 0 0 0 0 0 0 0 0 0 0 0 0 0 0 0 0 0 0 0 0 0 0 0 0 0 0 0 0 0 0 0 0
2.19918592954997 0.445199296002337 3.58305628588033 0.581606621439502 3.63425100631523 0.440999094869967 0.316593533604171 0.766702747227092 0.0144003457479075 3.59065416320654 0.459728531952177 0.947384962279883 1.44941938523015 2.04787907704197 0 0 0 0 0 0 0 0 0 0 0 0 0 0 0 0 0 0 0 0 0 0 0 0 0 0 0 0 0 0 0 0 0 0 0
2.37900898979856 5.26351769630233 2.22961566997251 3.58831001760008 3.79262736835504 2.95050527682409 1.51843512594283 1.43719242705736 0.102744450642543 3.54794207954925 1.18936295522956 9.75291736824528 0 0 0 0 0 0 0 0 0 0 0 0 0 0 0 0 0 0 0 0 0 0 0 0 0 0 0 0 0 0 0 0 0 0 0 0 0
2.9429476344321 6.04836451350299 0.52299864422761 0.475402923115075 2.19160226562026 0.444810248961797 0.259680791173479 0.0488168639689532 0.0883344288819846 0.529707465214685 0 0 0 0 0 0 0 0 0 0 0 0 0 0 0 0 0 0 0 0 0 0 0 0 0 0 0 0 0 0 0 0 0 0 0 0 0 0 0
0.639659430193561 5.53162929099464 0.111520600141424 2.30121435412955 4.00285235118719 2.27358845045348 3.31700293909129 0.280346427839943 0 0 0 0 0 0 0 0 0 0 0 0 0 0 0 0 0 0 0 0 0 0 0 0 0 0 0 0 0 0 0 0 0 0 0 0 0 0 0 0 0
15.0149997812562 2.11254196159455 0.487249990108818 2.53453206136484 3.78359324494847 0.0399833239977035 0 0 0 0 0 0 0 0 0 0 0 0 0 0 0 0 0 0 0 0 0 0 0 0 0 0 0 0 0 0 0 0 0 0 0 0 0 0 0 0 0 0 0
0.675588782099495 5.94689637463268 0.799743001168479 3.11309111364177 0 0 0 0 0 0 0 0 0 0 0 0 0 0 0 0 0 0 0 0 0 0 0 0 0 0 0 0 0 0 0 0 0 0 0 0 0 0 0 0 0 0 0 0 0
0.151480660769594 0.406329906087315 0 0 0 0 0 0 0 0 0 0 0 0 0 0 0 0 0 0 0 0 0 0 0 0 0 0 0 0 0 0 0 0 0 0 0 0 0 0 0 0 0 0 0 0 0 0 0
