9.59326900824148 0 0 0 0 0 0 0 0 0 0 0 0 0 0 0 0 0 0 0 0 0 0 0 0 0 0 0 0 0 0 0 0 0 0 0 0 0 0 0 0 0 0 0 0 0 0 0 0
2.4641415154392 1.70543365956214 0 0 0 0 0 0 0 0 0 0 0 0 0 0 0 0 0 0 0 0 0 0 0 0 0 0 0 0 0 0 0 0 0 0 0 0 0 0 0 0 0 0 0 0 0 0 0
3.5790870227709 2.20186555063452 1.7434638505326 0 0 0 0 0 0 0 0 0 0 0 0 0 0 0 0 0 0 0 0 0 0 0 0 0 0 0 0 0 0 0 0 0 0 0 0 0 0 0 0 0 0 0 0 0 0
1.4469203755108 2.80174795633726 3.02191452631335 0.157548585848221 0 0 0 0 0 0 0 0 0 0 0 0 0 0 0 0 0 0 0 0 0 0 0 0 0 0 0 0 0 0 0 0 0 0 0 0 0 0 0 0 0 0 0 0 0
0.957485116012865 1.75254380153542 2.42372379487203 1.32194779238374 0.0798681760792139 0 0 0 0 0 0 0 0 0 0 0 0 0 0 0 0 0 0 0 0 0 0 0 0 0 0 0 0 0 0 0 0 0 0 0 0 0 0 0 0 0 0 0 0
0.766212843672285 1.77238978924029 0.872743340660407 0.530872894312762 1.64729076810464 4.16036235149568 0 0 0 0 0 0 0 0 0 0 0 0 0 0 0 0 0 0 0 0 0 0 0 0 0 0 0 0 0 0 0 0 0 0 0 0 0 0 0 0 0 0 0
10.3044496686052 0.37072737324131 12.1885102824599 1.98015123913422 5.23286160532057 0.322244385826028 5.20345545792536 0 0 0 0 0 0 0 0 0 0 0 0 0 0 0 0 0 0 0 0 0 0 0 0 0 0 0 0 0 0 0 0 0 0 0 0 0 0 0 0 0 0
0.370045181090856 1.53828944009377 2.2434293496082 5.52882002601345 1.03213067244259 2.66511616285036 0.278477846376427 0.244653017852886 0 0 0 0 0 0 0 0 0 0 0 0 0 0 0 0 0 0 0 0 0 0 0 0 0 0 0 0 0 0 0 0 0 0 0 0 0 0 0 0 0
15.8529160167382 2.563233351007 4.99918968212859 1.58106151054296 3.84277353315051 0.354204750223205 0.509198485913095 0.584999978183061 3.05654794437548 0 0 0 0 0 0 0 0 0 0 0 0 0 0 0 0 0 0 0 0 0 0 0 0 0 0 0 0 0 0 0 0 0 0 0 0 0 0 0 0
1.09540940295735 0.609238268593078 1.52927497435021 3.13555523624503 8.91716659743616 0.628238490335777 2.58804501559556 4.21165787991778 0.948675784824246 0.229774104125216 0 0 0 0 0 0 0 0 0 0 0 0 0 0 0 0 0 0 0 0 0 0 0 0 0 0 0 0 0 0 0 0 0 0 0 0 0 0 0
3.76202361408005 1.07832686338918 4.93641842624899 4.11872324035292 0.970611723098078 1.1803884027717 1.14840334337847 4.22051785613138 1.18206573707843 0.710340843850568 1.6662417217139 0 0 0 0 0 0 0 0 0 0 0 0 0 0 0 0 0 0 0 0 0 0 0 0 0 0 0 0 0 0 0 0 0 0 0 0 0 0
0.68712368775586 3.94130968100712 6.37460716343291 2.28983130056961 0.467342967480006 0.285770155832502 0.45343823886388 0.681225621138 2.8098557099946 0.768739927931886 1.10328380931437 0.551299627974947 0 0 0 0 0 0 0 0 0 0 0 0 0 0 0 0 0 0 0 0 0 0 0 0 0 0 0 0 0 0 0 0 0 0 0 0 0
1.32992320708517 4.6016913035739 1.35637969995189 1.55118251283035 0.208027846839842 2.76903542839022 4.27472374671284 2.51245075518074 3.50339044963403 0.731245102404313 3.03608276844923 2.75460035981849 2.60488449716723 0 0 0 0 0 0 0 0 0 0 0 0 0 0 0 0 0 0 0 0 0 0 0 0 0 0 0 0 0 0 0 0 0 0 0 0
0.660042109193882 0.470438890667171 0.259807732910558 0.0824930723753094 4.14371343699524 1.61650515349124 2.93458953456091 1.81718108564642 1.63565262194525 9.08756184889888 0.797532196421182 3.92629328262268 1.11261255339683 0.807002226717529 0 0 0 0 0 0 0 0 0 0 0 0 0 0 0 0 0 0 0 0 0 0 0 0 0 0 0 0 0 0 0 0 0 0 0
0.397368517657478 0.689935543943394 0.108505185881905 3.43749879642936 4.10322711560686 1.0308838683116 2.16002224673841 1.16088186503327 0.76602000183192 0.285894716491347 1.17918030606707 0.038975816956256 0.729062939556278 2.58995655986873 0.521489186892263 0 0 0 0 0 0 0 0 0 0 0 0 0 0 0 0 0 0 0 0 0 0 0 0 0 0 0 0 0 0 0 0 0 0
0.352794482042221 0.798154529537983 0.556448137784434 7.6612152475386 2.08177815232173 0.586144767872468 1.09100002065143 7.35335393372029 0.259875149905463 1.11772407212918 1.9370053589024 1.84347894226592 0.932985736965581 5.07746385215092 0.0192285156359119 6.13412604476552 0 0 0 0 0 0 0 0 0 0 0 0 0 0 0 0 0 0 0 0 0 0 0 0 0 0 0 0 0 0 0 0 0
1.87334355225486 3.78295482237726 2.24634780508034 2.03099822132179 1.74002664138396 0.813265735859151 0.0709342579976834 0.890627453331067 0.434333714430274 1.37264939826139 8.62384294914977 1.64413133230626 0.116647241705753 0.495998550723439 2.22762008850942 0.0756127587582708 7.60122209695483 0 0 0 0 0 0 0 0 0 0 0 0 0 0 0 0 0 0 0 0 0 0 0 0 0 0 0 0 0 0 0 0
1.32295023034378 1.21102584788072 1.20885762923823 2.81523459468977 1.16921531879096 5.86698255771789 0.455875959559712 5.92107708783406 0.613145740402759 1.09547795250823 1.4636215223051 0.501334235762278 2.12220326483763 2.93085294283442 0.91414341202116 4.98655858329027 2.24081916682206 5.18618337070603 0 0 0 0 0 0 0 0 0 0 0 0 0 0 0 0 0 0 0 0 0 0 0 0 0 0 0 0 0 0 0
0.892668607394671 0.267345072274495 1.11603412519045 2.81575478909873 0.966394438212877 0.474207884680399 0.188423120721186 5.94723169411936 9.9870859604174 2.80812776459963 1.45118770130801 0.85571164526258 0.896892361439381 5.21306967376325 0.405666861108957 1.43486802202205 3.81310541229127 0.558192739925049 8.82335304232435 0 0 0 0 0 0 0 0 0 0 0 0 0 0 0 0 0 0 0 0 0 0 0 0 0 0 0 0 0 0
2.21047622260422 0.959585514318773 0.594306467545747 2.14483582516968 0.261257753328157 1.88567489920725 2.1109188496694 0.107946285829448 4.29257307543838 7.34449789403206 0.467237331017389 1.32376344462979 2.2414450706046 0.182434470895791 1.28545139126727 1.2985253898677 0.176725714717259 0.814584382826532 2.65967660327672 0.597133867811451 0 0 0 0 0 0 0 0 0 0 0 0 0 0 0 0 0 0 0 0 0 0 0 0 0 0 0 0 0
0.157226771815866 4.81542567938388 3.89896991065021 0.664009592993094 0.675906331477561 0.795743228618671 0.918964404509849 0.855781191620516 1.76013097046956 0.17000138947368 4.10010549538907 1.0496810307096 1.34338056879539 2.02469775851228 0.23057368060123 1.29939746446508 1.38494024487041 2.62462823038244 0.606509904267742 1.87242555247133 1.31073401283312 0 0 0 0 0 0 0 0 0 0 0 0 0 0 0 0 0 0 0 0 0 0 0 0 0 0 0 0
4.40222865760322 1.96881565585301 0.817713986192296 6.86152541081726 0.674411406234608 0.617378114857477 6.48328536045486 0.626992436223111 2.52022136880192 1.29631040521154 2.31622605669085 0.121423618239932 1.39607654178822 4.22341802013041 3.03818833888257 0.197970596539839 0.574678823575772 0.589367058954186 0.80794295071485 2.01862582799067 0.423455870134218 4.45637511586931 0 0 0 0 0 0 0 0 0 0 0 0 0 0 0 0 0 0 0 0 0 0 0 0 0 0 0
3.07430653847128 0.492519147182441 3.52381744136069 0.519802582846248 2.45673827629289 1.16498656765496 5.00695641420361 1.05411866941202 0.331829865485562 0.185893906200267 3.17684984618245 0.384997200860236 1.88672995502072 0.00889704165568733 0.300225528427348 0.702897583686196 1.28126258925633 4.49710525414731 5.37019586449849 3.18658330055017 1.01143238999756 3.19255168777732 5.97425020902617 0 0 0 0 0 0 0 0 0 0 0 0 0 0 0 0 0 0 0 0 0 0 0 0 0 0
0.330374382958904 1.70994465849983 0.14099391824094 3.25853632010119 3.56894064239096 0.515193913054476 0.893055703567448 4.20186634383376 0.200581983940518 5.70345055394394 0.977310263801252 0.956396845332971 5.77108456702419 0.708709634269708 2.74098640262936 0.588640908702816 2.9219600507465 0.680729585558921 0.441787120594188 3.3300923392676 3.55042426769225 0.119168811960134 2.93774552440526 2.71718569022149 0 0 0 0 0 0 0 0 0 0 0 0 0 0 0 0 0 0 0 0 0 0 0 0 0
2.55126587996167 2.82372285139403 0.628691958034466 4.05105777530658 3.01911783918149 6.92902601067385 1.55797459895449 1.0307645316031 0.193219803244003 0.779284775586128 1.00320136110279 0.34253138762922 0.23478634945917 0.324059071337007 1.00471952020257 1.10685400843291 1.74082890863441 0.28490940190231 0.494372485954984 0.262955951835386 0.106331294318329 3.03249313013705 6.61648461337327 0.170843063443479 2.55528182960835 0 0 0 0 0 0 0 0 0 0 0 0 0 0 0 0 0 0 0 0 0 0 0 0
0.525189948126968 1.59705253715923 0.266446159854017 0.101636772196598 0.231412612591043 0.196503423954395 3.36363111860963 1.20157287278496 1.82753349275126 3.23818182712302 0.228635421639378 0.672469046792147 0.191601761952231 3.33707314576246 1.02767509010204 4.54667923885612 0.263814727581935 0.522792108141104 4.73801505981131 0.124463575866756 6.16029563297108 0.152084120184334 6.56398387444857 0.286817807101608 0.0885739258495208 3.01925303187945 0 0 0 0 0 0 0 0 0 0 0 0 0 0 0 0 0 0 0 0 0 0 0
0.164263912655721 4.36525930943066 2.25505458050183 0.196916761711009 1.82573824540284 0.900280184244887 1.49294177531026 0.666121362101664 0.28185396918402 0.292592944933279 0.158953355313025 1.51211970529111 5.27390421024648 0.289026825119079 0.0231679530364433 0.340576369349107 0.390398838474866 5.6099510681836 1.56159215405179 0.918974771337948 4.92592814498577 0.559565226806846 2.11768054669081 0.67351872195835 0.0263675662908758 6.19609858136236 1.86381730589827 0 0 0 0 0 0 0 0 0 0 0 0 0 0 0 0 0 0 0 0 0 0
0.267049339138864 0.335406368058148 1.60839859434677 0.304478837324611 0.39897577145485 3.01232743696365 1.08039161548929 4.6283271776185 0.664269177093716 0.263561467826517 3.36230722261402 1.94723151924047 0.243702565656332 3.45979664709196 1.32927759129075 5.76061558623577 2.32856852496932 0.790673654646436 0.519457954715828 2.93473826035028 2.21832898285379 1.09671120648144 10.4067054264921 3.22150644166874 2.92721558224163 2.57609745693578 0.182424289693167 1.28347700300454 0 0 0 0 0 0 0 0 0 0 0 0 0 0 0 0 0 0 0 0 0
0.435539499835658 4.35130942317495 1.17674621774176 1.62233389399269 1.96824243272859 3.81207357507656 0.971849595243439 1.22111286012374 5.66597510590442 2.38248807221542 3.92860194922479 1.91723693154143 1.12482841516262 2.22330011350451 7.49446226175895 1.83210532091115 3.17378625505725 1.26215586960933 0.580954984332554 1.82943410696325 0.758536388290935 2.74391573181227 0.78545624661694 8.10290753973793 0.397096678672697 2.04939129633495 0.0420162269737039 5.15291406927349 0.969062553713325 0 0 0 0 0 0 0 0 0 0 0 0 0 0 0 0 0 0 0 0
0.967442771274301 1.40879855608987 0.101851150122311 2.10024438164986 1.35666884842162 1.43256333717716 1.59826729112052 1.74084485938875 0.875692879812171 0.672642270845333 0.245175622044463 7.02168643312752 0.491687565607166 1.53312309796317 2.4338916214964 4.20127462418916 2.18404907349734 3.60698872847329 0.268118688850735 2.75302467523222 4.07647205144585 0.624655270774295 1.78944372307181 0.40859137975913 10.88314142876 7.10322053061125 3.5400117827968 1.84906182056168 3.0768232752576 0.410397261385245 0 0 0 0 0 0 0 0 0 0 0 0 0 0 0 0 0 0 0
1.79513330476712 6.11088364087243 4.99343382000433 0.647930647825697 0.667416292473552 10.6104697239311 2.04636587239781 9.06422612562357 0.0100795279658825 1.67403184629996 4.02046149316009 0.534750752322933 0.0398919863543886 3.89081881018618 2.1204643860877 1.8962606103137 2.42579101763661 0.529079363952473 0.649322705093704 2.11334582242833 1.19224863513033 1.4023803522362 2.43582058283506 5.93505667042936 6.09776600528365 0.160144295064713 4.82031020376565 1.23760686914906 1.43624506077526 5.89469558026444 0.0892595519959722 0 0 0 0 0 0 0 0 0 0 0 0 0 0 0 0 0 0
0.0852144359269903 1.94189618826975 0.485687151314179 2.43760560265256 3.56288130030974 1.00381327791956 2.56729217226499 0.20442961460866 5.910930481441 4.57063230697672 1.38037635393486 8.62942376900778 0.710314768881557 1.31723706867398 0.165096188376052 1.18398471124477 3.00471311499087 0.780407813394148 1.41858198369201 1.69667976337412 5.60309727794442 0.026505545944765 3.36745329042566 1.62017466565346 3.52611834581731 0.614875896234357 1.20748291136056 0.456870892171251 4.07821085438338 1.1077328789023 0.845264041731333 0.77894428179714 0 0 0 0 0 0 0 0 0 0 0 0 0 0 0 0 0
3.67984177012272 0.368823963224627 12.6991757789334 1.66732801491404 0.422700580738576 0.103464814202975 0.260713322863904 1.0560956853734 11.2297148825843 1.96852027409011 0.583276764933633 1.59551534619633 0.251821464200985 1.84807137153191 4.43953963163357 3.15440570166103 0.296341940230652 6.56551562414904 4.16096440762806 2.12570087836117 2.1787262267015 3.55203258440066 1.88487189561652 0.63874881725028 5.48409504573132 2.18035979863667 0.0614527000419751 0.200723803957501 0.488581958341012 0.35039562763493 0.152005578825899 2.48040036183211 1.77917135013162 0 0 0 0 0 0 0 0 0 0 0 0 0 0 0 0
4.23709049338504 0.298685254286065 0.969239772967364 2.05713306821891 8.88710571893892 2.21204096401198 2.65525422929993 0.866821399414825 0.562509173247156 6.04397981358606 0.668771605218829 0.269164326600627 3.24649859369689 3.28628634913608 1.58937233783228 0.0914633861334001 3.26358687690382 5.97374260652737 0.145603445052944 0.0747016308117023 1.3347126148276 0.0751051853135638 1.32156484304496 2.61675397372546 0.011019350894886 2.92978307480521 0.172849262577896 0.0104976803197441 6.36888818215188 4.94936779356507 2.71582252616539 0.726807891647059 0 0 0 0 0 0 0 0 0 0 0 0 0 0 0 0 0
5.31260683395512 0.642218806251942 1.97670569333291 8.88555435972516 1.50596325827164 0.877209353857834 3.08046103995819 3.19560487650049 1.06940498348824 0.0265455001218549 0.114822452416839 8.37663919631198 1.3513515191415 1.03698383266089 0.541107405986184 4.40010268757463 3.60694762179003 0.758743335101289 0.0788787657172053 2.14819686218313 0.708177961474047 3.82310071895196 2.31482865078706 0.304075697992334 0.274619743273396 3.37125533552975 0.258853377826209 3.40868359094194 0.288447921996595 1.65849637796568 0 0 0 0 0 0 0 0 0 0 0 0 0 0 0 0 0 0 0
1.5413342105864 0.666521955877224 4.67801972942736 0.0341118923893381 0.718378582591964 1.08550874162473 3.16986751548369 0.0468112434729626 1.07574280918171 1.80671701859128 0.127983644634633 1.62850080688964 1.34759794737777 0.173998314503751 1.86115648034764 1.35610338276681 1.34090385480336 5.46213452483836 1.94392543544627 1.67038614140687 1.72861197134113 1.405352255211 0.0897422947967323 1.53179391873823 7.09699364467359 3.03592461835094 0.184649858037466 0.962470967959818 0 0 0 0 0 0 0 0 0 0 0 0 0 0 0 0 0 0 0 0 0
0.683444399143301 0.970750500545721 2.90159017398902 6.83763375214536 1.86616506802345 0.344229969176088 2.79570784190596 2.43389880454303 0.761986659053682 4.32466063479435 0.33338349780912 3.48708822019967 0.587429523393838 2.54142103312377 1.77194798218395 0.0420445455279249 2.22639272583546 1.69663108175302 0.420005586908228 1.78716635352987 3.52164486055397 4.52601428450213 0.27537688203561 1.71455550990045 0.211111876488642 1.21740554924788 0 0 0 0 0 0 0 0 0 0 0 0 0 0 0 0 0 0 0 0 0 0 0
0.0913192624921869 0.164241909312865 1.79286660356803 2.54567538646568 0.251404548281181 0.536631899694183 4.39805728319311 0.785644689939247 2.9847779412829 1.51329198639305 3.02044794417111 2.09688347309388 6.19432723537147 1.0478166174684 0.804634817119036 8.6293873979132 2.44892893189495 0.257039811657126 1.09813635802168 1.65105029485571 0.154357968674559 0.0403735312671316 1.16592503687256 0.157368220401148 0 0 0 0 0 0 0 0 0 0 0 0 0 0 0 0 0 0 0 0 0 0 0 0 0
0.12693725295995 0.654137455178734 6.37456064807039 0.296160485628016 1.33017291194737 4.24865541156709 1.89587890696927 1.87837663199092 0.620108653680193 0.914788195170178 2.27151785494376 0.585207441993538 1.81326726443875 0.48189895788754 0.362432670131183 0.585239928828581 0.687757444291181 0.264467171527358 1.06046627393702 1.29346418762917 1.03102815938079 4.76952971105479 0 0 0 0 0 0 0 0 0 0 0 0 0 0 0 0 0 0 0 0 0 0 0 0 0 0 0
0.272188365395591 0.715275382173201 1.95651462987722 1.4312252721874 7.87928307476901 1.0925516197248 2.34509493371376 0.744344561661087 5.71130335982166 0.16609143836602 3.04013121269833 1.82977688497771 0.977431436797983 0.597048766042998 0.483564612873262 0.389692114407388 1.11690520228548 1.29984551893552 4.57910436295569 0.46822073462602 0 0 0 0 0 0 0 0 0 0 0 0 0 0 0 0 0 0 0 0 0 0 0 0 0 0 0 0 0
13.4007271283431 0.068088974676674 0.0577614739431361 3.42467990675315 0.689564834657527 1.61098446801945 1.77520727918251 2.16111105648363 5.75047830969601 7.32848925830148 6.93045084078401 1.96149795623015 0.145414920893432 0.812662535684859 1.90975274008126 2.88611298151216 3.14537886796192 1.11881084244069 0 0 0 0 0 0 0 0 0 0 0 0 0 0 0 0 0 0 0 0 0 0 0 0 0 0 0 0 0 0 0
1.54649870267406 0.34383366591456 3.45874895643388 1.0827969780638 0.4094983863953 0.38086291730935 3.24541538726492 1.46730645248109 6.58289161192629 1.03678701311416 7.60634364428628 0.396558584514244 0.435050359062513 0.6638746290718 0.41553615311337 0.37760125940377 0 0 0 0 0 0 0 0 0 0 0 0 0 0 0 0 0 0 0 0 0 0 0 0 0 0 0 0 0 0 0 0 0
1.23339868208348 0.135085103089212 0.477321939757989 1.83973472086109 1.75396497500309 0.0138981830856563 0.943311672521173 1.15048760385322 2.08695726067322 0.337238390144446 1.28233450824119 7.63561449516648 1.54386158125855 1.1429044309114 0 0 0 0 0 0 0 0 0 0 0 0 0 0 0 0 0 0 0 0 0 0 0 0 0 0 0 0 0 0 0 0 0 0 0
1.74924020386549 3.46555355408347 0.152254639468496 3.98367396496404 1.34601269848247 1.33054330947898 1.73881716284489 3.13074334349165 0.101355900658327 0.577040522131251 1.37211650972071 1.57526626336347 0 0 0 0 0 0 0 0 0 0 0 0 0 0 0 0 0 0 0 0 0 0 0 0 0 0 0 0 0 0 0 0 0 0 0 0 0
0.0283988952818902 0.887724759205835 1.38351696500181 0.38502911124169 2.47935498485083 0.0448856262661811 0.404521590225837 0.520188583417393 0.749539626506632 1.19807553157541 0 0 0 0 0 0 0 0 0 0 0 0 0 0 0 0 0 0 0 0 0 0 0 0 0 0 0 0 0 0 0 0 0 0 0 0 0 0 0
1.86141416040878 0.117615307777281 2.21060095897672 0.874321941831574 0.87075450550532 0.032627404213406 5.92640355631922 0.0469490307663858 0 0 0 0 0 0 0 0 0 0 0 0 0 0 0 0 0 0 0 0 0 0 0 0 0 0 0 0 0 0 0 0 0 0 0 0 0 0 0 0 0
3.35982045033357 1.28478778338913 1.08172077111461 0.164844640161918 1.74015242109161 4.90936454968606 0 0 0 0 0 0 0 0 0 0 0 0 0 0 0 0 0 0 0 0 0 0 0 0 0 0 0 0 0 0 0 0 0 0 0 0 0 0 0 0 0 0 0
7.54720394111627 1.09398443196101 2.37319577403872 1.15840152653495 0 0 0 0 0 0 0 0 0 0 0 0 0 0 0 0 0 0 0 0 0 0 0 0 0 0 0 0 0 0 0 0 0 0 0 0 0 0 0 0 0 0 0 0 0
1.50349803712673 4.66179981427735 0 0 0 0 0 0 0 0 0 0 0 0 0 0 0 0 0 0 0 0 0 0 0 0 0 0 0 0 0 0 0 0 0 0 0 0 0 0 0 0 0 0 0 0 0 0 0
