1.30225146001336 0 0 0 0 0 0 0 0 0 0 0 0 0 0 0 0 0 0 0 0 0 0 0 0 0 0 0 0 0 0 0 0 0 0 0 0 0 0 0 0 0 0 0 0 0 0 0 0
1.26665947743991 0.79205313349295 0 0 0 0 0 0 0 0 0 0 0 0 0 0 0 0 0 0 0 0 0 0 0 0 0 0 0 0 0 0 0 0 0 0 0 0 0 0 0 0 0 0 0 0 0 0 0
3.37635840127128 2.40581308356062 0.122399274113605 0 0 0 0 0 0 0 0 0 0 0 0 0 0 0 0 0 0 0 0 0 0 0 0 0 0 0 0 0 0 0 0 0 0 0 0 0 0 0 0 0 0 0 0 0 0
0.130045698045021 3.42379169909287 4.50312283703564 0.148136281412848 0 0 0 0 0 0 0 0 0 0 0 0 0 0 0 0 0 0 0 0 0 0 0 0 0 0 0 0 0 0 0 0 0 0 0 0 0 0 0 0 0 0 0 0 0
1.94240583637939 2.29703863040255 2.6636915463513 3.98507963443002 4.23633024178167 0 0 0 0 0 0 0 0 0 0 0 0 0 0 0 0 0 0 0 0 0 0 0 0 0 0 0 0 0 0 0 0 0 0 0 0 0 0 0 0 0 0 0 0
2.68520757661369 1.06379563115004 0.0388434250299894 3.99786893452999 5.79302768185736 10.0135087528008 0 0 0 0 0 0 0 0 0 0 0 0 0 0 0 0 0 0 0 0 0 0 0 0 0 0 0 0 0 0 0 0 0 0 0 0 0 0 0 0 0 0 0
1.44683352572909 2.90860639581501 2.99940825255746 2.58313638000775 12.225360097849 0.192368018882215 3.03062031225854 0 0 0 0 0 0 0 0 0 0 0 0 0 0 0 0 0 0 0 0 0 0 0 0 0 0 0 0 0 0 0 0 0 0 0 0 0 0 0 0 0 0
1.04539594010739 1.57950134871131 6.39093650889338 0.815715287096889 0.038872725982038 5.72791928957245 0.31854308528238 2.09097503319903 0 0 0 0 0 0 0 0 0 0 0 0 0 0 0 0 0 0 0 0 0 0 0 0 0 0 0 0 0 0 0 0 0 0 0 0 0 0 0 0 0
1.59285275936401 0.61638479199945 0.818883947318594 1.3842544810633 2.54191197049518 9.28390683251439 3.47690839073957 3.41901309079703 0.90557092189499 0 0 0 0 0 0 0 0 0 0 0 0 0 0 0 0 0 0 0 0 0 0 0 0 0 0 0 0 0 0 0 0 0 0 0 0 0 0 0 0
1.6810802485581 3.78457469293887 7.21678810260372 2.09724443319216 4.42667410624185 8.91961811921338 0.0815555542928899 2.09937898229338 5.54298143487824 1.05132674144669 0 0 0 0 0 0 0 0 0 0 0 0 0 0 0 0 0 0 0 0 0 0 0 0 0 0 0 0 0 0 0 0 0 0 0 0 0 0 0
2.12293769806067 1.51264787578578 6.75056280093309 0.483126782337833 1.05802751521729 8.0521809974329 2.9162856255053 1.08267058510386 3.51807458150925 1.53736186854205 2.69903769228403 0 0 0 0 0 0 0 0 0 0 0 0 0 0 0 0 0 0 0 0 0 0 0 0 0 0 0 0 0 0 0 0 0 0 0 0 0 0
0.228492051050392 1.20114382522496 0.444143524698711 0.648040113306415 2.09150171724346 5.71691792974788 2.96299784243232 5.10228218726349 3.14573879474465 1.29512872470947 0.598500708688017 4.29548629018752 0 0 0 0 0 0 0 0 0 0 0 0 0 0 0 0 0 0 0 0 0 0 0 0 0 0 0 0 0 0 0 0 0 0 0 0 0
1.54026669734694 0.000986819480566232 2.16058089157813 2.97838724733492 3.08040278260303 1.31273589372249 0.732192507239446 1.5571182495445 0.845744327542005 1.58930152005191 0.896089301396923 1.25187932903019 1.84049747203148 0 0 0 0 0 0 0 0 0 0 0 0 0 0 0 0 0 0 0 0 0 0 0 0 0 0 0 0 0 0 0 0 0 0 0 0
5.76140170232337 1.46544306726855 5.36347471930737 2.13822740297163 5.65300698055942 4.92892898010353 1.254476763652 11.9877101829859 0.949110524381887 0.0164990038887251 0.0726996900907119 2.61681668959844 0.564093569787113 0.222329389671324 0 0 0 0 0 0 0 0 0 0 0 0 0 0 0 0 0 0 0 0 0 0 0 0 0 0 0 0 0 0 0 0 0 0 0
0.687296588885347 1.74413441561208 0.300661489183728 3.53980093124419 1.15047041036726 0.659326972664121 4.04188224809454 3.31190402461343 1.65913710950186 3.5653437079986 0.709133560439976 0.0281252552871907 1.96406606760664 0.720715332147055 0.138723767572487 0 0 0 0 0 0 0 0 0 0 0 0 0 0 0 0 0 0 0 0 0 0 0 0 0 0 0 0 0 0 0 0 0 0
5.40739201853307 0.483972323861386 1.40476423503422 3.55950425473531 0.243937348057901 0.903081815029227 0.826605021752871 1.48722682728093 0.808018148987317 0.913925290115654 3.63886548229868 2.47107028141933 0.376504094242959 1.25146221357695 1.30790105897263 0.00818435391952757 0 0 0 0 0 0 0 0 0 0 0 0 0 0 0 0 0 0 0 0 0 0 0 0 0 0 0 0 0 0 0 0 0
0.130969732967261 2.43933348202497 3.06261872932247 2.31911820923678 1.14456025968702 0.48841067195486 0.282148386760384 0.898989563354921 2.28039807778909 1.40399753093884 2.94415785281532 0.256150956828101 5.19059817423232 3.77662276665265 1.31093376549704 0.788697899187548 2.89080377168119 0 0 0 0 0 0 0 0 0 0 0 0 0 0 0 0 0 0 0 0 0 0 0 0 0 0 0 0 0 0 0 0
4.37023679998758 0.19958187755592 3.16768426733619 3.50563220505933 0.636974667280995 1.97406087614285 3.37457847615769 0.292099258848299 5.10705486591553 0.89633319880556 0.133862006087814 3.59060250719941 0.503477833517732 3.95457748389426 1.19461427006813 6.63491920792693 0.413276470838213 0.567167682168963 0 0 0 0 0 0 0 0 0 0 0 0 0 0 0 0 0 0 0 0 0 0 0 0 0 0 0 0 0 0 0
3.68037764032913 0.789827252342092 0.460740293644909 1.0631196055059 1.94809922407101 2.44746693550679 3.01844288428122 5.36924029800209 1.13221385260432 2.95218179301419 0.464840770468223 1.31214607906776 0.773616376396265 7.07678211411238 1.31670599732554 0.463202032220376 0.376108478181182 3.77766842133575 9.53777966840812 0 0 0 0 0 0 0 0 0 0 0 0 0 0 0 0 0 0 0 0 0 0 0 0 0 0 0 0 0 0
0.436093073989836 2.49613372679328 0.780272797887104 0.547528672318463 0.118331020755029 3.33362380192268 0.630143813667055 1.61086806420686 0.84091713753096 1.15587219570016 1.55611101002841 3.60594277066033 0.537022113840996 2.10679669113983 0.760410031618772 3.51874821263077 0.732319975063009 1.79699330049033 3.11421015000412 0.426471183782281 0 0 0 0 0 0 0 0 0 0 0 0 0 0 0 0 0 0 0 0 0 0 0 0 0 0 0 0 0
0.657758121630806 0.355027483733149 0.507841901746137 0.585285224159597 0.476267101486847 0.785252091400032 5.62631172621624 0.144475462357981 0.583422160339594 1.21970180826036 0.42530131828377 0.654753067472633 4.13741644200538 2.05544927001665 1.12704590338127 0.292474910902463 0.580412141985119 0.899753368681283 1.57086290932589 0.710836766290238 1.68694107324917 0 0 0 0 0 0 0 0 0 0 0 0 0 0 0 0 0 0 0 0 0 0 0 0 0 0 0 0
0.476876364547708 0.0636485703005129 3.11103401145197 4.04444244740126 0.0573393574102866 1.35998790600047 2.68567666281895 3.6553178178255 0.737386504675051 6.94899767933545 0.243702195865521 2.69041811733523 0.335177594509569 3.48902637424979 0.089008035650519 0.376834714503464 3.11732311508597 0.584265631899986 5.22648681283897 1.39514876108051 0.498350645026577 6.71667516358669 0 0 0 0 0 0 0 0 0 0 0 0 0 0 0 0 0 0 0 0 0 0 0 0 0 0 0
2.2672340479722 3.03290935105913 1.14271902412629 3.48487737842312 1.59251513234659 0.419539834713653 0.553461418422336 1.40086108552921 0.725868790951153 1.34454295669577 0.0445390603372521 3.66825305742111 2.27121686082681 2.96562982208517 1.83775701860633 0.368293770536471 2.59111755376552 2.25804883456413 1.60759273134842 0.659139376446276 2.30631866888848 0.962090301887904 0.761759964532864 0 0 0 0 0 0 0 0 0 0 0 0 0 0 0 0 0 0 0 0 0 0 0 0 0 0
2.48930109965917 0.0238034017438093 0.181778225680186 3.24723797493132 4.18536922389519 1.53800024856127 0.0397263268733694 1.9268184783887 0.149865149939204 2.66355149619389 2.4805913741376 5.42543800106755 1.86487748302989 1.64032729475776 0.889458063196222 0.390589263541045 0.915324131964715 1.5324942368282 2.82063693943066 4.27581762776318 2.89949945517023 6.60561918703836 1.59266104473814 0.581701737268956 0 0 0 0 0 0 0 0 0 0 0 0 0 0 0 0 0 0 0 0 0 0 0 0 0
0.297502180089657 0.401653085189973 1.51344287783309 1.92386057409241 8.00845998634365 0.133669668827131 5.08507055232282 6.386863297551 1.19475399293988 1.02947134289252 4.43239609972181 5.99437640548275 1.81372202718316 2.10420627252868 3.83701122583177 0.550965128100633 0.464785583855731 0.569897318950756 1.58738735299422 0.686207063894383 14.0543535912778 1.17428888278617 0.0269038826811913 4.11491579769202 11.7065164143055 0 0 0 0 0 0 0 0 0 0 0 0 0 0 0 0 0 0 0 0 0 0 0 0
1.94726524933953 3.66332627040245 0.247061267254278 7.35094171136794 1.24226287285514 1.93601849520197 0.55884031670305 4.58187135445634 0.173770389203417 2.09734879539752 0.4276252958787 2.75556856100268 5.25074064013871 0.721972624372729 2.43088715936737 0.22186830702078 1.46543428015275 6.15328147911204 0.981456085193474 1.72097070440277 0.155003446223315 0.525107095349468 4.85960794492844 2.66585277073153 3.49659100535831 2.36066995593441 0 0 0 0 0 0 0 0 0 0 0 0 0 0 0 0 0 0 0 0 0 0 0
2.51117414581515 3.65256065877869 3.02425490035681 0.408055057131644 4.16828934832099 1.04472707221647 3.50603831301043 1.25869277671039 2.59493464135738 0.184121019088236 0.866653521317825 9.39017453170051 2.08097882905606 1.88521554268071 5.24578839311682 1.44313258977151 0.80500100132907 0.704198675231988 1.46315430942655 0.0911053151749807 1.05654680619517 3.12103363398064 5.1888599594135 0.669472562721127 0.173034503681716 0.354991283923961 0.287110694982899 0 0 0 0 0 0 0 0 0 0 0 0 0 0 0 0 0 0 0 0 0 0
3.04077429542691 4.83347138270867 0.653750519769387 2.65818222138137 0.457486696087285 0.250205133886228 4.85031763336299 0.343750104948251 3.15107456429524 0.904665891375911 1.61208440544688 3.42248474734072 4.69686283176635 1.04014199613278 1.98157972456876 0.412015324738711 1.88988755759611 4.39392689349751 7.6568354729725 0.504443585770289 2.92533248490536 5.89725882608213 0.256052229882525 0.189011412396121 0.208354748026372 0.0966446860946859 1.07522427699207 1.31814950262393 0 0 0 0 0 0 0 0 0 0 0 0 0 0 0 0 0 0 0 0 0
1.16314745749334 3.73425334836957 1.76169658374091 2.16984566470678 7.37204836974946 0.249396815346568 2.87385427390255 0.283179596606938 2.86559303962627 1.52789949010879 0.772157237190104 1.20302183339404 3.29501484580676 1.0317174621106 1.11205498636077 0.141769037051923 2.52633068708886 0.226776579398393 0.0835563088882639 8.03907976260177 8.49140878622957 2.45222503949801 0.104939783085888 2.06598390741669 8.42756705571085 0.312003419535719 0.238812394826513 0.48395420918465 0.414121595980587 0 0 0 0 0 0 0 0 0 0 0 0 0 0 0 0 0 0 0 0
1.27007215876188 3.09021927669853 0.584810763953891 0.037834931962143 1.29156119548937 0.347441556046904 2.51765296489842 0.605191414891423 0.284803801548785 1.71163368732747 0.531803844646981 1.93942698566576 1.6518984390289 4.55556905876623 1.62082526209995 2.19971761371835 0.0813772439275031 1.08328184969724 1.53746985735245 2.28526293015898 1.72488660907215 0.00378468704015234 0.423485210865893 8.69024183797865 0.999465896005657 0.735660721264679 0.755637795983532 2.80437008710768 1.20418316616872 2.53555994664629 0 0 0 0 0 0 0 0 0 0 0 0 0 0 0 0 0 0 0
3.04517815801809 0.788513157505484 1.42647777468648 1.85311048469214 4.5101062673239 0.149666056467209 0.345334846006942 1.35208064611195 0.072665312080733 0.0393800773212586 0.599860187155071 1.89314750908153 2.30585890453619 3.03751918257526 7.78337346111332 0.472960649743849 1.51226527237505 3.3438830348782 1.88463927433209 1.07938863759366 1.56566389020159 2.1172862846095 0.112334653260066 0.722108224602772 8.79217522167634 3.34223829199117 2.11534080877462 5.9026078599327 0.942762761046885 7.88190932870547 2.26819681284723 0 0 0 0 0 0 0 0 0 0 0 0 0 0 0 0 0 0
3.4058924537392 5.44559416167085 1.19599638125915 1.11158145460066 1.52989650122978 4.21977312845313 1.12056805395737 0.269066249079706 5.79973101051074 2.08435311449368 2.70488593085773 1.1990757086701 1.2604100428946 6.08076270950689 2.78498532692703 0.0625164432804546 3.77106714066926 5.09967666761135 3.80437085101284 0.195646920586863 0.655807873661265 2.9943685559623 1.63664514567314 4.67151890246843 1.71350676868102 2.49834685457536 0.788593729755961 1.9969771166629 0.138307226182462 4.19006025901826 2.74864876609798 0.921981964636565 0 0 0 0 0 0 0 0 0 0 0 0 0 0 0 0 0
3.80701867153476 0.562966856408334 1.03408879684492 0.948800107535388 0.721286454844914 2.10783031884298 0.0198343634409065 5.1515344241944 0.467126588976651 4.16284378800275 4.56388501028623 1.30274766448169 1.70172257927412 5.96659350040774 1.06902009469518 1.06906718700206 0.137194321434686 1.15135353329875 2.40241966689797 3.29593043063775 1.36296533123947 0.163012983912164 1.17191524903143 1.26871494741078 0.112231389176156 6.1134612172735 1.95493373993796 0.230726431274123 0.533553145826292 0.217906282163448 0.185023480397685 0.905452772454667 0.0615653551877806 0 0 0 0 0 0 0 0 0 0 0 0 0 0 0 0
0.0123975811431566 1.80368667797923 0.976655256847454 3.92124942983846 3.1097866755542 2.50415061905022 0.727766227565442 3.67440555778887 1.33885963758635 3.57213741936778 0.00066353668626681 2.27416984147394 1.04910235883987 1.17598295984693 0.145452976909884 1.14976145823831 1.31091903060326 4.03037147595498 4.99971597680919 0.462445533785765 3.07257372355556 2.40845231519358 4.12792243169039 1.14062418128104 1.22894165126789 2.2095187490634 0.0647960065350601 2.30089482887129 2.32785962101259 4.3851621922353 2.07057938223731 6.31352050063367 0 0 0 0 0 0 0 0 0 0 0 0 0 0 0 0 0
0.846420833185507 3.49720372392487 1.79866364103512 5.01928334504751 7.41509300667033 1.76466722177619 0.805918675956174 0.0435304658748117 3.6388252616587 1.51812070517232 6.52338753232507 0.451496915192665 0.348875639316275 1.19569014075492 2.38527585671812 0.208192866767151 2.15812328126571 0.351522891031186 1.94384158097801 2.18796899576234 4.1645206415812 0.270283373658439 7.03379288907276 0.72845357325493 1.52322557348377 1.72282134793875 3.89179793823593 0.499312575265618 4.00493137633326 1.92474515274963 0 0 0 0 0 0 0 0 0 0 0 0 0 0 0 0 0 0 0
0.434020232321654 0.0458389793700053 0.423058720258911 1.89482068926537 5.12029452162079 0.365707711335954 1.99031509793908 1.01567061782128 0.592016623827151 4.18189929969962 0.089345178856638 1.64070830764304 0.735700433891001 8.24473974803304 9.13297385428104 5.62534795644964 1.48173896097507 5.43701475024357 2.04148169720901 4.25474668646581 1.55693821110761 0.156720091870955 2.73200475349695 7.6385105414858 3.95034942858833 0.704006705393866 0.352026456072259 1.35284392301085 0 0 0 0 0 0 0 0 0 0 0 0 0 0 0 0 0 0 0 0 0
2.16675179812035 0.712455525767917 2.38668532741482 1.62383170177676 1.80482649548846 0.700639557617345 4.56962910745767 0.66714640445314 4.16956492062042 7.28806613418261 4.58361342110563 1.4629136091252 0.18849727887651 1.43837629613682 3.33314352385462 1.08331029167948 2.02531736724141 0.921450384169161 16.9943488654408 1.26971507414522 0.00492725930487518 3.05859553220636 3.38130626920964 2.8653432859826 0.10975156015386 2.37647643072414 0 0 0 0 0 0 0 0 0 0 0 0 0 0 0 0 0 0 0 0 0 0 0
1.76810601165056 2.93138616058687 0.767566704574317 3.54936018089343 0.753055758974511 0.704699184746766 0.245222622917325 6.17263316106273 5.2260965309592 1.5697227042462 0.522818056971688 0.284180363552538 2.3517449619017 0.19924961202321 0.429875928518497 1.08524442336539 1.99719370490815 4.61140735145244 5.93222986501102 2.2433654651631 0.0303160615448061 0.54887785539878 8.65800125106134 0.286551944443348 0 0 0 0 0 0 0 0 0 0 0 0 0 0 0 0 0 0 0 0 0 0 0 0 0
0.452809953762366 0.583542802513861 3.21755866416393 4.18903351241855 4.65925888917218 0.410602548931113 13.0240131371443 0.734705992078645 2.55042601124316 0.378461835521836 10.7529292971252 8.15770522291025 2.62022087145975 0.866175539918011 5.8425991529914 0.906251523237564 0.161124380334586 0.0993750870152193 0.831781524540227 0.0928061012759507 2.33515643479446 1.10643802094395 0 0 0 0 0 0 0 0 0 0 0 0 0 0 0 0 0 0 0 0 0 0 0 0 0 0 0
7.82165794062027 3.30210238663714 1.93851066209454 1.1882436780071 1.62861938651229 2.65620113901252 0.36540749704995 0.710444881901913 2.55764942687201 1.72779075736466 1.66097789178146 0.936390937039937 2.28814915996084 2.29162941133409 0.61181914402957 1.01510684938646 5.22652839361872 0.0435292900574856 9.05157294733682 0.176732715320612 0 0 0 0 0 0 0 0 0 0 0 0 0 0 0 0 0 0 0 0 0 0 0 0 0 0 0 0 0
1.05629593217175 2.47869395117463 6.55514006260226 1.18127428825856 0.838498806665446 4.74679147048768 0.180838755361721 0.950780754167933 0.0209606735869398 1.54704541435719 4.27254333141264 2.74366159864563 1.09194722350777 0.00164278499763565 2.2471387062813 0.166867639190821 0.400122147419087 2.06040434384718 0 0 0 0 0 0 0 0 0 0 0 0 0 0 0 0 0 0 0 0 0 0 0 0 0 0 0 0 0 0 0
0.683047021230118 1.97479657803398 1.24074377077008 4.95600348702697 0.310053154727508 0.786109958224603 2.26750900999569 2.13788088908298 2.40996426341089 1.82270701600237 1.06913770529421 6.0403159685533 1.25386736232857 0.748538252580257 0.0314912600191605 1.50843649706428 0 0 0 0 0 0 0 0 0 0 0 0 0 0 0 0 0 0 0 0 0 0 0 0 0 0 0 0 0 0 0 0 0
6.72713603490403 0.914137281481519 2.45915974153249 2.74607188025548 0.188843913263934 1.5754487875193 1.6000474372771 0.927295508129631 0.665400333226146 1.00046105772916 6.67048115795542 1.19581879600069 10.6950421083373 0.892498631820355 0 0 0 0 0 0 0 0 0 0 0 0 0 0 0 0 0 0 0 0 0 0 0 0 0 0 0 0 0 0 0 0 0 0 0
0.469717184767407 0.379769069647172 2.93521823377746 0.137138869584975 1.78041605920119 0.0312090665023587 4.11308873498449 6.85911580820777 3.5947906729191 2.01616776047888 0.693632717770431 3.24316967917853 0 0 0 0 0 0 0 0 0 0 0 0 0 0 0 0 0 0 0 0 0 0 0 0 0 0 0 0 0 0 0 0 0 0 0 0 0
1.5338446312394 2.17741715625014 1.91552663911151 2.28668855988462 9.51377550945356 0.593417551496121 1.94216118563787 3.10009606912155 1.96078304544998 0.312859523752351 0 0 0 0 0 0 0 0 0 0 0 0 0 0 0 0 0 0 0 0 0 0 0 0 0 0 0 0 0 0 0 0 0 0 0 0 0 0 0
4.59955855181527 0.432534742308915 2.755992146273 0.301265020292519 2.80476081216966 3.95574628739001 1.18084493909331 1.75942544488604 0 0 0 0 0 0 0 0 0 0 0 0 0 0 0 0 0 0 0 0 0 0 0 0 0 0 0 0 0 0 0 0 0 0 0 0 0 0 0 0 0
4.06207732645115 1.44539527745443 0.435302052079652 0.118219166731953 3.28735492385339 3.42298120020287 0 0 0 0 0 0 0 0 0 0 0 0 0 0 0 0 0 0 0 0 0 0 0 0 0 0 0 0 0 0 0 0 0 0 0 0 0 0 0 0 0 0 0
1.80699022459186 0.936199325205407 0.0748456023768866 0.326277824607324 0 0 0 0 0 0 0 0 0 0 0 0 0 0 0 0 0 0 0 0 0 0 0 0 0 0 0 0 0 0 0 0 0 0 0 0 0 0 0 0 0 0 0 0 0
0.975114165781962 0.589743024575071 0 0 0 0 0 0 0 0 0 0 0 0 0 0 0 0 0 0 0 0 0 0 0 0 0 0 0 0 0 0 0 0 0 0 0 0 0 0 0 0 0 0 0 0 0 0 0
