8.75490267686076 0 0 0 0 0 0 0 0 0 0 0 0 0 0 0 0 0 0 0 0 0 0 0 0 0 0 0 0 0 0 0 0 0 0 0 0 0 0 0 0 0 0 0 0 0 0 0 0
5.46919811693709 1.83779738396435 0 0 0 0 0 0 0 0 0 0 0 0 0 0 0 0 0 0 0 0 0 0 0 0 0 0 0 0 0 0 0 0 0 0 0 0 0 0 0 0 0 0 0 0 0 0 0
5.49948721664256 5.31760439126567 3.15224054403256 0 0 0 0 0 0 0 0 0 0 0 0 0 0 0 0 0 0 0 0 0 0 0 0 0 0 0 0 0 0 0 0 0 0 0 0 0 0 0 0 0 0 0 0 0 0
3.05330901717338 1.92965722684161 5.57728806896233 0.406629140387592 0 0 0 0 0 0 0 0 0 0 0 0 0 0 0 0 0 0 0 0 0 0 0 0 0 0 0 0 0 0 0 0 0 0 0 0 0 0 0 0 0 0 0 0 0
2.77232163995716 2.70844345082274 5.00592889096943 5.46988701685365 0.124524174495696 0 0 0 0 0 0 0 0 0 0 0 0 0 0 0 0 0 0 0 0 0 0 0 0 0 0 0 0 0 0 0 0 0 0 0 0 0 0 0 0 0 0 0 0
0.707481327477281 6.59688515472079 0.949360403865751 0.0444562855919843 1.89546538968763 5.23540927028405 0 0 0 0 0 0 0 0 0 0 0 0 0 0 0 0 0 0 0 0 0 0 0 0 0 0 0 0 0 0 0 0 0 0 0 0 0 0 0 0 0 0 0
4.26946299187828 1.85584759127492 0.419793158005405 1.11580798924069 1.35521500416357 2.11715860415858 0.768128660607312 0 0 0 0 0 0 0 0 0 0 0 0 0 0 0 0 0 0 0 0 0 0 0 0 0 0 0 0 0 0 0 0 0 0 0 0 0 0 0 0 0 0
0.182056702114468 1.24949191735654 6.88285965461423 2.29230922069942 1.01718325142658 5.46564826827773 3.18810675883134 0.0724572116486824 0 0 0 0 0 0 0 0 0 0 0 0 0 0 0 0 0 0 0 0 0 0 0 0 0 0 0 0 0 0 0 0 0 0 0 0 0 0 0 0 0
1.8761243510753 6.23527553942943 2.23800771845706 1.08069127521246 1.14811558226904 0.533830133038995 0.333608219951487 2.11818038789744 6.91674267648663 0 0 0 0 0 0 0 0 0 0 0 0 0 0 0 0 0 0 0 0 0 0 0 0 0 0 0 0 0 0 0 0 0 0 0 0 0 0 0 0
0.567853937850799 2.55411214611433 4.0142811279343 1.40433898595648 0.624849568285017 0.884713836065954 0.385362538592087 0.760116304090726 0.262152824928283 0.888962613704985 0 0 0 0 0 0 0 0 0 0 0 0 0 0 0 0 0 0 0 0 0 0 0 0 0 0 0 0 0 0 0 0 0 0 0 0 0 0 0
2.78335489944957 0.885991832711992 0.293025812283038 0.765594793686155 0.517737730325029 1.83540280434667 2.59072144764285 0.504699427242324 1.12851340452422 1.17612462299636 0.50067994388593 0 0 0 0 0 0 0 0 0 0 0 0 0 0 0 0 0 0 0 0 0 0 0 0 0 0 0 0 0 0 0 0 0 0 0 0 0 0
2.89456966164018 1.9492092197055 3.27312880779525 4.01770605216678 1.21823193235509 0.132128344397376 7.92024581414816 2.24370747166222 4.42298262846516 4.1558106458784 2.88783145112812 3.26967835369135 0 0 0 0 0 0 0 0 0 0 0 0 0 0 0 0 0 0 0 0 0 0 0 0 0 0 0 0 0 0 0 0 0 0 0 0 0
0.0758804228974252 0.644896129275309 2.07973513141322 1.14065696890948 6.06651006641793 1.21382527929942 0.0918566087657521 2.08708527353268 0.548014581234485 1.13223964111922 0.377009729926981 0.188509575434688 1.44292353483394 0 0 0 0 0 0 0 0 0 0 0 0 0 0 0 0 0 0 0 0 0 0 0 0 0 0 0 0 0 0 0 0 0 0 0 0
0.22953185154379 1.47820490557866 0.313444170153275 0.176817180793861 0.965311938246942 1.09940053312102 0.75282393862752 8.3323289668713 1.99374671662835 0.868477741178975 0.246472234361427 0.639449667523148 3.26683822869936 1.41889735488618 0 0 0 0 0 0 0 0 0 0 0 0 0 0 0 0 0 0 0 0 0 0 0 0 0 0 0 0 0 0 0 0 0 0 0
1.56345770732082 0.0294517053099664 2.78096247823306 2.50932503061696 0.726972394117512 1.96171680517819 2.23778183622698 2.74883794230663 0.959060249460878 0.803246391705682 1.74526548958308 1.45652101018774 0.660319046767657 2.03553578207878 0.0569759827555539 0 0 0 0 0 0 0 0 0 0 0 0 0 0 0 0 0 0 0 0 0 0 0 0 0 0 0 0 0 0 0 0 0 0
0.743099461303716 3.86737045310086 0.226929159430147 0.722310579851987 7.47892362295223 0.497315090523565 0.179396197244353 3.83666879905904 0.603547861961988 2.48669404672338 2.15874904765947 1.37454750667001 6.36165985663866 2.73429681092763 2.74277643506973 2.43022433010648 0 0 0 0 0 0 0 0 0 0 0 0 0 0 0 0 0 0 0 0 0 0 0 0 0 0 0 0 0 0 0 0 0
1.53278353265892 0.53303575168517 1.58720310785914 0.812577020452424 3.86421577818329 0.472304042035519 0.934277283221263 3.12650608698193 0.977525683514752 0.509270528694638 0.300880868717563 3.37032184638883 9.01300056947419 0.295311263055643 1.97555655508036 0.21756698736138 6.96798124719915 0 0 0 0 0 0 0 0 0 0 0 0 0 0 0 0 0 0 0 0 0 0 0 0 0 0 0 0 0 0 0 0
4.87734519779976 3.87618803885756 0.327876978330169 1.38810168763082 0.236401247938461 4.17409489717978 2.3517910502055 3.99024548926153 1.50970172981891 0.0585844888523621 1.13514257466146 2.94095893241688 3.37038411377953 1.90179773534732 1.0974948731845 2.69797542742489 1.34391205917463 4.52847691939422 0 0 0 0 0 0 0 0 0 0 0 0 0 0 0 0 0 0 0 0 0 0 0 0 0 0 0 0 0 0 0
1.76824485148846 1.87582151582276 1.19984880952152 1.63066967993066 4.78409479947698 2.48485470880259 0.980534815712448 1.1470625007854 1.7133380623227 2.75977193806122 2.50597713752774 2.12153458903152 6.60378891292615 1.32415877888889 0.0692343323993014 3.82538310128669 3.22007898068968 2.11939251851386 0.352301782649661 0 0 0 0 0 0 0 0 0 0 0 0 0 0 0 0 0 0 0 0 0 0 0 0 0 0 0 0 0 0
0.0446366529028092 1.62008806550279 0.00652595314747711 6.72476598207969 3.24612536702406 1.41324963895397 2.3840234352065 5.13605093777638 1.29689282525621 0.343272280128691 0.887340985905438 2.39589726017256 0.243779401885822 1.52929076467734 2.87428337228229 1.58329200285838 0.090333116970629 11.7181955741076 5.74169619243799 0.136272476858074 0 0 0 0 0 0 0 0 0 0 0 0 0 0 0 0 0 0 0 0 0 0 0 0 0 0 0 0 0
0.195760148710421 3.75423637655232 5.61472183711607 1.6768226791252 4.38579656503657 1.02069390241598 5.87401184097174 0.61440125569713 2.05997292669872 2.96260992883514 1.15228179738503 1.34408823575641 2.99253071316963 3.27480892268765 2.45204373504304 0.660509353372842 3.11014211754331 1.19780932467178 2.43131364241148 3.86872012100115 0.940087817825174 0 0 0 0 0 0 0 0 0 0 0 0 0 0 0 0 0 0 0 0 0 0 0 0 0 0 0 0
0.655060651100731 3.34174268571788 2.02693167657246 1.2067789239388 1.36644764499298 0.446199128480305 2.01850158072893 0.861091904632048 2.11158651673578 3.10548231472598 1.84366245001442 0.801405725548257 1.62459872766343 0.251240515523874 0.378782348022414 1.9729240483581 0.528107381070251 0.00364912281731431 1.87637404749908 3.89406826523301 0.629463462352516 0.818404483454905 0 0 0 0 0 0 0 0 0 0 0 0 0 0 0 0 0 0 0 0 0 0 0 0 0 0 0
0.316070537108067 5.97119926995539 4.49564803022147 3.13470772040392 1.75496107144691 2.96985473495454 0.639672450724883 0.0290513840894598 0.153453725958683 5.320815738672 0.293626957432847 2.31939680194713 0.62588597969646 1.42546810188755 0.563470690798607 3.47699832723756 0.703097963035412 0.123718487318199 1.91975051476294 1.45806680533596 0.859472941382652 2.22321166373645 2.63932674701602 0 0 0 0 0 0 0 0 0 0 0 0 0 0 0 0 0 0 0 0 0 0 0 0 0 0
5.08505103857767 1.19171467653563 0.765786940185796 1.92361552269075 0.846573846244738 2.28904483618253 1.77906184180725 6.36133856970484 4.87354672756348 0.953287360565323 5.81825828378222 1.8249607634371 0.869535582491372 4.88740652491686 1.41453927915446 0.606413090285259 2.00352582875696 0.0108826070064653 5.4311491048017 0.109442390052371 4.33956182408784 3.54782147180096 1.30725022830289 7.44710997706918 0 0 0 0 0 0 0 0 0 0 0 0 0 0 0 0 0 0 0 0 0 0 0 0 0
0.034365391061377 3.538792085768 3.64039874183572 1.03340106542171 0.248792425486407 0.109223911595851 5.19808805205926 2.67207199257162 0.273083925055773 1.8435349481313 3.69947789478832 3.28010834534262 1.26876593241419 0.806111677317251 0.804517648995514 3.02719254675311 3.37248374177035 2.85865547386887 0.39054417061669 3.34851739319282 5.23123548755667 0.0104034241466138 0.201672276049105 2.6559989996307 0.229511209897664 0 0 0 0 0 0 0 0 0 0 0 0 0 0 0 0 0 0 0 0 0 0 0 0
0.683248391432808 0.374260120858573 0.0730468859735807 2.74668281970899 4.19588934311988 0.374784596628073 2.92276113105354 4.89571957407951 3.24802070501405 3.65876100077014 1.0883835950824 5.29252179304638 0.498808249673979 0.496328293474335 4.04233932769207 5.27171862309012 2.37346273186786 0.645582800949875 6.60693699112952 0.300775981739134 1.35443848529622 1.07143422891783 0.0331284737795997 2.324542360097 2.26346117169763 4.58978056919286 0 0 0 0 0 0 0 0 0 0 0 0 0 0 0 0 0 0 0 0 0 0 0
1.44416691387573 1.03273716248947 1.66357104566631 3.22850351641979 0.256059323859943 1.89264957891498 4.27927554415969 0.182885917104561 0.179315108074226 0.783276198354971 0.942170899190393 6.19343822692289 1.35035062080673 6.42227196768336 1.18049723168429 0.440853654638338 0.483718977858067 2.0725576157544 5.33727647355405 0.678346601768913 0.425988885583457 3.52336608227311 0.38053390673339 4.45712883692239 2.8452506081754 0.993170580406556 1.99507998183919 0 0 0 0 0 0 0 0 0 0 0 0 0 0 0 0 0 0 0 0 0 0
4.43984184833075 1.22762443329141 1.01656945859796 4.2892284180314 3.42444751450145 4.07929835804889 0.661344691509026 0.555189943126984 0.384792688482249 0.658390521367394 2.03036112411463 1.91812122236167 4.90731256289854 0.137096201585457 1.82455072302749 1.17464155122784 0.446521912668944 0.951292610516861 2.1301933191379 3.18165890831783 1.52230580329089 0.192389389542241 0.477961953616817 11.0191598608765 2.01603777165703 3.64427882176771 10.5604317875472 1.13707266852683 0 0 0 0 0 0 0 0 0 0 0 0 0 0 0 0 0 0 0 0 0
2.56704201265477 0.1314789367407 0.939379792258937 0.586283570609785 5.58514075669268 3.98609282531521 4.25288206070284 2.38944783922447 5.73668451188996 2.95258797257907 1.60056216751561 6.67059803794475 4.81457342151574 4.16316034651529 0.147114398273553 2.26140623421112 2.56090923809455 1.65181439713514 1.73428613466761 4.29326557119834 0.176599209901169 3.72425335049482 1.40454519157415 0.0600641664810817 1.67262510332302 1.33978993061754 1.3821288313354 2.35610672067311 4.89661408641541 0 0 0 0 0 0 0 0 0 0 0 0 0 0 0 0 0 0 0 0
0.732026138218909 0.394918871013426 2.00764835525745 0.876389648333057 3.1965781645527 0.537389278794496 0.438823527898063 0.872481712640285 0.439636097553046 5.30914612286845 2.69075436728727 0.146072875982328 1.73237978086158 1.71179363116131 0.438180243314498 0.07796013908131 0.150140423945925 2.64604185155965 2.41336112766574 2.33879977019592 0.368968221068617 0.60287894985853 0.0691922398253542 0.822693674018336 1.24303682565662 0.273136809668966 1.72937466484172 2.04806589872644 5.41921173806797 2.45120041051627 0 0 0 0 0 0 0 0 0 0 0 0 0 0 0 0 0 0 0
0.30639913084666 2.07160606219788 2.58875198337935 6.43293422955206 1.66640766859375 0.609347397655996 1.9641815882045 3.43660546879621 3.22230049263789 0.0851515646507653 2.73453118296908 3.39705251733608 0.159227029558974 4.03467676906368 3.40830307819117 0.394054177232909 4.86538913433958 2.35504343629303 1.16349727469458 6.49483791741442 1.23694124021173 2.6521114714307 3.74502786847925 2.58504478634831 2.08464035764947 0.554380100494837 0.00707568471021103 2.95677554293526 2.29198369005726 0.0814164612978573 7.90052099811616 0 0 0 0 0 0 0 0 0 0 0 0 0 0 0 0 0 0
0.849764464387001 0.0810995146396291 0.0999472758001324 1.43915905538807 2.96209935222559 0.527939629538649 0.709788857204852 4.13023281372418 0.899100476349809 2.93787476654796 1.69031736037507 0.228180188291652 2.999799758349 2.2054925475897 1.14877584176415 3.1113532432442 0.205880116787609 1.90109732059086 0.760905712017134 6.81793788881124 1.04200429703671 2.69689016469712 0.195002498891082 0.350599440081169 1.1030659045974 1.09760943191791 0.263273654734134 4.53129139073508 3.05874722446414 2.51331997015567 1.92153363103473 1.00984604002837 0 0 0 0 0 0 0 0 0 0 0 0 0 0 0 0 0
0.152860236367377 1.47072947089954 2.32858747026845 0.224367951361703 0.566700573436286 0.985482044110322 0.821563584770218 2.46452694440678 2.24706833414186 0.644149844753985 1.40116994599708 4.55197552339702 1.99632364516698 3.43575985671471 0.451221244377866 2.22229687738674 1.01388557970608 0.758970477209034 0.98539050080603 0.298176485992328 2.41245701418793 0.261426059318398 4.81328712448586 0.610325812914549 1.36309388657392 1.46273705120689 0.227505537704657 4.54570931138748 1.54552158088759 0.00371640893129173 1.20670489922363 0.375453813001919 0.341751808182169 0 0 0 0 0 0 0 0 0 0 0 0 0 0 0 0
3.59954125839379 0.778819670009734 2.61778888850871 4.04903013968344 2.26781804874227 2.88382099194181 0.198127123747017 1.63565670407418 4.44120527821334 1.08965232504535 0.576421590679124 0.908270027577093 3.13294312220849 0.95271857793934 9.54803183103435 0.838268697154491 0.451759206038482 4.61530252089683 1.21802115219233 1.76227802161999 0.247840385446273 0.980021449423484 2.95455049663691 2.64664078352947 0.355759728436311 0.361112353300056 1.49298470458945 2.86344991700283 0.453716279343984 0.919495915634637 3.65712982565684 0.816373013096569 0 0 0 0 0 0 0 0 0 0 0 0 0 0 0 0 0
0.370180565213722 2.09702892422214 0.754558373893538 1.35714833678422 3.58398783591804 0.224137763558058 1.94430621248321 0.988030743210272 1.87373530616809 1.17966374002067 2.00096754463835 1.67464372721828 5.32245894255677 0.895031554065955 0.455734688679774 4.74626046242767 1.86246509384804 1.29430003089726 2.34872786131283 0.793781213803383 2.17828003297397 1.69535876367212 2.79795142881458 1.08751922038886 0.104780405968595 7.30788624203648 1.09383153735159 0.151288830376054 8.98315895818273 1.84268772551512 0 0 0 0 0 0 0 0 0 0 0 0 0 0 0 0 0 0 0
0.536095543747848 10.2355046920578 0.365694507294395 0.11718876568924 0.880608957359599 1.50412741365735 2.6596603534769 1.54825953062442 4.55515178954352 8.37461045135562 0.133388599557024 7.83247193280699 0.355129552637363 3.19885564676408 2.65702321723696 1.18025593443541 2.69758028013795 0.105897985563972 2.27995878037243 1.52189249668576 0.110356074860945 1.44715268072811 1.92717463859649 0.438270812137797 1.73131395620156 0.375643149875232 3.72551105504984 10.355642604998 0 0 0 0 0 0 0 0 0 0 0 0 0 0 0 0 0 0 0 0 0
13.8766163058979 1.86447964394398 0.979392194321629 2.76068357648988 10.7819158247648 1.45579657052617 3.58845653361212 0.984942683260791 0.655164378691709 0.280339371434951 1.04009047096186 6.281260148351 2.09217707160957 3.26627008937652 3.12699683967109 0.511563125195507 0.930308169975186 4.58599240137621 0.162104347758269 2.69832876149237 1.53599361912293 0.299593858676578 2.07453178247346 3.06789361568269 6.20689814419599 0.687441927652803 0 0 0 0 0 0 0 0 0 0 0 0 0 0 0 0 0 0 0 0 0 0 0
1.83779968312126 0.959940171861907 1.43550151416292 1.80725388680915 1.11010674404864 0.442513811039469 5.80132210395047 0.14514413715797 0.0585526258037468 0.405932993923259 0.768290630986393 0.79652573304934 2.11709180626692 5.08661021416415 0.201039936578597 0.0672192855997387 0.217672210547429 1.43235787591572 4.27258394541022 8.27980909619315 0.812943015412816 0.0998881273436345 0.49506571898047 3.0050544806421 0 0 0 0 0 0 0 0 0 0 0 0 0 0 0 0 0 0 0 0 0 0 0 0 0
0.73458156655299 1.12492872133998 1.9293549909443 1.29036205102829 2.59465546534596 0.154908951969333 2.17092546335476 0.330918076409869 2.39375388349279 3.10285802134352 2.29515140019684 0.619264780306998 5.02895338411344 0.107645770403346 1.30241060079824 0.948639751938818 3.98812898844419 0.0228530637614668 2.99981707617585 0.536050597326521 1.8513123390757 4.97887666717251 0 0 0 0 0 0 0 0 0 0 0 0 0 0 0 0 0 0 0 0 0 0 0 0 0 0 0
4.13036650736381 1.15943170367529 2.26222288560514 1.21676069168329 11.412880868957 0.556162540953921 0.689255643769465 2.15869405399928 3.95905722695402 0.871774899951144 4.06120514301919 1.86382817257361 3.52761044316923 1.08932138848061 1.6826519989706 0.802832396694391 1.04346831827944 0.33809731841725 7.1597879654819 1.01973787883425 0 0 0 0 0 0 0 0 0 0 0 0 0 0 0 0 0 0 0 0 0 0 0 0 0 0 0 0 0
2.53317708256751 0.456677118488384 0.229818757974693 0.6652741347688 0.377853267032826 0.441807294265347 1.83790150687122 3.99740866430057 0.0412158303820804 0.581561076491388 0.899366066819653 1.21187121049281 3.38848091133701 3.24219533174942 0.402762492057964 4.74664088290622 3.07381719310744 4.67531090846983 0 0 0 0 0 0 0 0 0 0 0 0 0 0 0 0 0 0 0 0 0 0 0 0 0 0 0 0 0 0 0
0.135867534057806 3.1786091783355 5.1262771425891 0.0606207563065935 4.70002926204909 1.92007607327201 1.97378024960089 1.43727857296498 1.60518493658228 0.58085137092089 0.890888658518564 0.227183972469257 2.57597574260139 1.217764989248 2.570011910184 0.287992807759036 0 0 0 0 0 0 0 0 0 0 0 0 0 0 0 0 0 0 0 0 0 0 0 0 0 0 0 0 0 0 0 0 0
0.350286247624211 0.59624974963936 5.4255684394077 0.856575096477061 2.07367250618242 2.36777568796153 1.97372689145751 0.281215815770436 0.893552279219732 1.9602350719094 2.93191358558115 1.20836569184954 2.31789762342411 2.07278203856559 0 0 0 0 0 0 0 0 0 0 0 0 0 0 0 0 0 0 0 0 0 0 0 0 0 0 0 0 0 0 0 0 0 0 0
4.85527529958712 8.87847003562119 2.7206472153391 3.35885027318044 2.17217470257959 0.552813529371826 4.01496621451181 1.02120906826555 0.0298631455941444 8.18308062942677 1.0259170734617 3.9584856307034 0 0 0 0 0 0 0 0 0 0 0 0 0 0 0 0 0 0 0 0 0 0 0 0 0 0 0 0 0 0 0 0 0 0 0 0 0
3.31594483905348 1.64611413377735 2.89573409238464 4.38230211501994 1.14578635569146 1.05501351327848 1.30586700230384 0.0164396110877366 8.66022728587434 1.07494734870524 0 0 0 0 0 0 0 0 0 0 0 0 0 0 0 0 0 0 0 0 0 0 0 0 0 0 0 0 0 0 0 0 0 0 0 0 0 0 0
1.50624452482748 2.67051455347172 2.21409563191754 1.61385092839134 1.97347796819987 1.65586972407105 1.6874207269876 7.09877885523765 0 0 0 0 0 0 0 0 0 0 0 0 0 0 0 0 0 0 0 0 0 0 0 0 0 0 0 0 0 0 0 0 0 0 0 0 0 0 0 0 0
6.05777757620218 2.98376048010269 1.36415621131453 0.478715551860029 1.78459588369844 0.297108017719252 0 0 0 0 0 0 0 0 0 0 0 0 0 0 0 0 0 0 0 0 0 0 0 0 0 0 0 0 0 0 0 0 0 0 0 0 0 0 0 0 0 0 0
2.50926954066971 0.752948500113795 1.1670989712947 3.57969648579437 0 0 0 0 0 0 0 0 0 0 0 0 0 0 0 0 0 0 0 0 0 0 0 0 0 0 0 0 0 0 0 0 0 0 0 0 0 0 0 0 0 0 0 0 0
1.55191023630392 0.185188890948154 0 0 0 0 0 0 0 0 0 0 0 0 0 0 0 0 0 0 0 0 0 0 0 0 0 0 0 0 0 0 0 0 0 0 0 0 0 0 0 0 0 0 0 0 0 0 0
