5.59922542014164 0 0 0 0 0 0 0 0 0 0 0 0 0 0 0 0 0 0 0 0 0 0 0 0 0 0 0 0 0 0 0 0 0 0 0 0 0 0 0 0 0 0 0 0 0 0 0 0
0.803204450928464 3.46646092672789 0 0 0 0 0 0 0 0 0 0 0 0 0 0 0 0 0 0 0 0 0 0 0 0 0 0 0 0 0 0 0 0 0 0 0 0 0 0 0 0 0 0 0 0 0 0 0
0.0973831691931986 4.30212299578623 0.0842198952979527 0 0 0 0 0 0 0 0 0 0 0 0 0 0 0 0 0 0 0 0 0 0 0 0 0 0 0 0 0 0 0 0 0 0 0 0 0 0 0 0 0 0 0 0 0 0
2.43471403014829 3.0998893526974 0.509696788866072 1.30812737181965 0 0 0 0 0 0 0 0 0 0 0 0 0 0 0 0 0 0 0 0 0 0 0 0 0 0 0 0 0 0 0 0 0 0 0 0 0 0 0 0 0 0 0 0 0
1.26819721008085 0.294582705704955 1.55335345581844 5.15793804319483 0.44809620033022 0 0 0 0 0 0 0 0 0 0 0 0 0 0 0 0 0 0 0 0 0 0 0 0 0 0 0 0 0 0 0 0 0 0 0 0 0 0 0 0 0 0 0 0
0.22849020285849 2.97690469997726 0.9090865602874 1.62402072917949 0.997466133666706 1.44780993539392 0 0 0 0 0 0 0 0 0 0 0 0 0 0 0 0 0 0 0 0 0 0 0 0 0 0 0 0 0 0 0 0 0 0 0 0 0 0 0 0 0 0 0
1.92521842929791 0.497236285958744 6.25905657886165 4.82180276705001 2.79771035495028 1.58150501440358 0.541592827051626 0 0 0 0 0 0 0 0 0 0 0 0 0 0 0 0 0 0 0 0 0 0 0 0 0 0 0 0 0 0 0 0 0 0 0 0 0 0 0 0 0 0
1.53435600752631 0.165785486689988 0.784234555346556 3.81724843059965 3.21698512629827 1.49803135288346 0.567584567415931 3.12419741125108 0 0 0 0 0 0 0 0 0 0 0 0 0 0 0 0 0 0 0 0 0 0 0 0 0 0 0 0 0 0 0 0 0 0 0 0 0 0 0 0 0
0.464777803717494 5.13165921837778 4.70456924706258 0.243446441003778 1.60573428873345 0.694485810160716 6.02273045423475 0.385756234882724 1.19886139790384 0 0 0 0 0 0 0 0 0 0 0 0 0 0 0 0 0 0 0 0 0 0 0 0 0 0 0 0 0 0 0 0 0 0 0 0 0 0 0 0
3.34533100567324 0.952724920734691 0.286147086793012 1.89047850615866 0.93300499507908 4.87029715734954 0.720632267584695 1.1105365962558 4.71259078301484 4.75819690408745 0 0 0 0 0 0 0 0 0 0 0 0 0 0 0 0 0 0 0 0 0 0 0 0 0 0 0 0 0 0 0 0 0 0 0 0 0 0 0
2.42638124023863 0.123320147788651 2.17943007643837 1.82946776439553 2.56859902604239 1.21886591233612 3.00731942343364 0.0938464048710019 0.647060408689608 2.05606010650888 4.03945069367582 0 0 0 0 0 0 0 0 0 0 0 0 0 0 0 0 0 0 0 0 0 0 0 0 0 0 0 0 0 0 0 0 0 0 0 0 0 0
0.865270568186695 1.64533523806956 4.5624799110702 2.08172842373318 4.38479080208877 0.702609954083956 0.0556250561579464 1.62219978327899 2.09971044651856 1.43012053398633 3.56190114281237 0.757827207784493 0 0 0 0 0 0 0 0 0 0 0 0 0 0 0 0 0 0 0 0 0 0 0 0 0 0 0 0 0 0 0 0 0 0 0 0 0
1.70889869658047 0.929715722297094 0.609049499195123 6.84720037750449 5.05099712129515 1.74434081055152 0.583628315911774 4.28860032884613 1.40348698385472 1.11147439154254 3.3608503949619 1.86677355234824 0.169950109136885 0 0 0 0 0 0 0 0 0 0 0 0 0 0 0 0 0 0 0 0 0 0 0 0 0 0 0 0 0 0 0 0 0 0 0 0
0.384056912434976 4.96155769069996 4.01320833423062 2.05882865634483 0.119556598836199 0.0895785435701696 0.570469237454993 5.31014784179933 1.61394486756331 0.464106309269064 0.530881156097829 0.544206050994172 1.76162253429487 0.581729152965014 0 0 0 0 0 0 0 0 0 0 0 0 0 0 0 0 0 0 0 0 0 0 0 0 0 0 0 0 0 0 0 0 0 0 0
0.87410763090857 0.567714776683552 0.3003105949692 3.88558332676883 1.20285847427587 3.3391576204997 6.92089718840844 0.420730287819765 0.0712823802528498 3.37996895148684 1.19321542497958 0.358899325692165 1.07242611212232 0.835077806808943 0.377381461145879 0 0 0 0 0 0 0 0 0 0 0 0 0 0 0 0 0 0 0 0 0 0 0 0 0 0 0 0 0 0 0 0 0 0
0.0182017762576309 0.433810620610085 3.21301267355237 4.56070363963066 0.894223358369986 2.66969154041131 4.74106326493826 1.93495926339864 2.8887790002952 1.36233946474783 1.48764120676199 2.3712706373815 1.07989754693527 2.9264149370555 4.64585072149236 2.93800434590034 0 0 0 0 0 0 0 0 0 0 0 0 0 0 0 0 0 0 0 0 0 0 0 0 0 0 0 0 0 0 0 0 0
0.0022051815567112 2.10052149503029 2.12315763280817 2.22231577234084 2.58096223187197 0.511437917310854 1.23872261422213 1.6020571538948 1.97450054365105 3.21939759196027 2.16945270923623 0.936576715776214 1.01688459240713 1.53374999731908 0.710043688453511 1.58391883017458 4.92103833625577 0 0 0 0 0 0 0 0 0 0 0 0 0 0 0 0 0 0 0 0 0 0 0 0 0 0 0 0 0 0 0 0
7.22988132468566 4.54348657363528 1.12806075613942 2.56941139930767 0.237697803621565 0.430844027994112 3.27241284296251 0.234487559376398 2.36848651021539 4.81758729134481 5.13523693613544 0.49431228708504 0.618413740001378 0.806779524340545 6.08641716126902 1.06816525901303 1.9678765947947 1.30336264760871 0 0 0 0 0 0 0 0 0 0 0 0 0 0 0 0 0 0 0 0 0 0 0 0 0 0 0 0 0 0 0
4.33119820612884 8.9717073636955 1.2392492611093 8.06132116807565 2.04576639231133 1.68275533159903 0.102753676387389 7.68770220250697 0.992812765716145 1.66306267510905 0.098320972580852 0.0465677451547888 1.90781226582816 2.15349598206304 2.25505525575741 0.305925393804457 2.74109818518817 0.284911380798308 5.0059164478174 0 0 0 0 0 0 0 0 0 0 0 0 0 0 0 0 0 0 0 0 0 0 0 0 0 0 0 0 0 0
9.83240794621636 5.93382194112351 5.3852029620786 0.763545269727291 0.138726747261107 0.161976312622986 0.486191784900446 2.04429968680233 1.94662406538568 1.36813253268952 3.9557128180132 2.5602889497637 1.4960310160919 2.41668429039028 1.9920545352966 0.166109837502279 5.32482110118137 0.241621896328664 4.98882054162987 1.02505818094138 0 0 0 0 0 0 0 0 0 0 0 0 0 0 0 0 0 0 0 0 0 0 0 0 0 0 0 0 0
0.465180777469639 0.141713476234496 2.42324597712817 3.14517494317638 4.40737662758997 2.02823234089383 3.5925524484722 0.795148062752472 4.36790282074375 2.32226442976933 1.574428610986 4.05055956501226 1.10409986246554 1.71216250849387 0.760965055620377 0.604318459006973 0.363294472179561 4.20913661685679 2.11975076371412 3.5448168197494 1.67293793163754 0 0 0 0 0 0 0 0 0 0 0 0 0 0 0 0 0 0 0 0 0 0 0 0 0 0 0 0
3.25450719835927 0.985404972403701 5.22059607062875 7.63903370105755 0.639085210545399 1.29177719828183 2.30903288666598 0.0767948725595862 0.464774383128913 1.78103273980767 0.72359913601036 1.30729994959828 0.386003079982302 2.15049208656221 2.02102857367696 0.239649328711478 4.90114605800117 1.67476870745815 0.290896114541553 0.367903574435204 1.61325961085084 4.86323363060091 0 0 0 0 0 0 0 0 0 0 0 0 0 0 0 0 0 0 0 0 0 0 0 0 0 0 0
2.66488301352106 0.970650484861139 0.229500601044825 1.95887577465119 3.84026990327306 5.39132037877148 0.254912587073853 3.60191767000008 9.05824336813037 3.49041713469844 4.57586904399464 0.138093390774332 0.365162107126299 0.270425451076232 5.4110375370909 1.74647480626578 0.822302661954132 4.06952703915263 2.88980088691908 2.9280025899756 0.521950059556265 0.863708765191665 3.91293442395715 0 0 0 0 0 0 0 0 0 0 0 0 0 0 0 0 0 0 0 0 0 0 0 0 0 0
2.0835086204029 2.58583930004401 3.17149434040429 0.531489426727564 0.855227818619116 2.08450859228828 0.448441979084744 1.43695282467438 2.8567031129743 4.54121822640414 2.11094432599285 3.67625166332709 1.76425142127795 1.14062019946526 3.98718077964645 8.64393922015355 7.64640185571145 0.494786705380979 0.870085631604158 1.79233472074854 0.0292271309974519 3.55671621173186 0.867354783448577 5.5604941879143 0 0 0 0 0 0 0 0 0 0 0 0 0 0 0 0 0 0 0 0 0 0 0 0 0
0.753770531291856 0.881926975468379 0.989790391418369 2.19350196414747 1.07323612598666 4.60160156858237 4.52227739244192 4.19472338260796 0.0960964791923804 0.548773100520793 0.622981197023859 0.514330921930473 1.89596800731756 3.45135424567615 0.959467774257409 1.20602337997697 0.496466287285948 6.10365046848071 2.5240372096538 1.81972246746754 3.17163134715031 1.0740124513216 0.383936968991361 3.08999711797547 2.23394226328863 0 0 0 0 0 0 0 0 0 0 0 0 0 0 0 0 0 0 0 0 0 0 0 0
1.43045469059008 3.85911537776752 3.11280877239876 0.0291692639937613 0.310774432006284 0.529340847267821 4.85301158455126 0.211794587093305 2.13734677818488 1.0297034778321 0.378011051086184 0.501934017109641 0.588816775190487 0.742229600356931 1.41269277084165 0.4626029475775 2.77645343993891 2.04129288355458 3.68369000087188 8.36859918299334 1.3204710305575 2.06162171124315 1.24742125195294 0.298723087377429 1.28228564393195 0.740343456447324 0 0 0 0 0 0 0 0 0 0 0 0 0 0 0 0 0 0 0 0 0 0 0
0.228942895619904 0.175237331048424 4.91856648563283 1.70743117770618 0.399069789624953 3.97872310064841 0.588890342856062 1.09703301154295 5.26307350708257 3.3887029693615 3.63394728817887 4.8361999468595 1.04371357736064 9.72645292963433 0.327849471909837 2.28283682767765 1.95511774257782 1.41995441794281 3.72415980187399 1.47247765436417 0.127355592418638 0.359965607443136 1.39796598951269 3.17241897908706 6.41120287721629 1.58444664997036 0.178809623689454 0 0 0 0 0 0 0 0 0 0 0 0 0 0 0 0 0 0 0 0 0 0
0.679869720409406 0.447305165288585 3.21575639788732 4.09658401860351 1.03946539336156 4.35750918017433 1.46945154912144 2.17678026992198 0.873456191890913 1.83191857537826 7.19089951398445 0.144693441466381 2.23442568489393 0.277117910034821 2.5271772083218 2.05031439333295 2.72830184964592 0.641401879712151 4.21474482093217 0.801083232978652 0.701972650307751 0.644311806427698 8.74782107517179 0.00260092873201086 0.0433528383128146 3.24950592290672 0.994438525720453 1.72792797271605 0 0 0 0 0 0 0 0 0 0 0 0 0 0 0 0 0 0 0 0 0
4.66608744813057 5.24945398527197 1.75174346705583 0.529193524154722 2.20310578727719 1.09190658397367 2.01336594250902 3.88158248175569 0.0570697425720837 3.57100830649387 0.578874363772902 1.61508866310364 0.088462225543623 2.1287585497564 3.57678525024137 0.0313397279547011 2.62274842809916 2.58077557402118 0.429339097978514 1.33213219259808 8.09149442387279 1.97067997179405 0.00407194679590901 1.60472563354656 4.29966252269585 1.89788577863645 0.436593439851748 0.0705675525831557 0.484325924201341 0 0 0 0 0 0 0 0 0 0 0 0 0 0 0 0 0 0 0 0
4.14044841689435 1.29861458175034 3.36605826851119 2.0600607546453 3.77084971655574 2.14405735610396 3.44179094986636 0.950650025834629 0.548178861195638 2.20450010790262 0.985812629131846 2.15019899205332 5.11574665890175 0.355421751072372 0.0137715733356704 2.90023112446944 1.05116977775104 5.4772636918762 1.52392925548786 1.13258072695308 0.552932044373615 6.45631040507303 1.07954784633818 2.77725274531278 1.35471131393882 0.0196363242472591 3.19745254478173 3.24730351859906 2.23924172487479 1.67500218385646 0 0 0 0 0 0 0 0 0 0 0 0 0 0 0 0 0 0 0
0.981007731275833 3.9206696524902 0.285234697231273 0.188359898223388 0.957462872914701 3.84834610266491 0.833400149624836 9.17020512946872 3.44201607216387 6.49078514186391 4.52558484226533 0.928849698655022 1.09778757931121 3.15128235991321 1.05060617928609 0.55629001917771 1.84233973365293 1.96590254799902 3.4283922953143 3.71775680812166 0.00699420066388985 0.350736818486832 3.18577425111975 0.232928293763503 1.42996138635509 3.12489397550149 0.352880786001922 1.85191313121325 0.32198685479861 5.42474361635147 1.2210223525212 0 0 0 0 0 0 0 0 0 0 0 0 0 0 0 0 0 0
1.04338587599398 5.93297439675192 1.27060902131407 1.85834078065555 0.0502848489650647 3.80637225788243 0.947677790796967 1.33870437878517 1.6441375979316 0.347418152190894 2.96727534726793 0.347349897743073 7.78357447173492 1.05540483199668 1.72815360342014 3.24005933516104 0.15223359423134 0.00179618048599481 1.13039969859634 1.79015672015526 0.412897866970356 1.90333076294776 1.51334693234118 2.14769132099225 0.279176938787571 0.911389405006004 2.49901129525646 2.21292860212764 3.99820843792932 0.203276742419452 5.90491725264284 1.23639996116401 0 0 0 0 0 0 0 0 0 0 0 0 0 0 0 0 0
2.94544914073299 0.472514877642358 0.801556972152871 4.28811207785732 0.298189779332346 2.55474339904874 5.69741801258413 6.65891570207527 0.107563162281801 1.07735475069641 3.27359775093635 1.2759099876404 4.4157153046011 0.694271794822471 0.515377642632655 1.35914511864005 1.32206644844395 0.373887961910417 0.101463695650786 1.11361066500377 0.112919094536554 2.69791706682029 4.18331870676374 0.202605284686783 0.073546927428875 8.88520005775653 4.28040411170786 1.76643709806543 3.44834720154587 1.12163052676045 1.73142830700178 0.868642010818148 2.99780859232509 0 0 0 0 0 0 0 0 0 0 0 0 0 0 0 0
1.05531290309486 5.34696365336846 0.220949435019031 0.0979911310366421 1.2024814587243 2.86274317757787 1.83832106574521 1.00425944745569 4.04739773122186 2.94158803423626 0.0982747668483593 0.205265848218956 0.00636037323128343 4.34047281319333 1.68471717778335 0.777839330698856 1.84170289240315 1.96436572945088 1.16814443866885 3.73062512109595 0.215416971153413 0.985857915544082 1.15951396117128 2.529723989052 1.36233977035523 0.183674458071968 5.14096272069066 2.69556075794069 2.00450893353741 5.74238716988743 3.68298911851081 3.26717126659599 0 0 0 0 0 0 0 0 0 0 0 0 0 0 0 0 0
1.22054246889987 2.91619686685995 2.96965427135202 2.8752864076036 2.47245381841852 2.92307491313103 0.528365622963615 0.0312986648641631 0.389406703753442 0.969143688580302 1.50604415100089 2.67903363134571 5.25778489570207 3.81633284632884 2.3819297766396 0.219698119529416 1.5195568695372 0.432843025811748 4.95682143400114 5.6954740085403 0.554318446817409 3.07670017121406 0.253219753553649 8.09004306129769 0.0187967477741804 7.82598505895813 0.340918637119292 0.723708484845305 1.90300689786522 2.38759459846788 0 0 0 0 0 0 0 0 0 0 0 0 0 0 0 0 0 0 0
1.69105727490971 0.889753627211799 0.454050227028812 2.24426758967688 3.65609635217248 0.0286295676717778 4.53460747264122 0.0276373673257943 8.11843191348356 1.62340850899227 2.43002055382709 4.75735654762971 0.165939644996545 0.10142389260975 0.128173954622325 10.9969871018279 0.244791867567116 4.09040286342448 0.639906522827752 1.67235250896291 1.33164002819128 3.80261172457076 0.432311015622631 0.418029859075717 1.88092688630925 1.79238200958481 2.03787489643383 0.997671549964289 0 0 0 0 0 0 0 0 0 0 0 0 0 0 0 0 0 0 0 0 0
5.0060497115968 4.22174580771465 1.58539352046905 6.59185990790226 0.168316105611103 3.70991029397192 3.94674845674733 6.99593704098953 0.838264418300131 0.925554976558288 2.02198086911836 1.43765559554383 6.52309112994799 2.42911871742269 0.00997500273900893 0.407657441959487 0.938494913453531 6.55525035898799 6.74098607321715 4.10476297163922 0.719050327745584 1.48626350601189 6.42443642008571 0.801973584788211 0.820312996578265 0.177510212110956 0 0 0 0 0 0 0 0 0 0 0 0 0 0 0 0 0 0 0 0 0 0 0
0.962672478523322 0.156510439075486 9.9628529819214 0.00606452466042195 0.825631303107655 2.81352707813805 0.225973768062147 0.0187915604066583 1.83960251830594 3.51198300146614 1.48681317487967 1.65698123141457 1.18081187439972 4.91939434939035 1.16679936016536 0.312540427291041 7.98801729958005 1.48442685887695 0.182666656308463 1.38129915355561 1.16076564516232 0.448867697006312 0.176795184173006 0.0530221216737068 0 0 0 0 0 0 0 0 0 0 0 0 0 0 0 0 0 0 0 0 0 0 0 0 0
1.89847351653364 0.421029971388562 0.84819191232721 0.564608297102628 0.986873833265597 1.2199113369226 3.56366372972489 0.173405052281165 0.801295618820626 1.4961459750155 0.159075323398332 3.56528869643824 1.04472419089837 1.29038869819785 0.24269571753432 1.08056181474044 2.04938795072065 2.25686246737048 3.99000435106735 0.0501422685463823 1.58164490739259 0.591868985836016 0 0 0 0 0 0 0 0 0 0 0 0 0 0 0 0 0 0 0 0 0 0 0 0 0 0 0
3.07682576351048 3.13215579554478 8.36906183413617 5.31955227264388 1.33365220207037 1.4535782535274 1.46189430637413 0.0368061460146773 0.522523057058206 1.27071864312184 2.52413061152291 3.54063717623918 2.45799412212532 0.838278938840204 0.496881202257105 4.19598185171583 0.745183911528374 1.29543932098931 0.783980251983439 0.354060227489459 0 0 0 0 0 0 0 0 0 0 0 0 0 0 0 0 0 0 0 0 0 0 0 0 0 0 0 0 0
1.32161540809211 2.02175893976322 0.283239472245454 2.64324093792585 1.71077581340234 6.02479978409771 1.07914494534897 2.75808767537078 1.09826804592886 2.5276498673932 1.35054972809892 6.11729324012472 0.780368690775524 1.78138148652695 0.813201264422956 0.259277143983821 2.33127767254881 1.11484858738888 0 0 0 0 0 0 0 0 0 0 0 0 0 0 0 0 0 0 0 0 0 0 0 0 0 0 0 0 0 0 0
4.12859769205301 0.3414914315049 1.17774041472208 1.7579549607836 0.644193849282354 0.0185780662115394 1.15692487782969 2.22266732078275 3.09522940252911 5.68039520587399 0.301935800653354 2.8181926052182 3.66648377761559 5.20374850275189 0.263137484283304 0.286035959247313 0 0 0 0 0 0 0 0 0 0 0 0 0 0 0 0 0 0 0 0 0 0 0 0 0 0 0 0 0 0 0 0 0
2.28351057622151 2.72760966896557 2.71714361428965 0.160946018223816 3.57759352780635 0.109079949827249 0.0301375573912521 0.557012479064099 7.95535267992177 0.431619018977353 0.398025476206292 2.19522631703782 0.499721300997112 0.757701238364096 0 0 0 0 0 0 0 0 0 0 0 0 0 0 0 0 0 0 0 0 0 0 0 0 0 0 0 0 0 0 0 0 0 0 0
3.19852292895531 4.09264693340452 0.718038589113339 2.07157106628519 1.40869856601782 1.13812732939129 0.637340708375846 0.263751788174134 0.477711581488868 5.08174036733661 0.481485059436742 2.99385580588664 0 0 0 0 0 0 0 0 0 0 0 0 0 0 0 0 0 0 0 0 0 0 0 0 0 0 0 0 0 0 0 0 0 0 0 0 0
1.08930557419911 0.631903181029661 1.87474334620793 1.51242186726796 2.8128566135889 4.48688084558342 0.10823819913586 1.68701717416682 1.63374933818416 0.163559027689737 0 0 0 0 0 0 0 0 0 0 0 0 0 0 0 0 0 0 0 0 0 0 0 0 0 0 0 0 0 0 0 0 0 0 0 0 0 0 0
6.18056867633405 0.0466976492587811 3.23877067794585 1.84061135280554 0.853246365098041 1.35732236048092 0.078942176627448 0.100004374835224 0 0 0 0 0 0 0 0 0 0 0 0 0 0 0 0 0 0 0 0 0 0 0 0 0 0 0 0 0 0 0 0 0 0 0 0 0 0 0 0 0
2.15854125522545 1.58378304943773 1.03202491063257 0.67438014097396 4.69964088345001 0.253742339393914 0 0 0 0 0 0 0 0 0 0 0 0 0 0 0 0 0 0 0 0 0 0 0 0 0 0 0 0 0 0 0 0 0 0 0 0 0 0 0 0 0 0 0
2.50526532281703 3.25594723242028 1.59474825852727 2.43097065123499 0 0 0 0 0 0 0 0 0 0 0 0 0 0 0 0 0 0 0 0 0 0 0 0 0 0 0 0 0 0 0 0 0 0 0 0 0 0 0 0 0 0 0 0 0
0.164647906668351 1.98211111184885 0 0 0 0 0 0 0 0 0 0 0 0 0 0 0 0 0 0 0 0 0 0 0 0 0 0 0 0 0 0 0 0 0 0 0 0 0 0 0 0 0 0 0 0 0 0 0
