0.00209505651862171 0 0 0 0 0 0 0 0 0 0 0 0 0 0 0 0 0 0 0 0 0 0 0 0
4.34848449001885 5.71868596388913 0 0 0 0 0 0 0 0 0 0 0 0 0 0 0 0 0 0 0 0 0 0 0
1.23032437256214 1.28737681379653 1.31129103954547 0 0 0 0 0 0 0 0 0 0 0 0 0 0 0 0 0 0 0 0 0 0
3.01015904217209 2.1742642710532 1.50816707214251 1.98782008521305 0 0 0 0 0 0 0 0 0 0 0 0 0 0 0 0 0 0 0 0 0
2.48734552852853 11.9966745354872 3.39121474612643 2.84429139664985 5.48903443876076 0 0 0 0 0 0 0 0 0 0 0 0 0 0 0 0 0 0 0 0
4.88276341217649 8.53182224584572 3.49069453022862 0.742613483994379 3.87999978331022 2.15482560140059 0 0 0 0 0 0 0 0 0 0 0 0 0 0 0 0 0 0 0
3.96202670461998 10.2479303738496 5.99305969842786 1.05698444931112 3.32195395362522 5.1905888095074 0.524137946360044 0 0 0 0 0 0 0 0 0 0 0 0 0 0 0 0 0 0
4.93586811261996 8.99157813361525 0.974472781623877 11.6473542787677 4.39566956310548 1.12270410826844 1.14932909170253 3.86128160459459 0 0 0 0 0 0 0 0 0 0 0 0 0 0 0 0 0
4.20337815154006 3.63321732764737 1.00896117252241 0.746723553503867 0.618910468935818 0.705308793324546 4.3496724796862 2.41873136147788 2.92641106313545 0 0 0 0 0 0 0 0 0 0 0 0 0 0 0 0
1.53077751579648 2.55230684357123 2.26322583724869 3.21898736239532 0.651990691127948 1.4553711848087 1.59822716416662 3.3601959972464 0.846070690122605 3.72808230674427 0 0 0 0 0 0 0 0 0 0 0 0 0 0 0
1.2882180009612 2.86785428290899 0.194997566116404 0.192377065419337 0.587952587543262 2.0349536399271 2.61196683171425 2.06305315019306 0.62021243731693 3.0465011027869 4.2129800144426 0 0 0 0 0 0 0 0 0 0 0 0 0 0
0.856288432370295 3.11047635045992 4.81243555599759 3.71123914278068 3.42717172113005 0.746517368841797 0.568387206186437 5.89480618142424 1.79632693193588 3.38058077217554 0.0782001338861304 2.96146766919947 0 0 0 0 0 0 0 0 0 0 0 0 0
0.471226212370777 0.100943475607122 1.49247868463507 5.89824096866475 1.43543367790276 1.16699277655447 0.795567939361899 7.73871193155264 0.0490595844873782 2.85167652883081 1.28118300570675 0.599430518176716 0.268506667502907 0 0 0 0 0 0 0 0 0 0 0 0
2.08624316742862 4.54896840083804 3.231665571364 2.6819394417138 0.263431995225779 5.96363525983787 4.21975177275344 2.40494903753471 0.6289911011995 6.14825269986106 2.26451713339011 1.76730987245044 0.484541849787628 2.31243037722182 0 0 0 0 0 0 0 0 0 0 0
0.0802860088335049 5.24844387343009 2.85835911230941 1.06382339320687 1.05412020347923 4.92559704306097 0.850905485159095 2.46791178870472 7.56027660116358 1.33225301425349 2.06554663845885 0.409069394358709 5.01623071269168 3.4589389146565 0.803005711302056 0 0 0 0 0 0 0 0 0 0
0.640495560374893 1.50335239302428 0.975060914476936 0.70893750966973 1.53950364332406 2.76096145881817 1.45443980489151 4.08441512203549 0.219165018105218 1.84966356100434 4.06918583021452 3.65448642093828 0.485011055443761 0.494380202397956 2.92599868515853 0.682141257795843 0 0 0 0 0 0 0 0 0
0.369377700912859 1.71358577363474 5.04776314910076 4.32024407971659 0.62653782697391 1.20793819512716 4.2636898527857 0.79936346591837 5.30462230800862 1.06478854070799 1.83512616865418 0.627443795898627 0.18123320676937 9.21357046682085 3.32278776979947 2.59101135160349 1.25691218812477 0 0 0 0 0 0 0 0
3.13134569046408 1.78889500885959 4.00281177402501 4.54855503500272 0.293497082777486 2.85908102386487 0.104919406320169 3.93764478839709 0.210319417002831 7.13715126100296 2.61843912257962 0.406097594492661 2.15235200240946 7.00997884173212 0.865569386819923 0.230290667094272 0 0 0 0 0 0 0 0 0
3.07681911271946 3.79753265027573 1.42459644792184 1.2461196284532 0.346781071992163 0.169001338822456 0.546649678913733 0.365658129144425 0.686929986319451 2.54746810145647 6.14338313115956 3.59476000994268 3.73807377169589 2.20102036359815 0 0 0 0 0 0 0 0 0 0 0
3.62470350054197 0.963464262805261 3.25148643550688 5.46453324367 1.51622385642721 1.50724822099385 1.1079087334513 8.23014405322273 1.88680250535752 1.4370646217723 2.16660353324944 8.34221233202398 0 0 0 0 0 0 0 0 0 0 0 0 0
0.662022053632886 3.53594857331539 4.04127370105027 1.41091600443108 1.98029168811483 0.339809144667228 1.74010229963175 1.65043519690464 3.47908942524935 0.931677055825616 0 0 0 0 0 0 0 0 0 0 0 0 0 0 0
0.608621941942682 0.156346890406 1.16073559968321 3.57263014852088 0.00161618862640731 0.239979274072162 0.00511073435218583 10.2143593617121 0 0 0 0 0 0 0 0 0 0 0 0 0 0 0 0 0
2.08829624188951 1.36539735942813 4.38367726687587 0.995496705767014 2.82741529659372 0.925637564708036 0 0 0 0 0 0 0 0 0 0 0 0 0 0 0 0 0 0 0
0.88555984343058 1.1804865995504 0.153344387311508 6.12617610895044 0 0 0 0 0 0 0 0 0 0 0 0 0 0 0 0 0 0 0 0 0
1.29334195375228 0.461977051081827 0 0 0 0 0 0 0 0 0 0 0 0 0 0 0 0 0 0 0 0 0 0 0
