0.156410474799819 0 0 0 0 0 0 0 0 0 0 0 0 0 0 0 0 0 0 0 0 0 0 0 0
6.13505217296146 13.1270100585732 0 0 0 0 0 0 0 0 0 0 0 0 0 0 0 0 0 0 0 0 0 0 0
5.60155324552888 17.5436884840074 12.3331835642087 0 0 0 0 0 0 0 0 0 0 0 0 0 0 0 0 0 0 0 0 0 0
6.10489833017646 16.6446483727322 8.25298271668984 8.49602356594293 0 0 0 0 0 0 0 0 0 0 0 0 0 0 0 0 0 0 0 0 0
5.38592705929494 6.59264121111216 6.45258300218675 6.99061293021254 1.70618680004104 0 0 0 0 0 0 0 0 0 0 0 0 0 0 0 0 0 0 0 0
4.79125367247895 13.0736584784293 11.1292117882213 5.12441588084138 8.26647501523113 4.97506883315148 0 0 0 0 0 0 0 0 0 0 0 0 0 0 0 0 0 0 0
3.92933071410805 8.43337890156537 3.74793530398116 6.09545983783444 5.49634407210972 7.92476065223304 1.47258666298957 0 0 0 0 0 0 0 0 0 0 0 0 0 0 0 0 0 0
3.29842422277761 5.1624036044355 7.10778474045261 11.1263919810435 4.64079934545796 3.49883536851519 2.5792256791374 2.8774044659012 0 0 0 0 0 0 0 0 0 0 0 0 0 0 0 0 0
4.90538509776433 4.49066701660558 3.02588219731432 2.24986929015644 0.69159509827396 0.345127692702869 2.34624989887625 2.02149453504291 0.786948350826724 0 0 0 0 0 0 0 0 0 0 0 0 0 0 0 0
0.452167957313869 5.93220396092725 2.77072998223212 0.927375494005258 0.68266386433075 2.39326626660598 4.02309697782848 1.00213754604571 0.139939076224551 0.688454639315611 0 0 0 0 0 0 0 0 0 0 0 0 0 0 0
0.0936530399227089 2.02225093415186 0.514107336254746 0.896095613896431 3.53190245481221 0.346451393547114 1.67762921724358 2.56769482973572 2.91124211829884 0.652994083348058 0.320989304955666 0 0 0 0 0 0 0 0 0 0 0 0 0 0
0.879304775034544 2.11706921779248 1.06981952965215 1.36946337471362 1.19889090773418 1.42725797690224 0.181088497462361 0.0668200801292601 1.37181046702362 2.95955605285939 0.486430245881223 3.05999281496696 0 0 0 0 0 0 0 0 0 0 0 0 0
0.496684567063032 1.57222537581451 0.345370536501406 0.262885051516064 0.945419743194427 1.73985482830033 0.799051484954028 2.03439388885049 5.69046756069725 2.56706610999408 0.226618270517237 0.143803588600854 0.345233129553124 0 0 0 0 0 0 0 0 0 0 0 0
1.37939230816786 1.74023294660623 0.124963704499702 0.315773585141716 1.37636191161622 2.03362746854505 2.55370373437795 1.23800079363495 0.853449764793421 1.44947640028361 2.97927621852821 0.971223132287435 4.69639606998343 0.408375837389082 0 0 0 0 0 0 0 0 0 0 0
0.108446658714682 0.727473367195224 0.522990177346286 1.65787325672155 1.1006210523717 1.55746422935856 0.23826312797322 2.3641337192622 1.28902255577804 0.536465762765891 0.599693666566604 0.875038926088969 0.472757141995049 2.2794608480653 0.137515300300355 0 0 0 0 0 0 0 0 0 0
2.42847672431238 0.588391906393475 0.250304096106479 2.28085276877429 3.80073392033332 0.0872106723350452 0.610663031234715 2.64217771035916 2.51648647367484 1.91381662202389 3.32196922219935 0.197864221412548 0.795002081358484 0.142444504725352 3.34478614976346 5.08328867949662 0 0 0 0 0 0 0 0 0
1.25150059249823 0.833414467702066 2.70838156431051 1.37133989519071 0.308567617201905 2.24512561614412 3.18163909108816 1.73571543553284 1.34153897171331 1.54521657989904 0.746080057842326 3.28173701163516 1.3692518396239 2.71516190431557 1.19370303724358 3.28522093306731 0.169438620982939 0 0 0 0 0 0 0 0
0.386057391326281 0.273671680137577 0.141238196554079 0.743725542484728 1.99073203013424 0.656503629457922 0.223539409786541 0.185467274139302 5.40471164920258 0.495824473189541 0.731588107135757 1.91589352772927 6.06660475970334 2.6895862741637 2.57131118068454 0.0255212459385213 0 0 0 0 0 0 0 0 0
1.41547761226621 0.778208106469913 0.821179708420957 1.95527886682382 0.676261149483477 0.374914277205587 0.393253979074239 0.779580769284985 0.449421300416804 0.850530190662453 0.165037300902904 3.01398279318836 1.08498817486739 0.64611438207386 0 0 0 0 0 0 0 0 0 0 0
5.38870367434438 0.419167120646573 0.514931000493579 0.362042832626067 0.00510355514109705 0.139675281112042 0.159402186336304 0.60053374084761 0.584346666233566 4.75906909224614 4.24709117731732 2.11301352211662 0 0 0 0 0 0 0 0 0 0 0 0 0
0.208552323227794 4.65649435473914 3.52529715271747 2.05677650697844 0.293601706287787 0.904575817210978 2.67654130948447 4.19932029385799 0.234190325507633 6.81621158828881 0 0 0 0 0 0 0 0 0 0 0 0 0 0 0
0.721436462445628 6.29051614139567 2.16101229861099 1.13799524717022 2.07139357179507 2.18586698036435 1.75090484528237 0.511747599346541 0 0 0 0 0 0 0 0 0 0 0 0 0 0 0 0 0
1.82583019232716 4.18882167960116 2.34435401233063 3.63101205625365 0.90880044688859 3.8498413071344 0 0 0 0 0 0 0 0 0 0 0 0 0 0 0 0 0 0 0
1.65250740544993 4.19969416826579 7.69006238994634 0.712353231487971 0 0 0 0 0 0 0 0 0 0 0 0 0 0 0 0 0 0 0 0 0
1.24964501924899 14.3713724189055 0 0 0 0 0 0 0 0 0 0 0 0 0 0 0 0 0 0 0 0 0 0 0
