0.360337310166236 0 0 0 0 0 0 0 0 0 0 0 0 0 0 0 0 0 0 0 0 0 0 0 0
2.64524470353272 15.5060149651219 0 0 0 0 0 0 0 0 0 0 0 0 0 0 0 0 0 0 0 0 0 0 0
2.2555426027275 2.05034629666477 14.9460415111962 0 0 0 0 0 0 0 0 0 0 0 0 0 0 0 0 0 0 0 0 0 0
3.30143437965864 1.00927632527126 0.281160141530048 1.87711745281469 0 0 0 0 0 0 0 0 0 0 0 0 0 0 0 0 0 0 0 0 0
2.88458450723326 6.42149146563421 1.54031552492575 1.1890989177526 3.18632043120577 0 0 0 0 0 0 0 0 0 0 0 0 0 0 0 0 0 0 0 0
6.81906041360828 8.84672396078713 2.75331420105642 4.78721049745547 1.28765708536521 5.49684792405819 0 0 0 0 0 0 0 0 0 0 0 0 0 0 0 0 0 0 0
1.68662381385962 3.69120294526265 1.97698890586862 7.24733531273541 4.3231686080156 6.48723879342893 4.09972057253374 0 0 0 0 0 0 0 0 0 0 0 0 0 0 0 0 0 0
0.345400262766495 7.49186030524909 10.6307985431312 1.28356179491655 0.827202908933679 4.24135772529362 2.28654915865002 0.0490906254425674 0 0 0 0 0 0 0 0 0 0 0 0 0 0 0 0 0
0.936666259617719 8.48783162911313 3.66528527755214 0.102311356668814 0.157806910035462 2.23481081130933 0.502633331428405 3.5932113240275 2.64291337428074 0 0 0 0 0 0 0 0 0 0 0 0 0 0 0 0
5.0107398378864 9.29060967522739 4.80682602727859 3.09918248687217 1.11532388806906 2.13458023819138 0.499892482519123 2.04909975346823 0.793323734306618 0.341839058889925 0 0 0 0 0 0 0 0 0 0 0 0 0 0 0
4.02795344466377 6.67572226916154 0.607654420478213 5.29363689869445 1.13165779161541 2.82767747278353 0.398540559129059 0.817148000608597 1.17922009512218 4.07162596999935 6.68366101098586 0 0 0 0 0 0 0 0 0 0 0 0 0 0
3.95839853933611 3.51840115655071 2.40993922493169 3.66232518376601 0.317260124086825 0.29173232043767 0.698087410890927 3.6156305756996 0.385399327016401 4.02579738476054 9.24512248807123 1.29995301386746 0 0 0 0 0 0 0 0 0 0 0 0 0
0.0675913073171923 2.14515776967691 0.788122689700102 2.10068986944299 1.59080217356486 0.936619838919458 1.44784023466606 0.39033317529159 1.51020325316471 0.314096355695345 0.131486551519975 0.0825719610107397 3.46551355777261 0 0 0 0 0 0 0 0 0 0 0 0
1.35174454663452 2.40085744616441 0.0587975953535591 0.925465039237641 2.39432565670367 3.27627930634546 1.10941187181302 0.295573450435261 0.686173894777058 0.583084018335965 3.85719359545835 0.0516941095701851 1.87938099473989 1.94231713781689 0 0 0 0 0 0 0 0 0 0 0
0.289668066175111 1.53869678936981 0.150341878627235 1.10946825176187 0.494601505205356 1.40106428303911 4.07313495240523 2.4963487317714 0.81291378436963 0.822291960758175 0.0700458938082106 2.66219342300328 0.542048042414653 1.93608118894589 0.642562249522582 0 0 0 0 0 0 0 0 0 0
2.77535131757864 0.388386456010245 0.413762835437034 2.84550473326495 0.274788198155359 3.45728966544508 0.906238688915861 3.76337691907449 0.787937612673041 0.185421644037705 2.79077748558174 0.633454803818815 1.56108084544636 0.265279546366161 0.0196163308283643 0.435085477253583 0 0 0 0 0 0 0 0 0
3.50458743111982 1.41997351927793 0.494804452407947 2.62622368812885 0.13405188526987 1.75637436219349 1.46081920108038 1.89390852243329 1.89929135023417 0.103022543952539 0.653037565364095 2.16470533979108 0.457852515950222 3.22624775435097 0.775933287522086 4.95409228088189 1.79112638422004 0 0 0 0 0 0 0 0
8.19793745290153 1.73688164859387 0.132749305023596 1.95541259311243 2.25313682661337 0.845727021171548 1.71587769318629 1.62920127369238 1.09883300167501 0.221818072313485 2.234066187849 0.246288072996378 2.26614310595441 8.47779361264273 6.97527052867053 0.071512813590135 0 0 0 0 0 0 0 0 0
2.51407179749432 0.327801245391255 2.29737117127803 4.2724051616366 1.0966432207724 3.01500131792935 1.00133221136736 2.9695092409405 1.93865420433081 2.9723692265227 2.08564404726626 1.24531061007481 2.84933915645741 1.9708827709681 0 0 0 0 0 0 0 0 0 0 0
0.663593042712248 4.29630779104478 1.48850272495706 4.44348386195231 0.335797841311749 1.35760127326657 0.976833812453081 3.1405206268335 2.61413828394727 1.34190719206547 1.06281622354267 0.320299186095463 0 0 0 0 0 0 0 0 0 0 0 0 0
0.157327803840792 2.92148541692823 0.863394081271994 1.20889408127956 2.25581907513759 0.703874905972005 3.01098062759274 3.00137400037791 0.317630541814173 1.86302074816678 0 0 0 0 0 0 0 0 0 0 0 0 0 0 0
0.163917355087791 6.62097710402508 4.41334081744937 2.89561547695268 5.36830763018014 1.08645840173498 2.23830808105754 0.654840038654712 0 0 0 0 0 0 0 0 0 0 0 0 0 0 0 0 0
2.05320868291795 4.75869506344085 0.419709285369598 1.09885125015531 2.31369864922804 7.31923115412098 0 0 0 0 0 0 0 0 0 0 0 0 0 0 0 0 0 0 0
0.489823945936459 0.538449295794495 1.86794155160741 0.801977065187736 0 0 0 0 0 0 0 0 0 0 0 0 0 0 0 0 0 0 0 0 0
3.01232719553499 2.96968104394386 0 0 0 0 0 0 0 0 0 0 0 0 0 0 0 0 0 0 0 0 0 0 0
