0.249855752013735 0 0 0 0 0 0 0 0 0 0 0 0 0 0 0 0 0 0 0 0 0 0 0 0
6.51169973836942 12.8763833874103 0 0 0 0 0 0 0 0 0 0 0 0 0 0 0 0 0 0 0 0 0 0 0
2.9420808752401 13.43505321958 7.20611856224518 0 0 0 0 0 0 0 0 0 0 0 0 0 0 0 0 0 0 0 0 0 0
1.31914404259811 4.13011523232286 0.167453396171497 7.17094146638095 0 0 0 0 0 0 0 0 0 0 0 0 0 0 0 0 0 0 0 0 0
0.409629315439643 0.0988245298531565 3.58145140977838 1.74077061578004 3.61294786861731 0 0 0 0 0 0 0 0 0 0 0 0 0 0 0 0 0 0 0 0
2.14725660401781 4.03786615377357 5.23865101030271 6.26704286790867 1.54133443791277 4.49099940578463 0 0 0 0 0 0 0 0 0 0 0 0 0 0 0 0 0 0 0
5.03381995009708 8.01026874824321 5.50201865414112 3.58702321712062 2.35120777307023 0.589846913942612 0.719820631879972 0 0 0 0 0 0 0 0 0 0 0 0 0 0 0 0 0 0
3.93847619457639 11.1027078861118 8.89275773994114 3.08353544380877 0.959780761873928 3.76935113972368 2.48472865165522 1.9583295368376 0 0 0 0 0 0 0 0 0 0 0 0 0 0 0 0 0
2.63555409830623 2.64359924245172 2.42343797182706 0.880042495777834 0.123787578204485 0.819549860931697 0.813754020747152 0.237141911652651 2.27423166251099 0 0 0 0 0 0 0 0 0 0 0 0 0 0 0 0
0.467476357242029 10.4389721049177 3.41344767387649 2.25682924659922 3.92456488914077 1.29400197119707 1.07515121298801 0.492896310093933 0.396333990783456 4.85055693969788 0 0 0 0 0 0 0 0 0 0 0 0 0 0 0
1.75979573361401 5.6126000560058 1.05290938437729 0.67189586622175 0.0559795567704844 4.5541908793874 3.76446324985823 7.64000266033888 0.473733414100838 1.70733610005543 1.43210388899532 0 0 0 0 0 0 0 0 0 0 0 0 0 0
0.62045388890932 2.97400772640189 5.7628520980534 0.0850656701380207 1.44454340622095 5.63389298238587 1.82003786146023 0.0953855689358585 0.445511885665308 1.63312130520744 0.00855943589596781 8.59626430880445 0 0 0 0 0 0 0 0 0 0 0 0 0
3.44408226409678 9.95152564340061 5.11580815553434 1.92563156793684 1.63405675543355 0.3657081498062 1.12895959228219 0.820136014291716 0.558385009868661 4.59272066205316 4.5434482605298 4.2991819802249 8.79302557324865 0 0 0 0 0 0 0 0 0 0 0 0
1.22664972325864 3.33762797437747 5.26084260928807 3.68837844590052 2.13663522601438 0.306433540781095 0.685772453460046 0.7708480985148 0.958426483555838 5.18258349220356 2.51223637612837 2.35050805410216 1.17505200726788 3.54352121894872 0 0 0 0 0 0 0 0 0 0 0
0.557548582943304 1.90255091399218 2.83441264926314 6.60941127770915 3.06687903313236 2.61383350766097 1.32195977761023 2.12926772728493 1.99906108317813 4.31419982203261 1.46844132571623 0.224299938005228 1.31368571500573 3.89349654896648 1.32855326822523 0 0 0 0 0 0 0 0 0 0
1.31590028062141 4.56562264677231 6.54433306875421 0.943311587266107 0.244812678453596 0.117965860094719 0.825121670238505 0.712571467494084 0.926250869682367 5.69589362938049 1.48295596362593 4.1880137377051 1.06967460897775 0.204178775602748 3.26710322023951 2.47499054635717 0 0 0 0 0 0 0 0 0
0.0782520106874695 3.94726745596992 0.597278087764738 0.890963758282041 3.12133463078718 1.19282528606461 1.55451556509722 1.29513305462696 4.3089612704132 2.57551162865202 5.59711581290647 1.47282878580276 0.0765949420586178 1.37476254684675 1.10578786923169 7.04552869647469 0.662475416480684 0 0 0 0 0 0 0 0
1.89871766569733 2.82557578529417 0.319055922141783 1.10800624327496 3.50241480984324 0.089596258200922 1.6522953829654 0.666642847150027 0.331683968921561 1.88858386710223 0.932645732179125 0.1353144296789 3.76187833952962 1.94276965559087 4.75921747281053 0.0330147281902851 0 0 0 0 0 0 0 0 0
0.404228826256967 1.90074965354916 1.53176387818445 1.36241175293175 8.09416862768577 0.692497712057733 1.77448351846533 3.67680479682351 1.70679841207855 5.58246949382356 1.53703722320239 0.760396389377108 0.257098124688049 4.54891272751386 0 0 0 0 0 0 0 0 0 0 0
2.7629017655135 1.70557539876343 0.879345612772512 3.20898286649189 0.252983104419838 1.13690694212472 1.98790351768222 3.7195652498795 1.97443144109024 0.0361543475743806 2.68562641056139 1.89724705423552 0 0 0 0 0 0 0 0 0 0 0 0 0
2.43830020465087 2.15744353183523 1.00750576335893 2.26625797329703 6.61453337540964 1.51850595101038 2.64124061769819 0.631620858832716 4.64963649986392 2.87473384542809 0 0 0 0 0 0 0 0 0 0 0 0 0 0 0
0.553068222981193 2.91113384007205 0.898764771775051 2.92871549079336 1.77058469326684 1.10417509079225 1.84697074656557 1.3071735205102 0 0 0 0 0 0 0 0 0 0 0 0 0 0 0 0 0
3.21817594156961 5.55983215242817 3.11788964935207 0.128505108310028 9.53708447637678 1.25431313227728 0 0 0 0 0 0 0 0 0 0 0 0 0 0 0 0 0 0 0
2.03258117913142 1.1517321032642 1.40613261066255 0.256022739212385 0 0 0 0 0 0 0 0 0 0 0 0 0 0 0 0 0 0 0 0 0
0.559770638167053 7.309042378958 0 0 0 0 0 0 0 0 0 0 0 0 0 0 0 0 0 0 0 0 0 0 0
