0.128355317830277 0 0 0 0 0 0 0 0 0 0 0 0 0 0 0 0 0 0 0 0 0 0 0 0
6.50055732243341 12.5855355911869 0 0 0 0 0 0 0 0 0 0 0 0 0 0 0 0 0 0 0 0 0 0 0
5.56243051793076 18.4158579687706 15.0311240845391 0 0 0 0 0 0 0 0 0 0 0 0 0 0 0 0 0 0 0 0 0 0
6.71704001868781 17.0887319542623 8.9383397078416 7.36760400608261 0 0 0 0 0 0 0 0 0 0 0 0 0 0 0 0 0 0 0 0 0
4.26591343559934 5.59034686785753 5.12825235704101 4.71079544648456 4.43815311671371 0 0 0 0 0 0 0 0 0 0 0 0 0 0 0 0 0 0 0 0
5.76665434056177 14.1229732655159 16.6808769299341 12.2242244606005 4.80819122287083 9.31036901185726 0 0 0 0 0 0 0 0 0 0 0 0 0 0 0 0 0 0 0
5.35552931352538 15.6716968134811 11.2598394568109 9.1789318991012 3.03031926402141 0.724261985930831 0.574619438521706 0 0 0 0 0 0 0 0 0 0 0 0 0 0 0 0 0 0
4.76733126317908 12.3650219551207 8.71992139050896 3.49888195672429 0.779220771723528 0.0166967638955751 1.41708221391455 6.60419119299802 0 0 0 0 0 0 0 0 0 0 0 0 0 0 0 0 0
4.27052561291235 5.41536417125065 3.09473132298061 3.00234808461053 0.376698085783939 1.64530992031026 1.86869540026029 2.08426736136986 3.46558290101079 0 0 0 0 0 0 0 0 0 0 0 0 0 0 0 0
2.82556566979853 9.62608865502113 2.33555183453599 0.502638732770267 1.07570167813865 1.57580913403906 2.3720543201718 1.97640356254629 2.08792885763983 3.65309285072522 0 0 0 0 0 0 0 0 0 0 0 0 0 0 0
2.66303134795134 1.6627591446555 0.684176410068824 2.76101085635983 5.40066666306594 6.51266981772517 6.82284836254491 0.350579429086875 4.78864833872693 0.496964183660138 0.722084889663939 0 0 0 0 0 0 0 0 0 0 0 0 0 0
0.225639346655629 2.77056033703948 0.131206177958708 1.38737867076357 0.302512669497658 0.0589270204561962 0.729899568313928 0.307906182878849 0.928651751841108 0.603331733935011 5.30494470618526 2.469529336342 0 0 0 0 0 0 0 0 0 0 0 0 0
1.2083753181078 2.37067575506865 4.0666485388982 2.4532531856555 0.324869614890931 3.04933674559793 2.73781293419722 2.37871542667585 4.4516518246864 3.32325300929435 4.71312863671309 0.84386023416787 0.425092575790383 0 0 0 0 0 0 0 0 0 0 0 0
1.94432417261995 8.80287789852898 10.9170450713762 4.05179156858165 3.08278853474182 5.49733017955252 3.3587759823256 6.2699544622321 2.07927722381705 2.34451464584573 0.611089341337035 0.160820098965048 0.415245753269779 2.41337898308053 0 0 0 0 0 0 0 0 0 0 0
2.72898194937876 6.85379996653194 3.46996575206312 2.67282664610353 2.02510729545214 0.959302180515867 1.61442433693091 1.66056314397677 1.41626495079906 0.4924543021966 0.289384310523087 1.61738922359302 6.01462519591449 3.01391010801037 0.00116187681554717 0 0 0 0 0 0 0 0 0 0
3.88245256178075 4.32314004299225 6.46960413255453 3.10574169841035 0.671476408851854 4.4483252871379 1.2112784415661 0.975160203013544 0.788343260674629 0.250386730677967 0.106227526845734 4.11685191890178 1.64064022845049 3.65951501760006 1.10881845601191 3.558276473119 0 0 0 0 0 0 0 0 0
1.25642353835203 4.19115449855802 5.31062474256157 2.38953630847666 3.0616045248263 3.21481560048491 2.92958868679177 0.578272829172812 0.0912297394661102 0.797515980800746 1.76013764197998 0.0802184199630369 1.73749899536273 4.20219469426332 1.83623466593307 7.25091292751111 4.60208790921289 0 0 0 0 0 0 0 0
0.216060955844931 1.63207746909454 1.771973186505 0.190702321609807 2.53930939552532 2.33521360279336 0.0367572280882939 0.129496234546361 1.22751532795433 0.0272531332451764 1.52350198953282 2.38047523206385 0.287260900094412 3.00353043482119 2.77433099172557 2.14299835971974 0 0 0 0 0 0 0 0 0
0.641827016174919 1.65337072190276 2.9910041917229 3.2851183390767 0.725962142777321 0.362791318898607 0.394518232306244 0.662457997209741 1.35739364292424 3.3316031447136 0.857154441016658 1.27823284112787 1.26907114662333 0.203604022152047 0 0 0 0 0 0 0 0 0 0 0
5.9996663328613 2.14054651672355 2.66465532161873 4.99929137197031 2.80702710698675 0.260186224444087 1.30427011387018 1.90557350211947 0.433277932013909 1.94575579301719 3.62596598724841 0.290386211156668 0 0 0 0 0 0 0 0 0 0 0 0 0
0.66603839484782 1.73031750704267 1.03100803077303 0.13025971960045 6.22063251086347 1.58800398339839 0.683648431834408 1.40826717489306 1.54516177927992 1.49045902681277 0 0 0 0 0 0 0 0 0 0 0 0 0 0 0
0.503100784847848 6.21412964874972 0.150217562957057 0.0967964779508031 1.63444849202801 3.59931853620712 1.97750737661918 1.40688967874726 0 0 0 0 0 0 0 0 0 0 0 0 0 0 0 0 0
5.68509564646974 0.0652023072146582 0.0185874320363142 0.337500549942815 7.95503035742756 9.56745275127933 0 0 0 0 0 0 0 0 0 0 0 0 0 0 0 0 0 0 0
0.46285709792677 0.018294670565448 0.276803933435705 8.24652535680228 0 0 0 0 0 0 0 0 0 0 0 0 0 0 0 0 0 0 0 0 0
10.615954063732 0.190084262377069 0 0 0 0 0 0 0 0 0 0 0 0 0 0 0 0 0 0 0 0 0 0 0
