0.0339894910032275 0 0 0 0 0 0 0 0 0 0 0 0 0 0 0 0 0 0 0 0 0 0 0 0
0.0818707087814429 4.4915574469936 0 0 0 0 0 0 0 0 0 0 0 0 0 0 0 0 0 0 0 0 0 0 0
0.0730868955322581 2.32533114981441 0.173277605366269 0 0 0 0 0 0 0 0 0 0 0 0 0 0 0 0 0 0 0 0 0 0
0.297456834517477 0.963385398055997 1.61951526276959 0.151488078875342 0 0 0 0 0 0 0 0 0 0 0 0 0 0 0 0 0 0 0 0 0
4.14389415798795 0.650957882296773 1.56654335014187 1.82901813668099 0.805440944530908 0 0 0 0 0 0 0 0 0 0 0 0 0 0 0 0 0 0 0 0
3.60283771096708 0.953908524060706 0.60811400562057 3.02682619506305 0.37857131222769 2.13828278458428 0 0 0 0 0 0 0 0 0 0 0 0 0 0 0 0 0 0 0
2.0738252810222 0.308967701923726 2.11901381247012 1.88882901328412 1.17274604135795 0.146321576186619 5.9817166138035 0 0 0 0 0 0 0 0 0 0 0 0 0 0 0 0 0 0
3.26608426075938 1.01851904228115 0.755470880451643 1.04543534301926 1.35493871195512 2.47600030346063 0.0488151628669167 2.65661056076778 0 0 0 0 0 0 0 0 0 0 0 0 0 0 0 0 0
2.01622326287448 1.29532725085909 4.85382699178711 3.57122945311385 1.2432865539273 3.25083161982291 0.252977226563701 1.6509830638275 3.15799284661563 0 0 0 0 0 0 0 0 0 0 0 0 0 0 0 0
4.62093324505193 1.50965844043726 6.8409550262165 0.794921492697641 0.187276686185773 0.0553352076282672 6.44261002176731 0.802994873649612 2.79565154147954 3.08811092315655 0 0 0 0 0 0 0 0 0 0 0 0 0 0 0
2.29022560943485 0.136413266363219 0.890119366534802 1.31604735224302 2.37302523372702 3.19329977810992 0.424179334583114 1.47366070464022 0.293556219417199 1.67922100717191 2.91434177376368 0 0 0 0 0 0 0 0 0 0 0 0 0 0
1.88933960022816 0.720839156923712 1.6184166082372 4.11893618104364 1.45883305716121 0.0735291571708284 1.58120039445128 1.42142982221791 1.57961550963418 0.186585706438589 2.86025871081194 1.64155910604482 0 0 0 0 0 0 0 0 0 0 0 0 0
0.676541374556444 5.71378706647783 1.39059072627425 3.22973188303727 2.86520723809795 3.10369617733872 2.42076349563301 2.38779133740682 3.13394156237366 8.78215569399988 0.00488491137593704 2.96187134686089 0.253470871767904 0 0 0 0 0 0 0 0 0 0 0 0
2.64294484746247 0.517278414872296 1.38321303457918 1.38322195114578 6.04310466006305 1.47801060508667 3.17322330279607 0.697003126903485 0.406872962867676 0.531278863173591 1.83448523476844 0.770440809925651 1.10594667506274 2.34930062932452 0 0 0 0 0 0 0 0 0 0 0
0.0230500058098194 2.45528559780431 2.61891298404865 0.137075461957071 1.12001666546017 2.18256726767867 0.806739556613944 1.54428557169817 3.20421040888865 1.76429233963359 1.07408415560374 0.110885693237459 0.123830121010146 0.386167644139794 1.99400624216306 0 0 0 0 0 0 0 0 0 0
0.909318142082932 0.147409849122677 0.681745900139626 2.95560344723291 3.04872658803673 0.705637700606661 3.4404963299732 2.08827668441438 0.482792103063551 0.114435726578332 0.204108887816899 1.39427357744487 3.94523243419646 1.24296198994066 2.0658245345825 1.46003055201627 0 0 0 0 0 0 0 0 0
2.22283775685498 0.552363610726984 3.53439867111727 1.93332280256133 1.91579007590838 3.74667449772967 2.660394318182 0.411466422516352 0.766188412497102 0.994632308816242 0.106689035403116 2.09931365334351 1.87604826360163 2.62485127049401 0.576549865204186 0.403962106298451 1.87872820265568 0 0 0 0 0 0 0 0
1.23734389823139 1.20702072429385 2.27228223581716 1.09955009806698 4.09046856255668 5.87126810685933 3.18215025333093 0.83734918409271 1.13302550011237 0.207842094985057 2.05136329452976 0.96869828047536 4.24436705438154 2.8011266391718 0.514160662345039 0.263208580959121 0 0 0 0 0 0 0 0 0
0.307826608583154 0.627988082079719 1.22710925802914 1.80201765423813 1.22217980332569 4.66520928256503 2.22115133202763 2.2988084324432 1.04082260955066 2.54535909115068 0.869508014371786 0.827094585922731 0.136010348065726 9.23152485029264 0 0 0 0 0 0 0 0 0 0 0
1.1178986532601 1.87310337237892 2.82874212415562 1.56267813663448 5.79351884672769 1.0338168696521 1.0297965899108 1.7259172118039 6.49163272026578 3.78108860721417 0.194651733119069 1.23048645580205 0 0 0 0 0 0 0 0 0 0 0 0 0
0.511354619930791 0.159294652205051 0.394018907598892 2.25947354234886 4.53655863379003 6.66388475373474 1.82181743454853 1.24768821827817 0.15794786350212 0.401317668161384 0 0 0 0 0 0 0 0 0 0 0 0 0 0 0
4.37414372634604 1.59270583430862 8.21792386703367 0.426057960875523 3.63100064508396 0.281140154234977 2.87956529597475 3.50722995101063 0 0 0 0 0 0 0 0 0 0 0 0 0 0 0 0 0
0.105922868840918 3.51456805414695 0.91544631481892 1.39292417759543 0.262889083404061 0.809399634995672 0 0 0 0 0 0 0 0 0 0 0 0 0 0 0 0 0 0 0
3.75283825655582 2.13965574408288 2.47775215600965 0.0484286678334224 0 0 0 0 0 0 0 0 0 0 0 0 0 0 0 0 0 0 0 0 0
5.75920172481345 9.28030694538858 0 0 0 0 0 0 0 0 0 0 0 0 0 0 0 0 0 0 0 0 0 0 0
