0.567919650849547 0 0 0 0 0 0 0 0 0 0 0 0 0 0 0 0 0 0 0 0 0 0 0 0
4.77030196696983 12.6435650806124 0 0 0 0 0 0 0 0 0 0 0 0 0 0 0 0 0 0 0 0 0 0 0
0.924421851556613 7.97609191817095 12.8541110500784 0 0 0 0 0 0 0 0 0 0 0 0 0 0 0 0 0 0 0 0 0 0
6.52299632859758 7.89158557686637 5.58960163045138 3.81945995925064 0 0 0 0 0 0 0 0 0 0 0 0 0 0 0 0 0 0 0 0 0
2.81212688056839 6.1029553940335 6.12961197431822 0.584937124727744 7.97094173609025 0 0 0 0 0 0 0 0 0 0 0 0 0 0 0 0 0 0 0 0
5.68487828428714 12.7199769847746 15.2076416343187 4.33952479652643 0.498812511718213 0.381789209715295 0 0 0 0 0 0 0 0 0 0 0 0 0 0 0 0 0 0 0
8.79505464100736 15.8098854605514 10.8034413817953 0.564505528714947 0.654851254906141 5.59415967574489 5.38192986728653 0 0 0 0 0 0 0 0 0 0 0 0 0 0 0 0 0 0
4.17153132133938 12.9122181468206 3.23273697891012 3.44951187023785 2.41847940430492 6.67845471473682 1.08595026365004 0.938452024129003 0 0 0 0 0 0 0 0 0 0 0 0 0 0 0 0 0
5.54816397653472 3.83379886434251 2.37000765846072 2.66266138113502 1.61413337538537 1.4840112295396 6.12194673337336 0.118851457921774 0.931539528273924 0 0 0 0 0 0 0 0 0 0 0 0 0 0 0 0
3.00340110210684 1.48118826348274 1.48524895569237 1.68874925246354 2.69528512725116 2.2973765275185 1.97902940742308 0.901206763683162 0.533197373656931 1.31727951844558 0 0 0 0 0 0 0 0 0 0 0 0 0 0 0
1.92375611171511 0.308572691742042 0.930146701391354 0.900622712134432 1.72670079155641 0.867654647006897 0.454078672020961 2.86063885209124 6.45044319614963 0.627162691704104 1.38004984823343 0 0 0 0 0 0 0 0 0 0 0 0 0 0
1.16635623517808 8.05159666294604 4.88569213125594 2.49053659384793 0.126787234079672 0.839807281452942 0.537579626508837 1.3106964882823 1.17461126945895 0.746175012944478 2.07874614141056 3.67943698815976 0 0 0 0 0 0 0 0 0 0 0 0 0
0.821529589910035 3.08005125482487 3.22694475028903 1.71778002416202 0.0624479148245732 0.0743009779616453 2.74608214711316 0.0940742487606896 2.3446534207598 1.51278535680075 2.27223613623629 2.48916393103877 2.1059685010065 0 0 0 0 0 0 0 0 0 0 0 0
0.113564941298532 2.29117794469414 0.464624012618892 1.58184507866301 1.95707200926502 1.16429430864052 1.38792142931406 0.339183953122296 1.19965405704384 0.831015436024699 3.18284465255831 1.26102904352809 1.60885018392206 2.97077443805192 0 0 0 0 0 0 0 0 0 0 0
8.00873210208776 0.748672471166082 3.4070880119484 1.02477521285705 1.36758426623209 0.313161356889713 0.919826498438769 0.234187562865243 0.870786427093331 0.768421791636571 2.71148542323863 3.98754972393132 0.172520606163677 0.114070094398451 3.02668135543922 0 0 0 0 0 0 0 0 0 0
0.924260518831033 0.955584489124926 1.05003953045229 6.14136062841746 0.268194960380398 0.527357825085867 0.273998572770364 0.533612351422865 1.30673537002327 0.354194846843099 2.95913400101034 3.38163468368077 1.68792952484594 1.62351089656119 1.68622059637063 2.15945681641789 0 0 0 0 0 0 0 0 0
2.74847186288026 1.23190748182366 4.19690493981346 0.928686569241646 1.213761528863 1.34600990649356 1.25316664471408 2.25299491630439 1.35937283585174 0.13591720476989 0.830471781058293 0.266453894710614 1.52701682853224 1.52740590408914 2.63566036923029 1.74177047251102 0.879049304812271 0 0 0 0 0 0 0 0
7.10344943145234 3.88563727213439 3.23409281335013 2.28730178380828 0.382058795573536 0.164707120670214 2.34533251916111 2.80855868699285 0.370205111009481 2.00073556404657 0.28325667782707 0.799573808091692 1.96593247741446 3.34541105152812 9.6532692275951 4.30148648610536 0 0 0 0 0 0 0 0 0
4.57796403560522 0.701397966889973 1.06178889365776 2.52731040173016 1.38828471062648 1.70917365033058 0.356035952468663 0.812529786660528 1.16498357948948 0.194667538185361 0.0234902018182411 0.0768595234516583 2.05989532926441 3.46995064713857 0 0 0 0 0 0 0 0 0 0 0
0.387239465468037 1.19190410272408 0.237411808030801 1.5316696828294 0.819360284673155 2.17404075242998 0.659638378850569 2.63844940678967 1.3689958884979 2.31648747357495 0.220105828596604 3.92789851795778 0 0 0 0 0 0 0 0 0 0 0 0 0
2.936173117765 2.30752913356599 1.89710574787256 1.0579862649989 0.668090382942997 0.0333550921568888 1.75123131195394 0.0635031287889155 1.33437003556315 1.33530419775159 0 0 0 0 0 0 0 0 0 0 0 0 0 0 0
2.16156574630915 3.49019967973789 1.02098750187382 1.20239272867067 0.0096039377264141 6.39321231195601 1.60504062484614 0.00315842170493932 0 0 0 0 0 0 0 0 0 0 0 0 0 0 0 0 0
0.405434101801391 2.56700944404755 1.9231461415768 4.01591755197224 0.244515219502583 3.33515565177166 0 0 0 0 0 0 0 0 0 0 0 0 0 0 0 0 0 0 0
1.3796682529879 1.64696864100316 3.22597464660155 0.0282338543607863 0 0 0 0 0 0 0 0 0 0 0 0 0 0 0 0 0 0 0 0 0
0.720840496223648 9.92663621477152 0 0 0 0 0 0 0 0 0 0 0 0 0 0 0 0 0 0 0 0 0 0 0
