0.202576490778232 0 0 0 0 0 0 0 0 0 0 0 0 0 0 0 0 0 0 0 0 0 0 0 0
6.26243502609648 13.6872102832387 0 0 0 0 0 0 0 0 0 0 0 0 0 0 0 0 0 0 0 0 0 0 0
4.97199458690881 19.2125112302417 14.9191599409413 0 0 0 0 0 0 0 0 0 0 0 0 0 0 0 0 0 0 0 0 0 0
6.66251961112031 17.5845446029926 9.51574747499047 8.92253412222284 0 0 0 0 0 0 0 0 0 0 0 0 0 0 0 0 0 0 0 0 0
4.35475918987481 5.87105218997234 6.49323259736142 7.37414671728267 2.37713065965704 0 0 0 0 0 0 0 0 0 0 0 0 0 0 0 0 0 0 0 0
5.01382867065243 14.9313674845494 12.5435939336244 8.8041798669826 6.38293827187974 5.07130422812568 0 0 0 0 0 0 0 0 0 0 0 0 0 0 0 0 0 0 0
5.5654219623114 12.7433022706924 7.52690211638237 6.86329928943638 4.7762458223976 3.56220763468059 0.728264982903722 0 0 0 0 0 0 0 0 0 0 0 0 0 0 0 0 0 0
4.66639031268212 8.43377839964614 7.45517878523315 6.84888806217166 4.26865217197012 1.78050406124374 3.48143561369151 0.220615593342349 0 0 0 0 0 0 0 0 0 0 0 0 0 0 0 0 0
0.655385684063766 4.45753523106685 5.20196606096686 2.45105712427937 1.15062818906568 2.53780224024421 0.68592703378708 1.61141889642704 1.77294761927377 0 0 0 0 0 0 0 0 0 0 0 0 0 0 0 0
0.109765943287593 6.16532662956141 3.43645494018663 1.75133815482675 4.61655524117695 0.645451494917418 1.48373429241219 0.0101304231741213 4.15033393077142 2.09708873606083 0 0 0 0 0 0 0 0 0 0 0 0 0 0 0
0.771279684290033 3.56895264725185 1.98902063520227 3.05083658952085 0.31681532549334 0.434275267561336 0.194506388923188 0.852309362834204 1.20261945181345 0.206359693031568 0.0756955441812543 0 0 0 0 0 0 0 0 0 0 0 0 0 0
1.3020396261044 2.68550201344453 1.0517201817702 1.87612794132915 0.118585952167058 1.90480031556404 2.06844166087134 0.062712019899678 5.58732646055118 1.95595168510283 0.100219034236115 0.513120428575672 0 0 0 0 0 0 0 0 0 0 0 0 0
0.134878604927243 2.12375524824198 3.22589387974157 4.67227938375132 2.37421815592731 0.676483621570147 0.415325897399715 0.340833100630652 3.16615845637183 0.0999997980924824 1.35717507009727 2.01113113784183 0.43354224483981 0 0 0 0 0 0 0 0 0 0 0 0
2.96902342739086 3.89892028420561 11.0784429225982 1.99978626784194 2.88451304039014 0.922411316162328 0.474992134662736 1.60713135559391 3.88416846494556 0.904871859430311 1.97432894861842 0.45582863303352 0.563056837206905 0.0499615957830027 0 0 0 0 0 0 0 0 0 0 0
0.687907840262 5.95875867609174 1.42692940881499 2.63611640781586 1.9232673265977 2.15452527271468 0.908908444454401 2.90301137624505 5.86194014895749 0.160711372951718 0.757820227372483 0.639923239021186 1.90717055859863 0.271173515869282 4.82295088219077 0 0 0 0 0 0 0 0 0 0
5.1642231400858 4.25091453133149 2.5616532784866 1.99242585366111 0.891200543691964 1.6862589159379 3.26600739067422 0.612697976032107 0.829320646657106 0.22910544351458 0.598950491972678 0.294816428449395 2.00119111764952 2.25818572831111 3.41971016581619 2.98322282390024 0 0 0 0 0 0 0 0 0
0.864735392241076 2.46453235420072 0.620003650367823 0.571273880508174 0.801940666400911 1.64222717512189 0.443012210193889 1.9161407202385 4.68982225026485 1.82185537674634 0.0870690736087026 1.33125030812275 1.20762052325327 2.08019570751189 4.29501732819348 1.35098799713374 3.55011027072923 0 0 0 0 0 0 0 0
2.00854308181538 3.12562962205791 1.48651948795488 0.515716728267434 2.22313508594815 0.465454874203219 0.988138930143619 2.23943924248086 0.60683381637136 3.80677586263672 1.18918500110856 0.244752332143596 3.3279318615239 5.04589536905253 2.65696952336377 3.76841297012284 0 0 0 0 0 0 0 0 0
1.50470426207564 1.10796956838101 0.60200970215178 1.44810022891692 5.14246348358395 3.38010285490406 1.62808936527024 0.4340528992624 4.77487710604852 1.94179582414315 1.42492701374989 7.13348132941904 1.47506664060518 0.550154917129431 0 0 0 0 0 0 0 0 0 0 0
3.10467404172388 0.784805576961358 1.87461807180974 0.624027822728991 0.128520813750263 0.871797870860754 0.683049223494972 1.8417587565066 3.37149024459744 1.25336388145127 0.306289039883701 0.829302319061503 0 0 0 0 0 0 0 0 0 0 0 0 0
3.00942741276727 3.90787559288514 0.757865409705426 0.0531170123874996 2.1419338990806 2.02607724454678 0.0211969955285067 1.02187041678415 3.32000711172017 2.47068324752229 0 0 0 0 0 0 0 0 0 0 0 0 0 0 0
1.62244109449675 0.323288005636687 0.0729388901758743 0.25001387331306 2.41713562808456 0.596523900443644 1.21443210539121 0.840611590994949 0 0 0 0 0 0 0 0 0 0 0 0 0 0 0 0 0
3.49773885303009 3.01337688196612 2.0657508816567 0.258862568933242 0.183049911571413 0.622277493004765 0 0 0 0 0 0 0 0 0 0 0 0 0 0 0 0 0 0 0
4.55042296594992 1.19269063333185 0.804536964744024 0.354730617854604 0 0 0 0 0 0 0 0 0 0 0 0 0 0 0 0 0 0 0 0 0
0.23627377112015 4.51887752777339 0 0 0 0 0 0 0 0 0 0 0 0 0 0 0 0 0 0 0 0 0 0 0
