0.075859119411077 0 0 0 0 0 0 0 0 0 0 0 0 0 0 0 0 0 0 0 0 0 0 0 0
6.75516086839262 11.2611905920806 0 0 0 0 0 0 0 0 0 0 0 0 0 0 0 0 0 0 0 0 0 0 0
6.04573859773776 16.6152575138406 8.46176105977433 0 0 0 0 0 0 0 0 0 0 0 0 0 0 0 0 0 0 0 0 0 0
6.59525049559145 8.87331634049128 0.516793767757259 0.73983956474144 0 0 0 0 0 0 0 0 0 0 0 0 0 0 0 0 0 0 0 0 0
2.25447612255196 0.339883766689056 0.412869595381438 3.8158561132287 7.46933954441302 0 0 0 0 0 0 0 0 0 0 0 0 0 0 0 0 0 0 0 0
4.09287111606075 7.64214439365372 3.48086955463883 4.68091579942625 2.27908460815204 0.24666111439918 0 0 0 0 0 0 0 0 0 0 0 0 0 0 0 0 0 0 0
3.5741856810458 2.16100416771031 0.31845821303816 1.23629406672734 7.13520308682408 0.182597888818554 0.807783898368908 0 0 0 0 0 0 0 0 0 0 0 0 0 0 0 0 0 0
4.46533804365927 4.20109221893218 2.25100600984627 1.91591554696425 0.444298418529083 0.368514640373611 0.442863023587374 0.917369101432608 0 0 0 0 0 0 0 0 0 0 0 0 0 0 0 0 0
4.78666628464485 0.41191659948546 6.03800684840518 3.86250961065151 0.751552608009376 1.70568092650631 1.41307093091411 0.53046081815352 5.94325198651594 0 0 0 0 0 0 0 0 0 0 0 0 0 0 0 0
1.13830613139247 2.99800632116898 3.50194231233046 4.07248272858423 1.09938547099724 1.15750445296777 0.283246859762576 0.83141276726574 5.0967142793356 0.465003579216892 0 0 0 0 0 0 0 0 0 0 0 0 0 0 0
8.25205195793999 5.43287266094804 3.51920345548365 1.28205144194496 0.245836153031973 0.66027541381226 3.92879597624465 0.442658629482956 2.79495671270852 3.038927613831 4.2625796788793 0 0 0 0 0 0 0 0 0 0 0 0 0 0
4.11079703510398 6.06320716651489 1.49157917196863 0.209821960078308 1.02647515262651 0.579078429754224 1.99823829666248 0.280367129969277 7.36262414709223 5.55161743741081 2.18315287962446 9.06381409370533 0 0 0 0 0 0 0 0 0 0 0 0 0
1.35700252516412 0.44820454709225 0.340531063780633 2.26449212672651 1.0990815936359 0.223055603920769 4.55454749081765 2.78166992265841 0.736415222117844 2.8194346671651 4.91858884774511 1.7996183905384 0.492892222463724 0 0 0 0 0 0 0 0 0 0 0 0
0.0805908564717607 0.45369152134692 0.800564685773539 2.87890082589808 0.308172756036044 2.00864022404778 2.8386967473224 0.262592330625709 1.69933088405318 1.98752049995959 2.8455888022484 0.0903995695590821 0.393119658243649 0.23655522239529 0 0 0 0 0 0 0 0 0 0 0
5.09300164267951 2.38148757566378 0.954877078362228 2.04598462495353 0.739555263860413 2.99560396887566 0.614117882649962 0.0171024768587311 0.448755300648781 0.00157112998197467 0.739997985112458 0.787221033732126 0.615530804612058 5.94305029916401 2.53587365606828 0 0 0 0 0 0 0 0 0 0
1.05734091553857 0.709347285547585 0.434293159098722 1.62306350291395 1.51622303029689 1.2107271376121 0.147743844189864 1.57691640381186 0.288723815396312 0.977413664804387 0.0148912579756974 1.70997350455932 2.07307870574886 1.57514486417308 0.229014537102039 1.09233292019261 0 0 0 0 0 0 0 0 0
2.41044963226967 0.244461827274972 3.3732480822566 3.18170588633521 3.89291383087632 2.02820758895273 0.927236138335982 0.577079970083332 1.75931171075673 1.5450667202736 1.06712917237941 5.16626866212048 1.78664170212168 1.90131109218764 0.195190384826319 2.38457916905263 2.34069773014075 0 0 0 0 0 0 0 0
0.620999960274564 1.80322304635113 6.09313204357285 1.03303281568163 3.63331287854157 0.598398676924544 1.15326572483098 2.13271766691977 0.0528127417376702 1.08356186343195 3.20312068259842 0.740430502524705 0.594903745225562 1.17458431073482 1.35656981278543 1.66360705491492 0 0 0 0 0 0 0 0 0
2.3646590217934 8.90428859086201 5.76051281582165 3.87261946621658 3.15731965048394 0.149513628669147 0.52520734880482 0.441009168678211 2.0952047432022 3.73119373005688 3.66343183543555 3.11685650251512 5.36046644053967 0.502023387360256 0 0 0 0 0 0 0 0 0 0 0
8.39569029258364 3.96732064486397 5.87332222755493 0.389600328912204 0.0671136583522003 2.91799570664943 1.04635146197713 0.723236697030855 1.29471861784161 5.22011527313272 2.28723973027554 5.19446865057055 0 0 0 0 0 0 0 0 0 0 0 0 0
0.899613746227409 0.930530740622364 0.387046741496397 0.14563348835662 4.34414610970394 1.40209861180215 0.626730028406335 0.158158057202689 5.58084515074111 5.54759100308598 0 0 0 0 0 0 0 0 0 0 0 0 0 0 0
2.89173494196624 5.88258640155483 0.956160136134846 0.259772214353578 0.300674459930402 2.10349704328836 6.5529788109891 1.44614866421477 0 0 0 0 0 0 0 0 0 0 0 0 0 0 0 0 0
0.778804347194726 1.35031291432496 1.50760495219083 0.404598901063661 2.04765808307331 0.811090597038726 0 0 0 0 0 0 0 0 0 0 0 0 0 0 0 0 0 0 0
0.515764410920892 0.457778337287756 0.309222743537981 3.3445748007523 0 0 0 0 0 0 0 0 0 0 0 0 0 0 0 0 0 0 0 0 0
0.293876039812335 0.395709152691742 0 0 0 0 0 0 0 0 0 0 0 0 0 0 0 0 0 0 0 0 0 0 0
