0.0333025644424047 0 0 0 0 0 0 0 0 0 0 0 0 0 0 0 0 0 0 0 0 0 0 0 0
3.88597541287702 6.7972963651246 0 0 0 0 0 0 0 0 0 0 0 0 0 0 0 0 0 0 0 0 0 0 0
5.51448146510905 13.9455686885617 13.3118176185075 0 0 0 0 0 0 0 0 0 0 0 0 0 0 0 0 0 0 0 0 0 0
7.53947882395769 15.7010118529032 7.83840456142934 9.3203533898945 0 0 0 0 0 0 0 0 0 0 0 0 0 0 0 0 0 0 0 0 0
5.86433992431286 3.34343636009171 4.95271261505497 7.41634779223701 7.1302898891239 0 0 0 0 0 0 0 0 0 0 0 0 0 0 0 0 0 0 0 0
4.72018870262404 11.9969299261866 17.11863114123 15.8209683496844 4.29216370184419 6.22150777477857 0 0 0 0 0 0 0 0 0 0 0 0 0 0 0 0 0 0 0
5.47593684615964 13.8788254140344 14.479660062329 4.02949581933359 6.49750564165979 1.10463774941654 0.388355463950357 0 0 0 0 0 0 0 0 0 0 0 0 0 0 0 0 0 0
6.38022150204273 12.1540281648689 3.63733061984938 6.43019136370326 0.113384869309298 0.824090706525187 1.32595077390515 0.718420940625974 0 0 0 0 0 0 0 0 0 0 0 0 0 0 0 0 0
5.11288257300549 3.21005459120704 3.67993155472437 0.393492946533274 1.06153472398684 2.49587193137103 0.991450234356299 2.01750767617203 2.28449247018613 0 0 0 0 0 0 0 0 0 0 0 0 0 0 0 0
4.23916926431544 5.59541961710871 1.57206741174207 1.45486689488757 1.63434451767735 2.11156048736234 0.801747195867282 2.13906479033116 0.819246703417417 2.95266440482067 0 0 0 0 0 0 0 0 0 0 0 0 0 0 0
4.27622333094061 1.08496427876092 1.40936811336355 3.12154606678974 0.955335034704506 0.261651463865077 4.49538591007765 2.76865883273744 1.82946552059013 1.83997359109036 1.85610867555046 0 0 0 0 0 0 0 0 0 0 0 0 0 0
2.66147949061255 0.0342021004323219 1.13201955136307 1.11382032478767 5.88069363686968 1.41012633920844 0.251154343649801 0.928664861511715 0.193832016457092 0.101372466240751 0.975407349038151 4.99409381162492 0 0 0 0 0 0 0 0 0 0 0 0 0
0.550171047764297 1.91171861071645 0.594936185722906 0.524459153664427 0.107802513420357 1.24151705711774 0.494265885512734 1.15171290054328 0.802029423430212 5.77333485730009 1.81560472404901 1.93656524752525 0.855410799758667 0 0 0 0 0 0 0 0 0 0 0 0
4.44483992759604 0.1375932756844 0.0722565281373023 1.11827287728382 4.25521661246396 1.79231572592473 0.549893261405064 0.712086267656595 3.00738106350443 0.144750525046822 2.35675247847075 1.58853760962761 2.4050327691845 0.28195711752048 0 0 0 0 0 0 0 0 0 0 0
0.0608057562981452 0.928398482824426 2.48957689742324 0.93779187626659 0.0264308585478957 0.597358437523673 0.0169219541531416 4.94071184404919 0.349745602489173 4.24264106432867 3.07920053189753 5.13772039192678 1.57060416404275 4.06197882647838 2.05312695942339 0 0 0 0 0 0 0 0 0 0
5.79285952721323 1.67630954109429 1.03694084634397 0.52031971972856 1.25611583099069 0.309496679163472 0.552847272536087 1.62563528408624 2.88118120809488 2.75400030397247 0.24160019994478 5.95996555689234 0.494549305010834 0.149594615323961 1.45638070840575 2.48553246895861 0 0 0 0 0 0 0 0 0
0.104185451021912 0.38163219582727 0.0595040369573113 0.0627443077279297 3.59137108530182 0.990662324377156 1.0822127683647 0.639812579753245 0.903953163005144 1.95289455218924 0.937149324033929 1.75325857140042 0.0939875746910685 4.4247425921083 2.12944409707456 5.50730156415025 0.3435584866939 0 0 0 0 0 0 0 0
0.927741492603581 1.25183489175697 1.00745527637743 2.06192194704946 3.11048991347369 0.759957637798199 0.540307214730594 1.13543880455526 3.14600004041688 1.70266015024211 0.961342887322994 0.264711548427285 3.88804096009275 1.02447759839654 0.710277162500658 5.83965597947181 0 0 0 0 0 0 0 0 0
0.0661394377644446 0.601868979920736 0.481640353435963 1.03610111562871 1.96439122858441 2.98373723301933 0.28531622471501 2.80635364668629 2.47003888059806 0.192226535998433 1.18446413793048 1.75521817022968 3.58650596188535 3.64564660088167 0 0 0 0 0 0 0 0 0 0 0
0.628858448474416 1.05212102793324 0.882370941444045 1.28490418527698 3.13487405037862 1.64386527457726 0.2612081167955 2.1489795055469 2.15705883157264 1.3595884771141 1.6844291474582 4.19208698145969 0 0 0 0 0 0 0 0 0 0 0 0 0
0.0327577465208609 1.0075009780921 0.918615715147599 2.24630904551592 1.1194873642043 0.597258008117848 2.22747128324983 6.27141118954757 0.643716852602953 0.941160045525766 0 0 0 0 0 0 0 0 0 0 0 0 0 0 0
0.426785882511666 0.862586805525973 1.58223208625606 5.36199268906306 0.182821092159595 2.95648155863503 3.35358925171416 0.671107484437113 0 0 0 0 0 0 0 0 0 0 0 0 0 0 0 0 0
1.34183457660851 0.759398940803314 3.5400788865216 3.56935635271191 3.64281853864961 1.66134135022229 0 0 0 0 0 0 0 0 0 0 0 0 0 0 0 0 0 0 0
1.53373906233232 5.02184865322961 3.06742689157523 1.7500303870755 0 0 0 0 0 0 0 0 0 0 0 0 0 0 0 0 0 0 0 0 0
1.77708368077729 0.0835133276964185 0 0 0 0 0 0 0 0 0 0 0 0 0 0 0 0 0 0 0 0 0 0 0
