0.209971562160505 0 0 0 0 0 0 0 0 0 0 0 0 0 0 0 0 0 0 0 0 0 0 0 0
5.30923606271423 12.7709516557258 0 0 0 0 0 0 0 0 0 0 0 0 0 0 0 0 0 0 0 0 0 0 0
2.17500139929162 7.99031199459515 3.08383831820901 0 0 0 0 0 0 0 0 0 0 0 0 0 0 0 0 0 0 0 0 0 0
5.27730000985744 15.5781263806816 1.29684864043202 2.09336488436083 0 0 0 0 0 0 0 0 0 0 0 0 0 0 0 0 0 0 0 0 0
4.6290371948248 1.39533867944934 0.578208935848013 0.638277188503449 0.488905653192459 0 0 0 0 0 0 0 0 0 0 0 0 0 0 0 0 0 0 0 0
1.20692901058344 0.775754846239782 1.35999984232334 3.02551061566035 0.355734956646679 0.583103979850041 0 0 0 0 0 0 0 0 0 0 0 0 0 0 0 0 0 0 0
1.42128444694592 2.06411089169791 0.755787814644122 0.172086129659178 4.47726534172977 2.71122470616463 2.9554657605946 0 0 0 0 0 0 0 0 0 0 0 0 0 0 0 0 0 0
0.62699549897183 2.53217081580336 0.055850501976326 2.42872324091651 1.683932474603 0.258688601986482 3.61966668111469 1.03297919637928 0 0 0 0 0 0 0 0 0 0 0 0 0 0 0 0 0
4.22689417226742 1.27566658969441 9.15522308469343 0.509741434092804 2.9536195840104 1.14801024926555 0.360990998263864 0.199837109857217 1.50043992527598 0 0 0 0 0 0 0 0 0 0 0 0 0 0 0 0
1.16245903435215 2.44143511673582 1.191405138876 0.481916350689114 4.63919642601862 0.109153490999523 1.22799071340842 9.61569147377471 5.49755887861508 7.93758108721938 0 0 0 0 0 0 0 0 0 0 0 0 0 0 0
0.689759891746337 1.19602548600871 0.38661487287659 0.437489594803033 0.215626862290639 2.03157651385903 7.57383779142118 6.58030260587853 0.242684829058204 2.64992549625394 2.37961054031941 0 0 0 0 0 0 0 0 0 0 0 0 0 0
0.140495039626509 0.662782659801183 3.0710195389261 2.22263144751191 0.530847546981849 2.39389706767023 3.83494919783709 0.69698633772602 0.749612286596064 4.16691494623686 0.95600188156846 0.22697783587911 0 0 0 0 0 0 0 0 0 0 0 0 0
0.280139877326857 3.19212622597276 0.207330981069925 0.37057076645303 2.98492019023486 0.40073104365436 1.63002892269186 3.75288360007197 2.55108343819884 1.32404527849711 4.9195994960405 0.948021064973952 2.07370582505767 0 0 0 0 0 0 0 0 0 0 0 0
0.727399121295538 0.154354671469732 1.21366975789355 0.185702081142039 2.30928351742203 0.343230058118009 0.271549668773471 0.700302122154151 0.271406207563124 2.14832757341768 0.392175262491649 4.15456347174857 1.27163557322384 1.70202482218238 0 0 0 0 0 0 0 0 0 0 0
3.46387854817865 0.207814590559749 0.928079500182522 0.108271198204515 0.376866160283433 1.37051311966019 3.46802536365647 3.32641772529461 1.80213973399299 2.42375355282462 2.47288587822507 2.80474161294123 2.08045397706848 0.162488316227516 4.09499329000133 0 0 0 0 0 0 0 0 0 0
5.9800376784189 0.182842072607733 0.339135635647227 0.592446695487061 0.367835333831746 7.81120722649326 0.368665795224094 0.291324850692385 1.18004998735415 0.160245601014232 0.175002363512144 4.20078238223335 0.323049946476265 3.77720622210423 0.965433892911783 0.373177247137818 0 0 0 0 0 0 0 0 0
6.57104185824759 0.141836220241365 0.776331303187528 0.237973910438519 0.148123883715038 0.238843158642966 0.945730688857442 0.123069363341343 0.00217170538411831 0.733559595313522 1.75567217785899 1.10246062068721 3.6433852074919 1.91139460585298 2.45255196615928 0.579287646095201 1.43732011127943 0 0 0 0 0 0 0 0
0.511442019887769 4.45758526152466 0.440309378314763 0.237008989772978 0.062076768027075 1.96592024871828 0.931930316442475 3.72104221703385 2.62911793417082 2.5639564257397 0.720102897621587 1.25268059235229 6.55389235078779 0.298669252001708 1.11381240644765 7.01000731277539 0 0 0 0 0 0 0 0 0
0.818228534416653 1.7066370275983 3.06630708868175 0.0523295320484794 2.11279868868577 0.606363123509642 1.14199634787189 2.39220980754691 2.98654355411035 1.23345378077392 1.35730163458029 0.112017728322813 0.531060350498043 5.54281873350314 0 0 0 0 0 0 0 0 0 0 0
2.36318746719675 1.57815402183974 0.699619676814391 2.30865901878249 1.55631506496093 2.72743902569889 3.53782646964336 0.510487936221874 0.963987121702888 0.560106506528398 3.39939180658417 2.30475118707381 0 0 0 0 0 0 0 0 0 0 0 0 0
2.83917488111137 0.260839182774525 1.8662432239145 0.560820806547337 0.158340984474119 1.06455142162128 7.31390370192297 0.989299150854171 0.382399979417176 9.91025890248485 0 0 0 0 0 0 0 0 0 0 0 0 0 0 0
0.0726106348646416 0.368838609765058 7.60167853894612 1.21017212620328 1.51035340035342 2.86898015840833 1.67727227589592 7.31597409381139 0 0 0 0 0 0 0 0 0 0 0 0 0 0 0 0 0
2.56767555700507 0.341017935525392 1.63603072097117 0.210712005733631 2.05452875593492 0.64359639855691 0 0 0 0 0 0 0 0 0 0 0 0 0 0 0 0 0 0 0
2.91027381434319 1.83431376765059 5.21059813076532 0.934029605410364 0 0 0 0 0 0 0 0 0 0 0 0 0 0 0 0 0 0 0 0 0
0.924148260817047 0.0101121547235158 0 0 0 0 0 0 0 0 0 0 0 0 0 0 0 0 0 0 0 0 0 0 0
