0.219841055069605 0 0 0 0 0 0 0 0 0 0 0 0 0 0 0 0 0 0 0 0 0 0 0 0
5.04482806719663 13.806651881556 0 0 0 0 0 0 0 0 0 0 0 0 0 0 0 0 0 0 0 0 0 0 0
4.00436230862787 17.434862272809 7.14730748065503 0 0 0 0 0 0 0 0 0 0 0 0 0 0 0 0 0 0 0 0 0 0
7.48421529461044 11.2609085644741 11.3851029549201 3.37722543095091 0 0 0 0 0 0 0 0 0 0 0 0 0 0 0 0 0 0 0 0 0
1.75026032424516 13.4432194692215 2.55933325010292 5.413952750831 3.05641669743086 0 0 0 0 0 0 0 0 0 0 0 0 0 0 0 0 0 0 0 0
1.95257667480981 2.93117738269711 6.3280453950544 9.03817678777073 4.07933523644726 3.82828677509281 0 0 0 0 0 0 0 0 0 0 0 0 0 0 0 0 0 0 0
1.0025822466765 2.34370285230757 1.4835597451474 0.79324349962642 0.195995601123663 0.171266301731318 2.86841985171385 0 0 0 0 0 0 0 0 0 0 0 0 0 0 0 0 0 0
1.58047107244043 0.904390598717316 4.52524860894775 3.93042420108873 3.19379433312741 0.977819359287234 2.31891091155949 1.91906054409251 0 0 0 0 0 0 0 0 0 0 0 0 0 0 0 0 0
1.87998025359979 5.64482821238319 8.48879243959486 0.160783104906448 0.588774979911556 1.22496209017411 3.13613926648575 1.67280143861698 0.978697913227504 0 0 0 0 0 0 0 0 0 0 0 0 0 0 0 0
3.11364327791184 11.5939191744529 2.5776336518077 3.12693207098754 8.08392197873976 0.226802055969742 0.355116203028973 5.1342167483557 3.85746443901692 2.33977444770879 0 0 0 0 0 0 0 0 0 0 0 0 0 0 0
1.98053264594914 1.54734126970409 1.1804879051119 3.70019335964073 0.571101594485018 0.113092587105449 6.79824510291196 0.341131055997092 0.0566030899961778 1.53617714661733 2.47555062782623 0 0 0 0 0 0 0 0 0 0 0 0 0 0
0.957246920992296 0.652154516454865 1.23480769868356 0.16083829409438 2.52965348620638 5.65672253627483 0.449114140693269 0.594764763240534 2.21773559084747 1.77562552490722 0.257421954826521 1.49020473449341 0 0 0 0 0 0 0 0 0 0 0 0 0
0.195209181726277 2.99495998487763 2.08630501119331 2.46230163618598 4.12309098897886 0.3473597083267 0.470228290748506 4.22751703598606 0.250596674194155 0.535763959056975 1.85097298129334 1.68799940253238 2.85508047068943 0 0 0 0 0 0 0 0 0 0 0 0
0.726348020624988 0.789043943256156 3.27266819135422 1.97042817279835 2.16795400938345 4.33547698501193 2.18530237559808 4.30072865732846 3.30786872500898 2.13729781920732 0.103326328881618 2.35224982836928 0.3355866288544 2.49735741782609 0 0 0 0 0 0 0 0 0 0 0
1.44279307071338 1.36838292230728 2.81123516835387 1.18343040080966 0.800130033764299 3.10378549172262 3.03262876889379 0.300215937319762 1.37612749908942 1.04625166161991 6.10179806586593 0.0944917263908973 0.812330798574884 1.32977153005298 1.03130767053872 0 0 0 0 0 0 0 0 0 0
0.829236304567385 0.19060925328792 2.79199498617583 0.419087771134385 2.4122955824917 1.24682891803672 3.7008053886729 0.955480838965374 3.67425397496128 0.219829849129126 0.253576792050615 1.00497533903113 0.221561896305406 0.16467973030726 2.58422831878088 3.30567882414172 0 0 0 0 0 0 0 0 0
0.512766915262603 0.936833209689831 1.29784024604451 2.3857182552026 0.816052941711719 0.435130981688123 1.36275166352906 0.160418655316897 3.76769274532843 1.36602370005437 2.30356749457167 0.154277084503166 0.0571416191111076 3.12459048377327 2.58779393257738 0.815250854032604 1.32023610131595 0 0 0 0 0 0 0 0
0.302199196882751 1.72560007666246 2.20961237649269 0.0951023864591187 1.65247356131029 1.16138862867262 0.396786244280463 0.306393440822753 1.23600373647469 0.381423562621529 2.12301629290944 3.12352800770215 0.0999088100866718 0.295241074345311 0.436553879867368 3.97278954023811 0 0 0 0 0 0 0 0 0
2.29467432021784 2.36769513413615 0.0263492114775741 0.575867750927182 2.78647099108605 0.395950138028835 4.62821486317152 0.144440680797238 0.241769289007211 0.260008976147731 3.63496572319527 0.218543093445045 1.11821880161549 0.190574842416827 0 0 0 0 0 0 0 0 0 0 0
3.44165206059192 0.106982152658218 0.348134555772133 3.00396335042446 0.16821565393779 4.09425846930348 0.451964676996594 3.19446366436805 0.678268105263455 1.36354412272279 7.30545663731509 2.17722441821147 0 0 0 0 0 0 0 0 0 0 0 0 0
4.0761438822289 0.058082018988956 3.58317548413383 0.025367660073074 0.6772599788077 0.0244883283992023 2.30378503774255 1.35745948612868 6.35897715814855 0.25312768708505 0 0 0 0 0 0 0 0 0 0 0 0 0 0 0
1.16338884330713 1.00062051140175 0.177727362222037 3.34549612540199 0.287330054021147 1.86171826309456 3.602837734871 0.979515551527137 0 0 0 0 0 0 0 0 0 0 0 0 0 0 0 0 0
2.5006277527258 2.25956945676226 6.8826983256162 0.809821469492019 1.37661237194435 0.177723310857036 0 0 0 0 0 0 0 0 0 0 0 0 0 0 0 0 0 0 0
0.854826176758957 1.64721846892857 0.880586873636095 1.22206407579731 0 0 0 0 0 0 0 0 0 0 0 0 0 0 0 0 0 0 0 0 0
0.60660059844737 0.0473772935566152 0 0 0 0 0 0 0 0 0 0 0 0 0 0 0 0 0 0 0 0 0 0 0
