0.084543140145439 0 0 0 0 0 0 0 0 0 0 0 0 0 0 0 0 0 0 0 0 0 0 0 0
5.7396128266662 10.2898915488835 0 0 0 0 0 0 0 0 0 0 0 0 0 0 0 0 0 0 0 0 0 0 0
5.77276787070724 17.7355371054378 13.5771206775417 0 0 0 0 0 0 0 0 0 0 0 0 0 0 0 0 0 0 0 0 0 0
7.82108561268033 16.9167916300032 8.75595913353374 6.41432717576398 0 0 0 0 0 0 0 0 0 0 0 0 0 0 0 0 0 0 0 0 0
5.56090353161915 5.10104693920452 4.15563739445491 7.57715221293169 8.45040870992061 0 0 0 0 0 0 0 0 0 0 0 0 0 0 0 0 0 0 0 0
4.73785314959425 11.7739319256531 17.3412997652675 17.6700014578372 4.28147368282941 11.7132011850566 0 0 0 0 0 0 0 0 0 0 0 0 0 0 0 0 0 0 0
4.31411909315803 16.3971611544875 16.569081700647 6.82635308440229 3.47572245038413 5.62866640555679 0.813205673685939 0 0 0 0 0 0 0 0 0 0 0 0 0 0 0 0 0 0
7.44491254888757 17.1687816195481 7.15683191247574 3.37996576205271 0.972052623230932 3.78209817429788 2.9083637626247 1.79680215137104 0 0 0 0 0 0 0 0 0 0 0 0 0 0 0 0 0
5.94593431869402 4.29242278880473 1.97652218095782 0.651973288067386 7.13586054021234 2.20149953802959 2.17806713218442 0.847085215487723 0.623633208989209 0 0 0 0 0 0 0 0 0 0 0 0 0 0 0 0
4.36967699630508 10.311916943673 2.16196085408766 5.51606586122526 1.83975280618217 2.75489701115858 0.141764652340509 2.87244651410782 3.4448334017339 2.47961308983183 0 0 0 0 0 0 0 0 0 0 0 0 0 0 0
3.088063184475 2.06033036513219 7.76559988058162 3.64510245995876 1.12510720929551 0.540179308257971 1.21243970198388 4.74149734902083 0.225899834038709 3.66967652602893 5.52628835161504 0 0 0 0 0 0 0 0 0 0 0 0 0 0
2.48637963313492 4.18870343899148 1.31197760721722 0.9457169072663 0.0953935139585755 1.04536526577232 3.62658092039575 0.00122027078785025 0.508645581139414 7.43126066113085 6.22371271701281 1.56505538047116 0 0 0 0 0 0 0 0 0 0 0 0 0
4.33144085574123 0.447176243139479 0.36476626345655 0.140168999693044 1.93649912990922 2.73700795664598 0.0622876235290291 1.43359508852745 5.81911553879567 3.22589480955491 0.118602111342801 3.0363609399847 0.351950663038216 0 0 0 0 0 0 0 0 0 0 0 0
0.0886297858970471 1.52009695694104 2.21973642184731 1.19298868261987 2.15203669034268 3.20435306943147 2.1006835185005 1.74772046206299 1.32215096420053 1.66995298088862 7.95159633262143 6.07538926002842 2.37210799616102 1.82918272778456 0 0 0 0 0 0 0 0 0 0 0
0.437389617636122 2.35460088971788 0.243949090341917 5.75799563913316 1.4018082254958 2.27568006368725 1.80768779386737 1.98390946059466 0.73264098906399 3.58928859462447 2.08672315557831 6.457430680655 0.510272620539096 5.29111756003329 1.63181488344767 0 0 0 0 0 0 0 0 0 0
5.75895026107083 0.348700988872281 1.94601166149483 0.197443621546584 0.855061273310278 1.38990182267117 0.608220427110389 0.749775852459509 2.96927735423348 0.165593793128565 0.341521815646524 1.48247928324595 0.54228422910597 1.99291869340646 0.807232643409435 4.04385100988102 0 0 0 0 0 0 0 0 0
1.03682329239799 2.39396309246254 0.268192420724131 1.79316120427131 1.87131320805516 0.481543824632918 1.55785333043455 3.32571954082417 1.33183367673519 2.3833395413019 0.192773797567873 3.53108837723609 4.25008864787563 4.02918387186552 4.15573824979809 1.00975998631691 1.66668121228453 0 0 0 0 0 0 0 0
0.740513583080866 0.159270099019924 1.44940196683773 4.43505685231047 4.06861728832917 2.14926966996199 3.43653896642363 3.26832352463003 4.61255488787093 0.625828875016362 3.92451780963343 3.37275468849115 0.527569262258474 0.596674522219103 0.0821979322846486 0.557694298745568 0 0 0 0 0 0 0 0 0
1.01803622710638 3.45833136967277 0.925950386776864 1.39224657964524 0.828794078849788 6.79504412294988 1.06069095613678 1.34859680217562 0.228578351566575 2.08071803616945 5.03551253467899 4.56324889555426 1.97500129654397 1.94939664350411 0 0 0 0 0 0 0 0 0 0 0
4.19955687318059 0.872380943923782 1.33537103951381 0.920351136766878 2.22559690309203 0.139508870760955 0.809886114105454 0.0709190613487512 1.03237650387668 4.25455159499591 0.763250499147428 1.30130003308874 0 0 0 0 0 0 0 0 0 0 0 0 0
0.605354184523936 2.40969077870086 0.621814973725003 4.7928601834259 4.22971103951154 2.04820256362912 0.982567067977892 1.89286760697045 0.971879448803348 1.14947809124329 0 0 0 0 0 0 0 0 0 0 0 0 0 0 0
3.32518421737532 0.593705126732934 5.66002195583747 4.22819779982046 1.85749595328706 5.29748595830907 2.04243375014409 12.4907303032233 0 0 0 0 0 0 0 0 0 0 0 0 0 0 0 0 0
0.603570584329311 1.37450933813013 1.77433074189863 3.57684335508128 0.525905585415709 0.484568787980315 0 0 0 0 0 0 0 0 0 0 0 0 0 0 0 0 0 0 0
3.18465278178465 3.22721778438608 4.51561563644897 1.19214274557514 0 0 0 0 0 0 0 0 0 0 0 0 0 0 0 0 0 0 0 0 0
3.50324742847882 6.87306223175056 0 0 0 0 0 0 0 0 0 0 0 0 0 0 0 0 0 0 0 0 0 0 0
