0.182789355044259 0 0 0 0 0 0 0 0 0 0 0 0 0 0 0 0 0 0 0 0 0 0 0 0
4.6723261546939 12.5039853037439 0 0 0 0 0 0 0 0 0 0 0 0 0 0 0 0 0 0 0 0 0 0 0
2.62038552753502 4.7917174065086 1.04499212425876 0 0 0 0 0 0 0 0 0 0 0 0 0 0 0 0 0 0 0 0 0 0
3.87975172169601 8.9347295038866 0.110673768671916 1.08298217706922 0 0 0 0 0 0 0 0 0 0 0 0 0 0 0 0 0 0 0 0 0
0.57189812523673 0.390091126553575 1.42275299181673 3.7517342828286 3.68427845348332 0 0 0 0 0 0 0 0 0 0 0 0 0 0 0 0 0 0 0 0
3.56443368964779 0.431798535865609 2.6235187652813 0.197756455193867 0.0925729699335078 0.626590965911906 0 0 0 0 0 0 0 0 0 0 0 0 0 0 0 0 0 0 0
2.12052948553678 5.76523270403402 4.33715766814559 1.23907968276856 1.22093792980386 1.47994955610915 0.151737314255279 0 0 0 0 0 0 0 0 0 0 0 0 0 0 0 0 0 0
0.212234800758013 7.67930009192615 2.65631909515422 3.04297583503294 0.094790757216267 0.397064803059659 6.69644584177334 9.16866412316614 0 0 0 0 0 0 0 0 0 0 0 0 0 0 0 0 0
1.23374984190476 6.95450670581447 11.0320559227095 0.0126521781590372 1.14233622169298 3.43057029685383 6.93745766363139 0.482448368904018 0.207106431832562 0 0 0 0 0 0 0 0 0 0 0 0 0 0 0 0
0.558643176261867 8.65989008696808 0.49398884226297 0.457177146747057 3.91428008210577 3.89948114555074 3.73119309758038 1.74357108542851 1.68730547584119 0.980783701279208 0 0 0 0 0 0 0 0 0 0 0 0 0 0 0
5.86568377960703 1.33595143574394 2.03611397498041 2.54180081170733 2.01066423047718 7.0712372639681 3.14490893826667 0.0350808836745469 1.64869239893464 2.35390654479075 4.91798675523737 0 0 0 0 0 0 0 0 0 0 0 0 0 0
0.442459112338255 4.92432764711404 0.929438964822611 0.363025896987317 1.25560405545828 1.28279415409115 1.11415359968141 4.05329272533116 2.81206965166158 2.12221758578571 1.73486153154385 0.240676372952251 0 0 0 0 0 0 0 0 0 0 0 0 0
2.08301217549362 0.0335565278326625 1.79955283712801 2.08887538900328 1.7515614574976 0.624713488186292 1.18804302205532 0.226009888577639 0.0195153437322257 0.108515667726783 0.337553902943154 3.52308242060193 0.607341640239744 0 0 0 0 0 0 0 0 0 0 0 0
0.420606207808286 0.475967456966948 0.373439564831058 1.44797812886879 0.57979924667164 0.243052098403545 0.0430987828188157 0.022596481470007 0.07426638951036 0.0115212123462356 0.538102009846959 0.316913010585392 1.61802659678916 5.91530854800297 0 0 0 0 0 0 0 0 0 0 0
5.71342733483839 0.357215749525277 2.7247491830227 1.232712296848 0.115110605660389 0.124777879893688 0.877569760576178 5.48390011123057 4.01735049526898 3.24815087833625 5.62830926068392 8.0115818330684 0.737383996272388 1.70750238857247 0.3338257114401 0 0 0 0 0 0 0 0 0 0
0.36593835760707 0.661232743677861 0.382635575503467 0.324048864789093 0.806751032454596 1.948695106014 1.46427731376427 6.51168558479073 6.03550021641694 6.62812858350198 3.98705703195888 3.91437795725144 2.84184210945975 1.69386186499065 1.29196998919108 1.07165834230484 0 0 0 0 0 0 0 0 0
3.63442260432734 1.90952412509905 2.52161833288472 1.34366133391017 4.27815973803749 5.56066035636316 3.66437280754356 8.72685839238765 9.80122186572562 2.03516224575417 1.05153340743234 3.09899150031508 4.00745232814013 0.0997280834500653 1.89332615023899 0.435573365953266 0.398385946886527 0 0 0 0 0 0 0 0
0.967714398848569 0.677209721904176 2.53670293708799 0.281539189516244 0.182307331726784 4.89017445899801 5.05151664626236 8.5867757933544 2.77950223709509 1.38111934239629 0.284745090919997 1.66576076564596 2.05831207647229 1.84427481986596 0.368013459528396 2.27710904964873 0 0 0 0 0 0 0 0 0
1.74056652275952 2.06238861208031 0.940293935477069 0.709902812921913 1.4985842671718 2.05070142033388 3.70961127260829 1.01518009893882 0.0532833120052614 0.323634039518056 7.44480727335162 6.02508846121703 0.59685350400275 4.8051399913325 0 0 0 0 0 0 0 0 0 0 0
0.427159670064108 3.29374131062862 1.2204652424798 0.220998922607664 2.72739530101713 4.06735071324533 2.18397997263258 4.6664399550015 1.07186941674506 5.52506324699217 1.46912779618342 0.0352555921019057 0 0 0 0 0 0 0 0 0 0 0 0 0
5.43133980565239 1.0012968044037 0.583634276871168 1.40984276704304 0.440579470659226 0.511683895963295 1.44035344711023 1.61694310343615 0.875517757743397 0.152488090228797 0 0 0 0 0 0 0 0 0 0 0 0 0 0 0
1.89811346543756 1.14213018778645 4.22015081881726 0.746920054383088 0.389210733443619 0.0927907612981165 1.61488783281151 0.270910617347072 0 0 0 0 0 0 0 0 0 0 0 0 0 0 0 0 0
2.45420727661241 1.7221047685182 4.2818310241762 3.3843938047901 0.380592680642852 0.402031885728162 0 0 0 0 0 0 0 0 0 0 0 0 0 0 0 0 0 0 0
3.46321944733323 1.43092848126497 1.53115393744888 0.05161260946038 0 0 0 0 0 0 0 0 0 0 0 0 0 0 0 0 0 0 0 0 0
4.28032675187193 3.42741923019952 0 0 0 0 0 0 0 0 0 0 0 0 0 0 0 0 0 0 0 0 0 0 0
