0.230387879406802 0 0 0 0 0 0 0 0 0 0 0 0 0 0 0 0 0 0 0 0 0 0 0 0
5.49199490662259 14.0855020190318 0 0 0 0 0 0 0 0 0 0 0 0 0 0 0 0 0 0 0 0 0 0 0
3.03332873757721 14.606431157436 6.3471992878272 0 0 0 0 0 0 0 0 0 0 0 0 0 0 0 0 0 0 0 0 0 0
2.19520255559251 6.68254641828501 5.8266144341451 7.79192884631793 0 0 0 0 0 0 0 0 0 0 0 0 0 0 0 0 0 0 0 0 0
2.6625986644157 1.12786879662 3.49937936814156 0.852745999467217 1.27550528387036 0 0 0 0 0 0 0 0 0 0 0 0 0 0 0 0 0 0 0 0
1.84524722402878 9.68747533829611 8.55576750047873 4.6408834412143 5.47838670033217 4.50311802036003 0 0 0 0 0 0 0 0 0 0 0 0 0 0 0 0 0 0 0
7.662817610472 11.3712383356467 13.1435846628174 10.57942551787 2.3752677935356 0.56450719165407 3.56514466992466 0 0 0 0 0 0 0 0 0 0 0 0 0 0 0 0 0 0
5.47006400184479 13.7937282349122 8.75183703233968 6.26233828826081 4.21015124504743 0.262487743014222 0.681963055003667 0.918733211209055 0 0 0 0 0 0 0 0 0 0 0 0 0 0 0 0 0
3.42149833864989 6.58656967393628 5.63200466052678 2.37503224909616 1.61255458490916 1.27775177471001 4.70661181403803 0.297093061598542 7.43921020227054 0 0 0 0 0 0 0 0 0 0 0 0 0 0 0 0
6.81106005277961 14.6284691721255 9.88203719384012 4.13208498228141 0.518752695667007 1.1119173486267 4.55096294130576 6.00282238395876 1.47343487533778 6.40040513288707 0 0 0 0 0 0 0 0 0 0 0 0 0 0 0
5.20196553159619 8.94423945611153 3.96156660508404 1.09117624536333 1.16701706478829 0.671020670783552 7.58190370887265 1.90090265214909 2.50402764224642 6.01048045145108 2.89771430993635 0 0 0 0 0 0 0 0 0 0 0 0 0 0
2.01259640454952 5.93818313139023 0.317287709213447 3.95851124715143 0.422934466674014 0.344712308537722 2.74877429189395 4.04194565709531 2.28799576240059 4.94078530983706 5.27976807213976 4.91414609320848 0 0 0 0 0 0 0 0 0 0 0 0 0
4.21108251515372 0.0728479707099146 6.60941457734897 1.51733552609282 1.6065945868169 2.01250072264581 4.48748494805466 0.820044306266365 2.95656037482134 11.8816080176598 4.86532728521001 3.42680952371962 2.43024221068435 0 0 0 0 0 0 0 0 0 0 0 0
2.90038925720144 0.597034194559434 0.693530652621779 0.123725573088616 0.216159947651868 0.445721151489571 1.22201439625634 0.797549778964405 4.94628239687664 1.38645339206499 0.485827465251512 1.17338344131872 4.17688848857815 0.185884169081415 0 0 0 0 0 0 0 0 0 0 0
2.89517253077181 0.663312200537172 5.23008641376317 0.474533967752204 1.88359238418966 0.0377059154857214 1.46807356078512 2.6736847948184 1.0091253701704 0.263146161750265 1.57220669729697 0.433745000107653 3.0090554726404 1.8472108866483 2.87298449057317 0 0 0 0 0 0 0 0 0 0
1.29440848036361 5.3649955816507 2.52700968682359 5.07034091342512 0.932540708437906 0.0078896391386794 4.86147291626624 1.52674707322123 3.44625028232771 0.0444286397350222 2.55267513858303 5.38950972191568 3.36253507144301 5.12534051817334 5.19361992773422 3.87024866155516 0 0 0 0 0 0 0 0 0
0.259151423844513 0.267634527143662 2.22173206343124 0.189941675847625 0.0159308603219686 0.256017335628659 1.53596558141608 0.584846718447684 0.420526713337899 0.16433882448654 0.361801969220017 0.472883971703902 3.41999848723852 2.78650388742152 1.45849836327731 2.94522531066018 0.711157475461885 0 0 0 0 0 0 0 0
0.28476130047782 5.25690486442325 4.61983366414043 3.13850575888586 5.91668019635101 0.753666591902518 0.423142182150683 0.56703713594749 0.564718106312801 9.53754185503643 3.77003738931774 9.11942369314377 4.29610499310212 0.388973904150358 0.320548668785573 3.73819338423543 0 0 0 0 0 0 0 0 0
0.0257095930239567 0.762570032377951 2.17753978406986 1.78153023741497 0.796655496407536 0.657411503690795 0.121697268501018 0.0591846370740952 0.586973331036376 1.26998839055642 0.0990122760289644 1.18730884676919 2.32601388195469 1.62983283291966 0 0 0 0 0 0 0 0 0 0 0
0.435569054051415 3.69271485971257 11.823474369864 4.91164836403643 0.85166668254074 1.55857101692599 2.0261489783507 3.15170439015943 6.95675115821305 5.79667032826767 2.51233614785953 5.69081852070304 0 0 0 0 0 0 0 0 0 0 0 0 0
2.510554704353 2.63337405853774 2.38061644086563 0.680326687980437 0.0938803366039671 0.748085921855113 1.28112654198984 1.62567336541235 3.07012634344731 0.0918214501010596 0 0 0 0 0 0 0 0 0 0 0 0 0 0 0
3.77980476510434 5.12137066331698 1.07719556834914 2.59616063573961 0.0958367095689218 0.276983924554695 11.0230509203519 0.195204974483276 0 0 0 0 0 0 0 0 0 0 0 0 0 0 0 0 0
1.67789979381376 2.00302827388866 0.181985015534345 3.6293828302065 1.24169643232518 1.41397031929644 0 0 0 0 0 0 0 0 0 0 0 0 0 0 0 0 0 0 0
2.90844402690852 0.653870506135796 1.04441172370566 0.278170420063755 0 0 0 0 0 0 0 0 0 0 0 0 0 0 0 0 0 0 0 0 0
2.38679344416281 3.84076527397509 0 0 0 0 0 0 0 0 0 0 0 0 0 0 0 0 0 0 0 0 0 0 0
