0.35286305446515 0 0 0 0 0 0 0 0 0 0 0 0 0 0 0 0 0 0 0 0 0 0 0 0
6.48758984626992 13.569332889105 0 0 0 0 0 0 0 0 0 0 0 0 0 0 0 0 0 0 0 0 0 0 0
3.86514271662515 11.2236919696524 1.83023904206928 0 0 0 0 0 0 0 0 0 0 0 0 0 0 0 0 0 0 0 0 0 0
1.07422459355464 1.67313389644623 7.81387590973775 0.912996618113962 0 0 0 0 0 0 0 0 0 0 0 0 0 0 0 0 0 0 0 0 0
3.19216119694792 3.42029371147264 5.2900612378153 5.46546938431705 2.08953717614034 0 0 0 0 0 0 0 0 0 0 0 0 0 0 0 0 0 0 0 0
2.58186165523381 3.7692159235338 6.03063302994931 9.85873584573553 3.5831865311052 2.34230940512578 0 0 0 0 0 0 0 0 0 0 0 0 0 0 0 0 0 0 0
1.02430020535802 2.86039967889644 1.38450756946112 3.26051787918074 0.837557059389747 1.29233067551193 1.87220946781436 0 0 0 0 0 0 0 0 0 0 0 0 0 0 0 0 0 0
3.10572743090245 3.18362969656054 0.296131098413837 3.1704149786304 0.780531260956039 4.34353429478542 6.22136565656601 0.774595311824911 0 0 0 0 0 0 0 0 0 0 0 0 0 0 0 0 0
2.39352911488821 0.295861972429123 0.955019032889403 2.16420561998665 3.04475882504601 2.88924567548703 1.85739969328186 0.108428662331166 0.115480898226221 0 0 0 0 0 0 0 0 0 0 0 0 0 0 0 0
0.868671107640954 5.23007480041465 1.63896234196739 7.99251974224113 2.47981622591453 3.76234708640549 0.436532772430334 7.1609358948227 2.74291431401464 1.11739527510774 0 0 0 0 0 0 0 0 0 0 0 0 0 0 0
0.489091913065158 0.958455811327886 0.234874219260689 0.819379400087138 2.19921975850833 1.03360148389577 1.99925925640207 0.019542777812155 2.02080886879792 0.04099519612773 9.1666616370696 0 0 0 0 0 0 0 0 0 0 0 0 0 0
2.6585347162949 0.57423345134339 1.94017477687722 7.23996040549454 1.17088610436472 3.4691372203001 1.30874164512181 3.11376201016453 0.902068022993348 1.63565610447006 2.94021269598603 0.633013171720412 0 0 0 0 0 0 0 0 0 0 0 0 0
1.54157744572181 2.41801558691348 1.32270229496084 1.06975236680999 0.0360756290743982 1.40458945624178 4.78127222405068 2.48914649542703 3.12857755058236 1.35268188055871 1.5562308528238 0.0804450322045124 0.65197374734358 0 0 0 0 0 0 0 0 0 0 0 0
1.08734726006632 1.99243430694558 1.21020026083236 4.20794563343283 4.01053129333675 1.90657468639553 0.160583595969966 2.3672433252163 1.61647197082379 0.130238878332355 3.54577994273072 4.15267903597635 1.8940886376916 0.682052953252883 0 0 0 0 0 0 0 0 0 0 0
0.773989207950783 1.57711877926252 1.22725165528266 4.01716794494002 1.77548475801378 0.167494213654128 2.89974958885041 0.827613900996227 5.38405538965562 0.334315860863283 7.81457381557712 4.41447845068422 1.34921136499412 2.57886649290761 5.62063631429506 0 0 0 0 0 0 0 0 0 0
0.726802581163968 0.0625200482547873 1.85054120408935 0.379835027221197 0.821467071491263 0.287702541152055 7.29865935648371 2.76983770522661 2.73563206431347 2.54619334722211 0.438351104506263 1.75042832551589 2.55818987112957 2.73791053005388 1.7493785167536 2.71550141671055 0 0 0 0 0 0 0 0 0
2.00919868426121 1.9498090160932 7.00504938799209 0.334384266621692 5.8883935752113 0.669958576013233 0.180929721142218 0.492640824439746 4.73029600968366 0.0789859802200618 3.18815844098089 0.756692341450981 0.297119996091676 0.625009912176153 0.709543916015916 0.333286426279272 5.24497722025876 0 0 0 0 0 0 0 0
1.45731934041984 1.55888272228809 6.13191882104931 1.85246811853866 2.0372983686595 0.231610143488993 2.24826292165506 1.10542260411647 0.082903887340562 5.04997010948478 1.28057723364444 1.78040800879148 4.74964178113654 3.88857137284976 0.290909966591323 2.83635086833607 0 0 0 0 0 0 0 0 0
4.33969621346423 1.23821112169488 1.96484251670817 0.525104252873606 0.0885752691346522 2.36359262163381 1.65862091078064 1.14108540982983 2.54472126173637 1.44352773027463 0.463604268423551 1.92123639565275 3.9887121103814 1.12209587937517 0 0 0 0 0 0 0 0 0 0 0
0.741871659367806 0.145786947562833 6.55422216415989 2.97308345977017 1.61907326252791 4.35838843314289 1.15746772540601 1.43028244752691 0.521276334350263 1.15196463836824 2.50441489706734 6.19869885749388 0 0 0 0 0 0 0 0 0 0 0 0 0
3.1088440897499 1.14294199343703 0.352008698586621 3.23198191747847 2.34518666695142 0.707273904996535 1.82177904796962 2.10828406529733 0.13870782970219 1.60756092610546 0 0 0 0 0 0 0 0 0 0 0 0 0 0 0
0.197188366648919 3.29321330713374 0.339478348067461 0.79816575478246 1.41876968055948 1.37053504315575 1.28969933454449 5.70248935133701 0 0 0 0 0 0 0 0 0 0 0 0 0 0 0 0 0
3.41716626817518 0.221324692290554 0.550273685559141 1.39055967559669 5.73694044294751 3.16819446269472 0 0 0 0 0 0 0 0 0 0 0 0 0 0 0 0 0 0 0
1.10818702801043 1.24778450332033 3.48083898205354 1.32065871537931 0 0 0 0 0 0 0 0 0 0 0 0 0 0 0 0 0 0 0 0 0
5.8434166555414 1.90079503165156 0 0 0 0 0 0 0 0 0 0 0 0 0 0 0 0 0 0 0 0 0 0 0
