0.462981699490369 0 0 0 0 0 0 0 0 0 0 0 0 0 0 0 0 0 0 0 0 0 0 0 0
5.20391206323098 12.8421507680023 0 0 0 0 0 0 0 0 0 0 0 0 0 0 0 0 0 0 0 0 0 0 0
1.37957188581394 0.768153850130854 6.85344850829483 0 0 0 0 0 0 0 0 0 0 0 0 0 0 0 0 0 0 0 0 0 0
2.90563631465438 2.10708943186872 5.95094987703011 1.30234178407938 0 0 0 0 0 0 0 0 0 0 0 0 0 0 0 0 0 0 0 0 0
0.943689566033415 4.04705680090024 4.14724428837781 0.183348791946137 2.32557888475701 0 0 0 0 0 0 0 0 0 0 0 0 0 0 0 0 0 0 0 0
3.55364095222816 11.0558314916461 8.77026776518901 2.54664114801961 1.84057875879901 1.86215603090117 0 0 0 0 0 0 0 0 0 0 0 0 0 0 0 0 0 0 0
8.01694911890668 5.20892216722025 7.5868628165782 3.06275883972726 2.35017766618225 2.52895226693994 1.11760392853465 0 0 0 0 0 0 0 0 0 0 0 0 0 0 0 0 0 0
3.77681184401699 11.967440932934 4.19840403720589 2.25125611812474 1.75368762284057 5.87296990047003 3.8108423183398 0.364830178968023 0 0 0 0 0 0 0 0 0 0 0 0 0 0 0 0 0
2.50083440386921 3.77388179846181 5.76907207434198 0.562832956609402 0.855389307121893 1.03045370115566 2.80869382923134 2.69495099883861 2.41316980437632 0 0 0 0 0 0 0 0 0 0 0 0 0 0 0 0
0.722622370850186 5.76227992447817 1.79533272420719 4.37669778591276 0.315020790441131 2.25482626264986 1.8516031070947 0.307068385063067 3.10350104184171 1.49158859644119 0 0 0 0 0 0 0 0 0 0 0 0 0 0 0
0.456994378924728 3.51961912976382 5.35880564372404 0.661725251003902 2.88570389423831 0.0893208335897389 0.136307357294593 3.39024832883908 6.50195875817519 2.84196250386139 0.461520950273446 0 0 0 0 0 0 0 0 0 0 0 0 0 0
0.142154164509784 0.306215306607548 0.0194034920783727 1.87884094609641 2.96089655240124 1.18261189469356 6.19887207958202 0.717878775926529 0.739353871468069 0.341682064244423 1.26451545169979 2.58222741645553 0 0 0 0 0 0 0 0 0 0 0 0 0
3.50026848199225 2.22937403397044 0.0100373434310873 0.0433534961330114 0.576255136180693 0.0347303931276606 4.0616432107117 0.269132879896596 0.102064000329052 0.954814550459738 2.12856133131752 2.41527391327002 0.512811607262864 0 0 0 0 0 0 0 0 0 0 0 0
0.462104622120655 2.40388728862234 0.456023132211157 0.434748909625266 1.78330459059119 2.21362663694823 1.05845999468902 0.225020089296016 0.584776139853465 0.659577070023639 0.188359929432841 0.13553374695153 2.84324652881552 0.427425553411898 0 0 0 0 0 0 0 0 0 0 0
0.663380454720548 1.50069975738273 2.09223571544807 4.83920272495875 1.12101129461107 0.180372319282331 2.27996230582685 0.637762452121827 4.75751678309476 0.821090219445422 0.625277478925926 1.96698009918798 2.35259449487902 0.835088172354004 3.28591483509429 0 0 0 0 0 0 0 0 0 0
4.25192157565552 4.83647986383753 0.053894493200136 7.38695587311991 0.118810227417904 2.92854631869481 0.532413860805648 6.07000904139458 1.53097828773305 0.0443070514254409 3.45545392850749 2.20955360214467 0.868704653255136 0.221550198018443 0.131207908941015 1.7961771480187 0 0 0 0 0 0 0 0 0
0.050279920843991 1.41724325177913 0.274960220342086 1.65462787840532 0.152817601572162 1.93148228262138 2.01147241208476 0.485019054536356 0.492210564315473 1.82522621265039 0.312367815394291 0.0658053799347785 0.788971333380109 0.127787536836295 2.17256863481051 5.32196936977701 0.172383101820245 0 0 0 0 0 0 0 0
1.01441513932492 2.20191193208685 1.19795904380477 1.04661297244294 1.44830945601267 0.0650575998219634 5.16552299865814 0.0545208791798577 1.81941405846965 4.06492668992045 0.888231901564676 6.18204008412825 0.222150524087431 0.840415458236294 8.22056878570035 0.247951361808057 0 0 0 0 0 0 0 0 0
2.22918053786085 1.10442892965611 1.43440212147175 1.59837286357305 5.63994057692027 3.41947489342576 1.10736027090165 1.75097240007417 0.631208909788583 0.233197953984286 3.28492457830924 0.40621552527643 1.74545554529474 1.47211237269595 0 0 0 0 0 0 0 0 0 0 0
2.23100077122183 2.42115788227858 0.659251600386335 0.151925697303289 6.05704163484255 2.83606386886595 6.41402252912242 0.269138137054097 2.3268627557276 2.37485150802184 3.25222351045784 2.13936461371622 0 0 0 0 0 0 0 0 0 0 0 0 0
4.4468703022751 0.150920231139467 0.115304315654869 1.580278579204 0.211978647217963 0.267611330192634 1.59121901796224 2.52700006544717 1.39765620118121 0.452339136476727 0 0 0 0 0 0 0 0 0 0 0 0 0 0 0
1.93101067306796 4.5435565602966 2.71336456415011 1.37832586518916 10.3826991582703 3.23313458592944 0.043342485750962 2.58010956441047 0 0 0 0 0 0 0 0 0 0 0 0 0 0 0 0 0
2.04520924735755 0.377277748483675 0.845509339516673 0.301702152740459 1.38719266586324 0.990483905951637 0 0 0 0 0 0 0 0 0 0 0 0 0 0 0 0 0 0 0
1.61735560215353 1.28713802147709 0.0884432020379269 1.59838113358332 0 0 0 0 0 0 0 0 0 0 0 0 0 0 0 0 0 0 0 0 0
0.282074891716406 1.70251422781903 0 0 0 0 0 0 0 0 0 0 0 0 0 0 0 0 0 0 0 0 0 0 0
