0.316251815372357 0 0 0 0 0 0 0 0 0 0 0 0 0 0 0 0 0 0 0 0 0 0 0 0
1.9462042985102 10.7909243893608 0 0 0 0 0 0 0 0 0 0 0 0 0 0 0 0 0 0 0 0 0 0 0
0.0584183440273778 3.68182308453102 11.1296190944041 0 0 0 0 0 0 0 0 0 0 0 0 0 0 0 0 0 0 0 0 0 0
2.09276267384046 2.60389083618426 0.567396868603218 1.18452294253994 0 0 0 0 0 0 0 0 0 0 0 0 0 0 0 0 0 0 0 0 0
0.523740991931091 0.442981582573756 1.98622164251079 6.02798700783233 0.840443657559261 0 0 0 0 0 0 0 0 0 0 0 0 0 0 0 0 0 0 0 0
2.21542429005752 1.9041413945032 6.33940715876853 5.51608744391623 2.7554322988934 1.44256353686631 0 0 0 0 0 0 0 0 0 0 0 0 0 0 0 0 0 0 0
1.43065767803002 5.33372971634324 2.33829850484795 2.95738244455332 0.515731241324063 3.76299556582622 8.41023789132096 0 0 0 0 0 0 0 0 0 0 0 0 0 0 0 0 0 0
1.34778886796877 0.581323250869204 1.27590916684044 0.506162670318917 0.440137347217382 2.85093238028032 8.80140732132804 0.113979682902185 0 0 0 0 0 0 0 0 0 0 0 0 0 0 0 0 0
0.540346214208493 1.97354227841713 0.927529664564638 2.9943533384085 1.58381492967569 1.9280425204527 2.00685647062781 8.07614587954504 3.0741014005496 0 0 0 0 0 0 0 0 0 0 0 0 0 0 0 0
0.769581215023759 4.87699961176364 2.51510369495319 4.02753619683273 3.33791856290425 1.47431802448888 5.03950020646241 1.15190526770363 0.572418646019621 0.313558018451289 0 0 0 0 0 0 0 0 0 0 0 0 0 0 0
1.41771737731605 3.10582694626393 5.92596589954412 3.55653521511932 0.983948804345768 1.55633476287651 0.145770536466528 0.243854003884558 1.63788224106146 0.329574713016991 5.60058384600445 0 0 0 0 0 0 0 0 0 0 0 0 0 0
2.18421885781914 3.03272551327925 5.52413113381695 0.759961048319495 1.57317969264442 0.139153192824417 0.775109785284524 4.3441565726621 2.20013438406108 0.401188688012633 0.827249591974581 3.41442911697006 0 0 0 0 0 0 0 0 0 0 0 0 0
0.358439744647206 2.07018368993575 0.709999178424966 8.04416145245937 2.44422344669614 0.868939786949463 2.18335489070913 1.43289727186168 1.69184004650974 2.40324311197219 7.62050904912177 1.78621164407467 0.171344224054793 0 0 0 0 0 0 0 0 0 0 0 0
0.998626346460214 4.95029587236126 3.63110687615462 0.585460307814692 3.58291078900864 3.43756380469687 2.57427552765661 1.82908231155287 1.23029852818024 1.62426712242009 0.08296618775177 1.60665122431342 0.10627764356046 0.264179442115193 0 0 0 0 0 0 0 0 0 0 0
0.200712390367578 2.04929350357247 1.18617078760999 0.284982676963916 2.55492121970107 3.11130229799761 1.26202477397853 1.14920396805893 8.37592690260412 0.360850673695196 3.11531045104962 1.17555393255938 3.38669203388284 0.526126735156434 4.53537707202465 0 0 0 0 0 0 0 0 0 0
1.61155267304759 9.5600676570378 3.7536903103974 3.10283061051504 7.59955461139422 2.52358884563719 2.40639147475906 3.05062240676434 0.825308144030409 1.38518179504001 0.717483065700619 3.37026484429147 1.76161108572259 11.0815667200916 3.08304318663131 3.34921703116777 0 0 0 0 0 0 0 0 0
0.535819823109001 0.936534727787854 5.09809333481623 0.976230312231966 1.50746781224289 2.95554501006157 2.82072208518269 3.12884542976725 1.43411663029392 2.21335364788165 4.50611213472099 0.581775851702431 0.078775041889991 5.99439108232006 7.35112101302069 3.6309469370161 0.0918142569109562 0 0 0 0 0 0 0 0
4.08896018670016 1.48667967597266 1.22335863150964 3.82930940196731 1.30054585190979 1.02410879968912 0.639377486351809 1.81848537677908 1.08626910949856 1.61276111884004 0.0536427173358469 2.10438691669566 2.93665077593828 3.48211547062963 2.41871622544871 6.47662970289247 0 0 0 0 0 0 0 0 0
0.48114588146801 4.65876588738079 2.82782309749793 0.562276146092316 2.6749605605866 0.739622085085423 0.323298327457376 0.029785139698543 1.46259203368366 1.22381168438002 0.114132250995351 1.51173778003841 1.40380630916927 1.59972759639875 0 0 0 0 0 0 0 0 0 0 0
1.44720205529064 1.77923758998198 1.01539729880055 3.19700015552381 2.77087351524524 1.47390833191912 2.45822956240172 4.9813266788938 1.44885379759928 1.63671367608505 3.96255111659364 3.99958637470132 0 0 0 0 0 0 0 0 0 0 0 0 0
1.11458007042125 0.464561574654627 4.80145753651994 3.2262295566855 0.686832158381817 1.70116637752769 5.99520281936027 1.71470254979056 2.16758001752833 0.320844264356634 0 0 0 0 0 0 0 0 0 0 0 0 0 0 0
0.0304847100051383 0.212882245704027 1.67675175328009 0.375255692216514 2.72539077538354 2.02483119645283 2.33077894995539 1.5231792084999 0 0 0 0 0 0 0 0 0 0 0 0 0 0 0 0 0
2.13481355419085 1.55724144154158 1.03922279281931 0.433366297730307 1.31843223752085 1.25698544481321 0 0 0 0 0 0 0 0 0 0 0 0 0 0 0 0 0 0 0
0.524095108306376 1.49646456264402 3.27167961677063 0.0950624297772684 0 0 0 0 0 0 0 0 0 0 0 0 0 0 0 0 0 0 0 0 0
3.85776975460483 0.402835611266719 0 0 0 0 0 0 0 0 0 0 0 0 0 0 0 0 0 0 0 0 0 0 0
