0.0636495215139031 0 0 0 0 0 0 0 0 0 0 0 0 0 0 0 0 0 0 0 0 0 0 0 0
5.59907224615954 9.19896983044765 0 0 0 0 0 0 0 0 0 0 0 0 0 0 0 0 0 0 0 0 0 0 0
5.0828564211743 15.3607822198596 13.6892632868005 0 0 0 0 0 0 0 0 0 0 0 0 0 0 0 0 0 0 0 0 0 0
5.4777841268772 13.2436934016145 5.43488691386653 3.35067426875482 0 0 0 0 0 0 0 0 0 0 0 0 0 0 0 0 0 0 0 0 0
4.40650357705608 3.22076555450792 5.68314926156422 0.512671821423922 7.78660278916409 0 0 0 0 0 0 0 0 0 0 0 0 0 0 0 0 0 0 0 0
4.0775018295778 9.80081009863672 3.02972142995551 5.76188246973358 1.68979083691585 7.28715406964115 0 0 0 0 0 0 0 0 0 0 0 0 0 0 0 0 0 0 0
3.5689158596089 1.8377962139064 2.75707583020373 4.59430374626047 2.28238375748176 9.32519661285429 3.39930484375221 0 0 0 0 0 0 0 0 0 0 0 0 0 0 0 0 0 0
0.90775992138326 0.327634929953713 4.55488425427734 4.04775252056205 4.2846216775043 3.46504101152527 0.850668649445344 0.604640144043753 0 0 0 0 0 0 0 0 0 0 0 0 0 0 0 0 0
1.79921154685249 0.417034767509386 1.04386624534119 0.813960137422187 0.164380832248821 1.18787548922066 2.35363619508318 1.75285905651312 0.62855924686113 0 0 0 0 0 0 0 0 0 0 0 0 0 0 0 0
0.789779241688627 1.39229506998271 0.919457595045982 4.23034645242618 1.87092658646992 0.274919509060585 3.0389781288489 0.246190033706222 2.70206971915889 4.62857261118113 0 0 0 0 0 0 0 0 0 0 0 0 0 0 0
1.69810795535915 7.41700469985051 3.56797506718814 2.66340093719702 4.32765527586049 3.96382396363561 1.3417806887806 0.985923316641822 0.448115916395703 0.494718262651047 1.34236599317374 0 0 0 0 0 0 0 0 0 0 0 0 0 0
3.1609002335686 3.42521947561938 1.01147866577932 7.97155258328436 3.52541589282935 1.3525437283145 0.52508247950909 0.357219428654904 1.61787992171532 3.40962848940913 3.03680601079104 0.0338596976782968 0 0 0 0 0 0 0 0 0 0 0 0 0
1.04517606905042 0.387832964305522 2.98229174430989 2.01813329318568 5.27962990104391 0.646148744003583 0.847387638996677 2.02189620323339 2.56853320134845 0.837544987153016 2.5316847811491 2.34339201565091 0.832484692273653 0 0 0 0 0 0 0 0 0 0 0 0
1.03923191732376 8.16938648369415 2.94344753143214 0.176855254834336 0.359785464996733 0.191351386644835 1.25871497173147 6.22839101099974 0.0229492397105798 6.06557843089577 0.464034621183273 2.60539571505854 0.434881770321923 7.43408366708088 0 0 0 0 0 0 0 0 0 0 0
4.14085354981272 1.0987277253406 1.56391444762075 0.285009865134765 2.34051397731898 3.85275297945739 2.46155057158244 1.5977606690863 2.23983060150516 6.67675017893157 0.313544246696527 2.66392546147232 7.87186994558231 0.385422355659248 6.73001780425773 0 0 0 0 0 0 0 0 0 0
0.544695832606843 1.13353476945544 0.662390071986279 0.512496328402275 2.13460829442031 0.40283524647596 2.24906625302596 0.465013336191899 1.02273295996045 1.42339016051382 2.70840606996272 4.66483071996551 0.431538613307292 0.435579523458142 1.08601590900926 2.58203055623653 0 0 0 0 0 0 0 0 0
1.28326569321861 0.495014587562519 0.4084379548308 0.245275314301439 1.27693997022511 1.75243880671995 0.0429211268666064 1.59567020014987 0.468644251712832 1.70278148673382 1.29481128296092 0.793795348516087 1.4022800467171 3.74912539119014 0.749292551776895 0.0563203271933568 0.174904786779036 0 0 0 0 0 0 0 0
1.31273894169472 0.209629441602608 3.18609526795326 1.78077007052014 1.23548897274305 0.130532505295164 3.42212856070923 0.345937960464077 4.68491834765791 8.78965338206791 0.77001557818722 1.70134274614177 5.86054314950198 0.650169090219923 4.45149774931895 7.78690415611465 0 0 0 0 0 0 0 0 0
3.28672920652254 2.2858927304055 0.292510997789344 1.6982410395811 4.28966738150912 0.716470716945899 1.65061048015327 2.28820649918027 3.55059388223551 0.372570186118511 5.2813023016642 3.44525623158347 4.37982249883854 2.80712977719451 0 0 0 0 0 0 0 0 0 0 0
2.43693665339118 0.70690202900429 0.546765585526342 6.07098013533325 8.95233773182362 0.989471176434556 2.00394676998068 2.96553625159665 0.718134688873987 8.78406076061928 0.232415057240302 0.962764238619451 0 0 0 0 0 0 0 0 0 0 0 0 0
4.1716212650819 0.395528269023866 2.48284145768193 0.186523130473356 1.07200534460834 2.52982348716948 5.50631313217972 0.317225550185532 1.73136819408782 6.16266040344567 0 0 0 0 0 0 0 0 0 0 0 0 0 0 0
0.999934145632993 2.43543021607147 1.62779260659808 4.07359120648413 7.79333687853019 0.715437151237552 0.496351464008814 1.60159043957817 0 0 0 0 0 0 0 0 0 0 0 0 0 0 0 0 0
0.586766033096471 4.42560074361735 5.24621468043574 1.50476528434035 6.23345623570595 0.800395529720968 0 0 0 0 0 0 0 0 0 0 0 0 0 0 0 0 0 0 0
1.56683391512783 2.07299439114802 0.256517119581479 1.50861768435813 0 0 0 0 0 0 0 0 0 0 0 0 0 0 0 0 0 0 0 0 0
0.0303623229403224 7.18528641433693 0 0 0 0 0 0 0 0 0 0 0 0 0 0 0 0 0 0 0 0 0 0 0
