0.179968665545141 0 0 0 0 0 0 0 0 0 0 0 0 0 0 0 0 0 0 0 0 0 0 0 0
5.79412826535732 13.2054212894175 0 0 0 0 0 0 0 0 0 0 0 0 0 0 0 0 0 0 0 0 0 0 0
3.98301992259198 17.3318960011899 5.52948059924434 0 0 0 0 0 0 0 0 0 0 0 0 0 0 0 0 0 0 0 0 0 0
3.73620547497391 4.41686215971326 5.84674073636158 6.09633001877121 0 0 0 0 0 0 0 0 0 0 0 0 0 0 0 0 0 0 0 0 0
0.56597730431585 2.81876017998972 4.88687713793212 2.56112888334981 0.77628156410884 0 0 0 0 0 0 0 0 0 0 0 0 0 0 0 0 0 0 0 0
0.296268113132327 2.30736425674124 7.38045937389928 0.116333642723099 1.74897540596771 1.78128890021828 0 0 0 0 0 0 0 0 0 0 0 0 0 0 0 0 0 0 0
3.61465133031411 6.54082456807769 5.04246847597511 0.687769249063216 2.40619203930025 1.31178091306222 0.0425229431704265 0 0 0 0 0 0 0 0 0 0 0 0 0 0 0 0 0 0
3.17059101388795 2.54620625296942 0.398595239030446 7.94930312994453 0.307475614213921 0.817658752946577 2.84725488809633 4.52319738023107 0 0 0 0 0 0 0 0 0 0 0 0 0 0 0 0 0
0.694172181024077 0.60881900665004 2.11100033605328 2.59204043944807 2.96254063460648 1.63828984302578 2.8399473435961 0.96684619137069 0.381494293874764 0 0 0 0 0 0 0 0 0 0 0 0 0 0 0 0
3.16054727534707 1.72473051754051 5.87278172853155 1.80174138502693 3.07602961139841 4.55793249394578 0.00837005989179512 2.05515350223271 3.34497129951304 3.53735309297465 0 0 0 0 0 0 0 0 0 0 0 0 0 0 0
0.662346905648212 0.750001415605169 1.77825085978013 0.491191931679901 0.772668542685652 0.498925922459909 1.77627617608415 0.10708863708256 0.73838215375138 0.226604599332476 4.74528121418171 0 0 0 0 0 0 0 0 0 0 0 0 0 0
1.24514427185905 2.56581958319286 2.54090011794682 5.58478901760553 0.790506087911518 0.323793844816625 1.37310387316892 2.99860878049349 0.910116502428348 2.43595136476028 0.285432066216476 0.550432808548577 0 0 0 0 0 0 0 0 0 0 0 0 0
1.57447307334158 2.99254666236582 4.41869460202429 0.921913456756876 0.228535241370602 0.473014506546003 0.331381066963316 0.878548320457517 0.956281721728749 5.10958366712546 2.11289073152415 2.95175678023438 0.00991865414516945 0 0 0 0 0 0 0 0 0 0 0 0
1.03000738616328 9.78608199436131 3.26703538539582 4.22455235439835 1.43799221212421 1.96292230632472 0.244790197609085 0.253421296794511 6.85382234027535 2.09485834017683 2.84898016930019 0.242845340919218 2.92388096889398 1.93533036965045 0 0 0 0 0 0 0 0 0 0 0
3.82358252472024 5.18970213564726 2.8337090587681 1.98798209693878 3.01849828528641 4.43533335465777 1.64723698442225 9.86792752580963 0.358574543430389 0.0953894934752761 0.136333231081828 1.04623008156449 1.37426370573028 11.3901335282244 1.97668863135112 0 0 0 0 0 0 0 0 0 0
0.00516200135810713 3.13356735254319 1.26993600803827 3.71369847119908 1.58216615308805 1.53885952795485 1.70486024121301 0.759546329129713 1.15900294710441 0.204644099296843 0.419039304321943 3.98247208031094 3.21830244553623 0.680374159908383 1.42232992636677 1.0946099536413 0 0 0 0 0 0 0 0 0
0.1064975529335 1.88124799106967 2.80012778705367 1.5140890406583 0.873611606089066 5.47627744942511 0.098625289323717 0.0310132639924219 0.954490289182873 5.72940103395612 2.12848735868084 9.73298443728529 0.20389927165357 5.86130173747426 3.09102708120598 3.42705111523165 0.152126431270628 0 0 0 0 0 0 0 0
1.09318281687705 2.28283638646976 3.12761100390195 0.30863986805868 1.13597128057876 0.440117513729601 4.77175548127589 0.816429002506454 3.1623547312673 3.3683037664365 5.43924708267163 0.600881823478693 1.16049151898081 5.55540254896828 1.56503803337432 2.5217008211766 0 0 0 0 0 0 0 0 0
1.40012316646013 0.943940703312982 0.944298448932382 1.48184900764259 0.508715859192346 0.703146678379133 0.299056206279105 1.08595843884436 2.71467897227637 3.81961059566088 4.09439629360129 1.06857812712887 4.23159012595112 1.11671218868118 0 0 0 0 0 0 0 0 0 0 0
2.6331157433632 6.26338114959692 2.62454747908183 2.08005935485104 0.928740645951479 0.252604627078735 0.666793209602401 1.17312316135474 4.46444515362045 1.53110372016511 2.21197540197283 1.91844988225937 0 0 0 0 0 0 0 0 0 0 0 0 0
0.863326307310027 6.35279418915131 2.29557060164777 2.46572300812669 0.383165060077711 4.40554750728912 0.716361143482326 0.952579307481755 0.575860938214492 5.71818629892049 0 0 0 0 0 0 0 0 0 0 0 0 0 0 0
1.97164552532382 0.584348193712549 1.52705614325366 0.497793700611028 0.52882686907888 1.15591327143043 1.66484219479985 0.418092197791683 0 0 0 0 0 0 0 0 0 0 0 0 0 0 0 0 0
0.357497376404484 3.06374711275027 0.143066890911364 0.761905988890276 5.44491872309156 1.46804353565441 0 0 0 0 0 0 0 0 0 0 0 0 0 0 0 0 0 0 0
1.17078522436449 0.656351321628617 0.48165126132725 2.83968317784943 0 0 0 0 0 0 0 0 0 0 0 0 0 0 0 0 0 0 0 0 0
1.71244274613725 6.89844927453426 0 0 0 0 0 0 0 0 0 0 0 0 0 0 0 0 0 0 0 0 0 0 0
