0.705036588731002 0 0 0 0 0 0 0 0 0 0 0 0 0 0 0 0 0 0 0 0 0 0 0 0
3.13140349500164 15.8164587202442 0 0 0 0 0 0 0 0 0 0 0 0 0 0 0 0 0 0 0 0 0 0 0
3.97439263344969 18.5948456205028 8.33493154006616 0 0 0 0 0 0 0 0 0 0 0 0 0 0 0 0 0 0 0 0 0 0
5.07149337872501 11.9746995051921 6.57590420102778 6.1454559797644 0 0 0 0 0 0 0 0 0 0 0 0 0 0 0 0 0 0 0 0 0
3.6269527896727 6.38506511851518 2.88536941543498 10.0200448844428 4.78097043401382 0 0 0 0 0 0 0 0 0 0 0 0 0 0 0 0 0 0 0 0
0.893308056318702 4.63244021036983 6.59386996008956 5.58669166798978 0.262176746538903 3.64167590467853 0 0 0 0 0 0 0 0 0 0 0 0 0 0 0 0 0 0 0
0.819092833106071 3.75487802938627 5.33754429534266 1.42564773156781 3.58913490934072 1.51899223933751 9.64545025235707 0 0 0 0 0 0 0 0 0 0 0 0 0 0 0 0 0 0
3.65785724563541 4.96528013782826 3.70285947225744 0.953541275394483 1.139525807484 0.863712359135784 2.97429468364695 1.14312714434532 0 0 0 0 0 0 0 0 0 0 0 0 0 0 0 0 0
3.19906847892523 3.94735840913424 3.98875150093589 2.06844331167765 0.933038245946491 0.247561982072933 4.6243000646226 0.112006421586094 9.26335130681666 0 0 0 0 0 0 0 0 0 0 0 0 0 0 0 0
0.769453510714615 5.91768122381955 0.754247381623322 2.01871400207937 0.921396213276031 2.47108412686696 0.619631297489966 0.345823634516677 4.36041025003806 1.9319188496006 0 0 0 0 0 0 0 0 0 0 0 0 0 0 0
1.08685914990861 1.49948502062423 2.11306873019579 5.3259890959499 0.999656474087311 0.895363343480392 3.20442690835255 0.10732190207864 0.993633568662035 2.46205918529707 2.2850280385556 0 0 0 0 0 0 0 0 0 0 0 0 0 0
0.63632135220345 3.90915151205239 4.06157697220461 1.40264166611478 2.06336700892503 3.54853659443257 2.24977121513766 0.716224101850704 2.34834938273102 0.184502828152021 3.1451799109589 6.47545364148106 0 0 0 0 0 0 0 0 0 0 0 0 0
0.909822221130838 4.64422772902334 3.55515572511558 0.252786947941293 0.655393657968295 0.363713729431591 1.43607823204643 0.606351708292972 5.97180812296172 1.73774208475278 3.40524758716607 2.54167114757774 1.5607853772596 0 0 0 0 0 0 0 0 0 0 0 0
1.89193003693267 2.21041488981529 0.322382858532685 0.404791008507579 0.783698168376397 1.75160371232922 1.20810681776052 0.0132672559325279 2.00391921146989 2.67291914380991 2.34048744004494 1.21016968469446 1.92950535814421 0.488056311330622 0 0 0 0 0 0 0 0 0 0 0
0.389810300568898 1.16562393501943 6.99842387567257 1.33394951507211 1.67451842904091 0.198279536168596 2.87375480608351 0.729086391697049 14.4656210139511 1.1910857831591 0.203293781992335 4.48908225230968 11.3247006409144 0.591127236034202 3.3147405395048 0 0 0 0 0 0 0 0 0 0
1.59998963494263 4.09261338754387 2.72143977099845 1.84167171525761 0.22562181857819 3.46440002481517 1.59267327109204 0.83743462149928 1.76287706494829 4.9087362194084 0.065783774971185 3.31158391724 1.13112201829589 1.23194723730225 1.55734533974327 1.74104800163 0 0 0 0 0 0 0 0 0
0.823026855450161 2.76469739867956 0.930770659929123 0.237605090278649 2.22372072927186 0.0923807773297513 6.89852428806362 0.71059487277033 0.255923979416644 1.58325086370663 4.93077924787534 0.308474143290656 2.65885726011893 3.24819731291125 4.23617555523838 2.29164834131312 0.8202605186683 0 0 0 0 0 0 0 0
5.80195902924334 1.14877651316589 2.00738299461898 0.715074662818229 0.187476543770754 1.72556259886888 0.739492894662999 0.0378844110996026 0.561158853575179 3.24959628993981 5.25291229870278 2.9372646435477 1.37919847213462 0.171993882523013 5.77484472715923 0.896816346278952 0 0 0 0 0 0 0 0 0
3.34320713428539 5.38378617980197 3.53999944198192 0.676746224463908 1.36242775630648 1.65100309625544 0.434209387473198 0.992958751872813 12.6685713118273 0.719757276206744 0.194059350478838 5.04076157270693 0.624098651254974 1.0265208262136 0 0 0 0 0 0 0 0 0 0 0
2.67316155308551 0.537998639217409 0.760003008114779 2.03186830123266 4.9517157656234 0.167511027703165 3.09603173871863 0.0639846790931299 0.034017661024439 2.9831657443038 1.30571802628913 0.46778741131806 0 0 0 0 0 0 0 0 0 0 0 0 0
1.82372253454662 1.72830318215818 1.45473353031136 0.203609702211197 0.198702990775523 3.40279641145952 0.441318716210841 0.399369824500137 1.85423887384959 3.00697846104773 0 0 0 0 0 0 0 0 0 0 0 0 0 0 0
0.955532038363615 6.75965542606678 0.631070598529174 1.84298217492819 1.46896754688605 1.01083099384804 2.30552823764873 2.40792123847527 0 0 0 0 0 0 0 0 0 0 0 0 0 0 0 0 0
1.261304722653 0.175609252276203 1.19193419542573 0.360955993062827 4.95426392359225 0.327910618043909 0 0 0 0 0 0 0 0 0 0 0 0 0 0 0 0 0 0 0
3.59565738548713 1.07045287520873 0.53139105527449 0.427249920271568 0 0 0 0 0 0 0 0 0 0 0 0 0 0 0 0 0 0 0 0 0
3.46906481779263 15.9163088578121 0 0 0 0 0 0 0 0 0 0 0 0 0 0 0 0 0 0 0 0 0 0 0
