0.190537823794254 0 0 0 0 0 0 0 0 0 0 0 0 0 0 0 0 0 0 0 0 0 0 0 0
4.84143812249438 14.3751378282547 0 0 0 0 0 0 0 0 0 0 0 0 0 0 0 0 0 0 0 0 0 0 0
3.34811827987676 14.9688644961456 7.03792259874008 0 0 0 0 0 0 0 0 0 0 0 0 0 0 0 0 0 0 0 0 0 0
4.59571251153624 7.34697342956756 2.34038013074534 2.36430872199812 0 0 0 0 0 0 0 0 0 0 0 0 0 0 0 0 0 0 0 0 0
4.08181743219832 5.72281649915673 1.46859408138368 1.32107695334143 4.32403773239118 0 0 0 0 0 0 0 0 0 0 0 0 0 0 0 0 0 0 0 0
6.13690899666952 11.3693847392284 5.77847636505887 1.08798971402539 4.08543487957651 8.38344712177478 0 0 0 0 0 0 0 0 0 0 0 0 0 0 0 0 0 0 0
4.73884259533614 8.40516045958701 0.839438396353465 1.85403522305737 6.14903240240089 17.9449151397753 13.3105262420546 0 0 0 0 0 0 0 0 0 0 0 0 0 0 0 0 0 0
4.1082016922129 7.23231992548907 1.4786125400776 0.687888914156659 5.92701588643767 20.1047925271426 13.9850512445074 11.2945061274575 0 0 0 0 0 0 0 0 0 0 0 0 0 0 0 0 0
3.03651131304996 3.47032135438941 1.49358624115589 0.0948922455560488 5.26803375093496 10.1551972207229 6.78719299590917 10.850515612861 3.44194354255973 0 0 0 0 0 0 0 0 0 0 0 0 0 0 0 0
1.17800211511036 3.28678876550197 0.873794423436396 0.748330138253061 2.02156686237387 1.71954289263203 0.189822121877525 0.212673909433113 2.60113783988883 1.20075459520577 0 0 0 0 0 0 0 0 0 0 0 0 0 0 0
2.65719105802871 8.98516215624803 7.75838103215186 2.04690690427858 1.10434679651426 10.193540640329 8.5568522882222 4.29000558578662 3.61556818266082 0.790464807327183 1.66117868854426 0 0 0 0 0 0 0 0 0 0 0 0 0 0
7.08987268870062 13.4518123395924 10.0365758420877 2.66660150975815 2.73251866753183 10.1054178188346 2.36640713193268 4.60888583416396 0.713683085475851 2.11885822240091 4.21714493935651 2.00984159441931 0 0 0 0 0 0 0 0 0 0 0 0 0
4.19662017441326 7.97301795398687 4.66998670311883 1.02750985172755 3.89353264515307 3.76136556658302 3.92002688806439 0.092150666531697 1.7207317890473 2.07203291711175 3.6404288569676 6.36078344911626 2.73043440684064 0 0 0 0 0 0 0 0 0 0 0 0
6.30269253249398 10.9944358580556 13.2802298286478 2.58109346260006 1.48050671801572 2.97322739935765 0.140231641802374 8.89558911315919 4.56474052013514 0.480780198652638 8.35796582498043 3.62769542462779 8.27186994722704 4.56549930974576 0 0 0 0 0 0 0 0 0 0 0
4.72275782275119 16.9616560018272 11.3350679420864 1.75339289053046 1.97453705936212 0.0365488305465738 6.70497204004994 6.46893071991492 4.93271244245555 1.17708269039078 4.07105446933493 5.78092712744622 2.76473902657724 5.99542648482327 1.8344050877872 0 0 0 0 0 0 0 0 0 0
6.84297962582431 13.9988717065498 4.04589382007797 0.64446917737914 0.985530238814232 5.61292908419732 9.17169629999625 6.52696772166235 8.06608540055085 1.34764530346916 3.90422625006157 7.43193677716013 1.8542427842897 7.68369063003808 0.228719065809611 1.03788281756922 0 0 0 0 0 0 0 0 0
8.79897956058009 5.37152245620399 1.91030126239471 0.820397594901301 1.09928279546142 2.18331457177454 3.73829547991184 9.43946630248927 1.40002067798265 1.02907942165563 1.41096355473504 3.1592910764807 4.6750168760629 0.0422401812440155 4.26961048743379 3.75731328391111 4.75749366357916 0 0 0 0 0 0 0 0
1.26571481113447 3.5976029842019 1.11381389125539 1.58685703462964 0.650410808805048 6.53142610780106 5.46278351115401 2.10428350431319 6.98041099089763 2.54095910836217 3.80409473440332 2.00287244190348 0.112225296071844 3.11827601758849 0.594917345397201 3.57174635908256 0 0 0 0 0 0 0 0 0
0.231701165580158 3.14747802237937 1.39408241508331 0.529199789853971 0.27936563109109 0.0623122674778576 1.61119775072416 2.31922025069196 0.484956968863821 0.00857656836121915 0.757346393710876 0.90709296555562 1.36359563470396 0.14629639726278 0 0 0 0 0 0 0 0 0 0 0
1.19296029813462 1.66687604611186 1.22844933899018 1.87492759333932 1.62741957870436 0.266877034357638 1.30423510270175 0.00966753346548135 0.642969886882538 1.96457537915886 2.22930616895027 4.96629784949659 0 0 0 0 0 0 0 0 0 0 0 0 0
2.72279173769331 3.00280843510444 5.00455442280184 6.23855282130638 1.66457951436102 4.48425596737444 5.20896638372909 4.0981077904223 1.53987862396034 0.393321195672692 0 0 0 0 0 0 0 0 0 0 0 0 0 0 0
0.827540668284443 1.89834555709366 2.80567394871591 2.30897209495597 1.58445684522257 3.10991496763916 4.36038118787449 0.265727887258041 0 0 0 0 0 0 0 0 0 0 0 0 0 0 0 0 0
0.418992735039836 3.44157985685563 2.10225288297173 0.648212133737733 2.35025147912346 7.63540611991748 0 0 0 0 0 0 0 0 0 0 0 0 0 0 0 0 0 0 0
2.57401072226283 1.25906325454657 7.42540195619303 3.20516909127269 0 0 0 0 0 0 0 0 0 0 0 0 0 0 0 0 0 0 0 0 0
0.813281785995604 4.37510380418735 0 0 0 0 0 0 0 0 0 0 0 0 0 0 0 0 0 0 0 0 0 0 0
