0.122051556731746 0 0 0 0 0 0 0 0 0 0 0 0 0 0 0 0 0 0 0 0 0 0 0 0
8.18553417711883 10.9261259105785 0 0 0 0 0 0 0 0 0 0 0 0 0 0 0 0 0 0 0 0 0 0 0
0.461653287843721 7.1939944073423 14.7830539718778 0 0 0 0 0 0 0 0 0 0 0 0 0 0 0 0 0 0 0 0 0 0
0.0443844547299947 5.44871318492083 10.1860651742086 12.4701851582144 0 0 0 0 0 0 0 0 0 0 0 0 0 0 0 0 0 0 0 0 0
0.102030147214827 4.6950872582077 8.12546201131672 2.26167701984494 4.30898052885285 0 0 0 0 0 0 0 0 0 0 0 0 0 0 0 0 0 0 0 0
0.762463330928154 2.9464992216865 0.851656714167568 2.95027526599682 3.32123661083056 4.88465883595253 0 0 0 0 0 0 0 0 0 0 0 0 0 0 0 0 0 0 0
2.8213770046698 0.167366147972638 3.92778144918515 4.42250266878784 2.91321957691674 0.500260920691922 1.19941880449962 0 0 0 0 0 0 0 0 0 0 0 0 0 0 0 0 0 0
0.71561790121649 3.76221231402863 0.710514905938522 1.00570457008493 3.5725968968429 1.16522519242544 2.69344701503395 4.74997467022547 0 0 0 0 0 0 0 0 0 0 0 0 0 0 0 0 0
4.05638525874844 0.687634927405202 0.0532265633500387 0.687504750190365 0.356073860803702 1.13787345171545 4.69675986738938 1.78360658875592 0.53860765773507 0 0 0 0 0 0 0 0 0 0 0 0 0 0 0 0
1.18667359193036 1.31461448398155 9.16543793842856 1.34649965608117 0.00669429708658736 1.89831635692032 2.36318002135233 5.42972895235824 5.25654263345283 3.17146640699591 0 0 0 0 0 0 0 0 0 0 0 0 0 0 0
0.0935227215708851 6.18890617472805 3.01484427795991 0.0298999121028946 0.182516543099626 0.0474949436202366 0.498108781589177 2.68755569640063 4.86527780266156 2.94450858047594 1.87598607889307 0 0 0 0 0 0 0 0 0 0 0 0 0 0
1.19770417556694 7.73548516170274 1.50595592737437 2.86955297707665 0.700304858679748 2.06676391787449 0.259344606086609 1.84178711260291 1.39214839335538 2.14886986116435 6.35329584490827 0.0863673145796198 0 0 0 0 0 0 0 0 0 0 0 0 0
6.2838607451542 2.7101454308315 3.88691125750674 0.993800728418222 0.357819662678804 1.45585798438426 0.500789482088634 4.69398147017291 2.02655597504553 7.51028049371688 0.270004050431377 2.16231120558015 9.33544878261181 0 0 0 0 0 0 0 0 0 0 0 0
0.0735160374415613 2.15840235655598 3.35965878975868 4.84748297618971 1.39658179569724 3.50345300928306 4.98039356185399 3.25025122479348 2.5036461706866 0.499416276642164 0.875414783769393 4.07992387137222 3.63456967711026 0.957575394864362 0 0 0 0 0 0 0 0 0 0 0
0.439266096298172 1.95813857987725 4.94691059933593 3.48256846250898 3.82628723504865 7.23891588983268 0.451268156642775 6.44512456944252 1.14352598786664 1.38168025592874 2.88075769070082 1.46738182193154 1.57111660427543 3.62747141122492 2.67305094733487 0 0 0 0 0 0 0 0 0 0
0.956837331029335 3.83961692856516 3.64484083481978 0.990837596515981 0.715560181851039 1.96049237497568 0.627649972952107 1.24362389133911 1.08206114644259 4.00874397550223 3.28521541843479 1.28501461826027 1.74065223839966 4.57238348235509 1.37170667665064 0.044704956650742 0 0 0 0 0 0 0 0 0
0.553579051866239 2.3232668429449 0.216081981315427 1.45320820374301 0.615877677170609 0.631745952482099 1.06604742358748 1.6640514677515 1.5827586189382 7.34028186136343 2.55801050059946 1.23388516505985 4.39100669912693 0.148660248587762 2.30495942698555 1.71584423580605 2.26977959314573 0 0 0 0 0 0 0 0
0.0188600741857342 0.324829332632399 0.587147002581823 0.184756939087253 1.33679904398099 0.646696677606147 1.25909626688719 13.1215188367114 4.27052826247041 3.5821093514503 2.08501225737158 10.39252645871 3.0662839431119 1.96643479551496 0.0510359810293788 3.63741563894359 0 0 0 0 0 0 0 0 0
2.85364415176409 1.59370580761557 0.883387400077025 0.472340356051369 2.95198117089747 1.92249091832256 0.693354835067521 2.88407417861135 2.10380868270767 0.465739760933742 2.02231013326498 0.240914034482627 5.18477765748151 6.07876341803471 0 0 0 0 0 0 0 0 0 0 0
2.09087030873774 0.66614258700607 5.02796399539148 1.24060361072855 3.73657511899686 0.424420164308665 0.680329687669919 3.50377174544832 2.30653274905745 0.698776710642048 5.26439963070239 0.91956026462078 0 0 0 0 0 0 0 0 0 0 0 0 0
0.847647298443222 2.93909064435195 1.969564383556 1.59389229486183 2.85586401967354 2.02329543725603 2.96223014043898 1.03843979466894 1.45836775408568 1.85844415738734 0 0 0 0 0 0 0 0 0 0 0 0 0 0 0
0.185760906910111 0.567789468636214 2.88320771381498 3.3591488031479 0.0555313125008949 0.229277569781994 2.08578380599405 9.06349272850447 0 0 0 0 0 0 0 0 0 0 0 0 0 0 0 0 0
1.04297757468232 1.29348608340828 6.79213284649596 1.45539343003847 2.04325091120449 7.37558769153338 0 0 0 0 0 0 0 0 0 0 0 0 0 0 0 0 0 0 0
2.46021758772678 3.56973039160926 0.315663948468755 1.25603303997173 0 0 0 0 0 0 0 0 0 0 0 0 0 0 0 0 0 0 0 0 0
3.72846472335074 1.24314381247419 0 0 0 0 0 0 0 0 0 0 0 0 0 0 0 0 0 0 0 0 0 0 0
