0.233656991686068 0 0 0 0 0 0 0 0 0 0 0 0 0 0 0 0 0 0 0 0 0 0 0 0
4.1896513213848 12.4495219725509 0 0 0 0 0 0 0 0 0 0 0 0 0 0 0 0 0 0 0 0 0 0 0
1.12319973073459 2.84357865855354 3.1182335764985 0 0 0 0 0 0 0 0 0 0 0 0 0 0 0 0 0 0 0 0 0 0
3.61824999083154 5.59663297367468 0.113577678154632 0.116098618601389 0 0 0 0 0 0 0 0 0 0 0 0 0 0 0 0 0 0 0 0 0
1.83335760759637 1.30174885524541 3.50308175277185 0.346266387884774 3.06914551160627 0 0 0 0 0 0 0 0 0 0 0 0 0 0 0 0 0 0 0 0
5.67913499552238 11.3072791535547 1.62047030634675 2.7631580284744 1.21156394150177 1.30758176237961 0 0 0 0 0 0 0 0 0 0 0 0 0 0 0 0 0 0 0
4.54765776455909 3.41899758346056 0.958413181504623 0.685998037016079 1.29422208122977 0.877374487707406 6.39776458493865 0 0 0 0 0 0 0 0 0 0 0 0 0 0 0 0 0 0
1.51859947082998 4.69018639487682 0.904779857664883 0.0106487276433655 1.08822651236782 2.64925705604662 0.976780545716531 0.677237414167052 0 0 0 0 0 0 0 0 0 0 0 0 0 0 0 0 0
0.153223420715472 2.38491595853833 1.2609581188267 1.0354446325068 0.140552616594767 0.688372084068148 1.95488485451552 0.780838448162455 2.07097159210918 0 0 0 0 0 0 0 0 0 0 0 0 0 0 0 0
0.720830115460773 0.0171683389659363 2.1392296297313 3.03237506254593 1.02770642872113 4.02065307358346 0.758762717452388 2.15713295952885 6.1227358244111 0.586403691560303 0 0 0 0 0 0 0 0 0 0 0 0 0 0 0
0.691338503592132 2.61568342138701 1.52697931895577 0.366395450689635 2.33380920302416 0.606756835040159 2.42253128733222 1.53510864707038 2.23914957027634 0.228814218556874 1.88311843023891 0 0 0 0 0 0 0 0 0 0 0 0 0 0
2.15299851540237 3.80434488438736 1.18527756020009 6.03646521471379 1.19764970199449 2.9277865724095 4.04796339170166 2.04990133191236 5.47693529284425 0.30332987129739 1.05902952514554 2.85035250967098 0 0 0 0 0 0 0 0 0 0 0 0 0
11.1729541730919 0.0771420555296923 3.97695525732155 1.58815509781071 0.562309409557035 2.75949633837562 2.28372536840951 6.00958693226718 4.05526013231824 0.513855866768509 2.20726118931787 0.300597421570719 0.376876059070224 0 0 0 0 0 0 0 0 0 0 0 0
0.124640745763249 0.216995999905946 1.37575016288944 0.414440218069175 3.20950985830251 5.6822093880157 6.89197240344559 2.64568152586535 6.58497567943995 3.68752054006985 3.59840974890744 3.81118825703346 0.521352124557534 2.23314957649637 0 0 0 0 0 0 0 0 0 0 0
0.20856961194004 0.767307801966443 4.02945841052222 1.47064190510452 0.73291257743868 3.37690151139995 1.44470731909184 3.8582091219669 1.21820453269013 1.0643660129616 1.67695169984442 1.41566625761944 1.68384525744161 3.59517498952035 1.86837220108121 0 0 0 0 0 0 0 0 0 0
2.13701096129018 2.03509329686027 2.66023438650238 0.289266890463966 0.320912808700148 0.987355242208978 4.63836199949729 0.570169295527175 1.56309472263966 0.299398313210644 0.282674379067261 3.27805748124887 1.55294912631257 1.9735497088914 0.345165966711063 4.90078945414568 0 0 0 0 0 0 0 0 0
0.288838251756895 0.346348595588085 0.75562313641719 2.43669313648847 2.68713443983042 0.988752727389852 0.617772846391662 0.092829261146456 0.14319374154804 0.552471545658876 1.0112048185822 3.67757898198382 1.05943891398205 1.13332231016936 0.159518394931341 4.40099733788264 0.430422497031662 0 0 0 0 0 0 0 0
0.656108686386487 11.7454371968923 1.02315474513647 3.20834038414503 7.14776072966005 5.01268619327805 2.64760885545311 0.924675588743545 2.90689356821414 2.62448169841139 2.73463572444569 1.82966565472501 1.48238728032604 1.16630893547177 0.130349694286934 0.286090579760471 0 0 0 0 0 0 0 0 0
1.11277581052158 3.2289441502144 0.614813808727851 1.9510302793728 2.44393328960539 2.49606582822878 0.0388443749164253 1.64679722491019 1.49688158145841 1.56582430169391 1.58098433272528 1.72904688162624 1.5308958363498 2.0379543546107 0 0 0 0 0 0 0 0 0 0 0
5.85625749600708 1.36606141598986 10.7622218156944 0.228335174490423 1.36338899626937 0.181979935261538 7.42062415524228 1.57531437925262 8.42399493896125 7.51572426508693 1.33354748833729 1.77301248120531 0 0 0 0 0 0 0 0 0 0 0 0 0
0.630549300541383 1.22084176438732 0.401850082456348 1.1547254791555 0.766654463882583 1.46611215145924 1.71928515454539 5.62179950385312 2.38682863087103 0.204515481339536 0 0 0 0 0 0 0 0 0 0 0 0 0 0 0
0.289972590415276 5.28499943543998 2.03764484814733 1.20147634497918 1.43803914121912 4.25545930391019 4.71820727047881 1.61829756405304 0 0 0 0 0 0 0 0 0 0 0 0 0 0 0 0 0
0.381392572379903 2.74795914987228 0.505747025234643 1.2924439834824 4.38698012271483 3.72960414828915 0 0 0 0 0 0 0 0 0 0 0 0 0 0 0 0 0 0 0
4.2072871728435 3.33293183236805 0.461176053403119 0.0823188675849899 0 0 0 0 0 0 0 0 0 0 0 0 0 0 0 0 0 0 0 0 0
0.832286658489741 0.00990585575274938 0 0 0 0 0 0 0 0 0 0 0 0 0 0 0 0 0 0 0 0 0 0 0
