0.443493466072727 0 0 0 0 0 0 0 0 0 0 0 0 0 0 0 0 0 0 0 0 0 0 0 0
5.29388370545374 13.6923368770879 0 0 0 0 0 0 0 0 0 0 0 0 0 0 0 0 0 0 0 0 0 0 0
1.81295412058408 4.47638846205294 8.95017588307037 0 0 0 0 0 0 0 0 0 0 0 0 0 0 0 0 0 0 0 0 0 0
0.520863428856785 4.84053540983537 5.56804416249932 6.05804854662817 0 0 0 0 0 0 0 0 0 0 0 0 0 0 0 0 0 0 0 0 0
1.84735288216164 5.7986437426139 6.13110237377028 3.70742625169765 2.18971569294876 0 0 0 0 0 0 0 0 0 0 0 0 0 0 0 0 0 0 0 0
4.47264277356963 11.4552729421521 10.3584960696101 1.78909662268462 3.11892657000408 4.21350435028625 0 0 0 0 0 0 0 0 0 0 0 0 0 0 0 0 0 0 0
4.41526551461064 14.8376905398178 3.78884161307902 2.37723052262863 0.893250325709373 4.55047290575886 4.64703738422904 0 0 0 0 0 0 0 0 0 0 0 0 0 0 0 0 0 0
4.63601391279999 5.83641943184711 2.49258812783137 0.883743576859822 0.311531885073191 4.03661095027462 5.1473043599316 0.953910740119038 0 0 0 0 0 0 0 0 0 0 0 0 0 0 0 0 0
4.0691790160867 2.69954955508685 1.81057243929402 0.0905819515535569 0.154475572466227 2.15437612841697 0.524969324136299 0.502041702201242 4.10605682405389 0 0 0 0 0 0 0 0 0 0 0 0 0 0 0 0
0.425245875603135 4.89530411867241 1.93845622041154 1.31528680789124 3.24358189103974 0.426876618411747 2.82415321530994 6.10750214736191 6.19714145618455 3.05334244256878 0 0 0 0 0 0 0 0 0 0 0 0 0 0 0
1.23361445853582 0.0164766085577127 3.50957367342586 0.967902457027864 0.570101714003729 1.54600989747904 2.68829007800117 4.06112586449068 1.37594925004169 0.813599023286728 0.181054962159177 0 0 0 0 0 0 0 0 0 0 0 0 0 0
0.944109526047128 1.90691931423991 0.449149256135408 2.33291808048144 4.56477519762327 0.376893462651979 1.41950012735275 2.01535362628651 1.26814002638934 1.95418429216662 0.738900619675986 0.909452031542864 0 0 0 0 0 0 0 0 0 0 0 0 0
0.304827361468883 1.29343297146358 0.367612850297196 1.51149821438024 1.78426935016624 1.59396531273493 0.622514636542901 0.202097198782911 0.640175563230704 0.606643824388626 0.721630041105837 1.64422814896222 2.85312095381012 0 0 0 0 0 0 0 0 0 0 0 0
0.867271051475395 1.42552869425812 1.40987598365858 1.19034060008239 0.483402959840033 3.04778704385926 0.0685582516532611 0.00468980429139498 1.85260466885051 1.2588595792559 0.0832477729749219 0.632284053528152 0.267931070564729 0.0905933907681213 0 0 0 0 0 0 0 0 0 0 0
1.36704239274029 1.11651438127293 0.640620896567244 3.16903165432564 3.39116815214741 1.81376097715102 0.607508271912566 3.19486008551299 2.2127156677824 0.6680321818835 1.93850973099798 0.526129170370012 4.41585133117847 0.216218555619107 3.4061898873173 0 0 0 0 0 0 0 0 0 0
5.6870039348104 3.26875664111783 0.563580369152009 2.57779592078241 5.2169524031005 0.0230755292208255 0.472245929753535 2.19944200549313 0.978455858523418 1.74050632226042 0.864099005649333 1.58578962125635 0.286476274480306 1.07435946814294 1.85145166811842 6.49509888368757 0 0 0 0 0 0 0 0 0
1.57950403675376 0.659877690451509 2.81339898577442 4.41098713780004 0.679552961006621 4.67795902699454 2.88345773454457 1.1036066382102 0.308145646528655 0.785995794247576 2.60036304024352 0.711988524043395 3.4409805967268 0.279114912716226 2.34285320727675 0.959341080933049 1.09646273996829 0 0 0 0 0 0 0 0
0.976649015790778 0.209097901347276 1.56057747546975 9.27311017112263 1.52173744693749 0.382219019091272 0.81456185572124 0.981793168896424 1.04423204454142 0.11348819647703 0.64908745172803 0.775966459689239 4.0257146622493 2.46559795528624 4.74525677585818 1.06353262703572 0 0 0 0 0 0 0 0 0
0.504913671735662 0.750870462645116 2.03534823581724 0.303970132684232 1.74460558137558 1.00568225076044 3.7913941459776 1.06263659841795 1.69515762579606 0.0594316890178424 1.37431937737759 3.66299866848198 0.954215637074471 0.11697088442922 0 0 0 0 0 0 0 0 0 0 0
2.70768161192204 1.14086172383826 0.96100789773535 1.89851224500743 0.103237624550047 0.781150064846027 0.545457440069319 0.0907934586447297 1.26846136055666 2.21576484885063 0.471652332949296 2.40075029998041 0 0 0 0 0 0 0 0 0 0 0 0 0
4.36282658819656 2.04780317807975 0.332599220883859 0.323439401739985 1.08327471596871 0.0153719228521932 0.914031552609063 1.17025776526417 1.03863173130019 1.30137773397697 0 0 0 0 0 0 0 0 0 0 0 0 0 0 0
0.0544761426206767 3.92005403711749 1.62045745914211 1.13866688844846 0.597745179162455 5.57729531171397 0.138713649386986 10.2185302416293 0 0 0 0 0 0 0 0 0 0 0 0 0 0 0 0 0
0.235982304162432 0.656410710179591 4.27470301205588 1.17042570874149 4.96855776970437 0.70867507946392 0 0 0 0 0 0 0 0 0 0 0 0 0 0 0 0 0 0 0
1.11978564267789 0.331142211382218 1.45510517810943 6.27004963889117 0 0 0 0 0 0 0 0 0 0 0 0 0 0 0 0 0 0 0 0 0
0.470564110334607 1.00839840709383 0 0 0 0 0 0 0 0 0 0 0 0 0 0 0 0 0 0 0 0 0 0 0
