0.12011806943466 0 0 0 0 0 0 0 0 0 0 0 0 0 0 0 0 0 0 0 0 0 0 0 0
6.64278853421929 11.9743500376104 0 0 0 0 0 0 0 0 0 0 0 0 0 0 0 0 0 0 0 0 0 0 0
4.59000187080957 17.0023899039418 12.878486835223 0 0 0 0 0 0 0 0 0 0 0 0 0 0 0 0 0 0 0 0 0 0
4.83577973617712 16.4207368689809 8.95078085389107 6.11874260389086 0 0 0 0 0 0 0 0 0 0 0 0 0 0 0 0 0 0 0 0 0
5.8862988530739 3.18678493805778 2.32906920662012 0.870788794812158 1.51436002531789 0 0 0 0 0 0 0 0 0 0 0 0 0 0 0 0 0 0 0 0
4.66210414715976 9.78295986633256 5.08941276579197 1.79587108164879 1.2784761960322 0.841375343395561 0 0 0 0 0 0 0 0 0 0 0 0 0 0 0 0 0 0 0
4.98197700479703 5.93361665713845 5.09329639140226 6.04299196478733 0.355050230977917 1.30238000979427 2.74407277504472 0 0 0 0 0 0 0 0 0 0 0 0 0 0 0 0 0 0
1.02888015370196 1.28336217909865 8.96193193201588 5.06365279266703 0.686597129858471 2.51576768885489 6.30391665495529 6.27024254006724 0 0 0 0 0 0 0 0 0 0 0 0 0 0 0 0 0
0.087150457620667 2.39188434802528 1.8371593200163 0.295075249552943 2.24130817876931 2.39864556628993 0.955152421450352 2.41314829900732 0.156294496446182 0 0 0 0 0 0 0 0 0 0 0 0 0 0 0 0
2.66298880477668 2.85750770893092 1.16274191221702 2.36627617471171 1.10464504922902 6.28300955426733 4.35534444363687 15.9748457679862 0.490793489016551 5.75569609447341 0 0 0 0 0 0 0 0 0 0 0 0 0 0 0
0.570259841648737 0.0587337338452499 3.95540422799627 2.26918345465685 0.0680129630648289 4.46203797186048 9.29268459290804 4.28772219535951 2.63832869940885 11.8565249901186 1.51232509674466 0 0 0 0 0 0 0 0 0 0 0 0 0 0
1.25519953675944 0.787095281778697 0.700866003966701 1.48306622518248 0.0771080977215817 1.18780672260142 0.0201400112996035 0.820383580226296 2.85265453622741 1.58213526983581 1.5789685941843 2.25399835194383 0 0 0 0 0 0 0 0 0 0 0 0 0
0.91244670629626 3.13492651974338 3.31521849379166 4.76646121702082 2.83748409649353 1.54295192585542 1.80968422405814 11.7927498761638 0.453540320181928 1.93851909250594 4.91855828759964 3.12974407835053 1.28782533810639 0 0 0 0 0 0 0 0 0 0 0 0
3.99943596222343 10.877178668085 1.93089153517355 8.74129593876428 0.70534597695397 1.51865848304963 6.08995942916795 0.525343240417033 3.05062620196829 2.26023618181058 0.39050548296442 1.32095932769471 0.242448979612515 1.60506395392105 0 0 0 0 0 0 0 0 0 0 0
3.0221661291979 0.6731333169992 6.10649279263911 1.17415468202343 1.69904375363067 3.2985665431106 0.0635817893756417 1.56910359795234 1.61893302362052 0.426937694395813 1.02694087271258 0.437577285520178 1.10399162872162 1.17131232977799 2.54689595749639 0 0 0 0 0 0 0 0 0 0
1.3507543164199 6.04675162331643 1.50293726361909 2.15713314232361 4.55390857148315 0.047945945240805 2.58636349916562 1.40911005441374 0.655053245188769 1.17215842507739 0.620159713721293 0.627656299354162 1.58044618449858 0.245118469079073 2.91968909724547 0.803760207989548 0 0 0 0 0 0 0 0 0
4.81742618619798 6.20754972679316 6.24135105405443 7.41455039579744 1.26375788943157 4.52535310965264 4.59447148269847 1.01116986598695 0.583047188979046 0.109645488017964 4.63982460092311 0.0853433017801999 1.18812886776616 7.32093977105993 3.41615778703139 1.33101278290863 6.7599256849799 0 0 0 0 0 0 0 0
2.73147126027207 2.97598221657519 8.5626900241441 0.613301110299438 1.03700234051777 0.422476122383977 0.193174543248613 0.447180195987538 0.324841343267073 1.43211476626935 0.839798327387294 0.256451237307183 4.04074022400631 4.40248705674609 4.21070047723804 7.49622106305529 0 0 0 0 0 0 0 0 0
1.66257286974845 2.82364782557167 0.549940356900198 1.35078418101193 3.23075723972117 0.249305014985465 0.222639432109934 0.545108700723763 2.66971180989957 5.14787438450422 0.840007032772585 3.65017953732016 2.2508126039882 2.41461724682733 0 0 0 0 0 0 0 0 0 0 0
0.675047137964918 1.88602709045576 4.03591618694326 0.403487755349123 0.840539355546561 0.993594316327758 1.03269494420621 3.09966156175908 0.196814326795054 1.23694022749646 0.340341439701024 0.524594313670187 0 0 0 0 0 0 0 0 0 0 0 0 0
0.453863914040497 5.71062691764746 4.00152523555639 0.0898299523313643 0.956757717860267 0.426477627738632 0.592346288023881 1.78325611615025 4.29523704383204 5.33765768371051 0 0 0 0 0 0 0 0 0 0 0 0 0 0 0
1.26239907133469 5.17839824181265 1.19361551211675 1.54743392000917 3.25239326632769 0.511503707618617 1.10222317186295 1.43438289303452 0 0 0 0 0 0 0 0 0 0 0 0 0 0 0 0 0
0.607878506237599 1.38035464146256 2.40321794387849 0.887721831091617 5.94453187266334 2.68196926289557 0 0 0 0 0 0 0 0 0 0 0 0 0 0 0 0 0 0 0
1.17821077698381 0.853639456770925 0.711601041657841 1.50267105734492 0 0 0 0 0 0 0 0 0 0 0 0 0 0 0 0 0 0 0 0 0
2.05224368488533 0.29567855948652 0 0 0 0 0 0 0 0 0 0 0 0 0 0 0 0 0 0 0 0 0 0 0
