0.052085741146143 0 0 0 0 0 0 0 0 0 0 0 0 0 0 0 0 0 0 0 0 0 0 0 0
4.55413956959522 5.55365037312654 0 0 0 0 0 0 0 0 0 0 0 0 0 0 0 0 0 0 0 0 0 0 0
3.71791149000951 4.09646162252333 7.95742650998749 0 0 0 0 0 0 0 0 0 0 0 0 0 0 0 0 0 0 0 0 0 0
2.10951725642997 2.90478637010896 6.3193298355259 1.95136994747377 0 0 0 0 0 0 0 0 0 0 0 0 0 0 0 0 0 0 0 0 0
0.437175903949047 1.57422079806841 4.65949810345097 8.09046452264397 1.67952380052432 0 0 0 0 0 0 0 0 0 0 0 0 0 0 0 0 0 0 0 0
1.566200726446 4.64079383624339 9.28322540617702 0.0107626104660175 1.44719268604295 0.411254257760179 0 0 0 0 0 0 0 0 0 0 0 0 0 0 0 0 0 0 0
4.61613332447179 11.7881124538887 12.6113243673086 1.91371950131501 0.405158179358252 0.162956072225151 2.58357974491554 0 0 0 0 0 0 0 0 0 0 0 0 0 0 0 0 0 0
4.96713503060319 9.81613123386495 3.5299626826753 3.29827284566099 2.4583264518689 3.01226579804357 3.35413428897726 4.56625326362056 0 0 0 0 0 0 0 0 0 0 0 0 0 0 0 0 0
4.51319421239268 2.15485382307816 1.23935958232681 7.2659174604028 0.254870161282432 3.70590977370049 1.39319600170537 0.906684649818577 1.06906310571919 0 0 0 0 0 0 0 0 0 0 0 0 0 0 0 0
3.38921623626513 3.21969019914125 1.85486834465361 0.343423249930902 7.2390351134731 0.0492327513634257 1.62478697446707 0.871585589573975 2.28596699547275 4.31665088044052 0 0 0 0 0 0 0 0 0 0 0 0 0 0 0
0.846314182547611 1.8596112872383 0.486179950561463 5.56379204866455 0.631263708556667 1.58781311107445 0.351622842843076 5.75119876272043 2.45371129498398 11.9675624398883 0.423447956736398 0 0 0 0 0 0 0 0 0 0 0 0 0 0
0.188701756718054 2.54665564084767 5.3851370974055 1.25777794356027 2.3141945186285 1.54836253180271 4.01458469522952 0.841728020938526 2.66734850907246 0.611722929145786 0.290692420764379 0.340269669675971 0 0 0 0 0 0 0 0 0 0 0 0 0
0.1373705708786 5.2650577362354 3.98652670347541 3.29022414433496 0.84688743155286 13.9026562051562 1.81264972759095 3.76624263735827 0.03491612932777 0.517107115617817 4.05102101087845 0.323628068320337 0.620354602051531 0 0 0 0 0 0 0 0 0 0 0 0
0.846363701990715 2.16974830778756 3.46914343488394 2.55694321814694 4.0622389812012 0.0398535803101384 0.433068114723105 0.736820082818863 0.917563802973999 2.62920392392705 0.0716287669236545 1.77885159521911 0.344101628705366 1.80069202435121 0 0 0 0 0 0 0 0 0 0 0
0.503198836301479 1.13288610316004 0.0969675423594543 1.1566062875665 2.06184531841469 0.231258120780647 0.252246667987337 2.48605703543496 2.8081110550614 0.315563792452617 4.65979457056431 0.277687031285113 2.08846822182897 1.30023459708672 2.38573018730331 0 0 0 0 0 0 0 0 0 0
0.555466445909073 1.4373507068871 5.28489143095361 0.198356900397084 1.34260918106357 3.97582045598223 4.4157888851129 0.270979380564225 1.41992212340958 2.02556446300678 0.92710387969999 0.560893642738066 7.12166216454716 1.51206961158906 0.876012926558331 3.13417784041348 0 0 0 0 0 0 0 0 0
0.984167008895627 3.3595554627705 0.804308253129329 6.75523573591977 1.28480286486593 3.89386970872713 2.55737691404863 0.676503924008131 2.79824139993496 0.0167293662714435 3.92484967372005 5.78146772132447 1.32392108333836 0.853465103199371 1.39068309629625 2.66419024381966 2.01443785021254 0 0 0 0 0 0 0 0
0.729774925902686 1.04241746248446 3.57485900037765 0.244844179106374 1.27668233882645 1.09995199415554 0.802535127018657 0.729413787324202 1.51277965690532 1.35355549576216 0.518502000462491 1.85422491435894 1.50041453186822 2.8907804500705 1.05854823120346 1.18168023104709 0 0 0 0 0 0 0 0 0
0.539289696895108 2.85285286026624 2.05998069521341 2.89114715150991 1.59209048575836 0.482187062578767 1.30171727979111 1.26261486074238 6.58538342182854 2.76046749335132 1.28742022147959 4.3180604484817 1.02794612002296 2.34354153474517 0 0 0 0 0 0 0 0 0 0 0
1.73015883227468 2.83230966039533 5.16165277797551 2.17403861767217 1.18676992473741 0.770999934495148 3.9164729983755 2.2220838028371 1.55245952119825 1.19833651137129 9.34241466122122 0.0486360885170154 0 0 0 0 0 0 0 0 0 0 0 0 0
2.88309075468035 0.0402129708256993 2.87655392034753 3.58825661996766 3.9610038283059 0.297967562983105 2.62801160718849 0.180333593694958 1.37547105576448 9.1253338884905 0 0 0 0 0 0 0 0 0 0 0 0 0 0 0
3.17232134770338 2.7415692176253 0.474923446251896 1.44524733297444 0.467205387417755 4.87918387028511 4.95135920782398 0.97250440115559 0 0 0 0 0 0 0 0 0 0 0 0 0 0 0 0 0
0.147678254685196 4.30095638796959 3.92873019908207 0.47534501530836 0.0984634352249758 7.79391560208734 0 0 0 0 0 0 0 0 0 0 0 0 0 0 0 0 0 0 0
1.74312129211988 1.39432768566338 2.16795170878275 4.10104008175379 0 0 0 0 0 0 0 0 0 0 0 0 0 0 0 0 0 0 0 0 0
0.986759952384698 0.813177071712882 0 0 0 0 0 0 0 0 0 0 0 0 0 0 0 0 0 0 0 0 0 0 0
