0.17125963093589 0 0 0 0 0 0 0 0 0 0 0 0 0 0 0 0 0 0 0 0 0 0 0 0
4.21245500029806 13.1610448306216 0 0 0 0 0 0 0 0 0 0 0 0 0 0 0 0 0 0 0 0 0 0 0
1.54003524900185 1.49451519433221 10.8078056135397 0 0 0 0 0 0 0 0 0 0 0 0 0 0 0 0 0 0 0 0 0 0
1.11793029395093 0.5815543138996 2.83147668181934 1.98689899114083 0 0 0 0 0 0 0 0 0 0 0 0 0 0 0 0 0 0 0 0 0
3.04527773014451 5.27030244048377 9.45603764303246 0.180370166175384 0.0104792875505943 0 0 0 0 0 0 0 0 0 0 0 0 0 0 0 0 0 0 0 0
2.24429355023242 11.5369877476856 6.59909471537041 0.397470805707283 0.765769428760888 4.07781616133777 0 0 0 0 0 0 0 0 0 0 0 0 0 0 0 0 0 0 0
2.690509749882 5.28346030027782 0.526166936037484 5.02671812330616 1.71874090732599 4.4681035051466 2.06773183472667 0 0 0 0 0 0 0 0 0 0 0 0 0 0 0 0 0 0
0.562163992368007 1.92736623959979 1.03390703660727 1.64901792136533 2.20821505320986 2.26504480920516 2.63160514594025 1.03238753680679 0 0 0 0 0 0 0 0 0 0 0 0 0 0 0 0 0
0.691833193008692 2.60897115425112 2.43107170363129 1.67875726111482 2.65826947001307 2.18425744189194 0.185059902083415 0.0402661907247175 0.507221861977277 0 0 0 0 0 0 0 0 0 0 0 0 0 0 0 0
0.0376122017579936 3.75911701924123 1.83613828639291 2.86233160757601 0.155716482251773 0.118627611951859 0.128780554534205 0.346164567793427 4.81944907397041 3.24102966107128 0 0 0 0 0 0 0 0 0 0 0 0 0 0 0
2.2549404594359 0.990807715832697 0.289031608296012 2.71761839882563 2.37942028177547 1.85743587924132 1.49354853105653 1.60375559884633 1.13452803552044 1.47233962067418 0.0382515879859089 0 0 0 0 0 0 0 0 0 0 0 0 0 0
0.44647216716513 0.0798769350688846 1.35380754068914 8.46210049613678 0.365861540748125 0.283890043015213 1.1804077630687 3.54694429631171 0.324364550598866 2.76281496089261 3.55086138365169 3.377172513342 0 0 0 0 0 0 0 0 0 0 0 0 0
6.67552349265617 12.3079962038031 9.94592851902129 2.44387707710158 1.35760364603895 4.88709762139451 0.819449178993305 8.48373474457765 1.49314587223631 0.266026835470738 6.78128359591012 3.04308390485547 3.78877678477922 0 0 0 0 0 0 0 0 0 0 0 0
5.7394326943362 12.0717088996031 3.62949811921003 0.0368997535727198 3.10511567254696 4.97833152191897 4.52143809523096 4.15621166560296 6.47992933703461 4.50428230759141 3.00368683017261 4.24472260407244 6.85669830805159 3.34024802536334 0 0 0 0 0 0 0 0 0 0 0
2.1398141346514 0.950293203524718 1.39988146444373 0.274473797455391 1.07242829382756 0.604066335397917 2.00814579558112 2.49882744452749 4.65595595044765 2.33977713544172 4.9048281039839 1.34173730873553 3.24037188026702 3.58340215067214 0.124435785633862 0 0 0 0 0 0 0 0 0 0
0.434828323550659 5.90090395034079 0.983353662173041 1.42174065092961 3.75334111721082 2.30389199122272 3.34461221510343 1.1609605577334 2.23669526290067 0.470508517192087 2.59926283319648 4.12968839271163 6.35173475697492 0.673000633146819 2.61220815721121 1.23177977217718 0 0 0 0 0 0 0 0 0
1.18785704798695 3.43932171569267 3.43528314287424 5.32835011225998 2.5964350568011 1.82022398774848 4.4987285976277 2.15515307089165 5.48950631909374 3.706030543889 6.41443375837925 0.18649836809792 1.04645968104043 8.43932286204808 4.08523107976064 1.99106619334563 0.0571424040758183 0 0 0 0 0 0 0 0
1.3714562058247 5.71756710275575 4.34942285600235 1.08733007936474 3.53036456478701 3.91081041491813 0.662920226039238 1.08799988988988 0.932627812135604 0.224253460625817 2.403156796657 1.2463598340205 4.73225331152641 5.97607356366993 1.41576537260963 0.455025283202642 0 0 0 0 0 0 0 0 0
4.30200426927994 10.1152591350758 3.50818459972179 0.221125802990392 0.78413959424669 0.218384717337946 3.04101100117841 2.06928961665891 3.29849782793828 0.800122163152741 3.49604851634628 2.16667396002601 2.47056926922444 0.0559663845768636 0 0 0 0 0 0 0 0 0 0 0
1.74747048910283 3.89965059945879 2.48421306028712 2.67136608873118 0.340701344210626 0.022712499107544 1.51734792789079 0.880055958099202 0.544072212690459 1.36541492416921 5.33359265530748 1.54529847945705 0 0 0 0 0 0 0 0 0 0 0 0 0
2.87479038468142 6.94581706219254 0.891150516615941 0.319361691637008 1.2289675802435 0.42420157776832 1.14816300094771 4.38343711649536 3.6026408395201 1.26407210921624 0 0 0 0 0 0 0 0 0 0 0 0 0 0 0
1.43377977631755 1.30891495812806 0.378199045358377 5.05009375074139 2.2959227853192 0.843116140716217 2.29640237892303 2.66286640581277 0 0 0 0 0 0 0 0 0 0 0 0 0 0 0 0 0
0.259366368697114 5.26294953234791 0.683056415413949 0.625287979166935 1.09226405061862 3.78580932351597 0 0 0 0 0 0 0 0 0 0 0 0 0 0 0 0 0 0 0
1.32222209119915 6.19498682424368 0.972477851987551 5.52414835916942 0 0 0 0 0 0 0 0 0 0 0 0 0 0 0 0 0 0 0 0 0
4.25469248908712 0.341615113525863 0 0 0 0 0 0 0 0 0 0 0 0 0 0 0 0 0 0 0 0 0 0 0
