0.148420823696628 0 0 0 0 0 0 0 0 0 0 0 0 0 0 0 0 0 0 0 0 0 0 0 0
5.43220539724428 8.56950491253927 0 0 0 0 0 0 0 0 0 0 0 0 0 0 0 0 0 0 0 0 0 0 0
2.18369854183911 0.431190628512352 1.00026290168812 0 0 0 0 0 0 0 0 0 0 0 0 0 0 0 0 0 0 0 0 0 0
0.258141494220269 5.29296608008535 0.843957951988702 5.86520551614229 0 0 0 0 0 0 0 0 0 0 0 0 0 0 0 0 0 0 0 0 0
1.56019044469916 0.859575798877 0.961271320643333 3.13203340926909 3.30270071238253 0 0 0 0 0 0 0 0 0 0 0 0 0 0 0 0 0 0 0 0
5.28523923923502 0.0856940843111535 1.52609681465864 1.75149696441 1.54875980239244 2.23124581782548 0 0 0 0 0 0 0 0 0 0 0 0 0 0 0 0 0 0 0
1.01300242011081 0.0786541770575672 2.15927076562944 0.228811874118597 0.0681218557280432 1.19548276000321 2.51432147925451 0 0 0 0 0 0 0 0 0 0 0 0 0 0 0 0 0 0
2.23773770660906 2.23402868625839 0.992163580110809 4.83851880643559 2.31803983423266 2.96015563318384 3.30724780138011 1.42615697447903 0 0 0 0 0 0 0 0 0 0 0 0 0 0 0 0 0
0.114214042943431 0.712178245456195 0.0886867449239577 1.590340466621 4.72480346202087 0.0184624782803748 3.93984625319606 3.3895645401426 0.147256381725408 0 0 0 0 0 0 0 0 0 0 0 0 0 0 0 0
4.83277278916064 1.56019563605246 1.65953017218476 3.25080965346661 5.29519699622391 1.25197404418796 4.4810928352237 12.6394862094298 0.329208973544217 1.60281821777562 0 0 0 0 0 0 0 0 0 0 0 0 0 0 0
1.91773919678436 0.889449675327965 0.545658506888888 3.69439010041004 10.6762679501588 0.487297005262014 1.24855042672246 4.44240240509786 0.31182697780069 9.20990282141727 0.361378920819259 0 0 0 0 0 0 0 0 0 0 0 0 0 0
1.8556900870415 2.59587597151987 0.413258882103058 1.56125900771246 3.90331864810162 5.00984136334212 0.535792739986354 4.8289272288372 2.5891640213023 2.11414753182838 6.26646398715234 3.33840784294011 0 0 0 0 0 0 0 0 0 0 0 0 0
1.49011261042984 0.483999443074965 7.92290626627572 4.6405015036682 0.829177805567554 0.786603710312015 4.22257010924217 4.52858868108873 0.770421138429052 2.73479572642362 0.99745424338422 0.802915880268525 0.545089974931979 0 0 0 0 0 0 0 0 0 0 0 0
0.502780568772879 3.66168947190248 4.5316111074222 2.70548241347347 0.50497140711546 2.04165268523387 0.330001177322633 1.43463729809792 0.338920837540458 4.71185558009757 1.24858080589356 1.98366529157268 3.26787268553242 0.627464873633997 0 0 0 0 0 0 0 0 0 0 0
0.825228138348567 3.91501534909211 0.755163915170969 2.30418452208015 2.56786682508192 5.04281972316632 2.40197427311672 9.29171677244851 0.457740518863788 5.31004709161935 1.1185853256328 1.27589522629054 0.0204897957572185 5.63439701600853 0.355076195142242 0 0 0 0 0 0 0 0 0 0
4.98126977528944 0.34437784207588 0.794304273974036 0.672849914238126 4.46044991135739 0.721200540116161 1.81802257756251 2.47144941624398 0.054706524599503 0.0599244569978151 0.3381300115037 1.07727699136549 5.64108945662942 2.73906530260447 2.16644559901884 2.81538648805487 0 0 0 0 0 0 0 0 0
2.50698770559671 0.777983422055799 0.368284635657648 1.81268174044063 0.963139095549136 3.12694363878318 1.47803968220247 2.17927182019114 3.93931988354069 6.66828629993707 2.9314280556025 1.40774308786884 4.24260699209478 2.2954277733071 4.50787003669926 0.648304943529462 1.77712388625094 0 0 0 0 0 0 0 0
6.05956158003758 3.46636000785694 1.23012050409744 0.745996047801753 5.58636229873849 3.17856782877832 2.87610055357151 3.98196532197795 3.75775243355322 4.65056884051636 4.30249946622655 5.14573626444053 1.48087871330696 4.93383796400305 8.24157583956344 0.598334615265562 0 0 0 0 0 0 0 0 0
3.17093228697131 0.57460566669563 0.746045059038177 4.10431626439671 0.540625795031272 6.62560818557784 6.474088089741 4.69712121566438 0.250863316887613 5.45774755764959 0.547730643095084 6.37610266566277 2.65023531833323 0.67979756747354 0 0 0 0 0 0 0 0 0 0 0
2.79731544510981 1.36803918726566 0.379719957947898 0.875184546399994 0.225608435648042 3.63094659246019 3.18990862919267 1.58921204470081 3.16794227584812 0.186095577190533 4.56192820350668 0.263561290448654 0 0 0 0 0 0 0 0 0 0 0 0 0
1.42288132824868 0.907162832072704 2.57639677076056 1.74336186214077 0.0223922323661262 4.28283708717799 0.204713665964472 5.79539907272337 1.71944732022749 5.59408039694658 0 0 0 0 0 0 0 0 0 0 0 0 0 0 0
4.18965578593672 2.50168630453134 0.453589809850685 1.39368046090997 0.489511424475614 1.4698595400235 0.351728801936347 6.78962045077107 0 0 0 0 0 0 0 0 0 0 0 0 0 0 0 0 0
0.35496989981528 0.0859406359144311 0.187510986274123 0.892704398962367 1.52166465862964 2.08146150474012 0 0 0 0 0 0 0 0 0 0 0 0 0 0 0 0 0 0 0
5.72267897520731 0.267480285901424 6.82469397903667 1.17660319788711 0 0 0 0 0 0 0 0 0 0 0 0 0 0 0 0 0 0 0 0 0
5.1543271178793 7.10707861079695 0 0 0 0 0 0 0 0 0 0 0 0 0 0 0 0 0 0 0 0 0 0 0
