0.103470389472452 0 0 0 0 0 0 0 0 0 0 0 0 0 0 0 0 0 0 0 0 0 0 0 0
5.68122608676808 10.5701610462083 0 0 0 0 0 0 0 0 0 0 0 0 0 0 0 0 0 0 0 0 0 0 0
3.21175606963548 0.324877366606923 5.71422226077765 0 0 0 0 0 0 0 0 0 0 0 0 0 0 0 0 0 0 0 0 0 0
1.76316906924845 1.65657034541131 5.34376324519958 1.44161977710527 0 0 0 0 0 0 0 0 0 0 0 0 0 0 0 0 0 0 0 0 0
4.29819924144805 1.59957941293681 5.22889873835242 2.77155909837045 0.917904374473623 0 0 0 0 0 0 0 0 0 0 0 0 0 0 0 0 0 0 0 0
5.19676198697047 10.111598657697 4.22481469680287 1.1505337173058 2.95589554880316 5.76912087254277 0 0 0 0 0 0 0 0 0 0 0 0 0 0 0 0 0 0 0
4.18324220065771 7.65719461955856 1.082805926076 2.34651819637941 3.05795689208299 6.39943078118331 1.96475817444636 0 0 0 0 0 0 0 0 0 0 0 0 0 0 0 0 0 0
1.51961371834518 0.484762810909939 2.20953280495091 0.615785334666127 2.0667853588554 1.03769217021686 3.68250650047869 5.95808676929241 0 0 0 0 0 0 0 0 0 0 0 0 0 0 0 0 0
1.91333626575038 2.19439713633528 0.342776611112405 0.125522205809439 0.588049318064608 0.72451681041092 1.30282367639571 1.10255115448309 10.3071475979537 0 0 0 0 0 0 0 0 0 0 0 0 0 0 0 0
1.88670439853737 5.72040426858274 3.47034545595621 0.0336250429986238 4.43561634118469 1.39847333614691 0.0429566755102913 1.33024332178454 1.38818655028492 2.0995217242496 0 0 0 0 0 0 0 0 0 0 0 0 0 0 0
2.61663203964605 0.954990942361109 2.72016585914467 0.567639672594527 3.44662435758113 3.96891171267436 1.02731221276484 0.322553405491172 2.50338886834174 1.2177136456627 0.484511250942487 0 0 0 0 0 0 0 0 0 0 0 0 0 0
2.19440507882235 1.09848668194519 3.40622297767495 0.5486570202272 3.33516643706278 0.215936270461905 0.99842376961918 2.21050499756061 3.31928928449125 20.5506871998893 3.38076531716964 0.0223658487616352 0 0 0 0 0 0 0 0 0 0 0 0 0
0.29032227007909 0.850734598395099 2.1605010048778 2.00033811112806 2.10292991357017 2.86290922602502 1.20951442865228 1.16126616594675 0.855775049134163 1.15472607985507 2.71642902569892 0.438230151957478 4.44862998396235 0 0 0 0 0 0 0 0 0 0 0 0
0.195844246978202 2.86818865120228 2.83880375271048 3.89745590613332 0.774976807372186 0.192218935785842 1.63487749851279 1.79728626699834 1.18943194335652 0.45170175752439 0.784442010602875 2.08665007345756 0.224408228886959 0.00992012982130881 0 0 0 0 0 0 0 0 0 0 0
3.74734782338351 3.87536703356571 0.755033872831474 1.57721055210118 1.82531211087214 2.5497013223072 0.131002768367731 0.63552411570409 1.32827051333232 0.142279163982865 0.753099056948108 0.0985803706248476 0.543293692421762 1.2983495744596 1.32485183209711 0 0 0 0 0 0 0 0 0 0
1.74041218475169 0.461088904610946 3.92849288745079 0.644042471386815 0.898494620198367 1.54108810403228 0.93764136971076 0.808727545050356 2.93421977035315 3.32364665388225 0.208160769546852 1.55831124200639 0.740321441636964 2.21455668225625 1.35026488117744 4.57918548949851 0 0 0 0 0 0 0 0 0
1.0311831045953 1.58850319452627 5.10151373784042 3.25280336991918 7.76823463128554 4.36863807879324 0.50015769722665 3.12140033839986 3.52415428472075 0.814633161365387 1.28216737786082 11.2374888678972 3.17168958369751 2.5766098039442 5.47751323670973 0.405338839608083 0.221605774628992 0 0 0 0 0 0 0 0
3.35489698451339 0.872627708473527 1.41395886873027 1.65043149048827 0.132468615462474 0.611458304836621 5.76959269967254 0.294808362396464 7.10664989435554 1.26775937557939 0.866693845277548 1.51891949762245 0.189444872658685 3.67757763264831 4.33662416999654 5.51831161181344 0 0 0 0 0 0 0 0 0
0.242955944998879 1.83666909565521 5.01317986446072 0.441495992475557 0.440731352692809 0.392257938267759 1.52155975131226 0.0891479822402221 2.04672181070302 7.47827535788755 3.02604220887901 2.52319897415616 1.31044275633044 0.0923669001488907 0 0 0 0 0 0 0 0 0 0 0
3.90303648366751 4.81711102034385 6.62076502098197 0.483717323138533 0.190674050761678 5.21827236170684 0.23255248888889 0.765250775565769 1.76527727841361 10.4250676056858 2.48147253678611 1.72212569677597 0 0 0 0 0 0 0 0 0 0 0 0 0
4.28592877644779 4.24449595869701 2.06583503422319 5.4509158579524 2.73690742768308 3.8667306767623 0.264708858204377 2.42090410049338 2.12100015361334 1.32440022130575 0 0 0 0 0 0 0 0 0 0 0 0 0 0 0
0.691722317765771 5.47931071712892 0.0424585650336691 1.88077859228562 0.613308686313037 0.839294557090276 1.83868771311313 0.559882931282713 0 0 0 0 0 0 0 0 0 0 0 0 0 0 0 0 0
0.594240773775375 0.669888469542087 4.88112816808956 1.82604047946362 0.0685956839343776 0.592473492929932 0 0 0 0 0 0 0 0 0 0 0 0 0 0 0 0 0 0 0
0.765511311214296 2.14022373796833 0.527905942151016 1.80578321666605 0 0 0 0 0 0 0 0 0 0 0 0 0 0 0 0 0 0 0 0 0
1.63437696076425 0.427280372254429 0 0 0 0 0 0 0 0 0 0 0 0 0 0 0 0 0 0 0 0 0 0 0
