0.27462288750267 0 0 0 0 0 0 0 0 0 0 0 0 0 0 0 0 0 0 0 0 0 0 0 0
3.53301142293372 13.7423088132645 0 0 0 0 0 0 0 0 0 0 0 0 0 0 0 0 0 0 0 0 0 0 0
2.3557411794019 5.19288223580146 9.84566281116884 0 0 0 0 0 0 0 0 0 0 0 0 0 0 0 0 0 0 0 0 0 0
3.95952275819236 2.64179174427073 4.01004292073784 1.35376466486538 0 0 0 0 0 0 0 0 0 0 0 0 0 0 0 0 0 0 0 0 0
0.781033078911644 10.7328208669397 5.30215553335264 1.03474919143268 5.54020761986303 0 0 0 0 0 0 0 0 0 0 0 0 0 0 0 0 0 0 0 0
5.44139671512958 5.94742681918483 4.40028023213083 1.00093915716542 0.442462876587707 1.66246013466756 0 0 0 0 0 0 0 0 0 0 0 0 0 0 0 0 0 0 0
5.86292073744755 5.48492442694536 4.10683272323103 0.0670295793492893 1.99383019628723 2.06734514994441 2.38138216181336 0 0 0 0 0 0 0 0 0 0 0 0 0 0 0 0 0 0
0.964527680159686 4.84020888853839 1.60487471357975 1.27327425268732 2.01875502468109 1.0933540364281 0.676676232870882 1.16161183208547 0 0 0 0 0 0 0 0 0 0 0 0 0 0 0 0 0
1.56153842385405 4.90078613012128 0.940574948313936 6.10792524684927 0.211220907245311 3.04473803511252 5.35570594113656 2.68148951661923 1.96875595214454 0 0 0 0 0 0 0 0 0 0 0 0 0 0 0 0
2.06802434084565 1.10347929030291 2.71578835131263 0.907190377692342 0.971275291240739 1.57536261020002 5.01580091413066 5.68096482096673 3.06589037931695 1.84988807118089 0 0 0 0 0 0 0 0 0 0 0 0 0 0 0
2.5638481473526 1.80737000705508 0.843822457633097 1.53426449089996 3.40642582584634 1.12304465048208 0.525042807325795 0.403713041609952 0.0283956135501081 2.72878335210008 3.67331825348372 0 0 0 0 0 0 0 0 0 0 0 0 0 0
2.5526846406758 0.663217510936409 2.0380698882805 3.3911255288894 1.10145011696971 3.2895691373868 3.55990067441126 0.0575020512320014 3.87783709360736 1.39674219818012 0.914667475007572 2.24295090371153 0 0 0 0 0 0 0 0 0 0 0 0 0
0.649804061104579 5.5433295810547 3.51040644494448 0.687591636506423 1.94290994152114 0.0029300354429041 0.13825655124239 0.413577631300962 0.460726520218569 4.76783322852039 0.310741515452355 0.0809791669114537 0.1037623491526 0 0 0 0 0 0 0 0 0 0 0 0
0.800344854939833 0.612142974901441 0.620833507914539 7.2416178840947 0.556987879720769 0.226639291628053 1.14128063549361 5.85828789606492 0.581986719054557 2.45536062511307 0.839046051652221 2.80552161690725 1.3851492131929 6.94885095957626 0 0 0 0 0 0 0 0 0 0 0
1.73204861418793 4.64687800288176 2.28854942289343 1.25623067529783 1.44884225533371 4.09137247601025 1.03358704365556 2.18899680044159 0.217609496526193 0.309758780110826 4.8410892777168 0.356611708085281 0.556947387763816 1.06247676517751 0.852321058977685 0 0 0 0 0 0 0 0 0 0
2.29005553157547 5.96059979668606 0.190891165796271 0.55682930111348 4.05289917870065 2.31263872174349 0.659769048849559 2.25143881219839 0.401852806050933 0.688214253923482 1.2856646585182 3.76103801908691 2.74725164981566 4.55984773183719 5.03822202584503 1.19818825526555 0 0 0 0 0 0 0 0 0
3.60669120497077 0.139581939485259 1.16947226976149 1.97359050158683 1.48315416641909 0.413612587100512 0.0898659602354448 0.428295216691024 3.95833939759978 3.66206061215628 1.4616989729368 0.542792650175427 4.17288495508766 0.624212019104202 1.97504700070566 7.70933005576451 0.539214199938942 0 0 0 0 0 0 0 0
1.39538606845962 1.67734820462758 0.642778993817212 6.57070925916319 3.05122481260599 1.39720387142483 0.265620975234592 1.5553061354206 0.510566520715882 2.17588234340954 1.96638796648654 4.21573073692309 1.26913684009156 2.60841688804021 1.72734891484043 0.842805868490114 0 0 0 0 0 0 0 0 0
0.921379781998562 2.94426166110746 2.00695288484665 0.539364849534535 2.06183280512183 0.172073940130239 2.59009661502551 0.682950419176414 0.453041398401608 1.4061026497713 0.00708173601375572 4.64514844335507 0.82608746562334 1.6084421599574 0 0 0 0 0 0 0 0 0 0 0
0.450823377687078 4.57780529587031 4.00126912589423 2.56606342979151 0.0563808159092102 1.71004024027877 1.01164781453021 6.08387806320353 1.58730638980745 6.10393583434305 0.893306606349226 0.654616438193834 0 0 0 0 0 0 0 0 0 0 0 0 0
3.83315077053962 1.08532492307408 2.07968364595044 0.252852358277639 0.468409822069124 0.706811498288311 0.760275976873328 0.540942534905873 0.220068374743879 2.44887510613689 0 0 0 0 0 0 0 0 0 0 0 0 0 0 0
2.00818205010187 4.15449023185926 0.351793003729768 0.921709531613627 1.66582792039155 0.754834310640155 3.42699047105644 2.62872405953749 0 0 0 0 0 0 0 0 0 0 0 0 0 0 0 0 0
1.16992941504428 3.98073461949298 6.85973900100213 0.0127384710678871 1.26430950854436 1.80573660268467 0 0 0 0 0 0 0 0 0 0 0 0 0 0 0 0 0 0 0
1.36420522266444 4.86836932632758 2.70831937445349 0.317692747997985 0 0 0 0 0 0 0 0 0 0 0 0 0 0 0 0 0 0 0 0 0
1.74179690289424 0.191835240181794 0 0 0 0 0 0 0 0 0 0 0 0 0 0 0 0 0 0 0 0 0 0 0
