0.271249249401525 0 0 0 0 0 0 0 0 0 0 0 0 0 0 0 0 0 0 0 0 0 0 0 0
5.42137236994363 14.1741183928083 0 0 0 0 0 0 0 0 0 0 0 0 0 0 0 0 0 0 0 0 0 0 0
4.96375686291452 17.5471134803931 12.2716736136337 0 0 0 0 0 0 0 0 0 0 0 0 0 0 0 0 0 0 0 0 0 0
5.96882945152816 11.9712790701151 11.0712974581441 2.97316789450964 0 0 0 0 0 0 0 0 0 0 0 0 0 0 0 0 0 0 0 0 0
1.20798383440525 7.91389299287024 2.52140643959614 0.978875301005467 6.03041823164051 0 0 0 0 0 0 0 0 0 0 0 0 0 0 0 0 0 0 0 0
4.92407356235491 7.89904608987372 4.67627626666477 0.678362330838231 2.46539515646505 0.458960994699934 0 0 0 0 0 0 0 0 0 0 0 0 0 0 0 0 0 0 0
0.470685732212214 4.47831390738155 0.0629939064337877 2.27040419937326 2.79613297181814 3.07638616458242 2.98860483374854 0 0 0 0 0 0 0 0 0 0 0 0 0 0 0 0 0 0
0.298142721602654 1.53869465279 2.05799642581176 2.51767713711184 0.198623021028078 0.382248403830833 4.73255238678805 0.435359016236896 0 0 0 0 0 0 0 0 0 0 0 0 0 0 0 0 0
4.32704699316607 0.736855612188805 1.52661250275308 0.354864728200314 2.75469406137919 0.902347803004907 1.29571337475246 3.50815015551758 1.98561771626709 0 0 0 0 0 0 0 0 0 0 0 0 0 0 0 0
0.153907074893014 0.638839053818693 1.15075462292706 2.20068475810096 2.0275706281973 5.22474967047213 2.02543778556053 1.16479766470327 1.57760981423869 1.32167479158473 0 0 0 0 0 0 0 0 0 0 0 0 0 0 0
2.58654976686254 1.80364094001635 0.109007027917115 0.504137053754791 1.9775826069658 1.46670570617566 0.555337777539972 3.61700754059715 1.83360657715176 3.60509526492124 1.9304922549141 0 0 0 0 0 0 0 0 0 0 0 0 0 0
2.21145234755821 2.58443894521018 6.58599801069629 4.92591036973915 4.78737963236856 2.75767165204041 6.90422154154884 0.481670888256467 1.02151334433714 0.74248367389688 1.93328464410415 0.613467044902465 0 0 0 0 0 0 0 0 0 0 0 0 0
1.69485054250753 3.04110606240342 1.678889854927 0.588761071642116 2.29659148409889 0.139774915659639 3.23214875659565 1.65649645202489 6.5551297303809 5.31037830454212 1.57962039534194 1.36968057214845 0.808625252287071 0 0 0 0 0 0 0 0 0 0 0 0
4.37482485136109 6.79774250986036 6.43311935711322 3.02558995392425 6.26886338758071 3.93538090829244 1.77465340659365 1.07237754659434 0.494040538323461 0.321003864435478 2.16585315595252 7.34964262687528 1.22988050372533 1.24852748900407 0 0 0 0 0 0 0 0 0 0 0
2.77338735159862 3.84300840383428 1.36780585761747 5.48252656056006 0.241957898840627 1.08697388659714 2.11702116451866 2.04107708789775 0.288078300433461 6.25786900285314 0.0285045245462647 1.40082734644027 0.281183806936097 0.152508260344066 1.8733497726616 0 0 0 0 0 0 0 0 0 0
0.160039260163485 3.6514063821113 2.45395166488023 2.26451177116936 1.15291798967361 1.2917684350019 0.910111250097024 0.729182166032267 5.95855069870199 5.41171871201996 0.852391234499264 0.657082152674831 2.88850759430255 0.0194519935287198 1.54644923840254 2.47643789821794 0 0 0 0 0 0 0 0 0
0.0395639177563513 8.53421811151592 1.67773498587708 1.91112071383959 1.1475908906153 2.46478385452539 0.161456111773742 0.335520977461928 0.0573367632579421 0.340192570051228 0.943706399929366 0.312323156728808 1.06683225568886 1.58535127190222 0.752786722733869 2.55426416693676 3.03183894523406 0 0 0 0 0 0 0 0
0.949940912370627 0.0199535925191645 0.751978330505541 0.0109666248101515 4.32811881090623 0.00134596518761064 1.43312212691385 2.47662937646002 0.938097937428275 1.27880015423342 1.81962305371172 0.884349825691259 3.84318477642857 0.541726967621511 1.67307304358655 1.20013024994991 0 0 0 0 0 0 0 0 0
0.0996564763702452 1.09328740284406 0.275438549448339 1.05407638295033 1.28279368499293 0.396450511509851 3.32609162651611 0.481918234782359 1.59346329215103 1.78930194376535 0.598472109134838 3.60828355072228 0.839246181847416 2.71635814255247 0 0 0 0 0 0 0 0 0 0 0
0.992076174559972 0.935455942656346 0.540941335555948 1.15944241919456 0.568514558001867 2.20805830612927 3.42764607211913 0.135578314001278 4.13176348918902 4.74755388094426 2.17814905074984 0.258026467867677 0 0 0 0 0 0 0 0 0 0 0 0 0
5.96000431888411 1.67291796087802 0.858244106659591 2.28174986156796 0.788671667987442 2.0036486909111 1.82232679320623 0.72760762288576 3.49985864007985 1.71123070230614 0 0 0 0 0 0 0 0 0 0 0 0 0 0 0
2.13885193985836 3.61399013221722 5.31871497063046 0.704565850885789 4.67437834244487 3.71500365443433 1.44304404878401 6.21091423004268 0 0 0 0 0 0 0 0 0 0 0 0 0 0 0 0 0
1.31379527749984 6.51420744307717 0.194186796353785 0.18353647973663 0.144530180310889 2.23849245576391 0 0 0 0 0 0 0 0 0 0 0 0 0 0 0 0 0 0 0
0.173172872683515 1.32043372262004 0.356887696026551 0.983435099758498 0 0 0 0 0 0 0 0 0 0 0 0 0 0 0 0 0 0 0 0 0
1.01090950352906 3.09270643588809 0 0 0 0 0 0 0 0 0 0 0 0 0 0 0 0 0 0 0 0 0 0 0
