0.00693091033938676 0 0 0 0 0 0 0 0 0 0 0 0 0 0 0 0 0 0 0 0 0 0 0 0
5.08806673437532 6.70130855535973 0 0 0 0 0 0 0 0 0 0 0 0 0 0 0 0 0 0 0 0 0 0 0
2.76092036266602 1.51752434051547 1.11665290942769 0 0 0 0 0 0 0 0 0 0 0 0 0 0 0 0 0 0 0 0 0 0
1.14645579281823 6.17952749519747 6.88050827027869 3.94504217417701 0 0 0 0 0 0 0 0 0 0 0 0 0 0 0 0 0 0 0 0 0
1.79467872029929 0.642274250568152 1.15130794936791 5.4330369857352 2.23414140167703 0 0 0 0 0 0 0 0 0 0 0 0 0 0 0 0 0 0 0 0
5.17901391666509 4.65428408202013 1.99992579921424 4.68531592688037 4.40764093404316 6.7819069795848 0 0 0 0 0 0 0 0 0 0 0 0 0 0 0 0 0 0 0
0.39997475056032 3.22462494568852 1.58306719519942 5.86927045840114 1.02741672605403 0.712582040825902 1.01174813360972 0 0 0 0 0 0 0 0 0 0 0 0 0 0 0 0 0 0
1.28281367059284 6.54160088694624 6.26348171128094 5.14983948064002 1.30891342782222 0.884788251817898 2.74328206879897 0.124512866607508 0 0 0 0 0 0 0 0 0 0 0 0 0 0 0 0 0
2.06391079293665 4.48631858479551 2.50449424649879 0.373035027591998 1.54589205447439 3.68336689486406 1.68631690601899 3.11935400138307 3.37748485167959 0 0 0 0 0 0 0 0 0 0 0 0 0 0 0 0
4.69120730533293 2.1761659857052 0.803748065404219 2.40023617502691 1.0876966183529 2.92738516184398 0.360308131449461 1.25368412979789 0.873357393179791 1.07637070909871 0 0 0 0 0 0 0 0 0 0 0 0 0 0 0
1.26118977948852 1.81163908264758 1.46801738274813 6.89085788580613 0.424012621883876 0.916515216900402 1.78821694434356 0.466038827990086 0.772732476227419 3.11640587671839 0.37631895522593 0 0 0 0 0 0 0 0 0 0 0 0 0 0
3.9366887887938 4.27186244523245 5.50489056745979 3.73539970438662 0.480799588582614 0.791072663067963 0.27733804248703 0.186061374351008 2.39931369272116 1.30089474767625 0.159280761134594 0.414708297405636 0 0 0 0 0 0 0 0 0 0 0 0 0
5.80844803536447 4.47694073614848 0.0740301452807168 0.173731122051594 3.24612068705715 0.18954858912115 0.93579697777323 0.147499649375247 0.825770978036725 0.192942100093954 2.82463951174665 7.68752711733793 5.54645142377264 0 0 0 0 0 0 0 0 0 0 0 0
0.949208820581878 1.60392572753395 1.46790978351976 0.597525685870898 0.16364597418246 2.27032809927546 2.05144966665992 0.59631898461228 0.00733250606861763 4.5797817597394 7.93828532285799 4.34706879453714 10.8937258012922 0.228865366139684 0 0 0 0 0 0 0 0 0 0 0
0.815040606114223 1.99729160848585 0.257154673595145 0.546029783585258 4.45273146185557 0.580782167703924 2.13473969833243 0.516832627365681 0.454613696803011 7.3579439418356 3.54979017007711 3.06215139128408 2.25110091400514 0.569928027684568 0.0971184765468689 0 0 0 0 0 0 0 0 0 0
3.23409548783091 0.14612199730985 0.00915597801875826 4.87715819496173 0.585685459995447 1.88055967228435 1.86344477537534 0.0491425810594175 2.7442111909615 4.86228869326065 3.3587609934604 3.27641875711347 1.87111014429428 3.68557032945548 2.21130831792091 2.40488264143441 0 0 0 0 0 0 0 0 0
3.14038300836777 0.727619136709656 0.569322161319406 1.46297474043314 2.96757237430215 0.70481901888596 3.31386690306997 1.20395505673346 0.514099882865817 0.670779073929501 4.30493574410486 1.11384163120409 0.536029924960598 0.932798815805713 0.496146332102097 1.03111865096904 0.860383122255682 0 0 0 0 0 0 0 0
0.718562049320202 0.941896624826062 0.695122628494751 6.52173478139494 9.91424735791874 2.2796081922875 8.05385378348372 1.16117545421203 1.06206335412545 3.32760353491563 1.86686660833303 0.816770135626993 0.49785296132513 1.14843650784271 2.85306033614172 2.09599140766261 0 0 0 0 0 0 0 0 0
1.12207936863251 0.329746956964058 0.869766014913491 0.0118586299558414 5.6959376132595 4.60395474849131 2.40414980930411 1.49875732837192 0.516937855773454 0.708830840487549 0.832566497014271 2.7780642428586 2.51811804043949 0.248687112746056 0 0 0 0 0 0 0 0 0 0 0
0.412348937708177 0.149643141522384 2.42502605145878 5.19141160250654 2.00192947950243 1.98453050424501 3.59022955505842 2.58619566083957 4.46864988858523 4.64788928370539 2.80101441727037 1.60144826146065 0 0 0 0 0 0 0 0 0 0 0 0 0
2.19277550512345 0.662576346392227 0.930135673919431 1.51863964935937 0.507200188429472 5.61143734902303 0.409051191089701 0.234139142799237 5.21730089939297 0.114177551700901 0 0 0 0 0 0 0 0 0 0 0 0 0 0 0
0.651537811137455 0.186798332338575 6.89442658210305 7.98309286899701 11.3977779498162 2.19377475446919 9.56285378343946 4.30685595070789 0 0 0 0 0 0 0 0 0 0 0 0 0 0 0 0 0
0.742690056795255 3.99045999643251 1.45673523743101 1.55596659309991 2.2062613070692 2.01906945263951 0 0 0 0 0 0 0 0 0 0 0 0 0 0 0 0 0 0 0
0.996178582617263 2.32016673617898 7.70281270089189 0.184813328295408 0 0 0 0 0 0 0 0 0 0 0 0 0 0 0 0 0 0 0 0 0
0.483662367747626 4.71214695011609 0 0 0 0 0 0 0 0 0 0 0 0 0 0 0 0 0 0 0 0 0 0 0
