0.0368509378209764 0 0 0 0 0 0 0 0 0 0 0 0 0 0 0 0 0 0 0 0 0 0 0 0
3.86731958654014 6.19505067400062 0 0 0 0 0 0 0 0 0 0 0 0 0 0 0 0 0 0 0 0 0 0 0
4.56402311391497 12.7604190502373 9.64339693296844 0 0 0 0 0 0 0 0 0 0 0 0 0 0 0 0 0 0 0 0 0 0
4.86042155680621 11.220728659772 5.2645150939175 2.95744374377619 0 0 0 0 0 0 0 0 0 0 0 0 0 0 0 0 0 0 0 0 0
4.11129414776944 3.07057807805302 3.78659378424295 2.02857461187477 0.736616911680631 0 0 0 0 0 0 0 0 0 0 0 0 0 0 0 0 0 0 0 0
3.08733518658836 8.56773163163799 9.94562057363463 2.39203711557667 0.314624203029907 10.5792143633685 0 0 0 0 0 0 0 0 0 0 0 0 0 0 0 0 0 0 0
3.26912910801934 9.07752420107705 3.19092310273111 4.16577072840662 1.88777336878103 3.67163869278208 6.89821310812724 0 0 0 0 0 0 0 0 0 0 0 0 0 0 0 0 0 0
2.45533368930626 0.966470247381223 5.06376217829908 4.06313470930857 1.1334609212855 5.31133383981037 7.68825988745309 3.53426810342475 0 0 0 0 0 0 0 0 0 0 0 0 0 0 0 0 0
0.83787155742575 1.57016340518405 1.6175995319193 0.205542435510588 0.381662701857957 0.488207050199101 1.46078007150871 2.15992072989581 0.269483460604063 0 0 0 0 0 0 0 0 0 0 0 0 0 0 0 0
1.12647881207908 0.678534115216426 1.5439081507551 1.0898648917892 2.38857140111756 0.443779992474473 0.225544357592511 2.78483482031989 5.40123800991789 1.84931141831474 0 0 0 0 0 0 0 0 0 0 0 0 0 0 0
0.712132556428142 0.971934656415976 4.72046535904393 4.39100187401242 1.75005833121432 1.27942907419959 1.55337709518074 0.847187882430727 1.78036600107062 2.87441170606933 0.997884107191458 0 0 0 0 0 0 0 0 0 0 0 0 0 0
0.368552140470232 2.67850527238477 5.03299255191629 2.23610536078104 1.53732202550874 3.21420152902644 0.937154638881007 0.378006643133529 4.11239564809991 0.67347059111157 2.13538782334391 0.892413545258613 0 0 0 0 0 0 0 0 0 0 0 0 0
0.925668193931402 7.27468656196625 4.5381357402169 0.784000478371045 2.94157248146843 1.94975863707921 0.291016501077511 0.191814951707364 0.100580221636754 2.91074351563501 2.09340610367212 5.03019707548042 0.607392037896333 0 0 0 0 0 0 0 0 0 0 0 0
2.21645643715622 4.59629109147258 2.84343351629609 3.69839491799363 2.31094691699922 0.660219606308105 0.834261509886117 0.147786397417936 6.23756990539112 3.30342754396274 3.63189257095586 0.290124458406991 0.819158969800022 1.08052672588573 0 0 0 0 0 0 0 0 0 0 0
1.95778630406642 0.704226758235162 4.45004079462549 1.82406315761861 0.530857313738567 0.915208671447498 0.0026623269627257 5.85003629710395 1.0670512449777 0.301550684266888 2.04503559779705 1.19151692949349 2.33427524244074 3.70889394778892 0.311099686960193 0 0 0 0 0 0 0 0 0 0
1.33464395725526 2.92115010769059 3.34493217003525 3.17827879788216 0.358180021848601 1.54989828265748 0.847251531158655 0.200583492061163 0.891908576964561 0.514351613933225 0.889078838462314 1.40414558988587 2.7015173464748 0.0108893236293737 2.87669632000223 1.09768073988785 0 0 0 0 0 0 0 0 0
2.17542381339457 5.90440125135531 1.33303549585976 1.17411097969828 0.322636243958843 0.480596692860518 0.363360272110729 0.136268541801472 0.332185049557612 0.0901767677650873 0.450191202478852 3.39444770998273 0.0508819291607462 1.46901388053569 0.534704424588752 0.0157227262122823 2.27830387031684 0 0 0 0 0 0 0 0
0.30863475377402 1.42780474739518 2.19708411568007 0.266003413857704 1.06154637856392 1.10602271412931 0.622683077980224 5.30497351479173 0.703444552879551 0.710049642138339 7.09097517881944 0.406596612572195 0.178995263598431 1.5895620552487 4.37589019194229 1.88862846633144 0 0 0 0 0 0 0 0 0
3.24575276665713 3.9923560495146 0.0442308394987903 2.70380124148631 1.84527676276949 0.151245487583106 3.11613443683174 3.74651694911427 0.0127753930385269 0.524098676746645 0.121786713736069 2.35845930651871 0.925947589201843 2.03466621793092 0 0 0 0 0 0 0 0 0 0 0
9.14369188577627 0.40846110338349 1.48389864623065 0.606843313378302 2.47175225452289 2.48524640693379 4.0848535488787 0.372211484062887 0.239177847926721 4.69062255555604 3.23248783370806 4.82850399025616 0 0 0 0 0 0 0 0 0 0 0 0 0
2.17379805186651 3.85886645313202 0.753309863938127 3.00372866295385 0.341250055047891 1.74094133648763 0.352773843479049 2.99567787368421 0.878352070621681 1.14817017100431 0 0 0 0 0 0 0 0 0 0 0 0 0 0 0
2.91386145302021 1.84146714293344 1.7706260886418 3.78421865642602 2.95844675853507 1.23481030453151 6.41152032346529 0.0209527494594103 0 0 0 0 0 0 0 0 0 0 0 0 0 0 0 0 0
0.954312681542713 2.68453988938774 4.35696547164764 0.776949995730652 3.15927264699525 0.689895926740563 0 0 0 0 0 0 0 0 0 0 0 0 0 0 0 0 0 0 0
3.99561237766534 3.47083162809903 0.40933350907517 3.0254615178622 0 0 0 0 0 0 0 0 0 0 0 0 0 0 0 0 0 0 0 0 0
0.757777589544755 2.61930951382086 0 0 0 0 0 0 0 0 0 0 0 0 0 0 0 0 0 0 0 0 0 0 0
