0.287638068216402 0 0 0 0 0 0 0 0 0 0 0 0 0 0 0 0 0 0 0 0 0 0 0 0
3.27334900478236 9.05190263880164 0 0 0 0 0 0 0 0 0 0 0 0 0 0 0 0 0 0 0 0 0 0 0
0.389598907308859 0.736841679874629 4.08914328004724 0 0 0 0 0 0 0 0 0 0 0 0 0 0 0 0 0 0 0 0 0 0
5.0092102919736 1.40935334795367 1.63465224724424 8.25936786504712 0 0 0 0 0 0 0 0 0 0 0 0 0 0 0 0 0 0 0 0 0
0.119541568023519 0.295633885484283 0.385136351255075 4.45272408592723 1.07071458628973 0 0 0 0 0 0 0 0 0 0 0 0 0 0 0 0 0 0 0 0
3.08318467894272 9.36474739312541 2.63334498383843 0.564855318805049 1.91772829149044 0.478617894636707 0 0 0 0 0 0 0 0 0 0 0 0 0 0 0 0 0 0 0
5.52539080659562 2.7200832589537 0.399519784997573 5.21920139679109 1.91081038539979 0.360804415637114 2.61221776931904 0 0 0 0 0 0 0 0 0 0 0 0 0 0 0 0 0 0
1.97204029902342 1.50935879715021 2.17259603857234 11.8357563024109 4.83616262500384 0.561003771105792 0.235994499922784 0.0625403008501456 0 0 0 0 0 0 0 0 0 0 0 0 0 0 0 0 0
0.180408064979275 0.259645139351765 0.460132476475204 1.7092388112722 2.27341260917113 1.48998330384269 2.16186094260978 5.7960045071437 1.20801028669176 0 0 0 0 0 0 0 0 0 0 0 0 0 0 0 0
1.38883162060952 5.18297800444591 0.93361544162168 0.296315127887532 1.30959332726429 1.92586445902241 0.700548630846452 0.242615663782885 1.11969924720274 0.873383418153631 0 0 0 0 0 0 0 0 0 0 0 0 0 0 0
1.97599351829766 1.84300476438437 0.929989089906116 0.63694514950404 4.87391599416055 1.10804947494932 1.43537649967759 2.35917168319781 0.235918745182149 5.4295940063807 5.52044339084004 0 0 0 0 0 0 0 0 0 0 0 0 0 0
0.894385028862014 4.5728682678639 2.60981272013041 2.76002871170944 0.186567477096419 1.06546173684794 0.191940502102561 4.49162794573947 2.44686501528589 2.60136586363856 0.829023325209737 0.904469288585223 0 0 0 0 0 0 0 0 0 0 0 0 0
0.429958560249012 1.41048571067131 2.56067527371784 0.0492106819469264 2.86968979573693 0.254313554446793 2.45230988372645 5.02857864234769 0.241002042999871 5.16993353260336 1.52590812746001 0.428920367271334 6.33083288277956 0 0 0 0 0 0 0 0 0 0 0 0
2.73590731376437 0.513269070188333 3.34723631522206 0.900164957689434 3.51507294298723 0.820293393537434 1.985915227361 2.86136634114852 1.79417636314785 1.38333110749346 0.392209434382918 2.53861983841856 0.667130401728133 2.72654600659571 0 0 0 0 0 0 0 0 0 0 0
2.79607599515087 2.15943456539551 1.4770659270922 0.830472002090274 0.778678055674999 1.36994698890349 0.839719925180207 4.54304238009235 3.05774972142353 0.853343745280586 0.0311876746574286 0.56440730220283 3.50252833037676 0.629645369974934 0.941000641033329 0 0 0 0 0 0 0 0 0 0
0.499953020540545 4.0023647748125 0.137413995005992 1.00608031243547 0.272262813775262 0.123576727753888 0.878205927426102 1.73122211824217 2.31815451775136 1.91450604719564 0.704509943423008 0.49290176300172 3.40588526282272 0.0866312087969319 2.66691964991401 0.162799719058914 0 0 0 0 0 0 0 0 0
2.69999730285421 0.531244963673412 1.27081438743952 7.64025909601383 2.68165659581371 0.183454698760715 1.52484195046861 0.465237993291135 4.36625543722277 3.03346741198783 0.181430162797991 3.29545797941517 1.3620658859468 0.842315507285377 3.49582919967317 1.36051412361746 1.82798982605906 0 0 0 0 0 0 0 0
3.62293960316219 2.45616215355692 3.82938648756607 2.03461194961015 0.811668152969622 2.72957096384826 0.866880393672549 0.80218275876875 0.160881962734749 0.495796658856978 1.04295115457281 2.42544365147217 0.457481013200282 0.608709569853013 1.65331873038943 7.40727852718783 0 0 0 0 0 0 0 0 0
0.69740384893617 6.6121859138069 1.91707332209435 0.281370085385506 0.507922932927641 1.83282852191981 3.05168058514909 0.594446074193348 0.85635448881305 2.05195104069296 2.00000007107441 5.70892313874498 0.484728736360336 4.37687626265834 0 0 0 0 0 0 0 0 0 0 0
0.521040913904515 5.62697180611132 4.3872026927622 0.381514467713488 0.178286167661667 1.55740488485593 1.39694897283282 0.776005697310878 1.20782205865884 3.10793058357767 0.477685439322729 0.554477261011442 0 0 0 0 0 0 0 0 0 0 0 0 0
1.61186822728564 1.62726224678176 0.224040170203866 0.927906444907014 0.0816441827694162 0.332484445460369 3.51400588345856 0.508492676928671 0.423402451201233 6.47843514436226 0 0 0 0 0 0 0 0 0 0 0 0 0 0 0
0.495976723703969 3.14333465587257 2.84956851701574 0.344651026186842 0.914920157264942 0.125168620085372 1.9481030279928 3.89342347016046 0 0 0 0 0 0 0 0 0 0 0 0 0 0 0 0 0
2.99346565007467 5.36780577752959 0.389822333668202 1.26522946189894 2.46908097436655 3.22189270769705 0 0 0 0 0 0 0 0 0 0 0 0 0 0 0 0 0 0 0
0.428988380373365 1.1734351088789 0.0144668396288386 2.4109637023867 0 0 0 0 0 0 0 0 0 0 0 0 0 0 0 0 0 0 0 0 0
0.163633968234822 0.373773275690136 0 0 0 0 0 0 0 0 0 0 0 0 0 0 0 0 0 0 0 0 0 0 0
