0.60611320899502 0 0 0 0 0 0 0 0 0 0 0 0 0 0 0 0 0 0 0 0 0 0 0 0
2.74151691123456 15.0410129493514 0 0 0 0 0 0 0 0 0 0 0 0 0 0 0 0 0 0 0 0 0 0 0
2.74163659289451 6.38423430946507 12.026614618066 0 0 0 0 0 0 0 0 0 0 0 0 0 0 0 0 0 0 0 0 0 0
2.94760584087115 7.20957474329052 5.53203074881438 3.22905161169184 0 0 0 0 0 0 0 0 0 0 0 0 0 0 0 0 0 0 0 0 0
0.705085173609776 8.10070576875957 2.66595231435101 0.302161673872189 4.92500030638915 0 0 0 0 0 0 0 0 0 0 0 0 0 0 0 0 0 0 0 0
2.86684048948291 5.40965287944001 1.55593792333218 2.35625942755407 1.16928726463669 0.713900268761867 0 0 0 0 0 0 0 0 0 0 0 0 0 0 0 0 0 0 0
0.772920869602088 4.81007641451756 2.07308680275379 0.478293455931442 0.188613130245053 1.86817518860039 3.26463760349852 0 0 0 0 0 0 0 0 0 0 0 0 0 0 0 0 0 0
3.85647407591275 8.23956613011777 2.64338396833752 0.637859977073255 0.524482511286698 0.28070333582116 5.60632326857147 0.0394227826051058 0 0 0 0 0 0 0 0 0 0 0 0 0 0 0 0 0
1.74306820553226 2.43809689893323 2.35426386828128 2.2431212351994 0.169262698434704 1.2101086153254 3.53589558935673 2.21422533444242 3.93270756445907 0 0 0 0 0 0 0 0 0 0 0 0 0 0 0 0
1.23093234205811 5.85218368168741 2.92621015073034 1.18600892472149 1.40104429850815 0.518951671271723 3.66355852127643 5.21480058265908 2.69223877534901 1.13295846537935 0 0 0 0 0 0 0 0 0 0 0 0 0 0 0
0.905067299208855 6.0569638294269 1.35516129976197 0.109041825594274 1.04051555174688 0.398837647413652 6.63403337887767 3.34972114934586 1.12463621678951 3.66368315670914 4.61759739181618 0 0 0 0 0 0 0 0 0 0 0 0 0 0
0.182310452113239 0.443486918344247 2.47259041074904 0.352741659093405 0.0784721561939594 4.0909236811585 5.48857815501557 2.15807289738579 0.413044252293953 8.38791951080522 0.0804712820871097 0.0781327442381553 0 0 0 0 0 0 0 0 0 0 0 0 0
5.75006259332518 1.28492587397675 1.02148633116473 2.84896405215387 0.832693895783928 1.28833315176229 6.63844456912413 2.06893593203753 3.20096924937301 0.242307850296124 0.658146728785935 5.74481790042332 0.411880743755402 0 0 0 0 0 0 0 0 0 0 0 0
0.369022855855721 1.06289342359321 0.491940732266497 0.0494932176712819 0.0339016558954095 0.703405976708684 1.65036949815742 4.54439554207299 0.228283891450528 0.575730659419305 3.9276465959332 2.33572772031197 5.93226880146218 4.36688113611206 0 0 0 0 0 0 0 0 0 0 0
3.37263904113782 0.794303158615331 2.23681932388691 0.551831231734755 2.8938403545942 0.947592921775787 3.64526016728931 0.0643307530126495 0.150492114210894 2.35177248862085 1.26330015537531 2.55549143838718 1.35869756067407 0.228104842152817 2.21294131226079 0 0 0 0 0 0 0 0 0 0
1.89760667628126 2.33137712381 1.9044348017351 0.309848076855099 0.121859594062328 2.26245631258811 0.175714436167977 0.391262947240616 3.64263754799692 0.918508710559589 3.62633824809821 0.332282077732122 0.0362052140079724 8.69279903354884 1.83904194802082 0.202433223025853 0 0 0 0 0 0 0 0 0
0.050345082421809 1.7047866363712 3.50581421285886 0.995554090002492 4.09639820836092 1.19186962734588 1.2135225190884 0.217096305285102 2.97878859638933 3.80854326520556 0.323177729308304 0.110288377684934 12.8204217077093 0.0821414962063321 7.78572137888177 1.19582279477484 0.688229244968048 0 0 0 0 0 0 0 0
0.926252841941303 1.66571225257969 1.36539742287952 0.377290008854586 0.357132869263055 0.331249116150217 0.268007678605209 3.81187286505293 0.71993844205883 0.301034109036257 0.0541117532438222 3.99047139664075 0.102259128380471 1.55178210923086 1.53602787969987 0.104224436382337 0 0 0 0 0 0 0 0 0
2.52568859519264 4.00785356951929 1.84019573208951 0.0169438492635923 0.192875736137684 1.41611376971749 1.71616494906809 0.860457689472111 0.0999823205355667 0.0119156001994096 9.11111592815724 2.83683612213127 3.13846072309764 3.84752039519443 0 0 0 0 0 0 0 0 0 0 0
0.267819109658488 0.0628400260171997 1.02360733471839 2.11385197036127 5.32015309672304 1.03186771929512 2.31704910000883 0.210143070116663 0.202336994625203 2.73106152472813 0.0992473413807973 2.00958202186856 0 0 0 0 0 0 0 0 0 0 0 0 0
6.11700929606988 0.921861451360267 0.186290116791063 0.0149951476597509 1.48394700490346 0.917033304795235 0.149866940864575 0.230222273978032 1.40826285480353 0.0897213753098136 0 0 0 0 0 0 0 0 0 0 0 0 0 0 0
0.286323647703055 0.749448358773372 0.0109888475456161 2.59141061350163 6.50481513414831 0.569023708180586 0.0945995282646044 3.13105587697381 0 0 0 0 0 0 0 0 0 0 0 0 0 0 0 0 0
0.952328787468348 1.35974375450357 2.42717497149796 6.8954025917789 2.01190571206011 0.637364228174048 0 0 0 0 0 0 0 0 0 0 0 0 0 0 0 0 0 0 0
6.72113797868345 1.18690739863154 2.97037259574856 0.072369976848347 0 0 0 0 0 0 0 0 0 0 0 0 0 0 0 0 0 0 0 0 0
0.0273346473888845 15.4349746973238 0 0 0 0 0 0 0 0 0 0 0 0 0 0 0 0 0 0 0 0 0 0 0
