0.25221988759472 0 0 0 0 0 0 0 0 0 0 0 0 0 0 0 0 0 0 0 0 0 0 0 0
0.670584236907531 10.1282842220284 0 0 0 0 0 0 0 0 0 0 0 0 0 0 0 0 0 0 0 0 0 0 0
2.82927345785271 6.88955117698804 0.468420500357448 0 0 0 0 0 0 0 0 0 0 0 0 0 0 0 0 0 0 0 0 0 0
1.78718061140612 3.10758572894318 1.3663474652031 2.62756769916854 0 0 0 0 0 0 0 0 0 0 0 0 0 0 0 0 0 0 0 0 0
4.94932554217965 1.88436994417375 1.31290441009193 6.40009504845927 2.91859775030081 0 0 0 0 0 0 0 0 0 0 0 0 0 0 0 0 0 0 0 0
1.95813128730432 6.73916894967575 0.694696849432314 3.47402416690728 0.861726855423073 0.686959583423107 0 0 0 0 0 0 0 0 0 0 0 0 0 0 0 0 0 0 0
0.310551588961741 0.177299922344176 1.62137407845074 1.2388585755554 3.06783403261518 1.33042731594005 0.698371028280021 0 0 0 0 0 0 0 0 0 0 0 0 0 0 0 0 0 0
6.51039689095724 0.887370842274622 0.388643844959839 3.93786760936084 1.05661423311332 5.51304664184395 1.99173066252386 5.24561067599883 0 0 0 0 0 0 0 0 0 0 0 0 0 0 0 0 0
2.02580467184272 1.99201737459389 1.26322236926566 3.91656041530963 4.3319613823679 7.94880351616016 2.78384894164102 2.85445591098583 2.83099847898905 0 0 0 0 0 0 0 0 0 0 0 0 0 0 0 0
2.56445148800391 1.97783663948455 2.18406259450993 0.311737050780081 3.59841630319202 1.37522466464354 1.42793047066807 3.27568147820501 1.14887724951582 6.45537663045286 0 0 0 0 0 0 0 0 0 0 0 0 0 0 0
2.82530960580828 4.06055304451037 2.64512823126623 5.40982323277681 0.532937312648585 2.34323167633183 9.02296251928131 1.98739767802497 3.37174737504448 0.255937696974684 0.203113668745187 0 0 0 0 0 0 0 0 0 0 0 0 0 0
1.98641992461598 4.37162395238513 0.035128288432965 3.74329927098496 0.705280906614038 5.04073093356061 1.29223488596506 4.80687529427678 0.745819451235877 0.964507298314459 1.73481899621256 0.702348459942905 0 0 0 0 0 0 0 0 0 0 0 0 0
0.0812995615214092 0.522539650495664 1.7662001201691 1.28306227243049 2.62751377286894 0.0501872883809621 0.759160572863981 0.660057299826859 0.751434287359627 0.863016320463942 1.11392591276099 9.20860266262298 0.708772515629661 0 0 0 0 0 0 0 0 0 0 0 0
2.44422994329113 2.1927795724632 0.045201049583991 0.769571400782927 10.5451205523166 4.43794356002841 0.55147202789543 0.657689660324734 2.52576737453923 2.91005225373014 2.58248408612614 0.838857097062083 3.39042166154638 0.252617452240083 0 0 0 0 0 0 0 0 0 0 0
1.8092851593455 0.364042842069507 1.92089952537886 6.08905836021108 5.05645962697015 0.421135088615638 1.78690155678682 0.397497547022431 1.48630365163873 2.58601912148723 2.23662019458004 3.83607702431412 0.470010898858511 0.351044290868411 3.63337284681278 0 0 0 0 0 0 0 0 0 0
0.262689331724166 2.84251059630754 0.445887456457655 2.73918968942678 0.280977581924984 0.345782548946825 1.27883834739317 0.531944411709136 5.23157810527445 1.40706824797339 0.968816233972263 2.36146966592945 7.37954447192276 0.270449191049161 0.153183463315065 4.18258849293099 0 0 0 0 0 0 0 0 0
2.35834558980116 3.7522564839405 6.38415900409209 1.89805081011075 1.6127071187048 0.600536337628883 1.37705958199348 4.27802741658856 0.212130518166101 3.52585175047182 1.66275482769829 4.26276709519148 3.92189372979566 0.416274839238269 1.07888034655219 1.28000214414779 1.55435401716264 0 0 0 0 0 0 0 0
0.194131638346679 3.22310417492507 3.13276755083575 0.0640357579936186 0.484633392517903 0.998011918082896 2.07046115336056 0.180845635793257 0.0554127330832668 3.30280307235597 1.14253586980386 0.222704678578285 0.494482449677381 0.595395463166191 0.283050118117707 1.22683630762423 0 0 0 0 0 0 0 0 0
4.83410763064942 0.0139069801013773 0.38973239274047 0.188444425703333 1.58203908258096 5.32141624617973 0.50453371839687 3.50131576236259 1.536454454941 1.19621094697899 5.48709949492576 1.48806400265589 3.6518091998721 0.971019108247444 0 0 0 0 0 0 0 0 0 0 0
1.41881017091646 3.34741685092964 3.50186469149376 2.64167362060351 0.0324878512196403 0.847414544324606 1.80444191334788 0.483308456596608 1.5800941297407 3.04856469558754 2.11683783347102 1.79280868958064 0 0 0 0 0 0 0 0 0 0 0 0 0
1.19999869095296 1.86474748287425 0.901508689585805 2.32703016202528 0.397202611197594 1.48716468147056 0.50925092422182 0.477450250457299 0.0919714823086813 1.45303550554789 0 0 0 0 0 0 0 0 0 0 0 0 0 0 0
0.477115546769694 2.60836551413347 3.22471117646922 0.267758780790605 2.23242577961671 0.146647193513654 0.529666493302576 1.89157428387367 0 0 0 0 0 0 0 0 0 0 0 0 0 0 0 0 0
0.476280142596435 7.20226444960194 0.710205626288663 2.256896987733 0.381631373922884 4.54262719299317 0 0 0 0 0 0 0 0 0 0 0 0 0 0 0 0 0 0 0
1.77392148355544 4.13836275683936 1.42442791578122 0.102583764433907 0 0 0 0 0 0 0 0 0 0 0 0 0 0 0 0 0 0 0 0 0
3.89602426440494 3.14649991673197 0 0 0 0 0 0 0 0 0 0 0 0 0 0 0 0 0 0 0 0 0 0 0
