0.19142613272103 0 0 0 0 0 0 0 0 0 0 0 0 0 0 0 0 0 0 0 0 0 0 0 0
6.80812307721932 12.5726722425966 0 0 0 0 0 0 0 0 0 0 0 0 0 0 0 0 0 0 0 0 0 0 0
3.81110998907219 15.7970053625717 9.74055432764378 0 0 0 0 0 0 0 0 0 0 0 0 0 0 0 0 0 0 0 0 0 0
3.01185496555789 10.1664983927916 3.10126240663228 3.6212899218326 0 0 0 0 0 0 0 0 0 0 0 0 0 0 0 0 0 0 0 0 0
1.77000983705593 2.45315011216458 0.582608131295643 4.17026288575404 1.14636155007091 0 0 0 0 0 0 0 0 0 0 0 0 0 0 0 0 0 0 0 0
2.98924336988103 3.24716724648001 6.54772617253784 6.53341053971756 1.16293169877861 1.29175798622231 0 0 0 0 0 0 0 0 0 0 0 0 0 0 0 0 0 0 0
0.0122474570504523 5.1836861538039 1.46563105116443 1.24862453851354 0.0690407810390843 1.28609471283738 0.638880405038029 0 0 0 0 0 0 0 0 0 0 0 0 0 0 0 0 0 0
3.15636216767839 5.83620628353979 5.17497036450226 1.22732676689474 2.14142839009174 0.564117501974448 1.7706957459623 2.23139614608488 0 0 0 0 0 0 0 0 0 0 0 0 0 0 0 0 0
3.52357258546322 4.00035355756436 4.27035701686924 0.409655032564058 0.980027888594412 0.684242709966221 7.59730234302748 2.89711564777639 4.03117271455012 0 0 0 0 0 0 0 0 0 0 0 0 0 0 0 0
0.72637871177883 8.27010989832097 1.83463627519871 3.09683986301537 0.330539526954238 0.393974029568864 4.42235915506167 4.47359813361207 1.3079526513606 2.06599391263555 0 0 0 0 0 0 0 0 0 0 0 0 0 0 0
1.76083092611502 0.527812594994382 2.12552027460164 0.152141431660306 1.564639905382 2.05760217731889 7.28238235701292 5.6022038463361 7.37295906116625 9.61767861002061 6.72741972677448 0 0 0 0 0 0 0 0 0 0 0 0 0 0
0.740307812446454 3.98717680332927 1.49039826857319 1.68980699079379 1.39789723450653 0.463164138134757 0.25417435571614 4.03064573025253 7.25618613316462 0.629502211176322 3.84896277300236 1.50436323626644 0 0 0 0 0 0 0 0 0 0 0 0 0
1.79822480899296 0.381745956911841 2.70840070568655 1.98924026971449 5.12138147338384 0.466982066821025 2.31038196791887 2.41871270500434 0.301291384881069 7.89949415185805 8.57803596998088 0.334304729721402 4.33165201735155 0 0 0 0 0 0 0 0 0 0 0 0
4.178168286041 4.31104142128135 2.23621146624363 1.18134658823564 1.28531367691911 5.52503725433481 0.171355622746864 1.08688042460781 3.31544170131058 1.06551046001493 1.91684340383539 0.900396396724528 0.406589979593914 5.86693869369151 0 0 0 0 0 0 0 0 0 0 0
1.74163700936115 0.784368012927806 0.628638809018253 2.99456433904632 4.45779818870687 0.634612337399869 1.61095600739705 0.523520589944402 4.38137454557329 0.452661908969119 0.874227945218253 0.465383112118376 3.48840153068492 1.02239064173017 2.9762358748545 0 0 0 0 0 0 0 0 0 0
2.08459908293852 5.04561120440434 6.26263689134561 2.81030390574216 3.09050779471615 1.62314269812381 3.25368416090616 2.39707569082513 3.02602159737725 1.79622869144848 1.5458294884103 0.219452453899847 2.69738289366572 3.09513013717633 1.59094413194724 3.49727491942276 0 0 0 0 0 0 0 0 0
1.57147427555034 3.08851199458101 6.01325347056617 4.02934091457922 0.238215926208493 1.46703944076349 6.50667958640139 0.879028729755577 2.11190303285968 3.34530232671038 8.32544238814632 0.438206117906403 4.66841996666326 0.224568463954337 8.77974197051694 5.64490557837599 6.46421505185698 0 0 0 0 0 0 0 0
0.322411773566405 5.59627786140392 5.12793583499 2.12863162902977 1.6339991172241 1.97323193094426 0.927590648873195 3.60506353852307 1.12365827867881 3.03206408966198 6.92879851217943 4.07317481885147 3.86909807115206 1.56358800923587 2.49397145610853 6.46568931263333 0 0 0 0 0 0 0 0 0
0.615051772309382 3.95710993687862 0.746775496445031 0.577044644547735 0.588270344429175 0.536190836552152 8.0151751376408 0.643174974457733 6.6467678975913 9.35664758057062 0.977075348382973 1.15888952038537 3.88776059440016 0.274998045780114 0 0 0 0 0 0 0 0 0 0 0
1.03298671174887 3.38127636516327 1.02893756057805 3.64062463026239 2.50639452219381 0.29308707587586 3.76551359546074 7.37785694844852 2.62109932207845 4.41266711621081 3.14238657872078 2.97387086597894 0 0 0 0 0 0 0 0 0 0 0 0 0
0.893513267469054 4.5329741464333 3.26652051367848 2.69790342218872 0.850595169589 0.831938095069285 8.14578243499594 6.73725134038699 3.65308137408862 5.6720194919654 0 0 0 0 0 0 0 0 0 0 0 0 0 0 0
4.874905674335 3.34597121662867 3.46497526750613 3.55732354996432 2.19267091383251 1.08956463320535 5.84100019193524 0.111785861065442 0 0 0 0 0 0 0 0 0 0 0 0 0 0 0 0 0
0.88033613593233 0.183700809012941 0.114049737086769 0.957755765915753 0.788437044584601 0.297525618046041 0 0 0 0 0 0 0 0 0 0 0 0 0 0 0 0 0 0 0
1.56413997679063 1.25050352608221 1.02330356841506 0.00108749381997691 0 0 0 0 0 0 0 0 0 0 0 0 0 0 0 0 0 0 0 0 0
7.96169973277697 0.538610313709521 0 0 0 0 0 0 0 0 0 0 0 0 0 0 0 0 0 0 0 0 0 0 0
