0.0545792703976427 0 0 0 0 0 0 0 0 0 0 0 0 0 0 0 0 0 0 0 0 0 0 0 0
5.01973262365782 7.82245735306112 0 0 0 0 0 0 0 0 0 0 0 0 0 0 0 0 0 0 0 0 0 0 0
4.60497649591276 12.9734130411078 1.41531187833895 0 0 0 0 0 0 0 0 0 0 0 0 0 0 0 0 0 0 0 0 0 0
4.0125879306588 0.251966012500182 7.24126736165327 7.47080927733879 0 0 0 0 0 0 0 0 0 0 0 0 0 0 0 0 0 0 0 0 0
1.80982958750987 0.524410957228609 0.538459658973894 0.39572049777881 7.74178708098901 0 0 0 0 0 0 0 0 0 0 0 0 0 0 0 0 0 0 0 0
2.96357373368375 7.01801280600497 7.24171546066205 4.70534045827979 2.94570011168337 0.561280063042042 0 0 0 0 0 0 0 0 0 0 0 0 0 0 0 0 0 0 0
4.4858561856739 13.8089152142847 13.6905293644481 7.13293463336975 0.0427926689447681 4.07832945146396 0.087555824767336 0 0 0 0 0 0 0 0 0 0 0 0 0 0 0 0 0 0
8.01556648844143 14.1747098187131 9.38579507735811 0.591771843687819 6.69523421803607 3.59884622272885 1.47581629702493 5.04913955765164 0 0 0 0 0 0 0 0 0 0 0 0 0 0 0 0 0
4.5906519321728 5.3938471766233 2.20536361030176 0.388441672561028 0.87943848674793 1.05579799408767 0.902828824154918 1.34071618052447 1.97352306888132 0 0 0 0 0 0 0 0 0 0 0 0 0 0 0 0
5.40907105470969 7.17260833945672 0.686836565406722 0.653912956925288 4.77661154022206 0.682840747737517 5.09594783476212 2.26420565940694 0.988749770914979 2.992563174152 0 0 0 0 0 0 0 0 0 0 0 0 0 0 0
1.6971901460003 0.223044289704972 1.07113848956011 0.196177841275854 4.00087585996425 1.33839031231183 0.986310776931382 1.95047881670732 3.00652658849315 2.40445980742868 1.94439692310916 0 0 0 0 0 0 0 0 0 0 0 0 0 0
1.66250061651674 0.0947480035599527 1.35409180190684 1.50013642475237 0.718503428362686 0.239854573172108 0.218730347803053 1.24690571143131 0.879402329424855 0.982956823974665 0.947510332504019 0.885968160176325 0 0 0 0 0 0 0 0 0 0 0 0 0
0.114676964621484 5.37099149341702 2.05045368493827 1.54113629523161 0.394828310921802 3.26468492162044 1.984605617262 6.59123316222038 0.650191940687737 4.63515278119577 0.923116374431869 1.99705042779302 2.21127246780032 0 0 0 0 0 0 0 0 0 0 0 0
2.94597583278331 1.76329200146072 0.439651772251596 6.64088836888886 0.142203610443887 0.229168123480033 1.51532928276894 3.09727424352874 0.561486654502321 1.38675317958674 4.59383360619676 0.521737284230792 1.21439908531479 1.26256971616701 0 0 0 0 0 0 0 0 0 0 0
1.98606480317425 1.69882889781548 3.42099846574766 0.276823055618482 0.0484783413516249 3.23505182381841 1.75729663109952 1.76144546301311 1.67362216673063 4.14860605937145 0.182933568605179 2.66229237530394 1.34194551027055 1.2388277817474 2.34804433310366 0 0 0 0 0 0 0 0 0 0
0.801272084241543 0.906028813970599 0.841049836658545 0.0271680040556529 6.81896245609049 1.79058454763945 1.7374768677058 0.0497645640752499 2.79124011334721 1.04819892770114 2.15129660787831 3.48451037439336 2.62747117159039 2.37384371401587 1.44042671851259 0.0611625317894715 0 0 0 0 0 0 0 0 0
1.20029721335373 2.75704525415339 2.90655573758742 4.21097332481506 1.01535787503396 6.21452236257631 0.825271060595848 2.70608891577601 1.00569836727513 3.17169849353841 2.63096322219276 0.0173823469271566 2.46991336803704 0.631992722681962 1.97969440778711 2.34274382833968 9.87624846482387 0 0 0 0 0 0 0 0
2.52155318073587 4.74426563658087 5.82370255221937 2.9562492835773 3.62693298947733 1.54950045177371 5.73023640363246 1.12258280780458 2.10188646694685 2.29247507724218 5.52962471962996 2.46848696898371 2.18662559293 0.512853969865763 3.46636645158308 3.406498519383 0 0 0 0 0 0 0 0 0
0.0224693531443937 5.18859669351681 0.463135353596106 2.84343998701711 5.76858957419192 0.629901372038965 0.806968277461357 2.47466679647582 0.0102460154701366 1.66060318198528 0.305580468969068 0.0752602484981839 1.73962058042821 0.888716000093879 0 0 0 0 0 0 0 0 0 0 0
4.13897455198558 1.95549082740905 10.9012389718796 6.13274733563505 0.254493628141678 0.269932437122222 6.53869368595794 1.5866987121202 3.41428248094307 4.97249844238427 4.6961360581849 0.97743883030666 0 0 0 0 0 0 0 0 0 0 0 0 0
0.325958785847336 9.09364780799346 1.29974806613682 4.06196417575213 0.734033741363377 3.41287341205611 3.00668099962759 8.15960061165067 1.25304706457618 5.92192826373912 0 0 0 0 0 0 0 0 0 0 0 0 0 0 0
4.40859979787838 4.72491380828479 9.70597877550526 2.57863460818693 2.38859932709906 3.87562394342369 6.56526422930926 2.08264251874191 0 0 0 0 0 0 0 0 0 0 0 0 0 0 0 0 0
3.77313465931731 2.30905916917618 0.129522174286687 6.37396280393688 3.48462408334776 0.941604103136173 0 0 0 0 0 0 0 0 0 0 0 0 0 0 0 0 0 0 0
2.10197552364556 1.57576577079767 7.30650533129829 5.51083880196968 0 0 0 0 0 0 0 0 0 0 0 0 0 0 0 0 0 0 0 0 0
0.240356437186203 7.129105174067 0 0 0 0 0 0 0 0 0 0 0 0 0 0 0 0 0 0 0 0 0 0 0
