0.0152275828115829 0 0 0 0 0 0 0 0 0 0 0 0 0 0 0 0 0 0 0 0 0 0 0 0
3.06191845418732 7.05520303423564 0 0 0 0 0 0 0 0 0 0 0 0 0 0 0 0 0 0 0 0 0 0 0
6.04715425326269 0.925666210962205 0.886120395054305 0 0 0 0 0 0 0 0 0 0 0 0 0 0 0 0 0 0 0 0 0 0
1.73372653757119 2.45667181885529 0.0170046328974645 1.54063857713015 0 0 0 0 0 0 0 0 0 0 0 0 0 0 0 0 0 0 0 0 0
5.65399889784649 3.53233707965429 0.545931671618228 0.617230538483635 0.322191437095761 0 0 0 0 0 0 0 0 0 0 0 0 0 0 0 0 0 0 0 0
4.45188045736225 0.27866907579324 1.74304065714097 8.44449472081205 6.00997405354204 1.2876583353188 0 0 0 0 0 0 0 0 0 0 0 0 0 0 0 0 0 0 0
0.897911127924081 0.0467675643909284 3.48006837372339 7.03778567453529 7.85199817103928 2.53071917958843 6.89770848229072 0 0 0 0 0 0 0 0 0 0 0 0 0 0 0 0 0 0
0.408687913911217 0.456084796990739 5.41532197297183 9.07986105854116 10.6133452127 3.46733866843689 0.247969478325522 1.78712747006575 0 0 0 0 0 0 0 0 0 0 0 0 0 0 0 0 0
0.291806431972108 1.25492065960098 5.00892242948688 9.1341468164029 0.467074668100293 0.87283949038591 1.09698808176034 4.8695453084914 4.84901098535917 0 0 0 0 0 0 0 0 0 0 0 0 0 0 0 0
0.586144339852747 1.66557400181636 3.01001957685505 0.376237751183981 2.62903561569355 0.434354043373645 3.2240812043109 4.75937486706339 3.19741329066096 3.93595680491142 0 0 0 0 0 0 0 0 0 0 0 0 0 0 0
0.206659784443611 1.06674991628819 0.640037035536161 0.0249578698998838 2.71491469455576 3.04637704157459 2.62933876671548 4.55922658874158 5.16799112009056 2.80979214220177 0.283731377950354 0 0 0 0 0 0 0 0 0 0 0 0 0 0
0.461172932454453 1.19922558588945 5.64130152199354 0.434548092556327 4.28395279087478 0.880581860651912 2.93138098571756 5.54318037070591 4.013077307005 0.594033283881455 0.575704215040481 3.3861773896419 0 0 0 0 0 0 0 0 0 0 0 0 0
0.870361485658799 0.661891849578255 2.12750414402414 3.07123186938715 4.11991075504038 1.55979712971596 6.736535198201 2.20889695727765 0.967136500717072 1.54712849497658 2.66125734355049 3.59327916737645 2.98316097139223 0 0 0 0 0 0 0 0 0 0 0 0
0.110629695005148 1.6732237137975 0.759596561880713 1.58404645770305 0.640113633933062 2.08986879018999 0.0531636804013392 3.19466592683598 5.06328256075794 0.0115535174036273 0.531244353628215 1.09717795477581 1.05728218591208 3.86382596567019 0 0 0 0 0 0 0 0 0 0 0
3.63579672100717 8.31475870599927 9.63915845958142 4.06605399894009 2.30901385022265 0.780663398626467 1.87502413685064 2.81210468765628 2.41045597356567 3.12411101703071 0.187773942577034 1.18106880311836 3.22776237519853 2.96604731181667 0.155195453120969 0 0 0 0 0 0 0 0 0 0
6.97542118843224 10.025207314236 5.65577098085833 1.67934234314693 2.04827556727955 0.478119862398391 1.40416516837925 2.57306193301218 3.12050372194154 0.690734997083377 4.57890403641595 2.51393819356165 0.0939126094110851 1.12802658578737 0.236320882490356 3.55393189979554 0 0 0 0 0 0 0 0 0
2.94685705759906 2.68546488474224 2.14895699132679 0.257409816526548 0.876096299703808 0.29694544178929 0.345444735232469 2.07201388505691 0.592453736452548 5.11956398411145 3.17308645951457 1.03071288654103 1.95142058265358 0.970697011471485 4.10236323304862 9.07401699144564 5.32270465024417 0 0 0 0 0 0 0 0
1.73751399456613 0.736880856291489 0.563770654759409 0.151848919617305 2.25320448990766 1.26874204719738 2.42852580337931 1.6017266944904 0.872095764825522 1.24789556408051 1.44206726134159 0.699912401455442 0.336717057523307 3.85776248472181 1.63254548216879 0.133141845862877 0 0 0 0 0 0 0 0 0
3.05439105307948 1.87975283716654 0.995893125297726 0.968846477509094 0.848048974532687 0.923949675451725 3.8063242574881 0.417328351838404 0.659744188097688 1.33341637272761 3.71675205780061 1.1072804702318 3.85792079502252 2.41201393032836 0 0 0 0 0 0 0 0 0 0 0
1.82427843763319 1.16828754289348 1.41530722042554 0.637569927659788 0.0603394045943618 0.0797349613633642 1.68208617285964 0.00303180515032828 0.633787298569051 1.91817321039007 4.16963956531198 13.0413400258101 0 0 0 0 0 0 0 0 0 0 0 0 0
0.663872012269308 3.65205763551367 0.313766853475405 0.492521048878283 0.283128057799646 0.540701834777065 0.171568744452605 0.961646476978781 1.48576446131784 3.47497314101791 0 0 0 0 0 0 0 0 0 0 0 0 0 0 0
0.827664882371545 2.26310268309942 2.16904537775125 1.27249971270568 0.927148568381743 0.341622647758462 5.44919052893007 0.525228883003976 0 0 0 0 0 0 0 0 0 0 0 0 0 0 0 0 0
4.32567254317392 2.97241058712921 6.94582720346752 0.381906149708367 4.34736261108601 2.85538434582888 0 0 0 0 0 0 0 0 0 0 0 0 0 0 0 0 0 0 0
2.68123838145255 5.57675045125902 4.42427532097472 3.21627838617496 0 0 0 0 0 0 0 0 0 0 0 0 0 0 0 0 0 0 0 0 0
2.14131217381974 0.356983028028681 0 0 0 0 0 0 0 0 0 0 0 0 0 0 0 0 0 0 0 0 0 0 0
