0.172335005322021 0 0 0 0 0 0 0 0 0 0 0 0 0 0 0 0 0 0 0 0 0 0 0 0
6.31192765107512 12.9848838319265 0 0 0 0 0 0 0 0 0 0 0 0 0 0 0 0 0 0 0 0 0 0 0
5.3770651677666 18.8064991338569 14.3512836198434 0 0 0 0 0 0 0 0 0 0 0 0 0 0 0 0 0 0 0 0 0 0
6.89065290775886 16.7875831794378 7.0762263295252 7.24173176524883 0 0 0 0 0 0 0 0 0 0 0 0 0 0 0 0 0 0 0 0 0
4.4149405902657 4.98764344917275 5.39727034305406 7.42611374690112 2.21531439937443 0 0 0 0 0 0 0 0 0 0 0 0 0 0 0 0 0 0 0 0
4.78794784808091 14.9867451175226 13.9113096048096 9.85187762409576 3.93475901292573 8.80543634007403 0 0 0 0 0 0 0 0 0 0 0 0 0 0 0 0 0 0 0
5.15634221963958 15.1966725269604 7.34911744302957 7.75667935450255 3.09594672280159 12.9100909968296 13.4165872991866 0 0 0 0 0 0 0 0 0 0 0 0 0 0 0 0 0 0
7.99319262468847 7.71228374305576 7.14847805930026 3.94771064606459 5.96930658141042 14.8697845413995 10.9466788649532 6.7701867679377 0 0 0 0 0 0 0 0 0 0 0 0 0 0 0 0 0
1.72097163704504 6.09365110315713 1.39971609428802 6.02630523498634 4.55435409172368 5.52938265220007 4.17456438885051 4.03411843189873 13.2746893252501 0 0 0 0 0 0 0 0 0 0 0 0 0 0 0 0
3.93593980504463 4.03272226266272 3.00366467118427 3.41829883786857 0.820080282601958 0.731271452739614 4.08143741480775 3.59213107930161 0.475625476977476 0.723844781825158 0 0 0 0 0 0 0 0 0 0 0 0 0 0 0
0.170824208263703 7.78626224773951 6.37875480261661 5.43899529882623 2.70994421196167 5.09973979428886 9.29137462378091 2.56986848308484 0.967983359398243 0.7440026687106 2.41989971443858 0 0 0 0 0 0 0 0 0 0 0 0 0 0
3.22226789419912 12.1043203234445 8.30470576690745 4.27513640090003 1.90128514576516 11.5797428283912 6.68681285118713 4.41913112897292 0.888841168698686 2.38199209142808 0.291897159829073 4.61974416247981 0 0 0 0 0 0 0 0 0 0 0 0 0
4.48927152648375 4.62394398154055 3.5485270389106 2.78143037475985 11.1366476472197 2.55480744681476 3.19219144425527 2.57990325171858 2.27658045971241 1.42729892418138 1.25704149905634 0.770924114599493 0.212263094550623 0 0 0 0 0 0 0 0 0 0 0 0
6.56023085013415 9.03114391472891 8.6415879490265 13.280465410889 1.74632504534511 6.28498600146626 3.92299339943376 0.982244704952287 0.841372859466489 0.138862434663705 5.09918584702372 5.48862057348704 1.13167765546668 1.13042657526714 0 0 0 0 0 0 0 0 0 0 0
5.35870542748337 7.7579200974091 13.0477787241477 5.78284314484528 2.81088759154855 5.75805964979062 0.370378315707923 4.64548566774314 0.353977783356071 0.886636828357809 3.17740955734211 7.89372950903728 0.272969386959058 2.69526955040252 0.0138470371562004 0 0 0 0 0 0 0 0 0 0
0.858443085613539 12.0617195384378 4.81605563899201 7.47377968038012 0.378825124413354 0.457861645767145 3.15201331985261 1.36721706350894 2.48669919960717 7.52342148759913 4.27021976353019 1.37031548762592 1.58248274395001 0.132899766132997 2.18770737609883 5.23628023551108 0 0 0 0 0 0 0 0 0
1.51393393740777 3.13307091102434 2.05074739006255 0.18931645564259 5.41406694728497 0.474535405306652 0.253628060539093 0.445200662832004 1.00653436125089 0.155373398868091 1.60388211950168 1.56587084798386 1.15594405583574 2.25779167401494 2.07844528860653 1.01209356853409 2.50117444254673 0 0 0 0 0 0 0 0
0.966724767658102 5.52593892239417 4.82328596627162 1.15488533728932 0.514900677995963 1.0643416257468 5.34818600588609 7.67096858364473 1.24845467240636 0.464774661806377 2.00491540616288 0.0702541579312776 2.15627425333715 5.69066265888178 4.03488677929762 10.2244617414114 0 0 0 0 0 0 0 0 0
1.6039010854242 6.48521553582674 0.499039524950254 5.87783981139939 0.214768276526881 7.36062223213055 1.74095225978929 3.13472007576196 1.12171600496842 4.11759325767302 1.58870526185594 4.221678733541 3.06093983653287 5.14289768942876 0 0 0 0 0 0 0 0 0 0 0
0.371512830144264 1.40591033050796 0.554823620559565 2.53617938963952 0.828932416349109 3.53532858205443 8.81293151080923 2.46725689982937 4.36165477561822 2.39293331594145 4.90296220801814 0.0131544307234721 0 0 0 0 0 0 0 0 0 0 0 0 0
0.561627568603314 1.87396805843698 2.38197087085277 3.65647329043463 2.32079037738874 1.61134060449761 0.625039678763519 3.89661058349231 2.15458737180559 4.83405452349844 0 0 0 0 0 0 0 0 0 0 0 0 0 0 0
0.474558226452823 0.678577833260888 0.433874778532211 2.89080310389578 0.553849849156249 0.478510249776523 1.60259885666377 3.13211120302466 0 0 0 0 0 0 0 0 0 0 0 0 0 0 0 0 0
0.876371547193146 5.51987378050133 4.89618547364518 0.334349721590162 1.9025612510009 2.30342261752377 0 0 0 0 0 0 0 0 0 0 0 0 0 0 0 0 0 0 0
3.74026105627411 8.74135055830513 5.69484975057896 1.6064426770731 0 0 0 0 0 0 0 0 0 0 0 0 0 0 0 0 0 0 0 0 0
4.45412018655627 0.681448245001669 0 0 0 0 0 0 0 0 0 0 0 0 0 0 0 0 0 0 0 0 0 0 0
