0.0837002576508507 0 0 0 0 0 0 0 0 0 0 0 0 0 0 0 0 0 0 0 0 0 0 0 0
6.39229255183419 10.4132921353637 0 0 0 0 0 0 0 0 0 0 0 0 0 0 0 0 0 0 0 0 0 0 0
5.41864461803035 17.3205353968219 13.4732868262015 0 0 0 0 0 0 0 0 0 0 0 0 0 0 0 0 0 0 0 0 0 0
6.4275811111777 15.5240312825358 7.31828207298088 5.84244876359034 0 0 0 0 0 0 0 0 0 0 0 0 0 0 0 0 0 0 0 0 0
5.15476378215114 4.51730588072113 4.70585458568441 3.10104713915143 3.10006687229407 0 0 0 0 0 0 0 0 0 0 0 0 0 0 0 0 0 0 0 0
3.74819845833126 11.6441848317238 11.7838751400536 5.41274043682821 3.8985158277614 3.54309218889598 0 0 0 0 0 0 0 0 0 0 0 0 0 0 0 0 0 0 0
4.38888017362003 9.89590632692813 5.73297174197402 0.59999965059376 0.887799537285947 2.90748229488568 2.78889118577738 0 0 0 0 0 0 0 0 0 0 0 0 0 0 0 0 0 0
1.00878231314843 2.58852706902859 1.83299376232296 0.843803228242666 0.840676854743011 4.2954486720509 6.151573260289 5.81101074079252 0 0 0 0 0 0 0 0 0 0 0 0 0 0 0 0 0
1.52933613616474 1.25818843101656 0.278817471946583 5.86766006799438 4.96017486312262 5.98643684879709 3.03984155939843 2.49031751366649 1.89893153670138 0 0 0 0 0 0 0 0 0 0 0 0 0 0 0 0
1.49428682478434 3.33010736891907 3.32060678190715 7.66834790898298 3.18930741947604 6.83223447909228 3.48878354667255 5.14545137957273 9.14707896828575 3.42750553996553 0 0 0 0 0 0 0 0 0 0 0 0 0 0 0
0.879987733977751 0.806997268272951 3.87764428883586 5.57399407163437 8.62918578500664 3.25671904122603 5.70803497855341 5.86944011216904 1.07260412572224 9.31813302525048 1.47069375366658 0 0 0 0 0 0 0 0 0 0 0 0 0 0
0.598961724081473 3.28431652368719 3.76883744626099 3.00298273529682 4.85232133420859 1.72913094402528 1.79112652368775 3.09475281403573 3.73113965435608 1.14553402797404 2.6804317458812 0.67093135060762 0 0 0 0 0 0 0 0 0 0 0 0 0
2.64683699076302 3.01100063016674 2.41984203124652 3.30809193939465 6.51570744611774 6.02695924133845 1.34092866598507 3.88138576794657 4.34382120181844 0.959831222337767 0.307020264006969 4.1502294329261 10.9437715604561 0 0 0 0 0 0 0 0 0 0 0 0
3.56890095696465 3.66956201622739 7.56452753217883 8.11468756563272 4.63058100987906 6.31257329767703 3.08065113115718 0.568088537936802 0.167065054874252 2.14050165045101 3.41592410113526 1.90371915574771 1.52225724126626 0.795024451264944 0 0 0 0 0 0 0 0 0 0 0
1.88095801936584 5.82636325130531 6.2933634026527 7.09724044743332 3.20937666720086 4.7677757226777 3.23461869275899 1.8219879227414 0.96119260435639 5.48942281860094 7.51168366007118 2.90714354533765 0.647564702955717 3.89033863999586 0.904379756821473 0 0 0 0 0 0 0 0 0 0
0.305583347694979 4.57993647822467 3.01532190848078 3.0695675451113 4.32980138495936 4.60085059159119 1.19805873549315 1.3463748896813 0.498131504966124 5.18081609644779 3.03399512462091 0.0935497694466023 0.956158159341813 0.401373571601394 3.78007460821264 0.946872585157086 0 0 0 0 0 0 0 0 0
2.02047936135862 6.91755202618051 2.41731667756655 3.11540900052654 2.29712750718159 0.370515516444 1.21168010181101 0.880162585178933 7.15864312204664 1.0067634438019 3.86868834547285 0.860851164732952 7.03885355693819 1.73285408909578 0.666511499943819 3.79307280274728 5.00669731919401 0 0 0 0 0 0 0 0
1.70374655339671 1.32326622850021 3.35402248731321 4.63281964011798 0.982127922621693 2.07440756025286 1.15361713140947 5.87487876471654 1.1139936600682 0.858835590877185 1.72684571789413 0.875722368826432 4.43667338689168 1.84664705182983 1.70365950416193 2.63939711072507 0 0 0 0 0 0 0 0 0
0.68407566851855 6.01047232422212 4.8022327448009 2.13658125692339 2.99056722263756 2.84043788796933 11.2674129504826 3.24676224151158 4.80770940587441 2.00377358669414 1.68072254385797 5.00780256838016 2.60063321346028 10.1583209121463 0 0 0 0 0 0 0 0 0 0 0
3.2697623870716 3.58756706563608 1.70131391382519 1.24450927543035 1.918919162756 9.13447425178437 2.94255873564008 1.34210969556412 1.21205633830266 9.67266315654795 5.27639942843789 0.925372479848413 0 0 0 0 0 0 0 0 0 0 0 0 0
0.533008987591117 0.563254422492447 1.43562503606328 2.11232642548519 5.05717159099876 1.42403372838072 2.36267725686673 0.296367329321808 0.163484159467034 0.65292905691939 0 0 0 0 0 0 0 0 0 0 0 0 0 0 0
2.63499524221234 1.11437746302575 0.237004449748805 5.08232542711862 1.8890135134398 0.1719342505258 0.311018506768709 10.6318156404133 0 0 0 0 0 0 0 0 0 0 0 0 0 0 0 0 0
0.00807857107639014 3.58338585545997 4.1109235468867 4.11317251045893 1.27594940808438 1.11411496540358 0 0 0 0 0 0 0 0 0 0 0 0 0 0 0 0 0 0 0
1.09005030029393 4.11515242081235 5.43719315156515 5.13877800873287 0 0 0 0 0 0 0 0 0 0 0 0 0 0 0 0 0 0 0 0 0
1.73137687970283 2.70938600418311 0 0 0 0 0 0 0 0 0 0 0 0 0 0 0 0 0 0 0 0 0 0 0
