0.0595528386607758 0 0 0 0 0 0 0 0 0 0 0 0 0 0 0 0 0 0 0 0 0 0 0 0
5.28026572299745 8.82672602946818 0 0 0 0 0 0 0 0 0 0 0 0 0 0 0 0 0 0 0 0 0 0 0
5.26151538390622 14.1537470462103 9.19143629431922 0 0 0 0 0 0 0 0 0 0 0 0 0 0 0 0 0 0 0 0 0 0
5.96097321555833 13.1064808514782 7.49930364729464 4.31504769988614 0 0 0 0 0 0 0 0 0 0 0 0 0 0 0 0 0 0 0 0 0
3.91293352642441 6.22082979960458 6.92600288376144 4.35685111105529 0.293069462972918 0 0 0 0 0 0 0 0 0 0 0 0 0 0 0 0 0 0 0 0
4.58097462406153 11.0498376598291 3.25866313851417 2.01535330900483 1.52395036973579 0.167708838627176 0 0 0 0 0 0 0 0 0 0 0 0 0 0 0 0 0 0 0
3.76625727864932 3.25990189938685 1.69936287080945 1.78637790439815 2.49195425180333 0.0178879568536409 1.43168544527409 0 0 0 0 0 0 0 0 0 0 0 0 0 0 0 0 0 0
1.54012292927019 9.61965944971903 4.65621427645654 5.11791577582063 0.25640992237285 3.72534995630918 1.13965717811138 1.08621056120538 0 0 0 0 0 0 0 0 0 0 0 0 0 0 0 0 0
2.69059839973264 4.09365655503567 1.94739703018926 1.02127343162518 1.79171379231471 2.76117868934327 1.14830540593541 0.699579583966984 0.579688878639348 0 0 0 0 0 0 0 0 0 0 0 0 0 0 0 0
3.11182570794376 5.78474659064963 1.24298511163298 0.746424262396293 0.221282397251055 1.95726860321198 0.838728542600712 1.96409554611486 0.310223007689199 0.746869128017591 0 0 0 0 0 0 0 0 0 0 0 0 0 0 0
3.66308825168907 3.2948381370539 1.23654145841634 0.567085135776511 1.06473519973523 0.878481954189235 2.01297866569971 1.67526620527502 2.82807393209531 0.466598062768302 1.03362566096443 0 0 0 0 0 0 0 0 0 0 0 0 0 0
2.13136160028672 4.14281467805135 1.10744700565818 1.30496272612818 0.186508118974584 9.67632481377278 0.262177508598697 3.90857889006257 3.5735541051687 0.723731751538463 7.68178636360513 3.57166044691812 0 0 0 0 0 0 0 0 0 0 0 0 0
1.56240700365809 2.40048637036236 1.17188135583859 1.3617154636372 1.88363510549517 1.934103473782 2.72834073721038 2.18103399340734 3.56110520126323 2.38800169298261 2.82300267863938 4.37551170258469 1.46268551029397 0 0 0 0 0 0 0 0 0 0 0 0
0.726737258322098 0.112748154017737 0.584402365192608 1.75507536147622 1.31541534064154 1.79038917673969 1.321222306711 4.59732643271151 1.59465774420475 5.21714590771985 1.47316397185833 1.28460395119121 6.36697052471067 1.37607558271462 0 0 0 0 0 0 0 0 0 0 0
5.13674641943404 1.22940820740962 3.48309485354727 2.31037952673972 1.21744526674336 1.45037821419482 0.00281423392643451 0.129183218703732 1.62002660688984 3.8093262345772 0.0585942526486797 5.84964241057822 2.91143101246572 8.2155065277849 3.96704417977593 0 0 0 0 0 0 0 0 0 0
5.63272036407915 1.95429621296011 1.14503260141322 0.763495464934363 0.134082599472251 0.657115836782497 2.92636733985879 0.145537947738278 3.43894194628036 0.306357847143208 2.75975408766472 4.5790937777024 3.89771069177543 3.35581881064076 5.50196867148176 4.35999020303421 0 0 0 0 0 0 0 0 0
1.08790917461751 3.10313889885255 1.1678424121309 1.6011004065405 1.82984157676206 3.03306898000714 0.494244901182768 1.80814990686686 2.31100288538429 0.209106412772033 3.54449056359881 2.68500615021814 4.19313940140664 0.497627703892747 4.38246251141634 5.22337050723658 1.30938065781286 0 0 0 0 0 0 0 0
3.81545836870168 0.0779398216654193 1.57817673677859 0.560035677808938 1.13980233881855 0.314453497998761 0.513276241060696 2.41301387215769 0.67462763929885 1.28719390041156 3.28786952298759 0.0574016237669092 0.197241840625293 0.178130530133395 3.90278624968349 0.203883409183892 0 0 0 0 0 0 0 0 0
1.54991335799406 1.09292657891149 2.54243181427757 1.335446658988 1.09957892351852 0.422389912618327 1.38819198697133 1.0297478550162 0.480811684945611 2.695940860167 2.320496065784 8.30953702368232 2.97729475600314 7.82789621393902 0 0 0 0 0 0 0 0 0 0 0
6.53997909298767 1.35331989827255 0.151429938150382 1.72669315460016 0.569715446941233 1.07227314753983 1.56830286421078 1.57326062222194 0.870987098885306 0.0902111816728484 5.58822009580455 1.30444374625445 0 0 0 0 0 0 0 0 0 0 0 0 0
1.2213780425292 0.0590375603331743 0.935968945143624 0.416398106440711 2.77997067602611 0.949361426761663 2.15889909212274 0.49545996524453 0.686699188714558 3.30990823246521 0 0 0 0 0 0 0 0 0 0 0 0 0 0 0
0.454653054512657 1.23256965986533 0.132868173181419 2.05879623475652 0.164104522978617 2.56344252972755 4.54424988787577 1.6085954344689 0 0 0 0 0 0 0 0 0 0 0 0 0 0 0 0 0
2.34372387345358 0.541763218097231 1.13990686385239 1.59329296286997 1.38555132137171 0.632544243732055 0 0 0 0 0 0 0 0 0 0 0 0 0 0 0 0 0 0 0
0.882787374209391 1.69393386387676 0.693680197567941 1.16554936240912 0 0 0 0 0 0 0 0 0 0 0 0 0 0 0 0 0 0 0 0 0
1.68906511479224 0.332345253505653 0 0 0 0 0 0 0 0 0 0 0 0 0 0 0 0 0 0 0 0 0 0 0
