0.0382567302240161 0 0 0 0 0 0 0 0 0 0 0 0 0 0 0 0 0 0 0 0 0 0 0 0
3.78112543418476 4.06250414618704 0 0 0 0 0 0 0 0 0 0 0 0 0 0 0 0 0 0 0 0 0 0 0
3.46379318019124 12.182383243766 3.60370351510633 0 0 0 0 0 0 0 0 0 0 0 0 0 0 0 0 0 0 0 0 0 0
1.80561557014912 3.94234491546448 10.5964870919397 9.8478169633868 0 0 0 0 0 0 0 0 0 0 0 0 0 0 0 0 0 0 0 0 0
1.33004015007272 0.654582442946903 0.101504275016992 0.272778635175275 7.63539987398872 0 0 0 0 0 0 0 0 0 0 0 0 0 0 0 0 0 0 0 0
0.853372382763335 5.42678898281328 4.95946627327725 4.6625012700087 3.78002650455213 2.81105148505274 0 0 0 0 0 0 0 0 0 0 0 0 0 0 0 0 0 0 0
6.05079807121189 12.2615177632436 15.7139018907059 3.47176009354528 3.78239204504068 1.736415606698 4.59500320657332 0 0 0 0 0 0 0 0 0 0 0 0 0 0 0 0 0 0
7.39176961728568 13.8061786124967 5.70139254596119 7.98367941022816 1.80051685074209 2.37783713178171 1.31247106148789 1.58135570827126 0 0 0 0 0 0 0 0 0 0 0 0 0 0 0 0 0
4.93116271848272 3.84633038204976 0.926324374076249 1.83188007008537 0.375339350632114 1.72741896207541 1.94253942675741 3.04430699514957 0.201572673808766 0 0 0 0 0 0 0 0 0 0 0 0 0 0 0 0
4.47208838203901 4.00528073479501 4.83485182293056 2.46253767017477 1.03434842251729 2.18438105759323 1.46094864664689 2.51076213062416 0.155200749947363 3.85553999707513 0 0 0 0 0 0 0 0 0 0 0 0 0 0 0
4.57512609528323 4.9692893471774 5.32592603236848 1.50207228280613 0.860030959676917 1.87652056046813 3.05695731481831 3.4284663462553 7.46045804981229 4.13432267724863 2.16482782321882 0 0 0 0 0 0 0 0 0 0 0 0 0 0
2.14908485728744 2.80585785922791 0.51033064321928 6.01602222597828 2.39218635350529 0.804993848159433 4.22786347419966 7.82420765176849 0.50090304943722 0.570293787345848 3.08066114170659 2.31769145573451 0 0 0 0 0 0 0 0 0 0 0 0 0
0.966858747394857 0.391254142841352 0.124711804364261 1.05011864866282 0.82134524336532 0.806484405640763 1.18986632458046 0.539466191315138 5.04686230256156 0.889839789001635 0.460601308965229 1.53767261284225 0.777262175431307 0 0 0 0 0 0 0 0 0 0 0 0
0.439131422082565 2.83561068261196 6.92513836782493 0.821089922321391 0.794841532664133 1.00919278870873 2.68290998104179 1.41922025960959 3.42697037807362 0.821267231050861 6.16156507794996 3.14368992920256 0.408581996740843 0.183483699423543 0 0 0 0 0 0 0 0 0 0 0
1.29143160975791 1.16489427289258 0.773923151496368 0.551432892553115 3.88085072072927 0.510357697980723 4.73759947968058 1.88074492466413 0.0831391319770416 3.79151437843732 5.72622795900329 1.99576217551835 1.3777992956824 1.55800521907555 0.729424411316148 0 0 0 0 0 0 0 0 0 0
0.96508137822264 0.167857555044446 2.97331496907439 9.05716796472861 2.73540999775836 0.257218159188798 1.29970194522271 1.05997178263851 0.107000604248167 0.837013880348861 2.4854396678363 4.1260445511399 0.49913271382939 0.388091361510897 1.02131176389487 7.55715392600993 0 0 0 0 0 0 0 0 0
2.37951121999949 0.292578089553086 3.43039213407317 1.74122193047622 1.02974614814217 0.859407904894787 0.371404152919314 3.00950158996482 1.28136878724167 0.614688880157905 0.347717175577754 0.245855495741771 1.14759907475314 2.3653921748386 7.04936488524093 1.73793544601998 3.56547923985593 0 0 0 0 0 0 0 0
0.151922605790717 0.750963058910955 0.337873963364841 0.566186006981287 1.23659889356483 2.39976418355859 2.44697269754788 5.03477853153334 0.768861640740966 1.03631783547317 0.0178111831323528 1.10940900381854 0.647395523660055 2.5263532552792 0.77652950042351 2.95625494211941 0 0 0 0 0 0 0 0 0
6.53682346211785 0.797173936354967 0.807591116759155 2.35554276999737 0.891263512635458 3.35790871380118 0.666838161489707 0.437065189772115 2.17582898816234 2.02516998584205 2.16384056024607 3.9950437816689 0.458362117553101 0.000496520467936714 0 0 0 0 0 0 0 0 0 0 0
0.4398105471928 1.06343820240939 3.48425332667999 1.45796949273036 3.65495333053607 0.138957204576566 3.2640122913149 1.32531593830192 1.08555264710304 0.179576778106998 1.20045511881506 8.89782587662479 0 0 0 0 0 0 0 0 0 0 0 0 0
1.92274058526557 0.329481772321307 1.37039019907854 5.41365502531549 0.606642864232479 0.47953880018026 1.33076104273191 0.303581086866502 3.6407174391983 0.301858062325119 0 0 0 0 0 0 0 0 0 0 0 0 0 0 0
0.150955606279933 0.786915871120771 2.2809295586662 3.98159095593283 2.15510240424518 1.53105646305889 1.13520739713193 3.21283513459833 0 0 0 0 0 0 0 0 0 0 0 0 0 0 0 0 0
1.23336359694454 5.52449566893878 2.87256311934008 1.75163360222836 1.05639636519304 0.763113274333641 0 0 0 0 0 0 0 0 0 0 0 0 0 0 0 0 0 0 0
1.4856573404982 6.26714575042246 9.05331319917235 0.0809838215159341 0 0 0 0 0 0 0 0 0 0 0 0 0 0 0 0 0 0 0 0 0
9.11556274230587 7.82362354428217 0 0 0 0 0 0 0 0 0 0 0 0 0 0 0 0 0 0 0 0 0 0 0
