0.220649783404945 0 0 0 0 0 0 0 0 0 0 0 0 0 0 0 0 0 0 0 0 0 0 0 0
3.68858549403267 13.1076537622433 0 0 0 0 0 0 0 0 0 0 0 0 0 0 0 0 0 0 0 0 0 0 0
1.16896211492908 8.56878032780533 8.60533359417852 0 0 0 0 0 0 0 0 0 0 0 0 0 0 0 0 0 0 0 0 0 0
4.75719940813502 5.56194454652493 6.75035739015754 3.69449472745086 0 0 0 0 0 0 0 0 0 0 0 0 0 0 0 0 0 0 0 0 0
2.78837659780826 3.49653138069369 2.96594058914607 2.1368336795115 4.21565667195037 0 0 0 0 0 0 0 0 0 0 0 0 0 0 0 0 0 0 0 0
1.85276784194255 6.22631670617985 2.02802898432783 3.15544398899504 1.02900455814214 0.478294875505627 0 0 0 0 0 0 0 0 0 0 0 0 0 0 0 0 0 0 0
0.910363432402983 2.70133233224439 1.78590782103412 0.580582660860942 1.6941911303378 4.42431027714004 5.56282593365857 0 0 0 0 0 0 0 0 0 0 0 0 0 0 0 0 0 0
0.840432490532721 8.76258649783609 5.72583779725806 0.557121843788657 9.63339799166322 5.01052503741006 4.86416506554992 3.17696357526776 0 0 0 0 0 0 0 0 0 0 0 0 0 0 0 0 0
3.53397129657319 7.80648715244804 1.681120877091 2.37235458750371 7.3054737846367 1.23425346669156 7.75485789933573 3.96649389274007 1.15534875859458 0 0 0 0 0 0 0 0 0 0 0 0 0 0 0 0
1.36961341199551 1.53501344228073 2.17002489108329 3.39826439186292 5.64451197332961 4.99312044088579 7.22131826791533 6.16854855519099 1.40090489737917 4.01604831874917 0 0 0 0 0 0 0 0 0 0 0 0 0 0 0
3.34572050353208 1.96297709460774 1.3738701597971 1.23520157268001 0.549506096005441 0.412928085076069 1.89751114358055 1.93679267423019 1.70300122310203 2.09103176705405 1.12405192189134 0 0 0 0 0 0 0 0 0 0 0 0 0 0
2.77886595796701 0.183171057280418 0.548046408971432 1.88852473011999 1.42782109568432 1.28737786590278 1.30059087887859 2.81088088193761 3.19055813969462 0.799629353405027 3.00303282028846 0.978885693508579 0 0 0 0 0 0 0 0 0 0 0 0 0
0.210489356102016 7.05120714023531 2.42432425681418 2.23973071052032 5.16824747910892 5.27254757484122 6.57248835670303 2.21085793045235 1.57253284717622 4.27788130074123 1.05738343833695 3.18983773989358 3.38451882322618 0 0 0 0 0 0 0 0 0 0 0 0
0.00136107917264338 2.30923380967326 9.33939403475898 10.564545390986 0.764557803496329 2.31139589586109 1.27225283424492 4.28070571364601 2.14051163876349 1.23803213533086 0.590244821086222 0.134196026251399 1.65217058088506 1.38922861234116 0 0 0 0 0 0 0 0 0 0 0
0.0839339766440044 5.94313635747469 1.47159951653752 2.57311192755165 5.20186211393498 0.835876586388652 1.00493270775371 1.64277193225669 1.61058850536408 1.42445888532038 1.99962032847343 0.571766412434026 0.24937643533207 0.194627434471135 1.103949942698 0 0 0 0 0 0 0 0 0 0
1.11183586002886 4.4880394890718 1.31578231952971 0.066499653369066 0.825598686377398 0.448018518702593 0.869252522451504 3.39018891159697 0.0316785146575594 3.63675839639424 1.44530257903714 2.84944528963202 0.16070437588042 0.165500219531517 4.82448619275792 1.46749284703382 0 0 0 0 0 0 0 0 0
1.51361695897821 2.85969985778206 5.767883022111 5.08175553914647 0.592603713666159 1.52132238097527 1.55477990725746 0.859993869071885 5.33720858271361 0.0742554467329796 0.555359026564002 3.86107699030917 0.758263653446962 1.3250813187089 0.582424747131245 3.41095462913008 0.780507868188482 0 0 0 0 0 0 0 0
0.0963389303544381 9.05639540508058 0.456913607545913 3.49680014171282 0.533039919676068 2.54316489704188 0.5811794633032 4.64872534700865 0.682981908926878 0.0747861435209765 0.0138130357394045 1.40459765092993 3.81977214056924 5.30052373907044 2.24615337810574 6.51562698743474 0 0 0 0 0 0 0 0 0
2.96758036730677 0.0199784521424009 0.193574859281427 6.01517597316188 2.12921282138556 0.641380116241022 8.30678196609191 0.874426268116986 5.07251606050565 4.29024419349539 1.6600996839058 0.169269817599097 4.41654153649239 1.99221330749728 0 0 0 0 0 0 0 0 0 0 0
4.55396597268388 2.66507656812341 2.56485005723045 1.93187662910224 4.84397963252745 0.199094917109518 0.324078162538292 1.77920249044468 2.08185568317171 0.805739695284548 3.35622857692625 4.37015746092433 0 0 0 0 0 0 0 0 0 0 0 0 0
0.835631976853317 0.551252507817929 3.06970982712736 0.524308273104446 2.77009434058585 0.0501263367241297 1.8480535210425 8.3252305943707 0.554376126298216 3.38811975416362 0 0 0 0 0 0 0 0 0 0 0 0 0 0 0
0.271525744176911 0.57505223347784 2.24265100109204 4.31149943058101 3.14095069472355 0.0732124738805903 0.478176096632758 0.393803307041851 0 0 0 0 0 0 0 0 0 0 0 0 0 0 0 0 0
3.07581563910105 0.522636507494658 6.74744700531306 2.06913957812209 1.991997476524 3.56979547692719 0 0 0 0 0 0 0 0 0 0 0 0 0 0 0 0 0 0 0
2.08134991084689 2.46792499561468 0.382849946156103 0.40726623978168 0 0 0 0 0 0 0 0 0 0 0 0 0 0 0 0 0 0 0 0 0
0.604328413060241 0.295301107268455 0 0 0 0 0 0 0 0 0 0 0 0 0 0 0 0 0 0 0 0 0 0 0
