0.0445584495138561 0 0 0 0 0 0 0 0 0 0 0 0 0 0 0 0 0 0 0 0 0 0 0 0
4.72308917120477 7.41826173841306 0 0 0 0 0 0 0 0 0 0 0 0 0 0 0 0 0 0 0 0 0 0 0
5.35102004212693 14.622516603996 11.0436726227858 0 0 0 0 0 0 0 0 0 0 0 0 0 0 0 0 0 0 0 0 0 0
6.37945110851046 13.1269256598816 7.63240485229265 3.94658400729825 0 0 0 0 0 0 0 0 0 0 0 0 0 0 0 0 0 0 0 0 0
4.72920754282231 5.12675026831005 5.3710880225714 5.52405389898427 0.357356739986968 0 0 0 0 0 0 0 0 0 0 0 0 0 0 0 0 0 0 0 0
4.47227222391861 10.3580145804692 8.6652995989068 4.13077404737076 4.87814224976676 1.19827817013018 0 0 0 0 0 0 0 0 0 0 0 0 0 0 0 0 0 0 0
3.5891056142115 6.72721452868423 1.73489001531695 2.71511459100063 1.67444337264588 1.5899473226175 0.54221536817513 0 0 0 0 0 0 0 0 0 0 0 0 0 0 0 0 0 0
5.77234954740914 6.41952086762803 7.85790446362956 4.3703908575387 1.00457771413043 2.43385863516435 0.162313614142491 1.68130978184594 0 0 0 0 0 0 0 0 0 0 0 0 0 0 0 0 0
2.97262140947551 11.2160343596803 7.11040854683062 3.72452354503201 2.72679302961032 2.78960609365174 2.52452440452443 4.80963904924489 3.84295514978721 0 0 0 0 0 0 0 0 0 0 0 0 0 0 0 0
7.41115364379195 9.33102975521328 8.20750721111331 7.42606328603264 2.10366142296836 3.13254398384481 3.79601521282922 2.37303735708468 0.337669884147182 3.81862526968459 0 0 0 0 0 0 0 0 0 0 0 0 0 0 0
6.20728688262676 6.08255198075133 8.52836143165759 3.0299083463895 2.33062084014641 0.584576459442264 2.53868134939781 0.708678314377195 1.19442570107748 5.51799070575344 2.73461352591565 0 0 0 0 0 0 0 0 0 0 0 0 0 0
0.573900744809173 9.33656789046044 7.07999102602848 1.98996047971565 0.0303898275366069 4.51341583306538 0.0320225284101346 1.70985742965376 3.82846837076741 4.62790486106848 2.86930548139896 5.62131371042029 0 0 0 0 0 0 0 0 0 0 0 0 0
2.29094798245665 2.72666066116558 2.63515541642922 3.5628359476508 2.53580731455842 2.93942272674538 1.28777662102406 0.536343404977269 1.73240310362018 4.79765664066465 10.7471416948102 7.92332395951582 8.45374998990346 0 0 0 0 0 0 0 0 0 0 0 0
3.75265856442599 9.12845966545228 7.20239743403577 4.689861184622 1.93066933267613 1.80959881246497 2.35057520851415 5.0249678895572 8.2564307183003 10.420166236304 7.45558291146326 6.47188252303319 4.42111410682876 4.63390192758572 0 0 0 0 0 0 0 0 0 0 0
2.08529155399728 8.75455225957471 6.38517936608488 5.86654395696245 5.73819319667366 7.78205529819813 3.2585546781568 6.75270753875047 3.2015875325346 1.9840986412607 4.17650859237947 3.70106994857108 2.28811733151752 6.13922368172723 1.52908473133892 0 0 0 0 0 0 0 0 0 0
1.92444931953822 6.82234930530475 3.73207390906716 4.43651341469011 5.41417345472251 0.532382678584553 1.59243234167733 2.76599998810695 2.80225555089539 0.289631413487957 1.41325406427631 1.77012494904142 0.895882372150324 3.50406993863042 9.63503577173758 0.959299481250699 0 0 0 0 0 0 0 0 0
1.79075848037308 4.4303094744994 4.66757681956346 0.96138370267534 0.690099289289907 0.271415331370164 3.75971960436745 3.6536470395974 4.96500290809427 3.34729088957823 5.66181685662003 0.423535705921306 1.06536113143249 2.78090736899327 7.81670896935816 3.15596438029161 2.35275883379096 0 0 0 0 0 0 0 0
2.06215231601716 9.26346764225464 4.02969406839587 4.45376804661597 3.93081131212311 0.843886303514712 1.18020151003447 2.15369923085506 0.752520329186672 3.04288520751856 2.02289294519308 1.69574520158021 2.80712212485034 7.36056585065772 5.76744040324022 2.47050233961373 0 0 0 0 0 0 0 0 0
3.11982389810203 9.21756796309226 4.28383674456549 4.94288533377007 4.9873256694042 4.85551001543576 3.83021405426739 1.9303696131632 3.89516887830605 5.98070540984737 1.80428792133323 2.64573057147734 2.77332986402618 0.586028662238004 0 0 0 0 0 0 0 0 0 0 0
2.14859500651014 4.42584639622417 2.68504573022676 4.09870896665916 1.99796151218697 1.71266209161416 1.6183461788243 3.4388947045833 2.47705510859574 1.87005302746861 1.2947850719884 0.678281561858791 0 0 0 0 0 0 0 0 0 0 0 0 0
0.529448468467615 4.56704130409173 6.76649694481464 4.1961866858143 0.788706630855581 3.10505741120619 3.82387443389913 4.8018516108676 3.15412167298597 3.74199044164542 0 0 0 0 0 0 0 0 0 0 0 0 0 0 0
0.0332126370413658 10.0665248073703 5.42366003587526 1.80525847001687 0.496161386178645 1.28546806655364 0.799487571848984 1.03195400474396 0 0 0 0 0 0 0 0 0 0 0 0 0 0 0 0 0
6.8597749370818 6.8713546957999 5.89255448642294 1.69642350652067 3.87425401757913 0.876311073541797 0 0 0 0 0 0 0 0 0 0 0 0 0 0 0 0 0 0 0
3.55515626122713 5.43354215177777 7.71461473530682 6.96072508377579 0 0 0 0 0 0 0 0 0 0 0 0 0 0 0 0 0 0 0 0 0
0.68801287285225 8.21536098417057 0 0 0 0 0 0 0 0 0 0 0 0 0 0 0 0 0 0 0 0 0 0 0
