0.0817968267423106 0 0 0 0 0 0 0 0 0 0 0 0 0 0 0 0 0 0 0 0 0 0 0 0
6.60229664347691 10.5686052129559 0 0 0 0 0 0 0 0 0 0 0 0 0 0 0 0 0 0 0 0 0 0 0
5.6012369886879 16.9866972690475 13.5783089738507 0 0 0 0 0 0 0 0 0 0 0 0 0 0 0 0 0 0 0 0 0 0
6.25412470808078 13.8986293580035 10.5743448949373 5.26316657100614 0 0 0 0 0 0 0 0 0 0 0 0 0 0 0 0 0 0 0 0 0
3.40543276704561 5.39962806985707 4.91587496202004 2.727705764502 1.59752413410497 0 0 0 0 0 0 0 0 0 0 0 0 0 0 0 0 0 0 0 0
5.06423998852508 13.0278587308808 7.52696123222652 3.08877130884034 2.59978669438843 6.19049809101774 0 0 0 0 0 0 0 0 0 0 0 0 0 0 0 0 0 0 0
4.44549405244903 7.45652990023822 3.46137674260246 6.69340926358485 2.60302260683359 8.41973285825527 6.70292874250285 0 0 0 0 0 0 0 0 0 0 0 0 0 0 0 0 0 0
3.1422642467097 2.58849698023856 2.55216490616818 2.28562150868482 1.84798455405151 4.28146388408952 2.88213073377589 7.0667218283434 0 0 0 0 0 0 0 0 0 0 0 0 0 0 0 0 0
1.62867351450772 1.59799495314506 1.28322932388456 0.772499725504851 3.8308781406951 1.35155784054005 1.97608213207705 9.57723852481118 0.844333673172095 0 0 0 0 0 0 0 0 0 0 0 0 0 0 0 0
0.989866645958049 5.00565140304588 5.5291654999919 6.81320413886828 2.00401630997064 3.27625997027351 3.74850001389815 2.16049399658753 2.93608032355798 2.0764760157298 0 0 0 0 0 0 0 0 0 0 0 0 0 0 0
0.524357543235892 6.63766504998754 3.90814777841159 2.55567625785756 0.16736727549571 4.05003720239839 2.55507956303511 0.779556646524685 0.523275817195961 0.37781771741618 6.41054452600299 0 0 0 0 0 0 0 0 0 0 0 0 0 0
1.48220298559311 7.2781666359697 4.97385857522552 3.80574530220663 6.1550568662165 6.13574083123335 3.39209855158946 3.8844047604133 1.49055288617714 5.83679318990105 1.01900756948071 1.81537340320299 0 0 0 0 0 0 0 0 0 0 0 0 0
8.3920866296581 2.31633611266003 4.44026632548024 6.80409208284954 7.31888071032457 2.66786213205372 7.51147460566252 4.26993735042562 0.532201992225163 0.144743569959378 0.602072578069971 0.563815807389135 0.690313680088408 0 0 0 0 0 0 0 0 0 0 0 0
0.556655029699356 4.01630584459667 12.0554157085812 7.65166429989256 1.87696845692139 10.5858417245511 3.73293465610451 0.420670694303046 1.94323814296233 2.5249238311072 0.374052587266652 2.24442911844247 4.12891360009029 1.78824187751494 0 0 0 0 0 0 0 0 0 0 0
3.52543661886947 13.4960064357223 13.335724868279 7.94236592799652 4.43657872291139 4.55359215761151 2.67501361263304 5.10930231626464 1.30819939257024 0.918726663632007 0.761926245619295 2.59695102814489 6.84180706084499 0.0693578012996686 2.73685089378003 0 0 0 0 0 0 0 0 0 0
3.65029102767925 13.7559634684087 6.59338083315552 3.14057477672629 3.84572214658674 0.995955070533974 2.15702386531224 10.3425345078594 6.43691089560756 1.86959634462919 0.617142116549443 3.61768782083534 9.66931945611534 3.42774479759035 4.56542650447785 6.62786839134818 0 0 0 0 0 0 0 0 0
3.86856276211165 2.92442312392578 4.87861554608453 3.27977965339117 1.07307071323364 2.96830377231439 5.46550567842776 6.04226176027295 1.94861038648473 1.49424266007716 0.329052158963335 0.784972593113659 0.0667108474628504 0.724456983225163 3.2520553096461 3.4144125232391 12.3696182072534 0 0 0 0 0 0 0 0
0.698937575281281 9.15382736632739 4.84007590235614 1.24544885118175 3.88247719746053 1.57427461832273 4.18841780501303 1.50883465701454 1.80352325936366 0.0862479668364765 2.74092923305848 1.04375164647412 0.819459677334901 1.39615111194298 8.56370558283343 10.6676375982084 0 0 0 0 0 0 0 0 0
3.5511621372652 5.09598250087085 1.10543602164025 3.11476045873984 8.62119721594367 4.98348259449744 0.0740279215335373 7.39407709518771 7.93463831832051 1.02616164711349 1.49511952393712 2.09873827912764 7.34602541700102 10.6919384546331 0 0 0 0 0 0 0 0 0 0 0
2.62303164834818 0.151290273889356 5.30373618767944 2.72795646138743 9.43581703317921 0.370186639859016 6.19814742072626 11.4254829070227 3.93418844165209 1.11638675782207 0.965928677373075 0.539862208781031 0 0 0 0 0 0 0 0 0 0 0 0 0
2.09589032977287 2.69165707260447 0.647744283581178 1.26789144474313 0.266513679831861 0.450248303831818 0.928544989568954 2.06832405293524 0.401512314070958 2.00645422683246 0 0 0 0 0 0 0 0 0 0 0 0 0 0 0
1.26400112289233 3.68427312041282 2.05393334461516 0.320012387729447 2.49117652161098 0.565086319799305 5.85461537294817 1.62632873968916 0 0 0 0 0 0 0 0 0 0 0 0 0 0 0 0 0
0.413911303347725 0.758653572892324 0.175803691679457 3.791015258996 1.25047187685229 1.37857277725379 0 0 0 0 0 0 0 0 0 0 0 0 0 0 0 0 0 0 0
1.31077305721038 0.0886534624695468 4.23392077519344 1.37861386045266 0 0 0 0 0 0 0 0 0 0 0 0 0 0 0 0 0 0 0 0 0
1.930644260593 6.38436386650443 0 0 0 0 0 0 0 0 0 0 0 0 0 0 0 0 0 0 0 0 0 0 0
