0.127990817963154 0 0 0 0 0 0 0 0 0 0 0 0 0 0 0 0 0 0 0 0 0 0 0 0
5.41234680274825 9.93067908850172 0 0 0 0 0 0 0 0 0 0 0 0 0 0 0 0 0 0 0 0 0 0 0
2.54292514630586 3.08141643005972 10.0934897067936 0 0 0 0 0 0 0 0 0 0 0 0 0 0 0 0 0 0 0 0 0 0
0.513683359498967 4.71805214111618 4.06427737070744 6.54058271969384 0 0 0 0 0 0 0 0 0 0 0 0 0 0 0 0 0 0 0 0 0
4.92042547385633 8.04099978563332 5.85712226625838 4.73715663717915 0.664875188564068 0 0 0 0 0 0 0 0 0 0 0 0 0 0 0 0 0 0 0 0
6.97367534977863 12.9091018491788 8.96720010250831 6.00580555433131 3.08247727813552 1.56942375866509 0 0 0 0 0 0 0 0 0 0 0 0 0 0 0 0 0 0 0
5.32562871909015 9.7816047689466 7.88272213635536 7.62346597277946 1.33005009626563 5.95451275585238 3.80204506024346 0 0 0 0 0 0 0 0 0 0 0 0 0 0 0 0 0 0
3.80285562014546 10.1837649758865 6.07146142328152 2.82057063598667 6.59776746344158 4.04042594693066 6.25250510472798 5.30518897592275 0 0 0 0 0 0 0 0 0 0 0 0 0 0 0 0 0
2.43320172735939 5.88298291244629 0.695568740820057 2.47803385879762 0.29688194024717 0.659429078682946 0.918013662484566 6.13364171102556 2.10465649006108 0 0 0 0 0 0 0 0 0 0 0 0 0 0 0 0
2.73382557597921 1.30316635814439 1.571286425926 2.60313259204633 2.04383752361793 6.00724892166853 5.8140395237609 6.86849737808998 2.92134296060653 1.37039125438172 0 0 0 0 0 0 0 0 0 0 0 0 0 0 0
1.55591940855752 0.916445584002397 1.34446170366595 0.712002843283087 1.10476440949231 0.84620083635646 1.25211820198442 0.057488915079976 2.5985098579102 0.257731497581094 0.986824502791939 0 0 0 0 0 0 0 0 0 0 0 0 0 0
0.271615422425365 1.62249425697722 5.9343959353552 3.32700708047382 2.53311903828107 0.235292087090955 1.80658452467494 0.00184515461737366 2.22814068317489 0.096999213349447 2.61398464353937 5.83574256295218 0 0 0 0 0 0 0 0 0 0 0 0 0
0.644517898577133 0.626655085744704 1.64377287461977 6.44464917524965 0.99437170822384 1.52318967614272 0.093877642424544 0.0251424722465472 0.104917228285109 0.803468422211966 1.72502306751214 2.29405281707356 0.117989577777082 0 0 0 0 0 0 0 0 0 0 0 0
1.75339595000449 6.22020347437296 2.3477022803079 0.685885953700234 1.8456680797779 2.4266637074689 3.0145528789792 0.0299646214755023 1.91252616558119 1.66386633043756 5.55926440811219 2.4259765500628 3.88621656529209 0.132089193734921 0 0 0 0 0 0 0 0 0 0 0
2.27961460160317 5.63599421112395 2.61715635592804 4.57729173324807 0.0833278093764064 1.30408604618368 3.94718115181658 2.17688628523886 3.13104017462613 0.298406961340445 0.783185610726503 0.504604507227574 0.948020515387017 1.02455954597285 0.563321991448477 0 0 0 0 0 0 0 0 0 0
1.99496928894219 1.21781600777143 0.220872154075403 4.09618808321424 0.582213912306855 1.03431284068424 0.23422594064 1.64221203984251 0.2722236512765 1.67432717789094 7.0571453056287 0.465051560681855 0.102513810253247 2.91776182663338 0.904051670349166 0.230956727382318 0 0 0 0 0 0 0 0 0
0.88840937779825 2.1971415365558 0.350273078995656 1.38758297484987 0.506473665711759 1.75536311563886 0.119863336192165 2.53980033009059 0.00606223359696163 1.68772223450925 1.24983982340217 3.41940032650663 0.254872597465615 3.67051085178047 0.271584891166639 1.87149988930446 1.37036637024448 0 0 0 0 0 0 0 0
2.14451433945273 0.0114439441091418 0.495615025224859 3.37663264764793 0.517179296738574 0.407328270030207 0.829200663955167 0.739272415902348 1.15519094520946 2.6910554460722 0.205325209525726 0.122442889235424 1.86968563276432 0.992908473410009 0.580035978562257 2.07064680455581 0 0 0 0 0 0 0 0 0
0.260723909077722 1.87083795793504 2.33250894950165 0.221693538317204 1.30047922936364 0.881411693886683 0.153379343519017 0.484780817984943 1.13932190226561 0.901787307137668 0.801434699928688 3.07013952974056 3.76837193723858 1.94623438945109 0 0 0 0 0 0 0 0 0 0 0
1.232075031857 2.19975405244299 1.30697851642431 3.73614553160706 0.463767345203953 1.53866394995609 1.9628437328463 1.41109954575613 2.39879477629221 1.27267702279405 1.91481142299034 7.12928746959457 0 0 0 0 0 0 0 0 0 0 0 0 0
0.465674782263514 1.75864444055737 0.0873342672991077 1.95693156102892 0.54549763756481 0.361382885793241 0.0370137896749011 0.556151943448015 1.55997686793925 1.0537808722283 0 0 0 0 0 0 0 0 0 0 0 0 0 0 0
1.98000906326495 1.08290692483081 1.07648285240643 0.00586696676390963 0.27702160316843 1.59219517172654 3.08219370718148 2.19914520499278 0 0 0 0 0 0 0 0 0 0 0 0 0 0 0 0 0
4.05628050561886 0.312722545438872 2.20540650864066 0.71294097662579 0.24739788905899 0.332754879130233 0 0 0 0 0 0 0 0 0 0 0 0 0 0 0 0 0 0 0
2.43205096239555 2.37569170813492 0.165647712346313 2.18851409425745 0 0 0 0 0 0 0 0 0 0 0 0 0 0 0 0 0 0 0 0 0
2.7032464610399 0.525715390808426 0 0 0 0 0 0 0 0 0 0 0 0 0 0 0 0 0 0 0 0 0 0 0
