0.765449291395474 0 0 0 0 0 0 0 0 0 0 0 0 0 0 0 0 0 0 0 0 0 0 0 0
2.3791844135412 15.664505960606 0 0 0 0 0 0 0 0 0 0 0 0 0 0 0 0 0 0 0 0 0 0 0
3.30735833179693 12.9740711533481 4.24692102296562 0 0 0 0 0 0 0 0 0 0 0 0 0 0 0 0 0 0 0 0 0 0
0.880360328181535 7.72313660590197 0.473490277112611 2.84676911046592 0 0 0 0 0 0 0 0 0 0 0 0 0 0 0 0 0 0 0 0 0
1.55197053715863 0.388635880577592 1.93430264141969 2.32940704817254 2.33605222258865 0 0 0 0 0 0 0 0 0 0 0 0 0 0 0 0 0 0 0 0
0.215520727707463 5.45431853433533 1.86302990704553 2.65347376829681 2.64953195271217 0.610344680804558 0 0 0 0 0 0 0 0 0 0 0 0 0 0 0 0 0 0 0
0.415776165705936 4.60926687738034 3.7933581497449 0.196768710232653 1.16565033199047 0.904184580545603 0.38881654751103 0 0 0 0 0 0 0 0 0 0 0 0 0 0 0 0 0 0
3.825230620411 8.15875216679085 4.17478061324217 0.666551343715738 6.63618558173608 2.39008484256891 8.37866453930815 6.13086388733217 0 0 0 0 0 0 0 0 0 0 0 0 0 0 0 0 0
2.58492631915899 5.79379611705507 0.868561205345479 1.91842261712289 2.59457162781303 3.32527050373964 2.97518973607031 6.30023627284614 4.97053308843225 0 0 0 0 0 0 0 0 0 0 0 0 0 0 0 0
1.0102741581293 3.40784161752176 1.79641428258611 3.31358061014143 4.1061626684328 5.93576203012293 5.25319291505787 5.20789209241553 0.781326309096754 0.832755129228939 0 0 0 0 0 0 0 0 0 0 0 0 0 0 0
3.57401306843931 1.38063443358254 2.73376531114218 1.34807680166945 1.64272377116828 2.19357637918231 1.14716690984843 1.75732427831461 1.19717247493686 0.319921630139087 4.63736751152366 0 0 0 0 0 0 0 0 0 0 0 0 0 0
1.22592062464853 1.85030822612109 0.285279137250797 0.838433274536236 0.320382693000437 1.22663716937776 1.1258186313522 4.214511441026 0.733115293165988 1.40675180131311 7.58729275124498 1.62180093905087 0 0 0 0 0 0 0 0 0 0 0 0 0
2.7175004122179 1.06299487206898 2.37667179159462 0.164232227745775 0.829773884421709 3.30092513579617 2.1852255079662 0.521454504823266 1.03791211120369 0.199327773144921 0.353181375836211 0.695945995097168 0.323392007149605 0 0 0 0 0 0 0 0 0 0 0 0
1.17134087441671 4.91930893362749 4.67127356132052 1.28609741400054 1.53520422903856 0.0116899677218028 0.322009274131977 0.956003245809502 2.10991691145667 2.42674837735012 1.25123692281446 3.96794168226968 3.41298005643659 1.86333146756834 0 0 0 0 0 0 0 0 0 0 0
1.05394368205991 2.48902987003685 3.05388110455091 3.82416614723955 0.0948883517188393 2.16565411616056 2.04340230264886 0.177231071926926 0.869321147559214 3.51999372678179 2.40267938387162 2.92033972443585 0.947179529713377 1.72031921614561 2.10318238562783 0 0 0 0 0 0 0 0 0 0
5.2491070026568 2.52900346726615 2.0261792168857 0.397988875733026 1.28313891081453 0.90687090625336 0.101487528393184 3.63272259799582 1.52678287849758 5.61606551595481 1.82331434989264 4.62306590474112 0.734373813566144 0.716501282347116 0.77720369597576 0.462125471584899 0 0 0 0 0 0 0 0 0
0.391521780124544 7.6445642898168 1.85825859454087 1.61545761185334 2.33659559826479 1.17231184938032 0.550436391994754 0.399363899884259 4.59983529528191 1.14667239356251 2.9914325039621 5.15228721701628 0.067273543861519 0.249164910708026 1.84328553080877 4.83357809448715 0.485594564536677 0 0 0 0 0 0 0 0
0.984772652326759 5.34042924767477 2.37694446014533 1.03046190226665 1.47655512406579 3.1787869841143 1.01786216975493 2.65375819860361 2.95963919222891 5.56315025825275 1.71094427400785 4.53995089077728 0.493008639081815 0.0706193212040559 1.2760360322801 0.0561704169399031 0 0 0 0 0 0 0 0 0
3.6344276037047 3.4429668565654 2.27172460588286 0.618801844702479 1.8571492475099 1.78986771379911 1.38871131075371 0.0312164158843556 0.283409523466199 3.62796684260976 0.878155850121476 6.81988661179163 4.60158697615672 0.509776293590359 0 0 0 0 0 0 0 0 0 0 0
1.07830191826525 3.57406065750964 0.239038834209147 2.83039279233549 3.69578473435944 0.64325608992846 2.74949253164505 2.27617255824704 0.0105889070053554 0.0155150533857614 0.531478893690252 0.817957230982034 0 0 0 0 0 0 0 0 0 0 0 0 0
0.513222694955564 4.20152171224899 1.44522419356847 3.77568011313785 0.092989347577094 1.48472517047222 0.521226588586484 0.626826138395895 1.33772949143561 1.67451509056434 0 0 0 0 0 0 0 0 0 0 0 0 0 0 0
1.74676358672077 3.57304910174641 0.256635478559334 0.567755049533242 5.82421004080662 1.75721895006588 0.833626711713525 0.116348035684502 0 0 0 0 0 0 0 0 0 0 0 0 0 0 0 0 0
2.73472203100512 0.569881586980901 2.11318403343243 1.20763793495749 3.13927235080236 0.824327917840044 0 0 0 0 0 0 0 0 0 0 0 0 0 0 0 0 0 0 0
2.17375941134878 5.68918966170374 0.00928079037098782 2.33453182138449 0 0 0 0 0 0 0 0 0 0 0 0 0 0 0 0 0 0 0 0 0
0.218671932574384 0.747160238102884 0 0 0 0 0 0 0 0 0 0 0 0 0 0 0 0 0 0 0 0 0 0 0
