0.55060328181881 0 0 0 0 0 0 0 0 0 0 0 0 0 0 0 0 0 0 0 0 0 0 0 0
4.11859769860061 15.621616408832 0 0 0 0 0 0 0 0 0 0 0 0 0 0 0 0 0 0 0 0 0 0 0
4.12079518973455 18.2998021682727 14.1402862092363 0 0 0 0 0 0 0 0 0 0 0 0 0 0 0 0 0 0 0 0 0 0
4.12696853663284 15.0050408399425 1.75048720117202 5.7553917278513 0 0 0 0 0 0 0 0 0 0 0 0 0 0 0 0 0 0 0 0 0
3.37789370611183 2.01699353049114 1.99913649329649 5.29807973174271 3.49831426001308 0 0 0 0 0 0 0 0 0 0 0 0 0 0 0 0 0 0 0 0
3.66632465102817 3.83550092876714 5.87673752958938 7.94016525292419 3.91692104488743 3.89090331661644 0 0 0 0 0 0 0 0 0 0 0 0 0 0 0 0 0 0 0
0.991058891990638 6.1915998344948 4.75341523371995 4.05837812111472 3.09307655150474 5.02196756959345 1.60778947185744 0 0 0 0 0 0 0 0 0 0 0 0 0 0 0 0 0 0
8.5495295175752 7.99890182584898 9.83962511151584 5.13166710738007 2.13013645553543 5.8769652505741 1.40376041233762 0.607974065187144 0 0 0 0 0 0 0 0 0 0 0 0 0 0 0 0 0
1.88560182609618 6.91697617231752 2.26397920936491 2.87169520773104 4.61793292065678 3.61912064010078 0.449184830871368 1.70179675829019 3.77648542284021 0 0 0 0 0 0 0 0 0 0 0 0 0 0 0 0
6.37418522787222 12.8701343313892 8.17539606255043 9.31168426257286 0.174301815328687 3.60657864468385 0.32223392497526 1.85062851243516 1.51693557977938 0.202108947576775 0 0 0 0 0 0 0 0 0 0 0 0 0 0 0
1.66969350149307 3.54818493662974 3.99601501126086 0.84484223655044 5.35386080048269 3.27812053047814 0.526383073701836 6.86800806457517 0.985097918236116 10.7471717296746 4.69574725590187 0 0 0 0 0 0 0 0 0 0 0 0 0 0
4.11749448584653 11.6903365967282 4.64880823556505 0.884518522870792 3.36963304449196 1.50942756772444 5.36580223267283 3.21939667211873 0.118091422105725 0.0658112169674826 0.434959820201449 1.62628786415332 0 0 0 0 0 0 0 0 0 0 0 0 0
5.0817803384428 1.39281975466589 0.606060255061718 2.33678100723289 1.88854109336236 0.39104114020015 1.91644267553197 2.00411482989369 1.7139591520049 1.79590891873379 0.196659375815374 0.754838494900401 0.71030413493936 0 0 0 0 0 0 0 0 0 0 0 0
1.15782171871426 2.60204588687433 3.57138624925436 0.292863242554235 2.54652635912243 4.76100328534504 1.25086163961551 1.16853784774886 0.644609060953656 1.00072374520872 5.51715818923405 4.38966668159393 1.84148464992397 5.9517123128707 0 0 0 0 0 0 0 0 0 0 0
4.99417739547418 0.832308062073611 1.9957547636185 1.59616555980383 5.65756272898178 2.38378228256224 1.52212573619077 3.40067868092201 3.94011430873341 1.8301903519542 3.09230833276072 1.0376546201966 0.830177273672258 1.4761299914471 1.97769960574703 0 0 0 0 0 0 0 0 0 0
0.108660119854417 1.73862490384552 2.93120405322003 1.48007294937601 0.965096307326043 1.34169029584884 1.10298045046616 1.51632695155512 0.152635643794737 3.25474036455956 0.797540271220045 0.705333778696518 3.34387880870371 5.44526609692055 4.9740092998178 4.10796349672463 0 0 0 0 0 0 0 0 0
2.78235333667563 2.80111774522507 1.89071144925422 2.59513842507107 6.92149430668959 0.431124352977294 4.42607738811046 2.51229208659663 0.165096108256708 2.21583473023371 0.890141690528206 0.248041397710757 6.22411040900605 0.101217225336642 0.453948038701747 1.73517488216338 5.39752948541668 0 0 0 0 0 0 0 0
1.34207634550974 0.31060937065563 6.24815121881617 5.67814315251054 0.449638354256766 1.36772384579825 1.23275246124818 2.78012731809881 0.176013468079219 1.70910258995462 4.70443638571487 6.59647018922607 2.24215053600635 2.03936422525047 0.34499249182103 2.711389141014 0 0 0 0 0 0 0 0 0
0.0554718194759496 4.43393351485731 1.20095627484478 2.08107740916465 1.04295671077573 1.71466462892002 0.681847328796613 5.20889496443729 0.708779494420799 5.73387611265957 1.70093783319504 1.71458300185558 0.188061636307889 4.69594200198736 0 0 0 0 0 0 0 0 0 0 0
1.04801510209108 6.14591719849131 3.18646978224231 1.54070318464324 2.54873633968483 2.30713595619549 4.20804852868727 4.10277824248529 0.68152694594745 1.48479681680213 2.25237586283271 2.67996114182168 0 0 0 0 0 0 0 0 0 0 0 0 0
3.76971822186792 0.213060976856543 0.587744659716507 1.3654960750677 1.81601914780776 2.93376787289444 2.04170363713521 2.89502242843523 3.13365094842908 0.035789678467338 0 0 0 0 0 0 0 0 0 0 0 0 0 0 0
0.678705608067706 3.50371691342737 2.23735745999755 3.44476143947363 0.773745523989623 0.89550764924068 0.204768844775821 3.52385540202392 0 0 0 0 0 0 0 0 0 0 0 0 0 0 0 0 0
0.178833807331409 4.2308135219598 3.87934160904594 2.60379621874921 0.494619911069373 2.63762249466097 0 0 0 0 0 0 0 0 0 0 0 0 0 0 0 0 0 0 0
1.93968377130113 3.09138019886952 3.64945584628118 1.62867359906973 0 0 0 0 0 0 0 0 0 0 0 0 0 0 0 0 0 0 0 0 0
0.589897618017147 2.64076456092998 0 0 0 0 0 0 0 0 0 0 0 0 0 0 0 0 0 0 0 0 0 0 0
