0.415092364648456 0 0 0 0 0 0 0 0 0 0 0 0 0 0 0 0 0 0 0 0 0 0 0 0
3.49775333481588 16.0613718693719 0 0 0 0 0 0 0 0 0 0 0 0 0 0 0 0 0 0 0 0 0 0 0
2.99722141036078 18.5220872753201 9.90288570164903 0 0 0 0 0 0 0 0 0 0 0 0 0 0 0 0 0 0 0 0 0 0
5.03793959646783 6.54076428482623 3.27809909381102 12.1057530286919 0 0 0 0 0 0 0 0 0 0 0 0 0 0 0 0 0 0 0 0 0
0.127118251639626 1.18860482770341 5.50364338914527 4.35744769918616 8.62064292214692 0 0 0 0 0 0 0 0 0 0 0 0 0 0 0 0 0 0 0 0
0.334108929421681 0.080309287587257 1.79365117200853 1.81374328105524 2.30874787877458 4.35559078282128 0 0 0 0 0 0 0 0 0 0 0 0 0 0 0 0 0 0 0
8.31412085038376 13.2267353218964 15.2723529388126 5.54537897569603 2.63959516045227 8.46013065215739 1.38161722112991 0 0 0 0 0 0 0 0 0 0 0 0 0 0 0 0 0 0
4.6475669008758 13.8821362004091 7.45841921125943 4.0009705351253 4.32995936351946 0.467746985550302 3.26872884163654 1.04945602388899 0 0 0 0 0 0 0 0 0 0 0 0 0 0 0 0 0
6.14273497117504 3.81455339894073 3.35970478593604 0.398651050669107 1.57296661768662 0.426570268094044 7.32117103022461 3.31803777655955 1.35446720432242 0 0 0 0 0 0 0 0 0 0 0 0 0 0 0 0
4.80262578904648 11.8091687341556 4.29634579575878 0.813821447778377 0.00123921139719113 9.4520552757141 1.6523793307281 5.87343360548831 0.899329930789994 0.913450648469959 0 0 0 0 0 0 0 0 0 0 0 0 0 0 0
2.02921659155657 4.64450713204149 0.414172993313572 1.9879797175628 3.11735747439862 1.9254511853011 2.125527698104 5.28456826313821 0.168993235433065 1.17692779605897 4.30979136030103 0 0 0 0 0 0 0 0 0 0 0 0 0 0
2.01403761288647 0.254570791602352 0.296084735532479 2.96666401240221 0.386004681634781 0.0585551918204924 0.485307254323042 0.61173476103011 2.00409646262531 4.98315890564096 1.24786530259094 0.123864697965074 0 0 0 0 0 0 0 0 0 0 0 0 0
2.76211705361404 0.648935226105044 9.42365600822006 3.52360742809212 5.7916766205364 0.834995421132152 1.87110551308333 0.442519169631759 0.880674432561858 4.67827774468535 1.48519988203981 2.06999454853821 0.914549402506804 0 0 0 0 0 0 0 0 0 0 0 0
0.642088953777954 0.756857122113271 0.715893930231839 0.133416879226896 1.44926211514928 3.16878760095724 1.29644472813822 3.33086823593645 0.523368157977416 0.986540229844284 2.79092172315802 0.781592156371415 0.76074167848671 4.59505388530537 0 0 0 0 0 0 0 0 0 0 0
2.51652767530667 1.82965830334624 4.07067270773464 6.28583441650306 1.1730787013325 2.48746974382345 5.43618063373801 2.23235023868904 0.3056212141303 1.5476945205144 0.896998626178381 1.00894197732696 0.75805741550691 0.106535990005551 6.60038388915717 0 0 0 0 0 0 0 0 0 0
1.48881723170273 4.3807568870398 6.95979399854416 2.59066825960173 0.665235288342731 3.24519023864806 0.684450956901978 1.38372773114002 1.35252865061476 2.28039785147125 2.5127887402931 0.703235876481024 1.02030268480889 3.13752629550352 0.756905477718358 1.4555279191277 0 0 0 0 0 0 0 0 0
1.14487287868545 5.36016455949815 0.488279759438606 0.573807667981272 11.3237542052266 0.903377687360362 0.737592955593482 1.17849494292887 0.996703342034842 0.405432771179087 1.02133297742587 0.0388834861511701 5.56129570610939 0.0152696661847921 0.314355057185361 1.55350701766239 1.72442654616734 0 0 0 0 0 0 0 0
3.0537492558552 0.478464512948137 0.192637236515659 6.10882718129527 0.792819315529644 1.00715079700602 0.839555211540787 2.81427554642602 5.14441215512015 1.00215744913197 4.4524060687203 1.76324867289419 2.36410242962921 0.781171174881407 2.71793814324642 0.388033050345656 0 0 0 0 0 0 0 0 0
1.85515554812599 0.652451025879451 3.65198440174697 2.57877752583852 1.53420097346306 0.421749563495785 0.37795552773052 1.34259008907363 4.56515019386383 3.6019732878183 1.9568074537313 3.35873742258608 0.628229119097943 1.64328765900774 0 0 0 0 0 0 0 0 0 0 0
3.90432213759245 0.647229217306197 1.90016586161075 0.19979345349753 3.36832845192285 1.29375797766214 2.70382901834192 0.154326827667068 2.24227319311005 1.3161128926861 1.18661098239838 1.67619720025724 0 0 0 0 0 0 0 0 0 0 0 0 0
1.08057180137754 1.27852927083643 0.3934288761085 0.474627702887781 1.7780456189933 4.65467857172328 0.70873094201083 0.0528261490053503 0.799855552486008 1.02986003675305 0 0 0 0 0 0 0 0 0 0 0 0 0 0 0
0.273773660578785 1.8438438786118 0.452893350706659 0.368200964104784 1.41316276130847 0.0192582327129251 0.4315336244277 13.4122183933217 0 0 0 0 0 0 0 0 0 0 0 0 0 0 0 0 0
1.78349103221237 4.32350954503554 1.61097342296671 2.97205613911099 1.80427782977589 3.13615903638124 0 0 0 0 0 0 0 0 0 0 0 0 0 0 0 0 0 0 0
2.08676879945272 5.38333444816578 2.4623619138012 0.395246612867243 0 0 0 0 0 0 0 0 0 0 0 0 0 0 0 0 0 0 0 0 0
0.159917815592311 7.30395778904915 0 0 0 0 0 0 0 0 0 0 0 0 0 0 0 0 0 0 0 0 0 0 0
