0.0085326531565584 0 0 0 0 0 0 0 0 0 0 0 0 0 0 0 0 0 0 0 0 0 0 0 0
1.14186231959895 2.60326293208487 0 0 0 0 0 0 0 0 0 0 0 0 0 0 0 0 0 0 0 0 0 0 0
2.62876510214807 6.70120039101784 6.34445297175738 0 0 0 0 0 0 0 0 0 0 0 0 0 0 0 0 0 0 0 0 0 0
5.65175239287911 9.87969473931751 4.62768557192924 3.04800256794309 0 0 0 0 0 0 0 0 0 0 0 0 0 0 0 0 0 0 0 0 0
10.3264676549743 3.75222744145699 4.27072062433097 5.66589426338674 0.159367586178549 0 0 0 0 0 0 0 0 0 0 0 0 0 0 0 0 0 0 0 0
2.18594571635673 5.76100097742817 4.40199976430133 2.8121595501978 5.77348626641667 3.87710149518812 0 0 0 0 0 0 0 0 0 0 0 0 0 0 0 0 0 0 0
3.83553152898282 4.33054130394925 1.52767964724354 6.13637494427255 6.62762187060327 2.63444144469346 0.752579460640202 0 0 0 0 0 0 0 0 0 0 0 0 0 0 0 0 0 0
2.01031818115223 0.87765145460772 3.40046265746327 5.27660313480126 8.9071808853988 3.2420697060263 5.87395084544795 3.55823679223605 0 0 0 0 0 0 0 0 0 0 0 0 0 0 0 0 0
0.00202842025594323 1.4080020098022 1.98098999651243 5.55528139473726 0.694375212900085 1.77490654379607 2.6903002939097 2.45094051035135 1.59169213686561 0 0 0 0 0 0 0 0 0 0 0 0 0 0 0 0
0.20455757248384 1.16639767236756 4.7403961092928 0.147079655133652 5.94241087496292 2.32176189374274 2.33054580199145 2.84264282105936 1.06206904551348 0.531750828782784 0 0 0 0 0 0 0 0 0 0 0 0 0 0 0
1.11280676595211 5.15187007708758 0.00168174526333826 4.62841632370814 2.21172120217921 2.57950805302911 0.13091335316201 0.49873809833024 0.092274885884272 1.4536379695513 0.405461406829926 0 0 0 0 0 0 0 0 0 0 0 0 0 0
1.43729442848242 1.69793616374073 8.78615539843725 5.80142424117757 1.34100401646196 0.0372406362563846 0.726808966296365 1.66528515138862 0.438383439138208 0.528386343648349 0.470849723281467 0.303783691989635 0 0 0 0 0 0 0 0 0 0 0 0 0
0.115123554842812 7.18868020723981 3.85998977127406 1.92828629475057 0.667891362393468 0.277062711796667 3.08063955666863 1.45244614639145 0.690493928749914 2.07567630092681 2.77164840972117 0.384743340181678 0.81106338081693 0 0 0 0 0 0 0 0 0 0 0 0
2.36878789082756 5.64740537338007 3.85079972727801 0.230614105343196 1.57981251500715 0.0634309288939506 1.51143932058076 0.896577645516872 1.34415833905931 1.06610252252911 0.588502717855481 2.81306111970915 2.03190768923244 2.84795952702715 0 0 0 0 0 0 0 0 0 0 0
0.315065674902736 0.871953986131761 0.732948123722161 2.18833938136929 1.47400164271993 1.30250070757625 0.468177602986989 1.87533798161641 5.10437193311676 2.83192669797882 0.595182837012357 1.14919535899587 1.23348501052782 0.847033674324366 3.13141854992524 0 0 0 0 0 0 0 0 0 0
0.733290214731948 1.6919761341462 1.94131100170407 2.41429791334966 0.117832790131065 0.672285698899938 0.899927364290061 4.57839285602027 3.09644292120098 0.302403603059761 5.61747000884762 0.216878495412919 2.42861484425505 1.11099474731236 2.23041248529825 0.91961143094157 0 0 0 0 0 0 0 0 0
4.67658510419201 2.16312362606976 4.47782761996327 0.795748275360002 0.561988476438239 0.197353682279335 0.307317830806252 4.30821235383443 1.0826361735373 1.18615813787088 1.35319889667271 1.6112183726521 1.4441098034668 2.51132527068546 4.94431812792275 6.7494596039198 0.109157356154595 0 0 0 0 0 0 0 0
1.18337822304324 0.904794642911226 1.13874598847482 0.754269421025286 3.47601321007201 0.325007492758131 0.513536044038325 1.28267059261281 0.66011542171313 2.22841002934617 1.24804231175674 0.302080761787045 0.696963032815172 4.12161948248437 0.140678932984136 0.556530435583417 0 0 0 0 0 0 0 0 0
2.3873968271667 1.53273748985014 0.0312478469883684 0.733485661796454 4.32805337456261 1.02540861027459 1.07834175420003 0.900470796956086 5.28629941640626 5.17589592182492 1.78575442398082 2.35322438400503 1.67156301398558 0.0967713576419054 0 0 0 0 0 0 0 0 0 0 0
0.0867297691071625 1.16506392272237 0.37929445874962 0.0631096570455559 4.16355176997086 1.06407764671758 2.76455258284707 1.99047464242661 5.54818966232489 1.29774370537334 2.33832320412052 2.60705307299216 0 0 0 0 0 0 0 0 0 0 0 0 0
1.08412057925745 1.00209593736311 2.57887596051505 0.0415762101416789 0.00232517863793222 1.23640026632015 0.70509871313491 0.0561236428587168 0.51257796159732 1.27311164642295 0 0 0 0 0 0 0 0 0 0 0 0 0 0 0
1.77845189088303 1.65652446029814 2.25232014149294 1.32055871274619 1.46465920348919 1.91484986825003 0.230387383009188 0.309702348600737 0 0 0 0 0 0 0 0 0 0 0 0 0 0 0 0 0
6.40908115088745 1.5867821052704 1.03342636760168 3.91227743864082 6.37092810374451 3.56864429001182 0 0 0 0 0 0 0 0 0 0 0 0 0 0 0 0 0 0 0
1.83300242239735 0.556211546056259 1.55590843879706 0.726688300290865 0 0 0 0 0 0 0 0 0 0 0 0 0 0 0 0 0 0 0 0 0
1.20455372991314 4.68337406142888 0 0 0 0 0 0 0 0 0 0 0 0 0 0 0 0 0 0 0 0 0 0 0
