0.156062546773297 0 0 0 0 0 0 0 0 0 0 0 0 0 0 0 0 0 0 0 0 0 0 0 0
0.0131135993602191 4.43639688466001 0 0 0 0 0 0 0 0 0 0 0 0 0 0 0 0 0 0 0 0 0 0 0
0.0953793382632781 6.67462449244946 4.81075664619507 0 0 0 0 0 0 0 0 0 0 0 0 0 0 0 0 0 0 0 0 0 0
4.13602919717002 4.23505001270316 0.207771862906278 1.16975287170409 0 0 0 0 0 0 0 0 0 0 0 0 0 0 0 0 0 0 0 0 0
0.956205538743689 2.33848734021818 1.50030788968198 1.63067687025679 1.41246824203744 0 0 0 0 0 0 0 0 0 0 0 0 0 0 0 0 0 0 0 0
1.76601907461934 0.0813566970319765 6.14297983147111 2.31940966543473 2.82146227382364 2.15643170804499 0 0 0 0 0 0 0 0 0 0 0 0 0 0 0 0 0 0 0
1.49777691345361 1.49614414156597 2.83104690548021 3.37968505338963 3.61209054857003 0.352452899092127 0.696441120926236 0 0 0 0 0 0 0 0 0 0 0 0 0 0 0 0 0 0
3.44824590125956 2.79962351799537 10.8691418584535 0.161116291645227 1.00161408221564 2.03940296335417 3.16049682490009 2.44092547907144 0 0 0 0 0 0 0 0 0 0 0 0 0 0 0 0 0
0.0255243808596715 0.358999763310941 0.703524939494223 2.51285517727163 0.184529488449952 0.842848540081545 1.27129356191343 0.678894854937724 0.720915938306855 0 0 0 0 0 0 0 0 0 0 0 0 0 0 0 0
3.05753631742334 2.55507157429006 1.63505196884551 1.75603780568609 0.13613402609671 0.568513024833398 1.17916448329442 0.183338795995566 1.80578938450571 4.42394586298071 0 0 0 0 0 0 0 0 0 0 0 0 0 0 0
0.88672586351679 0.000526293288334441 0.786733907716468 1.72053045554819 4.98229569186085 0.713231464929666 3.57173712085941 2.39316762139194 0.176362386580537 0.974336483257846 0.881362464798875 0 0 0 0 0 0 0 0 0 0 0 0 0 0
2.13783702274319 5.50703859461938 0.367553013322075 0.0510708139603692 0.197332214705729 1.69405473942805 0.0892340953318564 2.14172242929827 11.2456670721592 0.805850588738143 3.19927062382328 1.87722213018925 0 0 0 0 0 0 0 0 0 0 0 0 0
0.359069983222483 0.207517703236625 5.01546390430797 2.07385532675596 1.84670488152535 0.127978811857009 0.8023729364021 5.23497770949764 1.87160522031879 1.03495860803427 3.18719902508904 0.590581739431361 2.11457465308042 0 0 0 0 0 0 0 0 0 0 0 0
0.611913091496353 5.66370302590321 0.768466219939278 3.5617577117457 2.59079889846558 0.773723746180866 1.9591977147399 0.735071457173218 2.05496952140092 0.263882175137553 0.372124280579941 0.210926726407291 1.46609342230889 0.606353331938347 0 0 0 0 0 0 0 0 0 0 0
2.46535087626602 1.00273695814905 0.0893755681088695 4.73790497946256 0.84993750545753 2.00465437880305 0.916483244928848 3.12559801995165 0.373504613487992 0.634589680179349 0.297597486783559 4.55187029379073 1.2664018454989 1.60692365166156 0.760006325708067 0 0 0 0 0 0 0 0 0 0
2.82418641625789 1.44920789509194 0.516358713758827 0.676829275628221 2.51034822325586 6.63877519789262 3.07769961176204 3.12955323762123 1.14464137626883 2.79965651012067 2.39589442536311 1.74629050182078 0.12805305632801 5.24089463759893 0.136640460423446 0.7957502117575 0 0 0 0 0 0 0 0 0
1.20100046146319 1.16433148290173 0.17124037270644 0.144813605090767 0.286958495369606 0.235796865924508 0.466007578703672 1.26091292261505 0.898311692987474 0.453379707623522 2.29219021722622 2.221252783952 1.14287202462402 3.28028194891335 0.756268244677062 0.193229337615599 0.19433443174744 0 0 0 0 0 0 0 0
4.24757281975175 0.0587985063286981 3.27681206221295 2.71615361021877 0.230346363972348 0.145876776674914 1.77174335112074 0.0291823188268774 4.09938991282281 1.54786816012269 0.108601104782094 0.685050303713438 0.765659444656337 3.02684456001379 4.11774037777679 0.329566146007 0 0 0 0 0 0 0 0 0
1.00719813881637 6.65696649788891 3.81707663369151 0.0490960263765816 4.7540297799928 2.84959782020257 0.100835173648605 1.20947671289026 0.153234808388163 0.78381071323891 0.870232591275685 6.97574436097327 1.66467531795391 1.56865113261534 0 0 0 0 0 0 0 0 0 0 0
2.80762637790777 1.52084559139267 0.587217803159329 2.60514746500859 1.68569420495083 0.361297015309767 0.918712275781593 1.55614967693586 0.4581689758456 1.23683541385769 3.23866393961252 0.480215099156887 0 0 0 0 0 0 0 0 0 0 0 0 0
0.100401442211228 0.993175715080721 0.374456577808966 3.7633995911733 1.56260907451275 2.64146420970135 5.82341956273792 2.26518033387529 0.826217830899529 0.0470337569878199 0 0 0 0 0 0 0 0 0 0 0 0 0 0 0
3.85639858797192 8.36224478896825 2.77997457653068 0.424283251946508 1.20416110907783 0.938042178064324 0.859865689439885 0.754524897688759 0 0 0 0 0 0 0 0 0 0 0 0 0 0 0 0 0
1.56880220513536 0.504565384687715 2.04752170977313 0.133521317872771 1.80882172040308 0.640870520132354 0 0 0 0 0 0 0 0 0 0 0 0 0 0 0 0 0 0 0
3.32239744226594 2.52006710054306 2.15977943840485 2.68846490642355 0 0 0 0 0 0 0 0 0 0 0 0 0 0 0 0 0 0 0 0 0
1.33357213065747 1.87505043620358 0 0 0 0 0 0 0 0 0 0 0 0 0 0 0 0 0 0 0 0 0 0 0
