0.0249033258711745 0 0 0 0 0 0 0 0 0 0 0 0 0 0 0 0 0 0 0 0 0 0 0 0
3.17755183654153 5.55226963448955 0 0 0 0 0 0 0 0 0 0 0 0 0 0 0 0 0 0 0 0 0 0 0
4.9588813801002 13.9840396965231 12.466120018485 0 0 0 0 0 0 0 0 0 0 0 0 0 0 0 0 0 0 0 0 0 0
8.28892200195525 13.3884281178297 7.75727773038304 7.64757466019347 0 0 0 0 0 0 0 0 0 0 0 0 0 0 0 0 0 0 0 0 0
5.36246079183183 3.86495737956424 5.55800342181145 5.65206395958808 3.74457844438628 0 0 0 0 0 0 0 0 0 0 0 0 0 0 0 0 0 0 0 0
5.66816584719244 10.7125790866173 14.7076138326323 11.5639669238887 6.58108466177507 11.8748386607798 0 0 0 0 0 0 0 0 0 0 0 0 0 0 0 0 0 0 0
5.97808788217251 11.4951785394646 10.4544997683705 9.57385051266301 2.50116454810057 0.522227771152368 2.37227039662047 0 0 0 0 0 0 0 0 0 0 0 0 0 0 0 0 0 0
5.75881665820882 7.42821897405007 8.95447274312044 1.78204440682872 0.386873399897871 4.60805923700372 1.89734092698696 8.9075210759991 0 0 0 0 0 0 0 0 0 0 0 0 0 0 0 0 0
1.41670165873229 3.32713816471977 1.26778755240863 1.85173314473814 4.73105706106952 1.30843102458897 6.32889566963484 0.737940735655517 2.2283440756769 0 0 0 0 0 0 0 0 0 0 0 0 0 0 0 0
2.85274322752666 4.38576641493859 0.528769028528705 5.40835582751472 0.405755847732644 3.52964440588176 6.61243834826256 1.26549260441753 2.74467583170203 3.3200737055388 0 0 0 0 0 0 0 0 0 0 0 0 0 0 0
2.55545339353655 0.660151461863033 3.70228939196178 0.777122313065545 6.01057207797275 7.85787946427089 0.189319892629718 2.32182325667726 2.55516468295381 5.77785982964896 6.83653214724025 0 0 0 0 0 0 0 0 0 0 0 0 0 0
0.404494635461516 2.41077392332717 2.83134092995784 3.35508578514197 3.90787577326571 0.764731581017268 2.58984712208683 0.480944770741568 4.07946416101959 1.56414569040929 0.85710880242764 1.8442120872747 0 0 0 0 0 0 0 0 0 0 0 0 0
1.25306620309198 1.38815378902416 3.02625777652729 2.2655137930145 2.96937293629949 2.93985661040469 4.69924802246449 5.12649510699662 1.58364749549973 4.30771858227421 2.82063324534473 1.69485405199398 3.80896209290321 0 0 0 0 0 0 0 0 0 0 0 0
0.689788851749639 1.02935906350587 7.38766468608524 2.72564052960065 5.59466144033632 1.34275572229074 2.76954344866131 0.698414609694862 5.70127937998896 0.772373007603645 1.759032935763 1.47046579005967 4.70808042890429 1.97278062143235 0 0 0 0 0 0 0 0 0 0 0
1.47471930235326 1.81557915908934 1.16540418485587 2.55430283554327 1.209739890307 1.4492304475133 1.12971904405329 3.69859633528964 2.58225190734246 0.169398583034525 4.1052907169571 1.37801767356787 0.681668763594625 2.24715081942552 2.3777388073362 0 0 0 0 0 0 0 0 0 0
1.14122648696434 0.586237522456468 0.784795915578934 3.58512551832078 3.73458588746942 1.51538387541565 0.243227883103766 3.17556620611397 2.09519542757022 0.14984716587313 10.6085433293952 1.67415259455174 0.134989242770913 2.11603023858833 0.324468717506799 2.99084439727516 0 0 0 0 0 0 0 0 0
2.08156133443197 2.47638071111748 2.84484269877304 4.77929864491419 0.007072507160765 1.38566172012676 1.98491990647618 2.51939315466014 0.0919746900466025 5.91824194818687 1.47677263477534 0.058548247220216 2.45043791748378 4.16078734139759 0.341887044885194 6.10044035259128 0.279856736429097 0 0 0 0 0 0 0 0
0.108821609617485 0.241364922059093 8.50753412863851 1.25984200303078 2.02216002304781 4.46461171268907 5.76152490802101 1.08167270937604 1.40021300870529 0.924558775600989 0.800038989987805 1.62851108575673 3.30575356437436 3.82836190756402 2.40216921092441 0.850857451856877 0 0 0 0 0 0 0 0 0
1.41090113229873 8.99759875139681 3.8261032773757 0.234914910236659 4.63871927694137 10.907906384127 2.93497986653282 4.16409546002511 2.50290864571912 1.3457090785305 1.2999098520638 13.1066898722148 1.00603178507286 0.800180338167944 0 0 0 0 0 0 0 0 0 0 0
3.05628089073695 3.29448999705631 0.450912417441073 6.68418274579928 2.88297824901915 0.560229696540679 3.82905132340784 2.23943140851524 2.14516634373214 1.92325286770844 1.46834688338926 0.212414855048795 0 0 0 0 0 0 0 0 0 0 0 0 0
0.938954481925425 0.368264710234171 4.76120463392866 5.28027137585174 0.384597149372745 1.67554429249827 0.527419140232389 0.0768196479015618 1.05487919217871 2.52799697173439 0 0 0 0 0 0 0 0 0 0 0 0 0 0 0
0.62408008952682 7.39289957906472 8.16157808508098 3.76943567749764 2.65082689500415 5.82963104966778 0.147139870296022 1.5484854932053 0 0 0 0 0 0 0 0 0 0 0 0 0 0 0 0 0
5.88881643964484 10.5265850887977 4.61665053640938 6.12674753259076 4.73184215999613 3.21161070634058 0 0 0 0 0 0 0 0 0 0 0 0 0 0 0 0 0 0 0
6.17117386211303 1.20017956229122 3.01135748542607 0.862453852914756 0 0 0 0 0 0 0 0 0 0 0 0 0 0 0 0 0 0 0 0 0
0.982780953455749 3.67751470945998 0 0 0 0 0 0 0 0 0 0 0 0 0 0 0 0 0 0 0 0 0 0 0
