0.0907321297076051 0 0 0 0 0 0 0 0 0 0 0 0 0 0 0 0 0 0 0 0 0 0 0 0
6.39682809443216 10.9050308248695 0 0 0 0 0 0 0 0 0 0 0 0 0 0 0 0 0 0 0 0 0 0 0
5.61663799508914 17.0227149469482 13.76472579742 0 0 0 0 0 0 0 0 0 0 0 0 0 0 0 0 0 0 0 0 0 0
6.25904050954512 15.476993958071 7.2935712714604 4.65732762188408 0 0 0 0 0 0 0 0 0 0 0 0 0 0 0 0 0 0 0 0 0
4.13379977686623 4.89981648883213 2.88689875958154 2.10130879905246 4.52068502848072 0 0 0 0 0 0 0 0 0 0 0 0 0 0 0 0 0 0 0 0
5.1242013834186 10.1448512667134 11.4075383366423 5.59166008384086 7.65613264986816 4.64055212748165 0 0 0 0 0 0 0 0 0 0 0 0 0 0 0 0 0 0 0
3.00519635655067 10.791207906634 7.53715372974581 8.60863791646075 1.38053717208315 7.92095826545197 10.1116456279669 0 0 0 0 0 0 0 0 0 0 0 0 0 0 0 0 0 0
5.03576592729262 4.66452481903597 1.13036398779014 1.3978906156394 4.47295228056985 5.46582864005431 3.68048769821049 8.38385004129445 0 0 0 0 0 0 0 0 0 0 0 0 0 0 0 0 0
1.43047493376328 0.370195121637428 0.948219439345189 4.88005710899559 1.65660256896587 1.39894755029619 2.4123684402098 1.16864805765114 2.54056262871441 0 0 0 0 0 0 0 0 0 0 0 0 0 0 0 0
3.35493301394347 2.67742302478028 9.22925960350854 8.33096661218088 3.93066041034789 6.88399575181724 7.66776278876299 0.987129737139688 0.175199637894555 6.41957265513505 0 0 0 0 0 0 0 0 0 0 0 0 0 0 0
1.227480581451 9.78639753794065 13.2406604906877 10.5556895243915 7.16375699546562 11.9488892030797 11.368564457508 1.38563254557893 0.563602508225214 7.22282753778929 3.61770665347768 0 0 0 0 0 0 0 0 0 0 0 0 0 0
4.59627195393122 9.5043188326742 6.62760011925701 5.21250880309479 2.03434964119626 9.74747796392887 4.46109481258049 0.0338487382558965 0.722165221873852 0.410341738859458 0.886863745692599 0.214784774421516 0 0 0 0 0 0 0 0 0 0 0 0 0
5.0992732558377 6.08744855220223 6.71407040527794 8.87359074399249 6.75659036149593 1.97157454372718 5.46577971448316 1.00814881989668 0.355996832220897 7.10627250452064 4.49689957724821 0.498021145286209 1.28409668148591 0 0 0 0 0 0 0 0 0 0 0 0
4.66445752257425 12.673650528469 13.904460283309 11.3590733713516 2.06035647963189 6.71032822082931 4.57954357452791 1.61566056926375 0.772052393609404 2.7618729810423 0.384736890945696 0.338608804166625 0.462795367360454 0.685086406828685 0 0 0 0 0 0 0 0 0 0 0
5.70203581310712 10.9218983703102 11.3804276964318 5.01537514047511 1.93740498082227 6.90098505633165 1.36427276061181 0.225550959622206 2.04239790814494 0.6039508054566 2.78552164996281 0.32612539841771 1.81675868613445 3.2099205069645 2.11927406106563 0 0 0 0 0 0 0 0 0 0
6.76305563156007 9.85358611502148 5.02113350691218 3.26753219109924 6.08468412545422 1.33548484935079 2.55038584974312 3.29272635317865 0.136117075721206 2.88904558682367 0.142273513990348 2.00739412386639 4.76660334094484 0.0606188939356516 9.74798045280423 3.96846127032345 0 0 0 0 0 0 0 0 0
3.49645877812187 3.18809359886767 3.97558670791643 6.49015858299282 1.41563172889223 5.79214683632544 1.02998065838489 0.651270826657279 0.646187453493635 0.267156750373544 2.77950681355206 2.84548854597252 2.15808378025329 4.58022895733813 4.16491889209198 5.19047958387481 6.16847822736633 0 0 0 0 0 0 0 0
0.644354946839807 3.88539251757663 1.88414091029854 1.60396493296667 4.39165984533466 2.08348377429571 1.74494252112524 1.87960351160487 0.875435684480775 2.54376356332563 1.49353225602134 0.499967135733336 0.307682684960092 1.13357816788333 2.82722511258207 3.5104410170447 0 0 0 0 0 0 0 0 0
0.508264174182346 6.3960476039623 1.98558079635508 1.30056849469017 5.04828625711275 0.589534761728822 0.771976443078354 0.800373286608994 0.933239749841392 2.40956271440552 0.675074196732042 9.91487650288817 0.297128891328685 4.11857613138751 0 0 0 0 0 0 0 0 0 0 0
1.50245526785067 0.694366862012577 0.883345093562735 0.943839506280022 0.117277959266309 0.558384672968843 0.972298689510664 0.492777979860129 2.60991899200332 1.13551933721965 2.22925724517681 0.211879607067423 0 0 0 0 0 0 0 0 0 0 0 0 0
2.56854069355688 0.0622482023490363 4.01169673617827 1.41035187338837 1.75648275778235 0.114729050569038 0.798733029311962 0.180204435042261 2.54099219435596 0.405402687614456 0 0 0 0 0 0 0 0 0 0 0 0 0 0 0
2.35525113317704 3.64502157220427 0.401861657775568 3.76732745198811 1.53071960695696 1.3210501253713 0.534493561668619 1.79382480202418 0 0 0 0 0 0 0 0 0 0 0 0 0 0 0 0 0
4.82025351126365 1.02634419691312 0.298989212513777 1.23120948177582 7.66704273247446 0.579551327941944 0 0 0 0 0 0 0 0 0 0 0 0 0 0 0 0 0 0 0
2.0120044147158 5.59280098059545 1.44372253598735 0.324416290751993 0 0 0 0 0 0 0 0 0 0 0 0 0 0 0 0 0 0 0 0 0
2.59375118952452 2.22916550297156 0 0 0 0 0 0 0 0 0 0 0 0 0 0 0 0 0 0 0 0 0 0 0
