0.432723934470617 0 0 0 0 0 0 0 0 0 0 0 0 0 0 0 0 0 0 0 0 0 0 0 0
1.24602372618604 4.32258465613009 0 0 0 0 0 0 0 0 0 0 0 0 0 0 0 0 0 0 0 0 0 0 0
2.74788104301391 4.54892715006406 2.05076586443838 0 0 0 0 0 0 0 0 0 0 0 0 0 0 0 0 0 0 0 0 0 0
5.3969798547486 4.94176865913973 1.54538488524068 1.0472658296176 0 0 0 0 0 0 0 0 0 0 0 0 0 0 0 0 0 0 0 0 0
0.0962038090350501 0.970063991558859 2.81210814603787 1.20787214327445 0.380986836190215 0 0 0 0 0 0 0 0 0 0 0 0 0 0 0 0 0 0 0 0
1.01058164342027 1.69778155432524 2.41253229447572 1.33603553513573 1.77045599600466 2.97984815365972 0 0 0 0 0 0 0 0 0 0 0 0 0 0 0 0 0 0 0
1.54445028610046 2.35820612824454 0.100006074494974 1.43990118918612 0.380166623408086 0.193840538864444 9.64626377649078 0 0 0 0 0 0 0 0 0 0 0 0 0 0 0 0 0 0
0.176614512205867 2.90119095262052 0.437127971436504 1.343123101705 3.61191633089014 1.49327731893924 0.154921096030111 1.18460597756646 0 0 0 0 0 0 0 0 0 0 0 0 0 0 0 0 0
3.69605582292654 1.69617899997388 0.997157446621781 4.24637240385316 3.74697912667634 2.60803478600894 6.80842171091798 1.20593982000955 2.06514266980747 0 0 0 0 0 0 0 0 0 0 0 0 0 0 0 0
0.503023271626408 1.31485354256636 5.81060149408333 1.16929596512629 2.20888891802672 1.75541402103083 1.04573668144545 0.189651385257868 0.0232189260988579 4.24225388840482 0 0 0 0 0 0 0 0 0 0 0 0 0 0 0
1.56109478601522 0.538564642525974 3.53862700751492 0.683289982649634 7.08802676590193 0.747955011923073 2.26551076366722 3.85072129154766 1.5268438184312 0.90200002504732 2.7249866200361 0 0 0 0 0 0 0 0 0 0 0 0 0 0
1.17331355973547 6.4410412991129 3.02213191117998 4.21829301557108 0.517360121649532 0.339925327478267 0.791735444457374 0.32792658100845 1.94447753895097 2.59746216341964 1.73982177870951 1.94434695445178 0 0 0 0 0 0 0 0 0 0 0 0 0
2.21165036009456 0.155260577522612 3.08497163401988 0.469656013633133 1.748194966489 1.16677593308846 0.582088216106103 2.58642271351972 0.987977259048508 0.971243935931257 2.63984560602039 3.51969969653147 0.188017429069461 0 0 0 0 0 0 0 0 0 0 0 0
3.78282590283479 0.484188279090762 0.259291465453704 5.23571194790775 4.57671226611424 1.26758455514696 3.00385622214586 0.124724668750702 1.4223451100687 0.120752378000793 0.248189499678574 3.88764596382601 1.07860134573764 0.230602708483626 0 0 0 0 0 0 0 0 0 0 0
1.5234501724867 2.99940461605208 1.59524688810144 3.98706828848584 0.390076797412151 6.39647183896744 0.0284543509183189 0.29014709097138 2.41058687072017 3.45624959049761 3.1900333126253 1.7654521398748 1.05053096026821 0.530742275396832 1.29859425383857 0 0 0 0 0 0 0 0 0 0
0.518442720979128 3.29420150044405 1.78927784874222 0.0937039590710191 2.06823026294425 4.55809538321541 1.45253098152927 2.95850781123053 0.0645928219005761 5.28019563913536 1.21638363667163 1.40183384695527 1.60410942126965 3.569335090567 1.0057443020075 0.164988147676103 0 0 0 0 0 0 0 0 0
3.3942027802879 0.352754861031038 0.277900981907781 2.5415519707676 1.67468458026202 0.703347041451765 5.17458030098429 0.215888347076429 0.844435038601447 0.750040047645557 1.04912921994096 0.179411870314277 2.85872655282399 2.24150258815672 1.83876975754666 1.04644900387621 0.124604646563159 0 0 0 0 0 0 0 0
2.60412533140651 0.0462330812841336 8.66770627306325 5.62384023522627 1.13611244942249 4.17460139898023 0.050631870109583 1.62026186922592 0.655589367570233 1.46444822953304 0.0559019154884973 2.03923248554746 1.89686076211747 0.46292592625009 1.077188425176 2.58058589553208 0 0 0 0 0 0 0 0 0
0.565074090462402 0.826237210624343 0.902621089577765 0.127915846158572 0.217775631829519 1.82746451836126 2.5795557804096 1.02943219823715 6.15975853779866 3.64402934335516 0.0336040118331831 1.31775567847839 0.198467618364053 2.18687438894023 0 0 0 0 0 0 0 0 0 0 0
0.762029075265824 2.2539476726187 0.356046973426229 3.08672887443545 1.09033697352004 1.34771256752891 0.194538205054463 3.9380893943696 2.01422218274501 0.504297297496928 0.305579004873545 0.2515708555587 0 0 0 0 0 0 0 0 0 0 0 0 0
0.941917302775004 2.78471130768104 3.5026696492607 0.375768982311624 1.84400509377351 5.01183499734457 7.86430720100377 1.08057655720672 0.287787438367663 0.136185808499193 0 0 0 0 0 0 0 0 0 0 0 0 0 0 0
1.09995239831837 0.0229911360714495 1.37783914239596 3.62772718075386 2.28183330205214 3.11704006942518 0.0254685129869412 0.238970571301681 0 0 0 0 0 0 0 0 0 0 0 0 0 0 0 0 0
2.01795937089401 2.24864138650726 2.67369766672493 1.00741030867145 0.134057875106959 2.39270934682693 0 0 0 0 0 0 0 0 0 0 0 0 0 0 0 0 0 0 0
1.19941793514941 3.21071167487821 0.820014649601851 1.54245124520639 0 0 0 0 0 0 0 0 0 0 0 0 0 0 0 0 0 0 0 0 0
11.0226468250039 4.77766787656927 0 0 0 0 0 0 0 0 0 0 0 0 0 0 0 0 0 0 0 0 0 0 0
