0.182692275448307 0 0 0 0 0 0 0 0 0 0 0 0 0 0 0 0 0 0 0 0 0 0 0 0
4.32530678086022 13.0781127474257 0 0 0 0 0 0 0 0 0 0 0 0 0 0 0 0 0 0 0 0 0 0 0
1.39000954902708 0.279581407897591 1.19388201191853 0 0 0 0 0 0 0 0 0 0 0 0 0 0 0 0 0 0 0 0 0 0
2.46436294312756 6.42946674891217 4.17088507578209 0.102476328657863 0 0 0 0 0 0 0 0 0 0 0 0 0 0 0 0 0 0 0 0 0
2.70621033977109 9.8279836409258 7.00219024134577 2.81763565773412 3.43661594507374 0 0 0 0 0 0 0 0 0 0 0 0 0 0 0 0 0 0 0 0
2.59023412876693 1.13223736266937 0.819208767979223 1.13327408831743 1.61516658277904 1.91794000838602 0 0 0 0 0 0 0 0 0 0 0 0 0 0 0 0 0 0 0
1.81062409244638 0.987142925977303 2.85396915762026 1.02048784358053 0.0541706401200991 2.1508791052463 6.12977006348731 0 0 0 0 0 0 0 0 0 0 0 0 0 0 0 0 0 0
2.73739904632444 2.7240929880094 2.08942504441499 1.83722334215096 1.0402870202877 3.31095927776133 1.14420253198903 1.4437865236363 0 0 0 0 0 0 0 0 0 0 0 0 0 0 0 0 0
0.13251547097534 1.31387458183809 2.49160943180122 1.17860900925007 1.40417011479335 0.895861258003454 1.57307332426375 4.01820833162601 0.186248625480702 0 0 0 0 0 0 0 0 0 0 0 0 0 0 0 0
0.515954584846783 1.80146780770107 3.3583646360637 3.06905853829098 1.61080883464181 3.94769691229872 5.00083776797264 2.47194042224722 1.85349494579041 2.39800170824803 0 0 0 0 0 0 0 0 0 0 0 0 0 0 0
0.10467829598644 3.65493088187616 5.12047818377153 0.00313720814592958 0.733794923581964 2.41784243469114 1.03431802180182 7.58343149347658 2.69388663398573 3.25549976656107 8.99602611755868 0 0 0 0 0 0 0 0 0 0 0 0 0 0
3.74418546115228 3.19767930968807 1.30789980669474 4.45323395596501 0.0509598661511074 0.411639015499195 0.784081596239245 0.746442337699494 1.31088913124786 2.44015478948559 0.699180976215121 2.3202268793012 0 0 0 0 0 0 0 0 0 0 0 0 0
4.33108514300828 2.30277044628778 1.37690004931578 2.87060116395479 0.178847535629827 3.52604587495372 1.27803135721745 3.13767157472134 2.21262376594697 3.60886382739481 0.143012467970435 1.76484314681617 0.0106353085101864 0 0 0 0 0 0 0 0 0 0 0 0
0.161032173417463 2.31843670582417 1.26391302961721 0.413766015826579 1.72389161471903 0.379146639435988 4.61595686312266 3.48601390700344 0.126842130479472 2.12306446371096 3.79808684196547 2.16670055338109 1.37884583764068 2.1313818420952 0 0 0 0 0 0 0 0 0 0 0
0.281590045344215 5.17687649902011 4.0604783683942 4.18209049953889 3.11249833797169 6.15107797503145 2.52212349953569 1.89950817175551 4.114215894936 0.814216466370589 2.33699197253897 0.329977852367948 3.97847446031913 1.77084063736083 8.48366004882376 0 0 0 0 0 0 0 0 0 0
0.198709858733224 1.55271993607059 1.75024459511793 0.800105065095912 2.47805843689457 4.94342485048579 1.51407779822031 4.85498183361898 1.26916273656946 0.992930482310906 1.75856073988445 2.98227409065578 1.05784042716439 1.02227879667016 6.64327287034795 0.611381952618071 0 0 0 0 0 0 0 0 0
0.211397342520852 1.38979374853699 2.69100192033167 3.87139279900738 0.399218960709694 0.717797146985444 0.884933411025095 5.91165947522061 0.37060427098204 0.4699282809842 3.1658719824338 0.0387347854769901 3.18930318837267 0.0672183984905192 0.208191449274499 0.613755092355573 0.843440636617718 0 0 0 0 0 0 0 0
7.01059641325451 5.99097663807218 7.85884154092844 1.56197380276329 4.8730388419204 3.73754726290552 0.00697520667802409 4.66531919123479 1.47586976792243 5.04506487416178 5.34113591406938 2.85473167614253 3.16417224738027 0.715389827420462 7.72438687341227 0.0485622961344363 0 0 0 0 0 0 0 0 0
2.85480750308024 10.6955834260456 3.49783277056699 1.80026491588829 3.18071526407032 0.863234831958414 4.14495443439881 2.44685470961964 0.71175734727517 6.61637452478687 8.52744706748515 4.00884425782442 2.35210444433863 4.09213665224138 0 0 0 0 0 0 0 0 0 0 0
1.90750472910212 2.77278449147766 7.30215153358103 4.7785020272275 0.0976417084526201 1.40055228795561 1.14201433721622 4.18009593713634 3.17535743999944 4.48502126361773 7.31660054800296 1.3609425353879 0 0 0 0 0 0 0 0 0 0 0 0 0
0.394725919147504 1.36329844583362 1.69863159281565 0.173653151907016 2.66430966384299 0.760568773683994 2.02428774141443 3.55205723007002 1.94835899431725 1.74655245267913 0 0 0 0 0 0 0 0 0 0 0 0 0 0 0
0.989667640444421 5.49645478665926 1.54072201163933 4.73813689026989 0.112755773953928 3.69765097504597 2.51455480772322 6.24560636763059 0 0 0 0 0 0 0 0 0 0 0 0 0 0 0 0 0
1.56747545844238 1.99680760490846 7.18768643224697 0.51896155256358 3.66951468480401 2.5658720564774 0 0 0 0 0 0 0 0 0 0 0 0 0 0 0 0 0 0 0
0.946280511364403 1.43028448665445 0.845745447360611 0.362170552559825 0 0 0 0 0 0 0 0 0 0 0 0 0 0 0 0 0 0 0 0 0
0.637381186882429 0.822331778316617 0 0 0 0 0 0 0 0 0 0 0 0 0 0 0 0 0 0 0 0 0 0 0
