0.111125618735562 0 0 0 0 0 0 0 0 0 0 0 0 0 0 0 0 0 0 0 0 0 0 0 0
7.99356136401696 11.2120722665227 0 0 0 0 0 0 0 0 0 0 0 0 0 0 0 0 0 0 0 0 0 0 0
1.0094412798841 7.78577678154848 14.2373894748766 0 0 0 0 0 0 0 0 0 0 0 0 0 0 0 0 0 0 0 0 0 0
0.0359815735450074 5.08738639893123 5.95798211700133 0.68105652507111 0 0 0 0 0 0 0 0 0 0 0 0 0 0 0 0 0 0 0 0 0
0.0114786205601127 1.83475159236889 0.435720800342882 0.344590511903622 0.446696299571678 0 0 0 0 0 0 0 0 0 0 0 0 0 0 0 0 0 0 0 0
2.13883214994034 0.469995472260968 0.674911327660687 0.493634934103366 1.48237577504138 1.6468914807396 0 0 0 0 0 0 0 0 0 0 0 0 0 0 0 0 0 0 0
1.71144901786364 1.20568483928674 0.736439207329249 0.305930560516787 1.0716477130563 2.18348538754112 0.520399401501363 0 0 0 0 0 0 0 0 0 0 0 0 0 0 0 0 0 0
0.797379329457723 5.16297457181947 3.77348472954328 1.45735857101917 2.75976898151491 0.383350077504629 0.522568254556985 1.51933833106746 0 0 0 0 0 0 0 0 0 0 0 0 0 0 0 0 0
0.570621670908137 4.02591682390249 5.03996249963222 2.08737456367843 2.22986138560277 1.1043643137484 0.639633630648125 1.87355350334902 1.59797759236082 0 0 0 0 0 0 0 0 0 0 0 0 0 0 0 0
0.725210917402845 9.37595788812651 4.24443321398213 7.75184179552538 0.363594637066232 1.32185674972275 1.53987827710419 0.721060475754552 2.44974806312436 0.151772976083385 0 0 0 0 0 0 0 0 0 0 0 0 0 0 0
4.96188390278774 10.3874353154528 11.9471859874758 3.49512084790758 2.99836023221118 5.46255032089353 3.366378651656 0.449765912628359 0.105390639836533 0.000859034515085123 0.759753637816893 0 0 0 0 0 0 0 0 0 0 0 0 0 0
5.89095516108362 10.6070826377911 3.59223295165861 0.574953227429569 0.827561894066373 1.74213835284242 0.66260388527606 1.01608958619549 1.18214636779974 0.733964993714596 1.0933131305399 0.58067364867856 0 0 0 0 0 0 0 0 0 0 0 0 0
6.33635571092612 3.90135925361049 3.73670012060929 3.88882693849983 4.83047161588095 3.92170903270555 0.29762578781641 1.50226080371478 2.55818516993895 3.48482973435948 0.254779551512573 1.89318730640351 1.30947278281344 0 0 0 0 0 0 0 0 0 0 0 0
3.72522293157461 3.74787918367787 3.02388187228005 4.23722908982846 2.4816562373505 0.384091076957279 0.173355881565712 0.160727007780982 2.32063517458142 0.169951163900008 6.98783833175019 3.51304085325679 5.11334209337426 1.90704827241374 0 0 0 0 0 0 0 0 0 0 0
2.83680429635414 1.05403216610425 2.60731168160157 0.239863270598942 0.599470249052582 2.31680233238803 3.0596478542498 2.37394797399085 0.06550068110647 1.05785617670121 0.409883241722393 7.37003090775075 0.344373933114721 0.384715808627782 1.95982319503461 0 0 0 0 0 0 0 0 0 0
0.345774044832402 3.45949292207098 1.54440069305445 1.75407340926762 1.20424555672077 2.09951648180598 4.38455975179576 1.79009203074465 1.12733254552802 1.14349168562093 0.951089187308706 0.68734402430542 1.01583669104077 6.17983245937198 1.36928512179702 0.598953780258492 0 0 0 0 0 0 0 0 0
3.43768939003032 1.10284619747048 1.29145129103988 0.154315418238019 0.664646368557963 0.558298432284923 2.89708277434564 0.100147297555341 0.600955184154663 6.30702178529046 0.537833093091797 2.12972974854804 0.521440455537711 1.1826185870639 0.142376578996035 5.16864758561367 9.41721131096846 0 0 0 0 0 0 0 0
4.69930892346464 1.56456894075151 2.16831173812489 4.72054847921287 6.07219732929694 0.496648569741736 1.67803411110802 2.11164406395908 3.09767518810491 5.41649766499624 4.6297485878674 0.52446039097724 0.979816517399337 0.655049743194922 2.60719125263372 0.948158963435223 0 0 0 0 0 0 0 0 0
0.901635510131822 1.5274316902086 3.75863056374368 5.18086400159361 1.15119283365868 10.8987780347867 0.699120947536403 3.20383513479657 0.124076892752025 1.39182041139255 0.843137651741353 0.185344949764467 0.40164900366656 12.3640130497602 0 0 0 0 0 0 0 0 0 0 0
1.31856404916152 0.0261400331914413 2.19832678128058 1.344184300539 6.53174172342725 6.14967319345505 8.07688942375465 2.19885521075249 1.25119299352103 1.22517758408062 1.13563531684411 1.03475749073742 0 0 0 0 0 0 0 0 0 0 0 0 0
0.4720036685812 4.09293087967509 1.20168193415026 3.2311261950766 1.60972710843876 1.45407363678893 4.3879894181148 0.278712841864325 0.321350612721174 0.160098699170192 0 0 0 0 0 0 0 0 0 0 0 0 0 0 0
1.56447979654467 0.186744056570613 2.31650422315808 0.147055983571396 0.106182552243712 2.3169085381581 2.11149389215656 0.383128846086576 0 0 0 0 0 0 0 0 0 0 0 0 0 0 0 0 0
1.23613687528326 0.762704532001447 2.29297694898742 1.50773774586467 1.45142330866634 0.830291014302165 0 0 0 0 0 0 0 0 0 0 0 0 0 0 0 0 0 0 0
0.703644321218331 1.54513412942219 8.03697672638964 1.28980488279635 0 0 0 0 0 0 0 0 0 0 0 0 0 0 0 0 0 0 0 0 0
1.03939865578205 5.87008133030959 0 0 0 0 0 0 0 0 0 0 0 0 0 0 0 0 0 0 0 0 0 0 0
