0.01231712619287 0 0 0 0 0 0 0 0 0 0 0 0 0 0 0 0 0 0 0 0 0 0 0 0
1.64416719929294 3.13460690396243 0 0 0 0 0 0 0 0 0 0 0 0 0 0 0 0 0 0 0 0 0 0 0
3.4719011899493 10.1224039463398 9.54574400993426 0 0 0 0 0 0 0 0 0 0 0 0 0 0 0 0 0 0 0 0 0 0
7.06387153063113 10.7756039047612 5.94290836968338 4.51380949991808 0 0 0 0 0 0 0 0 0 0 0 0 0 0 0 0 0 0 0 0 0
7.70148575511042 4.19713649635021 3.94700817599316 6.44353842553285 3.36161899027846 0 0 0 0 0 0 0 0 0 0 0 0 0 0 0 0 0 0 0 0
4.36393918189888 6.90995270365497 11.299093752188 8.99647067794022 4.01526210083558 10.0970380861878 0 0 0 0 0 0 0 0 0 0 0 0 0 0 0 0 0 0 0
4.03353597069096 8.73325835392907 7.31762891420501 6.99428647502614 9.5460522065884 7.32126838871679 3.22274532117635 0 0 0 0 0 0 0 0 0 0 0 0 0 0 0 0 0 0
5.59576596448264 4.95865415673324 6.78096982030759 9.63113304445554 1.38315447848913 3.55614836485638 0.463409574624729 0.607601194277318 0 0 0 0 0 0 0 0 0 0 0 0 0 0 0 0 0
1.94865035081663 1.85208482428329 6.98710893769474 1.01615366458067 0.946173433616101 1.45178246238142 0.263921141368885 2.25913199873247 3.9325596430691 0 0 0 0 0 0 0 0 0 0 0 0 0 0 0 0
3.1321165552507 7.56536309520623 5.76777248622715 3.61296264022154 2.32584648747785 0.354984479797381 2.57459399364381 4.09108494704934 0.566282790420881 0.332260565302753 0 0 0 0 0 0 0 0 0 0 0 0 0 0 0
7.90532395225124 0.92344377363545 2.03629030449993 0.0616419183242547 0.701022796295906 1.62782724648209 7.75852213343922 2.11788069278838 4.3869021663428 3.26121775360247 3.85601227575966 0 0 0 0 0 0 0 0 0 0 0 0 0 0
0.28265544237649 1.56503571082226 0.453462493946981 0.105202138190663 3.55254848015915 6.81377740261446 0.594381891548334 2.94574179090233 2.78241725839093 0.863990486366539 1.30452676156917 0.189793963686865 0 0 0 0 0 0 0 0 0 0 0 0 0
0.71257112422981 1.4956213513495 1.41101005549758 1.31475075167504 1.5870252135871 2.67021671333863 0.924078027256341 1.17605972041997 1.00686061095316 1.21511732759996 1.85521663887994 1.10616322044241 1.79808185564321 0 0 0 0 0 0 0 0 0 0 0 0
1.59817735222797 0.613105943846791 1.18107372742417 5.76919006316924 1.18264350219093 0.667873639341835 3.64551296319531 0.254471746667582 0.00695016839106866 2.95118261248118 5.44920767910545 0.14855182373979 5.3099362027031 4.82037167049854 0 0 0 0 0 0 0 0 0 0 0
2.62842379785199 1.05458582717117 2.76394816663601 0.456190630455934 0.32175118825662 2.25521590176654 1.35375176005038 2.20392546259344 1.9376976844407 0.662989314502012 1.63075614017294 0.642496941558639 0.70880703124091 0.394027676989039 1.91327896135482 0 0 0 0 0 0 0 0 0 0
1.16656805796763 2.08807341966259 2.11961410041618 1.26973036443602 0.798513859775579 0.378711027689906 2.94141326499107 1.55737427846463 2.32240953318918 0.292760359351524 0.19523760445341 0.251753954853708 1.53029059626765 0.89066300559482 0.392150016998228 5.39973837565122 0 0 0 0 0 0 0 0 0
3.59635263234727 1.56330504535178 3.67325035553529 1.30742461620266 2.80545159895163 2.77662598884246 0.682991324390011 0.902407792643994 2.89012394309268 4.49101329206177 1.55688130976207 0.0417419709005715 1.30546568378247 4.97289841577822 0.876660922794321 7.1468403502148 2.40907769888273 0 0 0 0 0 0 0 0
2.56728204973189 0.74984970815018 2.04967760858116 1.67539689339159 1.53212498102613 2.9403310437353 4.11914473297819 0.944745186359989 2.31620764834248 1.17110361181638 0.948551405233897 1.72966297645841 1.98873958447171 1.91465617547152 1.38711940271842 1.43143933872641 0 0 0 0 0 0 0 0 0
0.0827617962587563 1.92610463849272 9.21790226529955 0.683103943764232 0.116626140580803 0.908450537929086 0.63686923067476 2.24668638568509 1.64952743044813 0.0399558294595292 9.39434884451248 2.07165943053089 1.79797315402206 0.15741006018511 0 0 0 0 0 0 0 0 0 0 0
3.00710616423873 7.54818216203666 0.473401886113404 1.60872412043253 1.14749127015557 0.73174325727909 3.96881642751862 3.45888999219788 1.92274607879105 2.06561413693344 4.55915809916521 1.29005551810835 0 0 0 0 0 0 0 0 0 0 0 0 0
3.03346951660554 2.13237562079945 1.18300665708386 3.07541874782452 0.878552902421814 0.497511580502138 0.852340438622692 1.06962736150858 1.38716121443107 0.649211901665963 0 0 0 0 0 0 0 0 0 0 0 0 0 0 0
1.03285433866824 0.263793276065342 1.38805486505192 0.756169589853945 0.728686831435533 0.98723540785534 0.884808367459442 9.0399827667435 0 0 0 0 0 0 0 0 0 0 0 0 0 0 0 0 0
2.21356917517221 0.241799508067962 1.05370661233177 0.0781830530701294 0.671717885195616 5.85565250250465 0 0 0 0 0 0 0 0 0 0 0 0 0 0 0 0 0 0 0
0.404307986694926 0.503563223116832 2.26395281570993 9.49259128138906 0 0 0 0 0 0 0 0 0 0 0 0 0 0 0 0 0 0 0 0 0
2.72907070082409 1.38662750129355 0 0 0 0 0 0 0 0 0 0 0 0 0 0 0 0 0 0 0 0 0 0 0
