0.155234516072633 0 0 0 0 0 0 0 0 0 0 0 0 0 0 0 0 0 0 0 0 0 0 0 0
6.69159300262079 11.989809256157 0 0 0 0 0 0 0 0 0 0 0 0 0 0 0 0 0 0 0 0 0 0 0
4.09471426867325 18.1176388272248 13.2210056211964 0 0 0 0 0 0 0 0 0 0 0 0 0 0 0 0 0 0 0 0 0 0
5.3719909884718 14.7127095414135 5.40357512416547 0.316559242337024 0 0 0 0 0 0 0 0 0 0 0 0 0 0 0 0 0 0 0 0 0
5.24577944584878 4.50798997239625 0.970481479066462 4.61071012181269 2.62016457917934 0 0 0 0 0 0 0 0 0 0 0 0 0 0 0 0 0 0 0 0
3.54938884073131 1.65300959557034 5.96184266464334 2.84111847152424 3.79561841743137 2.17345958703584 0 0 0 0 0 0 0 0 0 0 0 0 0 0 0 0 0 0 0
1.47334316539844 0.945610028132801 0.0547453055829447 0.0376696995061759 1.9442786071671 1.39756082747437 0.0623701967037667 0 0 0 0 0 0 0 0 0 0 0 0 0 0 0 0 0 0
0.021699099163991 2.10879830020033 1.48635377957507 2.1355690211213 0.0660872122706938 0.437506873921511 0.0130663011136489 0.14094289651936 0 0 0 0 0 0 0 0 0 0 0 0 0 0 0 0 0
1.33312772668142 10.1722446902413 5.3356116891354 4.15637747536768 2.87303646177165 2.19346562294824 3.17123149442803 1.3991495329552 0.998572289797739 0 0 0 0 0 0 0 0 0 0 0 0 0 0 0 0
6.75917025398935 3.8454263214303 4.52553055749941 0.0364350461571658 0.212546495550071 4.34425081038311 0.969679479180671 0.721223900153377 1.54756381195423 1.4156161610358 0 0 0 0 0 0 0 0 0 0 0 0 0 0 0
0.195144747761411 5.25727714007701 2.86735264340929 0.898343127670317 2.09547130526605 1.92810141884205 2.47859916441426 1.72641287527107 0.984427060823982 8.62415422554888 0.765245502617565 0 0 0 0 0 0 0 0 0 0 0 0 0 0
1.50245489893689 1.69839134506309 1.38060673034107 0.850495233167622 0.865403814442476 1.78716166106782 1.16754631872651 4.53746224850712 5.14022271832414 2.41501824140728 0.30860401913332 1.6290747487369 0 0 0 0 0 0 0 0 0 0 0 0 0
1.40726493664119 1.1742790525167 1.80131827709016 0.417069062367133 2.03787738010343 2.42159242592965 3.48454369129352 0.833066469000012 1.84315551963267 0.227276752746831 0.2788496711694 3.23242547695711 3.64583270396946 0 0 0 0 0 0 0 0 0 0 0 0
7.17874912680208 0.31147338406246 0.338709781407493 0.22283065753726 6.6991148562676 1.5456340291522 0.376305501033932 2.29679136220863 0.408742654794602 1.84888806558667 3.72092250093398 4.9586327519472 0.557944455131928 5.8049015071776 0 0 0 0 0 0 0 0 0 0 0
2.72416821636675 2.24671771278093 1.63000378790297 1.23495916023876 0.78902063455368 3.59013029165863 0.879944909562914 2.64366196491248 0.838434567507079 6.16152040834002 0.235340132759971 0.0153567305944628 2.33020459413392 0.205828921045031 3.75905331097779 0 0 0 0 0 0 0 0 0 0
0.680574548529858 2.36440646276618 0.380147224060426 1.85550624007407 4.52553015268262 0.102891969374691 2.47800350135348 1.00077315576377 1.6129726858233 3.67860261416565 6.29167850184243 0.306154996845546 0.119094476468423 1.894588346669 1.06384986013878 0.807928795759614 0 0 0 0 0 0 0 0 0
1.51725085098491 1.24469674194824 0.865170921619827 2.65606811268511 3.75269397751027 0.174490044416916 3.24089880433736 3.37337116073184 3.3802233584039 0.979287618598197 1.41555883421967 1.96699646267429 0.492389859818731 1.14189501734195 0.104233988983967 1.47830208605482 0.247197671446809 0 0 0 0 0 0 0 0
3.62551433151492 0.0163550980177729 3.60971451327594 1.75003858628541 2.34880148980805 1.36143628522134 0.0805910660881228 0.0596638840458595 3.11888224198585 1.81157925259106 4.96195775599355 2.17428758918446 1.94263996705857 1.0610283584108 1.33880863581124 0.85742086808143 0 0 0 0 0 0 0 0 0
0.618339433510501 3.22198976881508 2.78353934007201 2.63105824014042 1.89726813196136 0.562806172768217 0.573259704608735 0.00322397384564789 0.360722548356818 8.15249372630987 0.863764239345249 0.384260245972356 0.0771218419118288 3.01067237489713 0 0 0 0 0 0 0 0 0 0 0
1.61853023959358 2.50198258052354 5.46235055942106 0.40864811356226 0.308423867891836 1.69854567676557 4.05034223624001 0.25950040706564 5.17297902971404 4.67621682249305 1.10958304559119 1.66259444125043 0 0 0 0 0 0 0 0 0 0 0 0 0
0.24685743510586 1.75966116661991 1.83184778606959 2.39366453483663 0.00777092698042172 1.48389349062898 0.385997904549614 1.28066508454189 0.958375525576921 1.37830868581063 0 0 0 0 0 0 0 0 0 0 0 0 0 0 0
2.67533111697427 2.06732379769686 1.63369381536505 0.114603121240507 1.81885029229678 0.847986323833706 1.03518936905133 0.0282171664124447 0 0 0 0 0 0 0 0 0 0 0 0 0 0 0 0 0
1.41380067459876 0.915526576102942 2.08891132899949 3.25585328428133 0.828241595643583 3.29246665149837 0 0 0 0 0 0 0 0 0 0 0 0 0 0 0 0 0 0 0
3.45154021152887 2.96989052264407 2.08785594950728 0.0293057501513955 0 0 0 0 0 0 0 0 0 0 0 0 0 0 0 0 0 0 0 0 0
1.4403164520724 10.0437412657687 0 0 0 0 0 0 0 0 0 0 0 0 0 0 0 0 0 0 0 0 0 0 0
