0.307050219250437 0 0 0 0 0 0 0 0 0 0 0 0 0 0 0 0 0 0 0 0 0 0 0 0
4.27317998024519 15.1390078181376 0 0 0 0 0 0 0 0 0 0 0 0 0 0 0 0 0 0 0 0 0 0 0
2.28539483402125 14.5196613916016 6.6550581062261 0 0 0 0 0 0 0 0 0 0 0 0 0 0 0 0 0 0 0 0 0 0
2.38238387845202 6.28998046835672 0.174028546579728 2.43354570086163 0 0 0 0 0 0 0 0 0 0 0 0 0 0 0 0 0 0 0 0 0
2.14564175695026 2.84772174024066 2.11462127681362 6.54339593761514 0.34493150885807 0 0 0 0 0 0 0 0 0 0 0 0 0 0 0 0 0 0 0 0
0.200061571053265 4.03769051561065 5.75327232313371 1.84761632058132 2.84955484251874 3.69468466441242 0 0 0 0 0 0 0 0 0 0 0 0 0 0 0 0 0 0 0
0.332246086953234 0.147856057250219 0.525386021479449 0.243521751535208 1.47015114365676 4.03311492279988 1.03904294444559 0 0 0 0 0 0 0 0 0 0 0 0 0 0 0 0 0 0
1.08704668073802 3.30625269423031 4.8345970301385 3.54587266473235 0.377264937505988 6.16608747607757 5.27813764162642 1.59978830202338 0 0 0 0 0 0 0 0 0 0 0 0 0 0 0 0 0
1.13541451633301 9.15949398034627 2.19616961654167 2.12349770531432 1.39385276389895 3.10483754682968 2.48716681561495 2.8345448138905 1.87671866337157 0 0 0 0 0 0 0 0 0 0 0 0 0 0 0 0
0.812230127776796 5.71237810655866 2.43210607498855 0.115440121163248 3.26447439406269 6.09050365087837 3.18032823012591 1.12946561951094 3.63572552838643 1.07178332389169 0 0 0 0 0 0 0 0 0 0 0 0 0 0 0
0.839292063622603 4.51687030714761 0.423770851436614 2.7635402552357 1.80781171009843 6.29504707977844 1.88042954618377 0.0509826734797193 3.80932554099377 0.00243224786585218 0.641915533217949 0 0 0 0 0 0 0 0 0 0 0 0 0 0
1.87498283945417 1.73476821204726 1.08391919500263 0.201872500609049 3.57194596284574 1.73866159102654 0.791174835341589 3.44979603427443 5.05175363916715 2.97818337557746 2.23142288049388 2.24850470153419 0 0 0 0 0 0 0 0 0 0 0 0 0
0.0863043678083469 2.52072142701523 3.72838331622855 2.06685297114785 0.319126385029334 1.60209288843022 3.53255584176145 0.878701921070222 3.39985076718019 0.159880880307627 3.33799781063475 1.00794952391385 1.59345485913335 0 0 0 0 0 0 0 0 0 0 0 0
1.24477663937794 6.3421506171176 1.83248845242859 0.263634550223385 1.69490894697042 0.389519442498216 1.71240518644949 5.64663461942437 0.899396090313797 2.85481653568001 0.64004346294545 1.43785789118087 0.199446021062324 6.76343382314486 0 0 0 0 0 0 0 0 0 0 0
2.19375677350327 2.73543054697496 0.649530515113989 2.45469430207123 1.17338723207709 0.112360898379633 2.34975701288164 2.64280975668908 2.0226964600638 0.159976844639446 3.98184389831142 0.62191895235116 1.15094056066342 1.70984737390046 0.892402017752594 0 0 0 0 0 0 0 0 0 0
3.12834004416515 2.64798236407442 6.63135490628708 0.222031032157777 0.0309582529714094 3.18684891037375 0.103682509432839 1.29115804520356 2.05656637062712 0.0140981815778962 2.79602253784985 1.33165072204121 1.42498426169251 4.57477385194745 0.220803522200442 1.53357104880607 0 0 0 0 0 0 0 0 0
2.59758890979922 0.539321807844622 0.696595485004546 0.790584426275206 5.75798610425046 0.0841971690683168 9.29865229638312 2.34247607627943 1.41192375625877 1.76231508119687 3.93551836052231 5.28533249567539 9.71107544334154 2.55364760773785 1.51240284075362 0.929061452216701 0.337740212080371 0 0 0 0 0 0 0 0
0.851306784757237 5.97530849695176 1.28601786747972 1.35310320446377 3.27539351063986 1.5860747821764 0.331447423980609 0.3282782110688 0.279272328459248 1.69295518323602 3.61473871598331 2.54394296188015 0.65112675971876 4.76231777834561 3.32675178846876 2.28132468631254 0 0 0 0 0 0 0 0 0
0.398471982051564 0.560401420148684 0.500740780924456 1.5160159594014 2.90330387052757 0.778340488024709 1.32299469417072 0.217561540777873 0.804611309849642 1.71078359747158 0.013673157677918 0.664229234476371 1.33043858277055 0.346723913161845 0 0 0 0 0 0 0 0 0 0 0
2.03836505084477 0.045047646082835 1.93798577860201 1.79095826362287 0.218910110619718 1.89912624944126 1.3421658598976 1.66386853445614 0.642099323500913 5.9248798194131 2.06241354533261 8.864043400955 0 0 0 0 0 0 0 0 0 0 0 0 0
4.41760781190598 1.07033100267216 4.63844678099762 0.409043888841952 2.21346721552761 0.173718710318033 2.74818654007299 2.62102460750002 4.29038766753282 0.520812651138434 0 0 0 0 0 0 0 0 0 0 0 0 0 0 0
0.614528020905521 1.709058915531 0.739696525199206 0.477100855942681 1.18788523596815 0.892070726085301 4.53210525318475 14.1085479388026 0 0 0 0 0 0 0 0 0 0 0 0 0 0 0 0 0
4.74367105308531 1.08528815224557 0.484234871200254 0.735604808521276 0.840475068654483 1.65346050756368 0 0 0 0 0 0 0 0 0 0 0 0 0 0 0 0 0 0 0
0.416427375006167 0.327486051219587 1.15666118688748 6.34580154007926 0 0 0 0 0 0 0 0 0 0 0 0 0 0 0 0 0 0 0 0 0
1.70454254577572 0.564591797299555 0 0 0 0 0 0 0 0 0 0 0 0 0 0 0 0 0 0 0 0 0 0 0
