0.0991067403229874 0 0 0 0 0 0 0 0 0 0 0 0 0 0 0 0 0 0 0 0 0 0 0 0
8.04108197212248 9.62086295152266 0 0 0 0 0 0 0 0 0 0 0 0 0 0 0 0 0 0 0 0 0 0 0
0.219629373704162 5.40772591069773 11.919293694429 0 0 0 0 0 0 0 0 0 0 0 0 0 0 0 0 0 0 0 0 0 0
0.220125930359038 3.11667929900709 8.52357305925197 1.3618946092123 0 0 0 0 0 0 0 0 0 0 0 0 0 0 0 0 0 0 0 0 0
1.05387738601097 2.24532274808032 1.93181813721888 5.16871594755744 10.4480609384283 0 0 0 0 0 0 0 0 0 0 0 0 0 0 0 0 0 0 0 0
2.48334047334429 1.00875325053818 2.09865206355502 7.71251836775317 1.97402717214075 6.05399250992738 0 0 0 0 0 0 0 0 0 0 0 0 0 0 0 0 0 0 0
1.01458068573552 5.57005238019395 0.998511598785335 0.321500099267726 1.10490528143438 2.41804353284355 2.44426549452217 0 0 0 0 0 0 0 0 0 0 0 0 0 0 0 0 0 0
1.03731966823737 7.97680387089282 3.57306196882238 6.77715518333558 2.86972476167483 0.468509675715446 0.61938507473065 1.8533484968944 0 0 0 0 0 0 0 0 0 0 0 0 0 0 0 0 0
3.36220259928989 1.53374032573076 1.7591313657078 0.678562850566317 2.55519309929746 4.17758418066862 1.72887465647307 0.447245006591213 6.35040214843804 0 0 0 0 0 0 0 0 0 0 0 0 0 0 0 0
0.051019132348202 2.03140411098577 9.02992886305718 2.41892309707101 2.54583638895081 2.17069550372616 3.00171388119651 0.112158924710796 1.31455453395078 2.80433136526855 0 0 0 0 0 0 0 0 0 0 0 0 0 0 0
2.03538993941629 7.09531591322148 2.84352929523441 1.44900778573671 1.42312543388599 0.479254081412232 0.209091887115756 0.856278112229058 0.094263310644773 1.84962625928047 1.38726644173307 0 0 0 0 0 0 0 0 0 0 0 0 0 0
0.756892903718987 4.40199793827142 3.61779109062934 2.01687489390219 3.27683094092396 4.13442709063935 3.58335374731194 0.211276654351524 1.27904166405748 3.2215518224155 2.68959420785724 7.85161393820473 0 0 0 0 0 0 0 0 0 0 0 0 0
1.90704968864271 0.673724433965976 2.99335109773501 6.84661978660126 5.1554532467805 3.88355566442039 2.40532042185334 2.14326564858857 0.927153146965766 0.074350419720964 10.6592667597635 4.67701773603716 0.116834475234416 0 0 0 0 0 0 0 0 0 0 0 0
3.32893180511402 0.736749350553868 3.98656497181394 4.3237317396206 2.56245359384744 3.8306003585674 0.268175580995841 0.484056631329411 2.0614699527753 0.751733505603568 3.67129320500698 0.146096370380005 0.914037056128313 0.769476145453929 0 0 0 0 0 0 0 0 0 0 0
2.56875983340946 0.210271241404472 4.82373872864773 1.89057495569519 3.73119381184236 0.133802305174796 2.22023733463371 5.40571964307782 3.73802993414603 0.606909066061385 0.211372394750458 0.896924865151417 3.0588424084403 6.13772475908818 1.00884380834688 0 0 0 0 0 0 0 0 0 0
3.43153108948966 1.92424435527546 2.19353695638929 4.72247237134705 0.507102444416774 2.33673099111083 1.11402974250928 4.39980795034104 1.63272037667714 1.39707821595323 0.986298794309428 3.85309340798615 4.30173340401267 3.15095780550419 0.426910612890163 2.23273619606175 0 0 0 0 0 0 0 0 0
3.64115915838807 0.650194737967041 7.28331953761121 0.527147799580323 0.262781831363163 2.52814142835994 2.20354505451395 0.796632832752272 9.54276904613385 1.90356337081293 2.94792060419674 0.257096189621128 1.73942625856556 0.733698699099785 8.14814104156638 2.49356753495137 2.1673209688219 0 0 0 0 0 0 0 0
0.565218082405402 1.44961783796098 1.02939418467001 0.21702761387089 0.878961958246145 1.54249711713798 1.57376708766558 0.144149998323171 2.48544882653783 0.374906329002871 1.77358021718945 3.12320000322104 0.0423379704887517 5.92239026079219 1.2865864221569 0.255221812420264 0 0 0 0 0 0 0 0 0
2.58140291777503 0.97606371826337 1.43901986313624 3.31884515055904 4.31531480496877 0.0234627840830929 4.60418637428728 3.25707210854616 1.24328217448897 1.75299410939204 0.888036871418179 2.25102740875877 1.43915575855251 2.4924416268242 0 0 0 0 0 0 0 0 0 0 0
1.16425283544522 2.19934454893129 0.148371185930904 0.598569664209396 2.15773298771744 5.53062248202606 2.74754073979177 0.403549304585771 3.29542249966008 0.686520830265797 2.18115329545567 0.933958824168444 0 0 0 0 0 0 0 0 0 0 0 0 0
2.64673429331517 1.93743829338314 0.247730454180766 0.232473604622938 0.382492077304067 0.167469607493658 0.825916035480982 0.31372481755739 0.108642737933421 0.192643332460665 0 0 0 0 0 0 0 0 0 0 0 0 0 0 0
1.05654013337418 5.36157307298075 0.235883777186968 0.0127666195429471 2.8488689675368 9.78057237927257 0.00897364446743871 4.08672768388002 0 0 0 0 0 0 0 0 0 0 0 0 0 0 0 0 0
3.74878658291661 3.4079522656032 1.41786685261912 0.584906716744744 8.97255363873931 0.111659790719424 0 0 0 0 0 0 0 0 0 0 0 0 0 0 0 0 0 0 0
2.94575836139689 2.43381419879266 4.20140922494305 1.5722032536752 0 0 0 0 0 0 0 0 0 0 0 0 0 0 0 0 0 0 0 0 0
0.279087768834355 7.65999459319941 0 0 0 0 0 0 0 0 0 0 0 0 0 0 0 0 0 0 0 0 0 0 0
