0.0591820162841286 0 0 0 0 0 0 0 0 0 0 0 0 0 0 0 0 0 0 0 0 0 0 0 0
5.71469709925972 9.40143387178505 0 0 0 0 0 0 0 0 0 0 0 0 0 0 0 0 0 0 0 0 0 0 0
6.00287024161597 16.9352649300214 14.7316260032933 0 0 0 0 0 0 0 0 0 0 0 0 0 0 0 0 0 0 0 0 0 0
7.5034557496792 16.269567952476 9.32251477022095 9.96170466208445 0 0 0 0 0 0 0 0 0 0 0 0 0 0 0 0 0 0 0 0 0
5.02472989666985 4.87592865540919 6.75493414843148 7.38937688086143 5.89048470567156 0 0 0 0 0 0 0 0 0 0 0 0 0 0 0 0 0 0 0 0
5.73928328777231 13.5779804296598 17.6942100604654 16.1621603873066 5.92425443536121 9.26716719122081 0 0 0 0 0 0 0 0 0 0 0 0 0 0 0 0 0 0 0
6.6696504177758 15.2369771213693 15.2437185093856 7.90323390738058 5.94125019420603 8.50956833571159 10.5251451402671 0 0 0 0 0 0 0 0 0 0 0 0 0 0 0 0 0 0
7.00353356310579 14.1154718853549 9.09346453001336 12.3545757098462 5.09682367167637 14.2948280090352 9.46016820972718 8.19533013435124 0 0 0 0 0 0 0 0 0 0 0 0 0 0 0 0 0
3.68747666647078 3.93736164961539 7.54044700563527 3.68329258207071 2.94477982435605 4.31069943916097 4.30802164834445 1.73456937626526 1.55419814246225 0 0 0 0 0 0 0 0 0 0 0 0 0 0 0 0
6.22114743110342 12.1223069323616 11.0612674230715 15.930823019051 5.62443368401542 12.2901905661952 9.80377340802637 5.50609702282875 0.702802063874436 6.38112835042102 0 0 0 0 0 0 0 0 0 0 0 0 0 0 0
6.94774750227923 9.09742199572097 11.8652081061511 7.52874741455222 7.13300299608899 7.59160972944742 3.12855964178759 1.06893500732987 5.78813270095136 8.91360954628577 2.17133527335451 0 0 0 0 0 0 0 0 0 0 0 0 0 0
4.89553137924537 10.8611944052682 9.86034197049143 8.37361877531882 3.35615444933384 5.73058654174499 1.65237306934911 6.11409505540836 2.92524133827061 8.24029139749378 5.7996583412559 3.49776486092253 0 0 0 0 0 0 0 0 0 0 0 0 0
3.94389581714466 7.28982372053466 7.4374023184292 5.02064971757627 1.2043389832954 1.29343370620895 5.7150273315596 4.4442318647841 1.84090377226715 1.55816114493836 4.16384796682481 2.97962218497922 0.735423509531073 0 0 0 0 0 0 0 0 0 0 0 0
5.5405115818859 12.2880915299319 9.25714220874388 6.20413978329635 1.19517612387826 9.15178086011774 10.6084041433167 7.29436412887797 0.184978750441378 3.13949430135318 2.0228442845029 0.0551765789759161 1.22163586247705 5.34029109504903 0 0 0 0 0 0 0 0 0 0 0
3.41755067089698 5.78026138281779 6.84826444142127 5.78531734622609 5.56177067076431 5.59512063164113 1.31787198570375 4.04705211410689 7.29853160710563 3.49518656512577 3.41840863844337 4.86323171097022 3.63242009429208 1.44243075050132 0.785639272156389 0 0 0 0 0 0 0 0 0 0
2.59334140227254 6.13384231066456 3.98422242534268 9.52692840197953 2.40734030089959 4.68406684275722 4.01633025444877 7.12363125128831 2.12995119419795 1.92836153395297 4.27209294527865 1.97909930959776 0.750955648959419 5.77301460172421 0.588934872252751 0.94311450196513 0 0 0 0 0 0 0 0 0
0.395878412816236 3.4155225553209 5.17377034867824 2.20942785417449 0.483510840128862 3.71270641509681 1.62082168168544 0.0396412290590531 0.368207044995128 1.11729496038948 1.60654678965225 1.92654884693806 3.47278619148753 2.38827714971078 0.229167996827877 1.23972152576342 0.976248046177461 0 0 0 0 0 0 0 0
5.18678452709838 7.67496489377023 9.80544277695536 7.33920974795254 0.30113934466502 5.7469136289392 7.11706172184201 6.37103260545962 2.60261521841515 4.04724962526241 0.463534009968598 2.81170690267988 2.30939802619944 1.49724716801247 9.4581112953898 1.83061728670159 0 0 0 0 0 0 0 0 0
5.56241308834954 3.99740308342289 0.790194741836654 2.41712008821277 6.8465934902109 12.0282869349886 8.92468668377161 8.84300309021629 4.67946820930876 0.361043124507147 0.251508471751663 0.437421306332128 1.39315940474539 2.83482230318025 0 0 0 0 0 0 0 0 0 0 0
0.380323374842672 1.2308358378067 6.36326933211347 8.82136955454561 1.43532143931498 4.6718645340502 8.78628694901563 9.55453353439216 2.69804659931357 2.1261831229983 0.081017961967056 1.25029102898226 0 0 0 0 0 0 0 0 0 0 0 0 0
3.60688924691404 3.94284821137919 0.429613239381219 1.27492114819986 0.848851951632388 3.62925527300552 2.48534651178514 1.6366505313074 3.15377118961911 7.65389283410677 0 0 0 0 0 0 0 0 0 0 0 0 0 0 0
0.306765701878631 0.408516858014529 3.05364244630842 3.52759484634934 2.09846634455408 0.845276000580738 0.613761268882926 4.16111069380864 0 0 0 0 0 0 0 0 0 0 0 0 0 0 0 0 0
5.16490104443024 6.53841518881923 5.71685625759989 7.39803588176575 8.27487988275358 0.477780711436779 0 0 0 0 0 0 0 0 0 0 0 0 0 0 0 0 0 0 0
5.71481547872069 9.64259773589805 6.74634331651528 3.23319359486331 0 0 0 0 0 0 0 0 0 0 0 0 0 0 0 0 0 0 0 0 0
3.92172248147763 4.50458107009832 0 0 0 0 0 0 0 0 0 0 0 0 0 0 0 0 0 0 0 0 0 0 0
