0.356424056264455 0 0 0 0 0 0 0 0 0 0 0 0 0 0 0 0 0 0 0 0 0 0 0 0
7.20899657509687 12.2249151936504 0 0 0 0 0 0 0 0 0 0 0 0 0 0 0 0 0 0 0 0 0 0 0
3.47710606083543 6.48338497392073 1.04664664841417 0 0 0 0 0 0 0 0 0 0 0 0 0 0 0 0 0 0 0 0 0 0
0.158529885185607 0.191066993150178 5.9433126581502 7.29010806702197 0 0 0 0 0 0 0 0 0 0 0 0 0 0 0 0 0 0 0 0 0
0.803380364007784 0.372619259482328 3.73868518032584 0.113852245052903 10.3854123099235 0 0 0 0 0 0 0 0 0 0 0 0 0 0 0 0 0 0 0 0
2.42192405734159 4.91151733513087 2.6462029960516 1.64367516194124 6.18769602101329 2.35766586982684 0 0 0 0 0 0 0 0 0 0 0 0 0 0 0 0 0 0 0
2.56848741639495 4.94644785154818 2.8465147169694 2.10762347170021 2.09335267761666 1.79473601117941 5.88388688311881 0 0 0 0 0 0 0 0 0 0 0 0 0 0 0 0 0 0
3.49224727827434 4.42731854701511 2.43180384440537 0.967070008599798 0.243111560384341 2.26337888235744 1.04923887351337 3.85440996885695 0 0 0 0 0 0 0 0 0 0 0 0 0 0 0 0 0
0.647649279452661 0.292069335405745 3.84049553856705 3.3286333459135 1.35197634290995 2.58478841085769 2.14221153460836 2.50079224236092 1.91224781095997 0 0 0 0 0 0 0 0 0 0 0 0 0 0 0 0
2.0086464763768 0.915232773234156 0.731663489461299 2.46169546423485 0.327841254242551 5.66366959521765 0.917417270493142 2.37442894459306 1.30925064784035 0.730525537733491 0 0 0 0 0 0 0 0 0 0 0 0 0 0 0
3.32788509891446 1.44097045296634 1.70150187149473 0.2445605956629 0.249450542122001 2.79404194067604 0.13712703390616 1.71588918695444 1.01838775631096 0.24280111432029 0.722176800563688 0 0 0 0 0 0 0 0 0 0 0 0 0 0
2.50172405137813 3.84723824939417 1.80988505978293 1.23947016890849 1.99687841776069 3.05667662608048 0.390784158966109 0.706472212348698 0.940644639878695 1.13367316318391 0.826618555669307 0.772443824869949 0 0 0 0 0 0 0 0 0 0 0 0 0
1.27754700484982 0.522489217378578 4.08148565342269 1.61236646739853 4.63470877766567 3.9640017124294 1.03054117949007 1.10164218808889 3.69418086927132 5.8494724341759 1.68382893998886 4.05769304336311 1.0213465128028 0 0 0 0 0 0 0 0 0 0 0 0
1.98544320078878 0.931194110589317 2.81939597981241 1.89386249120005 0.328069279863238 2.58874017176978 5.2682071964577 1.94581832370655 1.65675926492791 0.190051258727352 3.28954682988954 0.19461419264141 1.63906331433328 1.01163491546939 0 0 0 0 0 0 0 0 0 0 0
0.736022859279773 2.37201896717014 3.86595743830311 5.96384650879008 0.411401422754967 0.558188139610226 2.44167879050149 1.25008664544226 2.02780554024469 0.344636763460007 0.11717614087018 1.24860380950003 1.09072211605816 0.552074667253836 0.366872757436472 0 0 0 0 0 0 0 0 0 0
0.963101811483077 1.76529694229389 0.128940666843455 2.04312410369807 0.061203303152569 2.09747702857999 0.222669042724863 5.68347644741473 1.10768306615678 5.09317908113451 0.105987754164472 7.55278008833662 2.35428720335902 0.338144197573243 0.339034600455017 1.0002536042616 0 0 0 0 0 0 0 0 0
1.54333612842776 4.94064126388936 0.584629271383419 2.28188925551823 1.69062589694129 1.49011333575893 0.535129686443681 2.36451625314094 0.279989966596178 0.87039153587814 0.182580718575408 1.82888746560508 2.96291393491849 2.59856291626961 4.37805794797627 0.914868785162193 0.997049905568725 0 0 0 0 0 0 0 0
3.70661242605678 0.197733643742231 1.37620962765038 0.564471456177951 0.7861163033438 2.28569619958865 0.11110441045101 0.13592243787806 1.38140560112269 0.545533525853611 0.792812116469486 2.7969614394048 0.482177575110552 1.08935282797583 3.22262908035933 1.94319303224186 0 0 0 0 0 0 0 0 0
1.10401554088096 6.86773990229909 4.7947411520357 0.0125965906176988 2.43130830135638 1.68229549073191 2.22091326877358 0.969218032928638 1.1339030010765 8.37706572147784 3.18288559784482 0.503470834238121 0.0562225811831623 1.55488560834406 0 0 0 0 0 0 0 0 0 0 0
2.85673549553271 1.18861550789485 0.943705293391226 0.736166384808788 3.93756347229401 1.58431225946189 3.06812762634867 4.17032366865475 3.77933720674153 0.42787312474795 2.46983013170714 0.639022312830524 0 0 0 0 0 0 0 0 0 0 0 0 0
0.159447259480537 1.29217165418668 0.578039896891759 2.5698264973636 5.54287772858187 0.0083565034098985 2.73251796577297 1.4314469548599 0.34306752452606 0.668420485645994 0 0 0 0 0 0 0 0 0 0 0 0 0 0 0
0.588540488353215 1.83476518027643 2.93388205177582 7.37389063643595 2.11383591199452 0.811914242895065 1.14697059694396 0.339719843537172 0 0 0 0 0 0 0 0 0 0 0 0 0 0 0 0 0
1.28451712039572 3.11370455526108 3.75410449776166 3.50338012980077 4.44075084408607 0.936006502082095 0 0 0 0 0 0 0 0 0 0 0 0 0 0 0 0 0 0 0
1.3229452155739 4.66532050589934 3.30672880991561 1.62817896697878 0 0 0 0 0 0 0 0 0 0 0 0 0 0 0 0 0 0 0 0 0
7.05538506124642 1.15768296087243 0 0 0 0 0 0 0 0 0 0 0 0 0 0 0 0 0 0 0 0 0 0 0
