0.337053217896715 0 0 0 0 0 0 0 0 0 0 0 0 0 0 0 0 0 0 0 0 0 0 0 0
3.04914725156779 14.5016614637029 0 0 0 0 0 0 0 0 0 0 0 0 0 0 0 0 0 0 0 0 0 0 0
4.72980975437024 20.2480836030202 13.9202552247647 0 0 0 0 0 0 0 0 0 0 0 0 0 0 0 0 0 0 0 0 0 0
7.30859536895049 17.5463486089916 5.8913788661068 4.81854647436945 0 0 0 0 0 0 0 0 0 0 0 0 0 0 0 0 0 0 0 0 0
6.08651569395029 3.13780041688106 3.15941794997835 5.01520194065821 7.60685268602939 0 0 0 0 0 0 0 0 0 0 0 0 0 0 0 0 0 0 0 0
2.78627045395274 10.9147839065188 13.2528639536686 9.92187235768326 0.13986517898516 3.07597249243674 0 0 0 0 0 0 0 0 0 0 0 0 0 0 0 0 0 0 0
1.72420729384201 12.8586873264679 9.61547398810162 1.52232021739525 3.68078284221948 4.48437482957755 1.78297512301139 0 0 0 0 0 0 0 0 0 0 0 0 0 0 0 0 0 0
5.21598877561682 11.8600312156765 1.16589254815403 11.4634624430253 0.554477112137767 5.21434780093105 0.619086489466233 5.63826383903914 0 0 0 0 0 0 0 0 0 0 0 0 0 0 0 0 0
4.07542941456135 0.791673036566793 5.17765331877184 1.92010657702991 2.2267281424598 0.788151219663275 3.46238588223357 2.55070209748576 0.83404357625874 0 0 0 0 0 0 0 0 0 0 0 0 0 0 0 0
0.493783114997688 0.380456346750981 3.58625439057432 2.21062156559118 0.120978191373778 0.0660011486822678 3.21153172214033 0.211589843014797 0.533686312141446 8.89134643573575 0 0 0 0 0 0 0 0 0 0 0 0 0 0 0
3.80323618492614 1.25819023238657 2.04692355479037 1.68144203258967 2.80565926414249 0.259775547625188 3.27371690872542 1.64035387068537 1.64968110978032 0.678987105640673 1.28806264745205 0 0 0 0 0 0 0 0 0 0 0 0 0 0
1.75799081807533 6.1503312114667 0.0909939033258389 1.05687436756609 0.540294532000682 2.60894666442373 1.67795093313528 0.195481050299446 0.632496207929712 2.15130834388619 1.55515638598768 4.71471416521969 0 0 0 0 0 0 0 0 0 0 0 0 0
2.82757098317033 1.72459008782542 1.07917960526361 1.5414011180899 0.681755853649944 0.661848594446679 0.428711895467515 1.80387891346992 1.47679456849491 0.063968243216049 9.10699630779448 0.251707301428372 1.14155075216779 0 0 0 0 0 0 0 0 0 0 0 0
0.548697562679879 0.45035841369054 1.39071060921897 1.06065906237685 0.689827775826594 1.9804896015858 1.06500454342214 1.45891578434663 0.369512809604195 10.6888067579947 0.534095859766848 0.901937500289036 1.04706604282612 6.56447170576832 0 0 0 0 0 0 0 0 0 0 0
3.51132467528541 2.52435441570088 3.76793842387861 0.387756957655093 3.4709215328824 2.50318652715867 4.29106360644118 0.227719317723348 3.98389914833162 0.162999643244708 0.373925446150366 0.307454139615363 6.66866843329828 0.361272955103689 0.988880461787493 0 0 0 0 0 0 0 0 0 0
1.75553143818356 1.33501078621228 0.140552292690163 4.28813836981363 0.23500808542073 4.11984708165302 0.0246803558533808 3.17099311681122 1.46712607145818 2.6329569752551 0.166966280853541 0.847721072302645 0.388750123258599 0.901545229271221 2.5941705121033 5.19062776042629 0 0 0 0 0 0 0 0 0
0.313202541274077 5.74706159842837 0.191133932559992 1.22965983388704 1.84083189950205 2.93230588185807 1.68923561101279 0.139774781189877 1.82485879779257 2.42480968612083 1.72951117897304 0.237565851328539 2.74823161185704 0.338835477479957 4.98598744904669 1.79940533971107 0.770416705780306 0 0 0 0 0 0 0 0
0.742238991108546 0.927709225726312 4.30255209066019 1.70281563077289 0.572448152399526 3.05768336418569 0.958019201583158 2.30307631924613 2.09685135895307 0.285806753209967 1.39807235270677 1.6335025994912 1.48941832243333 0.326472477366034 0.0181384486149645 2.24948940897095 0 0 0 0 0 0 0 0 0
2.5753154554322 0.279421673224654 2.09479543830857 2.04305767851987 3.55549615984761 0.814753235342178 1.50512932454579 0.227871872008025 0.655447440018526 0.624987804188038 4.71798254847564 1.57631169388194 2.68190041611875 0.152348899476703 0 0 0 0 0 0 0 0 0 0 0
0.376788182524292 6.08039214611559 0.0790982480547759 4.36150901089492 0.123986316491186 1.94281188029575 2.33808296130313 0.822564675646344 0.234747363877044 2.193505828753 2.39473443064214 1.93519491026795 0 0 0 0 0 0 0 0 0 0 0 0 0
4.04732408133491 1.85433011987449 9.86306541480193 1.5361068485165 1.45044239446142 1.24348419508676 8.6467313941545 1.45963589529737 5.38692990977364 1.38194693924622 0 0 0 0 0 0 0 0 0 0 0 0 0 0 0
2.35230025730375 1.92709752650319 0.516059100625105 1.17315553140223 2.29243533293979 5.55923647499735 1.28433869980184 0.0831240703562976 0 0 0 0 0 0 0 0 0 0 0 0 0 0 0 0 0
3.85416575550761 0.618398159977755 3.23223106063601 0.498544619427586 5.71599224372131 1.37169023647887 0 0 0 0 0 0 0 0 0 0 0 0 0 0 0 0 0 0 0
1.20857876611946 0.263521346710751 0.340570318560231 2.8075396456716 0 0 0 0 0 0 0 0 0 0 0 0 0 0 0 0 0 0 0 0 0
2.52872348712739 5.85435751831877 0 0 0 0 0 0 0 0 0 0 0 0 0 0 0 0 0 0 0 0 0 0 0
