0.382736068364265 0 0 0 0 0 0 0 0 0 0 0 0 0 0 0 0 0 0 0 0 0 0 0 0
1.99689753161816 6.64094774598678 0 0 0 0 0 0 0 0 0 0 0 0 0 0 0 0 0 0 0 0 0 0 0
2.86698085732535 11.33684144577 9.54293397427946 0 0 0 0 0 0 0 0 0 0 0 0 0 0 0 0 0 0 0 0 0 0
5.53358323702938 10.6004154222327 1.60948798775115 1.9719857758557 0 0 0 0 0 0 0 0 0 0 0 0 0 0 0 0 0 0 0 0 0
4.67418360926834 3.43811691268133 0.363580125494433 1.49723122082732 3.81238310380547 0 0 0 0 0 0 0 0 0 0 0 0 0 0 0 0 0 0 0 0
3.93873210120528 3.48248586865311 0.85225559835555 2.88482396487982 0.912973396037936 1.21264358883647 0 0 0 0 0 0 0 0 0 0 0 0 0 0 0 0 0 0 0
1.07928076819084 2.22277882414868 2.24578754138653 0.862430050400884 1.58184006584161 0.0407559326759865 6.13669420049073 0 0 0 0 0 0 0 0 0 0 0 0 0 0 0 0 0 0
3.63187428750558 1.79350805856707 0.820839372145719 2.36195770434982 2.02355302508023 2.44974642336439 0.649529277325475 0.262302829808619 0 0 0 0 0 0 0 0 0 0 0 0 0 0 0 0 0
3.03216439461852 2.0781048023986 1.2958384312285 0.734245958308829 3.33441468822768 1.28693079558908 1.80331793871347 1.06075418048824 0.32001975098277 0 0 0 0 0 0 0 0 0 0 0 0 0 0 0 0
6.6377286181921 4.89256198386994 0.44293021301522 0.983905832366728 0.105395258251918 1.45690180334454 1.02912050217241 2.01221836821821 2.29146346566491 0.700937525639605 0 0 0 0 0 0 0 0 0 0 0 0 0 0 0
1.9209901601845 0.18233402576745 0.376181732489428 1.2920899982561 0.0032215867643604 1.94583324712231 0.212189709756311 2.04593513101473 0.27305825609949 2.46956750191892 1.99143159321064 0 0 0 0 0 0 0 0 0 0 0 0 0 0
5.92836449906447 4.21017939104822 0.725272488068106 2.41683080031556 8.21556916134351 0.269804480979316 0.721899884642497 0.213538797000591 0.857696837433917 0.248279186582622 0.0577547710458551 2.93543340966895 0 0 0 0 0 0 0 0 0 0 0 0 0
1.67942744374289 1.37665889040013 1.44055087317228 0.264578964017093 0.104874756765816 2.91875106528165 2.320482358223 0.607644555481705 1.86987369269232 1.30107671509377 0.104511485580706 4.76458261066012 0.0926641754700686 0 0 0 0 0 0 0 0 0 0 0 0
1.52438918124235 4.78212309779909 7.87369514209911 3.77371587489049 4.76661444559668 3.67599890255434 1.69753107831165 4.83325493226031 0.307198789754624 2.62785137836015 0.25626589031207 1.6703446945148 4.85738269122727 2.20365710100231 0 0 0 0 0 0 0 0 0 0 0
1.22623330390304 4.75743522919242 2.19430608686926 2.83237491733645 0.343629174179674 5.73207385940326 1.14241848751563 0.420438663258903 2.64894924260886 0.203587591297969 0.970858750318767 5.56668245521554 2.70374982603281 0.534752732345851 0.519382277840347 0 0 0 0 0 0 0 0 0 0
4.93437203136487 2.94967103351466 5.35174718949686 0.380408710908453 3.33061243434981 1.49087351858687 1.22827706288069 0.114997409267407 3.05489403353122 0.103579817144786 0.414127959873432 3.18285733577298 3.90651492161378 3.34934393574526 3.55968886540387 3.49064230156303 0 0 0 0 0 0 0 0 0
2.9426338506455 4.74903421541259 6.83343825136903 3.81377039078798 4.14734343633835 1.42864229848721 1.2242325013817 1.77849850580769 1.78486596123992 4.34367567225252 0.286742847947059 0.413361318172511 1.08728266269165 4.2163066327378 2.59849047983514 1.61770901022274 1.69836703556625 0 0 0 0 0 0 0 0
0.50348061156059 8.83427101451664 6.07497265669921 0.710556292211877 0.304163305330402 4.98438147222732 6.32120512224457 0.580351445094278 1.79584732682362 2.97540436029829 2.219732600267 1.08090907327235 0.230166092551005 4.44193123610432 1.22234446939637 0.0804389176126981 0 0 0 0 0 0 0 0 0
0.390741844518733 3.98290965437837 2.24699273941481 0.651145733335898 0.476474532420716 4.0234497785928 1.06739913842881 0.771865372562913 0.500818726123477 2.18163269435737 2.21312289583798 1.46751373940917 0.203479387440632 7.96885600838463 0 0 0 0 0 0 0 0 0 0 0
2.20015051624204 6.38041060695675 0.863815218785843 2.17745241952015 7.7219431724543 3.68831703686785 6.08399465487116 1.90786079383428 1.56524436512553 1.00021307260394 1.12794652581778 0.352277024505139 0 0 0 0 0 0 0 0 0 0 0 0 0
0.162921084673043 0.355660677142913 7.08899929022008 3.12860437738016 0.636783533566344 4.15842971868259 6.10291212202542 2.64855142063082 2.36901397054664 0.974585114335742 0 0 0 0 0 0 0 0 0 0 0 0 0 0 0
2.23647695041951 3.52591895674344 0.679005157441449 1.43992432181878 3.32097654622886 5.69033416717514 3.51930452813212 0.627040641506632 0 0 0 0 0 0 0 0 0 0 0 0 0 0 0 0 0
1.01826108800087 6.89956121868188 1.21303307221902 2.04386994595867 0.38046574196685 5.21460933601737 0 0 0 0 0 0 0 0 0 0 0 0 0 0 0 0 0 0 0
4.46886457413701 2.3141242939803 5.91997446966175 1.06622323210566 0 0 0 0 0 0 0 0 0 0 0 0 0 0 0 0 0 0 0 0 0
0.572547855789963 11.6670476086372 0 0 0 0 0 0 0 0 0 0 0 0 0 0 0 0 0 0 0 0 0 0 0
