0.253504848210783 0 0 0 0 0 0 0 0 0 0 0 0 0 0 0 0 0 0 0 0 0 0 0 0
4.47298235969977 15.0902183051708 0 0 0 0 0 0 0 0 0 0 0 0 0 0 0 0 0 0 0 0 0 0 0
3.06967891727374 18.8072075414444 10.1100696590794 0 0 0 0 0 0 0 0 0 0 0 0 0 0 0 0 0 0 0 0 0 0
4.44348170072015 11.4581819777699 1.74209644405187 3.65662532815523 0 0 0 0 0 0 0 0 0 0 0 0 0 0 0 0 0 0 0 0 0
2.24079333966612 0.31733204517182 0.66987943430213 4.81749208836854 4.16993542677661 0 0 0 0 0 0 0 0 0 0 0 0 0 0 0 0 0 0 0 0
0.0342992342451593 3.75166435482958 1.3424610927267 0.580138780061481 0.917580073277354 0.400628820017409 0 0 0 0 0 0 0 0 0 0 0 0 0 0 0 0 0 0 0
0.85051057820809 4.01255059449644 5.80635363199166 1.28582046420438 2.56479139637568 1.74177662800808 1.37107981118457 0 0 0 0 0 0 0 0 0 0 0 0 0 0 0 0 0 0
0.270283785381524 3.86298086701091 0.790826814080245 3.56663558040009 0.745173629693347 1.26399646654348 0.323356166437243 1.36811065353173 0 0 0 0 0 0 0 0 0 0 0 0 0 0 0 0 0
1.37673051018259 3.11562213189743 0.100531612966124 0.612936602949932 0.925560307401331 5.82935491881707 0.57080136953913 7.2346600971814 0.17721836936848 0 0 0 0 0 0 0 0 0 0 0 0 0 0 0 0
0.0037052146823143 0.0751292207549655 0.872933826052688 0.0497042746781045 3.27513431386021 5.69698739498586 1.28866237304537 2.02274710858321 5.0482003445116 1.49852281892534 0 0 0 0 0 0 0 0 0 0 0 0 0 0 0
1.41281906955526 5.28399399614924 1.57613935294929 3.36392786573689 2.48686507586122 3.25349773065595 0.688647641551251 0.500769918276354 6.54086095520899 0.382082702502339 6.75256354677445 0 0 0 0 0 0 0 0 0 0 0 0 0 0
1.10712453196991 1.2976412245548 1.51125946814666 2.25166724902222 2.45434713248304 4.53347187001656 1.14829935123096 2.61907273120675 3.28898261293552 3.0408159253335 3.12972929960701 0.504100112414432 0 0 0 0 0 0 0 0 0 0 0 0 0
0.340166885078955 2.36459203807675 1.89938620444192 0.272362902206818 2.32633224914068 1.44645751876828 4.02359830587975 1.05916933603673 2.50510339988892 0.332302821081327 0.855973238356768 0.724451591107338 3.22391979249094 0 0 0 0 0 0 0 0 0 0 0 0
2.04194403117567 2.36408807929843 0.437145975444299 5.33695549850084 0.946009460964296 0.164830641954605 0.338444193258541 0.677460707186355 0.286380818768393 3.04883161917155 0.211858545870204 8.9966024852179 0.326434629803643 1.17278937783221 0 0 0 0 0 0 0 0 0 0 0
3.80317190071079 0.745958237092185 1.54972625864854 0.652272719769285 1.33800113985209 2.94783598951448 1.09123038732769 0.202581606057906 4.99296015324459 1.42569477800957 6.76005954502423 1.0168397060324 1.54999168362619 1.8336253920455 0.139203474974859 0 0 0 0 0 0 0 0 0 0
2.52503996277199 0.720949171912586 0.143688218524769 1.63306103856227 1.04940931228848 1.01030804938114 0.382351209173408 0.702750089519543 0.840774901315424 9.43534183267559 0.518349381340512 0.608425119044574 0.438853786564435 1.60493872774678 0.315825623953674 3.5726918852246 0 0 0 0 0 0 0 0 0
3.36049292754869 1.2387981204951 1.14762991829516 0.576914990120944 1.93961027330214 1.06268864844584 0.769177565466379 0.526016698486582 6.36853497667895 0.24116927455201 0.299242341594243 1.56744081169527 4.07056879972511 2.06341064100348 4.100917543647 5.24951302557934 3.98360497541048 0 0 0 0 0 0 0 0
0.567115851187717 3.23166955028672 0.727399898553832 5.24574363405631 0.0460086388768835 0.135999961816538 1.26312755251926 5.29257922442666 0.0789574820637729 2.14007618232729 0.755499059887152 0.30241355711652 0.473733373612765 0.932346968999149 0.15730941978037 5.10572300597311 0 0 0 0 0 0 0 0 0
3.23953406884756 1.97780653173702 2.5597062257734 1.7327464370766 0.0396241781864642 0.689945963494325 2.94415211636284 0.346526621952821 2.08143214360916 1.10823967937093 5.93659013597293 1.12912437484644 2.8830391317112 1.76408732510721 0 0 0 0 0 0 0 0 0 0 0
0.635397639942433 2.61144484068786 0.736237144263255 0.640673540048607 0.153317020545372 2.42505663319588 0.42332984114913 0.433464624926816 2.17121104306164 2.42309352039299 2.03025698170976 8.00793861208608 0 0 0 0 0 0 0 0 0 0 0 0 0
1.36654122234589 3.90975032924376 2.30864311645577 0.552492160386815 0.486779206267464 1.03363754476611 5.72514218842355 1.46670445874694 1.69268791120857 1.26173506222067 0 0 0 0 0 0 0 0 0 0 0 0 0 0 0
0.655676869085389 3.28703587305888 2.5525366426119 1.4822956158097 0.468569420463625 1.08044873783573 0.706428932932388 3.2189436814585 0 0 0 0 0 0 0 0 0 0 0 0 0 0 0 0 0
3.26844277572546 2.75927934346691 5.71322029475587 1.11244821222691 5.78036509762449 0.37001364220863 0 0 0 0 0 0 0 0 0 0 0 0 0 0 0 0 0 0 0
0.11087292455416 2.89400778605935 2.64206121286525 2.52201988852263 0 0 0 0 0 0 0 0 0 0 0 0 0 0 0 0 0 0 0 0 0
0.321354638681165 0.151057716715148 0 0 0 0 0 0 0 0 0 0 0 0 0 0 0 0 0 0 0 0 0 0 0
