0.103829921208767 0 0 0 0 0 0 0 0 0 0 0 0 0 0 0 0 0 0 0 0 0 0 0 0
6.10911247930126 11.0644134766114 0 0 0 0 0 0 0 0 0 0 0 0 0 0 0 0 0 0 0 0 0 0 0
5.7889183415741 17.9576595961677 14.6085668684325 0 0 0 0 0 0 0 0 0 0 0 0 0 0 0 0 0 0 0 0 0 0
7.42880824091476 17.0926749521197 8.85817880544885 8.61277329988434 0 0 0 0 0 0 0 0 0 0 0 0 0 0 0 0 0 0 0 0 0
4.92705670233932 5.06842681285601 6.09770139751127 5.33833381666034 6.59888598022631 0 0 0 0 0 0 0 0 0 0 0 0 0 0 0 0 0 0 0 0
5.34678612580902 14.0432533921192 16.211784267837 13.0190411184086 4.52578259430325 8.64897845967264 0 0 0 0 0 0 0 0 0 0 0 0 0 0 0 0 0 0 0
5.90496541786767 14.9698766498254 13.42989962527 6.40384112185376 6.18667544042419 13.5461521233685 3.9396853905937 0 0 0 0 0 0 0 0 0 0 0 0 0 0 0 0 0 0
4.91304463952683 12.3802473422983 5.98641775476463 11.4827779414334 3.36912303992792 5.96187069818231 0.0301213983776669 2.2679182899972 0 0 0 0 0 0 0 0 0 0 0 0 0 0 0 0 0
3.52324986828655 1.22659814609303 1.67909651112279 1.36017564618964 1.25710031968547 3.30426696705916 0.00130766193951552 0.678490855763472 3.63238331073914 0 0 0 0 0 0 0 0 0 0 0 0 0 0 0 0
3.42494189001466 10.3167348958069 9.305681170429 4.80940615083154 0.0613033682060474 2.24013902371011 4.1823691226661 3.90925254984463 1.79911161694613 0.423317533175738 0 0 0 0 0 0 0 0 0 0 0 0 0 0 0
3.89846791664125 11.3955771418514 6.35699026823262 1.01021839211368 3.52919782354582 1.64679321972671 7.35507037075389 3.64591731424779 3.14825951378532 1.43555258006197 3.46162203290191 0 0 0 0 0 0 0 0 0 0 0 0 0 0
4.74534385403971 7.99547062577814 0.90515621490595 4.47909777396964 0.993275193688359 6.12745553762432 3.01111203648808 6.00417785275632 4.34490608314949 2.03009527351316 5.48987687319461 2.23168099937457 0 0 0 0 0 0 0 0 0 0 0 0 0
3.41012629506665 1.5548922231869 5.26531734272035 2.41976594413094 0.937745480508745 1.12411281602809 1.91074012977616 3.49795409539666 0.127582645812588 0.194186976297235 0.609796211212109 3.4015545148657 1.57450709681376 0 0 0 0 0 0 0 0 0 0 0 0
3.34282076128176 2.75555115238737 1.06886452967068 2.72503070202797 0.469955570315357 5.16175354641743 8.50486283092899 7.93888183309143 6.43368526590097 0.422736567405111 0.838147768244038 9.36692025002182 1.28126049835613 3.5491134200904 0 0 0 0 0 0 0 0 0 0 0
2.15395361070358 1.76862901646048 0.491186601396883 0.322464320219465 3.00634550213089 2.11237164170289 1.96415780132694 1.39751187562668 2.20501516439009 5.44497585728212 2.17407418803936 1.94517168335545 0.157735730248818 8.44093644541444 0.753057647609715 0 0 0 0 0 0 0 0 0 0
0.231945723159513 2.96428311929954 2.09161562288892 0.103452373310183 0.560361679070404 0.367211747738283 0.860661424424783 3.46189229470464 2.25245317641523 1.2909622116623 0.382188725149636 0.888404634772741 0.0632904910475739 1.30206129843293 0.786507093936799 2.27397105850445 0 0 0 0 0 0 0 0 0
1.43419036956315 0.206183000969116 5.01023314375671 3.28752421481043 4.69785654561133 1.33829872668711 0.171605074930309 1.68512140287944 0.800254185295057 3.37467826221206 1.30596197914348 3.7590451854481 2.03596233951399 6.02743136930583 1.80897087116637 0.259313385792213 1.55477688797324 0 0 0 0 0 0 0 0
0.216874866326195 3.4409003987035 6.66839131388349 5.11703466566273 2.11889690553256 2.62318353217061 1.15517636179393 6.05694002874526 1.74852798365976 0.425469127888515 1.64349390037496 1.7453372587512 5.6350911009089 1.03397632087071 0.374315903533182 8.88066729659683 0 0 0 0 0 0 0 0 0
0.85575690643604 0.0767572249112049 0.512462573336846 1.33434660179996 1.78309126527475 1.54619711799431 1.98384925002254 1.18591194727855 2.69164604433975 1.14262797153269 3.32163413274837 4.37593311188999 0.244079895511482 0.598116799962268 0 0 0 0 0 0 0 0 0 0 0
5.06538767469611 7.64978138942658 1.32567669665765 0.0786943899757632 4.94126173604841 4.03043849879428 3.72241128474796 2.22626384131584 0.227771508418902 2.52979435729562 4.70851830929574 8.72710663957988 0 0 0 0 0 0 0 0 0 0 0 0 0
1.7435362343124 2.76240474721431 0.81815022080061 2.67131058898657 2.59609209927029 2.19133873373664 1.59205991227463 4.5086428335792 2.10799476722961 3.59772194160589 0 0 0 0 0 0 0 0 0 0 0 0 0 0 0
1.8257962536613 0.330453598042241 1.96366961783814 3.35182382279778 0.300316963050565 1.08480267323061 3.511882918892 5.07928164333092 0 0 0 0 0 0 0 0 0 0 0 0 0 0 0 0 0
1.57642951608978 0.370554530420223 6.87312494293475 1.15194355762904 2.39492894402942 0.355208965423038 0 0 0 0 0 0 0 0 0 0 0 0 0 0 0 0 0 0 0
0.436859928970009 2.92356125663348 1.06164378615726 0.257886865249062 0 0 0 0 0 0 0 0 0 0 0 0 0 0 0 0 0 0 0 0 0
1.29108170733879 1.04637677143066 0 0 0 0 0 0 0 0 0 0 0 0 0 0 0 0 0 0 0 0 0 0 0
