1.12204325000724 0 0 0 0 0 0 0 0 0 0 0 0 0 0 0 0 0 0 0 0 0 0 0 0
1.22237459255659 16.2143770325749 0 0 0 0 0 0 0 0 0 0 0 0 0 0 0 0 0 0 0 0 0 0 0
2.49334154641062 10.0539990708498 2.40230712419324 0 0 0 0 0 0 0 0 0 0 0 0 0 0 0 0 0 0 0 0 0 0
0.0888880513343716 1.29919283556305 0.172727626031667 0.278386977113342 0 0 0 0 0 0 0 0 0 0 0 0 0 0 0 0 0 0 0 0 0
4.15633144416473 4.52909285358446 2.68008860603581 8.75251790628813 2.56096973338498 0 0 0 0 0 0 0 0 0 0 0 0 0 0 0 0 0 0 0 0
4.84786612055082 4.81445230022102 0.356211281943067 0.20365779872452 6.39619331260158 2.72119789894354 0 0 0 0 0 0 0 0 0 0 0 0 0 0 0 0 0 0 0
1.38395506522676 0.653928507048684 1.24735232440543 0.208718415942976 3.22962625694532 0.507491494907105 1.73771423636128 0 0 0 0 0 0 0 0 0 0 0 0 0 0 0 0 0 0
1.39797607263408 0.350965493071754 0.0743229218056855 2.50810477234935 1.08496619182119 4.55213890199325 0.863471692297662 0.483209047542232 0 0 0 0 0 0 0 0 0 0 0 0 0 0 0 0 0
1.81601349796356 3.88473286564821 1.80409534932667 2.37239498678304 1.78140365429231 3.32143370070281 0.389565022327867 9.34136009666033 2.08332665752927 0 0 0 0 0 0 0 0 0 0 0 0 0 0 0 0
0.213892837505423 3.45165446259608 0.759257593941906 1.05926275492028 2.17608476671063 4.02166298422519 0.310171802754886 0.381780340926391 1.33148954381652 3.11271066824027 0 0 0 0 0 0 0 0 0 0 0 0 0 0 0
0.0178380269375227 0.913322256238489 0.45147665336845 3.15580716003328 3.7557895154325 1.36716773888374 0.244545236954927 0.257070306063238 3.17714845469902 4.00124480996222 1.14885796271099 0 0 0 0 0 0 0 0 0 0 0 0 0 0
4.05039406335168 0.540903689336053 2.26584775029593 0.372174901966081 1.00455579453671 1.12160689430579 1.01160474024691 0.278930621261805 1.101402015686 0.121094813098053 0.983266939079808 0.322497912483702 0 0 0 0 0 0 0 0 0 0 0 0 0
1.40573526137628 0.96730753926743 2.20661761921174 3.78152850956899 3.69375652725017 1.38193373242484 0.881545581000636 4.34051985429272 3.23951228891266 3.57745668598877 2.10909597585131 7.35829835008208 4.74957708727443 0 0 0 0 0 0 0 0 0 0 0 0
1.08895159789972 2.4051141674665 2.88673127644778 2.59487535076121 0.383782010304211 0.038186541743138 1.53734198035128 0.871534706198659 0.534197567228594 2.32322253303701 2.84504891390563 2.49146406247437 2.46866667991384 4.33361278048862 0 0 0 0 0 0 0 0 0 0 0
3.48656246789923 1.97975328618202 2.72643321991364 1.37419021811999 4.33850354188959 1.59801782954626 2.45043867637041 0.0621039119840277 0.702511792116543 8.3731061739643 1.32567073348624 0.474244768652445 0.892183674180616 0.972941311803081 2.13340131843026 0 0 0 0 0 0 0 0 0 0
3.00943067884409 3.18690680038013 1.1178881121351 0.640248043208213 1.19581211125597 2.26617332561519 0.99612180739534 1.73430383900505 0.325700390308998 1.23354503573783 2.40440378511815 1.260781208656 0.548600517428239 2.89180166739659 0.318834316926859 1.30290694888783 0 0 0 0 0 0 0 0 0
0.0170484233350996 1.59348552813653 3.97028234625624 2.96410136528614 2.90268078087826 0.690237915613587 1.42080720341352 3.66160498436441 3.44781142387085 3.81979258995172 1.42461397037209 0.817515693081161 1.79984387302194 0.944200037407693 3.23264114127645 3.4865263824116 3.44070037748 0 0 0 0 0 0 0 0
0.657478153632207 4.7950770577483 0.991552034237535 2.91409493148068 2.85304189339665 0.929157721805741 2.00301547694976 2.699144347483 3.89673458762294 2.19116960093063 1.30082465036598 5.21803592744617 2.7267343333667 0.764136751574244 0.0429982713646482 4.37754099875367 0 0 0 0 0 0 0 0 0
0.0522178364782133 3.21589430371664 4.25840868663789 1.60261072089064 2.83333640273715 2.15601623981508 0.78222284881499 2.42746243236259 2.07619495112814 2.20684636301397 0.923940421983155 0.0991877294381552 0.598870519018712 1.58037792125445 0 0 0 0 0 0 0 0 0 0 0
1.60590908419219 1.91281737377592 0.008292906898479 0.327200195608613 0.778208311686364 1.21799756481054 1.7523391499351 0.803481483717049 1.54983867668024 1.18892649943556 1.14258800507028 0.177959560940888 0 0 0 0 0 0 0 0 0 0 0 0 0
0.0179345548938624 2.54116905241522 0.589314877237841 3.80347136621395 1.64989042308077 0.672259107984373 0.847023020681631 3.95972009443504 1.72130089848684 5.48346016427283 0 0 0 0 0 0 0 0 0 0 0 0 0 0 0
4.68362484750868 0.67668624632471 0.235089950617834 1.60092385522061 6.85647868902445 1.7720558003977 2.31674124054308 0.217804095449558 0 0 0 0 0 0 0 0 0 0 0 0 0 0 0 0 0
0.426012175415197 5.04508315534379 3.12760974522676 0.56696434273942 0.918069196915632 1.61913800778156 0 0 0 0 0 0 0 0 0 0 0 0 0 0 0 0 0 0 0
2.20826130920309 1.87437785672861 3.89012702167977 0.025272601469977 0 0 0 0 0 0 0 0 0 0 0 0 0 0 0 0 0 0 0 0 0
1.61598459033444 2.36625210438653 0 0 0 0 0 0 0 0 0 0 0 0 0 0 0 0 0 0 0 0 0 0 0
