0.0195877245855256 0 0 0 0 0 0 0 0 0 0 0 0 0 0 0 0 0 0 0 0 0 0 0 0
2.43063862025834 5.06053666668108 0 0 0 0 0 0 0 0 0 0 0 0 0 0 0 0 0 0 0 0 0 0 0
4.64946901497047 11.8872476526522 10.0598625839218 0 0 0 0 0 0 0 0 0 0 0 0 0 0 0 0 0 0 0 0 0 0
7.85555887812407 12.2030431209874 6.38819359975372 5.14511664653109 0 0 0 0 0 0 0 0 0 0 0 0 0 0 0 0 0 0 0 0 0
6.95336652003475 3.78211658598613 4.05727158291241 5.10214519208758 7.9248898816039 0 0 0 0 0 0 0 0 0 0 0 0 0 0 0 0 0 0 0 0
4.02798281174669 8.39000931188765 12.592723063783 13.0701382894769 1.47453134638104 10.2294280230144 0 0 0 0 0 0 0 0 0 0 0 0 0 0 0 0 0 0 0
4.48706408314953 9.66094141480786 11.4686066059351 4.30467482182436 0.804614775849669 0.655088577927624 0.19073670419447 0 0 0 0 0 0 0 0 0 0 0 0 0 0 0 0 0 0
4.90265184363322 8.71376243905608 4.57070557174988 0.976724432122124 0.0604554640536955 0.205765254447242 5.5265104962523 4.3199033771815 0 0 0 0 0 0 0 0 0 0 0 0 0 0 0 0 0
4.44493990251961 2.60675855480627 1.30988650340982 1.12691515871392 2.48640669459818 3.9031789946151 4.65094753123009 0.660982108276172 0.226366969170599 0 0 0 0 0 0 0 0 0 0 0 0 0 0 0 0
0.0479801586260299 0.719283416395005 0.870815645643893 0.441393309476824 2.57662776406273 2.53205916429882 5.02833477882378 1.74573847731391 1.58532767211608 3.09833318790594 0 0 0 0 0 0 0 0 0 0 0 0 0 0 0
0.229800240325284 0.473763221673094 0.065602044500762 4.06018295840087 0.192487122543474 2.27631978644178 0.336610343130974 3.9855098467251 5.63602779533536 5.91043397517217 2.3463145914096 0 0 0 0 0 0 0 0 0 0 0 0 0 0
2.74901097082293 0.151824836641853 0.267168847443365 0.0928288396042001 0.652908190858553 0.200600235228216 0.209816727259792 1.54650086560545 3.54067625059295 0.168125531891969 2.72934102949774 1.02436803561308 0 0 0 0 0 0 0 0 0 0 0 0 0
0.542870157395099 1.86867099145531 2.22448801771988 0.881470174241904 0.773861592230135 2.64442472387827 6.30668974386701 4.56170801202267 3.61369114457984 1.31859757923126 3.08417022414531 5.93892521730931 3.43674143904122 0 0 0 0 0 0 0 0 0 0 0 0
0.682999741955734 6.39082135711052 2.03775723489335 8.00406450471772 3.72813821001964 6.62908150423698 6.47384525959937 5.7359277714692 0.0184707987401517 2.81197981561465 4.11455650238643 1.60688267575257 2.1259667129787 0.0937555038259859 0 0 0 0 0 0 0 0 0 0 0
4.28121559443931 2.46730029472033 5.45756093692243 12.1826192129152 7.7291151253165 14.9472253029472 5.78341674745045 2.47688206932322 4.1685752369627 3.85687644622988 3.31623945804861 3.79004737963018 6.54509974553196 1.40220998614139 1.7141758379932 0 0 0 0 0 0 0 0 0 0
1.7906249186093 4.45003393510548 6.07633111188153 3.13455326539052 1.73868566715173 8.15523464961798 0.193402847275716 4.41225271570308 0.582467153076658 2.39082724361375 1.47141369463924 0.349192979745825 1.8925869809566 3.09843993222939 0.028818665766423 1.81574352838748 0 0 0 0 0 0 0 0 0
1.26516720303468 0.584320542599056 0.231449094093005 0.700202626909207 2.78902060262053 0.484384147232634 0.854669122713403 1.76196479979792 1.64311359029665 1.43581705647875 1.23945796498723 0.0247910499678252 1.51735394485018 2.23603362457992 2.80795958827832 3.97800075342383 2.26810749446803 0 0 0 0 0 0 0 0
4.37260229144213 6.65449055784248 10.1114256987016 3.13884319186008 2.35205428476096 6.56369721109297 6.09386970542267 2.77416356275434 2.42533514826673 0.619678039978375 1.81217912828527 1.30312216981628 6.24222834866857 0.423954447755912 1.91365099630906 2.0403361794887 0 0 0 0 0 0 0 0 0
5.2728807100815 8.28782574501392 4.52402319681312 2.06388080842911 3.22073220824907 5.96185990969195 1.90171477621137 6.2750188490557 2.21027033882423 0.888608088921744 4.02377015120155 7.55228261307823 8.00533636095599 2.00653426732871 0 0 0 0 0 0 0 0 0 0 0
5.79888432762039 3.64726374125989 2.68209639847596 8.89937159503981 4.54008956056632 4.36911240801615 7.62950603673977 6.07834785233899 2.42964263012926 1.44833493394257 9.30005344487035 1.69713901451661 0 0 0 0 0 0 0 0 0 0 0 0 0
3.19271632521379 2.03643913858203 6.18588745890351 4.78980639338504 2.03414706804966 5.48648856181538 2.60944845370638 4.36085901954836 1.04797112427918 0.42815939303538 0 0 0 0 0 0 0 0 0 0 0 0 0 0 0
2.65096433748609 0.915079510127425 2.58805772036883 0.90781522341565 2.257866640752 2.37278305946868 0.172262286560879 3.05238836763585 0 0 0 0 0 0 0 0 0 0 0 0 0 0 0 0 0
1.73913170533498 5.26209799562569 1.52140171473553 5.70798373394445 1.85294623294189 16.3942217708638 0 0 0 0 0 0 0 0 0 0 0 0 0 0 0 0 0 0 0
3.54644690045257 3.21538818583812 8.53702221240477 4.72553524111666 0 0 0 0 0 0 0 0 0 0 0 0 0 0 0 0 0 0 0 0 0
0.341726623301794 12.6197951709044 0 0 0 0 0 0 0 0 0 0 0 0 0 0 0 0 0 0 0 0 0 0 0
