0.0436153416061687 0 0 0 0 0 0 0 0 0 0 0 0 0 0 0 0 0 0 0 0 0 0 0 0
4.58449431134573 12.7090417444255 0 0 0 0 0 0 0 0 0 0 0 0 0 0 0 0 0 0 0 0 0 0 0
4.83184067683039 14.071948160355 1.02774299664623 0 0 0 0 0 0 0 0 0 0 0 0 0 0 0 0 0 0 0 0 0 0
2.53775581298662 0.252251944861153 3.63018208065726 4.35882361748402 0 0 0 0 0 0 0 0 0 0 0 0 0 0 0 0 0 0 0 0 0
0.829845015873304 8.51991083186732 1.5033698119004 1.96928392372444 1.21442419401573 0 0 0 0 0 0 0 0 0 0 0 0 0 0 0 0 0 0 0 0
2.57850032309692 4.8192775095385 3.15365095037367 4.32314802213669 3.63365666038338 3.3828300859055 0 0 0 0 0 0 0 0 0 0 0 0 0 0 0 0 0 0 0
5.56485475157853 0.462550446733563 5.11224515877459 1.01533664612916 0.073859596070873 2.76311220540706 0.5864008357841 0 0 0 0 0 0 0 0 0 0 0 0 0 0 0 0 0 0
2.62095787417035 9.65348280461995 2.88499855966 3.73899887036055 5.5978061100397 0.70908652243306 2.6132490340855 0.81607937306909 0 0 0 0 0 0 0 0 0 0 0 0 0 0 0 0 0
4.22351290876176 0.907885739832091 4.02611683845642 3.83078582963225 0.619498919170013 4.26015237755519 1.28250583029774 2.08612616994276 0.398023792205381 0 0 0 0 0 0 0 0 0 0 0 0 0 0 0 0
0.692647448475999 5.26433206328529 2.48528540110263 0.587576491899532 2.78945761131152 4.87889385708929 6.89674450593769 3.45307707159123 6.88411577714586 0.67108365473862 0 0 0 0 0 0 0 0 0 0 0 0 0 0 0
3.20365475016569 13.6826514786094 2.16196422803337 0.137563235878458 3.58052572164791 0.0351818759421058 3.43594180983769 1.77566081446085 0.933288955796249 2.30626414072249 7.13731847641848 0 0 0 0 0 0 0 0 0 0 0 0 0 0
6.86356827782137 2.13083393658267 2.06850996029751 2.03957971524717 0.0515335387386708 5.40300206649001 0.533914621540024 3.14141609429308 1.04296561253386 6.16041838199058 2.4574449239215 1.97967710605799 0 0 0 0 0 0 0 0 0 0 0 0 0
1.06782154853545 0.521457454629591 0.323043830618249 0.659874848398008 0.266376143899664 0.709416133379163 0.991970515095359 4.13932041697037 6.15044528499209 0.819130643600976 0.374302373195196 1.39966701206668 1.52041654273217 0 0 0 0 0 0 0 0 0 0 0 0
2.0318583011159 3.84583342642829 0.399387005065321 3.00647798089859 0.47019001953874 2.50084784541092 2.38066743871207 0.443725051312791 3.17613040230848 4.14296384646503 0.301700446516395 2.82894328037471 0.656525895566398 0.426908846549111 0 0 0 0 0 0 0 0 0 0 0
5.03187610694702 1.63402203471511 0.272143808741381 3.15987161925608 0.160751633894629 3.02656410387364 1.69935274824881 1.13344991910545 6.53356149357958 1.41995897726789 0.114787850829365 0.791066859432826 5.1508585323989 0.818562706387888 0.408886666614925 0 0 0 0 0 0 0 0 0 0
0.42554456922522 1.62382400005148 0.820248635034398 10.3100064498666 0.640024733268964 0.411823277613157 0.375350302577484 3.08068622728079 0.0770860495957103 1.23323844992867 4.37547788022728 2.81832161606045 1.20331376424322 0.0509800646362378 0.138186099944196 3.65087853808153 0 0 0 0 0 0 0 0 0
1.64650729067695 1.37761880150659 2.40861907350193 1.95661687787308 4.69039721963094 0.342023173511436 0.634086368247565 1.49305854243277 1.82692802961719 1.63443126308057 1.94781310046203 3.10395054646229 4.15648636560305 0.113895427072891 0.188892181058931 0.00350865752391082 1.05421652109065 0 0 0 0 0 0 0 0
1.28382177646862 2.72969377053984 1.48567486895011 5.00394898427774 2.53461588826626 3.31930809718081 3.24615288557894 1.73015534005212 1.06882936501271 3.3796009585069 2.13874719310525 1.93672826507128 6.56715829150472 0.852653366802307 4.49161935554884 1.02596823649767 0 0 0 0 0 0 0 0 0
0.895475859495051 1.98049081458953 4.48108592131643 0.273575928599293 1.94758101561406 0.164282220158597 4.24466451570286 1.02583116071102 3.94089476404943 3.38410202794365 0.83388658416377 0.117435390054768 0.0496926980167075 0.0788744859847693 0 0 0 0 0 0 0 0 0 0 0
0.217153653932446 4.83251870738938 1.71090138051897 5.09850040028083 0.652745155239451 2.88680194281345 5.32532662341183 1.04713095583007 2.02236022108204 5.86748793366521 0.842958555057713 1.132449394134 0 0 0 0 0 0 0 0 0 0 0 0 0
1.06755545998694 0.105375487449713 1.83211298974248 3.14273531713577 1.6279298216434 3.74379266732392 4.81846793124656 1.01991014964539 0.653777530002097 2.36004593493656 0 0 0 0 0 0 0 0 0 0 0 0 0 0 0
1.06116572148747 0.657920010147175 7.86349003816268 0.255547662821007 2.44291200554149 0.0926461058787674 0.703984137477171 7.1403800633272 0 0 0 0 0 0 0 0 0 0 0 0 0 0 0 0 0
0.649314530643873 1.71018017242762 0.458522228568093 0.432422442860666 0.298593105111282 0.666280154943861 0 0 0 0 0 0 0 0 0 0 0 0 0 0 0 0 0 0 0
2.16287630959869 4.07754706161191 2.82801700662184 2.66206050908782 0 0 0 0 0 0 0 0 0 0 0 0 0 0 0 0 0 0 0 0 0
2.01027696893309 4.65654516100604 0 0 0 0 0 0 0 0 0 0 0 0 0 0 0 0 0 0 0 0 0 0 0
