0.160524752504872 0 0 0 0 0 0 0 0 0 0 0 0 0 0 0 0 0 0 0 0 0 0 0 0
6.52777801989222 12.6727058616052 0 0 0 0 0 0 0 0 0 0 0 0 0 0 0 0 0 0 0 0 0 0 0
5.34247419974677 19.1805413816233 14.9915010009966 0 0 0 0 0 0 0 0 0 0 0 0 0 0 0 0 0 0 0 0 0 0
6.70974673316088 17.182310973446 9.54552467480148 7.87670106199313 0 0 0 0 0 0 0 0 0 0 0 0 0 0 0 0 0 0 0 0 0
4.25483516167433 6.36855081983032 5.27369413530322 7.13997981769282 3.20380163783422 0 0 0 0 0 0 0 0 0 0 0 0 0 0 0 0 0 0 0 0
6.29194524089264 13.2319824678638 15.202352349615 12.3405916304857 8.52695548684057 3.91677481789194 0 0 0 0 0 0 0 0 0 0 0 0 0 0 0 0 0 0 0
4.88812779090793 14.5128491244646 9.88642288302066 9.20995356039098 0.818149791470223 4.98277569787418 1.36378990652303 0 0 0 0 0 0 0 0 0 0 0 0 0 0 0 0 0 0
7.72982080888194 13.7569288353576 11.5723451139299 5.37536496233198 5.95679999790179 4.68416692461629 13.3277069950762 2.07240001091911 0 0 0 0 0 0 0 0 0 0 0 0 0 0 0 0 0
3.72959215884572 10.700841781563 3.64333714515892 7.94708260517888 1.65432780353195 16.1379443836515 3.81990748632799 1.46035208907154 0.686947267376351 0 0 0 0 0 0 0 0 0 0 0 0 0 0 0 0
5.27511022219671 5.12008008923737 5.87129849562474 3.43915110063059 9.23545886532318 4.54483301050995 1.24278434452775 0.969738936515656 1.8243044642556 2.87952245689492 0 0 0 0 0 0 0 0 0 0 0 0 0 0 0
0.98476099762876 5.50213228992088 2.81100417970742 10.0918920846844 1.27119598203064 2.51544510254175 0.49190083611298 1.28634175417266 4.69841829778205 0.0708251289228341 2.68332789992666 0 0 0 0 0 0 0 0 0 0 0 0 0 0
6.66761652708302 10.3493189378834 8.58628181797869 7.07317400468858 4.35698738677053 3.02269679212603 4.43776381579223 0.312795031124213 1.89947681911716 0.45186088761546 1.38497286828472 1.33365543219319 0 0 0 0 0 0 0 0 0 0 0 0 0
4.78783013247541 16.3935420256961 6.50324444053645 2.75218235890918 0.355822825924265 4.28985611323627 1.41986696129142 1.26494527850218 1.2753704012663 0.901914397358324 6.70663649334996 0.943824287645506 4.25919611280018 0 0 0 0 0 0 0 0 0 0 0 0
4.48186055380565 4.39147915165577 2.62615127334466 3.65004851849042 2.70567215931191 0.700024543372532 0.579341567193834 3.11863187745964 0.109642258741517 11.309081258767 3.75014758111629 0.48886245402352 7.35688944834091 0.165122004130449 0 0 0 0 0 0 0 0 0 0 0
0.213916069622506 0.522665771029601 0.366935692736041 1.78844908660198 2.33107126379666 0.483947602095213 1.75123753548115 1.25412392673337 13.261681731085 5.76839342673164 0.0156589912368577 3.00068173296479 10.3100828577499 1.14738732257378 2.17512288460651 0 0 0 0 0 0 0 0 0 0
2.6378503908709 3.04891893285291 5.65433603606907 1.215851620269 1.2646473964358 0.517031198903228 0.338856362028019 2.05202899365765 1.1339782573015 0.107154582043898 0.0799197921674376 0.906007576335833 0.19168583289419 1.19183102036956 0.171436914336531 0.847976011912339 0 0 0 0 0 0 0 0 0
1.62500455088988 5.62371538191135 6.71537082226266 0.648137967432808 1.317705560973 1.17580641587356 0.570782042559612 1.88714790643822 0.94012383358888 0.409343008601932 0.796501377465057 4.94746466548844 0.872863502319491 1.00027435166842 0.0633194444001569 5.48830331256828 3.55656435240449 0 0 0 0 0 0 0 0
1.94711166986056 2.1730306666925 0.715902488301981 3.15863846728946 1.87010847259516 1.01206062692237 1.4486875116149 0.0360948599517322 0.418045177450419 2.02707076769223 0.469973252182037 0.591954531974226 0.0976227259670295 1.99299949101085 0.412838845294027 0.890740036313069 0 0 0 0 0 0 0 0 0
0.132841918473083 0.390522447305864 0.252528544580339 1.17269559527666 0.00852873843861558 0.15779724896778 0.29920786952688 0.226282308867239 0.597169062805208 0.0170321761359991 3.71599307226064 0.112204887392967 2.06324027398272 1.79851093982423 0 0 0 0 0 0 0 0 0 0 0
0.875369239165546 0.529680911634012 0.0553545059392757 0.0909720179204547 0.00816462781674035 0.651149716036716 0.974336032898722 0.0935945153217411 0.279203461297284 0.508910165999724 0.345167453047854 1.57216132714016 0 0 0 0 0 0 0 0 0 0 0 0 0
1.9172327803065 1.47528489666639 6.23092218801894 1.89417429696407 0.828265854973989 7.20643007439031 5.23974484928767 3.077133884426 0.746184981965098 1.66159923966381 0 0 0 0 0 0 0 0 0 0 0 0 0 0 0
0.868458332178299 0.0713374395638656 2.43376955059711 0.105756749425039 0.26631776461857 0.64463408546582 1.16398330650011 5.60030994976219 0 0 0 0 0 0 0 0 0 0 0 0 0 0 0 0 0
0.116738050398754 1.38134288581644 0.254336783684557 1.7422684488036 0.158897497276177 2.20934112059288 0 0 0 0 0 0 0 0 0 0 0 0 0 0 0 0 0 0 0
4.0371550560396 0.294377938700002 1.00910336336592 7.13492065459215 0 0 0 0 0 0 0 0 0 0 0 0 0 0 0 0 0 0 0 0 0
1.41710024303579 6.90310997052516 0 0 0 0 0 0 0 0 0 0 0 0 0 0 0 0 0 0 0 0 0 0 0
