0.0873926862467062 0 0 0 0 0 0 0 0 0 0 0 0 0 0 0 0 0 0 0 0 0 0 0 0
6.024268167112 10.0988477023717 0 0 0 0 0 0 0 0 0 0 0 0 0 0 0 0 0 0 0 0 0 0 0
5.56930397692265 18.6677253298145 14.1431265368132 0 0 0 0 0 0 0 0 0 0 0 0 0 0 0 0 0 0 0 0 0 0
8.01136187890146 16.6311464167665 8.38087219880696 6.26012053671263 0 0 0 0 0 0 0 0 0 0 0 0 0 0 0 0 0 0 0 0 0
5.26864132641163 4.64900581290083 5.23867888573969 5.67377312023883 5.03405795624462 0 0 0 0 0 0 0 0 0 0 0 0 0 0 0 0 0 0 0 0
4.66796426703759 13.0819508161689 14.9289432843249 15.3692764503008 6.51076528411773 8.05599854775744 0 0 0 0 0 0 0 0 0 0 0 0 0 0 0 0 0 0 0
5.28289813798422 14.0976137873496 16.0772901536884 7.11845796874074 3.28023432426688 4.44720304668509 0.863626134972566 0 0 0 0 0 0 0 0 0 0 0 0 0 0 0 0 0 0
5.26431801684326 14.2211401528478 6.38825748251288 3.43586996174039 1.59792907405289 0.931455478472625 5.82711273137515 7.66789977481957 0 0 0 0 0 0 0 0 0 0 0 0 0 0 0 0 0
3.42384891875228 4.06191071154697 3.4284230189725 2.18514543936103 3.47954953640531 1.4782031807685 6.2980990142619 1.86557340894072 3.38697899625513 0 0 0 0 0 0 0 0 0 0 0 0 0 0 0 0
5.11003411613261 5.65304374499192 2.9629292274524 3.89485816880187 4.3066997478333 9.25704110902977 6.78224736109921 5.7912287282569 3.48621712492907 4.27311742501172 0 0 0 0 0 0 0 0 0 0 0 0 0 0 0
1.45205379394381 3.08299412405945 0.622623686897307 2.80039233789286 3.91431084108276 9.43792954897232 1.62692911788571 0.539083119354878 0.691413020939288 6.04315395406201 5.26402733217928 0 0 0 0 0 0 0 0 0 0 0 0 0 0
0.189281357366891 0.14168434496798 0.081679591162581 5.116566518498 2.59512573635176 1.2174606825721 1.2796003295225 2.29464487171878 1.34287002416209 1.72790190064678 1.4047215383613 3.99010815778892 0 0 0 0 0 0 0 0 0 0 0 0 0
1.59208174244721 1.10912517154132 5.4691852811 1.43514568064477 4.55979301134706 3.7434135205938 0.572916291165055 4.14254766187236 2.09212051065553 2.45069746847034 2.20377334923692 3.72090754179049 1.72038128437994 0 0 0 0 0 0 0 0 0 0 0 0
1.95060847673779 1.86129200991431 1.55555878815303 1.04305283389035 0.781982236791683 6.3730117417767 3.04179674586726 1.00066470974537 0.139377023482085 3.69306954774968 7.86912026818988 3.36210707576307 1.63410404364563 7.66098551544086 0 0 0 0 0 0 0 0 0 0 0
4.48183403878707 6.90573936258381 5.52623989233695 1.80559054659853 2.57570816907026 5.67737445574116 7.15854970504599 2.78132802704898 0.556687901163677 1.28871872317551 3.20771861541129 0.678920766358889 1.11805645691991 2.34845212146648 1.79357522095511 0 0 0 0 0 0 0 0 0 0
0.94446445561965 4.89933418835664 2.04678190352491 4.81078868026841 5.39511434311914 7.02519255213279 3.50261143301246 1.18186600340045 1.1497956687923 1.89194412094492 2.75069407805529 0.924871064976378 1.67748090491344 2.15175394548353 6.49156924350487 1.38826751857341 0 0 0 0 0 0 0 0 0
2.58179301408075 1.39767155273892 0.00379966067809835 3.29391973935472 1.82780359151023 2.66252669713882 1.82143743553428 3.61290252978833 1.63459585743715 0.251235277351005 0.12665436294615 0.659093757610068 1.37925925972874 1.30274761314802 3.97880173027281 1.66227836707497 0.653641416025312 0 0 0 0 0 0 0 0
1.14379695813793 2.6550827179926 5.32806873703137 2.28077217985629 5.15889857837469 1.70692939607681 2.95509651058033 6.45946441891569 2.06485864920105 2.90666015630313 2.96048421426378 2.02640845816094 3.93232217916015 0.941761505736619 4.2593443757058 7.83946283333007 0 0 0 0 0 0 0 0 0
2.39572690834157 2.00086287916809 2.50395817090621 0.676019215060351 1.54932018369642 1.53202300189686 8.92674982529448 3.10141914125558 1.92683722341798 2.81441423091182 1.44022300590429 1.7897917199896 0.580539221348308 4.18667892197794 0 0 0 0 0 0 0 0 0 0 0
3.22213560273217 6.54973251261522 0.151969103592203 0.161825439923334 2.53892730823538 5.91024942242587 12.3839922300649 4.68275556902459 3.44885936145601 1.24191245535114 3.2743700555882 1.30710554244494 0 0 0 0 0 0 0 0 0 0 0 0 0
3.25236284722966 2.2581034610476 0.739155266023201 2.80835822962638 1.48159528989348 3.6276091726317 1.28714910084016 4.81518326293521 2.07812319768985 5.04092499318862 0 0 0 0 0 0 0 0 0 0 0 0 0 0 0
0.18275553326726 4.88834130896293 9.2797781461045 1.67548176655093 1.02206894639499 1.60857565578719 1.79444343905994 2.43442497929986 0 0 0 0 0 0 0 0 0 0 0 0 0 0 0 0 0
0.164367719302245 2.88337694070871 0.406829109772597 3.15967129010549 0.651916017705897 6.64017379477519 0 0 0 0 0 0 0 0 0 0 0 0 0 0 0 0 0 0 0
2.66117615213822 8.0339147458318 2.03537527311518 0.956479688256894 0 0 0 0 0 0 0 0 0 0 0 0 0 0 0 0 0 0 0 0 0
10.8387008060751 7.8859959354393 0 0 0 0 0 0 0 0 0 0 0 0 0 0 0 0 0 0 0 0 0 0 0
