0.48466387173606 0 0 0 0 0 0 0 0 0 0 0 0 0 0 0 0 0 0 0 0 0 0 0 0
4.23827695511865 15.5303791984298 0 0 0 0 0 0 0 0 0 0 0 0 0 0 0 0 0 0 0 0 0 0 0
4.18048281972055 18.8223961404811 13.4632144847295 0 0 0 0 0 0 0 0 0 0 0 0 0 0 0 0 0 0 0 0 0 0
5.80928827851049 15.0287850240793 5.56171453178987 5.86229122654232 0 0 0 0 0 0 0 0 0 0 0 0 0 0 0 0 0 0 0 0 0
3.06238684845436 5.10772305203013 6.36462433291207 3.32975014334263 6.34353319253356 0 0 0 0 0 0 0 0 0 0 0 0 0 0 0 0 0 0 0 0
4.83441161989037 11.3992899030149 6.09371962086149 2.66274378776992 1.05805972195458 3.00544139354693 0 0 0 0 0 0 0 0 0 0 0 0 0 0 0 0 0 0 0
4.03800125710228 7.67970452705578 3.65385481320375 1.42491429981756 1.01753810628196 0.341218361788032 1.61610677210769 0 0 0 0 0 0 0 0 0 0 0 0 0 0 0 0 0 0
4.39688600257951 7.05485841728236 0.791328869655315 0.187776433370695 0.377894743017849 0.59898382632953 3.51748008178187 1.90650220272169 0 0 0 0 0 0 0 0 0 0 0 0 0 0 0 0 0
1.05487838688804 4.52008568465962 3.59491660313215 4.75652768724673 1.61804239636477 0.565705831705095 1.49715562343418 2.86983858764354 1.04516435193734 0 0 0 0 0 0 0 0 0 0 0 0 0 0 0 0
0.0856708234671268 1.09191446583913 0.273209820528741 0.828015844270176 2.61294481822266 0.2594300743688 1.04553474191679 0.915631621318421 0.791776476398873 4.18059283701437 0 0 0 0 0 0 0 0 0 0 0 0 0 0 0
4.20258513970341 9.75697066903887 1.87026516629308 2.10012728265699 3.2404683073691 1.87275111689498 0.814696636892523 2.61904286280137 1.50653527043699 1.01256497859566 1.96382661413927 0 0 0 0 0 0 0 0 0 0 0 0 0 0
6.94932715288115 3.39845290177279 0.700432378181226 0.0523245231443351 0.198929184371319 0.328676283667412 0.10833826299808 0.253217914440671 4.47931507649934 2.19486071393166 2.37302424348963 0.510420166771776 0 0 0 0 0 0 0 0 0 0 0 0 0
0.399913601114899 0.552697884884303 3.0428616938464 1.14050459857161 0.859713970066085 0.60860387371853 0.257140923969441 1.95985381426105 2.84521583070912 6.83330323487915 0.666916347518078 0.45213775295732 2.51203779453904 0 0 0 0 0 0 0 0 0 0 0 0
4.09901818724836 7.0109490561579 2.09818673189931 0.588075990543031 1.07242485818545 0.0662099074079408 4.87313598610802 0.00295664178572103 2.41807085496207 4.12376858206581 1.28823621254302 0.0393429868801048 4.9432420561143 2.239128210749 0 0 0 0 0 0 0 0 0 0 0
0.70037220289657 1.69889977083251 0.152280658264415 2.31748478518929 0.0722301113229658 0.642534195110227 1.2665975504188 4.0792390995798 2.4916623760285 1.79645482459094 2.99383741876276 0.520076531133743 1.01544462845683 5.98292915127146 1.27164524977822 0 0 0 0 0 0 0 0 0 0
2.03358336377619 3.1774490105316 0.827924667656749 2.58232918505519 3.53865115808214 6.56009945091122 1.70666768035668 4.32762046947161 1.19095780080203 3.03866999718126 2.62529502462569 0.350651681241562 0.0522944610161573 1.35270855658279 0.547748616738313 0.232112555409738 0 0 0 0 0 0 0 0 0
2.78280914878574 1.58531266506125 2.20442391332281 4.48991964302933 1.20948505988031 1.7659720532571 1.85851630694304 0.479168647974607 1.48741292804151 1.82520953335914 0.0106929096009666 1.75674270705374 1.3055555622455 1.46616325714323 1.47883074367149 2.77903170223717 3.4648925106037 0 0 0 0 0 0 0 0
1.5714167571754 1.98592626269484 3.3514386120197 1.15663905877436 1.16488557920889 0.797023347217949 1.86628673320901 2.36153463850151 1.10064350944706 4.83283028613252 0.554079835828581 0.199293005739148 4.09750947119802 1.521927973056 4.92401528167696 1.17547074932989 0 0 0 0 0 0 0 0 0
0.764865717593719 3.6680414879735 0.345813601746091 0.252190137180075 0.398085974307066 1.21978662238845 5.45570831007081 2.00843037105303 0.466409045396979 0.81601910107236 0.249741202430046 5.77624180211956 0.617394347852209 2.39847921846579 0 0 0 0 0 0 0 0 0 0 0
2.98539201876373 0.436250275712725 0.0792307002200792 1.11699183663555 0.869920011659597 0.665184959417907 0.0528435685425569 1.01870152003018 1.53877327371781 0.130564540521329 6.11767779932273 0.0645316272564099 0 0 0 0 0 0 0 0 0 0 0 0 0
1.13024448934049 2.94102905937742 5.56924190617921 1.13024053659869 3.44788502766846 4.34191100460159 6.28497072542734 3.72231958082914 0.802345939622519 7.07750417474665 0 0 0 0 0 0 0 0 0 0 0 0 0 0 0
0.0307623697864183 1.13165854504289 0.0768261672223694 1.03221284404683 1.81936301051155 1.07479629670993 1.38068723290756 0.850054311907997 0 0 0 0 0 0 0 0 0 0 0 0 0 0 0 0 0
0.256532931921407 0.190572007442928 6.83249082120063 3.30645522773697 3.55357239223951 0.61208572922307 0 0 0 0 0 0 0 0 0 0 0 0 0 0 0 0 0 0 0
2.48192836848974 1.1875049520466 5.66833608023962 5.72849864733565 0 0 0 0 0 0 0 0 0 0 0 0 0 0 0 0 0 0 0 0 0
0.680037452453689 14.2928266810349 0 0 0 0 0 0 0 0 0 0 0 0 0 0 0 0 0 0 0 0 0 0 0
