0.284734715019559 0 0 0 0 0 0 0 0 0 0 0 0 0 0 0 0 0 0 0 0 0 0 0 0
0.27352105724316 6.57506981338066 0 0 0 0 0 0 0 0 0 0 0 0 0 0 0 0 0 0 0 0 0 0 0
0.940015861521829 1.44164214943636 4.62184434874645 0 0 0 0 0 0 0 0 0 0 0 0 0 0 0 0 0 0 0 0 0 0
5.48897075945501 1.78395437416888 1.70042138871769 1.23629821633808 0 0 0 0 0 0 0 0 0 0 0 0 0 0 0 0 0 0 0 0 0
1.25278115897054 0.881798155744977 0.515854939116577 1.65425889208447 0.874429928593313 0 0 0 0 0 0 0 0 0 0 0 0 0 0 0 0 0 0 0 0
0.258556925336309 2.20185294314793 3.49508414961806 1.85932995063444 0.805618741605249 0.476595562557958 0 0 0 0 0 0 0 0 0 0 0 0 0 0 0 0 0 0 0
2.92591067530434 3.90769995191718 0.954775438869953 1.16310152234951 0.235052905661306 2.77975296082721 2.37282535644157 0 0 0 0 0 0 0 0 0 0 0 0 0 0 0 0 0 0
2.12049735971597 1.96559654573798 2.11162580289904 1.27955502849961 0.538990355992762 0.777096149610169 5.87904772311815 0.112092075102074 0 0 0 0 0 0 0 0 0 0 0 0 0 0 0 0 0
0.106755328910759 0.978491955110853 0.317764220611525 0.87066844080937 2.38227195343124 0.604029108174446 0.515465410323447 2.2524433779536 7.18584209043326 0 0 0 0 0 0 0 0 0 0 0 0 0 0 0 0
3.21553046995803 5.95204625785251 2.30887725014499 0.742836556975476 1.67287785390972 0.175608959513635 1.82533694859602 0.510359779985293 0.352064707221249 1.35741532345457 0 0 0 0 0 0 0 0 0 0 0 0 0 0 0
3.31664240976808 0.423984235370693 0.117399379697348 0.664029565572651 1.86213897246447 0.0279627653530084 2.36583854745026 1.38633248068553 3.99702494783707 0.529989179762501 2.40454353920268 0 0 0 0 0 0 0 0 0 0 0 0 0 0
2.47339878350898 1.55129151610067 0.019720739435532 1.82496620220822 0.161229576777107 0.356725393901541 2.68386122953527 0.0638222118892857 1.71332953067866 1.31189216905131 1.27398072498857 0.537419252125396 0 0 0 0 0 0 0 0 0 0 0 0 0
7.47023666888105 1.47939120720553 6.34521899149566 1.32067078852816 2.25696100131928 0.831763427849082 0.145040160113185 0.484898013587965 3.88354781495231 2.59209462285051 3.69030867716665 2.83944189013973 3.5576581330879 0 0 0 0 0 0 0 0 0 0 0 0
2.91309480633181 7.28831746295047 0.336891112584802 1.59555814743546 4.0362765934932 1.78143984620024 0.145983294735748 3.06560406547185 0.885827841531529 0.853976325683735 1.02175207865538 0.628774398325816 3.11671742479991 1.67171380650402 0 0 0 0 0 0 0 0 0 0 0
0.24571137481274 0.135050263221971 0.704608552163492 0.469521443306804 5.62656972898684 0.617466309532359 2.40224730457511 8.01437006890774 3.46896517816153 1.72986029671234 1.67226978462709 0.125501403524994 0.0309735847095819 4.99933971999378 1.22340668755755 0 0 0 0 0 0 0 0 0 0
0.523814458738765 2.12129413042465 0.755084656019137 4.40113111597833 6.38562447999528 1.21384044245009 1.62546686175175 0.464409445262413 1.06976596306629 0.585705137125563 1.66130617141905 0.897441472535949 0.75064896217387 2.60305057450295 4.99349363142657 2.31128169248044 0 0 0 0 0 0 0 0 0
0.565391219293531 0.87412703151932 1.23087949802416 0.949474806180227 1.98882492646015 2.40478833434505 4.1871820216919 7.76872749746192 4.84184930800016 4.18255352420782 0.654113080304782 1.0931145873308 0.524137604240087 3.36403242381226 0.958229876264891 0.316842836728695 1.08053458958477 0 0 0 0 0 0 0 0
3.29742259564788 1.53243055557901 1.97050581650307 0.0603941223742516 1.69351670791815 0.108371817960126 0.848967853288589 2.1632085640688 3.40817197558108 0.602682621733244 1.55797974361324 1.21847712836832 2.00715590867996 1.61097481805948 3.39720301855523 0.711790219968341 0 0 0 0 0 0 0 0 0
1.8645463337782 9.0687753505102 1.34195322137596 1.48400695633626 5.75592541042835 0.463211174419991 0.21608212387816 0.776841700872826 3.10546825187261 2.3465513200599 0.65499936164509 8.7860294041135 0.635106523253064 3.23731888897946 0 0 0 0 0 0 0 0 0 0 0
1.20381924549545 1.75578196856347 1.05836216796218 2.96420392938382 0.288838809749588 1.4677134206148 1.76670728064545 0.539474758075805 0.516902022555059 1.36332692129321 1.55107256923464 0.0983131325445872 0 0 0 0 0 0 0 0 0 0 0 0 0
2.68846243198419 1.10381580554415 0.561111908464306 0.389320923781447 0.804158921650042 3.22154033503847 1.37741709510228 1.11232820752313 0.255926389102273 0.270678544481306 0 0 0 0 0 0 0 0 0 0 0 0 0 0 0
0.2648813037924 2.031921831814 4.00107518597343 2.8641439844018 1.04495974546684 0.950128015755418 4.09673421872322 3.28830203341852 0 0 0 0 0 0 0 0 0 0 0 0 0 0 0 0 0
0.515438597130444 3.5262185630097 6.27620885370437 1.36052637391674 0.649745539158916 3.95369248544403 0 0 0 0 0 0 0 0 0 0 0 0 0 0 0 0 0 0 0
0.0275601171805055 2.25873748068927 3.29405089859547 0.106537294704084 0 0 0 0 0 0 0 0 0 0 0 0 0 0 0 0 0 0 0 0 0
4.99647494474107 1.4154763815015 0 0 0 0 0 0 0 0 0 0 0 0 0 0 0 0 0 0 0 0 0 0 0
