0.0710544343060595 0 0 0 0 0 0 0 0 0 0 0 0 0 0 0 0 0 0 0 0 0 0 0 0
5.6300728108984 9.16722209579054 0 0 0 0 0 0 0 0 0 0 0 0 0 0 0 0 0 0 0 0 0 0 0
5.36280354400298 17.1802754689447 11.7475152401929 0 0 0 0 0 0 0 0 0 0 0 0 0 0 0 0 0 0 0 0 0 0
6.78284700590661 14.0231495712323 1.5839231362477 2.06853974382188 0 0 0 0 0 0 0 0 0 0 0 0 0 0 0 0 0 0 0 0 0
4.96863315215297 1.06109470001882 2.42901764812841 1.19848301455319 0.615775043453604 0 0 0 0 0 0 0 0 0 0 0 0 0 0 0 0 0 0 0 0
2.5016900537416 2.67587305345811 4.09061542901106 4.44307084308863 2.43519080570943 4.27585373583408 0 0 0 0 0 0 0 0 0 0 0 0 0 0 0 0 0 0 0
0.597776116783426 1.04748370191232 0.25555296357459 5.25750257550218 4.01553061327452 1.96013067257909 0.92422145159339 0 0 0 0 0 0 0 0 0 0 0 0 0 0 0 0 0 0
0.573363914923407 6.21642944245994 8.11921385559527 2.7142593602372 2.52266444516565 2.95164203366759 0.288917282962612 1.97203045408861 0 0 0 0 0 0 0 0 0 0 0 0 0 0 0 0 0
1.99015402160206 0.788273934198486 4.0814859176844 2.07928263557428 0.190109704569254 0.647841948475937 2.85872417424974 0.435875761563173 1.38856403762211 0 0 0 0 0 0 0 0 0 0 0 0 0 0 0 0
4.84460163726049 7.59039268105682 8.52760315245773 4.15189215363429 0.996294915141561 5.73765468382557 0.141871273525456 2.63335777533927 1.64636568788072 4.4116133272675 0 0 0 0 0 0 0 0 0 0 0 0 0 0 0
3.24017724327227 2.20015992641804 5.26256136797398 4.58501445409093 2.39630496453217 0.944543889887376 2.50532348748842 2.81694870739259 0.716086253592195 2.40550871222508 1.4695129730258 0 0 0 0 0 0 0 0 0 0 0 0 0 0
3.04705950527555 10.290261132708 5.91399106615467 8.30653101383574 3.69169714012877 5.09497427724722 0.821594336374312 1.37331058120469 1.22618853250946 4.9410496749069 4.2164152596196 2.13645690723687 0 0 0 0 0 0 0 0 0 0 0 0 0
2.30546195103631 3.89915997255428 13.0450645663063 6.81975372874561 1.41467398360338 0.984078860218043 1.1269436212268 4.05076944038574 0.858705955566848 1.52675822263593 5.66709180725276 3.70105293055529 5.07955973849242 0 0 0 0 0 0 0 0 0 0 0 0
3.07011870408284 5.0361000222566 6.87225036206943 0.40361107383495 4.27392514137294 2.8778413025312 0.0723987924085572 4.80251271289371 1.63316144541988 9.68420719384004 1.15247703714058 0.879393492703377 0.0960822826086915 9.15905853573578 0 0 0 0 0 0 0 0 0 0 0
6.87178087388749 6.07864538596121 1.67200110690676 6.96466322454122 0.826567390965247 1.07077580842647 2.65971342359893 2.09216684441056 8.59095894952546 0.957773067576888 4.44163844645243 0.0883818707168216 2.30868237312817 1.52230567719907 0.36452392784444 0 0 0 0 0 0 0 0 0 0
5.46950727939715 6.6214524428389 8.05278000031598 1.42890943738333 1.85268476704422 1.70061735526675 1.57442586154825 2.0578866864046 1.8665451536906 1.82521726936523 1.84537791697706 1.10248733662196 3.00366196892504 0.649610031029783 5.63352152725273 0.6209651160533 0 0 0 0 0 0 0 0 0
1.98926418963939 2.27619251755557 4.14451725279137 0.17954121456897 2.40587212109422 6.64841006460347 6.13084890303015 2.90600219227872 3.57654212509472 0.829541125907021 4.40878682595263 3.01793245939107 0.811661942013666 1.2633820429806 0.979268601886782 10.5965786880731 0.127212068912646 0 0 0 0 0 0 0 0
5.54556635610273 0.777804458955491 3.89279277539801 0.201938187510411 0.0162919443184006 5.11294670518554 2.67092901454817 0.214545548188277 1.2385475237664 0.809916183670962 1.65305635679621 3.00809254697575 0.647710466743627 0.572279990821994 0.238181211211206 0.0326675266074983 0 0 0 0 0 0 0 0 0
0.681895404399765 4.7881900633806 0.498797412504133 1.43660952019936 2.91254492860623 1.18841152110796 10.0441007621083 1.29506693931478 1.42736804885472 1.24843063307974 0.431413535834342 0.323375108483603 0.866550394649065 12.2993171021603 0 0 0 0 0 0 0 0 0 0 0
4.18920556406096 3.22656312495045 0.951428264511335 9.50294830032734 0.938226219823055 2.45768830337412 1.47998241711164 7.14812733037023 6.61342190042386 7.07751186216382 3.93444955449513 1.43968213102505 0 0 0 0 0 0 0 0 0 0 0 0 0
1.93979860319219 0.389333908196526 1.62850052876591 1.1507318778316 3.62216159307363 0.955728436978013 3.21576704321392 2.93658471285172 1.62673775978745 0.0545286467923795 0 0 0 0 0 0 0 0 0 0 0 0 0 0 0
3.72995600725245 3.55927282576433 0.709398241095501 0.192667713077775 1.71888235881368 8.15907540679185 0.52935811736968 4.36855692893934 0 0 0 0 0 0 0 0 0 0 0 0 0 0 0 0 0
7.57335217453402 0.253323755010226 3.28268616002286 0.889484423982144 0.00473258378424252 0.103899759035806 0 0 0 0 0 0 0 0 0 0 0 0 0 0 0 0 0 0 0
2.1349560581236 6.30222233064521 0.476554444075106 3.07358299407291 0 0 0 0 0 0 0 0 0 0 0 0 0 0 0 0 0 0 0 0 0
1.67878255336795 0.508770223542497 0 0 0 0 0 0 0 0 0 0 0 0 0 0 0 0 0 0 0 0 0 0 0
