0.0775261030738398 0 0 0 0 0 0 0 0 0 0 0 0 0 0 0 0 0 0 0 0 0 0 0 0
6.07455589443708 10.3129377784651 0 0 0 0 0 0 0 0 0 0 0 0 0 0 0 0 0 0 0 0 0 0 0
5.9243694164217 18.176873183161 15.0240882862794 0 0 0 0 0 0 0 0 0 0 0 0 0 0 0 0 0 0 0 0 0 0
7.82283785119998 16.6618670318838 10.600431490502 9.26421451539371 0 0 0 0 0 0 0 0 0 0 0 0 0 0 0 0 0 0 0 0 0
4.63068715425594 5.8316160414281 5.83519281970592 8.17803642077177 6.85809920325152 0 0 0 0 0 0 0 0 0 0 0 0 0 0 0 0 0 0 0 0
6.3318164568059 13.348860420005 19.4852973807998 18.3218221328279 6.43560913053012 12.6887270739963 0 0 0 0 0 0 0 0 0 0 0 0 0 0 0 0 0 0 0
5.87456080736252 18.0439679582526 18.2728268175445 11.4669101317702 6.53061733639965 18.9854630674572 14.0197510880623 0 0 0 0 0 0 0 0 0 0 0 0 0 0 0 0 0 0
8.05296415887957 17.0377174072664 11.4263569147405 11.191506992516 8.18388899654066 18.119537393707 9.88516834805076 8.8507275534504 0 0 0 0 0 0 0 0 0 0 0 0 0 0 0 0 0
4.35532275422817 5.70962296654501 6.37271104022892 8.17409296675346 5.60867124928867 4.89363670951502 5.45608335916203 6.82104078858533 2.5115588268453 0 0 0 0 0 0 0 0 0 0 0 0 0 0 0 0
6.38949911007583 13.6791169017145 18.983608019144 18.0492907675007 4.98506683541303 12.7978439273982 12.6167441871933 11.1417494292639 3.85548529860083 4.29785417415236 0 0 0 0 0 0 0 0 0 0 0 0 0 0 0
6.33158400052994 17.6885312531919 17.8857524619131 9.9684881368868 5.09763018093141 12.5913321947399 11.2369389411793 6.52806104520019 2.82723611823406 6.89628652070554 9.108365278533 0 0 0 0 0 0 0 0 0 0 0 0 0 0
7.02852712769977 16.8072337571791 9.79261944326701 8.13526266749996 6.18153946806359 11.0166680659776 6.61631481178646 4.67293739283915 4.04842359184113 6.79308292867583 2.5603243559931 1.93967336989429 0 0 0 0 0 0 0 0 0 0 0 0 0
4.42135104502899 3.75375675091338 4.34137117661203 6.85654489645973 1.38894794087154 3.59003200150136 3.40056346220648 3.19041197653872 1.20358157651098 1.47178505604277 0.267590934841909 1.02017638937712 0.016651181971405 0 0 0 0 0 0 0 0 0 0 0 0
4.04843233930426 10.6373022618421 12.7028317744071 11.3167841890186 2.71722453131748 6.28066371323396 7.22160723325881 7.80618091708513 2.30062153656885 1.39109180655093 0.857602918622262 1.83480126468134 1.35664613328869 1.627350548815 0 0 0 0 0 0 0 0 0 0 0
3.70774067131773 11.7271217961144 11.6074622295287 6.10407173688327 1.86521503445199 7.32608611396609 7.41184216877667 2.54647448594008 1.31991046675255 1.33972500846363 2.81537997375922 1.11213084026923 1.39737523798796 1.70911613178117 7.76338937081076 0 0 0 0 0 0 0 0 0 0
0.940457175264467 9.4687710810598 4.94218701920071 1.96722536409879 1.20854078068465 5.58705362120792 1.49034456391498 0.968832279710055 4.3632463073839 0.463844671250451 0.190020571236407 1.05613165523024 2.51747178070234 2.46580899529301 5.66200334418295 5.42577244022621 0 0 0 0 0 0 0 0 0
0.905568404338287 3.01543797839358 2.06906581769407 2.39785170927067 1.23775583965166 1.40984986165183 0.831126843900725 1.27533608686236 0.10777785764556 0.262374800587841 0.124042513928956 1.52644856300586 1.68056584592306 1.93301064100443 2.42576511303903 2.80779104479858 3.57617300947189 0 0 0 0 0 0 0 0
0.434204566534147 3.55100951643739 6.55681167350773 6.70664410762675 0.693726010061575 0.999893246501664 0.598984860355046 2.09161291308367 0.843575427901971 0.712239750319422 1.82103924912955 7.95948010470567 1.66453751273561 2.30165809871067 5.82319407729079 3.35727923430996 0 0 0 0 0 0 0 0 0
0.227268162509899 3.58875640098385 6.99305473798836 0.860221851576094 0.104385380056123 1.05252291522109 2.8118397681165 0.27141788643189 0.508211740661066 0.979008293253575 5.64772971087393 2.54702247122614 1.14106181006472 4.09004750665323 0 0 0 0 0 0 0 0 0 0 0
0.643988383143453 6.66691072158628 0.307365459220799 0.40068637467623 0.097390965404651 1.18389076293065 0.0381055391514653 0.124801618447024 0.13931052331574 3.57839229246523 0.652877844694021 0.576357409528099 0 0 0 0 0 0 0 0 0 0 0 0 0
1.09091190798836 1.09445658007622 0.89872855411883 1.21541633980295 0.00764699206969918 1.39906330236792 0.379719288961152 1.08378200577455 1.12905939028268 3.71863713714018 0 0 0 0 0 0 0 0 0 0 0 0 0 0 0
0.582516382458846 0.432119229520598 1.92042138109035 4.07078200919954 0.873271226268487 0.854047669688784 2.36897242514855 1.17639120490466 0 0 0 0 0 0 0 0 0 0 0 0 0 0 0 0 0
4.04954991283755 0.42217401070911 2.17657916346996 0.0123950563817696 5.2153908826791 2.85154789607475 0 0 0 0 0 0 0 0 0 0 0 0 0 0 0 0 0 0 0
6.19434906827102 2.64265601625258 0.293971576888105 0.417172289581522 0 0 0 0 0 0 0 0 0 0 0 0 0 0 0 0 0 0 0 0 0
0.169338811041602 4.6513313879684 0 0 0 0 0 0 0 0 0 0 0 0 0 0 0 0 0 0 0 0 0 0 0
