0.405103479598666 0 0 0 0 0 0 0 0 0 0 0 0 0 0 0 0 0 0 0 0 0 0 0 0
4.79468778834832 15.2369311320679 0 0 0 0 0 0 0 0 0 0 0 0 0 0 0 0 0 0 0 0 0 0 0
4.32473000560314 18.8868597689219 14.9502522019986 0 0 0 0 0 0 0 0 0 0 0 0 0 0 0 0 0 0 0 0 0 0
5.76497295275529 16.1524637065013 9.48415852196892 6.43919119482448 0 0 0 0 0 0 0 0 0 0 0 0 0 0 0 0 0 0 0 0 0
3.28782336893515 6.98772443089777 4.70793195440445 6.92368608063008 0.576396824839749 0 0 0 0 0 0 0 0 0 0 0 0 0 0 0 0 0 0 0 0
6.16607149633893 13.7029590926975 9.54364873308183 3.7379619274519 5.31119457702175 2.43921214427784 0 0 0 0 0 0 0 0 0 0 0 0 0 0 0 0 0 0 0
4.0182144689845 8.35218088197278 2.9914982683722 5.90532015401131 0.808798414152351 0.685651533301121 2.15036077762101 0 0 0 0 0 0 0 0 0 0 0 0 0 0 0 0 0 0
4.30892927625626 4.78080211097056 4.76475393589815 0.789961209525981 0.0856146077603966 0.302345242371079 2.41288336892353 0.0155794483210482 0 0 0 0 0 0 0 0 0 0 0 0 0 0 0 0 0
0.135185835423045 8.25000043915809 1.25353706538952 3.34530628878522 0.870775038304716 3.95171174606778 0.404904516612252 3.42567006386075 0.0458975147742359 0 0 0 0 0 0 0 0 0 0 0 0 0 0 0 0
0.26309083480552 2.66623848227071 4.38853001921327 1.22620587305345 0.21276535094844 1.07573701868931 3.88499490679349 1.54976340366289 4.52221265682765 2.70660392039503 0 0 0 0 0 0 0 0 0 0 0 0 0 0 0
1.28676128827077 4.11525302238116 0.149077835163204 2.55143573161669 0.626882894283764 2.56859112482912 0.866402804676937 3.4762822246622 2.42125078414342 0.130677501775318 1.03787694451828 0 0 0 0 0 0 0 0 0 0 0 0 0 0
4.32190231877365 0.861223616590664 0.789827258300851 0.330080093391323 0.482547782543593 0.6027109068056 2.61197613207841 2.94629852731148 0.223891810349613 6.33993246072916 0.685567468244158 0.0993196544048777 0 0 0 0 0 0 0 0 0 0 0 0 0
0.476275705642998 2.56716006825031 1.92650235089887 2.43385467493799 0.256785944715813 1.31372239870866 6.84452329049174 4.75847897174066 0.705956957110851 2.1154456155861 1.87120663498009 0.938331654247419 1.42705999376542 0 0 0 0 0 0 0 0 0 0 0 0
0.43679253845646 2.27828052011882 0.904383794375635 2.00576189022649 4.03808860227395 0.643663644973034 1.6731326967261 0.118924942268162 1.81975870389219 0.49784231458686 0.833215391770336 2.01210104553336 0.456637182473979 3.50204444292938 0 0 0 0 0 0 0 0 0 0 0
0.696496020880831 2.64912913484767 0.854245474153267 1.38586391032439 1.60125878155509 0.130531225687613 3.35582640611287 3.95249687749987 1.13860863138679 1.46339099190931 5.77629434553075 0.21149536189202 6.24414568502685 2.20724546116964 2.21902629011367 0 0 0 0 0 0 0 0 0 0
0.396421184825291 2.93834842623321 1.67232401455393 3.49027558053533 1.58388225802783 1.87040869893714 0.128472031224221 2.12590094222916 1.49041971283911 1.93986478898092 0.35532782274709 0.335805973329377 4.41583517687661 0.373155621213782 0.398052702730671 3.82981746677082 0 0 0 0 0 0 0 0 0
8.92723628157786 6.05757353630541 5.49607510710892 2.01972820919791 2.69894828925905 0.444582312167333 3.0929195373095 2.72103823399052 1.69897947330427 1.2748142109455 1.11439011427809 0.0685990172834248 1.87837807199552 4.06170417452833 1.82397943642086 0.35322627249872 6.31564411415703 0 0 0 0 0 0 0 0
1.55257743342939 5.95633433692057 6.73222887719674 0.585722169305301 0.74115721743957 1.07260174931647 0.998744567429571 0.54484365459349 1.3345694890653 0.600691315575886 0.000529495586931507 7.03681634460479 0.902788677051647 1.71533781920984 2.39165540060384 1.77711444193618 0 0 0 0 0 0 0 0 0
0.438427537718732 1.13441926578159 1.56707499356647 0.26727844229979 5.01877190684825 0.670218877034804 0.133050192465773 1.88153493765022 0.245267253193355 3.4067613228793 3.56446681134807 0.472583581281863 1.26179225249273 2.11062783320563 0 0 0 0 0 0 0 0 0 0 0
1.34464602831306 1.75885727367118 2.23290469257333 3.38164432500479 1.09197358370247 1.95068524524976 0.880422080037134 0.858631762875039 0.884811695239223 1.73809618455153 0.771308237494733 1.60398399421538 0 0 0 0 0 0 0 0 0 0 0 0 0
1.80894708600867 3.3354537124211 1.80957894427963 0.521697897143084 0.0464157522660827 1.85126965499407 0.532482556577719 1.14228068688148 6.53008106251168 1.54104956373768 0 0 0 0 0 0 0 0 0 0 0 0 0 0 0
2.17766300234855 0.465523825872029 2.0006914376858 1.2853606294109 1.01303662211175 0.243825647278423 0.378438960773327 1.70792010392741 0 0 0 0 0 0 0 0 0 0 0 0 0 0 0 0 0
1.37949062392044 1.18900143802489 0.459202674860242 0.680581862140642 3.15484264679046 0.72383564427859 0 0 0 0 0 0 0 0 0 0 0 0 0 0 0 0 0 0 0
3.37203650240056 1.54223434661262 6.6948549457523 3.37490353165724 0 0 0 0 0 0 0 0 0 0 0 0 0 0 0 0 0 0 0 0 0
4.34180261078872 0.287111526371266 0 0 0 0 0 0 0 0 0 0 0 0 0 0 0 0 0 0 0 0 0 0 0
