0.0130759491613606 0 0 0 0 0 0 0 0 0 0 0 0 0 0 0 0 0 0 0 0 0 0 0 0
1.85390562427735 3.87861852290581 0 0 0 0 0 0 0 0 0 0 0 0 0 0 0 0 0 0 0 0 0 0 0
4.19435333388604 10.4702482016665 11.6557511019776 0 0 0 0 0 0 0 0 0 0 0 0 0 0 0 0 0 0 0 0 0 0
7.90149347732436 13.3203171320985 6.9779324741238 7.258893683903 0 0 0 0 0 0 0 0 0 0 0 0 0 0 0 0 0 0 0 0 0
7.6240771365029 3.52110843958131 4.55002519262873 7.22231789099666 6.05039294305868 0 0 0 0 0 0 0 0 0 0 0 0 0 0 0 0 0 0 0 0
5.00089433376022 8.47914667627198 15.1237635091114 15.9931552154994 5.0567541674847 11.225494566575 0 0 0 0 0 0 0 0 0 0 0 0 0 0 0 0 0 0 0
5.28188930529014 11.5890330856892 14.8263651679685 10.5607594692781 7.08224323102513 16.493625563045 13.6066262594839 0 0 0 0 0 0 0 0 0 0 0 0 0 0 0 0 0 0
7.4476523736822 11.3569093554435 9.46237995445142 10.726489452947 7.86417894644842 15.8155199719733 10.1762642835923 7.62757697959526 0 0 0 0 0 0 0 0 0 0 0 0 0 0 0 0 0
4.259532214371 3.10185397421825 5.06310794067674 7.03664039466306 4.55681826278181 3.92668997464733 4.44273876463722 6.9696222340084 2.87428578651636 0 0 0 0 0 0 0 0 0 0 0 0 0 0 0 0
5.38424022413361 10.2795598698916 14.1908062901269 14.4244866573845 4.59749154849799 9.38158685900404 8.53243394721602 8.77196642134943 5.03711827000319 3.95450295883259 0 0 0 0 0 0 0 0 0 0 0 0 0 0 0
6.50845597890102 11.6010974065158 12.7567017210761 9.42669321243217 4.26216559638703 9.05687431779351 8.04441575731688 8.94848182068539 0.222621515692662 1.12854585091461 0.0311525897071026 0 0 0 0 0 0 0 0 0 0 0 0 0 0
6.95314506201014 9.22704608446274 7.46730682960688 5.92880121216104 6.02781273100229 7.90448044472279 8.93543296455903 0.504269229375427 0.559674898032943 0.0485996730124844 1.36959662602146 3.29511692495248 0 0 0 0 0 0 0 0 0 0 0 0 0
3.07880121082056 3.69975564356066 3.35908698684479 6.3400742446498 3.25947756152204 6.97099518770358 0.764061232712779 1.83564956358694 0.505229473060238 0.01977891266203 3.94600020761586 2.69278536966088 0.523224238203165 0 0 0 0 0 0 0 0 0 0 0 0
4.57600929724694 6.30329678939967 7.66277929743312 5.83324625741179 5.39272137129696 6.40702545719303 1.47804349619518 0.387486404165724 0.141086739773226 4.80582052722532 0.182804755983959 2.23319405063223 0.170725570862048 1.37261774390571 0 0 0 0 0 0 0 0 0 0 0
3.84237247962403 7.76036733963207 4.19596987114466 8.24209787387086 0.796911108843157 1.60409094240022 0.930933002961637 1.15387663610344 1.54948136405481 1.33224086674804 1.81886602988376 1.94768259827143 2.13539282142144 0.457394626938019 0.0426704449585253 0 0 0 0 0 0 0 0 0 0
4.04830585444846 2.774452869166 4.25372062777233 0.82869974216327 2.43937735584177 1.49445820060224 1.39033800827816 0.202419084187548 1.73264614576011 4.51857073021033 1.68488480709967 1.1791692500015 0.227150430782106 0.0374083041781555 3.7072792397511 3.60538465205741 0 0 0 0 0 0 0 0 0
0.447489296061274 1.17108046105929 0.21784400766188 4.84064463523987 0.199870810267825 0.569314039529686 0.394915891865489 1.02689417360951 2.40259593043097 2.42920670334048 2.76595076842469 0.903409290109134 0.0612559905683306 1.93135792242552 0.46005343379474 6.28281446861961 4.52429888262675 0 0 0 0 0 0 0 0
0.449960727080786 0.368543693987967 0.950049616453355 0.179066202023046 0.33391234889443 1.18703018630049 0.612652894146184 3.59512662846413 2.95734476547438 0.0111620521548926 0.352967104520013 2.92072612337693 1.54566498035449 0.730820121556471 6.58298133481822 1.52818531616276 0 0 0 0 0 0 0 0 0
0.57809096432522 0.101668329077031 2.26949530187336 0.721261167655695 1.48708491528401 0.791228776350342 4.11703510102728 1.20335756412887 0.148504269684944 0.399494463888895 3.8112284011112 2.43259262944974 0.552610677069258 5.68012046893877 0 0 0 0 0 0 0 0 0 0 0
2.34665278932863 0.00232335312158071 2.41607350936999 1.25745864466026 3.76075232870066 3.81673143893263 0.0198022691457934 0.430838219537641 0.468039240959957 0.465876896607068 0.540094150622771 0.344469370979478 0 0 0 0 0 0 0 0 0 0 0 0 0
0.826645060067303 0.509131315114646 0.238666297756842 1.27145221932187 0.150370166543723 1.27459747345998 0.298815240646513 2.30179193098365 1.33813174490552 6.61617363269099 0 0 0 0 0 0 0 0 0 0 0 0 0 0 0
0.804127581033055 5.19277912492694 0.0509750031984715 1.56145128123547 5.63512274718212 2.53836278681734 0.867512440276936 2.43598803133054 0 0 0 0 0 0 0 0 0 0 0 0 0 0 0 0 0
1.95744930864238 0.144985536816398 2.54043993998031 2.14138131001402 2.98427606321971 2.84657025643154 0 0 0 0 0 0 0 0 0 0 0 0 0 0 0 0 0 0 0
0.50349821004468 0.827449475337918 1.55918236907573 4.77824851945196 0 0 0 0 0 0 0 0 0 0 0 0 0 0 0 0 0 0 0 0 0
2.6975940334208 0.396634489684274 0 0 0 0 0 0 0 0 0 0 0 0 0 0 0 0 0 0 0 0 0 0 0
