0.222153799775978 0 0 0 0 0 0 0 0 0 0 0 0 0 0 0 0 0 0 0 0 0 0 0 0
5.04731892407706 13.7324482039691 0 0 0 0 0 0 0 0 0 0 0 0 0 0 0 0 0 0 0 0 0 0 0
3.507295701557 9.69370454880034 2.67208896894894 0 0 0 0 0 0 0 0 0 0 0 0 0 0 0 0 0 0 0 0 0 0
5.03112481705482 12.0101121012068 12.7815792279527 0.208424925122976 0 0 0 0 0 0 0 0 0 0 0 0 0 0 0 0 0 0 0 0 0
3.49238336092854 16.0619352304879 0.898045508403165 8.58949222584226 0.869842057674594 0 0 0 0 0 0 0 0 0 0 0 0 0 0 0 0 0 0 0 0
2.85938940219678 0.649493777698437 5.70804512712593 1.39214298587877 1.52649112157993 0.794853378263971 0 0 0 0 0 0 0 0 0 0 0 0 0 0 0 0 0 0 0
3.79544807571502 1.80537771977234 1.35971404101372 1.86902481795484 1.97777698175074 1.64139051055168 1.51253168888058 0 0 0 0 0 0 0 0 0 0 0 0 0 0 0 0 0 0
6.25561803073752 2.59289790825768 0.995503611292435 0.0777427766363154 0.558957255338231 1.42971557669089 1.12793959527384 4.52481534924866 0 0 0 0 0 0 0 0 0 0 0 0 0 0 0 0 0
0.379447905299388 0.382615243769985 0.375787760436148 0.621139538859973 5.1213499256723 7.71558539467942 0.492219982032176 2.07544534708672 0.663491011564678 0 0 0 0 0 0 0 0 0 0 0 0 0 0 0 0
1.87260596120734 2.35786210268099 2.96824479555649 0.151160684168709 0.18113963893045 2.01736436103788 8.00952461758606 0.464642323606497 4.23878342915135 0.303642478394353 0 0 0 0 0 0 0 0 0 0 0 0 0 0 0
6.85000967613644 0.947169859654857 3.54944282630329 0.253807977352527 0.23771885736144 0.541133030675577 1.82658919350107 8.94765417232137 2.0937685729548 3.14901721489495 3.22221675251823 0 0 0 0 0 0 0 0 0 0 0 0 0 0
1.97101138979767 4.2734882300297 2.82163998505043 0.605596861744673 0.301757043167271 2.03690006285222 1.96068803567861 1.36803922297402 0.723148724832885 0.762954762306666 4.67619377117119 0.100015317769885 0 0 0 0 0 0 0 0 0 0 0 0 0
0.0661165157741072 6.03045814481872 1.5754184115828 0.777983155390693 0.347173222265255 0.810880368196447 2.55395248230165 1.31752580068679 1.46683528044546 1.71737210738352 0.910856201347837 1.913126225799 0.378216585759856 0 0 0 0 0 0 0 0 0 0 0 0
4.48393821381038 0.561723309018737 0.257063709245002 1.39108989757947 2.24818336497031 2.31618309778568 0.488644889805183 3.6133288595212 1.57412877321539 0.797752092834434 0.259962133290304 4.79253998009075 0.427448710241747 0.154838740475242 0 0 0 0 0 0 0 0 0 0 0
0.676032740125165 1.3031862243871 1.1576560597309 0.277960012989289 2.14803019904465 1.28577281583695 0.0461071017264267 0.749085881629654 0.801430022289957 0.503343081365355 1.31209437076072 2.12248243617348 0.0953899139647751 1.24104202405519 2.46495007381064 0 0 0 0 0 0 0 0 0 0
2.53206261385922 0.541421671654303 2.80605379118461 0.23663192905898 1.83322448865609 1.00294778206262 9.06427738880682 2.34814594018686 0.804723035804646 0.802693810123364 0.237919983638476 2.90745715721813 4.16148811763206 1.77443989744266 2.67968454114387 2.14054802284849 0 0 0 0 0 0 0 0 0
0.268830636675553 1.59882190694943 0.855745187135822 0.0329179296110145 0.113483895892494 0.115902474228556 6.68912631712434 1.38108207970719 0.683471850898166 0.0931941685290482 0.424478171559372 1.33482091155017 0.270737108885384 0.217421667836205 0.757736154663981 1.5379870718533 2.14397298870178 0 0 0 0 0 0 0 0
4.28072283212038 1.91832765871502 1.16548931913775 0.0968229692663386 0.506272918878787 0.238399712112839 0.238294047323056 5.35203026598648 0.377471425176352 0.83516853793089 7.46210206717978 2.38607883278006 0.723217515062545 0.349559008129237 2.81226175545665 0.165601584041104 0 0 0 0 0 0 0 0 0
2.11318621448682 0.940218447650637 3.44357955228509 0.247910678532014 4.61595631857763 0.0505033306472473 2.41542559656957 0.185934669290444 0.690524986762705 1.93678588280428 5.73377833290378 2.46528061783828 2.71495533963059 5.16812564896467 0 0 0 0 0 0 0 0 0 0 0
0.0398528810889322 0.898440102336823 2.88141003033612 0.495386342566516 0.25979825858718 1.68407102712018 4.266803395172 1.61996897199705 1.74449158414501 1.24689362169756 0.439489843811561 4.25731096257862 0 0 0 0 0 0 0 0 0 0 0 0 0
4.79437879111331 1.09227171836552 2.27060815243145 0.139216664793217 1.34103911288254 0.139728405007816 1.75467802259838 0.780674954321501 3.26769169880272 0.571173238368693 0 0 0 0 0 0 0 0 0 0 0 0 0 0 0
1.67291233065947 1.71449624058937 1.1191631156495 0.242064739210255 1.67308760265126 0.194291507215252 2.58334942792436 6.48101064612007 0 0 0 0 0 0 0 0 0 0 0 0 0 0 0 0 0
1.512644012744 0.713280107973318 0.133326559911479 0.0175835053585125 0.433144924078006 1.06056595683997 0 0 0 0 0 0 0 0 0 0 0 0 0 0 0 0 0 0 0
1.4681075659497 0.518939612731742 1.80121299252743 2.19084828666087 0 0 0 0 0 0 0 0 0 0 0 0 0 0 0 0 0 0 0 0 0
4.26110027651661 0.304469031105762 0 0 0 0 0 0 0 0 0 0 0 0 0 0 0 0 0 0 0 0 0 0 0
