0.149717791751613 0 0 0 0 0 0 0 0 0 0 0 0 0 0 0 0 0 0 0 0 0 0 0 0
6.25835909777136 13.0869895363049 0 0 0 0 0 0 0 0 0 0 0 0 0 0 0 0 0 0 0 0 0 0 0
4.86516675249186 17.8273352422685 10.9448152106355 0 0 0 0 0 0 0 0 0 0 0 0 0 0 0 0 0 0 0 0 0 0
5.30707347789518 9.61412178450392 8.52079668770333 1.60635833556582 0 0 0 0 0 0 0 0 0 0 0 0 0 0 0 0 0 0 0 0 0
0.916688695667132 5.6768772968953 0.948700175668262 10.8823634446936 6.77514658407465 0 0 0 0 0 0 0 0 0 0 0 0 0 0 0 0 0 0 0 0
7.21309524663763 1.25313998875873 13.5806799909741 8.92949658106027 3.14338272037301 7.62486256455798 0 0 0 0 0 0 0 0 0 0 0 0 0 0 0 0 0 0 0
0.251048705327477 3.68302190000149 4.78688886524847 4.35377398994024 2.19049898326311 3.82468870811475 0.577832527147596 0 0 0 0 0 0 0 0 0 0 0 0 0 0 0 0 0 0
7.68635668723128 6.89237984818436 5.74976510042369 5.1024948611044 6.3382508796999 5.23302946913655 0.278611393396322 2.44260774143958 0 0 0 0 0 0 0 0 0 0 0 0 0 0 0 0 0
4.157330470375 3.56475039733518 3.24226916021719 3.43947738738862 4.54101208357916 1.01661308922332 0.411160392829574 0.449857723400181 0.192709593031299 0 0 0 0 0 0 0 0 0 0 0 0 0 0 0 0
0.732947607328152 6.22616165209408 2.18666421366783 2.49654721612673 3.25652164314608 2.70823755337222 2.92332058394441 0.720370039800927 0.747735502405828 1.67954645101503 0 0 0 0 0 0 0 0 0 0 0 0 0 0 0
3.87046999682969 3.76328057445411 4.31495481274768 0.258424098501144 3.09988573317167 2.67162218106502 0.698137564169721 2.36301337908295 3.15287882029247 0.458737782323928 0.591019725542248 0 0 0 0 0 0 0 0 0 0 0 0 0 0
0.498531781072181 7.20753328852069 0.648662292721439 2.16689386236928 0.957258578199612 0.218009898286779 1.67206595899953 2.18155949771286 1.8686794415355 0.577065956328987 3.5992420097613 4.54943102061414 0 0 0 0 0 0 0 0 0 0 0 0 0
3.96826782671881 4.91874320445946 2.77481725060168 0.33822124267579 1.20439893928714 3.25705937335997 1.58496218718124 0.939485398069961 0.363384045263175 0.680908204398941 2.51583286659078 0.91789368794922 0.328384990373301 0 0 0 0 0 0 0 0 0 0 0 0
3.69649235733272 0.556288134680473 0.649758812027662 0.997985774460752 3.22934092024932 1.5103003176126 1.6740970852295 1.48379745428246 9.93469177625647 3.60662842209929 0.878421872596184 0.472362715263028 1.265130988867 2.93256277296814 0 0 0 0 0 0 0 0 0 0 0
2.56248276182423 2.86473686010747 1.64474984432836 0.491417204631194 6.2277978324359 1.30819505981444 0.740110797826549 2.5493632728436 2.31931000495611 1.53773534081642 0.0846380541561089 4.94766062002286 2.50957638488914 2.48345723545828 0.161704998961493 0 0 0 0 0 0 0 0 0 0
0.475166658162854 4.41071219683108 2.54898406277885 3.46567357268218 0.317831362185828 1.23645520284197 4.34338816275784 0.923793701939944 0.257325556999405 1.55086356905899 2.04818866899719 0.245855747589079 0.0725115016247602 0.0594092707136319 6.02809166430728 0.0204717418161891 0 0 0 0 0 0 0 0 0
1.22264755016162 7.66921044222861 0.343428739240592 0.42528073290735 0.522910887047984 0.127895542168619 0.208479479480701 2.40404751186047 2.71326728084632 3.06552692711786 0.112187224861632 1.47718364100474 0.105488440993473 0.958986498893964 1.08700976976015 2.75222799955887 0.29537771198629 0 0 0 0 0 0 0 0
3.90130416282566 0.651107779129942 0.509533528313335 0.917441941715352 3.49464165283883 1.61920526551651 3.11388052527855 0.152563683133131 2.01709617606535 0.992175843305384 1.95362196363881 2.38733856472347 3.72381111218895 0.0654529347606514 2.61070554323699 0.12844383969601 0 0 0 0 0 0 0 0 0
2.91695421287051 2.21077694309357 0.186792335005582 2.60851600742236 0.567690794431735 3.54974129084342 1.82910170823944 0.384093564265865 0.395139739909614 3.3975007470576 0.0335184805325633 3.86313357303418 2.77653704159712 1.49355575320823 0 0 0 0 0 0 0 0 0 0 0
1.99359755006147 0.831190639200853 2.57673239973408 4.08390891727196 3.65766895857863 1.16773279419747 0.333865397018459 2.38565123910081 8.40546019050656 0.591779314414224 0.0190689281470763 17.1658413751419 0 0 0 0 0 0 0 0 0 0 0 0 0
2.35510069298176 1.13718073776244 1.44818758468084 0.162453516554815 2.58261829043509 1.42310496733253 0.163138711147901 2.49371802581833 1.12317736711462 0.193510368003167 0 0 0 0 0 0 0 0 0 0 0 0 0 0 0
0.978471763953914 0.339486013976018 0.338385720491367 0.717520966626146 2.61698811035958 0.841616702393262 2.76392013458703 0.50876240384648 0 0 0 0 0 0 0 0 0 0 0 0 0 0 0 0 0
0.371787790132602 0.899899442203989 1.06693694316832 1.44397801975663 2.27379566787793 1.32147892571178 0 0 0 0 0 0 0 0 0 0 0 0 0 0 0 0 0 0 0
3.65786182896978 1.39855257841395 0.195277240304647 1.39912123302852 0 0 0 0 0 0 0 0 0 0 0 0 0 0 0 0 0 0 0 0 0
6.42469922504323 0.692577480064078 0 0 0 0 0 0 0 0 0 0 0 0 0 0 0 0 0 0 0 0 0 0 0
