1.01763539735844 0 0 0 0 0 0 0 0 0 0 0 0 0 0 0 0 0 0 0 0 0 0 0 0
2.09173120260353 16.5131941791708 0 0 0 0 0 0 0 0 0 0 0 0 0 0 0 0 0 0 0 0 0 0 0
2.26042855358276 1.51517502343438 13.4594841352269 0 0 0 0 0 0 0 0 0 0 0 0 0 0 0 0 0 0 0 0 0 0
3.25412194087777 5.99176821859431 6.63716269095494 2.32800429990998 0 0 0 0 0 0 0 0 0 0 0 0 0 0 0 0 0 0 0 0 0
1.79808021847654 10.9610647469169 0.225472092625853 3.29860999043416 4.76647957358809 0 0 0 0 0 0 0 0 0 0 0 0 0 0 0 0 0 0 0 0
4.96993287700426 1.93076416253498 3.23408169722774 3.76953468030499 0.130160473710274 2.43173070890447 0 0 0 0 0 0 0 0 0 0 0 0 0 0 0 0 0 0 0
0.238839215529374 1.20670824655716 1.04395879659511 0.675177011089002 2.64953850088361 0.916379143247116 1.96205537868461 0 0 0 0 0 0 0 0 0 0 0 0 0 0 0 0 0 0
0.0766413505325315 4.23997864858721 2.85683166018834 3.64577659304966 1.43255785849288 3.16787999398929 1.00790144163103 2.5538675907999 0 0 0 0 0 0 0 0 0 0 0 0 0 0 0 0 0
3.24815310761158 0.111745966348988 4.22554889322 7.10630842892777 1.1430099759357 0.997116023984992 2.42010265030385 0.263318358652409 1.24632103903516 0 0 0 0 0 0 0 0 0 0 0 0 0 0 0 0
0.640815397539289 0.12729378639109 2.6968966265282 2.78500526666466 1.10628343718779 0.325290010525132 0.784679530546499 0.061657813367201 0.629413182861171 4.65331255716582 0 0 0 0 0 0 0 0 0 0 0 0 0 0 0
2.62554705225455 5.1754698269082 2.88698915292024 0.0114855764013351 1.41260269279445 3.13367215173519 2.33097956525008 1.66796927997621 5.03672833546267 3.33318545864995 3.6359082753106 0 0 0 0 0 0 0 0 0 0 0 0 0 0
1.72830842318355 2.14721748122885 0.0700777473279535 1.96096421518274 1.63620637863262 6.29115040689305 5.8201388194125 1.42620203442327 1.32214549904794 9.26434860486009 2.23956649294472 1.15307934504928 0 0 0 0 0 0 0 0 0 0 0 0 0
2.07832067121591 3.17660981602953 1.22757345779233 0.28421746450086 1.37668065217052 1.54687202216778 0.708862963406192 0.243961797795618 3.10581330367552 0.681578193883564 0.0810622013576579 3.5832814742447 2.39002889266674 0 0 0 0 0 0 0 0 0 0 0 0
0.362577762345667 3.13264240757705 3.32498349686661 2.28107264408472 6.10995446982832 3.44136066254581 1.30682223601062 2.28163155302085 1.28416587431803 1.36027379122896 0.68699434846884 0.345126192439437 2.86763921922186 2.46137113333987 0 0 0 0 0 0 0 0 0 0 0
1.38413671577709 0.29114951379848 0.249443024306193 1.62261959299114 1.00651560109288 0.802834030353165 0.617708406241849 0.219178287307975 0.544002487569889 3.41608872438474 2.30699424383131 1.1168663620315 0.00260387779711037 0.749117338493364 4.1666464331386 0 0 0 0 0 0 0 0 0 0
0.907141882588616 3.30189864434123 2.16027506871878 4.70339855264562 0.62438258396759 1.55279764654823 3.38270001332268 1.09867980914087 2.36694906528231 2.32283521432199 1.65214667995055 3.87231654070212 3.82361410652782 1.02997668901339 0.0450844424310117 1.14769208159866 0 0 0 0 0 0 0 0 0
5.27080294189036 8.79583224864717 5.04642695821219 0.118799060170036 2.87001168582152 0.122164573239161 0.620163161492856 3.03049582256235 5.82743914624563 3.62399634852811 0.608737970912569 1.23311215005469 5.6013855563993 0.0578833451422736 0.247196148248306 2.83805328548683 0.782650235232749 0 0 0 0 0 0 0 0
2.57128837616475 5.73955727423154 0.814390070422507 1.06149388752781 0.421717000520313 3.67402929054185 0.156944186604671 2.7161996417369 4.27064558351553 0.19203343364822 3.78531221600562 1.80449038459102 1.59620671517198 6.86671045840145 1.17629722870897 0.380173323245528 0 0 0 0 0 0 0 0 0
1.73371008814725 0.128556847539116 3.89737551308618 5.99321094213834 1.49891460212004 2.57045360272447 3.12939057687327 2.41739238271522 1.46430228190364 2.42577399391759 3.44239987064382 1.00345292242306 2.30951108337567 0.0872402902919467 0 0 0 0 0 0 0 0 0 0 0
4.37817765453106 0.142851715732013 1.38875642186416 3.63855121821242 0.197336210109825 0.646171012528738 0.027128270141245 1.46769459275312 2.58101285074314 12.4977005045712 3.55530803397278 13.9840639098291 0 0 0 0 0 0 0 0 0 0 0 0 0
1.43896136666583 2.09273672196513 1.66070544485608 2.38957089406632 1.60763723072215 0.126957715938774 1.0116129654797 1.14387810708464 2.61899546473501 1.30419394944985 0 0 0 0 0 0 0 0 0 0 0 0 0 0 0
1.21704120564563 2.18767091885056 1.91172695665837 2.36249198637223 0.72295929008901 2.96892264935764 0.701460936721913 4.79689282385486 0 0 0 0 0 0 0 0 0 0 0 0 0 0 0 0 0
1.33421593336535 2.13178687841846 6.20593041019736 5.72331746465772 1.17454117346585 5.32373666218681 0 0 0 0 0 0 0 0 0 0 0 0 0 0 0 0 0 0 0
0.224047236294629 5.45403418029572 1.72602973034517 0.0911228875090073 0 0 0 0 0 0 0 0 0 0 0 0 0 0 0 0 0 0 0 0 0
1.2792492947722 4.65390353109322 0 0 0 0 0 0 0 0 0 0 0 0 0 0 0 0 0 0 0 0 0 0 0
