0.482776220892869 0 0 0 0 0 0 0 0 0 0 0 0 0 0 0 0 0 0 0 0 0 0 0 0
4.95378612214216 14.7562285744135 0 0 0 0 0 0 0 0 0 0 0 0 0 0 0 0 0 0 0 0 0 0 0
3.66281883489566 10.5685235056935 5.48388764284347 0 0 0 0 0 0 0 0 0 0 0 0 0 0 0 0 0 0 0 0 0 0
1.84485326953535 2.67061040089788 8.48523060439214 7.33477806020995 0 0 0 0 0 0 0 0 0 0 0 0 0 0 0 0 0 0 0 0 0
1.12658676848397 2.85336532651343 2.12564478532053 0.745533389565948 5.84866254828098 0 0 0 0 0 0 0 0 0 0 0 0 0 0 0 0 0 0 0 0
5.97228827883987 6.99716850339861 2.29281715852274 0.0447319535788736 3.46432808218524 2.46303703045308 0 0 0 0 0 0 0 0 0 0 0 0 0 0 0 0 0 0 0
3.85606237243457 5.3267317155052 0.851123096261848 3.00177046508274 2.2623810800393 4.32097226075381 9.37602688474688 0 0 0 0 0 0 0 0 0 0 0 0 0 0 0 0 0 0
0.452307350534458 0.668440018281086 4.95340583617673 4.4202505907032 1.95569005727995 5.15363400944096 4.9163465087625 5.59908062293133 0 0 0 0 0 0 0 0 0 0 0 0 0 0 0 0 0
1.73015712302269 2.57521456256513 3.08923271448861 0.376463275290863 2.2150212115104 0.274053027543755 2.74618119272343 2.96356910825325 1.07469498882594 0 0 0 0 0 0 0 0 0 0 0 0 0 0 0 0
4.35332294953845 8.67321566830404 6.12049467928137 0.930336941492191 3.03152915943584 1.26697212469334 2.60446496983046 1.07709252064323 3.16867008024673 5.18357831542138 0 0 0 0 0 0 0 0 0 0 0 0 0 0 0
1.72723145930457 6.4956484880462 10.8960111952909 2.94587994528677 2.05673748629071 7.58997753702835 2.6266004319148 3.49433417509556 2.60419950278275 1.37882354296091 1.73862755885707 0 0 0 0 0 0 0 0 0 0 0 0 0 0
3.52875734827435 7.40136294103803 1.02925493700006 1.92942932283871 3.02673950405474 0.229827982567588 2.60391038612851 1.85634021229711 1.2752606939217 1.95990469510893 0.0151331855140211 0.00058941044629693 0 0 0 0 0 0 0 0 0 0 0 0 0
3.26137153755731 3.35915331800353 4.9894830232544 2.14972501514609 0.640930265590997 6.16736927334849 5.8340832535035 0.852014116340807 0.0440621678943412 1.66711054718632 0.228015540304811 0.189427205851607 1.70999173834398 0 0 0 0 0 0 0 0 0 0 0 0
1.72758316613139 4.62832962024509 7.84317941569187 2.89299727627853 0.279508945087061 1.66081080218106 0.172820605193489 1.96703476357327 0.14166959686251 0.57991386936514 0.6785384397639 1.58681722169099 1.66451230711724 1.69608896854101 0 0 0 0 0 0 0 0 0 0 0
5.86833047426439 2.94615195618223 0.112747991153229 2.56422264467013 3.73048679541572 0.21230424126527 0.742358060087369 0.0698723650893081 0.10649070520456 0.955886817189527 0.273787343750145 0.631607245068803 0.281702203938175 0.245432747690263 0.82330709325721 0 0 0 0 0 0 0 0 0 0
2.60336737719039 2.49082929299237 2.23145628500274 0.488407448049999 0.581404782274156 2.1348103026271 1.37260379622846 0.741638351262656 0.0844957298637854 0.141309266208839 1.736699429973 1.31956932887811 0.346834523281942 0.943797652070993 0.3451430239024 1.15362064409134 0 0 0 0 0 0 0 0 0
1.54648520697745 2.86082807081798 2.98899610544545 2.52013528943952 0.325921977558877 1.16824979674318 1.21841190179674 0.714756921409474 1.02603756039191 0.234319666605136 0.112575691959397 0.223291577010553 3.35089790890751 0.829464111647653 0.559354349530599 6.85357430604876 0.299953453026251 0 0 0 0 0 0 0 0
0.900863999270066 3.93299210022565 2.08296014368442 1.18108205967887 1.93202333977162 1.38766296946738 0.741356545745873 1.5660438795192 0.309263333670884 0.486113015197815 0.0462796793888835 0.604499770726768 3.31682289157963 1.08118569569712 1.10527688114628 1.15105359618901 0 0 0 0 0 0 0 0 0
5.31970264778893 1.67379239257553 0.575810006644767 0.119761678472122 1.05714637249514 0.744584537996535 0.48290092035163 0.613624637506678 0.813358867771027 2.34331643433259 0.191292256223874 4.74078055637452 4.45749995480838 1.64199457833572 0 0 0 0 0 0 0 0 0 0 0
1.8526258981841 1.60950611501586 1.90696269579478 1.19874071713521 4.57129711272777 0.533449621166425 0.353258977358165 0.368140663402863 0.383672525610761 0.480654040166107 0.00997019741294089 0.0224582764870203 0 0 0 0 0 0 0 0 0 0 0 0 0
0.717865092951672 0.604394788740669 2.52115049871173 0.0794777499512696 1.91179704794365 0.755345333399266 0.267311188913948 1.20093453404417 0.0621977716409493 4.53269901572399 0 0 0 0 0 0 0 0 0 0 0 0 0 0 0
0.870729216702251 1.49024472038139 0.167645808807411 2.49585537916873 1.6970668734707 0.0179069510422987 3.66724798765122 5.00074211866217 0 0 0 0 0 0 0 0 0 0 0 0 0 0 0 0 0
1.84367886278915 0.0911427705660816 2.82193142528757 1.48398534772907 1.09476906171555 6.28583620207472 0 0 0 0 0 0 0 0 0 0 0 0 0 0 0 0 0 0 0
3.50718878825402 1.53958604643303 0.411441266584367 0.159999258101402 0 0 0 0 0 0 0 0 0 0 0 0 0 0 0 0 0 0 0 0 0
1.44813234696887 0.999635146713681 0 0 0 0 0 0 0 0 0 0 0 0 0 0 0 0 0 0 0 0 0 0 0
