0.559306290007196 0 0 0 0 0 0 0 0 0 0 0 0 0 0 0 0 0 0 0 0 0 0 0 0
1.47852447017124 0.639030370290596 0 0 0 0 0 0 0 0 0 0 0 0 0 0 0 0 0 0 0 0 0 0 0
1.80393795611325 3.85023840322561 2.2350319109391 0 0 0 0 0 0 0 0 0 0 0 0 0 0 0 0 0 0 0 0 0 0
6.36542736948528 11.0823132482195 1.489951180097 3.82532686700664 0 0 0 0 0 0 0 0 0 0 0 0 0 0 0 0 0 0 0 0 0
6.42027003271163 7.85617264298567 0.199714630703064 2.94707967098758 3.63500443546524 0 0 0 0 0 0 0 0 0 0 0 0 0 0 0 0 0 0 0 0
4.45656805167973 10.4843037530679 0.152887322389657 3.92535465407337 3.06126381393914 4.32098094878585 0 0 0 0 0 0 0 0 0 0 0 0 0 0 0 0 0 0 0
2.47484890949486 3.78714233980255 0.0862612536253715 1.95704117266378 1.43136317359667 1.76526361688552 0.324441553534183 0 0 0 0 0 0 0 0 0 0 0 0 0 0 0 0 0 0
5.29648278198449 8.3441476700049 0.532177493038001 5.8236399299578 5.39691202991039 3.58138819211118 1.57192310113213 2.30915268055347 0 0 0 0 0 0 0 0 0 0 0 0 0 0 0 0 0
2.01991994880942 6.55974367742348 0.0892079654920202 6.52536591365446 2.21296732893988 0.222781755112416 5.43095758118233 2.99539433691973 1.61197607410905 0 0 0 0 0 0 0 0 0 0 0 0 0 0 0 0
6.31495041290433 11.7213886630911 0.00901918832945612 3.96442652067152 0.191026680955211 4.87107992142596 0.790073078738908 0.272684600659587 4.1285762639457 4.08752788249838 0 0 0 0 0 0 0 0 0 0 0 0 0 0 0
3.01085984091432 9.03148206808013 1.50239800184447 0.186664839639717 1.02763603558683 0.961091036063998 2.32524855895842 6.00700652957442 3.3628055752481 0.199598774009724 0.0309867007362884 0 0 0 0 0 0 0 0 0 0 0 0 0 0
4.79612629171927 7.39642686032105 1.05083511031304 2.78917384163074 0.514068744728409 0.413279062507072 2.59172507417337 6.82197881487573 0.837834864051201 2.99527102366397 3.72766138839867 0.893438874690327 0 0 0 0 0 0 0 0 0 0 0 0 0
2.66174911815052 0.590177711438131 2.24704981526322 1.47582523747667 0.575727970758064 4.8984261215866 4.3715928576883 0.356710665537984 1.69326531066018 0.310500409693984 0.67688642864387 0.068859691706974 1.57350078324047 0 0 0 0 0 0 0 0 0 0 0 0
1.68014894986801 0.79441968549679 1.85080049782329 1.00253618373899 2.79822400006572 3.2885242409859 2.31268080260119 0.638024905967568 1.97413360382988 0.292351363079117 3.30428069770549 0.75239260902409 1.36586394592196 2.94775313541784 0 0 0 0 0 0 0 0 0 0 0
3.42833341510673 0.100719711727945 0.683648309972832 2.29181950962349 0.837275567437248 1.40258461710125 2.79405731895642 1.69051531712713 0.608758545931846 0.305668943191529 1.50235496178595 1.82518238747978 3.47429531067793 1.44881367922409 1.09086917007711 0 0 0 0 0 0 0 0 0 0
0.806792566506155 0.36940473814493 0.341949192703219 3.92044394580587 2.5328853782618 2.77897716438475 1.28742440261603 2.02994696664923 0.984386971779032 0.269032216640438 0.441422810832115 1.12850382000889 3.75520184570216 0.935828396925904 0.561508110746481 0.584124944480971 0 0 0 0 0 0 0 0 0
2.54545791562613 2.39689474344465 1.06350653160238 0.804212874016941 3.64306738562443 0.121815519093 0.486950256528019 1.5945370310032 2.78401283992645 1.67363581774857 0.313587427444882 0.0584722325549778 0.433859654891235 2.69139689784296 0.836591326781091 0.8052521052516 3.37587570883977 0 0 0 0 0 0 0 0
0.36545581998847 5.11299234455306 3.50722082624591 1.6557433508595 2.07359319646894 0.564711024267696 1.13969517067497 0.237370392671589 0.142304644754762 0.0998419380460755 0.662385918048697 3.94126219932783 0.14156408169397 0.740157758191805 2.65618826630502 1.52779491519616 0 0 0 0 0 0 0 0 0
1.28309412860612 2.43303437499253 1.45685988170372 2.30960818387696 2.92281683000517 1.29096019356969 1.69676286899349 0.273377677786138 0.0272164334605885 2.31789359665302 2.60437564693528 0.263719317748229 0.977889380158793 3.75421363899933 0 0 0 0 0 0 0 0 0 0 0
1.18365662494316 3.14171604847839 6.23961494175253 4.01579190342263 1.96592657974905 0.54188778149664 0.372559927811583 0.318123679770261 0.735405401886848 4.68598826403995 1.45142707573688 1.32669419778863 0 0 0 0 0 0 0 0 0 0 0 0 0
0.459017353896706 1.78761309494338 3.79065304979471 2.31982497456377 0.775897577332095 1.63127657545638 0.781611704225576 0.74060708917531 1.68972944755003 0.800252183432349 0 0 0 0 0 0 0 0 0 0 0 0 0 0 0
1.9435527984095 2.68383968677806 0.787798018494447 0.566914126413255 1.45447417909881 1.84439464219429 0.428232945536141 1.52930780643112 0 0 0 0 0 0 0 0 0 0 0 0 0 0 0 0 0
1.59898594981188 3.46556354319481 8.39242950470814 0.758227779518355 2.73547307728091 0.0761382738811426 0 0 0 0 0 0 0 0 0 0 0 0 0 0 0 0 0 0 0
1.66801922720201 2.17183915490231 1.40012888275681 2.66486375262478 0 0 0 0 0 0 0 0 0 0 0 0 0 0 0 0 0 0 0 0 0
11.1630109171578 0.197570699743309 0 0 0 0 0 0 0 0 0 0 0 0 0 0 0 0 0 0 0 0 0 0 0
