1.2178719684201 0 0 0 0 0 0 0 0 0 0 0 0 0 0 0 0 0 0 0 0 0 0 0 0
0.085519712077592 6.42913128600587 0 0 0 0 0 0 0 0 0 0 0 0 0 0 0 0 0 0 0 0 0 0 0
1.33388358950579 0.325172122547932 1.99464614080103 0 0 0 0 0 0 0 0 0 0 0 0 0 0 0 0 0 0 0 0 0 0
5.36212932883405 0.572327057221414 0.110286843756347 1.12550687380041 0 0 0 0 0 0 0 0 0 0 0 0 0 0 0 0 0 0 0 0 0
1.49058903275166 2.69225636460659 1.29891508040457 3.97937857199701 0.99533208398233 0 0 0 0 0 0 0 0 0 0 0 0 0 0 0 0 0 0 0 0
2.58180859804887 0.766117029030154 0.0340012423537183 1.39177486090225 1.83655361184547 2.9297986124921 0 0 0 0 0 0 0 0 0 0 0 0 0 0 0 0 0 0 0
2.71517410661007 0.283380463116237 3.16956481468918 1.72113261415574 0.128640356532006 5.80890881169022 1.95917920230922 0 0 0 0 0 0 0 0 0 0 0 0 0 0 0 0 0 0
0.340396512658291 1.25229831920114 4.10277127005603 3.89602484197252 3.15729114981116 2.30880052534771 1.211970438317 4.41168303865006 0 0 0 0 0 0 0 0 0 0 0 0 0 0 0 0 0
0.58342507521076 5.37242091271382 2.02526561579997 1.91847601741179 1.42429850243487 4.25411890334176 2.36145043455906 2.33532043119732 0.630701387601498 0 0 0 0 0 0 0 0 0 0 0 0 0 0 0 0
0.0203106939934138 0.392492558547868 0.0680680162274107 3.02491603581677 0.785513450127907 1.63790976347725 0.474326889420582 0.369220713474574 0.156906252846841 0.0350117565582259 0 0 0 0 0 0 0 0 0 0 0 0 0 0 0
3.0577928783537 5.20953920298297 0.105850175943477 1.73457265930711 2.25965955379825 0.259709553428087 0.0466112204016445 2.7528446107097 0.967807966749205 0.92019666635679 0.528568956035668 0 0 0 0 0 0 0 0 0 0 0 0 0 0
1.74151575158461 0.113752892641958 4.62686803584761 1.44953451994219 0.764427256195175 0.271132793306739 2.8339485705196 3.36637406141779 0.931779631309521 1.02131570337233 1.12005855684925 0.326454997507472 0 0 0 0 0 0 0 0 0 0 0 0 0
1.69515342178261 2.28788322420773 0.838467522706953 3.06489152365645 0.384851253162498 0.834314324844231 1.22113426841913 0.497360929449958 5.13479550205712 0.437588842926731 0.240495764418065 2.08499487612473 3.3013902059249 0 0 0 0 0 0 0 0 0 0 0 0
2.32960833672566 1.15776018329264 0.882422908339351 0.258753354200381 0.280797554814633 1.16653193555675 1.72409024199313 0.559149151684747 0.977912063005613 2.69936767623972 1.06359823893499 1.21596306085546 2.13876435539003 0.158184617114969 0 0 0 0 0 0 0 0 0 0 0
0.846286307689866 0.644858845902298 3.20998102109549 1.41638880994932 3.42942634082646 2.59287681601792 5.89705920015893 8.96214860593035 0.264792984153244 4.70944899826329 1.73750082982601 2.58371509294879 0.0094142867623643 1.57491546677322 4.55689695250734 0 0 0 0 0 0 0 0 0 0
2.71935737437104 6.65192856773949 1.64666755778823 0.465038230791125 2.39264255079513 1.60889722167378 1.0482887712413 2.52830099985238 1.03343039876857 2.09734517229707 0.884876573939909 0.113120716404836 0.0437436844761138 2.75695450233174 0.516729324130733 0.93706114019763 0 0 0 0 0 0 0 0 0
0.87563201436582 1.6033164029965 6.25734782827867 3.0251952692564 3.10090625059551 0.511040694495879 1.42836334002618 1.22737320798689 1.29818839412785 2.48519712518715 1.07292726345947 0.501654243170376 1.51020362487414 0.924337320391941 0.830547341126943 1.12034698624025 1.09395934397727 0 0 0 0 0 0 0 0
0.620219827453103 4.56770970333044 3.34464855130841 0.46271242507951 5.28433001488585 2.1912747992482 0.577895625600863 3.27000345495277 1.60714475071275 0.787148930314611 0.561810499043395 0.745258919694051 2.08303891087189 0.691816121051119 0.58761250997761 0.0962004566461622 0 0 0 0 0 0 0 0 0
0.930231417670497 1.79147892057967 4.7120938636204 4.73946469956157 1.61816173732176 0.376628872938743 0.712524949184182 1.86468679076296 2.08542617835486 5.97590522028245 0.963276577290591 0.0395748601877477 0.171159909315923 1.60045500163996 0 0 0 0 0 0 0 0 0 0 0
2.85507087513893 1.57992812102328 7.26871797284693 2.45558452169264 1.21098755518008 1.35417872318665 0.0975748680665856 1.95025206055078 1.32323822257261 0.472919584849314 1.57435399280677 2.59746419791915 0 0 0 0 0 0 0 0 0 0 0 0 0
0.811152522063184 1.04766160958861 1.99465973900062 5.16342808067994 2.44633601342678 6.55900030795065 3.33546192182001 6.80731003816994 5.1575058660204 2.72982701850627 0 0 0 0 0 0 0 0 0 0 0 0 0 0 0
5.04941406292808 0.316134561760261 3.69801113622381 0.593585850594629 1.33034557331354 3.52404370622662 10.6623542450905 1.38812528606304 0 0 0 0 0 0 0 0 0 0 0 0 0 0 0 0 0
2.0766105623855 0.816407303250484 1.30669532956889 0.819480102667817 2.53754165944364 1.90577393365056 0 0 0 0 0 0 0 0 0 0 0 0 0 0 0 0 0 0 0
2.13041374562683 3.09439584850083 0.654590944215337 0.361852681762906 0 0 0 0 0 0 0 0 0 0 0 0 0 0 0 0 0 0 0 0 0
0.419003111543651 0.837111189789264 0 0 0 0 0 0 0 0 0 0 0 0 0 0 0 0 0 0 0 0 0 0 0
