0.151200221633539 0 0 0 0 0 0 0 0 0 0 0 0 0 0 0 0 0 0 0 0 0 0 0 0
6.94383933759517 11.8605385685867 0 0 0 0 0 0 0 0 0 0 0 0 0 0 0 0 0 0 0 0 0 0 0
4.2678802279864 14.2086905715632 11.0462402218797 0 0 0 0 0 0 0 0 0 0 0 0 0 0 0 0 0 0 0 0 0 0
2.70005086267388 10.1199399740883 1.45179576871956 4.09730016894669 0 0 0 0 0 0 0 0 0 0 0 0 0 0 0 0 0 0 0 0 0
0.90208507270271 0.297314476427394 0.647536457179052 5.40062416788284 3.29155173396776 0 0 0 0 0 0 0 0 0 0 0 0 0 0 0 0 0 0 0 0
0.913473539780041 6.1736782519824 9.32786381387131 11.9761070585154 5.61366743803108 4.4876883915239 0 0 0 0 0 0 0 0 0 0 0 0 0 0 0 0 0 0 0
2.30959000244734 7.43153563383363 7.67440013816571 5.36116242342933 0.74905250528506 6.01360655730557 0.658342341358128 0 0 0 0 0 0 0 0 0 0 0 0 0 0 0 0 0 0
10.4837509936193 11.1007344689101 9.65494082395161 7.27807239220049 0.94678017303153 3.81996907412751 4.67351546456309 0.665438485309892 0 0 0 0 0 0 0 0 0 0 0 0 0 0 0 0 0
2.25887260598197 7.28105758949532 4.47377935529349 4.88023506480268 1.12601468374778 4.23433594025887 5.28150401702679 1.53526783594795 4.87230165632656 0 0 0 0 0 0 0 0 0 0 0 0 0 0 0 0
8.35603057112835 10.3653110013958 12.0083124479231 3.01887685662911 0.762793518772957 3.83866993395576 0.305150522673324 1.50777813187606 0.570752704891252 0.378945925605841 0 0 0 0 0 0 0 0 0 0 0 0 0 0 0
3.78600229969117 14.0289336029569 2.87469464267037 4.07271949875153 0.981192777869317 1.08622745150493 2.45594719709462 0.0382522586831828 3.37404773043542 3.98943798967876 3.43646739578453 0 0 0 0 0 0 0 0 0 0 0 0 0 0
5.15231154603103 6.08073174028209 5.63166986517534 5.45152807653993 0.785249894877874 1.26151304890194 0.386444829879583 1.53571574961741 5.77250947314768 4.87492208892728 1.2713179133881 5.46249234424039 0 0 0 0 0 0 0 0 0 0 0 0 0
0.277582294952014 6.20316639111494 10.0632815245738 0.924384044099177 3.33060183785712 1.22134463949511 3.00166898889139 3.79725586027946 1.42128021816302 0.158743155174872 9.63101329117275 7.04448353804456 3.12271866724732 0 0 0 0 0 0 0 0 0 0 0 0
0.560173603863136 7.24122539560796 1.34356170304087 3.44488839248082 1.64654212320755 3.70410388949148 4.7089783991004 1.90745496715241 1.58713337503079 6.64049704848976 5.92043251250673 8.30343947595168 4.73111431789677 1.86993394169486 0 0 0 0 0 0 0 0 0 0 0
1.65107767539679 1.09398825089425 2.15754674592447 0.085685511777908 0.0600550196116123 3.97045614908707 2.5058796018611 3.63213431164332 4.96761628078763 4.75473014332164 2.0910158495557 5.26308382652538 4.05965788583933 0.0291774193613101 3.17100946924799 0 0 0 0 0 0 0 0 0 0
0.697859651296882 0.890597072089748 0.265833309279636 0.0306982358987262 0.222769682878304 2.70040679817871 0.289567950302893 0.994417043026136 0.007661373302962 1.61049886747119 2.48132062929884 1.20643834218526 3.76328764424463 0.187212251633759 2.9450848879314 2.78253181906791 0 0 0 0 0 0 0 0 0
1.11711613004857 2.11704782279783 0.611359241853278 0.226977844243449 1.1293476891573 0.340791936819978 6.21015429711412 0.548943509695477 0.288137820580848 1.39657956961267 0.413031242677692 1.66074414489805 0.938466069165907 1.6750675217544 2.02699026568502 3.26886948034724 4.9173461022634 0 0 0 0 0 0 0 0
3.02206507665756 0.857343095455679 1.77501522648119 0.0942423240843023 0.283628951759291 2.60019631357232 2.84814758926932 3.74921479703869 3.13147119413014 5.97208564262708 1.70243762127993 1.63148853672129 1.32267993681435 2.12459874462635 4.03352785471011 0.147417213908771 0 0 0 0 0 0 0 0 0
2.55186449625702 0.314546258414962 1.23681619358539 0.646612225936451 1.58888165298775 0.317000094947369 0.868894938126107 1.22987819088258 2.5840297388876 0.950181074236739 0.412441325731292 2.60045843832105 5.38131810223538 1.16536465216403 0 0 0 0 0 0 0 0 0 0 0
0.616764770683145 0.199120131390659 0.867886332949105 1.41512968298131 1.47426347585502 0.774278017109793 0.619905359451104 5.50795069483625 0.87931676207458 1.97619130273882 0.319208030164565 0.271169059991225 0 0 0 0 0 0 0 0 0 0 0 0 0
1.15486729980039 0.534079803625693 1.51270440108635 2.42993615198493 0.143448765764389 0.819393625985184 5.30238713513756 0.653134395633823 0.466643451597959 2.12484243816869 0 0 0 0 0 0 0 0 0 0 0 0 0 0 0
0.720719432263867 4.65651880728321 0.769257636023156 2.31744672543628 2.33965886059275 0.177613245403111 4.60378620390126 11.7266046045067 0 0 0 0 0 0 0 0 0 0 0 0 0 0 0 0 0
1.98828421666015 0.979869151249997 2.8508768722479 3.4172565072002 3.03328038643869 1.04242504931008 0 0 0 0 0 0 0 0 0 0 0 0 0 0 0 0 0 0 0
3.42293773558916 5.8155651224593 5.83088849818333 6.17107378017468 0 0 0 0 0 0 0 0 0 0 0 0 0 0 0 0 0 0 0 0 0
1.2315155710296 7.5992984108897 0 0 0 0 0 0 0 0 0 0 0 0 0 0 0 0 0 0 0 0 0 0 0
