0.217940529104233 0 0 0 0 0 0 0 0 0 0 0 0 0 0 0 0 0 0 0 0 0 0 0 0
0.25806184869846 1.08654151579703 0 0 0 0 0 0 0 0 0 0 0 0 0 0 0 0 0 0 0 0 0 0 0
1.37158409931196 1.74204935068914 0.0779551004829314 0 0 0 0 0 0 0 0 0 0 0 0 0 0 0 0 0 0 0 0 0 0
3.96064324244654 5.71949035728068 0.362650302632694 1.26432510636436 0 0 0 0 0 0 0 0 0 0 0 0 0 0 0 0 0 0 0 0 0
1.91916781062672 0.0953887423625366 7.03447397511146 15.5402832596622 1.61612640943995 0 0 0 0 0 0 0 0 0 0 0 0 0 0 0 0 0 0 0 0
1.90413235627942 1.61849314756359 0.879902644920377 1.82803732007644 1.64759886485512 2.36405540802751 0 0 0 0 0 0 0 0 0 0 0 0 0 0 0 0 0 0 0
5.31011658914115 3.42934511960557 0.780851215804489 0.362628868978235 4.25576144971277 2.91988360197413 2.46410503019815 0 0 0 0 0 0 0 0 0 0 0 0 0 0 0 0 0 0
2.99707517292486 5.51045368361509 1.46923616436975 7.3208586378804 13.559778397586 0.954828179166148 6.28043854940458 1.42805066856157 0 0 0 0 0 0 0 0 0 0 0 0 0 0 0 0 0
0.812054616272687 1.02048328425534 4.80111430788023 6.04090582049506 2.84387791369596 0.313197705377097 3.65901479722748 1.14293883845074 1.74651243256724 0 0 0 0 0 0 0 0 0 0 0 0 0 0 0 0
0.199944875409123 5.1421946432984 0.00157408396019584 0.0186471100077308 1.7988576302299 5.38026586872169 1.36259274074013 1.28041533800034 3.33728912101393 1.1048702632371 0 0 0 0 0 0 0 0 0 0 0 0 0 0 0
0.349200527180162 0.688555564139952 0.602314572982552 2.63693464747674 0.931507345449874 1.54686261919765 1.45430446220976 2.74649484036671 2.51992428024228 1.53491946508419 3.72988008100579 0 0 0 0 0 0 0 0 0 0 0 0 0 0
1.1256724725602 4.4709732737527 0.103724042012578 0.751750446963689 1.23571857699708 0.0457705946807975 2.7342021027884 1.89700881373349 9.17934770265985 5.24814143631635 0.868730175093165 4.24963584934549 0 0 0 0 0 0 0 0 0 0 0 0 0
0.291615281093076 1.42760840023362 0.397716149942409 0.616792781832797 1.03582141699782 0.342724509938789 0.226600238201467 2.35548618553745 3.53024393943341 0.534664083685743 2.08926011931372 4.54686600133995 3.4675647533672 0 0 0 0 0 0 0 0 0 0 0 0
1.07924671394037 0.987655147635732 2.21692404687698 0.0538860596548892 0.0598070765665773 3.13602971461273 2.19928787212233 3.18454429000869 0.479691143358155 3.06975392476718 2.35878242061841 0.188522732406659 3.27459737524769 0.0742687052163586 0 0 0 0 0 0 0 0 0 0 0
0.537869981547258 2.40327360563783 0.451288005572193 0.27109980391642 4.30154829636392 3.3808671441087 1.62409656062148 2.04616835588373 0.0994763748940817 8.12643429877072 1.88335646202187 2.97291966178044 0.373339173632868 0.397361773326256 2.399996066581 0 0 0 0 0 0 0 0 0 0
8.71784975635394 0.35561873732515 3.82615312419691 0.513867945550568 1.08851188543179 0.647434380560663 4.7771532365635 0.25907169469081 2.63550857316258 2.67110597839942 1.36946471301571 0.0876231908428052 0.635527597643214 0.574346466146149 1.06365773692679 1.80420626768682 0 0 0 0 0 0 0 0 0
0.832432799191654 1.3577103155363 1.85762051675547 4.22930718445197 0.980243634310486 4.49831880273262 0.312059335589507 2.62994210619553 1.32268367040708 3.0844526902499 2.80989987796551 4.0055013006554 1.15202537070539 2.68569823905484 2.78565574039853 2.85157078523074 0.198042634230604 0 0 0 0 0 0 0 0
3.92249583914671 1.28401029334551 1.22740285604494 6.16420985897645 1.92430174401757 2.35329893282182 1.77310354461674 2.0605075163958 4.47806408731148 2.76472879047517 0.145416728592103 0.0537270667992542 2.63576706289157 0.826829454581697 7.05581337947784 0.0336583214308383 0 0 0 0 0 0 0 0 0
3.55897557748081 1.20180287226627 1.31145618549211 1.04848506788916 0.621255500599729 4.60084608209414 0.520304357591338 5.84770829113914 0.359306744361711 2.44178017009007 0.584063096997942 1.57976502394671 0.354268813575218 2.56820011387032 0 0 0 0 0 0 0 0 0 0 0
0.0401442732733366 2.04038290023131 4.05556744799595 1.36820518535165 4.19457323157577 1.01607017203128 1.98329378607767 0.597868710900683 2.52653102792837 1.26263664710246 3.37260096632774 1.94573139968505 0 0 0 0 0 0 0 0 0 0 0 0 0
0.531339464991898 0.00874768436570295 0.111561007313228 0.528966316489653 0.0324164927893636 8.49661012131984 1.46657899765725 5.80261022852034 2.04215921373501 1.23410048220563 0 0 0 0 0 0 0 0 0 0 0 0 0 0 0
1.15642899151396 2.78387510181549 3.9021540105361 0.113995147129787 4.33754979474377 2.15331958305294 1.37072239487932 0.380351111174483 0 0 0 0 0 0 0 0 0 0 0 0 0 0 0 0 0
1.06318647810209 1.89634220164847 1.35901648347075 2.64120329854213 0.513049476332351 0.45749162418102 0 0 0 0 0 0 0 0 0 0 0 0 0 0 0 0 0 0 0
2.37415811707812 1.01788892672909 2.79999170490086 0.552130062095185 0 0 0 0 0 0 0 0 0 0 0 0 0 0 0 0 0 0 0 0 0
0.490809162663091 2.74617903281527 0 0 0 0 0 0 0 0 0 0 0 0 0 0 0 0 0 0 0 0 0 0 0
