0.132428484103973 0 0 0 0 0 0 0 0 0 0 0 0 0 0 0 0 0 0 0 0 0 0 0 0
6.33342106678495 11.4579671598806 0 0 0 0 0 0 0 0 0 0 0 0 0 0 0 0 0 0 0 0 0 0 0
4.96262303306519 18.4989229899096 11.2632076169481 0 0 0 0 0 0 0 0 0 0 0 0 0 0 0 0 0 0 0 0 0 0
6.57809201865606 12.99898643745 6.85362748515483 4.59899862428987 0 0 0 0 0 0 0 0 0 0 0 0 0 0 0 0 0 0 0 0 0
2.1822236519066 5.06774715780353 2.55787828086858 0.754408734129175 3.3927659272849 0 0 0 0 0 0 0 0 0 0 0 0 0 0 0 0 0 0 0 0
2.9895687313595 5.63904827056051 4.41872534788388 2.8694895294009 1.47837689252043 8.822768224322 0 0 0 0 0 0 0 0 0 0 0 0 0 0 0 0 0 0 0
0.104873916659189 1.76923900940941 0.0701578764643453 0.493340069797407 0.812257651682667 2.10388247608525 0.906146402690743 0 0 0 0 0 0 0 0 0 0 0 0 0 0 0 0 0 0
0.0488679053908257 2.03018624056262 4.17853695595422 3.93104725824882 1.10774912843552 3.61419137129875 1.2517329480272 0.90370833525458 0 0 0 0 0 0 0 0 0 0 0 0 0 0 0 0 0
0.720067530938023 2.42505630563373 1.09160050197292 3.03082180677947 0.676593093287712 0.010638888203672 6.07566489408065 2.91970856112702 0.455901750093805 0 0 0 0 0 0 0 0 0 0 0 0 0 0 0 0
1.6034354735488 0.622273629873015 3.43338664284847 0.882214890937427 1.54076615699983 0.921125373962474 3.2460099869572 0.697727214116798 4.79512193807618 0.988639385462243 0 0 0 0 0 0 0 0 0 0 0 0 0 0 0
2.14419788455554 4.63650428368142 6.85291947815536 7.27053396569023 0.718505365353716 4.30958861315905 5.15799967568178 1.20967591700358 0.496994382664275 4.95702329472963 2.09117392435054 0 0 0 0 0 0 0 0 0 0 0 0 0 0
1.55758766715425 1.15313758313658 0.949184376502971 3.97133559391454 1.34393578535588 0.674534955812851 4.39662485237175 2.19129634165749 3.39493888233374 1.22575262142077 2.27589511870864 7.76842113586231 0 0 0 0 0 0 0 0 0 0 0 0 0
0.161556021139631 4.42823656373971 2.67252383419065 3.0041826376328 0.460714716201664 0.0192605571677246 0.768920201902637 0.161028779799351 3.96081888148807 0.198732481187555 0.170263740995693 1.19657684835484 1.01757259452696 0 0 0 0 0 0 0 0 0 0 0 0
1.97862788347737 1.57166649910908 3.32834769822216 0.185085115422026 1.59184555978544 0.921410557334429 0.603324779057234 2.35095851523671 0.217997033597719 5.20335017348838 3.83590448444659 1.29011093561855 0.034443119599725 4.23676480358678 0 0 0 0 0 0 0 0 0 0 0
2.23872872149144 2.62647907385337 0.177463645288614 0.466968726518432 1.42407698293263 0.682722298997202 1.62917821494093 1.19934599586515 3.21303973697045 0.367794053829277 0.412189298512457 0.467335367116509 1.64712786356698 1.6282181704256 1.50482691362378 0 0 0 0 0 0 0 0 0 0
0.898521502878717 0.605644696366516 1.17666952151273 2.55648812250343 0.629249974430027 3.21006958490507 1.50411918327408 0.0232344096564441 0.32282102148645 5.53209475105885 1.24985477520761 3.71167180245999 0.517187842082851 0.821868386617298 0.823858845242081 4.54090195580148 0 0 0 0 0 0 0 0 0
3.08164064942304 0.146213105489106 0.174190513647546 1.33061691265973 0.662922881733059 0.340341101382173 4.23252336210944 1.91330467178443 2.55826793048601 1.12278008323972 1.02804964093047 0.555935227564597 1.59701139585614 0.695500391850013 1.42297663341729 6.09668241116969 0.662260800323131 0 0 0 0 0 0 0 0
7.4634722889318 0.211007591044776 0.188754328130755 1.12607636294794 0.896935852111534 1.58971170067303 0.293094198898906 1.41806144273245 0.589010305527754 7.07599366898829 0.35034686157036 1.77871408858519 0.378109025202614 6.67324547271329 2.99511523077335 7.37465399578067 0 0 0 0 0 0 0 0 0
3.19023836046172 1.78697587152518 1.04841873246666 3.7912552373455 2.73608282471327 1.66395331501673 4.74086963148225 2.71333467079719 6.18031602912107 1.13109084292432 1.35438880078527 1.49714811557353 1.59355143394331 4.79788446298169 0 0 0 0 0 0 0 0 0 0 0
0.830978934056576 0.400266259377554 0.85408074162333 0.406216022648921 0.100177886883919 0.0304590633585979 2.6716119410863 0.203781279324654 0.986957006915671 0.256299298583381 1.06003654082835 0.299304961768769 0 0 0 0 0 0 0 0 0 0 0 0 0
3.36109153182669 1.05322701415686 1.06414924031161 3.22456237029926 4.7585229171757 0.318454525938889 4.26202369373639 1.56321094495251 2.03438958914846 0.157104134212963 0 0 0 0 0 0 0 0 0 0 0 0 0 0 0
1.12419548178556 1.16378246222664 5.38935092332841 1.33625822986749 2.42670541889093 0.58153508154793 1.16548087990229 1.55647040145215 0 0 0 0 0 0 0 0 0 0 0 0 0 0 0 0 0
1.32021176177704 5.38484924411701 1.658382518901 2.20280525123223 3.32333225780477 4.04141954603477 0 0 0 0 0 0 0 0 0 0 0 0 0 0 0 0 0 0 0
1.34435277981301 0.352312023241679 0.137620392785352 0.0976883428507196 0 0 0 0 0 0 0 0 0 0 0 0 0 0 0 0 0 0 0 0 0
7.02064262106462 0.70320637199105 0 0 0 0 0 0 0 0 0 0 0 0 0 0 0 0 0 0 0 0 0 0 0
