0.216138089243851 0 0 0 0 0 0 0 0 0 0 0 0 0 0 0 0 0 0 0 0 0 0 0 0
1.02446373468688 3.55499898246896 0 0 0 0 0 0 0 0 0 0 0 0 0 0 0 0 0 0 0 0 0 0 0
4.94994083667624 4.0049584946418 0.746939905880409 0 0 0 0 0 0 0 0 0 0 0 0 0 0 0 0 0 0 0 0 0 0
2.65543986356092 7.10974717815167 0.803656328237118 5.15417319427358 0 0 0 0 0 0 0 0 0 0 0 0 0 0 0 0 0 0 0 0 0
3.30384636139595 6.621200146069 3.78470330383474 0.970590103025981 7.06647888350282 0 0 0 0 0 0 0 0 0 0 0 0 0 0 0 0 0 0 0 0
1.75243097943979 1.20714368063766 1.30994725331951 2.72261366060526 1.79898335940384 0.494030828643935 0 0 0 0 0 0 0 0 0 0 0 0 0 0 0 0 0 0 0
3.06500255733573 0.0555950553251932 0.669406813265077 3.73728736636025 3.57349522255689 1.1712809427444 1.83466413102055 0 0 0 0 0 0 0 0 0 0 0 0 0 0 0 0 0 0
0.179310237282473 3.28652127516069 0.440293446098089 9.06368508662975 0.238410703472961 1.25524751172029 0.0791095854525463 1.24186389388821 0 0 0 0 0 0 0 0 0 0 0 0 0 0 0 0 0
3.69992154571241 1.48645858352767 0.550513117295989 1.17188227549697 0.275295350315822 1.47519031190688 0.927878469584286 1.44834244718001 1.48843297529533 0 0 0 0 0 0 0 0 0 0 0 0 0 0 0 0
0.932128569545939 0.340884983207446 3.57080297916191 1.24719997366265 3.50171223381384 0.787901058341635 3.09533428544722 0.449615913759253 0.580705397541834 2.90039635783814 0 0 0 0 0 0 0 0 0 0 0 0 0 0 0
2.2616881068185 0.463033950683358 0.970139472855999 0.615420873736932 0.864518160102902 3.8574332586245 0.405341367370639 0.799658924763556 0.362857044297131 3.20699890763482 1.67970434386468 0 0 0 0 0 0 0 0 0 0 0 0 0 0
0.335107721846059 3.47746707176002 3.02925791758069 1.66414570944329 0.938568332653038 0.0401761244090741 5.75758209812834 2.72645178764014 0.847987167770138 4.47092378885301 5.57885372936357 4.16595500263592 0 0 0 0 0 0 0 0 0 0 0 0 0
4.27647739402626 1.07239205487356 1.60243328820406 1.93159566385103 0.583938404928294 0.584693122484899 1.00331529112447 1.57696609391829 0.986277538389055 2.3490653148616 1.01506156024695 4.55415959152779 2.63502596637922 0 0 0 0 0 0 0 0 0 0 0 0
2.77992392556901 0.446506069202537 2.27373144601208 1.19045341647882 1.25576736826673 0.709594863592406 0.556914939442431 0.359243040935308 1.65024674319704 0.552127713382055 3.95975527467771 4.11843341867204 0.332187540598354 1.47279621702996 0 0 0 0 0 0 0 0 0 0 0
0.00410663534759162 6.38854028204374 1.26122576936617 7.1287165006775 0.516268061458137 4.15071926660103 3.01105869273812 2.65270458230562 0.987515897417772 1.13628790268 0.908696759585054 8.04230713896378 1.22923008324441 2.40168625165287 3.6813313115603 0 0 0 0 0 0 0 0 0 0
1.51888064753467 0.343330219818489 6.7263874051047 2.65079420996159 0.141006019115346 2.4348000076085 3.50379268944281 3.53186316259081 0.983634471781398 2.0771712839672 1.38449386063925 1.65228546454969 1.3312578296164 0.988769593127606 0.766729306458024 0.705074871596465 0 0 0 0 0 0 0 0 0
1.75149673552922 1.18643529454601 4.32132580657285 0.303220496392332 0.437583458725587 3.29481993909454 0.64904510322176 2.79081340449267 5.04361733341915 1.07662333669955 2.42899761922498 1.8593697357343 1.49450710239515 0.65975336447208 3.68866357093411 6.79651442612441 0.642711260878176 0 0 0 0 0 0 0 0
0.954152110688761 2.1463010281799 6.41111358401859 6.3149291774339 1.09965062674123 1.48650147090441 0.568053360370194 0.198696166919965 2.19263750957335 7.14149805128909 1.60821917502853 3.53618719939097 2.56648223235615 0.950684016034505 1.6797701784504 0.470957030210644 0 0 0 0 0 0 0 0 0
1.52634180718534 3.49444121422304 5.94776259175389 4.42073126027636 3.33041345596662 2.48102947900237 0.220200388577058 5.33800724715774 0.929879219428773 4.07555230817422 2.0818668597376 8.26837507432269 1.6930138111852 5.06747180816351 0 0 0 0 0 0 0 0 0 0 0
2.47115830280957 2.98971146676191 7.90314315098787 2.14059847891437 1.57484908310626 0.264239974445838 5.00056327198242 4.29768264434739 1.38282162532076 4.0102857579509 2.6838891685169 6.07186276750451 0 0 0 0 0 0 0 0 0 0 0 0 0
0.788063880140808 2.44920584298551 3.91347544466797 2.17401519220245 3.47534173760968 0.104562998243649 5.25090762292389 4.09481719777698 0.585128301819406 6.53687774519511 0 0 0 0 0 0 0 0 0 0 0 0 0 0 0
3.82183072972752 1.9690890020415 11.3075405473513 0.251640087605768 2.62904192488343 0.649518845959235 4.55140025897545 2.2002717983517 0 0 0 0 0 0 0 0 0 0 0 0 0 0 0 0 0
2.79241217295732 4.12488343619313 0.0166427604844446 4.03722043170175 1.12360903970678 0.0306741803812152 0 0 0 0 0 0 0 0 0 0 0 0 0 0 0 0 0 0 0
1.15561815716283 1.79989171988386 8.06804866804116 1.71975433500306 0 0 0 0 0 0 0 0 0 0 0 0 0 0 0 0 0 0 0 0 0
1.04526746534982 0.252880327879342 0 0 0 0 0 0 0 0 0 0 0 0 0 0 0 0 0 0 0 0 0 0 0
