0.023875253029664 0 0 0 0 0 0 0 0 0 0 0 0 0 0 0 0 0 0 0 0 0 0 0 0
4.57474028992943 6.04153958247137 0 0 0 0 0 0 0 0 0 0 0 0 0 0 0 0 0 0 0 0 0 0 0
1.10490275874588 0.478575016905033 1.22165745588644 0 0 0 0 0 0 0 0 0 0 0 0 0 0 0 0 0 0 0 0 0 0
6.66468018935194 1.48788440968779 2.39306447034428 1.21505610915214 0 0 0 0 0 0 0 0 0 0 0 0 0 0 0 0 0 0 0 0 0
8.07525179572899 2.21726328649137 0.197953630009072 2.22540716308954 0.179597700214156 0 0 0 0 0 0 0 0 0 0 0 0 0 0 0 0 0 0 0 0
1.92699633040249 0.316334046602031 7.79807408234914 6.39635735242851 7.70492329391691 1.76862706254877 0 0 0 0 0 0 0 0 0 0 0 0 0 0 0 0 0 0 0
0.0376558913814888 1.69895108639237 6.67952633928584 5.1610125784208 0.467381496317006 0.805368563547814 4.4913107333276 0 0 0 0 0 0 0 0 0 0 0 0 0 0 0 0 0 0
0.0229078421626651 1.40769588320345 6.21241885768584 1.96305048387593 0.611983519198259 0.0823564397192852 1.29892575985609 2.13870628353436 0 0 0 0 0 0 0 0 0 0 0 0 0 0 0 0 0
0.158542723549725 0.678645304566936 0.755781770528579 0.0417463926432865 2.27558981492085 0.256073757789457 1.75126991694417 1.1541316807779 1.43545473815694 0 0 0 0 0 0 0 0 0 0 0 0 0 0 0 0
0.030296118003803 0.271354498490566 0.506693935166919 0.948740804583184 2.34595265461397 0.379990772332847 1.36193188811263 1.25351593336714 1.6003928903035 4.87920515148935 0 0 0 0 0 0 0 0 0 0 0 0 0 0 0
0.28417607577423 1.98657495600579 1.81492662849884 1.7977594375038 4.10092319092079 2.20092297946047 0.90242605651328 1.41187471770508 2.40461543408082 4.27566525779299 3.9238997147065 0 0 0 0 0 0 0 0 0 0 0 0 0 0
9.35958647556976 11.6704112332087 8.94009220935292 0.695149436974915 0.628128503343029 0.291301098033232 5.74991297140198 3.43403616244817 1.80470586705997 1.24113740367435 0.996701699201155 0.0625190155678289 0 0 0 0 0 0 0 0 0 0 0 0 0
2.02785580373277 3.66228935341712 10.7903053386439 3.3781063037586 1.46554886738938 2.24624840738468 2.92050503296504 2.59554235403531 1.47055659011753 2.3342092142519 2.99031708954432 0.819288913292794 3.48024260042237 0 0 0 0 0 0 0 0 0 0 0 0
3.35852683231215 7.28483186719939 5.67003781621474 0.374357801750964 0.838863226007974 1.99445468300749 8.40657392431191 3.55986429721689 2.67105560100464 1.82185584196416 1.21890066506991 2.40558574600485 3.56988663529846 0.709873842185252 0 0 0 0 0 0 0 0 0 0 0
2.73191389429149 3.45056677836127 0.849593133575776 0.275974628102696 1.97760553356834 1.7869721084914 4.61185225287593 2.47686640495117 1.49059277078556 1.47736100358182 6.7194985203938 1.58932551104608 0.548811061025362 5.23915615583746 5.91372724663966 0 0 0 0 0 0 0 0 0 0
0.19273896315636 1.63086662705546 1.15489756773287 1.46234823513808 0.116563833742112 4.65125588485711 3.82243988935355 2.8255350599261 6.70797008998953 5.98117721466251 5.46698599022139 0.044895079025577 2.97955071886157 3.65696956898363 2.49980495525333 3.94147225042443 0 0 0 0 0 0 0 0 0
1.7375627154262 1.25751256789703 3.52554369969101 1.77199178136444 1.32542501314916 0.626196870005473 3.08059778092474 8.27049950361409 7.60867893876403 5.33930993289871 6.61578856895589 2.17341668819085 2.81794957084994 3.85789872251011 6.31576166844071 4.92251372867355 3.21141398455137 0 0 0 0 0 0 0 0
1.55366594244805 2.47806909673884 4.43215531259512 0.821730560919941 3.5576833246939 4.51538902257734 6.31080942303502 6.98745304266278 4.86995210645551 4.05153430517642 0.558483046913978 4.85727966392004 3.15506616478579 6.05616737414405 5.85475336461487 1.45473957913718 0 0 0 0 0 0 0 0 0
1.77076488584665 3.82601929538223 5.20622010637484 0.732843732960331 0.930908984014439 1.21708480340139 2.10392356204443 0.923291428599959 1.44144207575349 3.36908556778254 1.8372990743056 3.31175203130265 2.19338945921233 2.72724134512884 0 0 0 0 0 0 0 0 0 0 0
2.71462977818314 10.0121874136971 6.12909501220188 1.55478376445961 4.43765392237436 1.35729663043295 2.14675847514943 1.82990553326178 1.61858759793279 3.66341909769303 1.33954631448352 6.49466316470842 0 0 0 0 0 0 0 0 0 0 0 0 0
3.56148538698327 5.45148569060533 0.695681121264519 3.23105267304721 1.75881060305487 0.496191461073284 0.333975773386779 1.35727277152949 0.942913850432761 0.365246905530274 0 0 0 0 0 0 0 0 0 0 0 0 0 0 0
3.39119027019258 0.751628965300095 1.14091824868481 0.224126326865816 1.50286294194194 1.8774278475864 3.14286340026079 1.04603424657357 0 0 0 0 0 0 0 0 0 0 0 0 0 0 0 0 0
1.51919712846226 2.06824942635859 2.40863184517078 7.72106091602752 4.5365719657466 5.86178644381732 0 0 0 0 0 0 0 0 0 0 0 0 0 0 0 0 0 0 0
5.12043256958705 0.875119677663076 4.80197649577276 2.69280389924785 0 0 0 0 0 0 0 0 0 0 0 0 0 0 0 0 0 0 0 0 0
6.80031097846842 0.237194442283252 0 0 0 0 0 0 0 0 0 0 0 0 0 0 0 0 0 0 0 0 0 0 0
