0.0620685832552375 0 0 0 0 0 0 0 0 0 0 0 0 0 0 0 0 0 0 0 0 0 0 0 0
5.71020938118829 9.47310127816893 0 0 0 0 0 0 0 0 0 0 0 0 0 0 0 0 0 0 0 0 0 0 0
5.97905454566154 16.8372072176609 14.2947918842279 0 0 0 0 0 0 0 0 0 0 0 0 0 0 0 0 0 0 0 0 0 0
7.55146577751009 15.8694018183093 9.92856923906281 8.92393280138753 0 0 0 0 0 0 0 0 0 0 0 0 0 0 0 0 0 0 0 0 0
4.60892197103285 5.08510235279434 6.87309847815702 6.04737137732736 5.10144053805759 0 0 0 0 0 0 0 0 0 0 0 0 0 0 0 0 0 0 0 0
6.1975357050966 13.4114937124571 15.5841269891738 15.1648213966451 8.88310509026086 11.5039784193514 0 0 0 0 0 0 0 0 0 0 0 0 0 0 0 0 0 0 0
6.66131170410031 13.8228687494688 15.8775405229115 13.0892518268433 7.8250029227513 15.1675930389388 8.66800962479813 0 0 0 0 0 0 0 0 0 0 0 0 0 0 0 0 0 0
5.13168441813972 13.6990967990939 12.7679013030471 11.5363467180684 7.63253657451452 9.92034150939472 7.67527537089682 1.29721294363373 0 0 0 0 0 0 0 0 0 0 0 0 0 0 0 0 0
3.34263688823054 7.3884610849306 7.55103121189813 6.6531931571541 5.99724273767666 7.00672077275626 1.98083089843686 3.25636857914983 12.0151329735989 0 0 0 0 0 0 0 0 0 0 0 0 0 0 0 0
7.70552269364572 13.1091291078267 14.8690706796058 14.6894547970172 8.52824456672829 3.14772260232947 4.2302398300742 11.8314153051914 4.04668247261996 4.1303778845608 0 0 0 0 0 0 0 0 0 0 0 0 0 0 0
5.69476202475652 12.7208715538442 12.1091051758096 6.09038536167004 1.47992386899473 3.54413534854286 8.441958426817 2.53089157708594 2.04609871600943 3.05738680417258 1.55568224889008 0 0 0 0 0 0 0 0 0 0 0 0 0 0
6.3888460723233 11.5480409795599 8.86348327650225 5.73848353801188 2.98730431355752 7.87588346610831 4.69040343559313 5.59796851024092 3.8425943876833 0.652575506185545 2.90546675278182 1.38555101114055 0 0 0 0 0 0 0 0 0 0 0 0 0
5.20102291715571 7.80915400424357 3.98228880918063 1.82727152683919 9.96057044663073 2.31710844869721 4.00150451055683 4.42807609230792 1.95809067009172 5.00812220641351 3.70682571230332 1.31736692518142 4.04930577698045 0 0 0 0 0 0 0 0 0 0 0 0
4.59582338099416 5.43545220884931 2.08055965344499 11.1735165725471 3.78047012764107 4.76813028543036 2.29295983493847 4.20165547398312 4.04875705019611 3.87667473772342 2.03927158777115 2.17502233747623 1.74282347198531 1.5919961046796 0 0 0 0 0 0 0 0 0 0 0
3.03887754593495 1.6462779750132 8.60060905679281 3.30696748524355 1.03317309653001 0.211827589676563 1.53110328077138 2.98973931914978 1.78378075711919 2.45418434739599 2.40394402131341 0.449866634654823 0.520980750155071 1.02395414476276 1.09857833885843 0 0 0 0 0 0 0 0 0 0
1.24860880955489 6.69010330733375 6.62218711603775 6.61514487669842 5.49509350961421 0.767797413474298 11.2995222788157 7.15159177028059 1.42460633366784 0.724707501936915 0.904435570366969 4.55466862076202 3.07521229184777 4.30021262793273 0.0214234006248297 2.01025868352477 0 0 0 0 0 0 0 0 0
2.26213862358603 3.65622366430246 2.55766621149499 2.22676066241646 2.68891420828439 3.85382398266685 1.04157912862994 0.866067499687141 0.25828572922268 0.97469352302539 2.46121984570019 4.03500148122608 0.393130024856016 4.74840030298658 1.29984816535485 2.89610500046731 0.872306720078548 0 0 0 0 0 0 0 0
1.01117001643954 2.90006247229802 0.490106590101321 0.778735936682324 2.48586780287002 2.03535970289972 3.0006129286102 1.34834320537374 0.382951147080687 1.39127876399226 1.84206264551916 2.54157380111577 2.98610789759355 4.26668010337676 1.69448879882712 5.55880116547866 0 0 0 0 0 0 0 0 0
1.12487390219493 2.40219841320262 2.34025092009828 4.70837219348061 4.4686015715099 2.77316307424577 0.969616536902646 1.68478049381229 4.24199530103619 4.05330880782055 3.99883240233258 5.82337844636174 1.87322356421966 5.39473715380002 0 0 0 0 0 0 0 0 0 0 0
5.65470986870342 4.05258330640453 1.974279480079 0.252056655885035 1.34555774935151 0.775460667236903 0.954929936713053 3.75424819063011 2.07210859974286 1.49972477819525 7.31843283084453 1.61017753220171 0 0 0 0 0 0 0 0 0 0 0 0 0
0.268604921475806 1.16366362333569 0.431474231363299 0.00883135991392855 1.6041495982474 0.505616928575663 0.727579617515782 3.53474243791909 1.16323604978934 5.32834965846389 0 0 0 0 0 0 0 0 0 0 0 0 0 0 0
4.13080356886895 8.4453470488054 4.421475516857 1.03154979832262 3.27211652959101 7.21724094387962 7.43975233608758 6.09874561994257 0 0 0 0 0 0 0 0 0 0 0 0 0 0 0 0 0
4.04918410150788 4.06975285284908 1.06945335730955 1.04444609858395 3.40896854037586 2.82455640932402 0 0 0 0 0 0 0 0 0 0 0 0 0 0 0 0 0 0 0
0.0621950355210384 1.75160122808142 2.08254444392171 2.69735903545389 0 0 0 0 0 0 0 0 0 0 0 0 0 0 0 0 0 0 0 0 0
0.377542418534411 5.1925832870376 0 0 0 0 0 0 0 0 0 0 0 0 0 0 0 0 0 0 0 0 0 0 0
