0.0592547429821456 0 0 0 0 0 0 0 0 0 0 0 0 0 0 0 0 0 0 0 0 0 0 0 0
5.4282727084895 9.21321024749162 0 0 0 0 0 0 0 0 0 0 0 0 0 0 0 0 0 0 0 0 0 0 0
6.00744222701242 16.8487481492956 14.2981760072448 0 0 0 0 0 0 0 0 0 0 0 0 0 0 0 0 0 0 0 0 0 0
7.69757873048463 15.8193922381884 9.75388409284414 7.67577740026605 0 0 0 0 0 0 0 0 0 0 0 0 0 0 0 0 0 0 0 0 0
4.91178848551843 5.47081417345976 4.55736093464949 8.88325362353313 6.20545064847502 0 0 0 0 0 0 0 0 0 0 0 0 0 0 0 0 0 0 0 0
6.13959244715987 10.8577240846537 17.9282721284033 15.5913385273615 5.71007716977405 11.2015483986518 0 0 0 0 0 0 0 0 0 0 0 0 0 0 0 0 0 0 0
4.65384385013012 16.1603479137186 15.3645210875661 10.272452271478 4.46916346574669 16.163332874545 10.9258261997611 0 0 0 0 0 0 0 0 0 0 0 0 0 0 0 0 0 0
8.63401713427626 13.3779641486951 11.1288809711263 8.03532155096268 8.17093651786955 11.8528013010372 10.9642358143684 9.65542428836463 0 0 0 0 0 0 0 0 0 0 0 0 0 0 0 0 0
4.45019216670841 5.5960059118313 3.28938311117462 7.60917013050056 2.54788663671698 6.14735032069423 2.88103569021369 2.58379361847769 1.3525568353106 0 0 0 0 0 0 0 0 0 0 0 0 0 0 0 0
5.95569971230594 9.2704809934147 16.4097959964314 11.4352437564972 7.50963969642345 9.0729641598821 12.188399627034 4.22103881379761 0.112325777161368 1.27657877939228 0 0 0 0 0 0 0 0 0 0 0 0 0 0 0
3.67972841070826 15.9708321326051 10.6575051847975 11.5934506876367 3.35227175625512 14.6962245955785 5.88721483080495 2.30544573391787 2.2117819236839 4.58368064447919 0.261065594262634 0 0 0 0 0 0 0 0 0 0 0 0 0 0
5.44487615273682 10.4574436629506 7.72507113479249 8.52994255771673 2.54747257198998 5.13512878426211 3.88849865392161 4.75532601622361 0.0818269187237355 0.295635777864591 3.42440525694173 6.00871049113485 0 0 0 0 0 0 0 0 0 0 0 0 0
2.61860860327518 3.78982826750266 4.44544651526048 4.60742356207979 1.70422859584976 3.59274326462236 5.64760872454916 2.32838105825566 1.14393833580723 0.795449931004114 1.67722318583462 5.58016554802503 2.26328591609836 0 0 0 0 0 0 0 0 0 0 0 0
4.63781937959703 5.91754297418626 4.40538542177992 4.59777062845419 0.908129115890902 3.11895923722751 4.86444926871023 1.6803131396809 4.6596272095348 0.319940246150585 11.454693465623 0.378289531219839 6.19032234487917 4.05182476371822 0 0 0 0 0 0 0 0 0 0 0
3.48082571551292 8.68286567695085 4.89384639858047 1.23399475282976 2.77481266993274 3.3821738707657 0.0122626453271436 4.75922052744752 0.0351158512542636 10.2793566238593 4.45895351536597 9.34810863242311 1.08084895001914 0.475260466429143 1.9190459012647 0 0 0 0 0 0 0 0 0 0
3.27828129018891 6.85624584839235 4.11555231764748 5.63665183932361 0.381004962164867 0.0900940908155631 1.97874204531924 4.49450022820146 3.73624354094152 2.36185574102734 12.6494475736311 0.253417014300976 4.27180354051433 0.887292367220702 2.67381462619231 3.62240028531569 0 0 0 0 0 0 0 0 0
5.6881317203552 2.74227451710178 4.10705548253534 7.47598323666466 0.958421342032432 4.69433840857954 1.37866740342947 11.7876631437158 1.50424040315527 9.22031106112806 1.98674134894787 1.66973768178745 2.50172465387905 11.3930719233288 2.63976806195631 5.95642888080131 4.17466499736468 0 0 0 0 0 0 0 0
1.14692257648018 4.20984855436477 4.88529685891058 1.20040972982515 2.42630103445187 2.48446817443066 11.0592439373137 11.7340632775373 2.91917128471175 0.660214994706347 4.50828149650038 1.0321002590101 1.73545030563035 4.7229289670152 2.87430817799716 8.91462859104756 0 0 0 0 0 0 0 0 0
2.76128020145829 0.178198224879077 0.477611357279136 0.380198326128001 0.862570266093005 4.5001953830326 2.58782173968675 5.81135883580394 0.467505747355764 2.9922742755688 0.920680230866204 2.65491759628862 2.43289581090817 0.0954089296128211 0 0 0 0 0 0 0 0 0 0 0
3.5122358546302 0.492834143749907 2.15337795383446 1.84578943087546 3.90595439047145 2.88715732740446 8.55866721066298 2.1522768241698 0.259622654573685 0.903731863253132 8.18651713527593 0.921508514513748 0 0 0 0 0 0 0 0 0 0 0 0 0
0.214157356131408 3.37543690757958 0.86236680793176 5.63794583301329 2.22095679066774 6.05868247339179 0.63511313216473 4.91517539104972 1.00451853125982 3.0099957265772 0 0 0 0 0 0 0 0 0 0 0 0 0 0 0
5.63082318731327 0.37036649780182 7.03605461561082 2.33054927684684 1.69841358980576 0.978887541603824 0.0140668056331238 0.187600226912038 0 0 0 0 0 0 0 0 0 0 0 0 0 0 0 0 0
0.957820926635209 6.20843799416881 2.76632211559494 2.46391971116193 3.00161114841798 5.33820661978559 0 0 0 0 0 0 0 0 0 0 0 0 0 0 0 0 0 0 0
3.22401558029088 1.3452428198495 2.24137812103697 0.249840171684092 0 0 0 0 0 0 0 0 0 0 0 0 0 0 0 0 0 0 0 0 0
3.65282065437968 7.73282952831979 0 0 0 0 0 0 0 0 0 0 0 0 0 0 0 0 0 0 0 0 0 0 0
