0.10804117798638 0 0 0 0 0 0 0 0 0 0 0 0 0 0 0 0 0 0 0 0 0 0 0 0
6.88341209691961 10.4151122335469 0 0 0 0 0 0 0 0 0 0 0 0 0 0 0 0 0 0 0 0 0 0 0
4.48251232941118 18.2542204619168 12.2253069073653 0 0 0 0 0 0 0 0 0 0 0 0 0 0 0 0 0 0 0 0 0 0
6.31755839928202 11.8480706032587 4.9875487742461 5.67100889195211 0 0 0 0 0 0 0 0 0 0 0 0 0 0 0 0 0 0 0 0 0
3.46895800687452 3.80279705224179 5.45979676304668 2.59888360710067 3.84485180570283 0 0 0 0 0 0 0 0 0 0 0 0 0 0 0 0 0 0 0 0
3.23191500846033 12.1180835950322 4.29609710086356 8.61930057681861 0.237956932004033 8.05869585999799 0 0 0 0 0 0 0 0 0 0 0 0 0 0 0 0 0 0 0
3.70049260815398 0.653744858039672 4.72780512015364 3.50700719325926 1.07250143358 0.304329282835163 2.62494574499108 0 0 0 0 0 0 0 0 0 0 0 0 0 0 0 0 0 0
2.15989493474246 1.61237047457508 2.79127958147381 0.51361694567938 1.31820686664386 5.15729331157004 0.692159854391707 0.183725337293201 0 0 0 0 0 0 0 0 0 0 0 0 0 0 0 0 0
3.01830889154067 0.103169416887932 1.15706282900274 1.86602242410661 8.76604736079132 0.513497315333354 1.16240212391948 0.0470481948138847 1.23388502242539 0 0 0 0 0 0 0 0 0 0 0 0 0 0 0 0
0.868118195173198 5.22487881735594 0.878340828147863 2.81700650469897 0.405009846076446 1.94500011449874 0.516712005809321 0.10302561121575 4.14397043949058 2.36070834056682 0 0 0 0 0 0 0 0 0 0 0 0 0 0 0
3.92670190529677 1.34918140258926 0.102553004122083 1.60341238971339 1.9351053441165 0.091667042666587 6.63315075911823 0.15084559994826 3.02173221091419 3.93306232712218 6.18748495939368 0 0 0 0 0 0 0 0 0 0 0 0 0 0
1.28429921317988 0.0848687400919889 1.85979380154825 1.17829832515407 0.851713412076534 1.83688433539575 0.0798507684906246 0.0282499117407739 0.754947397430082 2.13813008180688 3.53861865684988 5.64541829352637 0 0 0 0 0 0 0 0 0 0 0 0 0
3.01648761455857 1.25132917804932 0.0591053339362866 3.6331081637983 0.514564251480883 1.22565543066475 3.18414276041887 3.87417924759765 2.68848558968658 1.24071914748217 1.41131227396977 0.453674998242361 5.39911111164474 0 0 0 0 0 0 0 0 0 0 0 0
1.44989653421693 0.191336540237515 3.45596598209869 2.60368589203811 0.912878135551366 0.477020719588207 0.327470446098052 0.958373245080068 0.101691319578466 1.00668113417626 5.93520864281499 1.21529084484918 1.82027330379341 2.1375344387123 0 0 0 0 0 0 0 0 0 0 0
4.18921728540102 1.48920957325041 1.29063001338395 1.67679703612836 1.32915231972418 3.59891756621628 3.39140671325515 0.97561108072248 0.214701399358459 1.42104026352109 1.9484550449489 10.7478965568266 2.3751736898386 1.87028515217289 2.72895841462977 0 0 0 0 0 0 0 0 0 0
1.04000020877026 3.70991626329339 1.25852406641808 3.31527775661013 2.66207729438659 0.707631659562909 2.96556721849808 1.64990601832308 3.40884620909516 0.13064842859318 1.69757990000892 8.69638963125276 2.98133532418746 0.515736511443058 1.98769100138737 5.90208893677721 0 0 0 0 0 0 0 0 0
3.18366475880236 0.156913389338339 0.461554359464803 0.357640927927662 1.0717312642363 1.18416464066958 2.30992634082916 3.23941143021195 2.30240018879817 1.27278242318234 1.6203037211941 0.963297395648671 2.95333956459443 1.6460483244777 0.211214729909316 0.123612575020226 0.721567759772581 0 0 0 0 0 0 0 0
0.119379849733204 0.303120828393693 3.12191644317355 1.72660084234945 1.18846452386884 1.71630332536452 1.3354601450504 6.48208351193471 1.74049880124072 4.1491259879795 0.214921109082117 4.07534334683193 0.828580066692596 5.16417995599789 2.45860384718543 6.01993896456025 0 0 0 0 0 0 0 0 0
0.0933940971708283 0.540636497929739 0.70370707796219 1.96363678520678 2.99052798576655 0.239357123532033 1.18015207973677 0.0866564029699648 1.25275340925513 1.93745528380603 5.55710912214197 0.980717976632335 0.33419041182465 0.231886395479446 0 0 0 0 0 0 0 0 0 0 0
3.77619326346195 2.41954524143199 0.631500655680974 0.777129193788492 0.277962847728618 0.117331318420174 3.76634413231578 0.0105121226676114 2.04441715232853 0.817491292708141 0.208791122687719 2.87518619507452 0 0 0 0 0 0 0 0 0 0 0 0 0
0.539417545583417 0.143877922879748 3.25389549581375 0.0372506437421352 0.238774808327109 3.56735707185316 2.83327014830148 1.98733921731771 0.264993886291755 1.6979508176461 0 0 0 0 0 0 0 0 0 0 0 0 0 0 0
5.16838559385114 0.820924222822608 1.34037201441543 0.640438772363478 5.1411126413207 0.955498647151345 2.00561249749154 0.134413928649652 0 0 0 0 0 0 0 0 0 0 0 0 0 0 0 0 0
2.95257119750786 0.316003957588428 0.348500377551008 0.276451848642441 2.82445548922437 2.13002186896542 0 0 0 0 0 0 0 0 0 0 0 0 0 0 0 0 0 0 0
2.07570251362874 0.171018651571651 1.18549266101746 0.983380232161269 0 0 0 0 0 0 0 0 0 0 0 0 0 0 0 0 0 0 0 0 0
0.270181780361038 13.2424668196835 0 0 0 0 0 0 0 0 0 0 0 0 0 0 0 0 0 0 0 0 0 0 0
