0.0589621436392633 0 0 0 0 0 0 0 0 0 0 0 0 0 0 0 0 0 0 0 0 0 0 0 0
5.44679511785859 9.13254958833419 0 0 0 0 0 0 0 0 0 0 0 0 0 0 0 0 0 0 0 0 0 0 0
5.90511901398698 16.6886975670196 13.9831528752236 0 0 0 0 0 0 0 0 0 0 0 0 0 0 0 0 0 0 0 0 0 0
7.91293143298467 16.0387495541764 9.89278037734254 7.97939438047395 0 0 0 0 0 0 0 0 0 0 0 0 0 0 0 0 0 0 0 0 0
5.02721617311199 5.35204773509878 5.28903007492459 6.78515490114289 10.8004681696154 0 0 0 0 0 0 0 0 0 0 0 0 0 0 0 0 0 0 0 0
5.7612537211652 11.9367037489372 17.6522341264277 18.3929779243004 5.90423900811835 11.7698514865458 0 0 0 0 0 0 0 0 0 0 0 0 0 0 0 0 0 0 0
5.30068733063511 15.5916316233399 18.9762780240429 9.06013911980043 6.58112480646729 12.4431691545898 9.91351711602532 0 0 0 0 0 0 0 0 0 0 0 0 0 0 0 0 0 0
6.51825501059597 17.0453097821847 8.65659555227708 11.1891431733616 5.32810995074517 11.1826289046016 7.73095321722723 3.30553333710495 0 0 0 0 0 0 0 0 0 0 0 0 0 0 0 0 0
6.59022477067563 4.14240618247509 6.01118197239499 5.11531431406832 2.29953605142695 4.95728373888412 1.5424088791785 0.988088088896327 0.375945478880301 0 0 0 0 0 0 0 0 0 0 0 0 0 0 0 0
5.13713580909479 11.8701123403321 12.2509477141603 13.4605362741854 6.94758370438777 5.90936633994167 2.02206969546105 0.900791600324498 3.65827877459841 0.403892301106947 0 0 0 0 0 0 0 0 0 0 0 0 0 0 0
4.60513886659445 8.5845100374562 10.8074264812026 7.44251883443932 4.88935267476835 1.6921011721015 0.460071032438069 7.65908383551149 0.853398556460283 0.9906596069066 2.56627764923289 0 0 0 0 0 0 0 0 0 0 0 0 0 0
4.53207169721902 9.55357403591016 8.19254653883683 7.35586221137963 1.05460985914242 1.29590927725346 4.21380267296733 0.572572454646337 1.05151208400209 5.00534157448627 3.69417682693522 3.48179581573756 0 0 0 0 0 0 0 0 0 0 0 0 0
3.19577239472686 5.4689166293153 5.21774215693273 1.88947020789421 0.712021399724513 2.59067649503019 1.84240365660934 3.45974911324137 3.09912965028795 3.20029274204208 2.54675677580916 2.98341683973081 2.2861482941938 0 0 0 0 0 0 0 0 0 0 0 0
3.976035726848 4.63987032765387 2.8753240205177 0.815385693317668 6.56552496932734 0.209397144778111 1.2842335441526 0.625761422821314 2.65178055829842 4.055469929775 2.7145286631675 7.18581223459778 3.81758752116154 0.658890901621062 0 0 0 0 0 0 0 0 0 0 0
1.19474237210532 0.713143419172672 0.580970737446445 4.60145933227447 2.42733541321015 0.377307450580904 0.727722872030039 5.20366858000727 1.76649123190369 1.59606228682686 1.84519832057565 4.25409795730997 2.58779980442284 1.59158277146331 0.106615806482779 0 0 0 0 0 0 0 0 0 0
0.0617439693166282 4.72466684650669 0.42411698207958 2.65675396967805 0.581475374107233 6.10525258454317 1.4838489722588 4.49533986993659 0.46471435183426 1.85645218078798 2.54483134278865 2.80912308137879 0.863200966296167 0.297979963836934 5.82961324017094 1.00095856908821 0 0 0 0 0 0 0 0 0
1.5804232825073 1.13472809563648 3.66305552292108 7.52995326062463 5.40462915992643 0.629026844774921 2.11708781229707 5.24748790160349 1.82362529602712 1.54217015754156 5.18260373403903 1.77373308261324 6.59838728408792 2.65608196737489 1.54268127464352 1.03570980393112 1.74755487605887 0 0 0 0 0 0 0 0
1.02060812536869 2.4893262580118 0.40797184528789 1.53127313278166 0.396712333183114 3.12153362968147 1.34652655078199 0.093086186008135 2.64583678775454 0.805536790213778 1.44883599993736 2.38862843953044 0.775487241151404 2.52311160731658 7.30285624926669 0.114595707132585 0 0 0 0 0 0 0 0 0
2.34908177378483 0.174605381464439 5.7878177128791 1.49695716335987 1.66902114177659 1.56230612079015 1.09134007744976 3.90251580813329 0.405131316482885 1.20837123583043 2.92409349831367 2.84396025189495 0.353065933127843 1.46270855624331 0 0 0 0 0 0 0 0 0 0 0
0.0821179196215044 7.22636341295659 1.73581709641657 1.42643603663848 1.58176148391001 1.02481553999732 0.321535639578315 3.16644374500377 0.308798609391847 0.38347568292431 2.94975129421742 2.95566832458375 0 0 0 0 0 0 0 0 0 0 0 0 0
4.85039762849342 0.367319504859863 3.20846212570221 3.64724876818824 0.953862826618065 0.489655864587996 4.70766603996218 1.2207391046852 3.08815902817634 7.01382595274124 0 0 0 0 0 0 0 0 0 0 0 0 0 0 0
1.66556337380503 1.50805316118341 4.39964916126669 0.0663426683331211 1.35876217830123 2.01315680561488 1.62186115575036 1.85706283142888 0 0 0 0 0 0 0 0 0 0 0 0 0 0 0 0 0
0.82105317107717 5.5248747916142 1.37935921772934 4.78399224039998 1.53969361315996 0.459174531596776 0 0 0 0 0 0 0 0 0 0 0 0 0 0 0 0 0 0 0
2.69611644321152 1.23757570541059 3.98220163432845 0.90444295488867 0 0 0 0 0 0 0 0 0 0 0 0 0 0 0 0 0 0 0 0 0
1.58147500771772 2.05803611773706 0 0 0 0 0 0 0 0 0 0 0 0 0 0 0 0 0 0 0 0 0 0 0
