0.118621822212194 0 0 0 0 0 0 0 0 0 0 0 0 0 0 0 0 0 0 0 0 0 0 0 0
6.65107085491862 12.3159039054205 0 0 0 0 0 0 0 0 0 0 0 0 0 0 0 0 0 0 0 0 0 0 0
5.43355398823467 16.6994656600109 6.14682723470766 0 0 0 0 0 0 0 0 0 0 0 0 0 0 0 0 0 0 0 0 0 0
5.63207996207059 5.98292705748135 3.03019395623901 0.0525970044665477 0 0 0 0 0 0 0 0 0 0 0 0 0 0 0 0 0 0 0 0 0
1.76113731809527 0.0359671375054964 0.0916965735832411 4.71699798155975 3.63622861248884 0 0 0 0 0 0 0 0 0 0 0 0 0 0 0 0 0 0 0 0
3.40456525922553 4.10782813898747 1.00215391958366 0.716845399241674 1.57535917479944 1.83339531318801 0 0 0 0 0 0 0 0 0 0 0 0 0 0 0 0 0 0 0
0.629698354484976 1.70423379989717 1.61121435474006 3.83534976479988 1.40255913416541 0.287402810600723 6.42663820009969 0 0 0 0 0 0 0 0 0 0 0 0 0 0 0 0 0 0
2.35839822720765 2.6401609338108 5.53257857849387 3.35021419422943 1.11198025388506 7.06504584372251 1.25989301072643 4.06071638520324 0 0 0 0 0 0 0 0 0 0 0 0 0 0 0 0 0
3.56895394296254 1.27897375708541 10.051817656018 9.79172380491496 2.10357201958981 1.25819800048441 4.2785225424555 2.37199963573759 2.17359202360592 0 0 0 0 0 0 0 0 0 0 0 0 0 0 0 0
1.43807939519056 1.86079873173704 3.8599007944414 4.18022489790121 1.33099524744891 1.9523343317793 0.226020987201794 1.79326162602062 1.93770501547528 7.41566058489823 0 0 0 0 0 0 0 0 0 0 0 0 0 0 0
4.35436280012667 10.5871976323539 7.02816019596221 2.24193237040967 4.25163357045699 0.404446856906319 0.861454334693501 1.89080024538284 4.94537415413575 0.982105428201505 2.10420090099475 0 0 0 0 0 0 0 0 0 0 0 0 0 0
5.33757103677971 5.47859304635856 1.26564898312881 6.84280596350202 3.14712402082959 2.53922878457005 1.17910310205221 2.24543587885991 2.92455880868706 0.0116002233047947 3.16993958896529 0.217080909414535 0 0 0 0 0 0 0 0 0 0 0 0 0
2.99211908720189 0.0889065413958705 3.8182460607516 4.97969586988921 0.366150770815319 0.993992048406163 1.73981470944057 1.44227621439485 2.77317881265303 0.0253706827436875 1.40983947804328 4.69530436464715 6.02152069549371 0 0 0 0 0 0 0 0 0 0 0 0
1.86752114091825 7.69583861740608 13.0108638201167 4.06874091566019 5.80054861583999 12.5828440686011 6.27074873774431 2.22104138234364 3.51324353378794 3.67980961413058 0.663335519676759 2.87680599780746 2.25504659613872 4.30472214110327 0 0 0 0 0 0 0 0 0 0 0
3.98126426026385 13.7070928875003 8.3881335048419 6.05320766305654 0.0209747991199533 6.38348023710684 0.362788738702491 0.190019447100902 2.31380802372464 0.100900245175981 5.95798386713069 1.1797791760931 2.67898422158142 0.461739836746882 0.0452541957382306 0 0 0 0 0 0 0 0 0 0
3.85364846402971 7.94025610292734 7.73976044098228 1.25528733420191 0.698640526684992 1.50888842074922 4.44841451071448 6.16799056562726 1.50172413074052 2.4621917816173 2.3072908566357 1.29517460493302 5.26488719836838 0.46667521517377 3.18891347579736 2.59792501540649 0 0 0 0 0 0 0 0 0
2.60428755192678 5.32674871288579 0.297052030913614 0.427661443233496 0.727865293261026 2.01091320686097 6.77620805825611 4.70693161044256 1.48351266391253 1.95272539698716 0.771404803598695 1.91976656288293 1.39559318495649 3.36147819552462 2.50797432109049 3.48067610409396 1.72232451997472 0 0 0 0 0 0 0 0
4.18361296885624 1.26763055929129 0.817426928423878 2.02450449994605 0.372928822932506 6.16335027105954 2.27932244051772 3.83202953271146 2.61964512006455 6.44809119229521 0.833193804653388 1.54099773371518 0.147397927313347 2.46158684921351 6.03694997395195 4.46709084152182 0 0 0 0 0 0 0 0 0
1.49875123147264 5.96363475858313 0.138737245688107 0.154311844437439 3.26201232537767 3.10524527812472 0.0469333940273811 2.33263661952221 0.464649385288461 0.0721772768323176 0.00828491301949847 1.07841788408043 1.25752431101009 15.4408173486389 0 0 0 0 0 0 0 0 0 0 0
3.63094285952747 0.721585286979645 3.62136827238292 6.67537675973691 2.00085139382328 4.30748886110914 3.18692106087673 6.23917973528487 1.1529879008838 4.12571320157644 3.60073423037658 2.40055522361535 0 0 0 0 0 0 0 0 0 0 0 0 0
1.3131065504335 2.86434082333508 1.01974319129749 0.302762929542047 0.718388750148321 1.50164216331207 8.18133323118758 0.789014304621433 1.40455542380295 5.44540043935182 0 0 0 0 0 0 0 0 0 0 0 0 0 0 0
0.124558307864268 4.08062130190735 2.52680798911743 2.67754582475965 1.30159635000161 8.63189235541258 0.0329203729109483 3.86877246504919 0 0 0 0 0 0 0 0 0 0 0 0 0 0 0 0 0
1.73445104935471 1.19681158485969 1.53061786595691 0.1044580443111 5.23070799244557 1.86226209258584 0 0 0 0 0 0 0 0 0 0 0 0 0 0 0 0 0 0 0
0.123354383918845 3.96532829306963 1.17612704551605 7.44305375779632 0 0 0 0 0 0 0 0 0 0 0 0 0 0 0 0 0 0 0 0 0
1.45366065979986 9.44231789615022 0 0 0 0 0 0 0 0 0 0 0 0 0 0 0 0 0 0 0 0 0 0 0
