0.126401278726378 0 0 0 0 0 0 0 0 0 0 0 0 0 0 0 0 0 0 0 0 0 0 0 0
6.5836044699809 12.6581715296453 0 0 0 0 0 0 0 0 0 0 0 0 0 0 0 0 0 0 0 0 0 0 0
5.55174073564349 19.0307698634813 15.47476157101 0 0 0 0 0 0 0 0 0 0 0 0 0 0 0 0 0 0 0 0 0 0
6.96472089593264 17.1378297862101 10.6696548941012 7.91648132243728 0 0 0 0 0 0 0 0 0 0 0 0 0 0 0 0 0 0 0 0 0
3.92764540583402 6.52009591615627 5.84064394007786 4.71051127359531 5.56060050156832 0 0 0 0 0 0 0 0 0 0 0 0 0 0 0 0 0 0 0 0
6.77784338793974 15.3271213134772 14.9472965839434 14.6300572000412 5.4629524835868 6.49763501268948 0 0 0 0 0 0 0 0 0 0 0 0 0 0 0 0 0 0 0
6.04831688613019 14.7334569998642 14.6950595117953 7.07690355972892 2.54324195802764 7.60973408818114 3.18768542014226 0 0 0 0 0 0 0 0 0 0 0 0 0 0 0 0 0 0
4.9002892535091 13.5674209556975 7.95748477585005 6.03413357369055 4.62557457545269 5.52628373656697 0.221383292075479 2.54888869522511 0 0 0 0 0 0 0 0 0 0 0 0 0 0 0 0 0
3.21766023622373 6.29972737634278 2.81801047918873 3.74728251294326 4.58685327249638 0.983285222748716 2.12820409860259 0.575593493685953 2.00425159337163 0 0 0 0 0 0 0 0 0 0 0 0 0 0 0 0
4.3667504215316 8.43978015958414 6.96335685341934 6.96151432787796 0.564592156717338 0.741749505475338 1.15395247418438 1.20001894966853 1.69056129351288 8.27322659382443 0 0 0 0 0 0 0 0 0 0 0 0 0 0 0
0.614000286468554 6.578423740051 2.26727277069739 0.0570287296247916 0.781363843447896 1.29427568948989 2.6099708519345 3.05421029175035 2.22642579329499 4.71238174284589 2.65864297012254 0 0 0 0 0 0 0 0 0 0 0 0 0 0
1.19279115671123 4.88673614770585 0.595833763372534 3.42800863893664 0.757519247466616 2.54189317058896 3.6062532701996 8.71879441887748 5.8914742857701 9.02941864743774 5.63612886801036 4.99708533221804 0 0 0 0 0 0 0 0 0 0 0 0 0
0.986148709085325 2.05559343571637 2.99258620726371 6.2088653476953 2.0728667261717 2.90718316625998 1.58880898032322 2.33349956428301 0.0675374016783245 1.9251363988128 0.977599092482016 1.1128230711305 0.0892728416967089 0 0 0 0 0 0 0 0 0 0 0 0
1.79669788742502 1.40793949205116 2.17997332370378 0.172169081248999 2.58429550923607 4.5842881769674 3.9034066683485 1.39346778220404 4.65052045487483 4.35137988161713 2.69390200072166 6.94491453239022 1.19322362846302 0.132509959835219 0 0 0 0 0 0 0 0 0 0 0
5.11848489929231 0.0689521527795476 0.304067890256816 4.82255533380357 2.20420457525007 3.16481025641367 6.86399646209751 8.1999403727948 5.10425561374038 4.85864241177703 4.58647002602284 10.23025092661 1.67038733755081 6.20727097040046 2.47003139222785 0 0 0 0 0 0 0 0 0 0
3.2304369143375 2.37162994175862 0.435673997432624 3.2180730154775 0.0446909796604511 1.00556177734727 2.37254169662148 4.71368156015027 2.7367970562711 5.07409002520243 1.39502379985665 4.53646760536677 5.05139049083535 3.50931317371897 0.761798534951248 1.97659605292788 0 0 0 0 0 0 0 0 0
2.1061095338144 1.18085017886229 4.04310538734632 3.12359605005936 0.327719976221923 1.10183410058636 4.60763732473276 3.19124234940629 0.804465592614173 2.27943763640323 4.05835227419365 1.34762066815851 2.17194386423379 3.37494577440575 1.39452250626472 5.83397153988895 1.48829785901811 0 0 0 0 0 0 0 0
0.658797914043587 0.76409891864061 4.02844851079028 0.744438299225906 0.151759826813398 3.38035111135151 1.53375452780902 0.246666031849647 0.648012444118139 0.706848238658858 1.60706388369413 0.582345520304979 0.336882588588225 0.68592281271729 2.99160207760893 2.11272675728599 0 0 0 0 0 0 0 0 0
2.89076838566589 7.33967383514084 6.57532588116452 8.45319281755253 1.40619370665124 6.08962617043738 8.25860560465449 7.23102507180044 5.72762980981185 9.36437047675983 8.26688869781733 7.2402052807505 1.11505991555899 4.8592026078659 0 0 0 0 0 0 0 0 0 0 0
5.29567652062587 6.78790078960783 7.28609061063937 6.27797162579693 2.70622119334352 8.53178027378066 4.76971158373771 4.93490152050587 7.94318389679964 7.29432841976665 2.84555689258718 2.54079253396432 0 0 0 0 0 0 0 0 0 0 0 0 0
0.154129597323649 4.0823836023262 0.226619219126081 1.59560468532265 0.877470776191187 2.15901274644224 0.77185364178848 3.88470870146381 1.03824555469841 1.5802183799684 0 0 0 0 0 0 0 0 0 0 0 0 0 0 0
4.2871233220449 2.66597972803992 4.4702635238971 8.51797270585492 1.97822646095329 2.62350563512533 5.91725871858175 2.92837073154202 0 0 0 0 0 0 0 0 0 0 0 0 0 0 0 0 0
0.274871675607743 2.13656528468828 1.93556524177091 2.27728615405532 3.26669535074546 2.02833639963973 0 0 0 0 0 0 0 0 0 0 0 0 0 0 0 0 0 0 0
1.45666108465295 5.90302620335152 4.13622423830848 4.11914201247574 0 0 0 0 0 0 0 0 0 0 0 0 0 0 0 0 0 0 0 0 0
1.67828676694888 4.67084272078826 0 0 0 0 0 0 0 0 0 0 0 0 0 0 0 0 0 0 0 0 0 0 0
