0.20834976537142 0 0 0 0 0 0 0 0 0 0 0 0 0 0 0 0 0 0 0 0 0 0 0 0
3.19072265579894 8.43784883610448 0 0 0 0 0 0 0 0 0 0 0 0 0 0 0 0 0 0 0 0 0 0 0
0.267818500323679 3.95892733614911 6.11822074003705 0 0 0 0 0 0 0 0 0 0 0 0 0 0 0 0 0 0 0 0 0 0
3.9033671821871 11.8355912018104 4.47361203980315 2.92302854976901 0 0 0 0 0 0 0 0 0 0 0 0 0 0 0 0 0 0 0 0 0
3.30543802023472 7.51767786365049 4.3029608250271 1.08982167264047 2.32329913220115 0 0 0 0 0 0 0 0 0 0 0 0 0 0 0 0 0 0 0 0
3.69974881436718 13.3461668620919 0.986815042837291 5.8976852124918 6.27040882497772 3.02616523574807 0 0 0 0 0 0 0 0 0 0 0 0 0 0 0 0 0 0 0
4.08908618057417 0.725923888516649 3.70292718066589 3.35598210690414 0.815743574931759 5.16177724005409 1.9242309249223 0 0 0 0 0 0 0 0 0 0 0 0 0 0 0 0 0 0
0.524802216096132 1.56138650542579 0.908066917307743 2.49273963695205 0.212218564210905 3.44536131328483 2.94995214931639 3.47034612032376 0 0 0 0 0 0 0 0 0 0 0 0 0 0 0 0 0
0.509071139110057 6.17455633778219 1.07227777560433 1.51733597327249 3.21741886800615 3.96174974562592 7.66405111238595 2.22818191556467 1.41747118740033 0 0 0 0 0 0 0 0 0 0 0 0 0 0 0 0
1.57233356229791 3.00677900566758 0.727440991474491 0.99353234617012 0.359234618754308 3.08299082394231 0.643863515027994 2.05817796399811 0.166531998182136 0.270827113479696 0 0 0 0 0 0 0 0 0 0 0 0 0 0 0
0.328225015786373 0.419778441464187 0.0171568791235689 1.51951807559397 4.24044741660706 1.21254417571771 2.11587681030919 0.178205073214905 3.84254238038848 0.715307354115103 0.541089447648258 0 0 0 0 0 0 0 0 0 0 0 0 0 0
2.81217955673863 2.3309979133466 0.974767756028491 0.550069168196341 5.37974384838372 3.1096515025881 5.2528772099969 0.0952529522724036 0.0253971848325849 1.04223641351243 0.55416806188066 0.564797772316562 0 0 0 0 0 0 0 0 0 0 0 0 0
3.14539661044158 0.57271194952053 0.130914323067944 0.81359778919754 0.726765590740471 2.0770707760694 3.37427518397289 1.75661141631659 2.95877750490997 1.58963919722752 2.92800499817446 0.801683240203361 3.20954903033182 0 0 0 0 0 0 0 0 0 0 0 0
0.827748947394144 4.43164669856937 2.02844589182666 2.51787256827675 1.90043608953473 4.42617348219941 1.69550320433145 0.345034580226875 0.684760582200104 2.24208282993844 5.06693197344053 5.39747815546408 2.43172066725135 0.893948879500619 0 0 0 0 0 0 0 0 0 0 0
3.50068044551071 0.271193647985193 1.04504821051875 0.536503668359477 1.05271634079626 2.01447554590731 4.03001345128142 4.01538304975887 6.17416544597071 0.181093514880565 0.209208845699519 0.479718964627498 6.59231913301398 0.245883241614063 0.707120957614994 0 0 0 0 0 0 0 0 0 0
0.348914141979058 3.63978363147287 0.00663128708992717 2.35678284383099 0.202152909681394 0.888479373390689 0.351749901177117 2.27356042742091 7.47172638710128 1.12463166654702 8.85484792143107 1.12375519213732 3.9489103863627 1.71919124350636 1.01210482171541 0.59102609259906 0 0 0 0 0 0 0 0 0
1.14825466295565 2.08150683849107 2.39267495914736 1.2634671558391 0.147458408467694 0.235839404443571 0.0109179281362241 4.58390911306564 1.69055428438214 3.11757893967908 1.17558289021933 3.09215355028536 3.39289190385233 1.93954511749063 1.96398004326901 0.472754336503764 0.0275255755019002 0 0 0 0 0 0 0 0
0.878097498867908 2.00920356351241 1.08159689447342 0.923575100407362 1.02458989428905 0.607707508917117 7.16465587360395 0.0837973577603322 11.4146266472594 1.0133093381434 1.01161253725225 0.110584573562686 2.82613318372748 4.99318609028439 0.95807813315109 0.757763823399978 0 0 0 0 0 0 0 0 0
0.267577430551734 0.357613918505649 1.06073294894129 2.8409946233956 2.14732814607647 1.19259444345831 0.0324802590553478 0.957100705059626 4.15308878005244 1.34614015901076 2.60331729606006 4.4746131599679 0.249725304512247 0.0615475809344247 0 0 0 0 0 0 0 0 0 0 0
3.64945943290218 2.16812707979215 3.05096593727476 1.16109868301909 0.387459180774753 0.968124026043395 1.96632387418961 3.19359707124499 0.527845138827253 3.87080005112831 0.788138517633846 0.199659160129045 0 0 0 0 0 0 0 0 0 0 0 0 0
6.6965983099536 4.98207042472185 0.720537349817263 1.61122533436434 0.664732773422214 1.31764711494971 6.25279463439021 0.197703791662109 3.86745070730627 2.53299621644587 0 0 0 0 0 0 0 0 0 0 0 0 0 0 0
1.57042313864083 0.244339755544433 0.646270511094439 1.50113143017212 0.218616763799407 3.29373487504792 0.31062642314322 4.51784627492247 0 0 0 0 0 0 0 0 0 0 0 0 0 0 0 0 0
3.4471958889895 2.2572565808186 0.573420405568877 0.818079014032881 0.44101044555096 0.00301429054236568 0 0 0 0 0 0 0 0 0 0 0 0 0 0 0 0 0 0 0
0.0509856738888063 1.80459997418478 0.542352875705964 1.28599929775617 0 0 0 0 0 0 0 0 0 0 0 0 0 0 0 0 0 0 0 0 0
0.598495504846829 0.0962055961780302 0 0 0 0 0 0 0 0 0 0 0 0 0 0 0 0 0 0 0 0 0 0 0
