0.0236293099229842 0 0 0 0 0 0 0 0 0 0 0 0 0 0 0 0 0 0 0 0 0 0 0 0
3.09935035880599 5.33576833348092 0 0 0 0 0 0 0 0 0 0 0 0 0 0 0 0 0 0 0 0 0 0 0
4.93972198711949 13.7418260141057 11.5731655574166 0 0 0 0 0 0 0 0 0 0 0 0 0 0 0 0 0 0 0 0 0 0
8.06733816437529 12.1165018549651 6.79218257663752 3.86876409352961 0 0 0 0 0 0 0 0 0 0 0 0 0 0 0 0 0 0 0 0 0
5.8862295618381 4.21527157956466 4.29145702318016 3.18493842650715 3.14833221359353 0 0 0 0 0 0 0 0 0 0 0 0 0 0 0 0 0 0 0 0
4.98750473144562 8.54926556389718 8.95001524216103 6.90829965191581 1.11677276330931 2.37894245261159 0 0 0 0 0 0 0 0 0 0 0 0 0 0 0 0 0 0 0
4.06460407489428 5.90442960724218 6.91145496304966 1.60666706594237 1.8395234342348 8.1552329068359 5.02070064947343 0 0 0 0 0 0 0 0 0 0 0 0 0 0 0 0 0 0
2.27909115940304 6.34410012224552 0.69732807160035 1.48576026319438 7.53216398025909 4.36139905734334 0.0325566678373042 9.30673804016716 0 0 0 0 0 0 0 0 0 0 0 0 0 0 0 0 0
2.23336273758843 2.0775969491853 0.324376264464249 5.46458168626682 1.30165713845267 0.982659974168648 4.1875363065487 8.02911734717338 3.47536175711081 0 0 0 0 0 0 0 0 0 0 0 0 0 0 0 0
0.650508542282927 0.470211273746002 6.91718083266189 1.56089722400729 0.235579582351236 0.74177418761897 7.41741144393524 5.91892220191401 3.10509944858262 5.18681627729457 0 0 0 0 0 0 0 0 0 0 0 0 0 0 0
2.71665499757537 1.93613814643886 3.10041791097773 1.39061174546577 1.1358394473316 1.90376050521472 3.21479915649791 0.312247872409942 0.0622649717683343 1.9533058061967 1.06802014936967 0 0 0 0 0 0 0 0 0 0 0 0 0 0
1.50613253789935 0.944732266972239 3.18385750201798 5.18987208726557 1.76511876760083 6.08788743190141 3.53260353511634 3.44941796971072 0.648922407709089 2.29646152248232 2.03548623145804 1.06101408898799 0 0 0 0 0 0 0 0 0 0 0 0 0
0.074302819443095 0.245905306592648 2.29501837298315 7.27392027174027 2.50722998663215 3.04687184858913 1.81756676347915 1.06762927503118 2.2621015952424 1.51895158807788 0.387303778109023 2.20684265643439 0.370330018965342 0 0 0 0 0 0 0 0 0 0 0 0
1.01788809080185 2.68624563433525 0.474436356231825 0.127172469226894 0.20206774513067 3.29993231583834 6.64950873850095 3.23255123126391 1.29652286956382 1.99865970295593 6.0520746500666 4.3721108871665 1.64502829316544 6.79723770063653 0 0 0 0 0 0 0 0 0 0 0
1.98465683006554 2.80116944400449 4.45712584766359 2.96117116226125 0.475261606591757 2.60926214918014 0.03990396678362 1.68465107042628 2.81646881684901 3.51429482268917 4.37818726319533 1.87162911734517 0.353905309108484 3.93522019766293 1.54644114613841 0 0 0 0 0 0 0 0 0 0
3.9420113775155 4.2308630743923 4.4870286308969 1.20313566130642 0.447106438928944 1.08507192075481 7.83293465954582 5.07107781740917 8.64158201744017 3.28354933602969 1.92963915378428 2.43515632119366 1.2744104974296 7.38897477517909 3.41775153189837 3.07849361730854 0 0 0 0 0 0 0 0 0
5.69109522520793 6.16199290741854 8.5363422586653 8.56268117225883 2.91293794465073 2.11215991435041 1.96342844069724 5.05608937433113 2.3672386000949 9.10795982102877 1.02365285860146 3.20529262231909 2.86280489077978 2.21366121568824 2.98626711005265 6.06668386479451 7.65743995107386 0 0 0 0 0 0 0 0
4.60201135800017 6.49538864476837 6.34241887555556 3.82295070320154 0.798138401991256 3.51632262798958 6.13163932271925 3.70171071357209 6.80902953840396 5.85737075298132 2.05496275879472 3.13739956010569 3.38559583533427 2.97316736562945 4.14264817977271 7.04190632830816 0 0 0 0 0 0 0 0 0
2.66567532719332 3.64468925775652 2.52524775289893 0.70925415518747 3.5208484115571 2.23086679208291 2.35989371247801 6.03068747954024 6.24057574744517 1.12152401047827 1.40228656500527 2.16418928073425 3.09658685849982 1.05998122566881 0 0 0 0 0 0 0 0 0 0 0
6.36654214545148 5.88074160582075 2.27663335651559 5.0662436342631 1.7262457160163 6.83382112677557 12.6427722568074 9.68942535241461 0.591176799807789 1.37388011967213 5.0131320680936 2.16214061209964 0 0 0 0 0 0 0 0 0 0 0 0 0
4.82031823156411 5.83856241889367 5.02816417860082 10.9255352602454 6.60485838538578 12.2850040318948 8.71980414966603 8.47529563846295 0.96653087689752 0.713571874280383 0 0 0 0 0 0 0 0 0 0 0 0 0 0 0
4.74824042489067 6.24735390778019 11.6582943627592 11.4264005849734 3.65677810970505 9.81166983580123 8.79925806799019 1.37014339210821 0 0 0 0 0 0 0 0 0 0 0 0 0 0 0 0 0
1.72064387760333 3.54738158433941 3.67048378328483 0.00608924446708115 0.784019896445293 3.4130293811487 0 0 0 0 0 0 0 0 0 0 0 0 0 0 0 0 0 0 0
4.42109342037804 5.96820308276784 10.0804987250166 5.55981166022491 0 0 0 0 0 0 0 0 0 0 0 0 0 0 0 0 0 0 0 0 0
8.1940372820045 8.70260844790594 0 0 0 0 0 0 0 0 0 0 0 0 0 0 0 0 0 0 0 0 0 0 0
