0.171582229985828 0 0 0 0 0 0 0 0 0 0 0 0 0 0 0 0 0 0 0 0 0 0 0 0
6.00323241698283 13.549905183724 0 0 0 0 0 0 0 0 0 0 0 0 0 0 0 0 0 0 0 0 0 0 0
4.38081156054584 18.3692352916422 15.070047078719 0 0 0 0 0 0 0 0 0 0 0 0 0 0 0 0 0 0 0 0 0 0
6.09603823919393 15.4161478236015 7.43699437947013 6.37401142970644 0 0 0 0 0 0 0 0 0 0 0 0 0 0 0 0 0 0 0 0 0
2.91567599220535 6.03387044054265 3.76897355391925 6.57143521046155 1.84943560876337 0 0 0 0 0 0 0 0 0 0 0 0 0 0 0 0 0 0 0 0
5.38152676616701 9.47638328388478 9.65116198829662 1.0479625458013 1.87676963791404 0.0822645977544002 0 0 0 0 0 0 0 0 0 0 0 0 0 0 0 0 0 0 0
2.00011496326808 11.8283491585813 0.573851856631275 2.21337352381931 0.0431805644357363 5.66744498718414 3.88450034509155 0 0 0 0 0 0 0 0 0 0 0 0 0 0 0 0 0 0
4.99333556529322 1.74028007337737 4.96762216719992 1.1473564662442 2.30822491856797 2.01952341426037 0.762204015304395 1.8352308108867 0 0 0 0 0 0 0 0 0 0 0 0 0 0 0 0 0
1.28061993451598 6.46980159745258 1.24601998663323 1.30801973178065 0.270561764044131 1.27084136959678 1.36774510380976 1.63540456451645 0.266843429669837 0 0 0 0 0 0 0 0 0 0 0 0 0 0 0 0
6.74315683132164 1.05971075457227 2.90254549865038 2.52652815380025 0.777878465766332 3.37712189299029 1.7519426690286 1.53473763045356 0.927866174290195 2.46320720771928 0 0 0 0 0 0 0 0 0 0 0 0 0 0 0
0.77051627891971 0.457723173164061 2.26486216749787 2.95866550332113 0.37226826597664 0.32919969290527 1.17107872325966 1.25638355448081 6.00016338322999 0.735835757628629 2.84877996412401 0 0 0 0 0 0 0 0 0 0 0 0 0 0
0.733664122676852 3.08059526380339 0.782660205093455 3.17004747040511 0.790095088109785 1.69892104771784 6.72555963437685 2.20533551370827 0.965780708372112 0.571041031158248 2.51052175101069 1.64428075842756 0 0 0 0 0 0 0 0 0 0 0 0 0
2.07347352891113 1.38581222601534 1.97783072939027 3.41981179864893 2.36049298867797 2.40047799027278 1.40525698612467 0.0839373373555796 0.33638617652172 0.0308168977067907 1.36138209382524 5.9003555369068 1.56875496200677 0 0 0 0 0 0 0 0 0 0 0 0
0.954332765282346 1.2020580054703 5.98570511949702 0.144587122999128 1.46986459196548 3.25290793169217 0.824348109284719 4.62074009440234 0.615756421505347 0.350674369040183 2.04346552658564 0.188811181008415 2.08432212683123 0.153727267833342 0 0 0 0 0 0 0 0 0 0 0
1.14879709738278 1.26763060577681 2.44234141659685 2.79020139031431 4.8757982459127 0.0358591542425056 0.427367272258735 2.5548121656241 0.614997362193674 2.06268916532803 2.37807575959173 2.04127276896201 1.23373661280056 3.60349314366928 1.24394549302008 0 0 0 0 0 0 0 0 0 0
1.99057425430003 1.62998958109891 2.67001656823696 1.66535785440128 1.45999129663527 0.750594217619581 1.437827407346 0.347320435787516 2.61704177933578 0.189005228134797 0.619236318452584 2.58110107310367 0.16540273077869 2.80504538391208 1.67941437196954 0.350352111489908 0 0 0 0 0 0 0 0 0
2.67537559941723 0.973588679683523 3.10042167908448 0.935114098970136 2.67830312437155 0.292365967710316 0.273095510748923 1.99366533932134 11.1761143437626 2.81390630145901 3.13127942890549 2.08290274169989 1.45969970754469 1.53278580511558 0.469780134007718 1.15717058955739 0.225664621534661 0 0 0 0 0 0 0 0
0.169351083246503 0.140383940450185 0.636406172107213 1.19218441084603 3.12676737065239 0.302976052374107 0.827377638169501 7.60533803376198 0.00966210185338777 0.0353349515210158 6.38382440831135 0.653653171096046 1.65467539882342 0.615000728293628 3.47308931551439 3.24416872935719 0 0 0 0 0 0 0 0 0
0.033509873518565 1.22893627637133 0.690059465927998 0.588696038188609 4.13714109707321 1.3048417733605 0.062338469290489 2.99327480263937 0.434218337279683 1.16683795046585 4.44952517237253 1.91273063761544 1.13275985900473 0.160861613814591 0 0 0 0 0 0 0 0 0 0 0
1.7609570447253 0.96327853895247 0.225166051741826 2.93269579152708 1.04512989590632 2.29348334159892 1.26340643702783 1.00573977589264 1.48882914596692 0.610122153802533 1.96468802235801 3.97298920186335 0 0 0 0 0 0 0 0 0 0 0 0 0
2.54653038503757 0.460936800225469 0.562744680254296 0.473858178411069 3.93571072583926 2.70855005542198 0.207965031888693 0.563652075252405 0.038119209996306 1.84443388285679 0 0 0 0 0 0 0 0 0 0 0 0 0 0 0
4.20013663692307 1.23195932636068 1.81161244508408 1.02406486283067 1.77345847950143 0.0835452056546626 3.02104895012046 0.731255209272727 0 0 0 0 0 0 0 0 0 0 0 0 0 0 0 0 0
3.76587685578913 0.85684983942486 0.783007126233055 0.443547985073551 2.93012164002581 0.0525770325117352 0 0 0 0 0 0 0 0 0 0 0 0 0 0 0 0 0 0 0
0.621051662153764 0.613736592146011 4.60209915109222 0.524960558106826 0 0 0 0 0 0 0 0 0 0 0 0 0 0 0 0 0 0 0 0 0
7.41668013643522 0.0811653313250414 0 0 0 0 0 0 0 0 0 0 0 0 0 0 0 0 0 0 0 0 0 0 0
