0.185881040833104 0 0 0 0 0 0 0 0 0 0 0 0 0 0 0 0 0 0 0 0 0 0 0 0
4.85787760755017 12.1746140638263 0 0 0 0 0 0 0 0 0 0 0 0 0 0 0 0 0 0 0 0 0 0 0
2.64228819460358 1.26741180446008 0.980576120913571 0 0 0 0 0 0 0 0 0 0 0 0 0 0 0 0 0 0 0 0 0 0
5.82759971964026 7.63406529770063 0.507516432515811 2.62979566457314 0 0 0 0 0 0 0 0 0 0 0 0 0 0 0 0 0 0 0 0 0
4.14187541613505 1.36319275583226 0.387285569130887 0.192024506521299 5.82802978059928 0 0 0 0 0 0 0 0 0 0 0 0 0 0 0 0 0 0 0 0
2.23733050833778 1.68843558184985 0.0427140128046745 1.3714102918463 6.7353347745602 2.34105212171056 0 0 0 0 0 0 0 0 0 0 0 0 0 0 0 0 0 0 0
0.558817775525601 0.0435937985578723 0.905074722975241 3.73792998436419 2.21042459715011 4.68852564444281 1.84310925308179 0 0 0 0 0 0 0 0 0 0 0 0 0 0 0 0 0 0
2.14403495101766 1.43727341771046 1.41343437369145 1.26453948614497 2.32666813545767 0.628901467649998 1.83923689473038 6.07844595349769 0 0 0 0 0 0 0 0 0 0 0 0 0 0 0 0 0
2.44121012658295 2.33998264984258 2.33096228667266 1.04268029548677 5.06101927059663 1.95777311242666 5.07223204437339 0.60166376760659 1.70179928690906 0 0 0 0 0 0 0 0 0 0 0 0 0 0 0 0
0.289425024287205 0.909933762939486 1.35054414061034 1.88893875465173 4.97796109849521 3.52890706955627 0.132668491196962 0.633900085207102 0.243173652408827 0.560942966117464 0 0 0 0 0 0 0 0 0 0 0 0 0 0 0
0.712066057318406 3.85517557128604 1.95325777967455 1.40942085472066 1.11701720180693 0.0318525613124103 6.61298748891851 0.884127616329622 2.5535953585025 0.581770388872635 0.509588918689664 0 0 0 0 0 0 0 0 0 0 0 0 0 0
0.264460659813836 3.13819240585274 0.722755413309494 3.6867346974171 0.414993509025134 2.99383776259805 0.763449425749934 0.647692915238772 1.41111767875842 2.13898750794844 1.01714810191956 4.91782982767951 0 0 0 0 0 0 0 0 0 0 0 0 0
1.67138346742147 2.70496835116939 4.8481686159261 1.10681137026981 0.771025204900432 2.16499784616832 2.18882763575813 3.38806222686035 1.73923434242734 0.995884554247401 0.599536745605149 0.117343714022643 0.96940289108596 0 0 0 0 0 0 0 0 0 0 0 0
2.33661379900372 6.0833503786017 0.154191291025106 2.78027989684217 2.8314050323337 2.84932293245899 0.971224949042625 0.553295535583763 3.82508832287816 3.65074345246476 4.55015444115179 0.150121717664809 0.532283539584075 7.61007464636989 0 0 0 0 0 0 0 0 0 0 0
2.70236784428099 0.276403685345283 1.12928656833386 4.12403926481309 0.453507371292656 2.64719878480678 2.87414521740337 1.50402704216545 0.97820499899687 2.06935309643526 1.99078243884638 1.10102151037795 1.56993595020367 8.02481542319224 0.401163518336721 0 0 0 0 0 0 0 0 0 0
0.00176167499655224 0.151051489386271 3.11185984917769 0.0718072406166269 4.01177457896031 4.68788474738607 3.06296827601022 0.215455338639219 0.394039756715924 0.534343605617012 0.0988316469890375 1.65900966820217 0.306670107073627 4.54462728781893 2.61103602299556 1.911499984071 0 0 0 0 0 0 0 0 0
5.58772904654133 3.42156946227195 0.260700431672585 0.0689789246133104 4.17952935753159 0.740151763394619 2.77448499140222 2.18371598761006 0.185442195898948 0.606885305607054 7.17222556289727 0.302928925264392 1.35978873486401 3.80900875049406 3.24104647505239 2.56944848295332 0.973382303573676 0 0 0 0 0 0 0 0
0.100815284513339 0.225111381597344 0.97298646412863 0.196911429995054 0.540513365502708 5.63972474922682 2.00113423569098 1.04302690990378 0.143682284367523 2.78203542745555 3.08188606137514 1.77931980692321 1.94291727130694 4.78239047249657 0.100916469579214 2.69913749906836 0 0 0 0 0 0 0 0 0
1.57971509767302 0.344752407299435 0.258094424299154 0.453535276501984 1.64390553982498 2.9439081274406 1.8426720775832 1.30457351173856 0.70583437355835 0.138547560355892 1.88191322046667 3.1292391858675 2.00395159683614 2.71504121247007 0 0 0 0 0 0 0 0 0 0 0
4.30536714317174 0.881877819651746 0.481277225572879 0.297492531309008 1.17042816148408 0.685076809254558 0.113492894396793 0.221840156507789 0.117531545743077 7.67540833391488 2.01914752654193 1.31327544770529 0 0 0 0 0 0 0 0 0 0 0 0 0
1.68284171034225 1.12031648534156 0.192332411013464 0.134399049559525 0.0855650092194488 0.784648675325042 0.00395873514923138 0.834872494052413 3.47797859970257 6.44625838849901 0 0 0 0 0 0 0 0 0 0 0 0 0 0 0
1.49204997243986 1.40349009437355 0.661728234031687 0.712739095647724 0.599693653591383 5.40235846871838 2.66030568565443 1.17902587307265 0 0 0 0 0 0 0 0 0 0 0 0 0 0 0 0 0
2.78705544117648 0.538825032658699 0.307647574541521 0.964440607560525 1.1583411483281 0.312709660315395 0 0 0 0 0 0 0 0 0 0 0 0 0 0 0 0 0 0 0
2.50902158718759 2.77056377766554 2.27755680654503 1.37092494714697 0 0 0 0 0 0 0 0 0 0 0 0 0 0 0 0 0 0 0 0 0
5.72591481232284 1.73204401303429 0 0 0 0 0 0 0 0 0 0 0 0 0 0 0 0 0 0 0 0 0 0 0
