0.383371586736198 0 0 0 0 0 0 0 0 0 0 0 0 0 0 0 0 0 0 0 0 0 0 0 0
4.35381754564254 15.0862248817013 0 0 0 0 0 0 0 0 0 0 0 0 0 0 0 0 0 0 0 0 0 0 0
2.56302573263952 5.51318943773482 7.86296002003126 0 0 0 0 0 0 0 0 0 0 0 0 0 0 0 0 0 0 0 0 0 0
0.932532411832756 2.04800125174298 6.332726673213 7.67989372447755 0 0 0 0 0 0 0 0 0 0 0 0 0 0 0 0 0 0 0 0 0
4.28434004728352 4.6128537111454 2.84151375866957 1.08470672996023 6.09917798427828 0 0 0 0 0 0 0 0 0 0 0 0 0 0 0 0 0 0 0 0
7.51102748599149 12.9195468889498 15.5173417830091 4.74598690217778 4.50076269740971 11.3629159930003 0 0 0 0 0 0 0 0 0 0 0 0 0 0 0 0 0 0 0
6.0984181992372 17.3159420724469 12.5941528431623 6.7884604446617 4.43144050684837 12.0304057076485 4.8617476300513 0 0 0 0 0 0 0 0 0 0 0 0 0 0 0 0 0 0
6.98918466704794 14.243893430538 10.4764389772017 5.39699740342807 3.03274647039447 6.88558369581318 4.79456195146452 7.05648476231114 0 0 0 0 0 0 0 0 0 0 0 0 0 0 0 0 0
5.08820656377827 6.61974141628366 5.55138678472981 1.66159224156278 7.36786182115083 7.6205714820754 4.3060165344726 3.34490948941076 3.29704620188311 0 0 0 0 0 0 0 0 0 0 0 0 0 0 0 0
6.97066754926834 13.0242420488068 11.9240260959245 2.48225534722455 4.67944208563253 8.43091633769897 7.93217343840255 3.72990572029909 1.10645523610718 1.76188789056592 0 0 0 0 0 0 0 0 0 0 0 0 0 0 0
6.02088798284921 13.0245810253834 4.46469138166297 2.54230185877341 2.26086737769213 9.40240419332086 7.59289178902627 1.27343253489753 2.2756925023459 3.46250002545155 5.27451548979819 0 0 0 0 0 0 0 0 0 0 0 0 0 0
4.04799248966186 7.20962732738541 4.35876485691477 4.75638907228574 0.912726343540448 4.61370778269124 0.351152055826565 6.02841106385703 1.41428025006852 0.995404703621187 4.10427896646867 1.84685140901475 0 0 0 0 0 0 0 0 0 0 0 0 0
1.45032461339084 3.53673214178118 1.63211817398924 3.44108690871903 5.21956063459799 1.16350245309899 3.77054827940942 4.06930997425498 2.00044442607931 0.261804212399275 1.80085950314463 4.63931184546991 0.273992346443172 0 0 0 0 0 0 0 0 0 0 0 0
0.637567796120323 2.65250591040957 3.14709399186744 0.267441398213642 2.20090944707203 6.13348514095988 1.30888197080764 3.29254077559655 0.819105319003275 1.6882278552461 0.433420151689164 4.34150339050252 3.18814421083166 1.94006881926985 0 0 0 0 0 0 0 0 0 0 0
1.43206004054946 10.6559405102365 4.43324989683723 1.99693387650093 2.03064454092376 4.5669488263276 4.45267131983223 2.55932281638258 4.96043951638029 1.44687277234046 2.76116862185989 1.92143858905025 3.16375272816422 0.00228191269782968 3.89161457883363 0 0 0 0 0 0 0 0 0 0
4.36663325118617 4.20552172693496 0.674741779941358 2.78206361589266 1.50424801744684 2.29272916111242 5.59710151348252 0.56521746194809 4.54453075840509 0.847951838845257 3.77111070180945 3.59022778184352 4.77784499064136 0.501375511291279 2.14875676376628 1.06517479411703 0 0 0 0 0 0 0 0 0
1.64727513295098 4.83476555830191 0.321970858633375 0.0553709563046153 0.481891275378841 4.12285605797527 2.31764283547472 3.86988858909939 0.33261665326265 3.73664610104316 1.29482146393291 2.99815402779104 2.12885858396787 5.89192661662834 3.80346534637722 0.304843602240835 2.77600668812711 0 0 0 0 0 0 0 0
0.146996604618586 0.961086711388411 3.14435138515202 4.39270327996818 1.00898899093057 0.96479358052037 2.76883427115837 2.34472174321422 2.30664851233192 0.172986091564074 6.53070493652995 5.6303358053342 6.70505515950988 3.90256788996876 0.616730081620126 10.3141933377314 0 0 0 0 0 0 0 0 0
0.103566549227488 2.78807604104798 2.3152107007711 1.40852736410838 7.53204709131105 0.805725464555703 2.4496333996214 1.16473361750248 6.6342314829102 2.43325834443394 2.70543339434597 2.4206131771883 2.29056317891636 2.48901986994082 0 0 0 0 0 0 0 0 0 0 0
2.51915079897213 7.30613382232672 4.278382992335 0.0989561676955678 3.71834247693849 0.903181909369384 4.7536230619828 3.74392424348606 3.82788834246098 3.26143046778163 6.05660386296374 8.32307301388912 0 0 0 0 0 0 0 0 0 0 0 0 0
0.826021961639633 7.69698969952557 0.541363607028354 2.63533365892626 0.0314348819505571 5.26312961194209 0.424296211005138 4.74677980898706 1.43547612868906 8.86056710813564 0 0 0 0 0 0 0 0 0 0 0 0 0 0 0
7.25113552171825 2.2609947150684 1.07477631717852 0.177651431022814 2.62262140726065 1.15659497776257 2.90781792515569 0.74055783689973 0 0 0 0 0 0 0 0 0 0 0 0 0 0 0 0 0
0.250538186223278 1.26229302236081 1.85837968960349 2.30412161488401 0.168393308641972 1.84183145156922 0 0 0 0 0 0 0 0 0 0 0 0 0 0 0 0 0 0 0
1.91491741105125 0.466686008148532 4.27248324237685 1.36702074252218 0 0 0 0 0 0 0 0 0 0 0 0 0 0 0 0 0 0 0 0 0
1.75573222784816 13.3345760487716 0 0 0 0 0 0 0 0 0 0 0 0 0 0 0 0 0 0 0 0 0 0 0
