0.0322904825944963 0 0 0 0 0 0 0 0 0 0 0 0 0 0 0 0 0 0 0 0 0 0 0 0
3.38724052379319 6.2324149342791 0 0 0 0 0 0 0 0 0 0 0 0 0 0 0 0 0 0 0 0 0 0 0
5.13642253851847 14.3721887026262 12.4528533635853 0 0 0 0 0 0 0 0 0 0 0 0 0 0 0 0 0 0 0 0 0 0
8.10199504801217 14.0810709881534 8.32363825957833 7.86189829982903 0 0 0 0 0 0 0 0 0 0 0 0 0 0 0 0 0 0 0 0 0
5.60054736116468 4.4448401389119 4.83521434235819 6.98451134943748 11.8841464867027 0 0 0 0 0 0 0 0 0 0 0 0 0 0 0 0 0 0 0 0
5.66655406578438 10.2475447819408 17.8836078551998 19.7008419647338 4.52373955079535 13.6845432545772 0 0 0 0 0 0 0 0 0 0 0 0 0 0 0 0 0 0 0
5.24054181184344 14.616412369622 19.6331708312269 7.90115890001178 5.1470834981536 13.6032134886136 9.03847215921088 0 0 0 0 0 0 0 0 0 0 0 0 0 0 0 0 0 0
7.05536315989968 16.678829962711 7.15993937397719 9.25484016951834 5.5886233477043 8.25584957966793 7.43774296545654 3.74000539288963 0 0 0 0 0 0 0 0 0 0 0 0 0 0 0 0 0
7.89106144980924 3.94979337995022 5.26501547849068 5.79517667491638 1.10578953740029 4.33585306755644 1.37592404838868 0.988025970520862 2.73489152206496 0 0 0 0 0 0 0 0 0 0 0 0 0 0 0 0
3.80471763430962 8.68994115459492 11.5695001289092 7.33776637398894 4.86062556093037 4.47085817081627 4.81852231235891 1.85182052316496 0.89332990577825 0.0556424316060549 0 0 0 0 0 0 0 0 0 0 0 0 0 0 0
4.38514391606935 9.33708762635115 6.42697798729532 5.59597695344193 1.68877175161838 2.8534384238993 0.84892820062322 0.171270409354384 0.624651999368026 0.486406756950629 3.10896656266877 0 0 0 0 0 0 0 0 0 0 0 0 0 0
4.36484648871305 6.25481868165352 5.9130969589784 3.91692708756141 3.69335943241344 1.39043954479282 0.343498513708918 0.679599940246348 0.00279584123622213 1.90813315793169 1.58543032958576 2.52192381800783 0 0 0 0 0 0 0 0 0 0 0 0 0
0.362089987596477 2.78331878307162 1.94395769077613 1.71435788889754 3.18166705766808 1.76691218003115 3.2022745125011 0.559015031515318 0.322450230943899 3.21372199943441 3.01133197605946 3.6954105197293 1.32199310636396 0 0 0 0 0 0 0 0 0 0 0 0
0.181636762278089 2.90215467428431 1.83924652134073 1.48908706204615 0.36015552710343 1.22017867006755 0.277019267054345 0.162994524121062 0.524471640040798 0.743005831514564 1.28607120973496 1.86797039242461 1.03361935142398 0.473535415386676 0 0 0 0 0 0 0 0 0 0 0
0.327152775723932 3.20382487587325 2.78999547195998 3.74192198162204 0.0446912994922573 0.628216973571934 0.837212913558503 1.10523871856446 0.0705024766538749 1.3037104412514 1.02346798104403 3.8294605621705 5.10790831741172 3.09271636371055 0.991682797034195 0 0 0 0 0 0 0 0 0 0
1.93355519617795 2.54852997239741 2.81924792694883 0.359769481649448 0.850523972628225 0.756294553381963 2.02292759782692 1.17936402856219 0.370102524269746 1.83534392870378 3.46079523037912 7.49137643602557 3.49918370020658 1.5915408599324 2.92860343722745 0.613917460686239 0 0 0 0 0 0 0 0 0
0.455302940798724 9.30319359865415 6.11008726084843 2.67913335136158 2.82149783768901 5.64993794828889 6.77471632854792 5.77501379516034 2.58684340059922 4.15232587367383 5.46395538696637 2.47421399528248 3.75954017562295 1.76438055782392 0.995476344396483 1.09092133167567 0.449869679193236 0 0 0 0 0 0 0 0
4.00974599619149 9.06687414119275 1.82694154985169 1.64425233970629 3.48939358918901 4.16872453756767 5.18499272153494 2.88756307647826 1.68026043282708 5.22445904968339 3.67009028612069 3.63304786675633 1.66677854209342 0.453113994496198 2.35732583319771 1.04724705726503 0 0 0 0 0 0 0 0 0
0.64088456864459 0.737476845979869 1.75271441811378 1.25953438304388 4.0797427485003 1.16012959449811 1.45055151138913 1.77267238104176 0.351066464138688 2.76428398144179 1.44119953736398 0.686639630479024 0.0980487275669353 0.615869534509685 0 0 0 0 0 0 0 0 0 0 0
1.3469609004005 2.20456287243462 2.69672111317637 3.53954045954506 4.33281155997282 2.98084767127672 5.2548350648375 3.65695848989692 0.95317265893728 1.04885136312281 3.21315799031229 1.05515414280622 0 0 0 0 0 0 0 0 0 0 0 0 0
0.0460225448598536 3.294941540507 2.79646370550127 4.58771175860525 2.06576202002718 5.2474586367137 6.48018367217201 3.38551669383677 6.55838311794067 1.2941253916271 0 0 0 0 0 0 0 0 0 0 0 0 0 0 0
0.853977545333014 1.6586841467056 5.68345290655699 4.94773776754594 1.70191389784997 5.75060126290212 3.02433424913263 0.0381621240514946 0 0 0 0 0 0 0 0 0 0 0 0 0 0 0 0 0
0.43156355471415 2.90105264146268 2.25945638047017 2.37988706487374 4.98313380547201 2.08341798589668 0 0 0 0 0 0 0 0 0 0 0 0 0 0 0 0 0 0 0
0.195148568842452 2.12107354706069 5.35760816201381 4.01911652474805 0 0 0 0 0 0 0 0 0 0 0 0 0 0 0 0 0 0 0 0 0
0.0271158080362994 10.9125918378109 0 0 0 0 0 0 0 0 0 0 0 0 0 0 0 0 0 0 0 0 0 0 0
