0.0401321115715065 0 0 0 0 0 0 0 0 0 0 0 0 0 0 0 0 0 0 0 0 0 0 0 0
4.06586626168221 6.38164202387856 0 0 0 0 0 0 0 0 0 0 0 0 0 0 0 0 0 0 0 0 0 0 0
4.76507033854318 12.7864914267523 9.66116853134533 0 0 0 0 0 0 0 0 0 0 0 0 0 0 0 0 0 0 0 0 0 0
4.71613642057486 11.5024059643339 5.92642920851112 2.52439255193073 0 0 0 0 0 0 0 0 0 0 0 0 0 0 0 0 0 0 0 0 0
3.85900742949844 4.44795161856853 5.32267262520875 2.67724626190044 1.56894874075533 0 0 0 0 0 0 0 0 0 0 0 0 0 0 0 0 0 0 0 0
4.5540306524361 9.5697862723923 6.84801784757682 8.76292058384127 3.96571427491693 5.41163488982832 0 0 0 0 0 0 0 0 0 0 0 0 0 0 0 0 0 0 0
3.42092237329817 5.24128036860485 4.03064455855912 5.3014537120196 2.13935731165422 6.58273827995732 7.30725712553796 0 0 0 0 0 0 0 0 0 0 0 0 0 0 0 0 0 0
2.53282635732638 7.16301956836899 2.97892312334258 2.96429769106357 0.753484884252569 3.76719993489572 7.17767232247772 3.92170167015084 0 0 0 0 0 0 0 0 0 0 0 0 0 0 0 0 0
4.05778500018893 4.23915487934466 2.35302981639978 1.57902772007581 0.856823432933256 3.14237339137862 1.83677366687721 4.23320839140921 1.67904491116141 0 0 0 0 0 0 0 0 0 0 0 0 0 0 0 0
3.30304740055481 2.73161386508583 3.11888915277567 0.0258548328092864 0.548042777660925 0.0807917250834105 0.00299478180547001 1.9943540124817 1.91539867406263 0.707250287865089 0 0 0 0 0 0 0 0 0 0 0 0 0 0 0
1.27180602681848 2.62803161165294 5.23335848739031 4.4039866154333 0.208648523244165 1.45590229501581 1.25024740079877 0.1717280699056 0.0247422062613335 0.15955313827529 0.461918906450664 0 0 0 0 0 0 0 0 0 0 0 0 0 0
1.80781885584325 4.97376358388743 11.5354323016392 3.47790790530999 0.1377924553407 1.16090204157734 0.000975760359768837 1.08053071215253 2.15175219259604 0.277402855557263 0.202772398679774 0.354421163939994 0 0 0 0 0 0 0 0 0 0 0 0 0
0.123327060336869 8.42723937769065 4.00637452467372 0.427247883377558 0.206998376120692 0.440429398862509 0.578631551824624 7.05759906483021 1.7064192633673 0.0505022312774176 0.43931682301931 0.85470016907963 2.52953190289464 0 0 0 0 0 0 0 0 0 0 0 0
6.83915416300856 8.36011133186253 4.43387348846818 3.56570492128928 1.41934415813628 1.13423854636708 2.24463351571518 6.05211291181058 2.12521866972175 0.138248829603416 0.145237049035892 1.00869372752489 0.479310797667717 1.23293074567325 0 0 0 0 0 0 0 0 0 0 0
1.31761918280675 1.0656160723256 2.86770641821114 0.247943969400322 1.65806190239788 1.21299954344317 1.76649496975265 0.47256474802994 0.601521441506295 1.4475130491718 2.70825731778915 0.57814961296367 0.127689189992447 0.857014078118583 0.0765698726614154 0 0 0 0 0 0 0 0 0 0
0.934450381184471 1.85578510090953 1.38703514899998 2.32550756084897 4.56298793878366 0.978008138519506 0.152736709913544 1.02260982947336 0.0403399880163919 1.78719067102155 2.38772601617301 0.814586166534742 0.87900633712482 1.81087423316272 1.1365034379858 0.171700657548203 0 0 0 0 0 0 0 0 0
0.215893405049336 2.22149408501773 0.459327386622835 2.21939053711061 2.23585067009852 0.4021103630496 1.79552318282019 0.386209026525443 0.0544016926337889 1.62566514292529 1.68274338872303 0.776470643296764 0.479189585496097 0.866396974150898 0.514948114187184 0.148098698897988 0.0427089575108527 0 0 0 0 0 0 0 0
0.504886535073121 0.761036336427357 1.61097307975834 4.19840643312297 4.30788034837608 0.984013776537665 1.35685497717484 1.46471335255158 1.7513531264788 0.201754766974148 0.134576813669479 0.452463717895131 0.930808529338567 2.20481030037143 1.0095849370646 3.2626208059819 0 0 0 0 0 0 0 0 0
1.59722794136881 1.09506013869269 2.35263541967144 0.617677429011715 4.29334939669241 0.887074331574943 0.442632826997219 3.62655045055084 0.140070332832913 0.998017399025599 0.0318817426808902 0.777181071690061 2.78423344379384 1.0501113551766 0 0 0 0 0 0 0 0 0 0 0
0.785266819276194 1.88943308614952 0.272906033839749 1.56186114615153 2.39030037180891 0.604088265040314 1.89251693738595 0.702204053052312 4.44824302961313 1.87970806288038 0.998131489388258 2.02661140097364 0 0 0 0 0 0 0 0 0 0 0 0 0
4.34528560259974 0.288458805564017 0.190745974186494 0.98915236129273 2.3889076865883 0.591465707161914 0.20957669663494 5.47065391278885 6.82523234208358 0.156644918753547 0 0 0 0 0 0 0 0 0 0 0 0 0 0 0
5.59577010388514 0.0161104747777158 1.25728225221395 0.273691967560861 3.92927992434093 0.208372041299909 0.512958573816006 4.56568773840131 0 0 0 0 0 0 0 0 0 0 0 0 0 0 0 0 0
3.04565806358984 3.27158258792447 0.559383088298024 1.25573005769437 2.00143239875746 0.00834900534349043 0 0 0 0 0 0 0 0 0 0 0 0 0 0 0 0 0 0 0
0.417318133843695 1.27406861505388 1.05361570145766 0.574145313195566 0 0 0 0 0 0 0 0 0 0 0 0 0 0 0 0 0 0 0 0 0
1.23244050500551 0.0611657529728366 0 0 0 0 0 0 0 0 0 0 0 0 0 0 0 0 0 0 0 0 0 0 0
