0.239841649938507 0 0 0 0 0 0 0 0 0 0 0 0 0 0 0 0 0 0 0 0 0 0 0 0
4.28805106464764 14.4676809916622 0 0 0 0 0 0 0 0 0 0 0 0 0 0 0 0 0 0 0 0 0 0 0
3.09692030137615 1.43193632407998 2.52789771849809 0 0 0 0 0 0 0 0 0 0 0 0 0 0 0 0 0 0 0 0 0 0
1.68788359800704 2.23498894077783 1.65745603570624 2.75200549412077 0 0 0 0 0 0 0 0 0 0 0 0 0 0 0 0 0 0 0 0 0
2.64684930706676 0.386090006355752 1.20650812818208 2.76277826626721 0.108413109923422 0 0 0 0 0 0 0 0 0 0 0 0 0 0 0 0 0 0 0 0
0.277598517554071 3.06799498384456 4.74537221229389 1.59260372956613 2.40272135720712 5.56482658303862 0 0 0 0 0 0 0 0 0 0 0 0 0 0 0 0 0 0 0
0.38104830930494 11.5897757308707 3.72103064332948 2.02870715354272 2.32990521208262 0.0164486595750344 2.25303751331722 0 0 0 0 0 0 0 0 0 0 0 0 0 0 0 0 0 0
4.57940674774173 3.2834419963738 1.8756288465094 4.86454182589377 0.716408050792388 0.299128924001991 2.71642301204304 2.11402692291085 0 0 0 0 0 0 0 0 0 0 0 0 0 0 0 0 0
0.330119833920398 3.60556379901631 3.11447679896797 1.60409499396551 0.6917083643823 6.14978209647932 0.571483850398497 0.698988585982332 3.47254267373928 0 0 0 0 0 0 0 0 0 0 0 0 0 0 0 0
2.51015849442151 4.22292043855515 0.622387854294857 0.707954767597003 1.86685785430827 1.29780919180955 0.260438668141963 1.00751045876915 2.27156548645594 11.8575801994301 0 0 0 0 0 0 0 0 0 0 0 0 0 0 0
1.02996620450215 1.55995251596593 0.906932155492669 3.21044262182721 0.753574329249945 0.419347728811915 0.103637680180716 2.04640767121055 5.16731183444498 1.02439857762189 1.94536964396046 0 0 0 0 0 0 0 0 0 0 0 0 0 0
2.22416233039295 0.385950238411707 0.561957560793646 1.14275022251205 0.433172871253252 5.43551252792933 0.857841857981171 3.07870567033879 1.38653643543205 9.48297861060896 0.370141524596511 1.6977824130206 0 0 0 0 0 0 0 0 0 0 0 0 0
2.27981615334701 1.7675801404261 3.30628210930035 4.18941582491002 1.26484176635708 0.657358902278136 1.75278259031832 2.04380503529538 4.41188832155165 1.28059165654885 0.123165938684721 3.72609846755276 3.36531394137183 0 0 0 0 0 0 0 0 0 0 0 0
3.86999123738157 0.745842799285338 2.65385157433484 1.67124076513507 0.428414763153 2.2849605613222 1.40182862262233 2.65962059773601 0.376297271380228 0.194191045703059 1.29621630497932 2.39607335433344 2.2958876156239 5.51289051305866 0 0 0 0 0 0 0 0 0 0 0
0.663447807886594 2.17491684816009 1.24034360929574 0.443008599049398 4.13385835695555 0.21685156304623 1.40919605419719 4.30373624626779 0.670347394993134 0.132890564860883 6.94360063726739 0.820149953138061 2.51242925520722 0.563575041370043 0.535819031421161 0 0 0 0 0 0 0 0 0 0
0.762702627530627 0.0860965644250026 0.254425610751073 0.181985971320082 0.78985488701818 2.9952336553454 5.29468302098923 1.91961589313322 2.14340474656071 1.29105707689229 0.458893182656201 0.216403578907666 7.37691259664183 4.11316955310122 0.862413287902847 1.91550922916278 0 0 0 0 0 0 0 0 0
2.4861581168106 0.159187378097803 0.829418450524729 0.304843608847912 0.624628304020154 2.72481169100449 0.468640378728978 0.25470513803652 5.78405206130087 0.699575990402724 0.615705034369963 1.18304702584924 0.186477568480865 0.182316498603909 0.711076330049401 0.954409174469754 0.102245693020297 0 0 0 0 0 0 0 0
2.98166650111534 1.61721713601877 0.74843702752357 0.296385992580297 2.44481572526867 0.424398903594102 5.69701427403512 0.531791355884504 2.00213671109955 2.43287139696947 1.27111625960873 1.65312467275177 1.41154485656145 1.15488358730852 2.41614656042852 1.01445233116507 0 0 0 0 0 0 0 0 0
2.62482167659204 2.26648692700581 0.352304467738848 0.481665769385981 2.08616608991242 0.0474939219322561 3.20961165112121 0.388659368999817 1.85058870513471 0.516049530783659 1.8742433844964 3.8630505034352 0.935648311521284 0.17017527152045 0 0 0 0 0 0 0 0 0 0 0
6.39714273481262 0.689016208894241 4.39621938762397 1.6138634351072 1.4185752671364 1.06727916130358 1.50227255862454 0.0149507966335273 1.33798528924601 2.77251831681292 2.56138441107313 0.243559344084127 0 0 0 0 0 0 0 0 0 0 0 0 0
0.950093894994477 1.36635534507602 0.428209944097032 0.000392959094801295 7.11379767809946 0.519616064316742 0.310764136956929 0.937889855659442 1.13432732252014 5.5521523309566 0 0 0 0 0 0 0 0 0 0 0 0 0 0 0
0.339327479656969 2.17911019279638 0.35648643481498 4.45253646425936 1.66534785660934 1.45629613873908 3.83476123471602 1.08598855505869 0 0 0 0 0 0 0 0 0 0 0 0 0 0 0 0 0
0.156132094215266 0.949642186021373 3.80168482831034 7.18280366590002 4.91164526354593 1.99924505306526 0 0 0 0 0 0 0 0 0 0 0 0 0 0 0 0 0 0 0
0.0894559487347345 8.77165589711525 1.57523236944574 0.467814177363854 0 0 0 0 0 0 0 0 0 0 0 0 0 0 0 0 0 0 0 0 0
8.38694296346587 0.109821937774622 0 0 0 0 0 0 0 0 0 0 0 0 0 0 0 0 0 0 0 0 0 0 0
