0.214728565746903 0 0 0 0 0 0 0 0 0 0 0 0 0 0 0 0 0 0 0 0 0 0 0 0
5.16691118378107 14.6716293693996 0 0 0 0 0 0 0 0 0 0 0 0 0 0 0 0 0 0 0 0 0 0 0
4.11578165866526 17.8603465837633 11.282228039688 0 0 0 0 0 0 0 0 0 0 0 0 0 0 0 0 0 0 0 0 0 0
4.80112475027101 14.6437593238964 5.84562222541733 0.844058375943446 0 0 0 0 0 0 0 0 0 0 0 0 0 0 0 0 0 0 0 0 0
4.52843162251844 5.97914038636578 4.81477746091243 0.506281587832344 1.90902819389231 0 0 0 0 0 0 0 0 0 0 0 0 0 0 0 0 0 0 0 0
3.74209563081499 6.86313570863404 0.489976656018249 1.35462710143968 8.3094110434793 11.2894952050601 0 0 0 0 0 0 0 0 0 0 0 0 0 0 0 0 0 0 0
2.76543752068578 0.972498687539193 0.584157564631778 8.48523727307419 12.0276323748747 6.58453980346263 6.66285577858689 0 0 0 0 0 0 0 0 0 0 0 0 0 0 0 0 0 0
0.969707674500871 2.21322208658243 1.00797922192559 0.219299638831207 0.543300218837007 3.06956672308969 0.506698197830993 0.898108162868756 0 0 0 0 0 0 0 0 0 0 0 0 0 0 0 0 0
0.474319226104153 4.81049097211328 3.50909106174854 2.13911425506873 6.03707463689933 3.86795766512402 3.38879831419379 9.59373858947506 1.5550713611802 0 0 0 0 0 0 0 0 0 0 0 0 0 0 0 0
0.841100010337566 6.3236927726379 1.24955468367333 5.32713170313112 1.83700165320349 0.0739686608460405 1.67245187696958 0.963330884575792 0.491655407699868 1.70615021744036 0 0 0 0 0 0 0 0 0 0 0 0 0 0 0
1.06794996923123 1.36632035567331 5.32472174626273 0.976963099937709 0.0472127454960827 0.954780106446933 1.2240747650596 0.564282287927572 3.17132524097598 1.17855464277562 4.57354011679764 0 0 0 0 0 0 0 0 0 0 0 0 0 0
1.17359211366078 8.90604977756922 4.9249840314143 4.65398357541706 2.40053293846462 2.76508939636301 2.02453531833469 1.29011888998427 5.09812776535635 0.264662839616947 0.580859728172106 2.72927004725265 0 0 0 0 0 0 0 0 0 0 0 0 0
4.84511067298207 2.2531220678724 1.30554198405976 1.47552787503411 3.6684733911226 0.237608043045799 0.141861627362255 0.81398660629725 1.24891322552642 0.447859210409549 3.00038183773526 0.190356027124864 1.55345225403515 0 0 0 0 0 0 0 0 0 0 0 0
0.785211905478419 1.79879589759307 2.71436498743418 5.8482649920209 1.59145849933709 2.55619178765333 0.290433618808329 1.49585885394194 0.938871261818118 1.98984239991228 1.88279491720717 0.0276072473258183 0.0699579539560087 4.77002406090204 0 0 0 0 0 0 0 0 0 0 0
0.114093216144159 3.31912821553889 3.4331154282816 0.570126288998381 1.08326395478671 0.534916300538482 1.43268740286121 0.169826648065827 3.73064424739389 2.24119775261348 1.04196366954461 1.36030949642977 8.30512030342686 0.517850146263636 2.21731796325826 0 0 0 0 0 0 0 0 0 0
3.83022885223237 4.84286964210143 0.103211585770867 0.0782880257472564 0.903698976330165 0.728099503959481 1.64795580509674 0.509040132340451 2.06324045740647 2.19087839229421 5.05643459121783 0.828816929144643 0.104199950292504 0.0777414550474912 0.0448476692025978 0.387323943951251 0 0 0 0 0 0 0 0 0
2.38797376823156 0.13788379142515 0.886186299085344 6.5504991928561 0.734375359534806 0.127187211015944 1.39818546193226 3.22974668307341 4.4057923208938 0.426267080333359 0.576904839643275 1.65341182281098 1.90818813480164 1.97417090996988 0.829660952341606 1.04015378163241 3.11158740180623 0 0 0 0 0 0 0 0
0.821770456385677 3.13826330868214 0.39829156936033 2.82705806402314 1.79225317273556 2.60959600011816 1.06167740269201 2.39180137317381 1.63176532796655 3.94983015033971 1.29619660707354 1.4491653025809 1.26045180037621 0.610723179181492 1.69553729254378 0.374177967853376 0 0 0 0 0 0 0 0 0
0.143357323042539 0.776660158790814 0.376712320330008 0.063603710201287 1.76224903217858 0.254374520814727 1.20780824596196 0.558585652340052 1.54624216016882 0.0574704722249637 2.17335492939434 0.162503548751867 1.84741198994093 0.946398077047937 0 0 0 0 0 0 0 0 0 0 0
1.75535974756086 0.0129571663009528 0.277024815325398 2.09896574458849 0.836843904261854 0.435436810237498 0.0484119458984978 0.738311339298847 3.36500556483934 5.68956884788128 1.73909922448817 2.47139624178098 0 0 0 0 0 0 0 0 0 0 0 0 0
1.4694681577377 1.48850213768798 1.53622591694601 1.44776951158299 1.82148018149996 1.50238839094011 1.95769525286899 4.09585066573482 0.457811231740222 5.13909115948167 0 0 0 0 0 0 0 0 0 0 0 0 0 0 0
5.68302212246644 1.06142483854131 0.253761506830775 0.416925673384639 1.77932532922569 2.53767181062332 1.25422295563898 2.88633111714886 0 0 0 0 0 0 0 0 0 0 0 0 0 0 0 0 0
0.432888056966296 0.368389813357605 0.117550127527372 0.0754058678863032 1.84524211600047 1.41801804621495 0 0 0 0 0 0 0 0 0 0 0 0 0 0 0 0 0 0 0
0.720811763945485 1.15398517935824 2.63688161103147 2.87558348523624 0 0 0 0 0 0 0 0 0 0 0 0 0 0 0 0 0 0 0 0 0
2.12904652698513 3.33905894019348 0 0 0 0 0 0 0 0 0 0 0 0 0 0 0 0 0 0 0 0 0 0 0
