0.0392518866034005 0 0 0 0 0 0 0 0 0 0 0 0 0 0 0 0 0 0 0 0 0 0 0 0
4.15187203590413 6.93141473015941 0 0 0 0 0 0 0 0 0 0 0 0 0 0 0 0 0 0 0 0 0 0 0
5.11455933531296 14.5789098117041 11.7898796826663 0 0 0 0 0 0 0 0 0 0 0 0 0 0 0 0 0 0 0 0 0 0
6.39405097060399 14.1876248853536 5.17974813384955 1.98581116427575 0 0 0 0 0 0 0 0 0 0 0 0 0 0 0 0 0 0 0 0 0
6.51738164378922 3.89818640979901 3.01165053186114 2.01863809685876 0.970905696539322 0 0 0 0 0 0 0 0 0 0 0 0 0 0 0 0 0 0 0 0
3.5817693903972 7.12444224319733 3.94527859981873 2.16978717257648 2.00128693726318 6.71952313274592 0 0 0 0 0 0 0 0 0 0 0 0 0 0 0 0 0 0 0
1.2115065455633 2.23778122869023 1.30939811785234 5.45664207486782 2.98040553967661 10.7035952257535 5.88119414403172 0 0 0 0 0 0 0 0 0 0 0 0 0 0 0 0 0 0
1.22512634223746 1.77028799616191 3.59685938678407 4.93874407079044 2.13511464801813 6.85516654151346 0.219097261001935 1.45665293160534 0 0 0 0 0 0 0 0 0 0 0 0 0 0 0 0 0
1.29175427025151 4.8313181383892 6.1703979939176 2.33961389733694 3.63732138631699 0.276467588641816 0.16785812432821 2.50290241380659 4.6407845927039 0 0 0 0 0 0 0 0 0 0 0 0 0 0 0 0
0.951676472884608 5.76477400168151 4.60773479839863 7.35452811487096 0.814185460535726 1.5066011608694 0.721478245121759 0.497212138930697 1.47151319223858 1.43453409808118 0 0 0 0 0 0 0 0 0 0 0 0 0 0 0
5.01292979724623 7.74313067956533 12.2425043467764 5.61162428550802 2.22200802895172 6.05979268090811 5.94722658879194 2.63201418439084 0.916411650039225 0.318654167042568 4.76685973399652 0 0 0 0 0 0 0 0 0 0 0 0 0 0
2.490692664104 10.1867338811935 6.46867334094679 2.19293121403852 2.5425403859614 2.78172097906141 2.03289145307917 1.14166668117718 1.24341279354687 0.0890398306225054 3.65060853607905 0.0315453001761213 0 0 0 0 0 0 0 0 0 0 0 0 0
1.74065690624153 1.3678884453273 0.0166675428522667 0.697834647813326 0.32520882212136 0.613542873538846 0.34792307924852 0.241937173126362 3.46294259420124 0.140396267186084 1.11038139333237 0.156006157697652 0.672553109009918 0 0 0 0 0 0 0 0 0 0 0 0
0.941823208533276 3.64739913011669 3.63047398349808 4.56771186290792 1.99862098237627 1.71213228515125 1.78354761583274 2.02361042574289 1.10783514509061 0.122601081341212 0.626172815703359 2.33693681790338 0.0571670796387956 0.429985971256175 0 0 0 0 0 0 0 0 0 0 0
2.5894695577473 5.31955530693228 8.10759317152186 5.93286814234085 0.565266831325922 6.90652422349893 6.05876770832359 4.45385507144317 1.64747636400185 0.0384301983728046 6.19401391147394 0.280708773289287 0.515062388995279 0.740049397285312 3.00836388818993 0 0 0 0 0 0 0 0 0 0
1.13152351485541 8.30011628265306 6.15608790848394 5.25243275026553 4.38814641590763 12.6189224972342 8.45865924356104 3.27368877956866 1.23336748047558 0.327300196574297 2.43491527204623 2.71287012851786 1.7621365067527 2.01306378415075 5.60659259360479 2.57971503059857 0 0 0 0 0 0 0 0 0
0.306579711398476 5.12804548998713 2.44967197102921 5.73943488331587 4.98643566221425 5.24171881928652 2.48074773061365 2.06894854514566 3.27490441137251 1.09362062394394 2.35973263307857 2.23222609194121 0.805275396150344 1.2447737249664 3.36478180259025 2.98665863105914 0.250432273977003 0 0 0 0 0 0 0 0
4.74376099590727 2.36993275523633 9.54723422558542 10.4562319966773 7.71646262715679 6.34220740983942 3.93293935678252 5.62596507766754 1.94683173733256 0.197800989930667 9.73419686013656 4.63464679599192 2.09177916007512 2.11617736301699 3.45367414847053 2.86992676293213 0 0 0 0 0 0 0 0 0
0.219160044478487 6.12658585423623 8.71381783360594 8.00363105443503 1.18579474063694 7.96631896719856 4.32092663582453 2.1069626587677 3.22858405866549 0.0214875943600133 10.0696619684863 4.11955478931986 0.101749636222722 3.15206624350665 0 0 0 0 0 0 0 0 0 0 0
2.5584954729024 9.18988309180034 9.17114690935063 6.56149756712123 0.0305046587625479 11.042840953565 3.90924163730071 10.7905039722677 6.43634562889365 0.145942840538505 9.64598028113527 0.435149688093908 0 0 0 0 0 0 0 0 0 0 0 0 0
4.17216431528861 7.91437410913956 6.17599574748612 0.66461847361949 12.8041622221662 2.2025541739064 7.08746371857688 8.36723148282104 2.20793588047875 0.14668125105913 0 0 0 0 0 0 0 0 0 0 0 0 0 0 0
5.1795696409922 6.07617197783356 4.59892773957263 8.21774375945131 4.1177642621254 7.8264428957327 12.5945235787723 7.69938783935466 0 0 0 0 0 0 0 0 0 0 0 0 0 0 0 0 0
1.2694194697267 2.14457127707724 7.38511116545004 1.81870343753181 9.36284294468683 10.8706333697152 0 0 0 0 0 0 0 0 0 0 0 0 0 0 0 0 0 0 0
0.28886141104087 6.7760644123644 1.11375773467311 6.96371077740658 0 0 0 0 0 0 0 0 0 0 0 0 0 0 0 0 0 0 0 0 0
4.65755778605506 0.140759681962596 0 0 0 0 0 0 0 0 0 0 0 0 0 0 0 0 0 0 0 0 0 0 0
