0.00332457940601077 0 0 0 0 0 0 0 0 0 0 0 0 0 0 0 0 0 0 0 0 0 0 0 0
5.14551601987737 7.33593812727251 0 0 0 0 0 0 0 0 0 0 0 0 0 0 0 0 0 0 0 0 0 0 0
1.82376855976429 1.32794700809254 2.67604679292066 0 0 0 0 0 0 0 0 0 0 0 0 0 0 0 0 0 0 0 0 0 0
0.526733434887739 1.20389453243726 1.59125006274785 0.137889389541708 0 0 0 0 0 0 0 0 0 0 0 0 0 0 0 0 0 0 0 0 0
0.724211040036186 6.49703008877238 5.77723546309632 1.73238060370832 2.20207770065505 0 0 0 0 0 0 0 0 0 0 0 0 0 0 0 0 0 0 0 0
2.82458001753352 4.55497837976244 2.13526134942512 2.90992433917772 1.74042994636554 3.90291127186928 0 0 0 0 0 0 0 0 0 0 0 0 0 0 0 0 0 0 0
5.69296134833939 0.469244744626248 3.02279717369316 2.99664374836589 0.221856931133186 0.373015630961975 1.40439193765664 0 0 0 0 0 0 0 0 0 0 0 0 0 0 0 0 0 0
0.229270424342765 0.34936627975884 2.30933793410257 1.35553916588468 3.10210929259 2.03070243066926 2.5418420693001 4.20900572877543 0 0 0 0 0 0 0 0 0 0 0 0 0 0 0 0 0
3.09825988235246 2.79068347117529 5.90222007179775 0.118923839120408 1.30563266819258 0.00922340214294059 0.0188841913417235 0.710647552954521 1.72678106239781 0 0 0 0 0 0 0 0 0 0 0 0 0 0 0 0
4.09986065884981 4.57623688208871 1.14625183997789 3.23307960716714 0.956419872804135 0.155128682324377 0.175746671058372 0.448803094618591 2.05746997934871 2.65377023740989 0 0 0 0 0 0 0 0 0 0 0 0 0 0 0
1.23982764278269 3.14524597065489 4.65341507340674 0.569528419384447 2.07449945475066 0.0358976074661619 1.55401091285613 1.22606787025585 3.25705674894503 4.86229994282595 1.56970190631152 0 0 0 0 0 0 0 0 0 0 0 0 0 0
2.48909806821087 1.31355798173559 0.565806146653992 2.52699978884683 1.36809163751375 0.786022019561201 1.23055772367922 0.874414054135587 4.03285329857626 2.89543851415709 4.37770434372699 0.273649407791499 0 0 0 0 0 0 0 0 0 0 0 0 0
0.920176660180997 1.19535579758387 0.288180376516347 6.88182552384078 1.485172964407 0.494521215413814 1.46568770878991 0.908071947606841 2.14216532981604 3.69158901401168 4.8815786797739 1.6931110133407 0.368204025191749 0 0 0 0 0 0 0 0 0 0 0 0
0.4093216168669 0.401637644150912 2.11984151347927 2.57903960643569 6.4859204230636 1.00276280050327 1.10576291905374 0.0434422465656503 0.622911164650869 4.22268573619635 0.658756507758377 1.6653306273877 1.47104653760551 5.82277369971694 0 0 0 0 0 0 0 0 0 0 0
1.6217543947463 1.606881076776 0.0296757303303351 5.47447155458434 0.0279195237221178 0.405477173688606 1.07758441162233 1.4111387136181 2.16909977624508 1.77816224973685 1.50544044065386 5.56517365698975 2.14012421556324 0.35882523836212 2.17329904009373 0 0 0 0 0 0 0 0 0 0
0.291457172363317 0.348648021494586 2.29501690436422 0.00463502215021051 0.107777682192531 0.806199816428178 1.45745853713399 0.260611305432799 0.86691875419919 2.67740686100219 2.04692647667394 0.702946997517671 1.86637918451574 5.85124846108769 3.2642307760484 0.214361852970038 0 0 0 0 0 0 0 0 0
2.57368537379102 0.576118680826258 1.06560159231855 0.823783355521256 1.86572828678492 1.50785234606952 0.18795985763674 1.33095600101823 2.19422630313835 1.9245771258856 0.760371479198252 4.9633905150061 1.27269704833895 5.61593777414967 0.951419141374045 1.00761785848616 0.751214001593777 0 0 0 0 0 0 0 0
2.14754279548169 1.29818248388857 0.458524581650998 0.0364610481582701 0.618752221910938 0.810267338260386 1.39640344131891 1.79910901785684 1.27324034527186 3.42073044978543 6.93746520319521 2.38945326212405 4.11443175972769e-05 1.80407059114441 3.71025723253065 1.93052933799723 0 0 0 0 0 0 0 0 0
2.05442122300996 4.44591580355786 3.88659225105784 0.634142968423208 3.0822297570055 0.200724567514693 6.10120533265195 1.63542247735466 0.594230906750301 0.234158706155681 0.478876522141145 4.9022398762932 0.29998219138814 0.0304993776401547 0 0 0 0 0 0 0 0 0 0 0
1.97013725450614 4.83819045307159 2.16015160917679 3.24192294895687 0.501435729841407 0.821331330615648 1.35912624728369 3.44988856554117 5.57888331908745 0.224594993083622 2.61349039939282 2.31878085829556 0 0 0 0 0 0 0 0 0 0 0 0 0
0.371635775204869 5.22548735928839 3.54423263723155 2.91942206321279 1.51925101204825 1.20811760149923 0.770981928459697 0.229306948069417 1.69556412569009 2.26675915393053 0 0 0 0 0 0 0 0 0 0 0 0 0 0 0
1.72475981155566 2.80434211213762 1.86903966983686 2.41749197951141 0.395782246815081 2.33273332719759 5.67838589793831 0.6178092297489 0 0 0 0 0 0 0 0 0 0 0 0 0 0 0 0 0
6.67745143774521 1.3948974622203 8.24994834693191 5.14702762284494 3.92783640562893 2.20026468580618 0 0 0 0 0 0 0 0 0 0 0 0 0 0 0 0 0 0 0
0.365639175816184 5.13601080724704 1.81967065526092 0.801454160328878 0 0 0 0 0 0 0 0 0 0 0 0 0 0 0 0 0 0 0 0 0
1.74715567816499 0.00415894961419275 0 0 0 0 0 0 0 0 0 0 0 0 0 0 0 0 0 0 0 0 0 0 0
