0.0180758046488689 0 0 0 0 0 0 0 0 0 0 0 0 0 0 0 0 0 0 0 0 0 0 0 0
2.29052421668835 4.4912876997325 0 0 0 0 0 0 0 0 0 0 0 0 0 0 0 0 0 0 0 0 0 0 0
4.27890806886458 11.8822682638423 10.7942611119294 0 0 0 0 0 0 0 0 0 0 0 0 0 0 0 0 0 0 0 0 0 0
7.89996867387762 12.7167869930641 6.64183168768656 5.35820602394252 0 0 0 0 0 0 0 0 0 0 0 0 0 0 0 0 0 0 0 0 0
7.12589664088011 4.04426009464901 4.15129923377278 5.75490513686649 6.31715111776099 0 0 0 0 0 0 0 0 0 0 0 0 0 0 0 0 0 0 0 0
4.65160873798749 8.18083157029096 13.4422396982695 13.731283134767 4.86580402835352 10.0504400956158 0 0 0 0 0 0 0 0 0 0 0 0 0 0 0 0 0 0 0
4.47367652244293 10.639733663832 12.5470442485712 7.95167085299776 3.52195601621635 14.0909913595359 8.41556570764531 0 0 0 0 0 0 0 0 0 0 0 0 0 0 0 0 0 0
5.36541627354335 9.55510872072834 7.01625723568988 8.44608265999368 3.30000671668155 9.54585216421331 1.09529845019764 2.75811697396488 0 0 0 0 0 0 0 0 0 0 0 0 0 0 0 0 0
2.84514912898113 3.17484943795497 5.0082691957326 3.54631814744649 2.06604435900381 1.33275116421769 0.655933934038612 2.74311301481683 3.81359510533264 0 0 0 0 0 0 0 0 0 0 0 0 0 0 0 0
2.01482088998006 4.76175406278985 8.79468271647087 7.00668529621036 0.333920531704612 0.640243651399939 3.76115611055348 8.82548997080588 0.707960578501388 0.693323773478135 0 0 0 0 0 0 0 0 0 0 0 0 0 0 0
1.26944106471233 5.91842721903551 6.03721243403957 1.26542894472157 1.94444647128551 4.45085505806115 8.66738750671248 4.26731431115682 0.245691188373825 3.39573296691247 0.87249896484271 0 0 0 0 0 0 0 0 0 0 0 0 0 0
2.31703496585095 4.49187079487314 1.25031427566989 1.67457857971256 3.80445484582191 7.20636969439293 2.66350946530866 0.825980334298201 1.41148350845629 1.81844750332523 8.03558298507088 3.75307732672332 0 0 0 0 0 0 0 0 0 0 0 0 0
0.049404784616077 0.326612527991767 0.522321714183191 2.43442119631338 1.25843008248859 1.4504659094516 0.990463012394015 2.49888009764702 2.40609967203071 4.59007663929823 3.66783185577362 1.37499928003706 0.0683553682247269 0 0 0 0 0 0 0 0 0 0 0 0
1.1201907906505 2.50232928597443 3.79238592523689 4.23127963840794 2.02714062755923 1.65348776270559 1.81613723505687 2.35509496199091 6.6323580037809 0.759590797054512 1.00841463096183 0.23350093781581 0.657633195767593 0.37401884585608 0 0 0 0 0 0 0 0 0 0 0
2.2563655935988 0.482053376110453 0.0518476299738505 0.0991137562346546 1.29366395735761 0.314189870501086 0.388480830697086 0.56394341464633 0.331226795105281 0.0395029264220228 1.94777658013525 0.96301129192262 1.04343939007627 3.61998870226317 3.27318859988352 0 0 0 0 0 0 0 0 0 0
1.25689599808828 0.915983381495116 0.366638156099878 0.126240726357214 4.78909616052345 0.219497092077543 1.23024694799765 0.224040769960203 0.224637214319554 1.82394830549871 1.12218123075829 4.77044853706216 0.767884931579267 3.62334851251467 3.1160052728846 0.658798385625154 0 0 0 0 0 0 0 0 0
1.43286318262878 0.561719969733174 0.409315663052822 0.151482347808022 1.44551737123588 1.36307971752868 0.923967011948814 0.251952990526609 0.93810597268398 1.50959695865658 0.690026401311393 2.13227438982234 0.20390215035837 6.2673598088856 2.6210334676233 2.07792804582417 7.77694405971163 0 0 0 0 0 0 0 0
0.490305155015346 0.087374542250332 0.325445750906903 1.46652517120296 6.88276439211588 3.02679072981887 1.75727513601856 0.409336247643474 1.81825897309274 1.53107752796492 4.02954203577385 3.9475367978786 1.03990025961091 3.34442051606695 0.444337670652349 2.26506488806831 0 0 0 0 0 0 0 0 0
0.853263964842406 0.0179382269976394 0.408787803362232 1.42295124843585 6.92240693445071 1.34318599857388 0.124070301342139 1.26245183916117 1.77050715499583 1.84217170453698 0.423708000954201 0.521225029554238 1.55605698896765 4.20473911490548 0 0 0 0 0 0 0 0 0 0 0
2.7811729222491 0.817899756388321 0.392344115872572 0.405550968480719 4.891343260336 1.09669191074206 0.499863158226612 0.18800396742261 0.972310179173009 0.438247120672878 0.154417993486916 1.06786436319051 0 0 0 0 0 0 0 0 0 0 0 0 0
2.08242217693581 0.449033178309011 0.339496855067044 0.622731361824673 2.35071948097411 0.229879945329417 0.797111393202896 1.17223219133208 2.62993357952902 1.70191844830268 0 0 0 0 0 0 0 0 0 0 0 0 0 0 0
0.0712021922762047 0.527240065626381 0.301082021577253 0.168686184972247 2.57300108754003 1.07007475506759 1.40663360047866 0.0413042584174952 0 0 0 0 0 0 0 0 0 0 0 0 0 0 0 0 0
0.699780526034766 0.0288780889725416 0.315688001785991 2.97343617838777 6.94214741723716 2.28819724606108 0 0 0 0 0 0 0 0 0 0 0 0 0 0 0 0 0 0 0
0.721567238246419 0.742724517080924 1.26543292963408 2.23600750647346 0 0 0 0 0 0 0 0 0 0 0 0 0 0 0 0 0 0 0 0 0
1.51496756450947 11.8505830424786 0 0 0 0 0 0 0 0 0 0 0 0 0 0 0 0 0 0 0 0 0 0 0
