0.163582171683212 0 0 0 0 0 0 0 0 0 0 0 0 0 0 0 0 0 0 0 0 0 0 0 0
5.46725495505237 12.5361611082868 0 0 0 0 0 0 0 0 0 0 0 0 0 0 0 0 0 0 0 0 0 0 0
3.73344012086764 11.2805105007011 3.96916665293081 0 0 0 0 0 0 0 0 0 0 0 0 0 0 0 0 0 0 0 0 0 0
7.05531474103327 12.0893481073427 13.9466301121594 2.92062343761422 0 0 0 0 0 0 0 0 0 0 0 0 0 0 0 0 0 0 0 0 0
1.93735699516348 10.3553391938643 2.31519021830649 0.384813158032489 0.703468664086773 0 0 0 0 0 0 0 0 0 0 0 0 0 0 0 0 0 0 0 0
2.11174474945507 2.19910959886419 2.03844145454868 1.13376108644457 0.460810907665987 4.35717508379046 0 0 0 0 0 0 0 0 0 0 0 0 0 0 0 0 0 0 0
1.37589340429489 0.115591707578074 1.6619190483115 3.72137697654089 7.95634713025273 7.20710768234107 3.63401818990828 0 0 0 0 0 0 0 0 0 0 0 0 0 0 0 0 0 0
4.05522942208373 3.51954799929114 9.48724799025707 0.531753797650757 0.408616942091154 0.173132820197037 0.508015918869738 3.57347013199332 0 0 0 0 0 0 0 0 0 0 0 0 0 0 0 0 0
0.873103108781826 3.36064923961616 0.564722519890479 0.901316485993954 0.496372621479033 0.351259232907728 2.19160236465341 0.777054499013618 3.60662102668875 0 0 0 0 0 0 0 0 0 0 0 0 0 0 0 0
5.94197383578544 9.81040996330339 6.57914291749522 2.3258266971083 0.440437553765431 4.00107866204806 0.452108070403445 5.5461357818497 1.43438656558701 0.0783030781653589 0 0 0 0 0 0 0 0 0 0 0 0 0 0 0
1.30334006386297 2.58486456526675 3.98939945726971 0.996829192678974 3.94897555653213 0.508324462390071 1.70737452601798 0.147743399737588 0.997414447524065 0.232501208525212 0.0716542149677146 0 0 0 0 0 0 0 0 0 0 0 0 0 0
1.75149900226885 8.13947833406639 1.86850518724209 6.65427663566604 2.01739390943733 2.55250608036193 1.11564682549085 0.788149135564928 0.881537292571996 1.61390996018311 1.80281009285446 0.280676521398939 0 0 0 0 0 0 0 0 0 0 0 0 0
6.32813590956242 2.859855407936 8.54294324744074 0.861328812444177 2.48831126546907 0.2200691717897 0.27630021327072 0.953287687855216 4.78599972008273 0.395655693282093 1.28583184604936 3.95383474066773 0.00187987209634442 0 0 0 0 0 0 0 0 0 0 0 0
2.32099605617717 2.50732934865688 0.407364538958114 1.15918943248478 0.0561500545586561 1.31477157784859 0.813816509223589 0.299389126537587 0.577598972688634 3.18885343839404 10.800389281876 0.519240305371898 1.86939659944833 2.80191849757488 0 0 0 0 0 0 0 0 0 0 0
2.23869357145864 0.342369817589563 1.89444401849527 0.275219482121169 2.44933856802843 1.49837605200153 0.397067484458509 0.493371694569919 0.486371258184046 0.989575641791945 0.287253421259112 0.972937461448678 0.319010232167122 3.71121272305904 0.821336598766277 0 0 0 0 0 0 0 0 0 0
0.985255375017365 2.69228889626529 1.89176363716997 0.116997784669737 0.48846081014855 8.37762221938734 0.108759968403033 2.59801924897145 2.6103952753035 0.892791375770143 0.686690651287711 1.62174937328971 0.408337284118396 1.19679080278949 0.762413389481334 0.00180990793585807 0 0 0 0 0 0 0 0 0
5.40658909540654 1.1110921313844 1.6506000010667 2.7243729944102 0.520784101708459 0.807671755284103 0.481026973767908 1.14300155869845 2.39149267601445 0.00585779894106714 1.12176928621256 5.09532387851236 3.68726711149758 1.09103770872905 1.33417345960579 2.79407841484139 0.550839974755352 0 0 0 0 0 0 0 0
2.57109001747535 0.0549745640585805 0.845921923157082 8.90820918298121 0.434585062240829 6.16666734693383 2.77711878281926 2.7500573903066 1.11085469290503 1.14728637555483 1.42397959892896 0.180516494745878 1.57706126295458 0.0293314399886714 0.420513500570492 7.0357870318095 0 0 0 0 0 0 0 0 0
3.37955256649354 0.265943423361557 2.32005277579939 0.294674477761991 0.41711230125373 0.00764268993657566 2.83747462678602 1.11130369439796 0.268765914421427 0.264754312764801 1.37763350559785 0.587896453712075 0.875636931859194 0.0572139322991336 0 0 0 0 0 0 0 0 0 0 0
0.852733283574469 2.00860584003504 0.497997364590943 1.38484797441438 2.90632936152068 0.534695562139509 2.05442619868847 1.50303449076229 0.245209542318206 1.06501073016443 2.72102251019408 3.19562420899741 0 0 0 0 0 0 0 0 0 0 0 0 0
0.776308403236332 1.01025457388614 4.51106162719463 0.553569361500331 3.25260830958428 1.16603898820034 3.53618216177067 1.99947496309999 1.19394926417088 2.54057878275336 0 0 0 0 0 0 0 0 0 0 0 0 0 0 0
1.28453023776167 1.61428534439431 2.58743831424949 1.12609854915001 4.94269702918893 0.108350460877233 0.627202606751273 0.946667708176888 0 0 0 0 0 0 0 0 0 0 0 0 0 0 0 0 0
0.657024755437423 0.1831541682424 1.25965421109353 0.792637910268294 0.470238621707316 1.84209294995334 0 0 0 0 0 0 0 0 0 0 0 0 0 0 0 0 0 0 0
1.65750960117456 2.6657738204138 0.570522127048723 0.554319683603848 0 0 0 0 0 0 0 0 0 0 0 0 0 0 0 0 0 0 0 0 0
1.20200227499336 2.14182618672675 0 0 0 0 0 0 0 0 0 0 0 0 0 0 0 0 0 0 0 0 0 0 0
