0.0445427299733228 0 0 0 0 0 0 0 0 0 0 0 0 0 0 0 0 0 0 0 0 0 0 0 0
4.46274610780931 7.02656864011783 0 0 0 0 0 0 0 0 0 0 0 0 0 0 0 0 0 0 0 0 0 0 0
4.93938666729143 14.5154314440817 10.7095262006641 0 0 0 0 0 0 0 0 0 0 0 0 0 0 0 0 0 0 0 0 0 0
6.24877339919238 13.0328605704979 6.08067102673641 3.22875123766503 0 0 0 0 0 0 0 0 0 0 0 0 0 0 0 0 0 0 0 0 0
4.93666531927604 3.76055761656946 4.32833283642089 7.7905412035354 1.55104784098878 0 0 0 0 0 0 0 0 0 0 0 0 0 0 0 0 0 0 0 0
3.40656886301884 10.1855493778847 9.8425133462874 0.332906939164361 1.45959782748596 0.303449401196724 0 0 0 0 0 0 0 0 0 0 0 0 0 0 0 0 0 0 0
3.43938290029728 9.7084276123297 0.301759635885607 0.054466211463895 1.28815752557455 0.717302156987834 0.340814932841134 0 0 0 0 0 0 0 0 0 0 0 0 0 0 0 0 0 0
5.09228449991499 1.56805051398388 0.478065523562156 0.355172771193761 1.31201291023772 0.349727670865288 0.20717234539769 0.220364638234245 0 0 0 0 0 0 0 0 0 0 0 0 0 0 0 0 0
0.117657098127345 1.66640939400052 2.94112022344563 1.12183626094486 0.311467725100921 3.41496808601567 2.13727473010931 4.49459859852292 4.2726827074486 0 0 0 0 0 0 0 0 0 0 0 0 0 0 0 0
0.2070199968492 6.46772136543079 4.98090985926041 3.34356868362301 3.07356049849954 4.88138446918853 1.41601161338893 1.89711477001093 9.54609100744171 2.07614553220304 0 0 0 0 0 0 0 0 0 0 0 0 0 0 0
3.19594787138503 4.94062705221984 5.12676710745957 1.65824268990824 7.09242689129472 0.744594310641022 0.966736889063517 0.879187717797649 1.44025803437474 6.03931599142012 3.81386799791431 0 0 0 0 0 0 0 0 0 0 0 0 0 0
0.173195370685978 5.85837631546529 8.00300808556573 0.961150009014459 4.9683858950266 2.09888258380834 1.33658778691033 2.22995487738921 0.300079053760576 6.21942066469262 5.44637602921888 4.93627510908959 0 0 0 0 0 0 0 0 0 0 0 0 0
1.64111669074419 6.3588501321667 4.27825929256554 3.30443193232134 3.75237719818672 4.85613301219725 2.0435102733872 7.55858015144513 1.92567032735007 0.544596626284064 0.627966452051942 3.8267817388682 4.67153866542379 0 0 0 0 0 0 0 0 0 0 0 0
3.46287347770449 10.6551480444618 4.2795317535091 2.99903867382599 6.5020050263842 1.61407899841844 7.38703108603227 2.16019889528749 2.6418837104792 2.28299494410689 3.29326146138783 5.5661603110521 1.04007641430267 0.349694187855375 0 0 0 0 0 0 0 0 0 0 0
0.30150054291509 2.13685958177009 1.89514015852798 0.866913956349977 0.173304375217076 2.24467062790558 1.82604849664745 0.058189904208244 2.61673153127997 0.855023622954661 1.53082638591991 3.43155724352923 1.28145282864065 0.35305843218937 0.813600001754958 0 0 0 0 0 0 0 0 0 0
0.0394133866655943 2.82849429847142 5.60487185464934 0.310554814865352 9.60750906337531 1.17091225539752 1.16703804364165 2.29942014477837 10.6126710440348 6.72755493094676 4.51795151412333 9.50026129764376 5.4022822980343 7.96708002884816 3.87345807509403 4.704864373405 0 0 0 0 0 0 0 0 0
0.727069036327708 5.66904077240341 1.83127163331984 2.60311294203194 8.91309524048588 0.627749643219054 0.219013236588777 1.02548674830478 2.95003081029033 6.12692894624626 3.76062638716863 4.54447217064422 3.54189301776412 5.65208133704014 0.262405043950114 12.1935598161987 0.528531250185048 0 0 0 0 0 0 0 0
4.88626251415624 3.32944471947355 2.76070551859341 3.52120177419532 8.00904151839923 0.294448047399438 0.462978231908076 3.88739568635638 3.64766667779685 6.46381219771703 0.612780317998515 6.89909236118434 7.38782184632893 0.406622986049396 0.81054067364637 0.00569910993222834 0 0 0 0 0 0 0 0 0
1.27054444229876 7.98841338428248 3.66506774335641 1.87054722996904 3.44836489885082 1.97261358959901 1.41637406289539 1.12709200769492 8.85838140523484 11.6341791666341 6.43421476612648 5.62865071054756 2.03058034717358 2.02385905616483 0 0 0 0 0 0 0 0 0 0 0
2.57730605137843 3.43967686658447 3.27666495857065 0.200362485529783 1.50910850543759 1.92666348457811 0.104445867592214 0.592064482075787 5.23812248287335 5.36804569797431 2.19350504252628 0.662453902312047 0 0 0 0 0 0 0 0 0 0 0 0 0
0.876086460329293 2.02061977712821 1.3141189605101 0.169106206127925 0.378428056967535 0.224482416959813 0.205100812405831 0.549041480038486 6.16268023873314 1.47167443822675 0 0 0 0 0 0 0 0 0 0 0 0 0 0 0
0.589316955595986 0.986809126773611 1.6520855908028 4.34411747940404 3.73576583256947 0.786975913226717 1.5178694253317 4.45445826854695 0 0 0 0 0 0 0 0 0 0 0 0 0 0 0 0 0
2.35468998390959 0.828303064861541 2.87783967233705 0.328224471276853 9.74717616671907 3.31629024751742 0 0 0 0 0 0 0 0 0 0 0 0 0 0 0 0 0 0 0
3.82127180785403 3.11252423135547 0.334325065846315 3.37909040069945 0 0 0 0 0 0 0 0 0 0 0 0 0 0 0 0 0 0 0 0 0
0.778675359187444 1.37456005623841 0 0 0 0 0 0 0 0 0 0 0 0 0 0 0 0 0 0 0 0 0 0 0
