0.0287105860044617 0 0 0 0 0 0 0 0 0 0 0 0 0 0 0 0 0 0 0 0 0 0 0 0
3.40370831224047 6.01341039637422 0 0 0 0 0 0 0 0 0 0 0 0 0 0 0 0 0 0 0 0 0 0 0
5.46771211991396 14.2466845587119 12.214776457907 0 0 0 0 0 0 0 0 0 0 0 0 0 0 0 0 0 0 0 0 0 0
8.11979603007726 12.8986109778835 8.02968877092497 9.04934946307732 0 0 0 0 0 0 0 0 0 0 0 0 0 0 0 0 0 0 0 0 0
5.60298535028093 4.01304190331676 6.06766576299842 7.01542985178276 3.34532580441048 0 0 0 0 0 0 0 0 0 0 0 0 0 0 0 0 0 0 0 0
4.88300044291069 10.6556194558506 16.3582343544688 11.3844831771318 8.82735590332778 9.86933273734616 0 0 0 0 0 0 0 0 0 0 0 0 0 0 0 0 0 0 0
5.96739545282937 12.9078985084414 10.4283602065493 11.5327778197873 4.86062547718396 8.52742828811988 6.12136376481608 0 0 0 0 0 0 0 0 0 0 0 0 0 0 0 0 0 0
6.83564880878599 7.26923834296883 10.2670285924533 7.04554725920735 5.05916025504463 7.57362469504259 1.13346066097404 1.85288724245237 0 0 0 0 0 0 0 0 0 0 0 0 0 0 0 0 0
1.55770598163529 4.8425721354873 2.39831400066119 4.45045038547046 2.41501165367463 0.293312199654397 1.28953612521616 0.281547028042338 7.94994722752647 0 0 0 0 0 0 0 0 0 0 0 0 0 0 0 0
7.10949955231484 6.58107812518982 10.2246045446809 6.50697336588666 0.6061077923871 1.79835883351035 0.322695731989762 4.26636733650969 1.17470489628152 2.38811378175088 0 0 0 0 0 0 0 0 0 0 0 0 0 0 0
4.10163500547131 7.48928211742673 6.74916899856196 1.07808898571263 1.60577072244514 1.59699673018999 4.45431114825706 1.65792373846629 2.21102282588215 3.64068528224672 1.00107284223211 0 0 0 0 0 0 0 0 0 0 0 0 0 0
0.348722144429307 4.70073515526317 0.19311995203472 4.23952595175238 1.98873085296169 1.49553829885149 1.52686365058057 4.55222796613775 0.384994645517549 0.0535677064554497 0.738086297626367 4.81987921682699 0 0 0 0 0 0 0 0 0 0 0 0 0
6.74887135042338 0.591615751852082 5.47507781778426 1.76312354058908 3.06877482372879 1.76646138330865 0.118981536943536 2.02034819804242 1.96879730889295 1.60982130386814 3.14727972522903 0.994331492368327 3.37059951768338 0 0 0 0 0 0 0 0 0 0 0 0
0.656687125349366 7.16476791071474 1.71282036731465 0.894631331285646 0.798551385567229 3.36618513874799 0.809748531227684 3.5320848537117 0.155776367841255 2.25069812432467 1.11356002990411 0.150217503181689 1.76629565980971 1.21396018355006 0 0 0 0 0 0 0 0 0 0 0
2.98934988892437 3.07851013136785 1.60033970851279 2.57214456343027 3.39486457753476 0.992899070581389 3.87314451016815 1.01292032143138 1.28824841909439 1.46420634495459 0.511140221155191 5.59432267439905 2.35072278420259 0.106488209320352 7.74104544257126 0 0 0 0 0 0 0 0 0 0
6.25891458084921 3.34457814338305 1.57210639093978 0.312925275742576 5.87163155237551 3.44088097092756 3.38877566298897 2.39090893115345 1.56533099174072 6.81202941827123 5.38858304751989 1.44911328082139 4.6831629069951 9.44012143466907 6.83119941106556 4.93937977578895 0 0 0 0 0 0 0 0 0
1.89537002448305 1.00878378603193 1.90879588915932 1.90779712518237 1.30148079550858 0.900102043481671 2.43554218723515 1.3581674992874 1.88874833213477 0.95886211011959 0.790015486514308 0.384503555908707 2.16042468926741 4.4043721677154 8.60334115773171 1.33952439404629 1.6476843981802 0 0 0 0 0 0 0 0
1.34949543470841 4.65916593928038 0.796564362496565 1.04429273087015 0.701467163943812 6.43807020783692 6.46901140180353 10.6923809310675 2.75504318927636 1.23389476630874 6.71805166423488 3.79213458776199 0.347650257475565 4.8594926038787 0.309690191072014 6.3163366017495 0 0 0 0 0 0 0 0 0
5.43131611539087 2.39261864152268 3.66263783043672 5.56988345776883 0.856083302373753 11.7762659156672 5.89335426679491 10.0071628762116 7.01547882858855 4.26075877187168 0.980334223942409 1.22602051644713 6.10650428138119 0.48792560473093 0 0 0 0 0 0 0 0 0 0 0
2.55197172781077 2.87487294141012 0.786472461093231 0.905121890528713 3.51267472685036 6.02341297502867 0.204810540581014 1.89547296430882 1.46629606696838 0.250542425623657 1.98024137903135 5.2004343744824 0 0 0 0 0 0 0 0 0 0 0 0 0
3.58727080591945 0.152603974828765 3.67247402740383 4.67013854349111 1.03043946661945 4.6590621179736 3.69523114755606 0.704958850899288 1.7118430127295 3.18786490136085 0 0 0 0 0 0 0 0 0 0 0 0 0 0 0
0.451687097139253 4.10793526536182 6.14153516254771 0.508162819222202 1.26301873597341 2.2464116700728 0.434296728598376 4.84280556096489 0 0 0 0 0 0 0 0 0 0 0 0 0 0 0 0 0
1.55870021423081 8.30745756315323 5.96924605290092 9.85863848246545 7.60908180029689 2.27175361418425 0 0 0 0 0 0 0 0 0 0 0 0 0 0 0 0 0 0 0
3.0191384006852 1.87607584763541 4.11409735426704 0.183506911730817 0 0 0 0 0 0 0 0 0 0 0 0 0 0 0 0 0 0 0 0 0
3.50061239988202 0.0731735868941451 0 0 0 0 0 0 0 0 0 0 0 0 0 0 0 0 0 0 0 0 0 0 0
