0.745430239056979 0 0 0 0 0 0 0 0 0 0 0 0 0 0 0 0 0 0 0 0 0 0 0 0
0.621223840189378 16.6698181172491 0 0 0 0 0 0 0 0 0 0 0 0 0 0 0 0 0 0 0 0 0 0 0
2.34059281717568 16.8490925486643 1.96931135671527 0 0 0 0 0 0 0 0 0 0 0 0 0 0 0 0 0 0 0 0 0 0
3.9238754101602 6.18234782077927 1.61112005523743 10.7588819788367 0 0 0 0 0 0 0 0 0 0 0 0 0 0 0 0 0 0 0 0 0
3.05785300727244 0.123400980752616 0.68393586574763 0.865439397496225 5.39130776251584 0 0 0 0 0 0 0 0 0 0 0 0 0 0 0 0 0 0 0 0
2.08293959759823 2.8327460754982 1.09135441868606 2.64096022947464 0.194916975702862 4.02669283604974 0 0 0 0 0 0 0 0 0 0 0 0 0 0 0 0 0 0 0
0.183768550152077 5.28300134186214 5.09625480333407 2.6211912960279 0.721576031904492 6.23427069948692 1.34108744585024 0 0 0 0 0 0 0 0 0 0 0 0 0 0 0 0 0 0
1.28009858301135 7.92657522160725 1.78063320625905 0.0070171513907836 0.691150084950137 1.39144339424085 1.83886403287038 0.141294384347836 0 0 0 0 0 0 0 0 0 0 0 0 0 0 0 0 0
1.03340778793269 3.63593812936442 0.475548756395154 2.83945297560883 0.348641766933761 0.647458173207773 0.215708615232658 0.238575578428741 0.744377294295393 0 0 0 0 0 0 0 0 0 0 0 0 0 0 0 0
1.37452360656968 0.707676742080545 0.50194916770325 0.976370926184364 1.6644954961505 2.7687349922171 2.26431460240459 0.147956805133611 0.64645223710858 4.18488499159568 0 0 0 0 0 0 0 0 0 0 0 0 0 0 0
5.4413937025339 6.46024765375872 3.56684782391381 0.871538517043453 0.330518137326003 1.32451314612487 3.67340219676733 1.9341243462778 12.6188205314605 0.140806425534181 6.71384131510893 0 0 0 0 0 0 0 0 0 0 0 0 0 0
6.32528273361003 4.42761479510889 0.139778346751881 0.630769485043836 1.59628557612895 8.13994777524376 4.52838458775651 0.664995723877706 2.40042514997274 2.84738241317952 2.59631969273114 1.68713993446112 0 0 0 0 0 0 0 0 0 0 0 0 0
2.86074971566577 0.19142033786843 0.00480167444996362 1.96137843868514 0.594722483790111 4.01210283267921 2.21575761100248 1.65560037621606 2.96887829733423 0.763455212548806 0.480283556943534 0.265835994453895 0.419302432165323 0 0 0 0 0 0 0 0 0 0 0 0
0.378427031994091 5.05168430460449 1.89724965935464 1.32421970026931 0.586117849562871 0.0683482441327696 1.19341083151495 5.0774625769794 0.196141810268985 2.45455634971927 1.37444853271401 0.175321576294441 2.85491032067703 5.33481152921422 0 0 0 0 0 0 0 0 0 0 0
0.8349734227969 1.4345819352631 4.13145865027897 1.01974170718458 2.52460214047243 7.29948947145145 3.13671500245982 0.257826855289454 1.9111770620966 1.15420189552013 2.04771177034911 0.1573602572321 1.13236185096382 2.31729253827537 5.06289628666716 0 0 0 0 0 0 0 0 0 0
1.29396420006819 0.734347101182435 0.849674302019694 4.22774419052204 1.68169804404068 0.767599972826725 0.478666157346958 1.33205753556244 0.305945738396651 3.22134736679699 2.2326971814093 0.863755136206572 5.21085772599542 0.244383085245061 0.41861390990592 0.998976260082294 0 0 0 0 0 0 0 0 0
1.91630949012937 3.50539166439766 1.26937730441005 0.314162934637721 4.29481914777801 2.36846104692073 2.80592567780904 1.02335058540541 5.64256432773711 1.7838418758677 0.831292989157946 0.686232834490758 4.41471242101821 1.30003327066979 13.2406132372229 1.04760258455211 1.80169778321681 0 0 0 0 0 0 0 0
6.26441089562793 1.02846356197986 0.518652439538611 0.541771140341962 2.50326696987998 9.66358752443699 5.54766669268299 6.62858787342044 5.06278011764498 2.7516343758639 1.02008905350288 3.3625721653679 1.71917933619987 1.8305949281274 3.12136277719556 0.476330302911874 0 0 0 0 0 0 0 0 0
1.0567249470143 4.23307117458943 1.01642335279206 1.27085988120693 2.39031633326877 4.65836670035527 0.839772479405973 2.29709412806643 1.11169268862893 0.580078840407283 3.30165521915221 3.80979168173908 4.64003271304823 2.21718488549178 0 0 0 0 0 0 0 0 0 0 0
1.4655994152335 0.362162830908555 0.550428272862415 0.503912289036572 0.343785076930673 2.56097404707559 1.50261356797311 0.474746474236012 0.452797339447213 0.115789912674169 2.58967656240482 18.6828039426603 0 0 0 0 0 0 0 0 0 0 0 0 0
2.95074890390053 4.9962462679808 0.688330329167507 0.0720044999251694 1.17456595195941 0.379495689334285 0.644360457530963 2.44033343875909 1.63612212241592 2.01452881828113 0 0 0 0 0 0 0 0 0 0 0 0 0 0 0
0.903086240171065 4.60161311626306 1.40638803734902 1.29268398051828 0.958110163983337 0.316694409987272 0.176890698931987 4.84782987386924 0 0 0 0 0 0 0 0 0 0 0 0 0 0 0 0 0
2.19068404782489 4.88386216963663 0.105680984864317 0.0224794252946277 0.00787924315284267 0.296948466806555 0 0 0 0 0 0 0 0 0 0 0 0 0 0 0 0 0 0 0
5.83795029546532 1.90213228484923 0.72252927150217 0.282118917251271 0 0 0 0 0 0 0 0 0 0 0 0 0 0 0 0 0 0 0 0 0
4.08444076765014 3.1085481506825 0 0 0 0 0 0 0 0 0 0 0 0 0 0 0 0 0 0 0 0 0 0 0
