0.398500770470087 0 0 0 0 0 0 0 0 0 0 0 0 0 0 0 0 0 0 0 0 0 0 0 0
0.00119984620955102 4.15899064538572 0 0 0 0 0 0 0 0 0 0 0 0 0 0 0 0 0 0 0 0 0 0 0
6.22278732582213 9.75223450538981 5.94990001130556 0 0 0 0 0 0 0 0 0 0 0 0 0 0 0 0 0 0 0 0 0 0
6.46570915503874 9.44397989584656 4.32725836535823 3.93317255317912 0 0 0 0 0 0 0 0 0 0 0 0 0 0 0 0 0 0 0 0 0
3.62878403725439 0.680650408996947 2.1353863140003 6.43343436761836 5.12242674641333 0 0 0 0 0 0 0 0 0 0 0 0 0 0 0 0 0 0 0 0
1.97051510430883 1.29963465119824 11.9637198912206 7.90885219154241 1.79121310172339 5.92918563060708 0 0 0 0 0 0 0 0 0 0 0 0 0 0 0 0 0 0 0
2.19216998069926 0.782720135546224 2.41959662523419 6.03475732249107 2.03016171394371 4.07183339676952 2.29279533722264 0 0 0 0 0 0 0 0 0 0 0 0 0 0 0 0 0 0
3.80004660919691 2.93513006491934 0.516884959970634 6.03564572057744 2.77682183302967 4.72074022804163 4.63249237639318 5.3043402287582 0 0 0 0 0 0 0 0 0 0 0 0 0 0 0 0 0
4.53412898488536 0.554337547023905 0.523325112790912 5.37013887282566 3.12488790577779 10.0427519463849 2.94433711506512 1.27912801604756 0.864278870631918 0 0 0 0 0 0 0 0 0 0 0 0 0 0 0 0
1.96922654423517 0.237090761955235 5.60477056576337 1.16617577741502 2.63250178360206 2.62666493119916 0.804360500529801 2.73565625354409 3.50991907993987 1.59970604625771 0 0 0 0 0 0 0 0 0 0 0 0 0 0 0
1.75492385415775 0.526116937823048 2.5815481064805 2.48655840439264 1.10789978410622 2.81011122229491 0.0210211626341241 0.78603931685827 1.97767237197868 4.35063345163575 0.283243587047255 0 0 0 0 0 0 0 0 0 0 0 0 0 0
0.487965318712559 2.04217923677845 10.4139947963748 5.20218333416259 5.1046721189729 1.51405352536294 4.34126123501702 6.40500770556604 0.607025698149598 0.19141340112781 4.49691571858649 1.37007974063987 0 0 0 0 0 0 0 0 0 0 0 0 0
1.78417101442681 5.01180059889118 0.193804374608885 1.7557339085469 1.53157781799011 2.73143920102042 0.431619229845589 0.281978541513066 0.892399122453599 1.09904532148118 0.914784226035896 1.59477629271475 2.44967163881356 0 0 0 0 0 0 0 0 0 0 0 0
3.44561217107853 0.353955573094204 0.366082520853871 3.82940813046898 3.83616397922704 3.30767219967964 5.62834774886562 0.859412685786858 0.343242455359825 0.35026214901347 3.26857391238833 0.0215659644711227 1.07413235048102 0.19781687178628 0 0 0 0 0 0 0 0 0 0 0
1.12859431119563 5.07540938506585 0.895485488757525 2.84072871627804 9.6245962610196 1.74451079228294 0.419248379716151 0.612084620903903 0.299397859873467 0.323650307908859 2.46276054832589 0.647017892100245 1.59102186979645 0.540585823772077 1.92133145079894 0 0 0 0 0 0 0 0 0 0
1.23975705518294 2.70920601739686 3.18875031425158 2.12555325378082 2.6002432825917 1.81847400999465 3.74781522768372 1.72585297318297 0.326618780306651 2.4930502984874 3.26865351889851 0.39321102819094 1.87531752369854 0.0147161247154179 1.41761007518683 0.174476263100916 0 0 0 0 0 0 0 0 0
0.151444270109351 13.0812290703514 7.88208886209327 2.49479742007177 0.716051039301136 0.160176347078252 1.30573511435721 1.18852521830123 1.50501766196905 0.877564349720132 3.95866703294817 0.982695841348035 0.170370717668497 0.611480229930896 0.238830719353973 2.08780781434218 0.0660966654455297 0 0 0 0 0 0 0 0
1.09204878818686 0.892099396125419 1.45917058809248 0.475530422619181 3.82844957931232 1.16916436920282 2.5908703228011 2.37576894052886 2.47993050013527 4.74076160081303 6.40848827727693 1.63856137014834 0.313807079893567 0.185613406744548 1.61763171273885 0.408314381565102 0 0 0 0 0 0 0 0 0
1.54684122865003 0.286709342777575 0.29759474656749 0.715430795442472 2.53556405215018 1.05494718218097 4.58134156922312 1.44213882291327 0.726746533913937 4.94298758800452 2.28942086186997 2.16788501587204 0.593759105430014 0.0555479352759131 0 0 0 0 0 0 0 0 0 0 0
3.47709118098612 0.625855875421724 0.123725812560561 0.885291286578012 0.422774180576128 1.25083401237977 0.318193296800793 0.0666685323648242 0.54784043097179 0.255967689837007 0.40126992447192 9.14470655599647 0 0 0 0 0 0 0 0 0 0 0 0 0
0.186753752852417 4.4705809477593 3.24275425394194 0.0955882343814963 1.26073867236349 0.530421032219431 1.49457331001359 0.445740363217993 1.81820869652296 7.05262426750503 0 0 0 0 0 0 0 0 0 0 0 0 0 0 0
0.167604137632426 0.395864323262405 1.47263603439367 4.06067989172504 0.849647284372513 0.0713593149789267 2.4100852348476 0.792112441478295 0 0 0 0 0 0 0 0 0 0 0 0 0 0 0 0 0
3.85182927854583 2.25339820342447 4.37718422888094 0.100541828615285 1.01548733079636 0.589910187385419 0 0 0 0 0 0 0 0 0 0 0 0 0 0 0 0 0 0 0
1.85655317022493 0.721621249752293 1.94184838702849 0.459476925462406 0 0 0 0 0 0 0 0 0 0 0 0 0 0 0 0 0 0 0 0 0
2.98500502947806 6.34153491848539 0 0 0 0 0 0 0 0 0 0 0 0 0 0 0 0 0 0 0 0 0 0 0
