0.0417806129703849 0 0 0 0 0 0 0 0 0 0 0 0 0 0 0 0 0 0 0 0 0 0 0 0
5.19688042177421 7.25314699979398 0 0 0 0 0 0 0 0 0 0 0 0 0 0 0 0 0 0 0 0 0 0 0
4.78888257676256 10.6402728224784 3.13288773233902 0 0 0 0 0 0 0 0 0 0 0 0 0 0 0 0 0 0 0 0 0 0
4.32038438689897 9.21724005304616 0.0271239398346035 0.421264765911873 0 0 0 0 0 0 0 0 0 0 0 0 0 0 0 0 0 0 0 0 0
4.16778375865648 1.49030993612731 1.56159936841609 7.30068065980745 2.82957135913042 0 0 0 0 0 0 0 0 0 0 0 0 0 0 0 0 0 0 0 0
0.178877925872911 0.965934474208623 8.07546650438843 5.37496500260036 4.61199547532549 1.7056628894551 0 0 0 0 0 0 0 0 0 0 0 0 0 0 0 0 0 0 0
0.467525775713832 2.66276852452108 0.460467494126663 0.650073007688377 1.35914566165478 0.163432301784118 6.67602132407304 0 0 0 0 0 0 0 0 0 0 0 0 0 0 0 0 0 0
1.68083553567726 0.283173147511334 3.83586126047405 0.257287174740427 1.21319900313087 2.47111254821982 7.18943409288575 2.16213112958902 0 0 0 0 0 0 0 0 0 0 0 0 0 0 0 0 0
0.355773331046703 1.432786356728 4.09674254987797 2.73100843442419 0.594404550967663 0.405140608367026 1.55958119202654 0.111293217554019 3.09713217168526 0 0 0 0 0 0 0 0 0 0 0 0 0 0 0 0
0.561845093651203 3.16210100282601 0.366739000123996 0.0494332139217024 2.20653003788651 0.279221679764009 0.849813940727007 0.683605156036482 0.0572051025927588 0.826306540906665 0 0 0 0 0 0 0 0 0 0 0 0 0 0 0
0.380561008982128 1.27405673306656 0.0498645639913604 0.178457344216344 0.109690014970086 1.70787637018704 0.01039839116386 0.270383266570689 2.82383248966797 5.45197805432619 2.03837102724716 0 0 0 0 0 0 0 0 0 0 0 0 0 0
0.213740983701315 0.194555054485172 0.881079136759472 0.0589276522535247 0.902866567679531 1.46705668592849 2.55732107138354 2.37720231617207 0.114499479482746 0.942622937900013 1.1999028056738 0.252353952701578 0 0 0 0 0 0 0 0 0 0 0 0 0
2.16933947110201 2.34067313669595 1.52454233713625 0.397076782583355 4.87050375291162 3.7749131630212 2.65089553060729 1.17159910665818 0.643214355747822 0.114802270175087 1.38325013848425 0.00854462151623507 3.41096086518489 0 0 0 0 0 0 0 0 0 0 0 0
0.124016521887121 4.37711674023963 0.321880644312469 0.936630683192284 1.90503167824311 0.0802143319194073 0.247474240882751 6.34854262576535 5.77704368958501 1.09281448429867 1.40377886573021 0.60019213205232 4.10260823792124 1.94141697732417 0 0 0 0 0 0 0 0 0 0 0
0.365407269997417 1.64315142181813 6.56969811692511 2.32468900249147 3.1806327046926 0.37202675385753 6.60948059905323 4.1759599740653 0.711008232540501 1.12778448405132 0.166761105356713 0.516218483590704 5.98000800806798 1.04260925346762 3.4663556418789 0 0 0 0 0 0 0 0 0 0
0.41414755837119 0.330447597482253 2.2030331535455 1.82982010908868 1.24845707186648 0.767234784515313 0.0535503343774828 0.11139180132015 1.15645345961189 2.06372605737277 1.57616901989177 2.2460192189093 3.71294086916566 3.41937938091816 0.674675661921335 0.482204342660317 0 0 0 0 0 0 0 0 0
0.771080377698454 8.84693100903089 0.426420480891142 1.07671886051917 1.38180326378809 1.78154828422296 2.81861371279787 3.390079870636 1.58711829411554 4.24871931036513 1.42757465893364 2.28690054258725 0.703160537887891 7.58953078586148 0.884913684544256 0.193569686970546 2.02407633610754 0 0 0 0 0 0 0 0
5.15012553888678 1.99991507700644 0.521522908060435 0.41064286879078 2.1121320542114 1.0064000583864 4.25704574845346 6.46973599353329 2.08478305827694 0.845418184594052 1.72558118128391 4.38177804020366 1.52268148825873 1.15232236668027 9.5203458164647 0.0956559229921652 0 0 0 0 0 0 0 0 0
0.468633054540133 2.34957723808464 4.34624823519037 0.101558943077843 0.0948234511773287 4.45646644001145 3.28324854417416 1.83545224945741 3.79463541242082 1.47747676470516 2.7929667738782 1.93807921661644 1.06711949256984 10.9613701503113 0 0 0 0 0 0 0 0 0 0 0
2.25196253352142 1.40193292391208 1.87599477133964 0.564525023620178 0.722267515567155 0.125097040866441 1.52436268343349 0.4004527470375 1.30501636032836 0.461037972260068 2.76762329369202 0.919216441502447 0 0 0 0 0 0 0 0 0 0 0 0 0
1.29159141787584 0.517002079045177 0.920430300761724 0.296094188146397 0.559246350743741 0.248583012002089 2.53980629929762 1.19235475223414 1.52614777307545 1.65782067140563 0 0 0 0 0 0 0 0 0 0 0 0 0 0 0
0.907227970707706 2.16804572193395 4.44259325580902 1.92377789596404 1.41039740063074 2.41519754631508 4.06265742227561 14.9565511911843 0 0 0 0 0 0 0 0 0 0 0 0 0 0 0 0 0
1.11519292384164 1.01177132299745 2.72126410977701 0.570304946616765 1.2343009458102 0.207523494755883 0 0 0 0 0 0 0 0 0 0 0 0 0 0 0 0 0 0 0
0.115697815328819 3.35523973695087 3.78856289068376 0.534236725566616 0 0 0 0 0 0 0 0 0 0 0 0 0 0 0 0 0 0 0 0 0
1.76531830182187 2.55969796920441 0 0 0 0 0 0 0 0 0 0 0 0 0 0 0 0 0 0 0 0 0 0 0
