0.524456223975046 0 0 0 0 0 0 0 0 0 0 0 0 0 0 0 0 0 0 0 0 0 0 0 0
4.81889538732919 13.7874327467709 0 0 0 0 0 0 0 0 0 0 0 0 0 0 0 0 0 0 0 0 0 0 0
1.59291776367289 0.88133604332055 12.6583890263638 0 0 0 0 0 0 0 0 0 0 0 0 0 0 0 0 0 0 0 0 0 0
3.66961918656075 1.09773859370404 0.592045465277777 4.06419676053228 0 0 0 0 0 0 0 0 0 0 0 0 0 0 0 0 0 0 0 0 0
2.88533705169463 6.39053732889222 5.85818877363744 0.200732835409978 1.75876379402428 0 0 0 0 0 0 0 0 0 0 0 0 0 0 0 0 0 0 0 0
6.1332802328943 12.3197532910012 15.6871600945045 0.527827072925798 3.45708247694852 5.72711834912214 0 0 0 0 0 0 0 0 0 0 0 0 0 0 0 0 0 0 0
6.49872486310465 16.0136941238861 6.14795902992723 1.89528932227062 3.28157816136543 0.0933689438226378 3.98412834693828 0 0 0 0 0 0 0 0 0 0 0 0 0 0 0 0 0 0
6.25734226958193 8.81143896588022 5.7143027571648 1.23047129208359 1.37590989948787 1.82226021022486 0.80653114991428 1.58322522660948 0 0 0 0 0 0 0 0 0 0 0 0 0 0 0 0 0
5.70679959891063 8.09854802004093 3.3741073848195 0.835202540518479 0.0618841437612362 2.79392039854443 2.88798640101661 2.28110332228281 1.29899906566397 0 0 0 0 0 0 0 0 0 0 0 0 0 0 0 0
2.89544095735321 6.60153826791572 0.106018597037901 0.566310350132731 0.206393408809819 0.459477618869479 1.71290340085226 1.82030835649951 1.10991726056781 0.980434465056568 0 0 0 0 0 0 0 0 0 0 0 0 0 0 0
3.66919475272809 0.330975596186705 2.1737232283035 1.89996328361505 0.261108646193234 1.70953262749648 0.00146334908970153 0.814537226786272 2.45143908901773 3.8520404618842 0.361817087383009 0 0 0 0 0 0 0 0 0 0 0 0 0 0
7.71309825829511 0.932167152251631 1.12074318074772 5.79650604838954 9.15180886680612 0.630333572132545 0.423128166743713 1.43422198201276 1.31178048731303 0.162275197241563 0.173508843901413 1.35077021169851 0 0 0 0 0 0 0 0 0 0 0 0 0
0.0720771221598492 3.4108444981214 1.07989061689551 2.30013921103514 1.73719183151398 3.11979148252906 1.09219093275521 0.0571985738383043 0.466699698846751 0.989692652391807 1.63176720827396 9.22086917163171 0.892112261212418 0 0 0 0 0 0 0 0 0 0 0 0
2.1732634324107 0.887416235659375 0.397926174536621 2.69091918288041 1.21106754506945 2.12515113334887 0.45659944765273 0.128580364918665 3.26734426091374 1.62371188093164 4.24046986524986 1.00471117751563 6.59774528566078 1.51600428427658 0 0 0 0 0 0 0 0 0 0 0
0.719732577269285 1.63257574881317 0.670052937378748 0.446595724914389 0.768533427702791 0.630760664574788 1.50585367661756 0.406584150841913 5.50116558058031 0.285511590755047 0.604102382803005 0.986083957390901 0.598673005882438 3.16055457220303 0.617759429533716 0 0 0 0 0 0 0 0 0 0
6.23130580404441 2.06295213624271 0.0392996523032431 2.05552698503018 1.97127196181826 0.29979257466012 2.33561142059784 1.94727458158859 0.0635283980766859 0.452152254925444 1.45813793015648 0.954229631124016 4.02855900325129 2.93674203744544 0.0205506841115301 1.8405439790328 0 0 0 0 0 0 0 0 0
1.72851927173514 1.48041740804624 2.74592412898188 0.590652949977023 1.64020441970793 0.426240804406635 2.50583595677343 0.504580783669124 0.0734160269564359 0.00177713499691954 4.01285722911551 3.21000212646804 0.728611556864618 0.507727870114549 4.20121904816982 4.46013055225073 2.36721865457103 0 0 0 0 0 0 0 0
0.253470509903086 1.78831623982448 0.170361346178892 5.90844174485254 3.49819915180855 1.82194499793201 4.33221258212632 1.01370417175424 0.0306176588630473 2.38074391385306 2.00521048032721 2.61799792456502 4.02013510600746 1.18509165534836 1.60541875504887 0.466094936436894 0 0 0 0 0 0 0 0 0
2.25928413040589 0.969959766231128 0.482950231746846 1.26215953854065 2.74991202656094 1.97295717344478 0.527221259069516 3.95797850939525 0.248833776106162 0.142728920533273 2.31172359143139 6.54449768659317 0.753805305231492 0.827766123862309 0 0 0 0 0 0 0 0 0 0 0
2.45988838724389 1.90776746438323 0.615639996584576 2.01444917759892 1.26299467007059 0.727099858853806 1.00804558846874 1.54987658334223 3.3844523326782 5.75423843929635 0.0118555204255977 0.211975770173824 0 0 0 0 0 0 0 0 0 0 0 0 0
0.167144909369005 0.481404779294272 1.49916701532916 0.0926724254601503 0.214568248805523 0.209263863623938 1.07071694567246 1.81458042198803 0.938709182980903 3.9941239288433 0 0 0 0 0 0 0 0 0 0 0 0 0 0 0
1.86296620168068 0.548002759898205 4.91644909356216 3.29485825733357 4.61685382306777 0.0273235949002314 2.84146184647958 0.318444495424482 0 0 0 0 0 0 0 0 0 0 0 0 0 0 0 0 0
1.01156527318797 0.412379939476406 0.507461280975934 0.33648319007182 4.18888451865968 5.58062092872478 0 0 0 0 0 0 0 0 0 0 0 0 0 0 0 0 0 0 0
3.65807048370287 1.01782077005551 3.72299543785358 0.608715683982818 0 0 0 0 0 0 0 0 0 0 0 0 0 0 0 0 0 0 0 0 0
0.329060961220218 2.81782250970848 0 0 0 0 0 0 0 0 0 0 0 0 0 0 0 0 0 0 0 0 0 0 0
