0.132835430772939 0 0 0 0 0 0 0 0 0 0 0 0 0 0 0 0 0 0 0 0 0 0 0 0
6.67359646899163 12.5247811041963 0 0 0 0 0 0 0 0 0 0 0 0 0 0 0 0 0 0 0 0 0 0 0
5.16561398301878 14.6638944622731 2.12743942260468 0 0 0 0 0 0 0 0 0 0 0 0 0 0 0 0 0 0 0 0 0 0
4.10508097464365 1.29270447316665 9.15639294896827 2.08821880798096 0 0 0 0 0 0 0 0 0 0 0 0 0 0 0 0 0 0 0 0 0
0.910034676861956 0.168365355610225 0.370727394027258 1.82693855778105 1.32263286484362 0 0 0 0 0 0 0 0 0 0 0 0 0 0 0 0 0 0 0 0
5.51508145917188 5.07973880535078 9.16242302487615 9.98009461208457 0.476839062214518 5.26292534976595 0 0 0 0 0 0 0 0 0 0 0 0 0 0 0 0 0 0 0
0.854489870659751 7.28107782827101 3.87049702861637 7.34052363828278 2.60510147246807 6.39641245907659 6.39211677557061 0 0 0 0 0 0 0 0 0 0 0 0 0 0 0 0 0 0
3.91613725159318 0.361437362334584 5.00758448301696 6.57783396259439 1.29497671050389 8.50801648806675 1.80595213929595 3.6600578037249 0 0 0 0 0 0 0 0 0 0 0 0 0 0 0 0 0
2.49858250828906 2.95959396353672 7.90151655220094 5.88792315131388 1.75613128478163 1.57420117934283 1.08957102477608 1.62122430099772 0.1584904146281 0 0 0 0 0 0 0 0 0 0 0 0 0 0 0 0
3.99736341198158 9.07287194426292 11.1366466588399 11.412899754706 1.16372745524559 0.762274546284375 1.14427398188661 1.12891577378411 6.55675904174944 2.56256696586625 0 0 0 0 0 0 0 0 0 0 0 0 0 0 0
4.79659293072238 8.3019416441112 9.65524003571284 3.36463659745778 2.71200228986089 0.276346656749567 4.02456066008542 2.98562508109763 2.65411464091775 14.1789161066137 0.0316828376296261 0 0 0 0 0 0 0 0 0 0 0 0 0 0
1.68567016842701 10.5664712384472 2.19719212537109 1.13284583491074 0.463668618151814 3.85433953873571 4.17586954654214 0.433217215875545 0.96726982138902 1.42031996146356 4.64663319635043 0.997868149835737 0 0 0 0 0 0 0 0 0 0 0 0 0
0.874462302513448 0.622443672672517 0.474912544119287 0.704702515621581 2.65516222092134 0.600091155109556 3.04865730895607 13.3461869239782 0.605535008600179 5.09211747058265 2.3222866863389 0.84204463510562 3.81664748488983 0 0 0 0 0 0 0 0 0 0 0 0
3.0028013807861 2.54421781494875 0.869522833347245 1.53645758452355 4.43094278606289 5.99376091362327 6.04086015948589 2.16897973599274 0.226795664847489 2.20475512513769 1.58711969015484 0.546457246232444 3.22924303974517 1.85418422234314 0 0 0 0 0 0 0 0 0 0 0
0.78799685362363 0.334765070987618 0.0204019306036481 0.569328861890978 5.93629988847399 1.77412918914265 1.74469472841885 0.0996221465272412 0.536790386815432 0.609900222750745 1.61290318633445 0.414738464304012 0.247408308880733 2.87779052823113 7.43547004414946 0 0 0 0 0 0 0 0 0 0
3.37157312917769 0.638952367593115 0.472743168300357 1.37668154012324 0.145019464534769 0.743990310685828 1.70497117526802 2.92668743452383 4.56731458733302 0.400412458888617 0.280926583797191 2.0207639430166 1.06364850541607 0.142399339341048 0.849002366818691 1.36329069497738 0 0 0 0 0 0 0 0 0
2.92416321828505 0.416132985256796 2.13740307417943 1.96267826764872 1.36550325643166 0.552648209740405 2.51280361525823 0.766867082124141 0.892273539760769 0.376472733323865 0.232422243984498 0.839833347135592 1.48685620610894 6.14102063378163 3.30296522559542 1.5449487702429 0.855784017463219 0 0 0 0 0 0 0 0
2.72249721202313 0.313422176962616 0.169011456739766 2.75571324246751 2.60769717463366 1.34771214068943 0.641686375148823 0.422345588786434 5.05592090739203 0.0568240881136118 1.01469343728854 2.32054917203304 0.113304948629674 1.36052123768932 1.65500191378596 0.580587322337797 0 0 0 0 0 0 0 0 0
2.05295528366215 4.28834947428326 3.00179126465194 0.998820739336162 2.24996928840106 1.90343845713207 2.94645245040975 0.762196755596535 1.26072774076228 2.22225644463772 1.69422234104576 2.64954003543206 1.64163110787048 1.84560143999631 0 0 0 0 0 0 0 0 0 0 0
1.37628088113218 0.70052984695576 3.69473956959518 1.75162361318264 2.92693029517944 0.0983478802165148 1.93353630227889 1.59061504769972 0.944178946789949 4.94083671053505 3.46431773314021 1.9601639842264 0 0 0 0 0 0 0 0 0 0 0 0 0
0.605757976703463 1.50089053807361 0.86212571844869 1.3992106931705 0.527092028071347 1.99560067554238 1.17678921420677 6.24459968752505 0.526820551977005 3.83053811668236 0 0 0 0 0 0 0 0 0 0 0 0 0 0 0
2.33551039609431 0.891415360361494 1.61082695445263 3.31822325588001 1.76889645353466 0.308033661451101 0.704179344918744 4.31331735181901 0 0 0 0 0 0 0 0 0 0 0 0 0 0 0 0 0
2.13294348844506 0.854072668437417 1.24483163590008 1.76260257413474 2.62796836645249 4.22795451206547 0 0 0 0 0 0 0 0 0 0 0 0 0 0 0 0 0 0 0
1.96953024594735 0.11185087510924 0.318481660326754 1.83967820834323 0 0 0 0 0 0 0 0 0 0 0 0 0 0 0 0 0 0 0 0 0
0.690483522808586 0.522039907645382 0 0 0 0 0 0 0 0 0 0 0 0 0 0 0 0 0 0 0 0 0 0 0
