0.05918567208647 0 0 0 0 0 0 0 0 0 0 0 0 0 0 0 0 0 0 0 0 0 0 0 0
5.55132472009103 8.78607314433581 0 0 0 0 0 0 0 0 0 0 0 0 0 0 0 0 0 0 0 0 0 0 0
5.10063572493728 14.8906979685232 11.1521247419864 0 0 0 0 0 0 0 0 0 0 0 0 0 0 0 0 0 0 0 0 0 0
5.68856307159749 12.7130229735311 5.46220131694686 3.18344614463923 0 0 0 0 0 0 0 0 0 0 0 0 0 0 0 0 0 0 0 0 0
3.43725888586092 4.80559836994621 3.39419620991747 0.0864686454184637 0.957521600111662 0 0 0 0 0 0 0 0 0 0 0 0 0 0 0 0 0 0 0 0
4.37253117737016 7.18686438077593 0.499298965959611 0.233003237129216 0.500828005793319 0.372456515473982 0 0 0 0 0 0 0 0 0 0 0 0 0 0 0 0 0 0 0
2.32739607396109 0.00655172471087561 0.618775691048745 0.224681880835983 1.26387183794644 2.14435492377597 0.924684158356826 0 0 0 0 0 0 0 0 0 0 0 0 0 0 0 0 0 0
0.72057828161178 4.430649260752 1.41155750939451 1.14624079861549 0.0111160362576501 0.641922452056594 0.694471568470764 1.32808550654079 0 0 0 0 0 0 0 0 0 0 0 0 0 0 0 0 0
0.198415117391091 0.743244032889982 1.94295094300208 0.586106199527969 0.44207387217911 0.408951935010972 0.694210929278664 6.73206710171295 1.9135967920032 0 0 0 0 0 0 0 0 0 0 0 0 0 0 0 0
0.0997756939283807 2.17213599788779 0.433289886370362 0.427944078626269 0.805378822399835 1.20193144937737 1.59109466277819 6.96331938365377 0.378448356119276 2.13460931023064 0 0 0 0 0 0 0 0 0 0 0 0 0 0 0
1.38190610275584 0.0162424917176109 0.716382919916786 0.482145278915729 0.672391357490973 1.31671572511671 1.4869105840736 1.20329811753342 3.43698405659959 4.06511914977126 2.24421627247607 0 0 0 0 0 0 0 0 0 0 0 0 0 0
5.47846760555059 0.23852335018906 0.0148283071985801 0.0649472785988227 0.167449343315832 0.300541070516481 1.18242735418573 2.2997381995298 6.56890670681635 4.09967442800312 1.72317796407633 2.32486530882839 0 0 0 0 0 0 0 0 0 0 0 0 0
5.59418184582058 0.432927483293431 1.00254440752933 0.140758678320395 1.09408685093499 0.174630374384432 0.327573806957354 0.120330267834226 2.92247523228103 0.662829406531229 2.11293900571956 9.13556680888354 4.63041835447134 0 0 0 0 0 0 0 0 0 0 0 0
3.50205525023764 0.111334438100099 2.23126038610432 3.47837913279082 0.0594999503771369 1.40236237737007 2.07524534886709 3.08128797692985 6.48356037608017 2.23747754614958 7.50574574866448 6.39237651507989 7.02554089630328 3.69417147129159 0 0 0 0 0 0 0 0 0 0 0
1.76060129663208 1.31826315688962 5.80671686615989 0.601680617787438 1.5014232245155 0.147713505871471 1.06669902104738 4.76177035680928 5.22414618217608 4.04165532767845 1.50529884127355 4.5388680931194 0.826402527278522 2.02322585745105 4.6970573903399 0 0 0 0 0 0 0 0 0 0
0.368627093949337 6.42281741401809 1.30199544625426 0.217574136690723 3.27741971592876 1.05068198955281 1.39935038157047 2.37264386740008 7.67992662389396 1.28342383569022 2.79610840814558 2.20851965729968 1.49176959872348 6.47621774579417 5.17738421942174 2.84546595019949 0 0 0 0 0 0 0 0 0
1.76492873803513 1.58656824157406 2.10321881177349 0.487257673091443 0.601524535003642 0.549538920644556 0.0436891944270609 1.84407721824547 2.56339788537728 0.636624304119566 0.376711010813548 0.66086048123801 2.75427103188183 5.86768175067042 6.30484910776488 2.37054081641305 0.907564101525642 0 0 0 0 0 0 0 0
0.445795549770634 3.02331179989259 0.363499309158613 0.336884491391743 2.11772201262903 0.832186031284855 0.186461317390204 2.77940741436333 2.35247359619698 3.76761041867577 4.78137481115233 3.21010740819981 3.27204320790055 1.8948436300323 1.76675226441787 0.814645737130731 0 0 0 0 0 0 0 0 0
0.0899414324889915 0.100121372998253 0.519121187766345 0.283044994913218 0.301752413071589 0.99593199000941 0.369784752538398 0.805541749843145 1.25313818470241 4.67927625247792 0.379889339504076 0.924463540519642 0.403820153629153 0.537135007140062 0 0 0 0 0 0 0 0 0 0 0
3.05220167160234 0.530200067005632 3.543954222388 0.35371863998258 2.02383546294202 0.249835545764019 1.54752871503555 1.93366655499192 2.35588778491982 3.55119087352492 9.08839285587598 2.62038768413069 0 0 0 0 0 0 0 0 0 0 0 0 0
3.93898892200222 2.70118422037512 0.389831227317815 0.117224627530177 0.616366940671267 1.05636644968579 0.426346217479948 1.27990551939856 2.32636559962941 6.42635678631818 0 0 0 0 0 0 0 0 0 0 0 0 0 0 0
0.998489093575422 0.722202940701193 1.08378954734735 0.565341422955244 0.141874556440916 0.704846696742994 1.14932954872858 0.0180287361401019 0 0 0 0 0 0 0 0 0 0 0 0 0 0 0 0 0
0.604741399520269 2.13051572285649 1.87981787255605 3.02581280600952 0.262615662734005 3.44670991427381 0 0 0 0 0 0 0 0 0 0 0 0 0 0 0 0 0 0 0
1.11100691948977 0.538758652467951 3.15168623336746 0.509186206160255 0 0 0 0 0 0 0 0 0 0 0 0 0 0 0 0 0 0 0 0 0
0.38358819653231 10.4062263119405 0 0 0 0 0 0 0 0 0 0 0 0 0 0 0 0 0 0 0 0 0 0 0
