0.634444914951949 0 0 0 0 0 0 0 0 0 0 0 0 0 0 0 0 0 0 0 0 0 0 0 0
3.03205332451417 16.1071013122558 0 0 0 0 0 0 0 0 0 0 0 0 0 0 0 0 0 0 0 0 0 0 0
2.16960564980501 13.3028341131342 3.11866690127733 0 0 0 0 0 0 0 0 0 0 0 0 0 0 0 0 0 0 0 0 0 0
1.77158991639479 1.63543446349368 4.89442078039513 1.65451107769936 0 0 0 0 0 0 0 0 0 0 0 0 0 0 0 0 0 0 0 0 0
2.08708358908289 2.60174302878 0.777495352724357 1.07962567200244 3.27384124735098 0 0 0 0 0 0 0 0 0 0 0 0 0 0 0 0 0 0 0 0
1.78129487083262 1.58849886929823 1.49768946862137 1.40255663232225 0.518528693061962 3.60129629031656 0 0 0 0 0 0 0 0 0 0 0 0 0 0 0 0 0 0 0
0.241661043476149 2.15703985291033 4.47710999400466 0.153730995519397 0.956997298917843 0.429666299782185 2.04609593483841 0 0 0 0 0 0 0 0 0 0 0 0 0 0 0 0 0 0
0.464674342678216 4.37810837669182 3.73625126454955 1.28276093973498 0.171644789345637 0.0251389008727692 1.15977524894496 0.689318060330349 0 0 0 0 0 0 0 0 0 0 0 0 0 0 0 0 0
0.717762486996958 0.261121020948596 1.36626888552997 4.64825684859168 4.14318230208927 0.647647407965109 4.35178254238471 1.42671909481843 0.64818050926482 0 0 0 0 0 0 0 0 0 0 0 0 0 0 0 0
0.231866484624516 4.63941978225981 2.73684260696577 1.41146158039851 0.0247527822319829 5.59871775843447 3.25261169080329 0.000156902557735063 2.03319454738745 1.37242447960468 0 0 0 0 0 0 0 0 0 0 0 0 0 0 0
0.044302172138272 3.21256038685648 3.72330006530309 1.4637755854876 5.98019181456045 2.55990410066932 1.62027091274501 1.38699817857614 0.378694728318496 0.0285002398430111 3.28650145792787 0 0 0 0 0 0 0 0 0 0 0 0 0 0
0.880702397323742 2.89014299625546 1.23531220673962 1.77152069942974 1.03969348791487 1.53570028557381 0.0110026800809602 2.74112443492838 0.0411831735260288 0.159575635970678 3.4016141330418 0.545180713160783 0 0 0 0 0 0 0 0 0 0 0 0 0
3.36578561905837 2.4008007489214 1.72221036198305 7.03973810821041 0.503835244399602 3.35230529470468 3.78668491824308 1.54908431320922 4.69165416901562 1.01922570178942 4.26980469466759 0.273769530446433 0.506380186314959 0 0 0 0 0 0 0 0 0 0 0 0
4.05433567178931 0.542260156764546 2.99257490499822 1.42288493503036 2.07815063926674 0.807925794563067 0.448123819367942 1.06217043200839 1.30680670442326 3.75621428729043 0.0585623640197331 2.09688241560191 2.36493945500155 7.8624396448437 0 0 0 0 0 0 0 0 0 0 0
1.6091715815957 0.8393774744004 0.876679336406837 1.12447117515953 3.99962096529998 0.644297324164829 1.84259770834541 1.71548959498752 4.55473988969348 1.9324383394389 1.17757607786954 0.943989794866565 1.1940661105902 2.31336719527132 0.0765420694663912 0 0 0 0 0 0 0 0 0 0
0.167112410057534 3.83012707292133 0.374361138074746 2.04349300420061 0.618530803709895 0.446910158862458 1.43818941910836 1.53707151232558 0.35962938412526 0.783983115111653 0.936322875073446 1.30649174310277 1.16507473709667 0.0566869751754607 0.846465915896288 0.141146014569331 0 0 0 0 0 0 0 0 0
0.30822472831154 1.29436727346902 1.40425498677568 1.85520617523454 1.86514164871387 3.36775362157003 1.12246232293193 3.36840535149384 0.242283386872867 1.23057627787909 2.9852255051913 3.86857745400872 8.37652544038113 3.89485058248425 0.0748335735561511 1.80077791140799 1.78424598874966 0 0 0 0 0 0 0 0
4.10040374936284 3.0970549726801 0.284541366415107 2.52301979551172 2.36780725076421 5.40156555251559 1.76135169729122 0.6375347450269 1.93131671765866 4.24321174500113 2.70153007014472 0.897362959248 1.80518793064809 0.373959580839052 3.33503641528776 0.160984259700834 0 0 0 0 0 0 0 0 0
4.14700736873257 0.997105853339269 0.103089099832623 1.65228321924922 7.45294248994044 3.93604378501661 0.186301227495323 1.55050440376506 5.96863707703689 0.000662579676489885 0.128545705307684 0.264031051431443 1.44955861058236 4.78313984119272 0 0 0 0 0 0 0 0 0 0 0
0.169198777211199 0.499688948362264 0.12231302242027 0.173695112764099 1.08361368292201 1.93304699191676 0.68821004281045 3.90802302624713 0.285829247674957 0.620775066989386 0.627740601055445 0.103384585567392 0 0 0 0 0 0 0 0 0 0 0 0 0
5.07150275528028 9.97503845536729 10.2285435138234 4.41432157099231 0.64906859585262 0.77810646994741 6.50306103339041 5.25032238620851 1.38484090060552 0.50375303656676 0 0 0 0 0 0 0 0 0 0 0 0 0 0 0
4.53078396247739 10.4473274123783 6.65404349591673 2.33969455420653 1.05446027933831 3.74433897463149 0.939252521064342 0.256923414269592 0 0 0 0 0 0 0 0 0 0 0 0 0 0 0 0 0
3.90557257678677 0.959225096252977 0.87819130319795 3.92834995954128 1.9643764902681 0.168441259824598 0 0 0 0 0 0 0 0 0 0 0 0 0 0 0 0 0 0 0
0.42481369229053 5.4688842370406 2.65727223435446 7.48687418332664 0 0 0 0 0 0 0 0 0 0 0 0 0 0 0 0 0 0 0 0 0
0.608608348191055 11.5451339303853 0 0 0 0 0 0 0 0 0 0 0 0 0 0 0 0 0 0 0 0 0 0 0
