1.66323178327353 0 0 0 0 0 0 0 0 0 0 0 0 0 0 0 0 0 0 0 0 0 0 0 0
0.11125855307872 5.13547411957911 0 0 0 0 0 0 0 0 0 0 0 0 0 0 0 0 0 0 0 0 0 0 0
2.09740309234372 0.254485930102574 1.0743609475152 0 0 0 0 0 0 0 0 0 0 0 0 0 0 0 0 0 0 0 0 0 0
0.228838188046241 5.09220179874884 2.3258439697165 2.58653369104024 0 0 0 0 0 0 0 0 0 0 0 0 0 0 0 0 0 0 0 0 0
1.82161786452197 1.93599213567007 0.238000264327111 0.133497789653245 3.45361268263847 0 0 0 0 0 0 0 0 0 0 0 0 0 0 0 0 0 0 0 0
3.46949095798508 1.55804848316594 4.05040461879335 2.07535021832346 1.24748070809695 3.48082241490567 0 0 0 0 0 0 0 0 0 0 0 0 0 0 0 0 0 0 0
1.01662051753745 1.45433350429284 0.556685776153023 1.69554419266388 2.01717091623537 0.0770225779334365 5.83729429525337 0 0 0 0 0 0 0 0 0 0 0 0 0 0 0 0 0 0
2.23314740368557 0.972630529136826 1.66185468791567 0.907222808318688 0.491590436163414 4.60621523030982 0.0388339932444551 5.33208248422855 0 0 0 0 0 0 0 0 0 0 0 0 0 0 0 0 0
1.03840698850196 5.22981844930665 0.712520217611745 3.96877264007648 1.78876375744296 1.05556116410888 0.277027392645373 1.71533388917449 2.18065551080818 0 0 0 0 0 0 0 0 0 0 0 0 0 0 0 0
0.339245571067473 0.0203311826365636 1.66668740898251 3.21102978275671 0.82827884961653 2.51580266752605 1.41806878088033 0.87344749311116 3.16479895323605 0.530190100504251 0 0 0 0 0 0 0 0 0 0 0 0 0 0 0
1.5569005434016 2.71022653679343 4.13870026042955 1.2686572549038 1.8276616885575 1.81181272045933 3.79319323641944 2.93076865366202 4.23527717542467 4.66036749380958 5.02963801900916 0 0 0 0 0 0 0 0 0 0 0 0 0 0
0.277581524917364 0.188202910644224 0.0570844629082644 0.73561588620407 0.865254071834458 0.0689859999938194 0.235792148806465 8.69009839765592 0.330477020183737 0.0773465854223811 0.869999932073105 1.04133111659138 0 0 0 0 0 0 0 0 0 0 0 0 0
0.0787173601013735 0.496209173640709 2.10677626540439 0.800933498336317 0.628869518534169 3.49964718502306 1.75527185922516 3.64845658403882 2.78263795354646 1.09469425837773 3.02197215437727 0.0398897173360669 0.206822748066066 0 0 0 0 0 0 0 0 0 0 0 0
0.595462740939566 1.83921755933135 2.75258965303516 1.78802122162732 4.88773138492351 1.79098118623901 0.582239221700694 2.75997305424271 1.04173206152226 2.32251602711021 0.799692580144433 1.99632901342658 2.61302674683698 11.3714869914488 0 0 0 0 0 0 0 0 0 0 0
2.4729565302145 3.86936924585028 1.59419314016239 2.60659252735383 0.846280326357186 0.271714221004682 0.327943558277506 0.130307772499965 5.4103955467801 7.16938365754175 0.0833621266630211 0.667035525194035 1.96110543763466 2.54471061939536 1.62064308067838 0 0 0 0 0 0 0 0 0 0
2.41257550614968 1.55805175632912 2.57008189523362 2.80000786875602 2.61813894022416 2.83048804100712 4.00324997159754 2.86852503154415 1.49590578519291 0.61271262359533 0.196674166325096 1.83494075859181 1.35471527702526 0.642343488621889 1.25846001746737 0.585061735165744 0 0 0 0 0 0 0 0 0
2.43504556843837 6.21615933660288 1.00548702266217 0.489735955709206 0.223281085773254 0.0994127871486874 1.15346042359521 2.94752845552797 0.17803276437089 0.864811570966238 0.59127898745515 5.90346772126191 2.59182404220831 0.335789520834754 0.354294050630946 0.512180563018206 5.67851445984329 0 0 0 0 0 0 0 0
2.85213701169612 0.972355618616587 0.787060166487957 1.70057151302909 0.750492408526494 0.936969704753395 1.54619677973979 0.223065933406917 4.96336170196235 3.18887798974419 0.261177802763202 0.153860578795266 2.17779068394064 1.57578001587134 1.29702551132245 1.33939228760188 0 0 0 0 0 0 0 0 0
1.2139461029761 1.16046299769589 1.39044117540267 5.22652034567482 0.123391166805421 0.768681202638673 1.64779612751403 0.393081427612392 0.703780675858581 0.908955483600213 5.35710641378026 5.93196954713374 3.09851358294756 2.13562935271736 0 0 0 0 0 0 0 0 0 0 0
0.866957087832651 2.26006788249689 6.40111538684109 0.994239784370771 1.75385180296861 4.49849226693827 3.46580808404566 3.76016739837975 0.879400312073037 0.422088527327486 4.47715202210093 0.414201903839883 0 0 0 0 0 0 0 0 0 0 0 0 0
0.682045394567382 0.9508431012989 0.694657971585521 1.01251621652077 0.560439092950676 0.0181814675922571 0.635325507014295 0.74420160557622 1.06745794216629 1.60511348032018 0 0 0 0 0 0 0 0 0 0 0 0 0 0 0
1.17244831495448 1.60053225667532 1.86205830887682 2.39835015505199 4.23524400324761 0.525137698188708 4.97458973638326 4.63984687950035 0 0 0 0 0 0 0 0 0 0 0 0 0 0 0 0 0
2.48001573269505 2.26679402919425 0.20427077147797 1.90044551722893 0.449878511789287 1.50295162319722 0 0 0 0 0 0 0 0 0 0 0 0 0 0 0 0 0 0 0
1.49788047207108 0.0717725832724016 1.01838691470241 2.08612678161792 0 0 0 0 0 0 0 0 0 0 0 0 0 0 0 0 0 0 0 0 0
1.44791474932424 0.380134276756565 0 0 0 0 0 0 0 0 0 0 0 0 0 0 0 0 0 0 0 0 0 0 0
