0.205398805909076 0 0 0 0 0 0 0 0 0 0 0 0 0 0 0 0 0 0 0 0 0 0 0 0
5.74114840192804 13.7027536515705 0 0 0 0 0 0 0 0 0 0 0 0 0 0 0 0 0 0 0 0 0 0 0
4.30296650507584 18.576057923671 10.7403641699979 0 0 0 0 0 0 0 0 0 0 0 0 0 0 0 0 0 0 0 0 0 0
5.41701361411123 10.3712575520831 1.129035221377 10.0307258227483 0 0 0 0 0 0 0 0 0 0 0 0 0 0 0 0 0 0 0 0 0
0.444362797735586 1.10381739350709 4.89888637034761 4.97453514630054 2.57599163419737 0 0 0 0 0 0 0 0 0 0 0 0 0 0 0 0 0 0 0 0
0.171025044032906 5.05737191186615 6.11460004246117 9.25372554674437 2.89257853306834 3.88523176668339 0 0 0 0 0 0 0 0 0 0 0 0 0 0 0 0 0 0 0
2.80817498141336 10.906367376042 7.55555974778613 6.03982385362827 4.24786723478565 0.92959694482368 0.895324548727437 0 0 0 0 0 0 0 0 0 0 0 0 0 0 0 0 0 0
4.97047239787322 11.4780299020497 5.44152423145465 7.49654229157652 0.909280847765433 0.245927153869223 0.135371006386223 0.373359927267677 0 0 0 0 0 0 0 0 0 0 0 0 0 0 0 0 0
2.91971120235854 4.23588723787164 7.47137139646708 0.790702963774003 0.650857157847265 0.64752080802327 1.08553483341324 1.58459890960232 0.638000906851417 0 0 0 0 0 0 0 0 0 0 0 0 0 0 0 0
2.27507993486247 7.65705317366298 3.15345999866912 1.22569093644609 0.896207254220005 0.33486742287589 1.17274307255293 1.29403868795272 7.15913144527166 3.74320068781958 0 0 0 0 0 0 0 0 0 0 0 0 0 0 0
1.6481292956837 1.19141940602076 3.96127937639426 1.56575722361016 0.5301665992446 5.52244029235973 3.91936141439878 4.20063960440811 0.820397324890554 4.48056024988162 4.65657673669419 0 0 0 0 0 0 0 0 0 0 0 0 0 0
1.47375826930604 0.520807393267502 0.044107584494472 1.49432490418205 0.340076850475359 0.567819728691018 7.63106598245865 6.01538176288126 6.10064031846771 1.76639620052661 0.917983821033276 2.58591031163542 0 0 0 0 0 0 0 0 0 0 0 0 0
1.5403250506981 3.49262036053409 0.598481303767758 2.6137079806642 5.59420092082034 0.996241111759656 0.971415168308669 1.72154171505317 1.73462819894789 0.4975251026948 2.29804696644152 1.98061042645543 8.12224511822194 0 0 0 0 0 0 0 0 0 0 0 0
0.570215622966515 2.08594760212617 6.57057336529972 3.23347714508352 0.230660613993616 4.67125182195129 5.10455106564427 0.429544690922347 0.981797534187216 0.450685398630049 2.76829905356956 0.0872178143896728 1.1848481403161 1.59833198708147 0 0 0 0 0 0 0 0 0 0 0
1.06117763460964 3.04620595479349 2.10771946375105 1.3480329102864 0.649327554617215 2.93752760125007 2.12188692385813 1.09013288362369 1.45579641332826 3.52432477880257 3.45871662322632 0.122588595334292 5.26692980942176 0.402915930736574 0.424422379814078 0 0 0 0 0 0 0 0 0 0
0.951252972768543 1.58366075340944 2.19285664339503 1.26494721066574 3.17114734048574 0.858061979458802 4.50459710340605 1.46978249929835 0.303372642589407 0.906970656247778 2.05921666657241 2.36904925039225 2.87564733963726 2.08809914810318 3.53572331319159 0.0215977234457807 0 0 0 0 0 0 0 0 0
0.145757721608938 1.48299898504485 3.18967569352762 4.96488424365441 2.14841305230476 0.0520852318960463 1.55167486302866 1.97972066372985 0.716852949969699 0.582396417497223 0.172242418281718 1.62163093517738 2.32040306155466 5.98575280531161 0.252619652348181 1.17585192240625 1.09689012077093 0 0 0 0 0 0 0 0
0.548279578592293 3.23147224134736 3.30969361523711 0.721702437828037 0.255468119251579 1.6789996807314 1.46125938085269 0.0322341740632805 0.402611275711846 1.27880779676029 3.671898818024 3.24796051871617 2.48935776746681 0.318012669263542 0.334898079220112 0.722773323613415 0 0 0 0 0 0 0 0 0
3.68287013695782 9.93730545151232 4.20807173073366 1.4306038945307 0.377386154811662 0.910309068195187 2.00048248838709 0.697232514932336 2.08010508101331 0.0210137124686903 1.61478820582765 5.26582884556635 3.98858672860529 0.305389854396643 0 0 0 0 0 0 0 0 0 0 0
5.05873892159984 4.95320338782402 3.34805152796179 2.07597495750835 0.246182300959906 6.08687219853915 1.41423832862656 2.87322087133149 0.0928577939111667 3.96349012323465 1.85384123409287 1.49329208208331 0 0 0 0 0 0 0 0 0 0 0 0 0
0.719566043450916 0.422034149205427 1.62940695548623 4.00570238457455 0.351068468514768 0.806254322449405 4.24435923129537 0.55560775089773 0.773421623200241 0.860296007978553 0 0 0 0 0 0 0 0 0 0 0 0 0 0 0
0.991585389342728 1.5375662609315 1.97991265558827 1.51338185006653 0.504153228361924 0.717062303432795 3.35882172673826 3.54711464945072 0 0 0 0 0 0 0 0 0 0 0 0 0 0 0 0 0
0.226837952878547 3.15114783716823 2.9597383060169 0.298624710672068 3.5011899963863 2.5838869392231 0 0 0 0 0 0 0 0 0 0 0 0 0 0 0 0 0 0 0
1.92532616468396 2.19735764775707 1.20825361871815 1.09114361852355 0 0 0 0 0 0 0 0 0 0 0 0 0 0 0 0 0 0 0 0 0
1.50913700589317 0.113260856587083 0 0 0 0 0 0 0 0 0 0 0 0 0 0 0 0 0 0 0 0 0 0 0
