0.0782558020343845 0 0 0 0 0 0 0 0 0 0 0 0 0 0 0 0 0 0 0 0 0 0 0 0
6.21299076986698 10.1982362970594 0 0 0 0 0 0 0 0 0 0 0 0 0 0 0 0 0 0 0 0 0 0 0
5.60957969459923 17.2153857809053 12.5520252585628 0 0 0 0 0 0 0 0 0 0 0 0 0 0 0 0 0 0 0 0 0 0
6.80234377877791 12.6040036355467 9.40379729172796 4.26953158315791 0 0 0 0 0 0 0 0 0 0 0 0 0 0 0 0 0 0 0 0 0
2.74969499744375 5.51611359249686 3.48146905027016 1.05564090070449 4.28473322937622 0 0 0 0 0 0 0 0 0 0 0 0 0 0 0 0 0 0 0 0
6.22019408683167 12.9395535775412 6.72748559277243 4.03929640862173 0.200904966790336 6.76643293510086 0 0 0 0 0 0 0 0 0 0 0 0 0 0 0 0 0 0 0
4.31106328346033 4.18364105980017 3.07751025030111 0.78950874221975 7.33775006547372 5.17931145007575 7.74067598248086 0 0 0 0 0 0 0 0 0 0 0 0 0 0 0 0 0 0
0.930531232819391 5.44513030110341 2.6706037086143 2.61568477606975 0.610718412996122 3.19410413519284 2.20052695693951 3.1982800749851 0 0 0 0 0 0 0 0 0 0 0 0 0 0 0 0 0
0.562988005582167 3.60577464282366 5.52248921540857 4.26631266630003 2.17993222784103 2.93167233103177 6.32723602803416 9.40048499191476 1.16640450969374 0 0 0 0 0 0 0 0 0 0 0 0 0 0 0 0
1.34341185935413 1.38447292307415 0.500508129514477 0.787613101860453 4.72169885570857 2.73660491913183 1.20007307328617 1.61609212402255 3.84086214525951 0.929581473481657 0 0 0 0 0 0 0 0 0 0 0 0 0 0 0
4.76870297307391 8.1594956653253 11.4013805206225 2.83657424389897 7.80577522790506 3.16548932028665 9.89490469903981 1.49405918084995 0.0991066989857808 0.218256100212851 2.53877622234449 0 0 0 0 0 0 0 0 0 0 0 0 0 0
5.55658390554755 10.2397997431821 2.66546805837067 6.68085574761532 0.205638845103071 6.75218614915846 4.14443560599312 1.91672587122393 0.713393141995776 4.46047780302286 8.07827206750297 7.57081717854025 0 0 0 0 0 0 0 0 0 0 0 0 0
3.78570949960715 2.84372155790877 5.32884572562438 0.970890334640161 7.03149038173433 1.93897734426813 1.77767461801374 0.216694885987164 1.53590704536561 2.78124042588191 5.6651286079367 3.38950472243909 1.24119197283046 0 0 0 0 0 0 0 0 0 0 0 0
2.02573842740075 9.12454223414292 1.97811126556185 7.15234751531822 3.31534434641755 2.55142982189931 1.72889294113321 1.67454108404701 2.56627248594033 3.17934713214219 6.12592037044781 1.58267182106533 2.17490898279557 0.540378707138973 0 0 0 0 0 0 0 0 0 0 0
6.13302610668131 2.82311240630507 9.35890144875395 6.05471421310982 0.409514513893909 1.76598020725861 2.1345907553891 0.772621336445752 5.46165962077886 0.962173485251571 2.01716879438921 0.235201267337637 0.442198606378682 2.15568917712322 0.639566212075415 0 0 0 0 0 0 0 0 0 0
0.501398554897296 9.63109755828027 2.96864115525824 0.300793181697491 5.44798922812437 2.03905070013117 1.81780020046847 0.331100569835059 0.387855155183006 3.96796655875793 2.83398632583646 1.17257675327646 2.9858232948542 5.85250479313013 1.53593609381661 1.99508042036313 0 0 0 0 0 0 0 0 0
0.529411316853608 0.0557016490610105 0.279956940314873 1.74220347051686 2.48717423210806 0.0997482066697584 5.68846161945573 1.1230546715305 0.950889767203802 2.12287079779149 8.59157728766105 2.44079489759066 1.18094800413617 0.32729366786379 0.080145039488878 2.20909004222411 1.53304122324764 0 0 0 0 0 0 0 0
1.41162665841059 5.91218913148497 0.790138271707329 5.57384611552719 2.4356386891299 0.752810022417041 4.21101267405024 0.535987468553245 0.664252587774771 9.17691086764417 5.33271711174262 0.283739933572813 1.80268004445665 0.0314264548941163 3.09294963174034 10.6871660130417 0 0 0 0 0 0 0 0 0
0.626468606576695 1.61863930013446 6.89308992816817 4.22213454329049 2.86791897416108 4.28786587999397 0.0907392768334858 1.23464430525141 4.51106708669279 3.12969651175352 5.6714760014433 0.719163669408659 0.520226049434006 7.58917248334132 0 0 0 0 0 0 0 0 0 0 0
3.04993216586402 0.904756650209364 0.128652684414196 1.62950944210908 1.9143189636743 0.124466510964953 0.286544455723638 0.572645302288665 0.793474193272245 4.12242596006324 4.6102865146787 0.169489591130676 0 0 0 0 0 0 0 0 0 0 0 0 0
0.641693306681584 2.25122453539148 1.54650668966364 0.623997224909754 0.123442843731875 0.109123170119575 0.220536720625638 1.51313966738479 0.904570948744053 0.491211178476493 0 0 0 0 0 0 0 0 0 0 0 0 0 0 0
1.31628138203732 3.67615820934029 3.97374983864745 0.0177576719390706 2.61009902677031 0.34182191982789 0.414497913745956 2.64414502273521 0 0 0 0 0 0 0 0 0 0 0 0 0 0 0 0 0
3.5124648107337 4.0969001821946 1.76158409682957 3.14589713154535 4.70007063192566 6.00643232551686 0 0 0 0 0 0 0 0 0 0 0 0 0 0 0 0 0 0 0
3.17080008766307 2.61697614794472 2.24585535566048 11.6900362938186 0 0 0 0 0 0 0 0 0 0 0 0 0 0 0 0 0 0 0 0 0
0.254600205723967 4.59657739095559 0 0 0 0 0 0 0 0 0 0 0 0 0 0 0 0 0 0 0 0 0 0 0
