0.148663470680866 0 0 0 0 0 0 0 0 0 0 0 0 0 0 0 0 0 0 0 0 0 0 0 0
6.41747351494934 12.3345954326508 0 0 0 0 0 0 0 0 0 0 0 0 0 0 0 0 0 0 0 0 0 0 0
5.26166128333514 18.017272704175 12.9512413619975 0 0 0 0 0 0 0 0 0 0 0 0 0 0 0 0 0 0 0 0 0 0
6.78529973583344 14.6636292915968 9.79381318387267 5.27998410587863 0 0 0 0 0 0 0 0 0 0 0 0 0 0 0 0 0 0 0 0 0
3.33424435118204 6.76263652659184 5.13469513086225 8.74268212123774 3.61668784056816 0 0 0 0 0 0 0 0 0 0 0 0 0 0 0 0 0 0 0 0
5.95611423568807 12.9466654658962 10.9799999818465 9.27080275084577 5.15731843004455 2.42380002494843 0 0 0 0 0 0 0 0 0 0 0 0 0 0 0 0 0 0 0
3.36420389456173 9.20149628057954 6.6299987953406 3.33489539650365 1.69070299285614 0.379984355768794 4.27654734182201 0 0 0 0 0 0 0 0 0 0 0 0 0 0 0 0 0 0
7.1897974945672 6.83402084150761 7.44647998402613 6.94394345771029 0.0858223936178577 5.57238772788691 0.383856297980644 2.35903662983862 0 0 0 0 0 0 0 0 0 0 0 0 0 0 0 0 0
2.00786105735775 8.01647578980718 5.78626477235235 1.22857237235924 1.37303970919959 0.891944944615298 4.61523350955241 3.04241225741464 2.73206058473404 0 0 0 0 0 0 0 0 0 0 0 0 0 0 0 0
4.17068285233307 2.09423366181768 3.30262510895496 8.03970857137705 1.04584998452577 5.54968410482097 6.95239376592486 1.35106738824386 0.0170659471528208 0.618669723525268 0 0 0 0 0 0 0 0 0 0 0 0 0 0 0
1.5820444284792 2.5571141239617 0.389911933084661 1.01426242384381 0.969948588125146 0.584256041591984 1.98475474383152 1.07484001157538 4.25785467539852 4.06207142627261 0.0264149561313486 0 0 0 0 0 0 0 0 0 0 0 0 0 0
1.85992885011037 2.60458003827634 3.26472203380643 1.4863007753634 0.632533723551007 0.584011614709809 0.641661566018024 1.9194544045766 4.61422205752319 3.519359500643 3.09477998012816 1.29849164619936 0 0 0 0 0 0 0 0 0 0 0 0 0
1.12061526322482 4.46900968739284 5.84866892044589 3.94581880716516 0.846111518192967 2.42174326835219 3.53490866185782 2.39492976497827 1.22295399564339 0.469902061278597 2.69561188969954 6.83646505925551 4.17004282782472 0 0 0 0 0 0 0 0 0 0 0 0
4.15810618529555 5.07610546619088 11.3784989540249 7.73522925990115 0.220562178957277 5.64065861737168 1.58473212740359 0.663831486783917 0.791015513879436 1.24458732006768 6.39899947983534 3.35639177827843 2.3927233507925 0.559620306267947 0 0 0 0 0 0 0 0 0 0 0
2.65789406210588 3.55623081231361 7.79756414569117 2.83102634299583 1.77500721231989 2.32638188723 3.01714375252924 0.424123738731891 1.48111839535285 0.484448466016296 3.24973296595691 5.43241918599877 7.30040294432696 0.134367654310441 0.729845483362401 0 0 0 0 0 0 0 0 0 0
5.07388019819995 12.5800662644268 2.88335544305162 10.7392652838242 1.11670794729753 2.20667926008741 8.05478669232398 1.01421763918331 0.38233378832556 2.55949010766807 2.31456962721785 7.90322487045925 2.31130042463839 0.63320595358368 3.28978491219759 2.50011618838331 0 0 0 0 0 0 0 0 0
6.07429178057619 3.79662760404958 8.96510282724613 2.57211670769965 0.746748921283451 3.05340130285339 1.74148265901234 0.445948169109585 3.35835082986064 2.0456725151204 3.55420366988581 4.89744515556972 3.35568405130478 2.42973737244087 4.63137107564768 4.79354941459381 5.35640841640516 0 0 0 0 0 0 0 0
1.16515725818614 8.85529296680235 6.77387204023969 2.40020372850065 4.62129734554058 2.22194851151953 3.33892250882667 1.25804673006611 0.446732150130965 2.36111758987933 3.70420564552685 2.40667897563604 3.75019604329701 6.22751913857483 1.41561847271704 7.56075346827844 0 0 0 0 0 0 0 0 0
2.41190191618277 3.19663463953608 1.19043327954177 4.95141172366674 2.24802655275406 0.684726322282675 1.35417634114047 0.630002414634409 0.915182858439733 0.318095055061704 0.530202866959251 4.5830402888742 2.89293874795372 0.779599317373124 0 0 0 0 0 0 0 0 0 0 0
4.11416001536803 2.82924315317802 9.46243905603188 5.5612670289262 1.58029888505874 3.76803592471566 6.39289463362588 1.23276941655975 0.701278120860792 0.199136547618278 1.08489619531646 2.13043304385781 0 0 0 0 0 0 0 0 0 0 0 0 0
0.618173594055206 5.45921375557945 1.63912649968259 2.12247385921476 0.443310717862953 5.19040634499586 2.13643211785708 2.49058932825302 0.053061710495289 2.61716491026199 0 0 0 0 0 0 0 0 0 0 0 0 0 0 0
3.23380047977741 1.19541385503924 1.65477118881687 1.52427706472754 1.80806684927265 0.940245985376881 6.05798601688584 0.599774979317806 0 0 0 0 0 0 0 0 0 0 0 0 0 0 0 0 0
2.84169732821295 7.30278119845324 6.04043947889872 6.46094543020208 1.47244344375284 8.45207066793626 0 0 0 0 0 0 0 0 0 0 0 0 0 0 0 0 0 0 0
1.88273227008585 7.89844718878474 7.54045850742783 3.37260177156719 0 0 0 0 0 0 0 0 0 0 0 0 0 0 0 0 0 0 0 0 0
0.875772610766957 6.81799076841209 0 0 0 0 0 0 0 0 0 0 0 0 0 0 0 0 0 0 0 0 0 0 0
