0.566834597409821 0 0 0 0 0 0 0 0 0 0 0 0 0 0 0 0 0 0 0 0 0 0 0 0
2.15155733586518 16.9219795108849 0 0 0 0 0 0 0 0 0 0 0 0 0 0 0 0 0 0 0 0 0 0 0
2.84427957561307 15.1416979115881 1.64082651462683 0 0 0 0 0 0 0 0 0 0 0 0 0 0 0 0 0 0 0 0 0 0
1.73450172197841 1.14486077228644 2.49560350596796 8.68451935659682 0 0 0 0 0 0 0 0 0 0 0 0 0 0 0 0 0 0 0 0 0
2.44182120522786 1.27730211122154 4.82872673418495 1.17189291027312 2.20018820966885 0 0 0 0 0 0 0 0 0 0 0 0 0 0 0 0 0 0 0 0
4.81975607483241 6.52740772832002 1.15752013674777 2.87322313997085 1.66304364892613 0.027828654525399 0 0 0 0 0 0 0 0 0 0 0 0 0 0 0 0 0 0 0
2.81167340518978 1.28830927238926 0.391154727022353 0.239254507136028 1.71609164981783 4.28895945217216 4.13248486550011 0 0 0 0 0 0 0 0 0 0 0 0 0 0 0 0 0 0
1.11070113328798 2.83724267572341 1.99587670744046 1.98857022338275 4.1692210954809 6.50543942092374 1.7074830199227 0.00117601193421202 0 0 0 0 0 0 0 0 0 0 0 0 0 0 0 0 0
0.679344479416065 0.540902781542776 0.274311658940647 3.74690872575157 6.55376487108212 1.32233314218088 2.37405366959358 0.40975087169253 2.0917129530248 0 0 0 0 0 0 0 0 0 0 0 0 0 0 0 0
0.603814181304363 2.82590598689386 0.486798463653339 1.93934795451181 2.69480173497045 1.32616542765574 0.335097255378429 0.00152636142576638 2.55454061461524 2.62435589350491 0 0 0 0 0 0 0 0 0 0 0 0 0 0 0
2.60035934746056 1.59671094756708 4.93885736126774 1.00395654943464 2.53099586684421 1.22451330524625 2.35492348959682 1.88250980479961 0.645605326963992 0.981921832543701 0.262627202903433 0 0 0 0 0 0 0 0 0 0 0 0 0 0
0.591348357078343 2.06080754477003 0.511114128995097 0.211675604253668 0.628985632690419 1.61851537664664 1.04378697454556 1.36785733076283 1.83167033918305 4.35243460785753 2.31444661010775 3.44642390207138 0 0 0 0 0 0 0 0 0 0 0 0 0
5.38062576376195 1.21658573455821 0.185107199234979 1.1751389121829 10.7976543911436 0.35799106477635 0.401497522402316 0.935524048144441 4.07617671044313 0.134219079403716 4.65972819067811 0.178098994404647 1.66439075077255 0 0 0 0 0 0 0 0 0 0 0 0
1.28397798938755 1.08969594191458 1.48043690876872 3.47596115729248 0.729172228339166 0.321270684953626 7.0555463884065 1.62958161429781 1.21835723411495 0.827438397811417 0.761564362208001 1.81368552508562 0.349782709428202 1.11505490703939 0 0 0 0 0 0 0 0 0 0 0
0.716658366906328 1.3789339729428 1.03607928823566 3.74050411627494 0.499411468302444 1.2887052860301 5.47802898076891 1.24672499215286 2.55743371677991 1.99076655988319 0.28173949928031 0.386287613726637 1.27639706698825 3.31837510587002 3.9627003943776 0 0 0 0 0 0 0 0 0 0
0.22293065446944 4.58897225123398 0.118537067815173 0.221634027107253 1.84465916393738 0.636251415946585 0.654526856103777 1.51379352557502 0.319048101213407 6.6169849241452 1.04994354237559 3.98906922855261 0.821716251382896 0.74678117999975 2.7046515638539 0.492402748396616 0 0 0 0 0 0 0 0 0
1.07077836810198 2.20786303648161 0.408338459624869 0.395296616042505 1.06744382289154 1.02374522311062 1.5245648171548 0.280583864676864 1.02326381450274 0.801423572629326 1.42945025584647 0.0623396114836329 0.8462954843961 1.12803425918927 0.0599204112979922 1.46878977674981 0.453320992367772 0 0 0 0 0 0 0 0
3.07582361687763 1.66269310065413 0.0139671170855657 0.796581172148404 0.973423527885448 0.0412811542184714 0.697954833046094 0.100086444886772 0.00317344603131521 0.378016134239271 4.55329141518023 0.828294976023339 6.17673108491659 4.20623304050215 2.44152304259607 1.23829792873074 0 0 0 0 0 0 0 0 0
1.55365881075055 1.10053525590621 4.56052412826138 0.182880638960511 0.0412492504200242 3.32101846464431 0.421490709167971 7.54969034614889 0.266394022030157 5.52144320834984 5.04852350396694 1.30916365817114 0.863692274974163 1.26908792308266 0 0 0 0 0 0 0 0 0 0 0
2.33940010388174 2.41929254482392 0.00722062119514523 0.364883721901181 0.621787972473286 0.945024982419592 1.2380161438955 0.303751574924073 1.23724988208587 0.356901140555362 0.28089578456261 0.764820323628288 0 0 0 0 0 0 0 0 0 0 0 0 0
3.19932767138431 1.2020194510456 3.32078303107991 1.40546411682508 0.732362593163547 0.786203200058531 0.037752278852514 2.56355789473485 3.66710731007234 3.30985502161165 0 0 0 0 0 0 0 0 0 0 0 0 0 0 0
2.18295085398206 4.36738578429855 0.652720676254437 2.08308732441414 1.99663076556939 0.241779737467108 0.00735361878164325 2.39675018867048 0 0 0 0 0 0 0 0 0 0 0 0 0 0 0 0 0
3.94428360505704 0.914373763297706 4.29610452542518 0.546135717257029 3.69157100963877 1.47846296991305 0 0 0 0 0 0 0 0 0 0 0 0 0 0 0 0 0 0 0
0.166529160024849 2.31624432804321 7.62780002930356 0.887895122144107 0 0 0 0 0 0 0 0 0 0 0 0 0 0 0 0 0 0 0 0 0
1.95442042702096 10.5238660439502 0 0 0 0 0 0 0 0 0 0 0 0 0 0 0 0 0 0 0 0 0 0 0
