0.038885434669566 0 0 0 0 0 0 0 0 0 0 0 0 0 0 0 0 0 0 0 0 0 0 0 0
6.80887667621256 5.06456671689409 0 0 0 0 0 0 0 0 0 0 0 0 0 0 0 0 0 0 0 0 0 0 0
0.0958884484522419 0.124619865156814 6.33274781519816 0 0 0 0 0 0 0 0 0 0 0 0 0 0 0 0 0 0 0 0 0 0
6.36151058196978 0.341745670373385 3.19786743177203 0.322811063107525 0 0 0 0 0 0 0 0 0 0 0 0 0 0 0 0 0 0 0 0 0
8.77820692441505 1.46793437318372 0.0865799241733878 0.309923209235947 1.55206972946362 0 0 0 0 0 0 0 0 0 0 0 0 0 0 0 0 0 0 0 0
0.852194830573873 1.45567032791144 9.95749096495332 3.04570815875361 2.32933190710282 0.547921243784754 0 0 0 0 0 0 0 0 0 0 0 0 0 0 0 0 0 0 0
0.0283468382866019 5.37104617739874 7.67673941334249 2.2994635503145 3.16936862391341 0.373673343053739 1.80549066677602 0 0 0 0 0 0 0 0 0 0 0 0 0 0 0 0 0 0
1.34766355460274 5.09301092741833 4.51800389186251 0.758042894785876 3.29082179496128 0.943428392269184 0.139388514505566 0.978281082179632 0 0 0 0 0 0 0 0 0 0 0 0 0 0 0 0 0
0.775834535175871 0.846101389259488 0.803793788444734 1.99031372277197 3.43166987897139 0.16080764183953 1.42154842800494 0.524270288826219 0.0397832251700906 0 0 0 0 0 0 0 0 0 0 0 0 0 0 0 0
2.18356125361518 2.1516362982243 0.431684196236635 0.212935502793914 0.459930914701423 0.62119825053045 2.55940095742006 0.368835682755069 2.29183606055235 2.19674507084338 0 0 0 0 0 0 0 0 0 0 0 0 0 0 0
0.0933303610332386 6.4908683169695 1.86778322846996 2.8787352865236 3.68839334984398 3.63806776787254 0.111205782644678 3.11033208746776 0.366703092444683 2.04534253634755 6.45615518734623 0 0 0 0 0 0 0 0 0 0 0 0 0 0
1.10232897414318 1.7638845972349 6.2321927136645 1.08084882483772 1.90303647339499 0.840286641446158 4.27076232747874 1.05286249994095 2.22658669427487 4.98353841653248 0.72824308028823 1.0524830670904 0 0 0 0 0 0 0 0 0 0 0 0 0
2.82316157263634 7.66369427186334 2.70775268970515 1.66379091370169 0.235641481915431 1.83025858181283 0.103675004123017 7.3502539493143 3.89533925005716 2.22413505348576 0.835277579326033 0.457129480422064 1.39172139662196 0 0 0 0 0 0 0 0 0 0 0 0
1.19916556090972 4.7077072044051 4.43409534453451 1.73350042275051 0.678482232763326 0.458373360038266 0.719441230640433 0.689624876931581 2.39003408173416 2.20435055137574 1.11832065048794 1.4425369376584 1.46430526083552 0.368944732134016 0 0 0 0 0 0 0 0 0 0 0
1.23967985444685 1.93041512814205 0.35002701953179 2.27040891728423 1.90986815644609 2.79293388101443 5.52120798621368 4.5429433447864 1.06742254566547 1.56903995740518 1.45577552565941 0.104910825939486 0.374684414004532 0.142193317316823 3.27063591310735 0 0 0 0 0 0 0 0 0 0
2.66677184794622 0.150071457737304 0.142048473917626 1.71927930826274 1.06791703821101 0.627498998350299 0.0114961577401074 4.25318220627432 0.981875910833101 0.679182045893323 0.134701502359581 4.82690406760201 0.466890547212907 8.17996106065572 3.83480972215589 0.445966004861764 0 0 0 0 0 0 0 0 0
0.244871161013558 0.469016093748501 0.0326186356607261 2.11270185319337 6.38853629538224 0.202505454171439 3.50767092114206 1.2681799219457 4.5558158628472 2.04401873803519 1.01065476638353 0.0209640078256213 1.00265021648841 0.700783502592519 3.85448626797678 1.2696579080135 8.03109504656274 0 0 0 0 0 0 0 0
0.0216910125762037 2.61061175649718 3.14576201033374 3.58366324997571 1.55425944733597 0.359669939485646 0.828380082938062 4.07960513374569 0.838080878062813 0.484703242421627 0.442854565897337 0.124932444044703 1.3358232422411 2.36133068667776 1.28282505028895 0.351754417801162 0 0 0 0 0 0 0 0 0
0.36204542466358 1.36216281910778 4.6993203060386 1.19975992265872 0.612360557528489 1.79058475871689 4.87515395679864 1.22909205351516 1.71622957258307 1.99046109781009 0.0527664164614485 0.277830258060993 1.66202757579489 0.045011718700185 0 0 0 0 0 0 0 0 0 0 0
0.0573157964255906 0.781407527016938 3.60249896942815 1.23086377500807 0.248722163456195 2.31127361988927 0.0321324094292257 1.05416610045692 1.60191716107653 0.537217963729448 0.501137804711762 0.522064897343053 0 0 0 0 0 0 0 0 0 0 0 0 0
5.69499742510908 1.41428085716574 3.19645033794533 0.34247255629832 0.533799323036392 2.25929147469403 1.77189128011312 2.47004534615849 4.27212215690148 1.48669225042229 0 0 0 0 0 0 0 0 0 0 0 0 0 0 0
0.925940588203887 1.43262657007999 1.65741015402481 0.185020854534899 0.691030556626789 0.221280915916871 1.3344168143066 2.86804919739345 0 0 0 0 0 0 0 0 0 0 0 0 0 0 0 0 0
1.57099749423282 1.07409568560717 3.21047110959244 2.12018880625257 2.68160707433365 7.88797658612073 0 0 0 0 0 0 0 0 0 0 0 0 0 0 0 0 0 0 0
0.50718297285764 0.1803895418759 7.5836946819268 5.74628009912698 0 0 0 0 0 0 0 0 0 0 0 0 0 0 0 0 0 0 0 0 0
5.86869113640368 0.303854152431255 0 0 0 0 0 0 0 0 0 0 0 0 0 0 0 0 0 0 0 0 0 0 0
