0.479961177623027 0 0 0 0 0 0 0 0 0 0 0 0 0 0 0 0 0 0 0 0 0 0 0 0
2.58328702864819 14.8099160373976 0 0 0 0 0 0 0 0 0 0 0 0 0 0 0 0 0 0 0 0 0 0 0
0.874298674159324 1.10252012618758 8.50057795621531 0 0 0 0 0 0 0 0 0 0 0 0 0 0 0 0 0 0 0 0 0 0
2.20556568251546 5.0083621384792 1.25407794840894 0.654016848105529 0 0 0 0 0 0 0 0 0 0 0 0 0 0 0 0 0 0 0 0 0
4.1957547066446 2.54643813018178 0.908475652714508 0.43742424321857 4.4084113771348 0 0 0 0 0 0 0 0 0 0 0 0 0 0 0 0 0 0 0 0
4.57586311498046 11.4613377780518 4.99768035656802 0.415442740946329 5.06645348491484 2.88687587852494 0 0 0 0 0 0 0 0 0 0 0 0 0 0 0 0 0 0 0
2.76164303190005 7.40306475726773 4.84626021032235 0.168961855876341 1.94579046511176 2.13804575042517 0.106774350319522 0 0 0 0 0 0 0 0 0 0 0 0 0 0 0 0 0 0
5.0084586682998 2.08051713940079 1.14552772563532 0.174787792618848 0.0978129464255079 2.19231128132691 1.07098310026821 5.68394735927542 0 0 0 0 0 0 0 0 0 0 0 0 0 0 0 0 0
3.29714153664764 5.22169057634656 1.08047148072743 1.96764357328142 0.22725154701636 5.08899003018548 2.91297804103512 1.32892275472124 1.34223566085408 0 0 0 0 0 0 0 0 0 0 0 0 0 0 0 0
0.619729316614965 2.46500280981469 0.061550996671778 3.82681584692844 1.31186264994272 2.71262755244682 2.37694497188252 6.58586742976003 4.28257445526808 0.0361919730774559 0 0 0 0 0 0 0 0 0 0 0 0 0 0 0
0.47770786854417 2.87795888995224 0.864716572128549 0.538923722793337 1.76868975201085 0.787228657556298 4.132072848912 0.96918474506183 1.8195854881879 0.632235153724592 0.190120086634347 0 0 0 0 0 0 0 0 0 0 0 0 0 0
2.87655289914887 0.189005221703578 5.58385528845601 0.0908314899050079 1.16357376203446 3.0172991957692 0.527642863152986 4.59589604409756 6.254430237259 0.716651269155168 0.865108557953768 1.51741850299419 0 0 0 0 0 0 0 0 0 0 0 0 0
0.0214741251696508 4.22531798681774 5.29547371756629 0.52571404130503 3.82282166914517 1.31100376681589 2.62188120672619 1.39358016630049 0.649509207911859 1.43437308331558 1.27060265480325 5.50996362969705 4.6905981701337 0 0 0 0 0 0 0 0 0 0 0 0
0.353762748856646 2.78117047917175 1.05955207219681 0.933107541862986 4.00375069616251 1.28748199108512 3.20407602858418 0.238605465792766 1.46173349824452 0.0720257709192907 1.49088929490235 0.291421943953937 3.5941184747577 0.514660778729234 0 0 0 0 0 0 0 0 0 0 0
2.27013634137081 1.01188802637947 2.77328156460841 0.400852031624315 1.4817911520738 7.08614950068375 0.996389182548621 11.2442335027255 1.33220292191991 1.02427728161012 0.35243455381897 1.63899944662954 0.00938463222705912 0.539954231250128 2.13862473324951 0 0 0 0 0 0 0 0 0 0
1.98320301101872 1.81447295985461 1.1836446349746 0.32653736833035 5.06413583270461 1.92495686952256 2.7432482621656 1.3306203104587 0.752364949519639 1.69941619687271 0.596279049116629 1.11289021116708 1.38033913741874 1.84024127319726 5.66696539397772 0.38968036557619 0 0 0 0 0 0 0 0 0
2.4587955611724 0.439320150761701 1.64801830103263 1.51443404966149 0.0863638333256777 2.87440796470101 1.25542697708346 0.679696481352183 0.468980946818095 0.0205815940993463 0.0650275999658817 2.03394385790374 0.271171480680268 0.0251399121360957 2.74221867087883 0.699799184518171 0.916803631093158 0 0 0 0 0 0 0 0
1.69356012238378 1.02578991981863 7.59670547952499 0.22109691506199 2.12731698003781 3.77519719193915 3.48101693110381 3.36325098305896 1.17336197647002 1.31572388643338 4.84636534454217 3.83752552853976 0.0439981701188469 1.13364103840174 1.24399781505822 7.03538961383427 0 0 0 0 0 0 0 0 0
1.68937414306021 3.00711805847936 2.36955442403395 3.26250302391377 1.32617691598278 2.03250865343524 1.98630238664856 1.95642364608394 2.07731279398524 1.18351280296677 0.370485434336821 1.04672895122587 0.498031448207239 3.86828951051224 0 0 0 0 0 0 0 0 0 0 0
5.7818837166765 3.11922998642156 2.02399680980032 0.317732429340794 8.11077982432448 0.952348379926983 0.654517095419433 1.8575701682209 0.195017059253645 0.843283848790939 1.74401182352508 2.85277778342522 0 0 0 0 0 0 0 0 0 0 0 0 0
0.401420601343625 4.072490317524 1.30975900474256 4.90160693180874 1.93820826628808 0.611532296747362 1.83059777091541 9.0171593525179 1.77455468985185 9.25540212479654 0 0 0 0 0 0 0 0 0 0 0 0 0 0 0
8.46186842209242 3.11260220886448 3.38888047930447 0.388697871765515 0.993966563473719 4.46553862273261 12.2150517485136 2.57677426556887 0 0 0 0 0 0 0 0 0 0 0 0 0 0 0 0 0
1.65373133811337 3.9616143594044 3.18287938296153 1.21994658683175 0.608513504431699 3.07086295416738 0 0 0 0 0 0 0 0 0 0 0 0 0 0 0 0 0 0 0
1.55329947780152 3.13144641360295 3.68089407782223 0.384464515670718 0 0 0 0 0 0 0 0 0 0 0 0 0 0 0 0 0 0 0 0 0
1.47498027234523 4.26820484970483 0 0 0 0 0 0 0 0 0 0 0 0 0 0 0 0 0 0 0 0 0 0 0
