0.603134108496971 0 0 0 0 0 0 0 0 0 0 0 0 0 0 0 0 0 0 0 0 0 0 0 0
1.75376205771461 17.2850543586118 0 0 0 0 0 0 0 0 0 0 0 0 0 0 0 0 0 0 0 0 0 0 0
1.46494166131025 6.47466789734306 3.11540835292318 0 0 0 0 0 0 0 0 0 0 0 0 0 0 0 0 0 0 0 0 0 0
0.0354921359747253 2.79014099866856 10.7719938221331 3.66616702246957 0 0 0 0 0 0 0 0 0 0 0 0 0 0 0 0 0 0 0 0 0
1.06838459459447 6.64838516561562 3.28457559921932 2.05080706026972 1.91675648789507 0 0 0 0 0 0 0 0 0 0 0 0 0 0 0 0 0 0 0 0
1.91933711380172 6.88416415935747 7.25744454203799 4.38154288412516 4.56564631403596 0.759609730426575 0 0 0 0 0 0 0 0 0 0 0 0 0 0 0 0 0 0 0
5.56024708539243 6.47417415377932 3.4371372649043 3.81710622622486 0.872214558874905 1.23989511908302 1.42478943752982 0 0 0 0 0 0 0 0 0 0 0 0 0 0 0 0 0 0
1.64035317598015 4.59184602880871 4.60860739330655 0.400929307058618 1.48760488280275 1.3808101468744 0.839769464347296 2.2364327308637 0 0 0 0 0 0 0 0 0 0 0 0 0 0 0 0 0
2.88953907554527 7.26810741167855 1.6489391580668 1.48970944967091 1.10591748700796e-05 4.21111681227769 4.11403004322201 0.0394651470516714 2.3271712797361 0 0 0 0 0 0 0 0 0 0 0 0 0 0 0 0
2.01951145288841 4.29483173365889 4.10797115818149 5.17963390259798 1.59134458201019 2.24635317753853 2.03157677941945 0.565710759857818 6.25203905584338 3.35129460472904 0 0 0 0 0 0 0 0 0 0 0 0 0 0 0
1.1133644522363 2.83938356296776 1.84276499608836 3.59753150145354 0.618967898524263 1.01795658742631 1.06015499789368 0.609536899007517 0.756844459554107 1.14543685909891 0.593570828485279 0 0 0 0 0 0 0 0 0 0 0 0 0 0
2.87356230937845 2.90494552764746 4.02464242542447 0.471092265866059 0.0198332743335714 0.0154507073082394 0.137358927086133 1.4717356562183 0.695166020615972 0.230382978570271 0.284798191785959 1.92973123474713 0 0 0 0 0 0 0 0 0 0 0 0 0
2.11321873096975 4.35187864041553 1.78060915007456 0.534319633247147 3.78201337768888 0.0559093069264412 0.50495914696773 2.92577758193047 1.14057193358801 2.66024966337857 0.142707101406683 9.57140578778911 1.64027151232906 0 0 0 0 0 0 0 0 0 0 0 0
1.70038961824798 3.82511612523781 0.695561596166546 0.446972678305537 0.12730576463223 1.38432895135162 0.539160763628364 1.91345680478475 0.11116976345509 0.778993050947808 4.49890156090091 1.90053646589032 3.73436143685983 1.0727539395375 0 0 0 0 0 0 0 0 0 0 0
1.63395112376948 1.10085941294579 1.11704839868412 0.5362499456439 0.0628166589115729 3.84087896377173 1.15117519066674 8.43914577386154 1.31803937916983 2.81129113278313 0.794766724204512 1.88017575495611 0.101134133317167 3.56918323036897 0.33253877429035 0 0 0 0 0 0 0 0 0 0
0.0518471974119113 0.492913497153717 0.253307535878778 0.850049445509539 2.33492878087643 0.959983286278292 0.0913083358799226 0.409518315902624 1.32894884365096 5.95273011687619 2.25563274459167 1.4046368228951 3.58400772292438 0.70713175892672 1.68953865519226 2.97950784827092 0 0 0 0 0 0 0 0 0
1.28965136781146 3.86816221987095 4.11194649102785 1.6822888922745 0.390664787433946 1.55720088126142 0.689808254711738 2.05992476657413 4.8042769753951 3.0120676972394 0.360036128537407 0.350347567385149 1.25743558056599 0.530233702046097 2.27329066869039 5.17348218310206 1.11043025838218 0 0 0 0 0 0 0 0
0.705061898460402 0.410942101980361 0.426829756556045 0.969549448919934 0.299361031880463 0.722082490872107 5.85877835836362 1.51603842012074 1.60891796458145 4.45645676715936 3.58359949645076 0.246361000106862 0.141713547622708 2.8899937832965 0.696652717716897 5.60082706279555 0 0 0 0 0 0 0 0 0
5.63096915112077 3.89431921806743 1.63424657474763 0.570778758175248 0.228278231866532 3.04928544716119 3.36343241694232 1.2590003301948 4.76804337022346 0.251134280288362 0.63890376954801 0.656704462688684 1.87031079653797 2.96904214692515 0 0 0 0 0 0 0 0 0 0 0
2.17825313484424 1.47661412764674 0.671534123976179 0.476849054778644 5.92401823936038 3.40060075466477 0.222576325091012 0.888742101071052 0.73039838897812 2.80861182879806 0.853293475959822 5.3066205202322 0 0 0 0 0 0 0 0 0 0 0 0 0
0.848030582153592 0.901389511417904 0.978092389678252 3.06068418612614 2.53004216578162 1.90771348088593 0.468501335356129 0.473201657802842 0.232321524936122 1.02232669816437 0 0 0 0 0 0 0 0 0 0 0 0 0 0 0
0.961911143389009 1.7869020260659 1.71379798654764 0.957885798412773 0.014630726347382 0.789663314062438 4.21869137530356 0.0731936601303331 0 0 0 0 0 0 0 0 0 0 0 0 0 0 0 0 0
1.28350757298177 3.50800701195282 1.95670786530489 0.235472205217427 0.0557645772986456 12.026414478562 0 0 0 0 0 0 0 0 0 0 0 0 0 0 0 0 0 0 0
0.0817342595141413 2.27577884755036 1.25468619881456 0.99327703530562 0 0 0 0 0 0 0 0 0 0 0 0 0 0 0 0 0 0 0 0 0
2.54713995250288 3.0929604828942 0 0 0 0 0 0 0 0 0 0 0 0 0 0 0 0 0 0 0 0 0 0 0
