0.17042924395725 0 0 0 0 0 0 0 0 0 0 0 0 0 0 0 0 0 0 0 0 0 0 0 0
5.61318245744194 12.0165182872958 0 0 0 0 0 0 0 0 0 0 0 0 0 0 0 0 0 0 0 0 0 0 0
2.40575450151323 7.56734838530918 1.84332406661417 0 0 0 0 0 0 0 0 0 0 0 0 0 0 0 0 0 0 0 0 0 0
3.90235046618021 9.55421109793557 3.91860979810752 10.4848812694296 0 0 0 0 0 0 0 0 0 0 0 0 0 0 0 0 0 0 0 0 0
7.50285224145473 4.07881686900748 2.05241478402597 13.3074886416478 4.31193728038918 0 0 0 0 0 0 0 0 0 0 0 0 0 0 0 0 0 0 0 0
3.05607956481785 0.067422382196497 0.306735130358169 2.27978767260184 3.18445817759829 3.86816698804141 0 0 0 0 0 0 0 0 0 0 0 0 0 0 0 0 0 0 0
2.17712516189895 12.5511583810995 3.84079584790831 5.58105171153509 5.35973249421574 5.76785762129226 1.53120689885231 0 0 0 0 0 0 0 0 0 0 0 0 0 0 0 0 0 0
7.04210164751444 5.68167916604418 4.48525927760383 5.86783459996014 3.55821979638765 1.16544722089474 1.55745492210905 0.758979020523861 0 0 0 0 0 0 0 0 0 0 0 0 0 0 0 0 0
0.107806071200746 5.52104599123191 3.37268441626012 7.5897358556974 0.607423894499779 1.99883463307381 0.162413945155235 3.68204701026455 2.10980803935576 0 0 0 0 0 0 0 0 0 0 0 0 0 0 0 0
1.43831813900028 4.84771216359582 6.66410463985438 0.307463518373917 2.81048779144669 3.44541694472264 2.27617837237571 0.337959749459823 0.0861947232737805 2.23542503724749 0 0 0 0 0 0 0 0 0 0 0 0 0 0 0
0.258192142198938 6.29559642386842 0.0383096094866441 6.5544342639694 3.31199117207498 0.237684499316036 0.672165485025891 1.34591178421657 0.421716527717611 0.223845268783571 7.92605180007248 0 0 0 0 0 0 0 0 0 0 0 0 0 0
0.966651374575134 2.23753381004416 3.07072769810544 0.120893840504415 1.05517572429782 0.790470172239244 5.50652682397154 2.71122961421709 0.71849054372649 0.15339080744157 1.80893277389064 2.07144432411513 0 0 0 0 0 0 0 0 0 0 0 0 0
0.106262577112216 3.6449996082415 0.785670766217913 0.849644158360745 1.85994383094893 6.71877554394666 5.19944248760368 0.386267241598225 0.497270160894042 1.15012809331248 0.986678932802078 5.70139886817754 1.5916049589591 0 0 0 0 0 0 0 0 0 0 0 0
0.228275659274134 2.04101682593208 2.87425643385202 0.194537272389218 1.06270458226111 2.67511503015346 0.0375755664063504 1.10153286541651 3.83821223623762 1.19112962283166 1.37586875015929 2.32459435025279 4.03624104939702 1.1170693056388 0 0 0 0 0 0 0 0 0 0 0
2.94983452098165 7.03151540553125 1.41227059136793 3.80437639623235 4.94904533524312 1.53377345444767 0.753345263464466 1.90624305601239 0.422931065306097 4.73603582010863 0.354601255409764 1.54753969206042 1.90886429703055 0.103264047524456 1.39488646106534 0 0 0 0 0 0 0 0 0 0
0.49740402285675 1.34604209984273 0.784794446792467 0.0592184195637968 0.342626328122364 2.16175678705377 0.590694139236464 0.483444816744176 1.18847294263299 1.96316196167619 2.73403752019293 1.15412583393762 1.82699618446348 0.88185215592932 2.89682646015859 0.229016693194048 0 0 0 0 0 0 0 0 0
1.22281986705656 2.13460032709562 3.67550713233277 0.713434733881315 2.0515736875646 1.0469802556055 1.72295789941313 2.36900009656215 2.24452204569054 3.73060298300124 0.747189997116053 4.6870698053478 3.93808378237299 0.342380445981981 3.45601413599209 0.250836580276503 0.644528240979798 0 0 0 0 0 0 0 0
2.8820961831995 8.14825246648388 3.47105742041273 0.489857884235507 2.305443692083 4.20934905261525 0.07007900236953 1.71399830548321 0.98241510809161 2.14964697565333 1.92480834166441 1.45840753578514 0.836689773234978 3.08452511145248 6.36433037480677 2.5721929737075 0 0 0 0 0 0 0 0 0
2.85274769389445 2.94024670985702 1.82911304295906 0.199518742788048 3.77450541865088 0.535440664695316 0.894016124484731 0.289757245433023 0.000502858592602535 3.7396513834365 1.67760826347812 1.0624197312656 10.8947561012109 0.874918318555132 0 0 0 0 0 0 0 0 0 0 0
0.533966228013066 1.12074507320919 0.548923400325369 1.36729231293455 0.808559602498629 0.345130421555101 0.623565322643812 0.168149685075215 0.760732803481613 0.588983401385605 2.25924096464864 3.88869883360117 0 0 0 0 0 0 0 0 0 0 0 0 0
2.49120217646569 0.955749243588963 2.77416643800629 0.655594632124796 0.861786084952875 1.23319395004087 0.729245854745741 0.0632670186999416 4.27739494836481 0.485728691401791 0 0 0 0 0 0 0 0 0 0 0 0 0 0 0
3.31628902686294 1.37987189906105 1.60766400941468 3.62848736072944 0.922345315019819 0.562860302542549 0.982324307891149 1.65602498920861 0 0 0 0 0 0 0 0 0 0 0 0 0 0 0 0 0
0.342971613540402 0.397776582616926 1.02361528363639 0.322638536478359 2.8663913624244 3.50985256901426 0 0 0 0 0 0 0 0 0 0 0 0 0 0 0 0 0 0 0
0.98712555752921 1.25142462944938 0.411164164172247 1.01507101348171 0 0 0 0 0 0 0 0 0 0 0 0 0 0 0 0 0 0 0 0 0
4.74559918176846 2.91023820364072 0 0 0 0 0 0 0 0 0 0 0 0 0 0 0 0 0 0 0 0 0 0 0
