0.0780043353988933 0 0 0 0 0 0 0 0 0 0 0 0 0 0 0 0 0 0 0 0 0 0 0 0
7.12345652776992 5.80422023427132 0 0 0 0 0 0 0 0 0 0 0 0 0 0 0 0 0 0 0 0 0 0 0
0.961638407573592 0.552084427629823 9.13230898013438 0 0 0 0 0 0 0 0 0 0 0 0 0 0 0 0 0 0 0 0 0 0
6.11022372624959 0.797358917492101 3.53906207392824 0.471520492816932 0 0 0 0 0 0 0 0 0 0 0 0 0 0 0 0 0 0 0 0 0
8.21058675942468 1.19466546857491 0.0284937265223596 0.0718134940338431 1.58583559939818 0 0 0 0 0 0 0 0 0 0 0 0 0 0 0 0 0 0 0 0
0.336229735004452 5.13008726551234 8.00857395426775 1.46024603719538 1.27103047121595 2.52903028387371 0 0 0 0 0 0 0 0 0 0 0 0 0 0 0 0 0 0 0
0.318543712645297 8.59937842910556 2.37578794043852 0.0412819668794045 1.02687934409851 2.70255028549873 6.68110128907994 0 0 0 0 0 0 0 0 0 0 0 0 0 0 0 0 0 0
1.62199371266479 6.27732577848572 0.606919648147946 0.18965687579871 1.88282261738974 2.87111469927664 4.52166570479946 1.94675500169901 0 0 0 0 0 0 0 0 0 0 0 0 0 0 0 0 0
1.40557699326546 7.15483209723926 1.86727616634712 0.487512957900227 2.7792404072489 1.84214136504976 2.71637656553936 2.28615534612647 0.256495676563903 0 0 0 0 0 0 0 0 0 0 0 0 0 0 0 0
0.687322542464086 5.08960165437474 2.71056157311416 0.116833684864921 3.5273366206122 5.50815350775998 4.27006236991422 1.69851618544853 3.49011411688911 0.543880726884082 0 0 0 0 0 0 0 0 0 0 0 0 0 0 0
1.49074588484188 10.4162570314936 1.53408517876473 0.0886755619846728 0.368778121813729 3.28079521047004 2.41512549270176 0.199640287048292 0.384262184434361 2.99107173867331 1.14292627438375 0 0 0 0 0 0 0 0 0 0 0 0 0 0
7.46169037091609 9.87885640254985 1.01080122378994 0.429716766683094 0.703325180137254 1.67373868355843 3.74110461787648 0.500085761230314 0.416348701217664 3.3118089511128 1.68411750838384 1.84534014744261 0 0 0 0 0 0 0 0 0 0 0 0 0
2.45484241371153 1.97348504231681 0.685610754125653 1.21413047487909 1.74969508530651 1.74583338669893 1.18340514435724 5.9451240375346 1.59893140411848 3.27954221289817 2.98422631961916 2.02712857589492 0.285578324634708 0 0 0 0 0 0 0 0 0 0 0 0
2.68146586433809 3.51008847931395 1.37597703198199 1.42874338495449 4.33725551882129 1.33625287050046 1.01524932958808 7.23475335398702 0.829522713525148 2.67820842701062 0.678975888668918 1.76872300871242 1.44876239291931 3.45800600389149 0 0 0 0 0 0 0 0 0 0 0
0.836819766189702 2.44758503325219 3.55017890048514 0.753138424469184 0.393076743334686 2.59901816437478 1.34485000674373 0.165882957918683 4.64014516613444 3.766727417757 3.38521733100473 1.8189155334189 0.659077351369467 1.70510820177921 4.19031232985854 0 0 0 0 0 0 0 0 0 0
3.08957713728421 1.46075676363827 0.504760737282547 0.913303550155027 6.28408521050634 0.114693776048994 0.650171639538149 2.65725766327667 6.02969491421432 5.83014149854102 2.74665360115857 0.75856234052916 0.978291440502505 1.70256621077395 2.34216671214487 4.3376926353722 0 0 0 0 0 0 0 0 0
0.268167007597597 1.74463473634847 0.160753974182697 1.4480018114825 2.09960230670532 3.14097474172384 1.62334205878581 1.29475121018968 0.367181026644438 0.742718617553171 0.588577635909678 3.42780454914758 0.422242150052701 3.19355000956598 0.940194315468705 0.43206631140101 1.62639570122771 0 0 0 0 0 0 0 0
1.31005207363268 0.161674071861224 3.05198563318905 2.82031414381163 1.06977323015076 3.0077306842413 1.48762757082361 2.49631481348413 5.71973055303244 8.49431670237897 2.72179316199307 5.79652406363547 5.13615624235628 4.06815192346112 2.28234340020244 0.860239170288219 0 0 0 0 0 0 0 0 0
2.33920056526508 1.84080445698475 0.049326067908511 0.336912705348522 2.27000093658612 0.208968013882079 4.10088439328872 5.72339530183685 3.92987032490853 0.348930540552303 4.6436438317452 3.01625796220082 1.03764825108543 0.707355783338857 0 0 0 0 0 0 0 0 0 0 0
0.100362788735184 5.53771741551274 0.939821842340505 0.00253717782529295 5.49526856344942 1.88331957177821 1.75166931438803 1.13173219226403 2.06000756829683 1.10161571816458 2.5457185450613 0.265674510404743 0 0 0 0 0 0 0 0 0 0 0 0 0
2.49272494699045 1.19702745363679 0.204015284128433 2.0112454073077 1.24728169842759 1.78487863457785 4.09763748858263 2.14039936835421 3.83042288900727 0.657851973423259 0 0 0 0 0 0 0 0 0 0 0 0 0 0 0
1.17209650218872 10.985074778766 1.75875426564817 1.20501362877074 3.91504695129907 0.0392203181419195 0.439321470857445 3.6842531333654 0 0 0 0 0 0 0 0 0 0 0 0 0 0 0 0 0
4.2990458718197 7.18326944485474 0.20310941348802 2.34133061249312 1.31078324651456 0.615731549261007 0 0 0 0 0 0 0 0 0 0 0 0 0 0 0 0 0 0 0
3.98581909694507 5.19454437825316 4.52078010668548 0.0857831929877772 0 0 0 0 0 0 0 0 0 0 0 0 0 0 0 0 0 0 0 0 0
1.24092972802701 15.572226759994 0 0 0 0 0 0 0 0 0 0 0 0 0 0 0 0 0 0 0 0 0 0 0
