0.478481880374828 0 0 0 0 0 0 0 0 0 0 0 0 0 0 0 0 0 0 0 0 0 0 0 0
5.67522723008915 13.1204035255709 0 0 0 0 0 0 0 0 0 0 0 0 0 0 0 0 0 0 0 0 0 0 0
4.43201473662083 13.592539345029 0.0835511868017581 0 0 0 0 0 0 0 0 0 0 0 0 0 0 0 0 0 0 0 0 0 0
2.66310138899362 0.20593242587424 3.78670625106663 2.21519805841412 0 0 0 0 0 0 0 0 0 0 0 0 0 0 0 0 0 0 0 0 0
0.0828702712811565 1.61477423966412 6.62195702449511 3.92369250930769 0.163808432704468 0 0 0 0 0 0 0 0 0 0 0 0 0 0 0 0 0 0 0 0
4.76649787815696 2.54031285402727 2.31671331312318 7.77735934778462 1.95576135803085 12.653846465554 0 0 0 0 0 0 0 0 0 0 0 0 0 0 0 0 0 0 0
3.35603673316153 3.33744444359988 2.5664496670051 3.01607924255339 2.21490152793369 0.335413857960383 1.88311844812574 0 0 0 0 0 0 0 0 0 0 0 0 0 0 0 0 0 0
3.087777350272 5.45967008729909 2.90489468874336 3.16500234583747 0.678544547529867 5.9671100095858 2.29587539257363 0.975526827685179 0 0 0 0 0 0 0 0 0 0 0 0 0 0 0 0 0
5.68851355513873 13.7094469835473 2.77789414840226 0.0510541716365909 1.03144223052166 10.2705808950479 4.74983836409718 1.55662194856124 6.9047639348621 0 0 0 0 0 0 0 0 0 0 0 0 0 0 0 0
7.83599196495053 4.0374093066666 2.01355647432466 9.70968253731576 2.05772023223866 8.49694559394335 0.604626785503334 6.75557221208476 1.68109537599079 3.19800060305936 0 0 0 0 0 0 0 0 0 0 0 0 0 0 0
0.916670455482394 4.1374563802548 4.51102046137668 3.70867115057044 2.09555853941188 5.16345764106162 1.29327761684933 1.90208499118509 3.14840980978671 1.4651710864112 3.57298183081158 0 0 0 0 0 0 0 0 0 0 0 0 0 0
0.706686359825903 10.1280157037092 4.73904442232443 7.67883153113349 0.222983241269567 14.1682547057204 0.217849944685592 1.04931196221854 3.20377004163989 3.00630798754754 1.48848689956602 0.461166858847553 0 0 0 0 0 0 0 0 0 0 0 0 0
5.03616083777233 9.61659633247181 5.54999692679345 1.93328677450985 1.77853747512338 0.604878262994737 2.67017980466799 2.73046836518996 1.35275859404011 1.84855327323153 0.718970841008912 1.97249498966743 0.673424230046706 0 0 0 0 0 0 0 0 0 0 0 0
2.5356987816096 9.03497363901186 1.77577443033287 9.65215033554601 2.65435878838132 2.58682009780219 1.85563463531741 2.16893287802193 0.853125507371507 1.32431198715139 0.905748740276616 0.930907544010621 1.04041217417856 3.09157074829454 0 0 0 0 0 0 0 0 0 0 0
2.5619144326367 3.19837197224054 7.08088302784264 0.452942700223429 4.67059055105427 5.00911190191079 0.0754599420720051 1.98287739323306 1.60004392985332 2.56447947696097 2.19688028634735 4.16123554142196 0.187212476577785 0.581651428741934 4.43831451659805 0 0 0 0 0 0 0 0 0 0
1.2336621180456 1.13305904584919 3.69439192585109 0.0558793008514112 2.78682898147964 2.03788717106123 2.40300748591927 1.93684788182821 0.730491118967588 2.05740826895109 1.16113861769763 1.24823882686417 2.92248864071499 0.17211946426309 2.38218328685968 0.0250896306148977 0 0 0 0 0 0 0 0 0
4.31988384347783 0.521822733084813 2.38353651064443 5.04703431035185 0.0543230084321032 1.47122463201645 6.09158638582899 0.767845081909759 3.15528264571228 2.02702192629478 2.84862869355695 1.5253587516025 1.879296382419 1.7608827925693 6.52238509614893 2.75316417736378 3.40262136001925 0 0 0 0 0 0 0 0
0.231548371380931 1.24666024776978 0.886276971686785 1.25892502540155 1.94665907397039 1.00767513202912 1.13070240917559 0.0955055859488671 1.31494876844346 1.79787568417228 1.54242439398065 1.44227384496168 2.36036570506236 3.7830312974115 0.0661158057722215 8.04367094271542 0 0 0 0 0 0 0 0 0
6.79669460937402 1.78321408139965 1.12219109789692 0.386010164271279 5.15795150772519 1.20113153051501 2.63767923323768 0.185685014266063 0.35960046664103 2.58833293955226 0.71380805138082 0.356915783927041 5.27143824487837 0.266954225580196 0 0 0 0 0 0 0 0 0 0 0
2.35855372175585 1.97007278191632 7.44946743304523 4.89715288566862 0.141037044875089 0.163630363540432 0.477399315891242 10.0770211881845 3.74697419180776 0.649963988452881 2.24695948674736 2.15846171453335 0 0 0 0 0 0 0 0 0 0 0 0 0
1.28696675753045 1.53904308790919 2.58835726679682 0.380636379047557 5.99816789011072 1.94332783396795 3.42312898208135 2.14815121337218 0.332899570899849 0.560698114294965 0 0 0 0 0 0 0 0 0 0 0 0 0 0 0
0.781480973586845 3.67782648299238 1.44426077025534 1.14645964699311 1.7659132348123 3.07698632404436 2.60940215783508 4.04176523079949 0 0 0 0 0 0 0 0 0 0 0 0 0 0 0 0 0
5.27490416040539 1.14527534636975 5.54338358844217 1.61705901174313 5.34743009357061 0.114163095172363 0 0 0 0 0 0 0 0 0 0 0 0 0 0 0 0 0 0 0
0.138924366948508 1.44641335627484 0.685614710982626 1.17573095735907 0 0 0 0 0 0 0 0 0 0 0 0 0 0 0 0 0 0 0 0 0
1.37233766324736 3.31290410709693 0 0 0 0 0 0 0 0 0 0 0 0 0 0 0 0 0 0 0 0 0 0 0
