0.470882284721244 0 0 0 0 0 0 0 0 0 0 0 0 0 0 0 0 0 0 0 0 0 0 0 0
1.48518451682902 8.0935055313722 0 0 0 0 0 0 0 0 0 0 0 0 0 0 0 0 0 0 0 0 0 0 0
1.34971644525377 5.0962473481767 9.79648460344236 0 0 0 0 0 0 0 0 0 0 0 0 0 0 0 0 0 0 0 0 0 0
7.26256678504425 13.2985678829317 1.69623486284793 8.93304673363955 0 0 0 0 0 0 0 0 0 0 0 0 0 0 0 0 0 0 0 0 0
4.94135169574164 3.38425929560924 2.46115784581229 8.73560973805761 6.25182245486369 0 0 0 0 0 0 0 0 0 0 0 0 0 0 0 0 0 0 0 0
4.39630479284866 10.8513127797132 8.61904588166883 8.85060044282306 5.03993159867111 3.31387930395052 0 0 0 0 0 0 0 0 0 0 0 0 0 0 0 0 0 0 0
4.85628571030453 11.9597458767464 8.10607193579775 5.89757264119744 5.79349168831398 6.40157092535367 4.10868304234145 0 0 0 0 0 0 0 0 0 0 0 0 0 0 0 0 0 0
3.58488381904791 9.84179493036841 3.97993926246705 5.19729168180248 2.28661682499885 4.55184093366764 2.56635618796302 1.68321801023285 0 0 0 0 0 0 0 0 0 0 0 0 0 0 0 0 0
1.61926859296424 4.23904604016596 1.84664819315509 3.15379731667314 5.89135191802603 1.73230906077788 0.16297869053206 3.56512282764011 1.75230518634624 0 0 0 0 0 0 0 0 0 0 0 0 0 0 0 0
1.01846555075511 8.97309027016944 6.99575854691867 8.4498999153665 2.06120252282574 0.577797213907933 1.34869273803581 0.895308592600481 2.12895667294326 2.0229236277849 0 0 0 0 0 0 0 0 0 0 0 0 0 0 0
1.2551731142868 6.4301916349422 1.52476561955816 0.992416732251605 0.323813839783881 0.668780025644652 0.743973496243999 0.727578205470305 0.752309361222839 7.37285349245269 3.55553857766757 0 0 0 0 0 0 0 0 0 0 0 0 0 0
1.87811151591768 8.21572947974495 1.36611288713568 2.01760563542874 3.41297079938507 2.45198266622171 2.43239444188434 3.85795872019084 6.04872520229021 4.50117024655488 0.73017647320036 1.81227433843394 0 0 0 0 0 0 0 0 0 0 0 0 0
1.83172493768525 3.31692521927744 1.4574141946434 6.32106208449748 4.14892998503276 2.35586798299578 3.03885164518483 3.28899292857233 5.89378260106706 3.38154017751687 0.822161588628446 3.4428755767646 5.7590336968134 0 0 0 0 0 0 0 0 0 0 0 0
1.17308222479101 1.50604549717637 1.00785065276816 2.50774187169981 1.59868560228907 2.96760068878451 5.4666586456607 5.63113585894597 3.08237669793886 0.159335984607519 1.9281136523642 0.642117251211983 0.323027536226028 4.69059448129249 0 0 0 0 0 0 0 0 0 0 0
0.711573536123076 6.26675130801756 1.6379462239758 6.05923146209791 3.04746276974598 5.00145540067097 10.4338499903988 3.62263728900808 4.37297038543988 2.27691734355123 2.03503974576029 2.86948410321697 1.25673971017131 5.79703382378438 4.92384959064405 0 0 0 0 0 0 0 0 0 0
2.07526909452015 4.54709312652833 2.56790316548657 2.25923786878347 0.239677855252205 2.27254187235993 2.22063365280192 2.12286191477613 0.480799544032455 1.96685780810445 1.32511056634908 0.532083370781683 0.237745685626939 1.3485909000221 3.01686448738177 4.52872810549102 0 0 0 0 0 0 0 0 0
0.00140245430827623 2.81605815539014 3.40594705284652 2.82912780424567 5.0895086903553 0.758673388444798 0.135863353327154 0.0657141391327971 1.3100826558848 0.578376189190124 0.965602748849496 0.16486920316044 6.09883203427341 0.749066523967781 4.28494243030469 0.93982233882027 0.873186798590124 0 0 0 0 0 0 0 0
1.20634485816378 4.1338118597048 1.29256292237325 6.12548624017075 6.34855275337225 0.937470535277022 1.75284564163664 4.00047819137971 2.52492947860946 2.02329494912441 0.85007100218659 3.97030385665926 6.18252695630581 6.75392460946047 2.17370019689383 2.41857248380762 0 0 0 0 0 0 0 0 0
0.404641573395983 5.92641429008212 1.16500211513174 6.08942321898735 3.4129416417745 3.88651148934818 5.43506680003579 3.88567743969236 1.75600560244447 2.90386770646781 1.90838276658934 1.495051460139 3.01647503324289 0.406560491127519 0 0 0 0 0 0 0 0 0 0 0
2.55617166262742 7.65362726700164 1.02731083229152 5.12806235567803 3.51790442592432 3.23500450674955 5.75141211101284 0.942672196842229 2.8670962505296 1.60228663422247 0.0254056968006299 2.38796014629371 0 0 0 0 0 0 0 0 0 0 0 0 0
6.6025435074049 1.10396321221282 2.42883976724309 2.30824216929656 9.40903916743278 2.42247804295789 2.45967622803453 4.57371990442825 3.13198863678168 1.07835475314095 0 0 0 0 0 0 0 0 0 0 0 0 0 0 0
2.91058357449614 4.61615729763968 3.69275005712349 8.46412003087184 3.72799412520629 7.48946099858497 10.0744902109259 12.5058017337275 0 0 0 0 0 0 0 0 0 0 0 0 0 0 0 0 0
0.260733084239694 7.09355076680144 2.05104931494785 6.27983474878545 1.48933998586854 9.03579978074623 0 0 0 0 0 0 0 0 0 0 0 0 0 0 0 0 0 0 0
1.17053008243946 7.17364755067888 2.33439667308602 0.797374701211072 0 0 0 0 0 0 0 0 0 0 0 0 0 0 0 0 0 0 0 0 0
0.529889047293484 0.293154405521902 0 0 0 0 0 0 0 0 0 0 0 0 0 0 0 0 0 0 0 0 0 0 0
