0.0821297845557278 0 0 0 0 0 0 0 0 0 0 0 0 0 0 0 0 0 0 0 0 0 0 0 0
6.1790473925457 10.7900137694066 0 0 0 0 0 0 0 0 0 0 0 0 0 0 0 0 0 0 0 0 0 0 0
5.90579783486158 16.7272014076175 14.0854934188131 0 0 0 0 0 0 0 0 0 0 0 0 0 0 0 0 0 0 0 0 0 0
6.257971389676 15.189257708039 7.81831257032502 5.14762462659419 0 0 0 0 0 0 0 0 0 0 0 0 0 0 0 0 0 0 0 0 0
3.9420623913243 4.96057050178585 3.36313881548775 4.36157113309817 1.1087334764913 0 0 0 0 0 0 0 0 0 0 0 0 0 0 0 0 0 0 0 0
5.59201599917981 10.6845922028088 9.74399335507854 1.62321256624765 2.07877418519271 4.93605803491762 0 0 0 0 0 0 0 0 0 0 0 0 0 0 0 0 0 0 0
3.32681064564484 8.3155273047308 0.977635709292792 2.70863174820988 6.45403322870405 8.46774528479783 4.18730334669191 0 0 0 0 0 0 0 0 0 0 0 0 0 0 0 0 0 0
1.88747763656886 2.90409856760624 0.588390798316481 5.16730057875787 4.00268448838777 3.00940912385668 2.47048252825592 4.08075801219263 0 0 0 0 0 0 0 0 0 0 0 0 0 0 0 0 0
2.05063494229043 0.23857273659829 2.59507712403449 0.0527952050103348 2.07922658975176 0.975918503218413 3.39311195598655 0.838676666416696 0.00572412870386411 0 0 0 0 0 0 0 0 0 0 0 0 0 0 0 0
0.273551362455393 8.25419385664729 6.10983003022013 7.06713888423226 1.09905022710475 4.03089801513145 8.01319257966933 3.49280257464775 1.23643399066415 5.74518856433106 0 0 0 0 0 0 0 0 0 0 0 0 0 0 0
4.31821327907065 4.72273017677383 4.54636097923606 2.19541327672837 2.77841391222819 5.49137447585955 7.34239469283449 3.35909882765458 0.353534205780033 4.27005630335381 2.02976389775891 0 0 0 0 0 0 0 0 0 0 0 0 0 0
1.86746339574812 7.26463619062896 3.26416580126432 9.55723763480886 1.86553414041679 8.49537437261834 6.46798027713204 1.76084623904165 5.01780575963347 1.31440630067886 0.536744635041071 5.07465843104896 0 0 0 0 0 0 0 0 0 0 0 0 0
3.02475060699387 1.76638390225531 6.75188765618083 3.02015881733445 4.14244642225831 4.19174368288242 2.08084329930339 0.411747187338923 2.17165429647352 1.3587565783131 0.174423538851832 4.271342329968 3.45017824401818 0 0 0 0 0 0 0 0 0 0 0 0
0.788012410505013 3.2058800077229 7.31027230925365 6.86512103081308 4.4259574272864 3.70219429738538 2.25742380276488 3.13207334851683 0.06543880288218 5.16826046815614 1.40764178587216 5.44606246788951 0.961591758486593 0.206539228365495 0 0 0 0 0 0 0 0 0 0 0
2.75890150693008 2.60273007604039 4.12392212597452 2.50053631590703 0.592314088105169 1.84941729438114 1.73268168178424 3.27818335246039 1.41446816279158 1.09967320230873 2.65641377591633 1.742610282836 0.477358228735105 0.0730074545983053 0.710371758256109 0 0 0 0 0 0 0 0 0 0
4.67846750051676 10.8228582565111 9.11591149066107 6.08356141099248 3.95859564135503 4.30439875170726 0.793545538146712 0.255786143369812 0.17272526052166 6.09063030019798 3.10301791531977 3.1564188249084 0.511002845294506 6.52866690537214 4.30477852481475 7.0622229108791 0 0 0 0 0 0 0 0 0
0.928352996102216 4.96664825662853 3.20068988213188 7.76402867122745 1.63274372683201 1.05612991067788 2.71846562619622 0.909945037689786 1.14727561105492 1.41591972998084 1.08408066765051 0.272743948028937 0.98726733701888 7.5621843671643 3.25975276912404 6.38764892446329 2.9010610980412 0 0 0 0 0 0 0 0
1.91079459922504 10.0979436925106 7.02647483148702 2.37309114450114 0.398187165390858 4.52422180926713 0.737008865916399 2.08394408675702 1.09952378472454 5.70866286537325 2.40343365420804 0.858748962155902 7.36034711914822 7.87735411871479 5.21909216909391 8.90449050734471 0 0 0 0 0 0 0 0 0
1.80963701064945 5.0215365442654 4.24201385858758 0.632410296193713 1.15501555497613 1.22594487462761 10.2904409951786 3.82199873380302 0.424570562345118 0.621988141596781 2.0653186152966 2.98523888813709 4.02674639227734 2.19027719246954 0 0 0 0 0 0 0 0 0 0 0
4.19592770049564 4.77566589159121 2.94402641423898 0.627298829230211 2.77099330800513 2.50223253954603 1.34601047233501 1.21484876393617 0.222142458162941 3.56697179166789 4.70368498064771 2.78885031818375 0 0 0 0 0 0 0 0 0 0 0 0 0
4.48916907541721 0.556796556851935 2.42306190323116 0.194749070577973 0.224138565495972 1.41250802711805 1.78301418530632 1.21222355447922 2.13403006081105 5.32421495319309 0 0 0 0 0 0 0 0 0 0 0 0 0 0 0
0.188869267515398 0.251925154391815 0.867562575124458 5.38266810750442 0.678565168081833 2.75947112061956 4.6488389041672 4.69567278373123 0 0 0 0 0 0 0 0 0 0 0 0 0 0 0 0 0
1.22668468180848 3.39579874920107 4.79335144821526 1.10987760095318 4.16280453901306 0.53249736758133 0 0 0 0 0 0 0 0 0 0 0 0 0 0 0 0 0 0 0
0.165434433450651 0.602450193769858 0.0482252678538185 1.05017204089686 0 0 0 0 0 0 0 0 0 0 0 0 0 0 0 0 0 0 0 0 0
0.527729950564981 1.45022599806122 0 0 0 0 0 0 0 0 0 0 0 0 0 0 0 0 0 0 0 0 0 0 0
