0.18847143543446 0 0 0 0 0 0 0 0 0 0 0 0 0 0 0 0 0 0 0 0 0 0 0 0
4.52433256588436 13.2679056813462 0 0 0 0 0 0 0 0 0 0 0 0 0 0 0 0 0 0 0 0 0 0 0
3.23432597288945 0.513538841581247 8.97401751950587 0 0 0 0 0 0 0 0 0 0 0 0 0 0 0 0 0 0 0 0 0 0
1.68570788747574 0.339240629660761 0.696817501558568 0.395452537817384 0 0 0 0 0 0 0 0 0 0 0 0 0 0 0 0 0 0 0 0 0
3.4541482067033 4.21493991814459 5.59185871920156 0.554007446589764 0.290384916525073 0 0 0 0 0 0 0 0 0 0 0 0 0 0 0 0 0 0 0 0
4.61203756978268 15.110410721457 10.1134144505828 3.00891093861029 0.62955421627097 2.98383675544171 0 0 0 0 0 0 0 0 0 0 0 0 0 0 0 0 0 0 0
5.71492389443904 9.29465147036793 3.20813890656686 2.20727330981581 1.3393994569647 6.07191493478827 5.49009255117089 0 0 0 0 0 0 0 0 0 0 0 0 0 0 0 0 0 0
2.82376556159774 4.65146978970758 2.0057709079332 0.476797759397102 5.21264210436261 5.41966542471084 8.40586651702705 2.10218918188259 0 0 0 0 0 0 0 0 0 0 0 0 0 0 0 0 0
3.06554863566471 0.239033095608299 3.66896312834977 0.828082864582461 0.167593327554178 6.04130292362993 2.62823547083569 1.45710219456435 2.91593980084888 0 0 0 0 0 0 0 0 0 0 0 0 0 0 0 0
0.176020552871386 0.0894985151356522 1.95422239746363 0.396645547699452 1.04903669231826 1.15396426937876 1.56550516148916 0.182782068810682 5.59991922003575 0.128954815490447 0 0 0 0 0 0 0 0 0 0 0 0 0 0 0
2.78038030724841 4.96926182331746 0.731435117122972 1.17441671867789 1.33940269586862 1.22541258641945 0.750219787415124 0.192247496945861 0.647359304883269 6.37291929091657 1.51783603464294 0 0 0 0 0 0 0 0 0 0 0 0 0 0
2.30063774677243 3.45249802705637 1.67182251369709 0.604680490723465 3.26727353485974 1.25735650326344 0.637718523291579 1.08921873656086 1.1201438719348 2.87324360959855 1.68135530446315 1.63727163690777 0 0 0 0 0 0 0 0 0 0 0 0 0
0.453129605676904 5.90146681226047 2.13424453739443 2.70696129769366 0.0223322141473943 2.50063691149946 0.519619219716472 1.82703402097626 0.112338561343705 0.571702586546595 5.29997903843479 4.78509432166707 3.27503113368845 0 0 0 0 0 0 0 0 0 0 0 0
0.0767404321359254 5.63417401948821 1.5781968453867 0.773314573316972 0.164040907061697 0.368415640324245 2.46573995193299 2.00651681359789 0.556133840498221 0.944878787076734 3.98409737651744 5.209294049801 0.758694027189375 3.54337361043842 0 0 0 0 0 0 0 0 0 0 0
3.58578032716311 5.01601928255617 3.84860188660048 1.56902007218831 2.328261972757 3.20755826761158 3.16824089523216 1.95371007074579 2.24720569839497 0.770740507651744 1.69484854753743 3.45160701756335 0.0496157866328752 0.594281857391543 1.16004420733897 0 0 0 0 0 0 0 0 0 0
1.89670679647028 3.50146783642285 2.6379430840853 2.27121295901944 2.69441847565529 3.65933865482965 2.96945004313692 0.849553131456677 0.59555106084921 3.92576445017172 1.22370049129836 0.945202105762637 4.68851326895969 0.418340949226609 0.186556230121573 0.075813990745255 0 0 0 0 0 0 0 0 0
3.08471460341467 2.78617131986813 3.98935094927877 6.98104222577848 3.94168413813457 0.31412834720173 3.35845412907197 0.12585826724295 1.46120925330905 2.13267170198456 1.70351077186086 1.56783188282927 1.89911572738305 1.01149980038819 0.853116150558207 4.93671308740961 3.96682395830822 0 0 0 0 0 0 0 0
3.98029179035385 2.43779725553293 4.43802083843488 1.52311083461829 1.04644510489579 0.25142149660093 1.13049694877501 0.156069512344014 0.209849860486349 1.72901589884749 0.690204888059841 0.855468928247124 1.94812203020801 0.0735551877771767 0.19532743628791 5.26617411510606 0 0 0 0 0 0 0 0 0
1.11465084563257 0.411701285216612 0.778648276955686 5.18192057687767 6.20205644579185 1.32031991919185 1.95795719574634 1.75596465444749 5.68074484578035 2.64411274134832 2.54072062004907 0.885723511272002 1.32012913697523 1.1190164685048 0 0 0 0 0 0 0 0 0 0 0
1.03798159279465 0.362001560679168 0.0194795605725178 0.801204723816475 1.06416925135822 0.116018236212514 2.2087487959177 0.935454768279606 0.577583988216311 0.0769404689686282 0.0806169834365818 2.41460880871872 0 0 0 0 0 0 0 0 0 0 0 0 0
2.74421859817458 0.894552897053374 0.632806113444575 1.17949786482034 5.38739413586154 0.202223617260141 0.553649975200899 0.779846328289214 6.52924906757976 2.6600593465665 0 0 0 0 0 0 0 0 0 0 0 0 0 0 0
0.529900533001999 0.490302243230956 0.154073566690009 0.721036888200248 0.0257640612941475 0.145291617892055 0.679158012524384 2.34491238014837 0 0 0 0 0 0 0 0 0 0 0 0 0 0 0 0 0
4.15008308780417 1.94513075777136 0.460178130636112 2.37418645923943 0.54577973901517 0.460964450554456 0 0 0 0 0 0 0 0 0 0 0 0 0 0 0 0 0 0 0
1.2820259999041 0.145244026323814 1.64608173299188 1.90822091456877 0 0 0 0 0 0 0 0 0 0 0 0 0 0 0 0 0 0 0 0 0
1.16864557110279 7.42930214860812 0 0 0 0 0 0 0 0 0 0 0 0 0 0 0 0 0 0 0 0 0 0 0
