0.463035224237989 0 0 0 0 0 0 0 0 0 0 0 0 0 0 0 0 0 0 0 0 0 0 0 0
3.08214349013882 16.5089169876902 0 0 0 0 0 0 0 0 0 0 0 0 0 0 0 0 0 0 0 0 0 0 0
2.34424943903189 18.4382542134431 12.5227323882425 0 0 0 0 0 0 0 0 0 0 0 0 0 0 0 0 0 0 0 0 0 0
4.1136453569858 13.0749302649816 0.603695766860868 6.26946462416999 0 0 0 0 0 0 0 0 0 0 0 0 0 0 0 0 0 0 0 0 0
4.0899766866017 0.0438169823033052 1.7796279875657 4.57273739905429 0.201041331765575 0 0 0 0 0 0 0 0 0 0 0 0 0 0 0 0 0 0 0 0
0.129797389598009 1.23944300325119 0.51315309451945 1.71255408832471 4.6613640742054 0.699110312911112 0 0 0 0 0 0 0 0 0 0 0 0 0 0 0 0 0 0 0
1.36236237222847 4.35395911666447 2.90580064235215 6.10518356291319 2.03192396874391 1.34955532659143 1.51755165655678 0 0 0 0 0 0 0 0 0 0 0 0 0 0 0 0 0 0
5.88256529556384 3.99504027126048 4.68098611606322 3.52448637624993 0.536338633026878 0.155139159763659 1.90218763930733 0.496612641172033 0 0 0 0 0 0 0 0 0 0 0 0 0 0 0 0 0
0.301626622339283 8.36056214436353 2.66855527536923 1.92384364883156 1.48173492149781 0.323720996313864 4.59897396618793 1.30393842613575 7.66782283573978 0 0 0 0 0 0 0 0 0 0 0 0 0 0 0 0
1.04424271346711 3.88323388451694 3.192645665279 2.25140081366329 7.22340952213893 4.51216099993096 0.066143095969941 4.45486309411428 0.434685724829007 1.29909705728997 0 0 0 0 0 0 0 0 0 0 0 0 0 0 0
1.3229567184015 0.554960037785415 0.142589577111971 0.613264197270048 2.55433159396341 2.668305021784 11.4552742184623 0.301524633990292 2.71393718731997 2.70932118780982 0.333337255636709 0 0 0 0 0 0 0 0 0 0 0 0 0 0
0.14812817889662 4.82747492733857 1.42773455084732 0.071509317741175 1.50426735909896 5.99484013381473 0.754299458495633 0.643441774883828 0.873417034686134 1.90553262290548 2.10423942992698 5.06615163643383 0 0 0 0 0 0 0 0 0 0 0 0 0
0.0920915048348221 2.49781170080585 1.08579838339421 0.274618352837094 2.15533700144558 0.920127929638102 1.71827441696377 2.04096587435599 0.246744446320816 1.82673123933457 3.56811069795942 5.17613399483486 5.37624264817397 0 0 0 0 0 0 0 0 0 0 0 0
4.27354697725525 4.4804729914223 0.786273549915111 0.352134360592967 1.08981195991818 1.69790217852708 0.304432340706293 0.203357543432656 4.02964236745597 0.0932071550191787 1.31824312638644 1.50659374756773 0.0284705514413149 0.840233240452143 0 0 0 0 0 0 0 0 0 0 0
3.63805570539493 0.055565059968021 0.175829182456758 0.137904410628978 4.46572479723487 4.17760418200467 1.20748120402045 0.223295951264474 0.215620428771783 3.00005851535607 0.811221801359271 0.254349880886414 0.190586061839692 3.21839511537173 0.421028009390584 0 0 0 0 0 0 0 0 0 0
3.53791528644092 2.25018224885531 0.230675546608982 0.463579084281663 0.935196281937686 0.844240942453375 4.03893675567794 0.17211902038876 2.29578971598973 0.412953794640003 2.28599508394065 2.01866235212534 1.8939786461986 1.6551300498656 0.0517302573356487 3.18909681800358 0 0 0 0 0 0 0 0 0
4.07905120351687 0.786752654165786 2.17412195968466 1.10883990098309 0.620156827936053 1.0390759454443 1.65230103650208 0.77205279920703 0.544641410409633 1.19461073802889 1.28128201708357 8.98188966855805 1.63445869551863 0.974318913655592 1.68898999974785 3.77125241313419 4.20575738595273 0 0 0 0 0 0 0 0
0.383245034836567 0.572743184060118 1.22644347807884 1.63793039616052 0.0279469231869885 0.969656607468367 4.59408610179776 2.69923477533229 2.56602911329342 1.75456358520416 1.8657754787142 4.63071565513086 0.153450710481923 0.698404612220612 1.16121644377928 1.45975790795871 0 0 0 0 0 0 0 0 0
1.09439539333622 4.50955440036259 1.3249746698263 1.885161275773 0.199711142282798 3.66371060697242 2.96658507423063 0.165588518833582 1.13907718353532 0.829245170855178 0.61039652898801 0.978843721641895 0.641431397385661 0.0677212731104023 0 0 0 0 0 0 0 0 0 0 0
0.100328431317972 2.11540914283759 1.40577411613182 0.298116077179952 1.29991630958259 2.38006176833253 1.38087826825947 2.53115449597589 1.81970909657101 0.579648053140191 0.0512910474651725 0.971866347761216 0 0 0 0 0 0 0 0 0 0 0 0 0
2.88836819043448 1.66265743010165 0.99996226525454 3.85412717592007 5.09787507741233 5.13649559443314 0.544214263759235 0.754533412929268 0.615897792113658 0.0270039325282376 0 0 0 0 0 0 0 0 0 0 0 0 0 0 0
1.64792940237279 4.37586641137593 4.44300622243244 3.81529769372868 4.01930987521342 0.997302967024072 0.839685371089513 0.481175031138537 0 0 0 0 0 0 0 0 0 0 0 0 0 0 0 0 0
0.239263501902226 7.59324474803076 7.72826853480524 4.75527018974116 0.5872786842546 13.560972075019 0 0 0 0 0 0 0 0 0 0 0 0 0 0 0 0 0 0 0
1.93636704700565 7.86947476072202 6.90569187830857 0.937766365446289 0 0 0 0 0 0 0 0 0 0 0 0 0 0 0 0 0 0 0 0 0
7.8723280550717 3.46213876536802 0 0 0 0 0 0 0 0 0 0 0 0 0 0 0 0 0 0 0 0 0 0 0
