0.0219313672179555 0 0 0 0 0 0 0 0 0 0 0 0 0 0 0 0 0 0 0 0 0 0 0 0
4.86804282226284 7.3965384572199 0 0 0 0 0 0 0 0 0 0 0 0 0 0 0 0 0 0 0 0 0 0 0
1.72047792549986 0.0290355255450153 2.69345750388711 0 0 0 0 0 0 0 0 0 0 0 0 0 0 0 0 0 0 0 0 0 0
4.67120995775981 1.61809705506871 1.37360979824309 1.05140348703027 0 0 0 0 0 0 0 0 0 0 0 0 0 0 0 0 0 0 0 0 0
6.93842343546255 2.33560139514697 0.155239586215316 0.4602863024613 0.846145914208454 0 0 0 0 0 0 0 0 0 0 0 0 0 0 0 0 0 0 0 0
2.46891125628581 0.167654814156303 6.53597059775046 6.64533782098354 7.8157326268505 1.54523632972196 0 0 0 0 0 0 0 0 0 0 0 0 0 0 0 0 0 0 0
0.0457593607647263 2.68338640996679 9.46949950574513 5.06276833086817 4.24223541151177 2.73100628570039 1.31330620332103 0 0 0 0 0 0 0 0 0 0 0 0 0 0 0 0 0 0
0.459475476523916 2.55479124846465 10.9660891248675 1.87977628251162 2.60407394120752 0.603124526019141 2.73555508760617 3.80735506220468 0 0 0 0 0 0 0 0 0 0 0 0 0 0 0 0 0
0.392201878627241 4.16360494369003 6.77122161302356 2.02754212429947 0.940190119158749 2.03177215120643 1.61633132425054 5.01714103730949 6.80855500488118 0 0 0 0 0 0 0 0 0 0 0 0 0 0 0 0
1.76486289971432 5.44373570053875 1.56520384828148 1.11348240427431 1.51143711007938 0.806736049349598 3.30077802435516 2.93032339509313 0.168416564381557 0.215779953799643 0 0 0 0 0 0 0 0 0 0 0 0 0 0 0
2.84835820433581 1.38785779684869 0.619407517223337 0.111080295372305 1.20385925111239 1.10764172694973 4.60001716423256 1.51651500661835 0.129380718719285 4.3481931384174 0.905644469873274 0 0 0 0 0 0 0 0 0 0 0 0 0 0
6.28367478703158 3.17498836148783 0.562043911511525 0.461913175105213 2.81535463629359 5.33121776144107 1.28814413457581 1.03848935337293 3.53117610371911 0.390507643918987 0.278152533841116 0.61830966873804 0 0 0 0 0 0 0 0 0 0 0 0 0
5.6104083536477 3.48936926858727 3.67374309539069 1.96615962644757 2.78512350713177 1.01190807906562 1.38153314982534 2.04291226219032 2.53569898895371 0.209577606075748 7.65915257519173 1.45428646481737 0.397332870182127 0 0 0 0 0 0 0 0 0 0 0 0
0.374763077323927 3.3748267975094 5.18487480266844 2.00227396437311 1.81098185148514 1.60297098248993 0.415491737128471 5.0224603767929 0.109183766307585 5.51044183335909 0.16005477943175 2.15153065015055 1.02903044094716 7.81907636454865 0 0 0 0 0 0 0 0 0 0 0
0.889923758422463 1.99178801739248 2.92892619254275 1.93808934401441 2.74440154980525 0.0956402608834056 4.58238232878451 0.0886894328380563 2.06778363233271 1.77625925700543 0.97465164619319 1.04328427003351 5.19491658067147 5.00288650716679 3.90978936827273 0 0 0 0 0 0 0 0 0 0
4.78525015579021 6.44491678299367 2.00104482720006 1.47496195778612 4.86364232779311 7.03990031866161 0.156522269341417 2.6782038216615 2.26801244667167 2.79580338265973 2.98781616788307 0.89407420845547 0.376306226515227 0.486589200923005 1.47518711450284 0.206127010227993 0 0 0 0 0 0 0 0 0
3.81364500776395 0.0322682537022405 1.76074759320203 0.227915700861402 1.34144241178073 0.14161694849282 1.58360152845561 4.25973090037821 4.67128635511858 2.63669573649473 0.398958103827203 0.699007224165084 3.80291642241312 2.46938767079022 0.291572301866659 0.136847803303221 4.744740770766 0 0 0 0 0 0 0 0
1.22282275740341 0.622951798035584 3.64302149851191 0.208655185815713 0.824126754840068 0.910219726265635 3.11656827345246 2.59124970510134 3.66360883071638 2.42209845650984 2.93512356540952 1.00515612568113 3.30570289601022 0.0561720429805873 1.60806596195088 0.0514264693717053 0 0 0 0 0 0 0 0 0
5.40527802530564 4.00461391440872 0.968686378473835 1.73484536554475 0.733092687498787 1.02926165822861 0.407224729483682 0.42006468998682 0.856874457807618 6.49007402833486 1.29511862669462 1.04720421899601 3.7628412530535 0.0172025944249027 0 0 0 0 0 0 0 0 0 0 0
0.560313405754855 5.77541721168763 0.576444895002282 1.55789512125904 1.12435274691035 0.24280734782422 1.22799111511876 2.20059339310738 4.07991904323331 0.187602408076322 4.86507878921931 0.251100697718288 0 0 0 0 0 0 0 0 0 0 0 0 0
3.22116320193258 1.11626517291642 4.0759772721669 0.368214292469274 0.244167154744033 1.43272253792759 1.47800810194421 2.90368183273867 0.511086578896217 6.04570000550548 0 0 0 0 0 0 0 0 0 0 0 0 0 0 0
1.32341700611478 0.573801341204852 1.10417460660559 2.8101162489199 3.43560579766343 1.78989888694999 1.48357126413823 2.48678221352992 0 0 0 0 0 0 0 0 0 0 0 0 0 0 0 0 0
0.775030145369186 1.0840799532762 0.99564004046362 0.957896011831222 5.90212908839186 5.74934145156321 0 0 0 0 0 0 0 0 0 0 0 0 0 0 0 0 0 0 0
0.36376565949635 0.0840647536896409 3.18992599975757 8.83015724104031 0 0 0 0 0 0 0 0 0 0 0 0 0 0 0 0 0 0 0 0 0
0.540798849116626 2.44966568275285 0 0 0 0 0 0 0 0 0 0 0 0 0 0 0 0 0 0 0 0 0 0 0
