0.519524106649059 0 0 0 0 0 0 0 0 0 0 0 0 0 0 0 0 0 0 0 0 0 0 0 0
6.02779154652252 13.4609134918167 0 0 0 0 0 0 0 0 0 0 0 0 0 0 0 0 0 0 0 0 0 0 0
3.47842438258546 15.011096387947 12.0209067497803 0 0 0 0 0 0 0 0 0 0 0 0 0 0 0 0 0 0 0 0 0 0
2.76009861071779 10.7184616759285 4.24791923660946 10.4089586281037 0 0 0 0 0 0 0 0 0 0 0 0 0 0 0 0 0 0 0 0 0
1.97903667741967 2.2189599399774 5.33080089430114 2.47230561612848 8.89987031319273 0 0 0 0 0 0 0 0 0 0 0 0 0 0 0 0 0 0 0 0
1.31785278144198 8.89810688231188 9.50356752973905 7.43399781398738 1.11767838223777 1.61123268880969 0 0 0 0 0 0 0 0 0 0 0 0 0 0 0 0 0 0 0
4.94082689386435 6.90729859859146 8.46314799400305 2.07458067509626 3.37734478863324 6.4653482701151 4.0643644670011 0 0 0 0 0 0 0 0 0 0 0 0 0 0 0 0 0 0
2.17870423773337 11.5515786452998 0.567223032482815 3.50067043160438 3.50079332046382 0.991116176291202 2.17929854320518 0.711651312498834 0 0 0 0 0 0 0 0 0 0 0 0 0 0 0 0 0
9.08371941952746 2.59084228108286 1.11798619390259 4.98093436410804 1.43682529514182 3.4308192240367 0.155939124965671 2.33075574649585 2.19915539784403 0 0 0 0 0 0 0 0 0 0 0 0 0 0 0 0
0.93423406743387 1.01857711390361 4.79986189857717 1.10754668890516 5.79567737279638 4.49295073217778 0.185497315095444 3.45853068153711 2.28166709726085 4.84195351972537 0 0 0 0 0 0 0 0 0 0 0 0 0 0 0
3.26245879347552 3.57439633128431 2.38187412064217 5.99092591098264 1.48840606293644 8.44542277288257 3.42090367225729 0.945121589204462 1.47916752438244 1.24610546571494 0.958711597557757 0 0 0 0 0 0 0 0 0 0 0 0 0 0
1.15417808885799 0.301556979131336 5.585593753466 3.24322119923596 6.82657025973034 4.85812167019499 3.58810420129889 4.2429926069188 4.04827142237371 0.7015997946646 2.35593582270251 1.98534696595944 0 0 0 0 0 0 0 0 0 0 0 0 0
0.101896239092447 5.84447717624578 4.12075868316759 8.54045472188522 0.401340775172471 4.05903352012037 1.14741058521983 2.74797885280853 0.8164821473019 1.0448780247848 1.11654370624883 3.09382965834115 0.47932611525055 0 0 0 0 0 0 0 0 0 0 0 0
0.926990305101212 4.24497412543764 7.51445077906102 1.54608726655349 3.17878498400511 6.01058359622323 0.503816069298234 1.52265441329894 2.17377839352266 2.66730205121277 7.88267316118166 3.23532623547605 5.38874427065223 0.410495216065696 0 0 0 0 0 0 0 0 0 0 0
1.45458280983924 6.18924672298705 2.99055851365059 0.427552600125434 8.55645727778781 1.24821715919098 0.551621179956549 0.84636301033351 2.174583157541 12.6687207393393 0.439671231019627 0.514096428920532 2.06598758671244 2.98646285296066 1.34579532458215 0 0 0 0 0 0 0 0 0 0
5.5983151798262 2.78193637323909 1.92916986370803 8.4733477744426 9.39672205059974 1.78654435031441 1.85071717455747 1.42186186128613 1.4665611670203 2.50847629728235 12.4442036278462 3.57682470636184 2.55339347490572 1.57847705558757 11.5279715971869 8.51597350085387 0 0 0 0 0 0 0 0 0
0.959442028372516 10.0842406567645 0.840587308323836 0.420256876452892 0.165945866626374 2.16877602768933 3.00740601753697 1.63964314984235 0.134052068954386 0.140692282726116 2.31784631391478 2.37188701645743 1.56881221266222 9.88630005342131 3.31401633808903 6.29381210108419 4.41397031932579 0 0 0 0 0 0 0 0
0.820166560483931 4.63478434553616 3.89892895232561 0.209936351890428 2.12221057613526 1.2984194546449 3.3667795672803 7.24219575083664 1.73449449426699 3.09786600572272 1.64466792568118 0.0546356469317744 0.602918350588684 1.75622283003002 1.85916795376475 2.41107752915019 0 0 0 0 0 0 0 0 0
1.96524655058708 0.312836272175831 2.76590349342864 0.426867890969731 0.363947765416453 3.3955830159623 0.362566143734083 0.303294911294475 1.33275869025159 1.66945633888741 0.0291721009070062 2.5756074829221 4.32814812182812 0.512669998779066 0 0 0 0 0 0 0 0 0 0 0
0.359504831531682 0.585079451184767 1.88267193541922 3.79382719348635 2.11207767548401 3.10111503642472 1.4172936220877 0.711411274066823 4.19613809511099 2.31379871600475 0.234430368457528 16.8038334006608 0 0 0 0 0 0 0 0 0 0 0 0 0
0.0540442906285625 0.996622828142578 2.59939055914241 9.0064642468171 4.36000221439193 0.929332216052715 0.872376305089172 0.577352988689111 2.41742529226981 2.05540598122649 0 0 0 0 0 0 0 0 0 0 0 0 0 0 0
0.041685852810447 2.01251697969818 0.316100115138543 1.64355810786622 0.0398956429558294 0.0355380034154465 5.14542437360587 3.57012440639694 0 0 0 0 0 0 0 0 0 0 0 0 0 0 0 0 0
0.919827086920179 3.76350670870893 3.51959730567728 2.01338503949592 0.910112304762982 13.1218420401379 0 0 0 0 0 0 0 0 0 0 0 0 0 0 0 0 0 0 0
2.3257411145711 4.57090482268482 0.435544991460494 1.26614133396702 0 0 0 0 0 0 0 0 0 0 0 0 0 0 0 0 0 0 0 0 0
2.11448828556868 2.08399188819299 0 0 0 0 0 0 0 0 0 0 0 0 0 0 0 0 0 0 0 0 0 0 0
