0.627332521665995 0 0 0 0 0 0 0 0 0 0 0 0 0 0 0 0 0 0 0 0 0 0 0 0
0.220499157926478 8.57735751868494 0 0 0 0 0 0 0 0 0 0 0 0 0 0 0 0 0 0 0 0 0 0 0
0.130128131880158 1.37640781519772 3.19044928384961 0 0 0 0 0 0 0 0 0 0 0 0 0 0 0 0 0 0 0 0 0 0
4.29692915508117 0.794999294861763 2.16407896128675 1.26811127629574 0 0 0 0 0 0 0 0 0 0 0 0 0 0 0 0 0 0 0 0 0
0.454308439124746 2.01227287893468 2.18062818533145 3.54674257965098 0.285608315434746 0 0 0 0 0 0 0 0 0 0 0 0 0 0 0 0 0 0 0 0
0.0505724021510235 3.72492196591573 0.136518177881026 1.50900106577579 0.825789742194665 1.22697233029466 0 0 0 0 0 0 0 0 0 0 0 0 0 0 0 0 0 0 0
1.54420822592322 1.88971483688127 1.88030093359607 0.727156508729968 0.632397017126864 3.5738055456534 0.959516878435371 0 0 0 0 0 0 0 0 0 0 0 0 0 0 0 0 0 0
2.21590293594557 1.15132579848747 4.10362955544003 0.295979002429566 5.02447793719269 2.77493148085461 2.11343587112554 1.11258395591237 0 0 0 0 0 0 0 0 0 0 0 0 0 0 0 0 0
1.26072688110715 2.15503667326487 1.42913086616473 0.327594767929544 0.589692814028009 1.76014988198003 1.37570564425735 0.606384586008488 3.17658354059508 0 0 0 0 0 0 0 0 0 0 0 0 0 0 0 0
0.408402625947336 2.21659896155735 9.15109214469507 3.32961830741553 2.28292419671428 1.71388927897978 1.60355385013295 0.407102233151915 0.0214243155155379 0.0974403284713523 0 0 0 0 0 0 0 0 0 0 0 0 0 0 0
0.395402407395172 0.419904053069031 0.615926920448876 3.22958441584874 0.0418699572616264 2.29066634493316 0.232371779518326 0.62849519691134 3.27684325873503 0.0694000583570318 0.811219691843238 0 0 0 0 0 0 0 0 0 0 0 0 0 0
4.37953351749541 3.37100911073936 1.21709624434457 2.22594756165634 0.0708909013247292 0.29622009049152 2.2249527231872 0.0763705951568878 3.26031911504281 0.359006650980595 0.964423987840971 3.38578213427782 0 0 0 0 0 0 0 0 0 0 0 0 0
0.091397191440315 0.873926402514841 2.77176332026812 4.03704842327942 0.78205103948676 4.21226744196461 2.15498513072477 0.0150841188502613 4.0629920585312 0.369656995591082 0.681144404106323 0.810786258342007 1.72473775526291 0 0 0 0 0 0 0 0 0 0 0 0
0.123137999249573 0.159731264671862 1.26081111018232 1.71946089961435 8.84345657798134 0.739896650024914 0.558723800322415 0.409479416303148 1.35595534774267 0.572271074196674 1.06739022264519 1.00647071130721 0.0231444916994552 2.72953639588867 0 0 0 0 0 0 0 0 0 0 0
6.97635534129259 2.31005021409578 0.358199701459731 0.325382803412012 1.52514150541181 1.03451263820945 1.03999458711098 0.315009930551243 3.16957690800334 0.756082201231226 1.79510087285467 3.63135495295554 7.60589442045228 1.6380826097669 1.35368829628634 0 0 0 0 0 0 0 0 0 0
0.0233700649009594 3.88108973553466 1.75925321936633 0.62602483688132 2.6894697140331 1.81364221132022 2.90926491061595 0.126747600883695 5.16800397439423 0.0156752125364459 0.0442684005152786 2.43726746513043 0.26498111302987 3.84713312691323 1.87597111448375 0.837261226911858 0 0 0 0 0 0 0 0 0
2.66548124191318 4.24637450207258 5.41931775786443 2.76075192843661 2.30459291898854 0.23835645977295 2.34564268751553 2.8692839598426 1.10866235833984 1.6714916116645 6.15935161361758 2.3418389362256 3.36182740197965 2.8747040353922 10.3513493805481 7.43387022977146 1.78585395774742 0 0 0 0 0 0 0 0
5.12329418986847 2.70306376314281 0.503116004699044 2.89280928748894 4.70632141496535 2.17110052855851 0.578408512164379 3.44788643553846 1.33271675569052 0.0294789626955143 0.203004912538968 2.28108514704348 2.96698482654645 0.78806264791443 0.415553662765232 5.05850475212194 0 0 0 0 0 0 0 0 0
6.56160035313668 6.58390667460813 0.108508820400148 0.087667820243797 1.07894145480491 0.109531390905252 0.453404874063597 1.84268863900241 2.76634504950028 0.426652876311897 0.549869949608739 7.56212571290549 7.56781012382099 1.30170421062943 0 0 0 0 0 0 0 0 0 0 0
4.70753164030617 1.62600516258652 1.07341126270096 1.71312729668724 0.977223251426692 0.982909502522404 2.14601841796998 0.373548308348994 2.36900643035843 0.787916603347429 2.12674991805332 6.41115156190007 0 0 0 0 0 0 0 0 0 0 0 0 0
2.42261910679742 0.984456572828149 0.0785102090151135 0.544817784781719 7.26325893939045 2.80337326685933 0.902094059495775 2.14719477755883 3.43232709932511 0.906507083431643 0 0 0 0 0 0 0 0 0 0 0 0 0 0 0
2.72179768397766 1.81086628486605 1.99831862143777 4.55149455815752 2.46294228090474 0.606669407894348 0.952577191785256 1.29895502684156 0 0 0 0 0 0 0 0 0 0 0 0 0 0 0 0 0
0.75571498102164 6.66485268158062 0.195629986505497 4.65007321506041 1.69511553260637 3.00511965673799 0 0 0 0 0 0 0 0 0 0 0 0 0 0 0 0 0 0 0
3.72534563579213 0.848636130518156 0.529557538801884 3.00873962486219 0 0 0 0 0 0 0 0 0 0 0 0 0 0 0 0 0 0 0 0 0
3.55426017422652 1.2642879692094 0 0 0 0 0 0 0 0 0 0 0 0 0 0 0 0 0 0 0 0 0 0 0
