0.306558112668272 0 0 0 0 0 0 0 0 0 0 0 0 0 0 0 0 0 0 0 0 0 0 0 0
3.75475388981911 12.8120819214718 0 0 0 0 0 0 0 0 0 0 0 0 0 0 0 0 0 0 0 0 0 0 0
1.70090883725343 0.575155536036103 2.85441588565301 0 0 0 0 0 0 0 0 0 0 0 0 0 0 0 0 0 0 0 0 0 0
4.8271188034608 4.7755404839519 0.10999593322002 1.22552706296186 0 0 0 0 0 0 0 0 0 0 0 0 0 0 0 0 0 0 0 0 0
4.00639721607707 1.3167708709204 0.402280292848263 1.23430412127869 0.180102916374693 0 0 0 0 0 0 0 0 0 0 0 0 0 0 0 0 0 0 0 0
0.827860627529508 2.92658618246818 0.773734551648171 0.432951774943847 5.87468967287092 1.45955505072751 0 0 0 0 0 0 0 0 0 0 0 0 0 0 0 0 0 0 0
0.173593449258797 4.15829683557045 2.43482651417453 3.71280066124176 0.734271001435544 4.70985452742201 6.10161683959563 0 0 0 0 0 0 0 0 0 0 0 0 0 0 0 0 0 0
3.33250139779063 0.155492430961434 4.41483133692949 1.25855278472568 0.281619145775969 0.970143653058082 1.13409280609615 1.62284559012775 0 0 0 0 0 0 0 0 0 0 0 0 0 0 0 0 0
2.27605994308705 4.76017838674355 0.302800833441673 1.80956756894229 0.344464115802536 0.597421560744962 0.223621648771892 0.477918200111558 0.0875347223339974 0 0 0 0 0 0 0 0 0 0 0 0 0 0 0 0
0.713009136028667 0.102209809231177 1.63879374122817 1.65648816354331 1.11959922341045 5.66326011302491 5.33679002497643 0.531733963918964 0.120148880053321 4.87469697282391 0 0 0 0 0 0 0 0 0 0 0 0 0 0 0
2.09894990578141 2.10229275666816 1.06437198899406 0.503015914469921 0.0291947291203445 2.97069326132894 0.833103945467619 1.03569997656961 3.12455163621815 0.380936810456244 0.66570617841549 0 0 0 0 0 0 0 0 0 0 0 0 0 0
4.63494982330248 1.72929887955055 1.45022334088543 7.13530150246513 2.81612924408169 0.341308806314682 0.295057206405156 0.664146937739254 0.662148880841637 4.87096788788907 0.0914032378281171 1.6103814435861 0 0 0 0 0 0 0 0 0 0 0 0 0
2.02670581193793 3.74569535951871 3.23410027565287 0.897309110608468 2.47228132921896 5.16184209809719 0.0299930134750879 2.69699271001075 4.46445854342658 2.26936880225238 0.70879842650943 0.921223238251791 1.04258193621557 0 0 0 0 0 0 0 0 0 0 0 0
0.590404313717559 3.90332730784879 0.0388135135082341 2.97631964504694 3.33918983614245 4.25043940380823 8.683917896859 0.0854361773017629 0.567540887717116 0.266025567940234 2.87069704795927 1.69833678959067 0.729756919637147 0.423584101050982 0 0 0 0 0 0 0 0 0 0 0
3.30266349973077 2.74846200686071 2.83170622757071 0.779895928739521 1.5778891797183 8.25369773732078 2.93726403192081 0.0980502144075913 2.76298651189582 0.486418623593794 3.40348807038711 3.72095673305158 1.9541432105344 3.14456702461163 3.35179967492004 0 0 0 0 0 0 0 0 0 0
0.498178109345495 1.12153447808303 2.00096872184024 5.77736986918928 8.02152227103881 2.63296143669817 1.93768264362811 0.73239948397704 2.243097709066 0.237744165783895 1.06167876231561 4.09093701958205 6.74892744664344 4.07078576195639 7.52959245922392 4.81239308602544 0 0 0 0 0 0 0 0 0
0.553585062516279 0.723946973512212 0.467297742039478 1.48325618967007 6.1453488429226 7.4758401640501 0.0272195349706603 1.02877995027323 1.86035324746183 0.840907848824402 0.357338021457745 3.26213544257157 2.07659894477219 1.62968489911461 0.254583635104493 2.45188642894986 1.22866179741179 0 0 0 0 0 0 0 0
4.05834038240543 0.220552757295016 0.532524505038984 3.09828366268979 2.23860370765463 0.567753822030213 0.19695804854472 2.20719707996293 2.61157339461447 0.632144299089215 1.20138616976363 0.182400347483885 6.85689781473529 0.884991752608393 1.24723545597636 1.23400362809981 0 0 0 0 0 0 0 0 0
0.847373756721311 5.61277053367945 0.0115298324447762 10.5495225730136 2.13697096677969 4.94653342198067 0.666864621965446 1.02553192174644 1.77690850690245 4.41020608867598 0.947752475905841 5.14700521102103 1.78397303768599 4.11423394725281 0 0 0 0 0 0 0 0 0 0 0
0.731468178872549 1.09055785390076 2.9494667012541 0.258064185511977 1.71542195903565 0.398984008034423 2.19519975496999 2.76718747527002 2.26092368894767 3.26323133409329 0.837750173616782 0.012137529907514 0 0 0 0 0 0 0 0 0 0 0 0 0
1.69457731287901 3.0657689778026 0.368944945591499 3.31733851242884 3.02947501075363 0.475614497810291 1.03714986704335 0.783731316805509 3.55498284951844 0.52408596269486 0 0 0 0 0 0 0 0 0 0 0 0 0 0 0
3.00982035008145 1.37862434967661 1.67585561184777 0.899151642952435 3.40812919450539 1.55070712359961 2.67106897395357 1.90486145818469 0 0 0 0 0 0 0 0 0 0 0 0 0 0 0 0 0
0.265954509574449 0.364254618099552 2.91021077475748 0.402532493802709 3.1989867886898 8.64996062763071 0 0 0 0 0 0 0 0 0 0 0 0 0 0 0 0 0 0 0
1.30621333703884 0.489735821071297 1.58152631922169 3.32567352134184 0 0 0 0 0 0 0 0 0 0 0 0 0 0 0 0 0 0 0 0 0
1.22782930389791 3.91203342514242 0 0 0 0 0 0 0 0 0 0 0 0 0 0 0 0 0 0 0 0 0 0 0
