0.601042815838777 0 0 0 0 0 0 0 0 0 0 0 0 0 0 0 0 0 0 0 0 0 0 0 0
2.68745763162117 15.5023427358657 0 0 0 0 0 0 0 0 0 0 0 0 0 0 0 0 0 0 0 0 0 0 0
4.27418084358093 6.48065162954247 3.59208026190782 0 0 0 0 0 0 0 0 0 0 0 0 0 0 0 0 0 0 0 0 0 0
0.354699899076898 1.72994474084548 0.860002883668503 1.59941045236571 0 0 0 0 0 0 0 0 0 0 0 0 0 0 0 0 0 0 0 0 0
6.39862609806086 0.959721242108266 0.805287730530052 0.999154344554669 0.0847881453921829 0 0 0 0 0 0 0 0 0 0 0 0 0 0 0 0 0 0 0 0
0.271424373452809 6.65577001321069 2.43278283258635 0.688295307295962 0.507365729250891 4.1476384403616 0 0 0 0 0 0 0 0 0 0 0 0 0 0 0 0 0 0 0
1.74200146057406 4.53770421903411 0.472153481967102 1.05492551923403 2.60985080426705 1.85125403308513 6.02359564680083 0 0 0 0 0 0 0 0 0 0 0 0 0 0 0 0 0 0
3.04016236271736 7.6692865414581 7.1148680027913 3.74813592019062 3.11554919752572 3.72382241856254 0.0686191616700086 0.539994149998234 0 0 0 0 0 0 0 0 0 0 0 0 0 0 0 0 0
5.4188986852853 5.96072095183768 2.5981359341345 1.96370364578135 0.660111584578462 0.923179631875302 0.214848278698221 0.812072850602742 0.119608962197517 0 0 0 0 0 0 0 0 0 0 0 0 0 0 0 0
0.978558760607869 6.66630656961148 0.933645023233339 0.672417926228236 0.871438762340367 3.00517771088902 0.536655647369198 0.611237805195018 1.26787071195956 2.22617101240839 0 0 0 0 0 0 0 0 0 0 0 0 0 0 0
1.61769155246523 3.15826466858385 1.59712957883537 1.2886826123304 1.66745960312485 3.77591209480399 2.37865990102446 2.55263784370348 6.19517783643775 4.12864326652422 0.618019544532755 0 0 0 0 0 0 0 0 0 0 0 0 0 0
5.7168260625785 2.63295446309389 0.314496968042432 1.88697830099874 0.170298965791595 1.22754962217028 2.21771647251214 4.64670670502513 2.62431524431625 0.469882895484201 0.500450781267132 0.898651552828147 0 0 0 0 0 0 0 0 0 0 0 0 0
0.409622076012663 0.261740374763726 1.21295500909095 2.39424818682292 8.08297434439739 3.50483722085656 0.00105039013404403 7.58280352933994 0.964001328133115 2.50560238423831 0.376738620652201 0.0766868469557195 2.13501951185983 0 0 0 0 0 0 0 0 0 0 0 0
0.39362559837267 0.211011756503416 1.41364330291442 1.03611156231904 1.30973572175061 4.22191714125844 5.30849124053253 1.00633872075726 0.35197016001252 1.44260153305814 2.01414279983235 6.26804059643493 1.29773880772894 0.872018784032443 0 0 0 0 0 0 0 0 0 0 0
3.56799482455192 1.55721162496484 1.4518188864784 1.47007113484299 0.842718708370301 2.23157631287889 1.98126343055316 0.0534556672649026 0.726053624081116 2.52660422392181 0.876880369650571 0.813679873043917 1.67283633226056 2.76195838506708 3.50060063908047 0 0 0 0 0 0 0 0 0 0
4.03891668230038 0.682033229527705 0.0282690479212805 0.235889507227117 1.19788712793743 0.257623144704825 0.268126096509456 0.576415516239366 3.06572274551675 1.72556460006849 2.96319046348632 1.32316820443178 1.47529896288066 1.9601050132228 2.64366546928049 0.755153206757599 0 0 0 0 0 0 0 0 0
8.34950894542046 0.408262226682918 2.49925188734992 1.13327711181597 0.211739470109134 1.00811659698213 1.23568074503816 0.572649949095569 3.6182738833315 1.66069127805063 0.6192931119975 0.965624242196636 1.98317050470164 4.73033265337121 0.163210048094286 0.0998718293706268 2.54216415098849 0 0 0 0 0 0 0 0
0.000672657355213068 7.36205315855369 6.49370142280057 1.53557981345464 0.722407019871986 3.35404892812134 1.60142405881314 1.50368268821451 0.248159325298207 0.420329653896496 1.80064521751897 0.0371894464088016 4.06816743510544 4.90463490234812 0.375558179970211 5.81248147594807 0 0 0 0 0 0 0 0 0
1.18129645959658 4.66893525551643 0.123868605472487 0.0775469654458712 2.60194853682974 1.05763595359058 6.33195712093788 0.372243875114564 1.93172693496154 3.15693990371739 0.828957804273541 4.85999887901109 0.734275982685212 2.26381909995548 0 0 0 0 0 0 0 0 0 0 0
6.77160975483547 2.39200000867037 0.367151966030839 1.73673576062346 0.806177012871393 1.30829396643516 2.94410487231612 0.264550659776114 1.00825435983869 0.484366479853607 3.39617401157028 2.11955668236849 0 0 0 0 0 0 0 0 0 0 0 0 0
1.66947742970204 0.443489271093222 2.05300656353677 1.29091246517133 0.0446193081292045 2.0538081800468 0.173561052905073 2.42524222212575 1.19185353321344 2.08243671080996 0 0 0 0 0 0 0 0 0 0 0 0 0 0 0
0.909543220278044 1.03221640895535 1.29059303899102 2.0413970851372 3.74942690531932 2.67735655936743 0.114063212053318 1.29996850508074 0 0 0 0 0 0 0 0 0 0 0 0 0 0 0 0 0
0.318909886767442 2.14471715484808 5.05132528026561 2.13077402587744 0.354417664893858 10.60663067689 0 0 0 0 0 0 0 0 0 0 0 0 0 0 0 0 0 0 0
2.44035923459633 1.78759222244541 3.95759799350088 1.46813261183655 0 0 0 0 0 0 0 0 0 0 0 0 0 0 0 0 0 0 0 0 0
7.37801221128642 7.24586513624773 0 0 0 0 0 0 0 0 0 0 0 0 0 0 0 0 0 0 0 0 0 0 0
