0.310665750616327 0 0 0 0 0 0 0 0 0 0 0 0 0 0 0 0 0 0 0 0 0 0 0 0
2.89552310759641 13.0677485419708 0 0 0 0 0 0 0 0 0 0 0 0 0 0 0 0 0 0 0 0 0 0 0
2.77574226532757 9.90397255712736 13.0763026580612 0 0 0 0 0 0 0 0 0 0 0 0 0 0 0 0 0 0 0 0 0 0
6.53668501985648 8.88522639302953 3.69950831889446 1.11870918411954 0 0 0 0 0 0 0 0 0 0 0 0 0 0 0 0 0 0 0 0 0
4.17499386923363 7.05383412051982 2.5380352998072 0.305054389076358 1.01551699011979 0 0 0 0 0 0 0 0 0 0 0 0 0 0 0 0 0 0 0 0
7.36776069129893 9.39653487631541 9.08874856519504 1.54276918191714 3.94228863813919 2.66937586529235 0 0 0 0 0 0 0 0 0 0 0 0 0 0 0 0 0 0 0
1.60140378236765 11.2289568046205 12.5053339920896 2.4165559340963 2.94331834089818 0.451583601021057 2.78295301848315 0 0 0 0 0 0 0 0 0 0 0 0 0 0 0 0 0 0
1.64261839287102 12.8693593412593 2.95451443237176 0.129474702831943 0.842963714073457 2.59822755011475 0.917246021508841 0.142634877227766 0 0 0 0 0 0 0 0 0 0 0 0 0 0 0 0 0
3.99169549306904 2.33821809563364 0.332581274058507 0.537928418686343 0.663686975298279 1.0336877324785 0.146962793617778 1.76915352164653 3.65270347505384 0 0 0 0 0 0 0 0 0 0 0 0 0 0 0 0
1.11601445850026 3.95837534669263 0.617756364565375 3.82379906392131 1.00871512254082 1.90494808987825 2.61554370896985 7.91832179849184 2.33269661046718 2.62591460816601 0 0 0 0 0 0 0 0 0 0 0 0 0 0 0
2.53949047017699 3.35084984312783 0.939406682664011 0.370406763707047 0.562083333272337 0.949151364588905 1.84638312507152 2.33300058605362 0.265699028760073 1.90443834233294 0.585363915666989 0 0 0 0 0 0 0 0 0 0 0 0 0 0
0.704447029825429 4.02752192456327 4.54546815242973 2.22545517382897 1.63234898266669 0.249632213829105 0.590481771625585 0.269046414181596 1.23331829600169 0.640952357132622 1.41899224297062 1.19456815034958 0 0 0 0 0 0 0 0 0 0 0 0 0
0.951299810975724 5.63458607438626 1.2516313464628 1.40269148646905 1.48382495475672 2.08734570841266 1.12251630895935 0.681202286824256 1.05215875210114 2.60428241225896 1.69635883516621 4.79531510305037 0.0496255947327182 0 0 0 0 0 0 0 0 0 0 0 0
0.648619520211784 3.65098545499911 2.00206866590312 6.84664390381947 0.247856425495466 0.815033525778111 2.25291843360046 0.863677861259211 0.824659097639669 0.315825188548106 0.10598346815381 0.977447349330829 1.05186691480578 1.59643391353851 0 0 0 0 0 0 0 0 0 0 0
0.479405013158309 6.36748681372343 6.88695371534697 0.325655839606613 2.21655000536653 1.62922955899887 2.44139623130727 3.11470984098306 2.70539161900039 0.0932386580215413 0.0439768726859017 4.24428123195939 2.20861942575933 0.0149265885505973 2.15917819282751 0 0 0 0 0 0 0 0 0 0
0.215049629003492 5.92162203617819 1.47693864668597 0.268380916011645 2.73835191765305 1.63248808459899 1.01961701537066 1.39778495442993 0.909147896597723 1.63972595934398 0.313787153616121 0.744402045068402 1.37156217218785 2.50297427185086 5.46715784712454 2.57544952232461 0 0 0 0 0 0 0 0 0
1.82091622676475 3.36385194052215 1.14463357579878 0.537655102213571 0.745596455216528 0.348699240281016 4.24377219854544 5.44255129106792 0.0100734715454694 5.39540470932562 2.24750509743537 0.503830602382549 0.323789121093954 0.302710153709655 0.746386214546177 0.284208194687543 2.02752960955573 0 0 0 0 0 0 0 0
0.376062487582231 2.21147760877759 0.521172017780201 1.19698263412996 2.60682448551138 0.0606641821714779 3.93457507232088 1.59369484926322 3.04356979034358 4.4674575700962 3.65376283224852 0.127381763787182 1.4448544247978 0.133886373452369 0.0293023114273844 0.643023181024055 0 0 0 0 0 0 0 0 0
0.631327307960408 4.59216840748286 3.31979716619186 2.28337085250649 2.28955429799649 1.87376719265354 0.0146200107337272 2.79209039237349 2.52395298012114 0.388137215076448 0.651283614700205 1.24395505491837 1.69347791447566 0.844880124557286 0 0 0 0 0 0 0 0 0 0 0
2.84813367558774 2.28158528868601 0.285595781503212 0.960694325392543 1.34025866523358 0.0991446278703786 0.642277195554768 1.71388445371516 4.00946365221236 0.279161542337291 3.05351527262126 0.138132834991019 0 0 0 0 0 0 0 0 0 0 0 0 0
2.61094364374873 0.795597281973292 1.35695664362468 2.24447200792732 0.519652295892527 0.703721824250078 2.45594803823569 2.22344787139006 0.418522006238502 1.75528586636585 0 0 0 0 0 0 0 0 0 0 0 0 0 0 0
0.443215741792587 6.29580120631586 2.35062424667925 0.764244158869922 3.73558137003006 0.512840349913084 0.210359463901074 0.347622086582627 0 0 0 0 0 0 0 0 0 0 0 0 0 0 0 0 0
2.94478962445233 0.671251430909202 0.0602488310268679 0.132466865568642 4.84792701111455 0.552369314118697 0 0 0 0 0 0 0 0 0 0 0 0 0 0 0 0 0 0 0
2.16319697780263 4.90052484811597 1.98353609929962 12.2157743609584 0 0 0 0 0 0 0 0 0 0 0 0 0 0 0 0 0 0 0 0 0
0.234476195083947 8.91322564448815 0 0 0 0 0 0 0 0 0 0 0 0 0 0 0 0 0 0 0 0 0 0 0
