0.2303601218624 0 0 0 0 0 0 0 0 0 0 0 0 0 0 0 0 0 0 0 0 0 0 0 0
5.35592934101753 14.6294943687023 0 0 0 0 0 0 0 0 0 0 0 0 0 0 0 0 0 0 0 0 0 0 0
3.2016164215828 15.694135767673 9.48868743274939 0 0 0 0 0 0 0 0 0 0 0 0 0 0 0 0 0 0 0 0 0 0
2.32247747933709 8.51719403918518 3.26136628184986 3.62397274736242 0 0 0 0 0 0 0 0 0 0 0 0 0 0 0 0 0 0 0 0 0
1.3809522197304 2.04590474136365 1.86683146550894 3.4387988760157 4.81204162259875 0 0 0 0 0 0 0 0 0 0 0 0 0 0 0 0 0 0 0 0
1.21380968065256 5.97751520018921 7.42804999635417 5.93260817837344 2.34989416827654 3.11428847280413 0 0 0 0 0 0 0 0 0 0 0 0 0 0 0 0 0 0 0
2.68557584489819 13.7832765554891 12.5795820879279 5.28267371047858 2.71431228908102 0.61665513580114 1.53997966468629 0 0 0 0 0 0 0 0 0 0 0 0 0 0 0 0 0 0
4.44147523773063 14.2097927939007 4.64787833317547 1.06565173798209 0.422737798800436 6.26075876591914 1.87701258948744 0.207039623248413 0 0 0 0 0 0 0 0 0 0 0 0 0 0 0 0 0
2.16743565233793 2.14299942882278 1.11712362156839 0.088781679713295 2.46447154585364 1.47544110807355 0.342909112903036 0.217197061668561 0.618228905562048 0 0 0 0 0 0 0 0 0 0 0 0 0 0 0 0
2.46295121918544 8.45098058480856 5.40209475285063 1.39430787968791 1.55915488443047 1.19355794848111 0.745112432278279 0.201834283357684 1.47425326284575 0.892502881020077 0 0 0 0 0 0 0 0 0 0 0 0 0 0 0
1.15031727128344 6.93691782488809 1.19002418296916 0.182373648654127 0.843386067000761 1.49477591145872 0.663945628529147 1.15689564323053 1.37780997379631 0.0328003867480193 0.194851768143395 0 0 0 0 0 0 0 0 0 0 0 0 0 0
0.238164733296145 1.16514567042068 3.23936422659038 0.114534639902479 1.52334108760276 1.28480695595558 0.29488184537034 0.837155240464852 1.20013763607033 0.118259584956365 2.59044824307317 1.02075749478637 0 0 0 0 0 0 0 0 0 0 0 0 0
0.584408483349305 7.08858502863611 1.09073520836378 1.41745798215512 1.61603201364857 0.0365114709775574 0.284094075202774 1.08871744347957 1.80335502423258 0.292100688850941 0.805065510748035 3.22370663477785 0.377413896766044 0 0 0 0 0 0 0 0 0 0 0 0
0.0986066459006281 2.27275188452952 1.19531802817417 3.04610342849129 1.07876828379121 0.664799607226158 2.29508851795052 1.52798065498893 0.816187736103777 1.99723320536331 8.1168989362621 2.96605770040011 0.0217733421725897 0.572656069628795 0 0 0 0 0 0 0 0 0 0 0
1.32256378361318 1.72019885509658 0.1164552381338 0.121699978808632 0.948650083636971 1.89803850416844 1.77080855319862 0.697328200773132 2.24959407982371 5.43380818760001 3.58535017115935 2.5305261444901 1.1817249475432 3.70564841673676 3.77091947195543 0 0 0 0 0 0 0 0 0 0
2.42171449811275 0.382843919911552 1.51228888062581 1.53729881098515 1.30631460266154 0.439499774778199 0.245215409099472 2.64893346857263 0.0244068767881396 2.1701544563013 0.410499614525272 0.359143554859539 0.515199458938543 0.501523593410716 3.031953934566 2.08941302449246 0 0 0 0 0 0 0 0 0
4.35562347638721 0.726594800656924 1.59381312295193 2.27786092958164 2.49622224461499 2.60211295205447 1.5491500541569 0.439039994838967 0.99469310109952 3.35644552419248 0.486814808916612 0.662452839004816 0.952246590749211 3.33224979238091 1.16611346133967 11.1633694355243 2.36500160198826 0 0 0 0 0 0 0 0
5.15924444618778 0.545105398279869 1.12799060867529 1.62444823937878 0.653106585050094 1.780411077562 0.00868577483778349 0.977790122450122 0.147736026358921 0.186383619972093 1.41632770148342 0.996540661123198 2.86820486380758 2.68962100943441 3.65681441248112 1.62617067579018 0 0 0 0 0 0 0 0 0
5.27535459133135 1.08489833859578 1.91441054512506 1.14795583307829 0.496809656959563 5.35141831970889 1.6094804561312 2.63106110126379 0.871018167438846 1.93027976352263 0.30156806717193 0.817031675808001 6.0530156284085 2.40447896723362 0 0 0 0 0 0 0 0 0 0 0
5.70241820411641 2.35512141968401 1.40102016388728 1.14370988449132 1.22986862873568 2.48754413626502 3.10725144544012 0.0809778450332401 1.7058186633996 2.44594606498871 0.299864764945726 6.38971844940173 0 0 0 0 0 0 0 0 0 0 0 0 0
3.85093370349078 2.14278601649335 1.29910914309942 0.190701135225551 1.35536746096733 3.90537218742651 0.848337034283539 2.73668536797842 3.18856619475547 0.422481651362351 0 0 0 0 0 0 0 0 0 0 0 0 0 0 0
0.32209296713601 1.41466529161193 1.57923866451187 1.54344098606704 1.09540736542725 2.27541171509507 3.15724374799556 1.96669019887377 0 0 0 0 0 0 0 0 0 0 0 0 0 0 0 0 0
0.872593554598932 3.34167177294123 0.810958444321623 2.72414611016388 2.46299867087605 8.00361259469715 0 0 0 0 0 0 0 0 0 0 0 0 0 0 0 0 0 0 0
2.7441487117041 3.13386577320828 6.31642179395776 0.0762491723834882 0 0 0 0 0 0 0 0 0 0 0 0 0 0 0 0 0 0 0 0 0
2.40954063248214 4.70931360923341 0 0 0 0 0 0 0 0 0 0 0 0 0 0 0 0 0 0 0 0 0 0 0
