0.0953941479623963 0 0 0 0 0 0 0 0 0 0 0 0 0 0 0 0 0 0 0 0 0 0 0 0
5.90330599044387 10.5301889105489 0 0 0 0 0 0 0 0 0 0 0 0 0 0 0 0 0 0 0 0 0 0 0
5.67347355450026 17.651013219242 11.5908482020853 0 0 0 0 0 0 0 0 0 0 0 0 0 0 0 0 0 0 0 0 0 0
7.48757728797281 14.0808181200769 6.98205014033011 2.67172984501568 0 0 0 0 0 0 0 0 0 0 0 0 0 0 0 0 0 0 0 0 0
4.00924014445576 4.23460999045249 1.25637811100467 0.880732722136216 1.39512183877131 0 0 0 0 0 0 0 0 0 0 0 0 0 0 0 0 0 0 0 0
2.92411618494053 9.46123954540165 1.47646307444653 2.28510729868549 1.72784478323667 2.06691422237171 0 0 0 0 0 0 0 0 0 0 0 0 0 0 0 0 0 0 0
2.31930518967949 2.12234502986859 1.01751052247202 9.00740195678218 1.85151221478177 3.29900943754641 3.72484589769098 0 0 0 0 0 0 0 0 0 0 0 0 0 0 0 0 0 0
4.20849400806652 0.479570477203736 3.571633503778 0.141329788277805 1.50135751018365 1.97212789959837 0.193907847667985 3.7515375847569 0 0 0 0 0 0 0 0 0 0 0 0 0 0 0 0 0
2.32431013664522 2.79055252991391 0.183390021345337 6.48733176528066 2.19221373119981 5.42655546927726 6.54715014508701 2.57034481523129 1.81629671823434 0 0 0 0 0 0 0 0 0 0 0 0 0 0 0 0
0.46640060022576 2.01912895862425 0.440499342529957 0.377220504408462 6.36927263488131 2.52856416377517 0.732026388695291 4.08864683796781 7.02376698821392 3.56849135047823 0 0 0 0 0 0 0 0 0 0 0 0 0 0 0
0.925705162382674 7.50415128816326 10.9145941336667 5.27120127224582 7.65353394965426 5.03577636937322 2.86427822472157 0.817857089823465 1.006278368149 1.20402118434793 0.0654243391503271 0 0 0 0 0 0 0 0 0 0 0 0 0 0
1.50734261262826 8.49155926590009 0.36567630912989 1.50574617341166 4.0211167362062 0.111768746888025 0.498538753598471 4.26087630266304 6.73698004707248 8.56154596846535 0.201606992175381 6.9012072337866 0 0 0 0 0 0 0 0 0 0 0 0 0
3.40128043828948 1.81609106172178 1.25063459807139 0.456295115787259 0.788301046832037 1.39464114862484 1.22741749871043 0.375026991562541 1.05499890554836 0.73701972905747 0.991234800426895 0.24215224013681 0.122054894003367 0 0 0 0 0 0 0 0 0 0 0 0
1.21113959410744 7.86145303675568 4.22041755994544 6.29086522594454 7.09244434385245 3.56552800198739 5.12093338982774 1.08302809304209 4.73686519176596 2.19694500192385 0.10705899085426 2.491671555849 0.399470425587731 0.400755799331972 0 0 0 0 0 0 0 0 0 0 0
1.12225685470846 1.65313067518695 2.49193801441624 2.79042154572862 1.32125248397607 5.19248654747564 0.772084069317409 2.17707674181766 2.94408206586244 7.73485060159787 1.24022024885118 6.24915073045189 0.560288965063028 2.94751868144223 1.75118610767934 0 0 0 0 0 0 0 0 0 0
0.628561942056539 1.81252461217637 8.87558098753868 0.143155751422452 6.19902645497487 0.971007630704577 5.93023265583197 6.8527666293657 10.9004166393192 12.7905197186824 3.33044766195838 7.28359172642281 3.55000182635742 0.71570705083518 2.77200491591229 1.83522788982508 0 0 0 0 0 0 0 0 0
0.916813648702439 6.64787882609966 0.107651832214468 0.240604423451521 3.6658966562006 4.09621316411807 1.71264823323129 7.12541553396343 10.6976994236236 11.068606568351 0.214885198633844 0.608511366165904 0.168699755732515 0.395613337892883 3.90834422486666 10.8472568364536 0.0431856728580686 0 0 0 0 0 0 0 0
7.39672261952342 1.53158301369379 2.87579202970897 0.482021630008628 2.94726985774454 0.185722962896702 2.19201104980231 3.34975157570352 5.60804796387261 5.04656152427039 9.79248695524769 1.33861434095077 3.35564562528198 0.398270134290527 0.888989145623576 2.0614370174076 0 0 0 0 0 0 0 0 0
1.61085251036426 1.96497840072227 0.115867273591884 5.64925712279638 0.296372416195491 0.860595048586788 1.09223532169893 5.45645293323573 6.53255222702642 0.453685546475391 0.68477209446237 11.0137604804138 0.986404812751689 9.10397056396713 0 0 0 0 0 0 0 0 0 0 0
0.675170450856529 1.50634763822183 0.76593504168696 0.68417073013677 2.65881835346865 0.957429206457551 0.830818705735042 0.988018059632531 5.07447553453976 6.91446867761439 0.0173756565461638 1.96926021653493 0 0 0 0 0 0 0 0 0 0 0 0 0
3.77580732634584 2.14830340548609 0.671511804470354 0.354483582983694 4.62843123835638 1.36400318858111 1.55022674073651 2.17045398729402 5.35121065001445 4.48009570449375 0 0 0 0 0 0 0 0 0 0 0 0 0 0 0
0.115123376090236 1.05373818762373 0.952625356930123 0.307499230421695 10.3823595588072 8.91118678768764 0.09096563004383 1.97987367294364 0 0 0 0 0 0 0 0 0 0 0 0 0 0 0 0 0
0.0723608750115609 1.54592540368077 0.103817756206162 0.063118297674093 4.43908702810987 3.36440487889612 0 0 0 0 0 0 0 0 0 0 0 0 0 0 0 0 0 0 0
5.42269498007124 0.583962144019682 0.526331883387252 0.687227406726646 0 0 0 0 0 0 0 0 0 0 0 0 0 0 0 0 0 0 0 0 0
4.14437832263837 0.272323819459855 0 0 0 0 0 0 0 0 0 0 0 0 0 0 0 0 0 0 0 0 0 0 0
