0.136527501175159 0 0 0 0 0 0 0 0 0 0 0 0 0 0 0 0 0 0 0 0 0 0 0 0
6.47377330440837 12.5112452275192 0 0 0 0 0 0 0 0 0 0 0 0 0 0 0 0 0 0 0 0 0 0 0
5.11068142608311 18.2156803162617 14.4664970502009 0 0 0 0 0 0 0 0 0 0 0 0 0 0 0 0 0 0 0 0 0 0
5.9041025233431 15.0967445662461 9.00621915528468 6.85947845465768 0 0 0 0 0 0 0 0 0 0 0 0 0 0 0 0 0 0 0 0 0
3.22965889169868 5.71405335744995 3.70151733949006 2.42071588669014 1.64801675194803 0 0 0 0 0 0 0 0 0 0 0 0 0 0 0 0 0 0 0 0
5.96903525818509 12.0906107684388 9.18844940318285 6.80989263205443 2.90114677257204 10.8315180388046 0 0 0 0 0 0 0 0 0 0 0 0 0 0 0 0 0 0 0
3.47938916129959 7.50514401254463 4.3141051384773 7.88940300009559 3.04547070509722 11.3690728710268 5.07433108649859 0 0 0 0 0 0 0 0 0 0 0 0 0 0 0 0 0 0
4.4726043669244 8.77056234564149 12.6450021937989 8.16804113803205 3.03139684133896 7.74211261385466 2.27842272915781 2.43665512548375 0 0 0 0 0 0 0 0 0 0 0 0 0 0 0 0 0
3.0022835165418 7.26080929372848 6.81259571528245 4.79510032925841 1.24808097099844 6.07116585004994 1.24900659731358 0.55917436497926 0.160700516277827 0 0 0 0 0 0 0 0 0 0 0 0 0 0 0 0
6.68041817221327 10.1906572603107 8.75827208152509 9.37611046703315 0.113136260199111 8.76614246308379 0.511500828909087 2.03025279712294 3.09512684449207 1.67947709065697 0 0 0 0 0 0 0 0 0 0 0 0 0 0 0
5.4434314478463 12.8532339617009 10.6125230385965 5.02733449231198 1.49481486614141 0.159094411795274 2.21961717908459 6.63619116353597 4.35097541351747 3.4371258046247 1.26082081123638 0 0 0 0 0 0 0 0 0 0 0 0 0 0
5.96273372173277 11.1665716206751 6.21768918227425 2.75658351931367 0.245223850904876 4.87692796885095 4.10207977137473 0.575127030556 4.14996529295093 3.71229963608227 2.82929301902424 0.642253985353775 0 0 0 0 0 0 0 0 0 0 0 0 0
2.89410690993462 3.5936633237945 1.42491926391326 0.398554613668358 1.58302682561625 1.36444177337809 0.606029751730514 1.27599143100554 2.97619797979232 2.56713869777815 3.40253057827023 1.15666852456085 0.607209019331404 0 0 0 0 0 0 0 0 0 0 0 0
0.277816409884074 6.53583156268774 0.0940856673939322 1.60319763480113 0.98994144444281 0.542196464052126 0.30202765354585 1.01724795799713 5.00020465889331 0.301574115006927 1.30103047821536 1.10598260966057 0.79823837760227 0.281095003240609 0 0 0 0 0 0 0 0 0 0 0
2.02702608506402 0.128813205469612 3.16974687457423 3.12091296739814 1.40587431751501 0.12422120634167 2.03221290629855 0.399563210268712 1.38708176520621 0.596564315474516 1.05583753742819 2.45076835496189 1.28091938322165 6.68755349120075 0.0422100999602817 0 0 0 0 0 0 0 0 0 0
2.13575186546415 1.26640458336133 0.416855715835799 0.477747555250885 2.68420332214254 1.96432835361413 0.490797033779208 0.529624860300066 3.19759668045529 0.230801568092652 0.278048949626278 0.278163151750943 5.18007867768172 0.465615897492755 0.666644870776074 0.412913151459557 0 0 0 0 0 0 0 0 0
0.269864305102995 2.57242174078106 0.753922070543835 0.61310402551001 0.845702976606577 1.78811132761667 0.220312416710879 2.01149618416468 0.777981795120067 3.2563251305886 3.90339376550846 6.31650797002638 0.669412134275652 2.73269725094401 0.497959975732596 2.95612168707139 0.99314779718235 0 0 0 0 0 0 0 0
5.37488361928804 4.23332103824557 1.12794864714752 0.71994796268153 4.91599633910998 0.966945866223528 5.0617344658153 1.43949292212683 2.47995563207813 1.51835274360736 0.0761305653507002 0.391277906665815 0.494014427425332 1.35496511911609 0.397616003022225 0.13832881761045 0 0 0 0 0 0 0 0 0
3.39489939412744 1.85197292076528 3.47104598919619 1.77769396856078 0.149328688451696 1.27035738827299 2.8414775254139 0.954825358360172 0.940485236855826 1.57436664487889 0.365457475164952 0.765162912059779 1.77942692168662 4.63748209717142 0 0 0 0 0 0 0 0 0 0 0
0.291081957247876 5.58382326248401 3.64442416608737 2.16804266835726 1.95454460968848 3.47094067326891 3.89166998472093 0.9423737441053 0.557377573578996 2.27565172016156 0.845697916709661 2.01844268700422 0 0 0 0 0 0 0 0 0 0 0 0 0
0.827536973550956 3.68617629597346 1.10949079808988 2.14662577793054 1.3860316609798 0.38995546551574 2.71562764599091 2.48953086555094 0.155065679542065 2.1462463048211 0 0 0 0 0 0 0 0 0 0 0 0 0 0 0
3.27500389534059 0.969914893118483 1.9420571511629 2.12473448851096 1.12414193135612 3.4469147467971 3.5078682791988 0.0579563648597027 0 0 0 0 0 0 0 0 0 0 0 0 0 0 0 0 0
1.85890408701982 0.115684263460943 0.380631338532877 0.449636567230462 2.38269596471971 4.52334769854339 0 0 0 0 0 0 0 0 0 0 0 0 0 0 0 0 0 0 0
0.140609411536192 0.78457444267094 2.3578910516605 6.2486200574199 0 0 0 0 0 0 0 0 0 0 0 0 0 0 0 0 0 0 0 0 0
0.072374303108349 10.2899681659857 0 0 0 0 0 0 0 0 0 0 0 0 0 0 0 0 0 0 0 0 0 0 0
