0.211600463491576 0 0 0 0 0 0 0 0 0 0 0 0 0 0 0 0 0 0 0 0 0 0 0 0
6.67938879672792 13.069679000688 0 0 0 0 0 0 0 0 0 0 0 0 0 0 0 0 0 0 0 0 0 0 0
3.62584647346856 16.4966158735731 14.0019846433116 0 0 0 0 0 0 0 0 0 0 0 0 0 0 0 0 0 0 0 0 0 0
3.36908476000739 14.7141172501725 0.97080980226638 7.54752247797515 0 0 0 0 0 0 0 0 0 0 0 0 0 0 0 0 0 0 0 0 0
4.2432202848449 1.75627692998682 2.6310746733559 10.2203100692052 9.86277977551109 0 0 0 0 0 0 0 0 0 0 0 0 0 0 0 0 0 0 0 0
1.47959106050506 2.29860594656374 10.181086471441 11.6684949920024 1.6709570729678 4.21807083893006 0 0 0 0 0 0 0 0 0 0 0 0 0 0 0 0 0 0 0
4.31057043511755 12.2229231814871 11.206734029978 4.62202890868338 1.58214529626005 5.18415241665934 8.40501382772242 0 0 0 0 0 0 0 0 0 0 0 0 0 0 0 0 0 0
8.80927578420645 12.6527991429566 7.35405104031796 5.25607617160826 4.33680546626749 6.2868327837547 1.32043577725016 0.326838401652736 0 0 0 0 0 0 0 0 0 0 0 0 0 0 0 0 0
6.47231460874806 2.37017773393287 2.73081434355708 7.50361992390853 2.21769671283754 7.22681188876981 3.10262649991688 2.62435746925791 2.4304027749308 0 0 0 0 0 0 0 0 0 0 0 0 0 0 0 0
0.118524502049122 7.26101276294614 11.1634505019064 5.39919654617688 4.67488839903592 3.94916960316912 0.490687629906762 1.17658875278425 4.01254660323593 1.13984825730764 0 0 0 0 0 0 0 0 0 0 0 0 0 0 0
3.62222545400673 16.9869479022457 9.38742165726406 6.09955973269927 1.26211255580448 1.89929041716978 6.66043134025111 0.834564570254379 1.34541516877155 5.15633339856326 1.38710330063362 0 0 0 0 0 0 0 0 0 0 0 0 0 0
6.57206284314725 8.99107487127745 4.85035154042397 1.11423174373865 2.49970650259984 1.25914689075155 0.354237470593424 2.82339399166531 6.25978112680652 1.25615662876909 1.35402502364013 0.478459294075504 0 0 0 0 0 0 0 0 0 0 0 0 0
1.65185103745027 7.58157506339559 2.25867335244155 1.15867140580028 1.36770347828358 0.944229462934339 0.458346991635105 4.01093407561898 1.48464498699428 0.60280323782658 0.230304801026117 1.83843223200711 4.27382207899175 0 0 0 0 0 0 0 0 0 0 0 0
3.32957383908698 1.64834422057092 2.32166708575777 3.79499754601371 0.66714469352394 4.33317065520922 8.27068101432548 1.38582715931326 2.59088059015747 0.119354549272861 1.88989713521483 0.901753278313865 4.04040658201079 0.212637151786502 0 0 0 0 0 0 0 0 0 0 0
0.248482981562278 1.51476458089538 0.297077240821668 0.324719149079564 4.38111192395392 1.00766319685871 0.437253341604231 1.13360096432232 2.48162204870929 3.29218260592776 0.762788768890251 0.938217212050621 0.829133586870608 0.857910987933233 4.71000755669135 0 0 0 0 0 0 0 0 0 0
0.85955921180622 0.873123248535651 3.75722025323031 6.47365293858417 0.152778907752625 4.42029546161796 2.65888963361761 0.315470897138001 0.11639714923267 3.4087599086134 1.93345299732052 0.105281144970869 3.41724969677157 0.878373493932671 2.57742160386921 0.207191208649519 0 0 0 0 0 0 0 0 0
1.68882488642727 2.14072418697791 3.29832082548775 4.31967236948304 2.9273313301565 0.0320635695622233 0.0559926155285942 2.155416585153 3.46000348097053 3.43355113744991 0.234286862987975 1.02482640636912 1.55410737133713 2.16515116604563 0.973493820632256 3.25399010126777 5.73419334161668 0 0 0 0 0 0 0 0
2.87320337894492 4.25741600534167 2.13983400244489 2.29550731466575 0.7572711059008 0.877445683160454 2.18901249958854 0.234737431417033 2.39618363551537 0.524605806693348 1.34589336160601 1.76153140367554 0.971031645609206 4.38979008984746 1.02473012209687 3.75157624044341 0 0 0 0 0 0 0 0 0
0.146208614991159 3.52519960255338 3.06128899151096 1.84255601339599 3.9880592749058 0.0877186265523552 1.50320846717318 0.923173093941462 2.68909943689926 2.03587568253169 1.45650483960841 1.0665293234036 2.67076473049843 1.16090702550071 0 0 0 0 0 0 0 0 0 0 0
2.64204624512331 0.359100883531062 0.935696264539715 1.25463301180912 0.707975964493841 0.828623964983126 4.20885548047711 0.905138287042831 0.410805412655779 1.27066971273872 8.78659273426571 3.28898208605292 0 0 0 0 0 0 0 0 0 0 0 0 0
2.84092652817455 0.100493612964138 0.757944289788122 0.999145353042502 4.44617663031331 0.19920642870846 0.51919431300992 0.878408175323659 5.28574248468603 4.02435242509176 0 0 0 0 0 0 0 0 0 0 0 0 0 0 0
4.25605956500431 0.939440491626312 1.0531744131755 0.910860906304543 2.69195012144857 2.43754192255855 0.286780166663384 6.76471695761856 0 0 0 0 0 0 0 0 0 0 0 0 0 0 0 0 0
0.128630627122313 2.35941562432114 0.191357226989128 1.30940688565593 6.91656391765354 2.94183469165538 0 0 0 0 0 0 0 0 0 0 0 0 0 0 0 0 0 0 0
1.41708224980171 2.53887515213024 0.476570668038474 5.75945259751183 0 0 0 0 0 0 0 0 0 0 0 0 0 0 0 0 0 0 0 0 0
0.49479056109 2.31714050755101 0 0 0 0 0 0 0 0 0 0 0 0 0 0 0 0 0 0 0 0 0 0 0
