0.210259466855543 0 0 0 0 0 0 0 0 0 0 0 0 0 0 0 0 0 0 0 0 0 0 0 0
5.52676532616067 13.9854558716901 0 0 0 0 0 0 0 0 0 0 0 0 0 0 0 0 0 0 0 0 0 0 0
3.6765890883727 17.5922779636023 9.57574726706278 0 0 0 0 0 0 0 0 0 0 0 0 0 0 0 0 0 0 0 0 0 0
3.98593019107263 12.5340207486465 0.422100258181708 10.4985694013504 0 0 0 0 0 0 0 0 0 0 0 0 0 0 0 0 0 0 0 0 0
3.16100329587373 0.273844972646027 3.74573631935655 5.17441499637278 2.99654016340545 0 0 0 0 0 0 0 0 0 0 0 0 0 0 0 0 0 0 0 0
0.0102149217696922 1.71917124489582 2.36082890983348 4.93708161130546 1.49079163589903 8.45295454742106 0 0 0 0 0 0 0 0 0 0 0 0 0 0 0 0 0 0 0
1.63578874161351 7.0284992170146 3.04779369519968 4.56467144508867 0.0205587368719445 0.735453016118677 4.48939760614312 0 0 0 0 0 0 0 0 0 0 0 0 0 0 0 0 0 0
7.46929734418817 6.44376500411469 11.8391679832724 1.11505019092468 1.22203856682469 1.22035893336864 3.79248957341299 0.583788145414885 0 0 0 0 0 0 0 0 0 0 0 0 0 0 0 0 0
1.21940278897632 5.51516807923321 2.52442443507989 1.78548879699652 4.19610502854496 0.923623079739425 0.935523294373487 0.341747597406197 4.30450941755013 0 0 0 0 0 0 0 0 0 0 0 0 0 0 0 0
3.189573577396 9.00271479797061 3.8023159447491 1.98409013000441 0.316735180451377 1.04145079233073 2.06083579542758 1.43372912059985 1.2560852122593 1.27288087690426 0 0 0 0 0 0 0 0 0 0 0 0 0 0 0
1.85332770081762 4.04441122725363 3.56001395287722 0.430299233027737 3.65704848213675 0.324130233529869 1.06477716241193 2.35684383222045 0.333108125728684 1.57387614121265 3.84191158751988 0 0 0 0 0 0 0 0 0 0 0 0 0 0
0.335091104660474 8.72346505801732 0.816934097446278 0.319638979155353 0.543653040128673 1.82804338454648 6.57783585909008 1.3996088348961 0.23251677340622 1.91518727272794 0.745201343862291 4.2179214129972 0 0 0 0 0 0 0 0 0 0 0 0 0
0.252764702133799 0.815655599697722 0.897079050319871 1.1049168895214 0.511097677063476 1.18762203423548 3.60876776286109 2.78474363561949 1.98345128653004 1.55337754592381 1.15011413685978 1.44136256919752 0.194379790963306 0 0 0 0 0 0 0 0 0 0 0 0
0.271782438516244 1.83276850621102 0.393247087377493 1.47878123136892 0.191014996610953 1.3415096485226 0.231935049107247 2.27890778906228 3.26030579870848 3.76691565289669 1.59152357472596 0.965927149872966 0.216303158415892 0.980284354661649 0 0 0 0 0 0 0 0 0 0 0
2.36105182592506 1.72375141999955 0.775144721421527 0.836877042039698 0.575324693455102 0.275848933090622 4.29558965552687 2.67523074132029 6.36244388632166 1.51442679605065 1.76328477921 0.465381250988491 4.77006841288382 0.349021213458992 1.28476846647934 0 0 0 0 0 0 0 0 0 0
1.83002135709602 2.72762175258607 0.391696718062943 0.333609240752987 0.235102405008274 1.75820356055723 0.00522753319509715 1.25542165283324 1.21373884755473 0.91428515472099 1.75674392562357 4.1691883868349 6.72406327226422 0.777648257917321 2.78052135768977 3.60425148101503 0 0 0 0 0 0 0 0 0
0.337447141622645 1.12598609771731 1.59439651354885 0.299096761941182 2.24880325718248 1.75737603479296 2.079110259044 0.361045721495935 0.347227206138958 0.933137713933487 1.00593534606935 2.27095900031568 2.71772781164746 0.217444121007643 8.33612258487554 9.33700596570783 2.22185881372467 0 0 0 0 0 0 0 0
4.49732287267787 1.57207681945723 0.771195310062235 3.31030422241456 0.0607952519900397 1.77276724992108 0.635258628023542 0.160975332262834 2.01414750364963 0.321594633383152 0.875166075191683 0.23081567734378 0.28189513365461 1.39486400881088 1.28931366232606 0.123668471034091 0 0 0 0 0 0 0 0 0
1.16505665252013 2.70670188446863 0.165370972639185 1.70646044436671 0.340030610748185 1.35185946207966 2.64087785304311 0.289958090918802 3.69488887041953 5.09410533620858 2.48541940572799 0.889097309278378 2.28666724510193 10.8939498191812 0 0 0 0 0 0 0 0 0 0 0
0.952254985986636 1.84451393846619 1.17818248973109 0.22217284805675 0.177641017718308 2.27874569272389 0.390039978759295 0.395416573927396 4.86536828811525 0.0619637723722971 1.4582365761526 0.054377557688551 0 0 0 0 0 0 0 0 0 0 0 0 0
0.191868177650271 1.56681294768388 2.0512003324551 0.336417704013902 6.7890154262391 2.09458961143184 2.56375970609647 1.31616065020848 0.697830081705865 3.87165090888566 0 0 0 0 0 0 0 0 0 0 0 0 0 0 0
0.368110551438433 0.72678418217873 0.0241087067556519 0.520718759080022 0.146458280838008 1.3210167079161 3.52020367342389 0.458744675697002 0 0 0 0 0 0 0 0 0 0 0 0 0 0 0 0 0
0.388802493314647 0.0332124904645196 0.427155780961587 0.158190804056418 3.5136105663084 2.7070940438401 0 0 0 0 0 0 0 0 0 0 0 0 0 0 0 0 0 0 0
0.125243644037094 0.195049953478932 0.56544135572 3.00961591097955 0 0 0 0 0 0 0 0 0 0 0 0 0 0 0 0 0 0 0 0 0
2.97302324963576 3.04005496335846 0 0 0 0 0 0 0 0 0 0 0 0 0 0 0 0 0 0 0 0 0 0 0
