0.00729955568773092 0 0 0 0 0 0 0 0 0 0 0 0 0 0 0 0 0 0 0 0 0 0 0 0
1.24583515227404 2.68398061802067 0 0 0 0 0 0 0 0 0 0 0 0 0 0 0 0 0 0 0 0 0 0 0
3.42783618804311 8.22930289411488 9.45723309973342 0 0 0 0 0 0 0 0 0 0 0 0 0 0 0 0 0 0 0 0 0 0
6.97917457170569 10.8606852760549 5.61142965050177 6.81507651944601 0 0 0 0 0 0 0 0 0 0 0 0 0 0 0 0 0 0 0 0 0
8.5121342491931 3.40930249414923 4.88852545077026 6.1981662458586 4.32641437368689 0 0 0 0 0 0 0 0 0 0 0 0 0 0 0 0 0 0 0 0
3.99506120398828 6.60610717209776 11.5007336390302 12.2751607332181 6.11876470623827 9.1388871509346 0 0 0 0 0 0 0 0 0 0 0 0 0 0 0 0 0 0 0
4.96247970273965 8.87925704019338 10.1773795924476 8.81577257363987 6.59959709304658 12.7887769531473 10.1563061653467 0 0 0 0 0 0 0 0 0 0 0 0 0 0 0 0 0 0
6.40050976278763 7.3151662208266 7.49204126524496 10.0971666441043 6.71398200076337 13.3093535618633 9.61298072383686 5.50542985096314 0 0 0 0 0 0 0 0 0 0 0 0 0 0 0 0 0
2.62727912947405 2.59810642342821 5.24541543796819 6.12022094210844 6.82088931909156 4.24698238658346 4.87935887353274 1.50213718105886 0.578273842847631 0 0 0 0 0 0 0 0 0 0 0 0 0 0 0 0
5.50151594210828 8.05826133746291 9.54092603015281 12.2447180219789 4.33815061119076 9.58057273347767 2.74128214031586 1.49278314897035 0.928748659509564 1.53717921608433 0 0 0 0 0 0 0 0 0 0 0 0 0 0 0
5.46161650355134 7.41277045098547 10.8000855505298 9.50546999382651 6.13417794031197 3.0146207499368 2.0722456677126 3.49775308696202 1.57989883549878 6.32104318573469 2.43972880202766 0 0 0 0 0 0 0 0 0 0 0 0 0 0
3.93784995187692 7.24476070987058 8.17766019507864 5.16084419494623 1.55983910139614 2.89546983053344 2.6436012208226 3.9014349130702 3.46812222951148 2.682784294504 2.50426409007988 1.76750948644799 0 0 0 0 0 0 0 0 0 0 0 0 0
1.87808685257971 3.78835596570165 3.8739265365321 4.10894768697888 1.01596128276535 0.951919149476289 2.14763604896666 2.90676692063528 3.78067028120827 2.48482457780754 0.832424624176165 8.42841669321948 2.95495147155751 0 0 0 0 0 0 0 0 0 0 0 0
3.63024924415547 5.23308260487588 3.01748154212877 1.54479727413847 1.02661747133366 2.40889809048058 1.44971780800086 1.70373609270491 0.624046635501434 0.300707650330788 5.37345960998575 3.33315093159737 1.03330965700339 7.52204176695957 0 0 0 0 0 0 0 0 0 0 0
3.74295388665741 1.82084016590395 2.05866164571305 2.68758997122422 2.39986587206743 3.41953107571745 2.35565275713554 0.905132679183655 0.316224621915403 3.04986604647957 1.2426394478756 1.0915097314428 4.05218802834921 0.694680858438601 2.74154128638976 0 0 0 0 0 0 0 0 0 0
0.0109423918797699 0.775434797768817 1.18252530753648 1.33352829394593 2.34268492347706 1.05172417121672 0.85811288767329 0.00462542845309647 2.47909406831549 1.45095768742449 2.27290738021018 2.8565972234568 2.07439069945487 3.15466360494921 1.95011125185067 1.04052491168706 0 0 0 0 0 0 0 0 0
2.35075172139351 2.69356010626525 2.57864519307323 6.88689212422747 3.33570839177259 1.88144726001909 2.84210258476467 7.35617871592339 2.32785883390276 1.61545617947153 4.73817254657608 3.87657260636603 3.15237526192402 0.886359857096789 0.389979746045404 1.54283712498628 1.64567122256692 0 0 0 0 0 0 0 0
0.678558813818274 0.420251446872495 5.56467237263728 5.86586857139786 3.38837697265936 4.39328201422427 1.15242852180935 4.51433633008614 4.97885350555518 4.00406367485984 5.19136602236819 8.0970302647874 3.32435268949239 2.33264822274104 2.85589393861054 7.56254528104613 0 0 0 0 0 0 0 0 0
1.83972744156046 4.89522854080715 3.31761287099374 2.10220102395469 0.495889704578582 3.02971866854529 2.77304239601002 0.352242186481244 2.45035573093185 2.57158335865505 5.59484705234653 3.63330650401657 0.466467106476645 0.995551164353366 0 0 0 0 0 0 0 0 0 0 0
3.13346615919114 1.25075411619579 0.604116579485223 0.962801216749052 5.99472437125978 0.712132733442442 0.0936526803857171 1.33062233214094 2.12410221216751 2.28646084659773 4.87507234993128 0.296297641350092 0 0 0 0 0 0 0 0 0 0 0 0 0
5.94911444487044 2.18272270702629 6.19692478754861 7.32244403820434 1.15116251897636 9.915423046479 2.59600160149559 2.65780087675984 6.04412050611916 4.75042421796549 0 0 0 0 0 0 0 0 0 0 0 0 0 0 0
5.54978352960081 5.95612220023592 7.69289171470099 8.31380022818801 2.6282723757667 1.85289079441323 4.19491725333592 3.25886027556926 0 0 0 0 0 0 0 0 0 0 0 0 0 0 0 0 0
1.9992257134058 6.23121621280615 4.69306178619417 0.0244630012110757 2.4637878383814 3.47463040404164 0 0 0 0 0 0 0 0 0 0 0 0 0 0 0 0 0 0 0
1.06633791190578 1.7277901912634 3.19910965363165 0.671743349047073 0 0 0 0 0 0 0 0 0 0 0 0 0 0 0 0 0 0 0 0 0
3.24399709224324 8.83066472834591 0 0 0 0 0 0 0 0 0 0 0 0 0 0 0 0 0 0 0 0 0 0 0
