0.502719366624364 0 0 0 0 0 0 0 0 0 0 0 0 0 0 0 0 0 0 0 0 0 0 0 0
4.49908265524683 15.3306866954583 0 0 0 0 0 0 0 0 0 0 0 0 0 0 0 0 0 0 0 0 0 0 0
4.21456649045616 19.4631008042437 15.6071488363194 0 0 0 0 0 0 0 0 0 0 0 0 0 0 0 0 0 0 0 0 0 0
5.71310637617382 15.8965421627592 8.50165822632324 3.53358419437521 0 0 0 0 0 0 0 0 0 0 0 0 0 0 0 0 0 0 0 0 0
3.38727037244098 6.68015931147836 2.44735116894605 4.19362000791315 2.30920268698233 0 0 0 0 0 0 0 0 0 0 0 0 0 0 0 0 0 0 0 0
6.62190999874333 8.61941360154474 12.969778790721 1.07694225718697 1.68973533324073 6.09042158442085 0 0 0 0 0 0 0 0 0 0 0 0 0 0 0 0 0 0 0
1.47726695324979 11.1561200423421 1.61376803978783 3.75202864888346 3.05876410571862 5.9646966244633 1.96583681821538 0 0 0 0 0 0 0 0 0 0 0 0 0 0 0 0 0 0
2.77948586820981 2.77231022552384 0.922010521317789 6.56328519405654 0.0830709408487313 0.922264186578373 2.1498367594437 3.56683452732989 0 0 0 0 0 0 0 0 0 0 0 0 0 0 0 0 0
2.20846535313957 2.58627177924696 2.43041593335525 4.61760571816653 5.0771848858786 1.10757316768947 0.273405593647806 4.47996540114221 7.70755308508889 0 0 0 0 0 0 0 0 0 0 0 0 0 0 0 0
0.767346266930776 0.186304463157008 6.92863636698551 0.826011887345919 2.42475484424019 0.325458443383242 3.39165482563446 0.241479227110346 1.78045828497108 0.349079402550093 0 0 0 0 0 0 0 0 0 0 0 0 0 0 0
2.13544202626725 7.05567354078128 5.22831819584187 8.7903213099549 0.654827513913433 10.5924936082726 4.20386935311629 2.30674806043686 0.154836213583358 4.57476750724948 1.11444897137736 0 0 0 0 0 0 0 0 0 0 0 0 0 0
1.04295270944699 2.10043056009601 3.57729686953621 0.686401286051414 3.25845543274763 4.33669830115442 2.45916334920464 1.85174620749642 4.80560167439797 1.14792005004036 0.71555263686934 1.15441982126537 0 0 0 0 0 0 0 0 0 0 0 0 0
1.42766071886598 1.74664150427556 0.434613564986261 4.04443050402677 2.57456994231248 1.29534625544643 1.65927054015454 1.63103831303737 1.1066923894763 0.540392703983324 5.95774319739497 2.09577247841494 0.365084035855776 0 0 0 0 0 0 0 0 0 0 0 0
0.883100879763508 3.35018896316699 8.92374796949305 5.83666756095371 1.22951520243161 2.74971151304833 3.30476213634493 2.39168157925504 2.68140351670024 1.02850434273291 0.602928373840291 0.487492160749674 4.34009986331922 5.37522673401255 0 0 0 0 0 0 0 0 0 0 0
0.234481898839051 11.1529928470874 6.44366453761567 6.15328944245766 1.64468677289767 0.660749110005446 4.12322610689501 1.22440866933065 1.24885973166007 3.2312199963738 1.34274996137017 2.86823270291717 3.62861458040338 2.87950990944902 2.94488955999178 0 0 0 0 0 0 0 0 0 0
3.6497986830313 3.09216484505029 5.56181869644194 2.95560075937279 1.36975426617987 2.88022869084181 0.152215397373208 1.77422902158352 0.465456862875425 1.46263833547277 5.49540604953601 4.42099949843132 2.77518189199415 2.68365883669093 4.12291014580346 5.11647055605128 0 0 0 0 0 0 0 0 0
0.801695933614373 3.73399306480222 1.18233069403757 0.192834009389238 0.706338548648607 0.00266731645656068 1.06636416707566 2.34090012975875 0.804167987323495 3.01126681557908 2.72198486844509 1.97955922664945 2.85402924616051 1.20377310827532 2.32619028469585 1.86876024674767 0.66320433060352 0 0 0 0 0 0 0 0
0.195767142268407 2.35445743172198 0.940507123057595 0.926982009413977 0.830251269178029 4.71080717584947 2.00061954775237 0.57294541831889 0.161908297337486 3.38173008409592 1.95917328101685 0.579987979800249 1.02214524775061 1.91444308554626 4.16521717508515 5.53406159513032 0 0 0 0 0 0 0 0 0
1.73117433798325 0.0636805702471603 3.77244115525129 0.316380220970698 4.04509074516735 2.30514429305263 1.38843916932989 1.16931488010385 2.23646760811966 1.41048600963856 1.80830678141442 5.70761428102619 1.97457122882053 2.70093436922482 0 0 0 0 0 0 0 0 0 0 0
0.0820475950189052 2.13047206180459 4.53318207316344 0.679353966304714 0.216132147325895 0.196830945204722 0.127237348518098 0.211810701355689 1.80987858735003 1.23953611006996 2.78840579193673 4.15190734493224 0 0 0 0 0 0 0 0 0 0 0 0 0
1.13706949612855 1.28700895314676 0.166964533314822 1.72461043370413 2.9861943122034 1.36562821017597 2.48104559959891 1.70159637452283 3.06254977042728 6.71851321609607 0 0 0 0 0 0 0 0 0 0 0 0 0 0 0
5.87466259084198 0.686187480904809 0.742543650969995 0.492532106779353 2.11357893395145 0.833555067639647 1.80811348814689 1.68954700875392 0 0 0 0 0 0 0 0 0 0 0 0 0 0 0 0 0
2.82685837426333 3.52105880638356 0.342783891768729 5.93247309139913 3.53702992168477 7.18561620071799 0 0 0 0 0 0 0 0 0 0 0 0 0 0 0 0 0 0 0
0.363256892556691 0.728728903282537 1.84371696720308 3.47120455374993 0 0 0 0 0 0 0 0 0 0 0 0 0 0 0 0 0 0 0 0 0
2.27936097754575 3.91312270875782 0 0 0 0 0 0 0 0 0 0 0 0 0 0 0 0 0 0 0 0 0 0 0
