0.388119042048426 0 0 0 0 0 0 0 0 0 0 0 0 0 0 0 0 0 0 0 0 0 0 0 0
4.04810787623344 15.8292670781629 0 0 0 0 0 0 0 0 0 0 0 0 0 0 0 0 0 0 0 0 0 0 0
3.0585295381965 17.6587883887173 13.0971676632417 0 0 0 0 0 0 0 0 0 0 0 0 0 0 0 0 0 0 0 0 0 0
3.4057824693537 12.3180474380967 0.0942872205870628 6.30100096736128 0 0 0 0 0 0 0 0 0 0 0 0 0 0 0 0 0 0 0 0 0
2.36085431708772 0.527874481484904 1.30705828007001 3.01881319270803 0.259553654496832 0 0 0 0 0 0 0 0 0 0 0 0 0 0 0 0 0 0 0 0
0.576994771983219 1.22615578910824 1.38943242198045 2.29459003486848 7.00522670917812 3.69994310593705 0 0 0 0 0 0 0 0 0 0 0 0 0 0 0 0 0 0 0
0.961480281864367 5.3479898074452 3.36995499405909 1.91110758717921 0.600076515107502 1.0382045025372 1.08061025048714 0 0 0 0 0 0 0 0 0 0 0 0 0 0 0 0 0 0
2.33082947235074 4.69270869195599 2.22385373377896 1.4885527707469 0.380287007021222 4.52986592161699 3.46123512154979 2.49581387440281 0 0 0 0 0 0 0 0 0 0 0 0 0 0 0 0 0
0.463754503870286 6.98885978456878 4.7185216522622 1.32512096270803 0.100506291231548 5.02461543627035 3.95080568846043 1.47056218592682 0.211703266959198 0 0 0 0 0 0 0 0 0 0 0 0 0 0 0 0
0.0787718816553934 2.12478029593429 0.326654231202408 0.944492164667694 1.89997071896427 2.90761401019367 1.17356717113719 3.20770311796503 3.5277161483612 0.823815064773021 0 0 0 0 0 0 0 0 0 0 0 0 0 0 0
2.97597836649662 1.61398113367408 0.245923091577644 0.928795730789023 0.141314545309698 0.23337955758711 1.459557659801 3.46575423250194 0.514247567641637 2.88460202950035 1.53918025895292 0 0 0 0 0 0 0 0 0 0 0 0 0 0
0.00759538059466611 2.16041168227712 1.5255446728923 0.113757627262221 2.05811299522693 3.07578694328633 0.254375424343024 1.11619116795063 2.3719029258567 0.777533380492739 0.125654486672973 2.10389276445496 0 0 0 0 0 0 0 0 0 0 0 0 0
0.830664613642635 7.99915051319051 3.06901374162532 2.02746716112224 0.493469227608458 4.13262443520831 2.23101345707724 2.55183675317672 0.940081001144942 0.203797840604075 1.45536116198997 0.124776015206079 6.27053958654707 0 0 0 0 0 0 0 0 0 0 0 0
0.999879780830115 3.27520852076764 2.58139270335491 0.544419988155697 0.0138620610865119 3.40621032972571 1.27728289869768 3.83328185353828 0.153404434425739 2.13374137982093 0.651697727477222 4.09719480298045 1.00058977406921 1.04196633389916 0 0 0 0 0 0 0 0 0 0 0
2.78033437709435 6.25628060853714 3.32502408558885 3.23118424379012 0.104011705574214 5.95283348445972 0.883015716301928 1.48599378830259 1.64861009059481 0.153760622392644 4.31552071533287 0.882792793020261 2.98100711609183 1.765109063834 0.785051834524673 0 0 0 0 0 0 0 0 0 0
1.66548799241833 5.09913608533276 1.81286322216826 2.76738577157341 6.89479196155116 5.93034784103446 1.04116456253932 2.04933126294356 0.224260306736922 4.18695938697466 0.719996837829973 0.0697199885079876 2.10726442644259 5.7721540851679 0.511058499771665 5.16858269356677 0 0 0 0 0 0 0 0 0
0.96082092300296 3.01941184751336 3.37024422009094 2.33570508532761 3.23836699095535 0.126566952426378 2.0545294389592 0.080284041782716 0.556720985357008 0.351768166146139 3.64125660311247 0.00166884398004649 4.79227186974654 3.69400009366002 3.87972651446672 0.463282404639652 0.209690064786273 0 0 0 0 0 0 0 0
0.161370914496976 5.5822551574903 1.48151406430723 0.514348463332821 0.229694003963783 2.05230886827624 0.494958838943311 5.75746357762865 0.94917465461797 2.46655525688757 0.36374111669613 0.50928841501218 0.557174352339143 3.33549093727798 4.66854476520041 10.9585686530107 0 0 0 0 0 0 0 0 0
0.354386066827327 1.8070384161248 0.630312967747589 0.379018367220488 1.77684713620473 2.9161595213029 0.912050242805703 1.65706458408084 1.08683230450891 2.41117008877393 1.3252722927797 0.0673651937546222 1.02346477058062 0.66680419435372 0 0 0 0 0 0 0 0 0 0 0
0.0175320994529591 3.57949494064591 3.55108310185367 0.493037525896143 0.823847507259883 5.82717078611842 0.902203447813685 0.820438599841312 0.2062244192236 1.99557051424107 5.24466738588952 0.354067351459067 0 0 0 0 0 0 0 0 0 0 0 0 0
4.74371740929592 0.451398476993491 1.03286091011043 0.986852726145747 5.73231987310593 0.265319042425029 1.6484320539553 0.570781353805642 1.12654947709835 2.82052365388516 0 0 0 0 0 0 0 0 0 0 0 0 0 0 0
3.20676484771949 1.61023011976615 2.31264163447026 1.13857888229928 1.42047038683369 1.31413982030616 2.3656517006362 2.34487568922126 0 0 0 0 0 0 0 0 0 0 0 0 0 0 0 0 0
0.377942491911536 3.25178197181439 3.39828032376652 2.24470924883054 0.292245819172861 11.7540651015139 0 0 0 0 0 0 0 0 0 0 0 0 0 0 0 0 0 0 0
1.10109759970638 0.747371263153044 0.115405388898019 1.60664862526263 0 0 0 0 0 0 0 0 0 0 0 0 0 0 0 0 0 0 0 0 0
1.2546026633967 0.61966122750235 0 0 0 0 0 0 0 0 0 0 0 0 0 0 0 0 0 0 0 0 0 0 0
