0.145033443221841 0 0 0 0 0 0 0 0 0 0 0 0 0 0 0 0 0 0 0 0 0 0 0 0
4.78679258411317 10.562850819112 0 0 0 0 0 0 0 0 0 0 0 0 0 0 0 0 0 0 0 0 0 0 0
2.56990165684772 2.212379747791 7.26620342764197 0 0 0 0 0 0 0 0 0 0 0 0 0 0 0 0 0 0 0 0 0 0
4.25669119651951 3.85240081217579 1.54879066501045 3.60902157954466 0 0 0 0 0 0 0 0 0 0 0 0 0 0 0 0 0 0 0 0 0
2.4315806071193 0.151514228392608 0.00108546492423677 0.336119256035354 0.97833140710092 0 0 0 0 0 0 0 0 0 0 0 0 0 0 0 0 0 0 0 0
2.04431468902661 3.90204273359954 4.23945282966069 0.403383307772596 1.61239496036318 0.37628373078847 0 0 0 0 0 0 0 0 0 0 0 0 0 0 0 0 0 0 0
1.17093559001262 2.0623438361317 6.3490132968965 4.90434723745238 2.57998367231518 3.41312335788258 1.7871148296621 0 0 0 0 0 0 0 0 0 0 0 0 0 0 0 0 0 0
1.93285697607713 2.55247025308288 5.19410964988479 2.26264471082397 0.120236404794791 0.0340292383160346 0.828045134766845 0.864254199494804 0 0 0 0 0 0 0 0 0 0 0 0 0 0 0 0 0
1.47796050439264 7.32028638408298 3.6003174197531 2.96070920703506 2.28443810979107 6.50030180299363 2.51290161762639 0.376881736446218 5.28428939633834 0 0 0 0 0 0 0 0 0 0 0 0 0 0 0 0
1.35328661985759 2.97508702418732 5.12117794905247 0.210470337225242 1.85478563457913 5.45365710439192 0.716990520564686 3.51343442875823 1.03835882682391 0.374391461422387 0 0 0 0 0 0 0 0 0 0 0 0 0 0 0
0.736738412971757 2.43808261666851 1.40354547106593 0.48247872965166 2.44762356392113 0.906578289433053 0.706123005789458 2.33432810565819 0.884320276453072 0.493025614540467 3.21095823117762 0 0 0 0 0 0 0 0 0 0 0 0 0 0
4.51159720172207 4.01642163898904 1.3983830506247 3.17147245489685 2.07259023496512 3.97623073883659 0.417267798457675 0.770040080096974 0.207907991814706 0.909018850140679 3.78002497606354 3.46786190315926 0 0 0 0 0 0 0 0 0 0 0 0 0
0.414896065111308 0.826457475624814 0.0403130640339057 7.25669730526477 1.45321556195505 0.766799284430143 3.03933597935854 0.830783370974055 2.10360055213319 2.26949101052212 0.084359576597571 0.163995467196601 1.20231800646612 0 0 0 0 0 0 0 0 0 0 0 0
0.397657044160455 4.36804787743727 4.36623584452234 1.72155632761834 0.46334547893091 0.126249338997621 0.368198990596453 3.14981119821425 1.01608563760734 1.57832116175899 4.87646948580688 3.32891380370404 4.16819997337197 2.23408654675883 0 0 0 0 0 0 0 0 0 0 0
2.06539329179561 1.09653095449305 4.44736667191284 0.494259403175067 2.9168815650074 0.102362353023301 0.192677810144062 0.995836671341419 2.49463767983985 1.171206862457 0.284514672723434 1.69858269858513 0.0495399967571624 0.184593280903521 1.18426057295124 0 0 0 0 0 0 0 0 0 0
0.843721598127787 0.112665228740875 1.75984181672461 7.93997369036545 0.515478507751939 2.2445960989758 5.1322759971425 0.16290904169613 1.71232343584146 1.66344923148988 0.83973281441975 0.850246190575496 0.531198433386404 1.31590014991389 0.020007041620569 2.94961124487415 0 0 0 0 0 0 0 0 0
0.160498753036448 0.468268022678657 2.24498956149004 2.28735050322663 0.784824904477954 1.5930210942024 1.66339816895311 1.952130180089 2.94984110801017 1.34890928429757 0.599214318299201 1.90273990390172 0.843470515532765 0.305744422541839 2.27741503917991 4.72635229904242 2.17314132582445 0 0 0 0 0 0 0 0
8.20700415930117 2.51080779773775 4.39395976458835 6.70085173464901 0.746660079787516 0.121478813160021 1.849289806609 0.358720975458268 2.55916442638654 1.73292131853672 8.1665378800277 2.82376793790287 7.81487516378997 0.416009048428935 2.73270006167385 1.15832285591127 0 0 0 0 0 0 0 0 0
6.57836049905244 0.0935922677421816 1.86331638824865 6.12011442831917 0.00597047622825654 4.9393267480359 1.45060109844913 3.00104999910534 2.76316805967817 1.31200272152225 3.92791873471175 0.000844611138166504 5.67614258675722 4.93682334051248 0 0 0 0 0 0 0 0 0 0 0
0.491906622369843 2.9422578487208 1.58175126890392 3.43082568397853 6.30026209200323 0.398019411071954 0.0800538161065669 0.991320683496612 1.19743559423816 0.196745330848686 1.03104866131254 4.46117480234186 0 0 0 0 0 0 0 0 0 0 0 0 0
3.03449549123829 2.72870067686798 1.5756656038849 3.37953378983387 0.974986186607677 0.107173465903885 2.27607565747866 2.66150293823101 3.88700178609782 0.653348633521371 0 0 0 0 0 0 0 0 0 0 0 0 0 0 0
3.22987851069884 1.88307972136441 0.301948984253361 1.33467714584805 0.265241187954326 0.0677458967377627 2.47620098973237 1.48607724779461 0 0 0 0 0 0 0 0 0 0 0 0 0 0 0 0 0
0.0602287697516587 0.272479808784948 2.62491449448716 3.18508619817602 0.245973680086599 0.157557379309657 0 0 0 0 0 0 0 0 0 0 0 0 0 0 0 0 0 0 0
1.45150876141462 1.23117825428029 1.42164452033129 0.89757785429681 0 0 0 0 0 0 0 0 0 0 0 0 0 0 0 0 0 0 0 0 0
0.19048061513562 0.144258425516662 0 0 0 0 0 0 0 0 0 0 0 0 0 0 0 0 0 0 0 0 0 0 0
