0.389214408086129 0 0 0 0 0 0 0 0 0 0 0 0 0 0 0 0 0 0 0 0 0 0 0 0
2.2509243045693 11.4466162592959 0 0 0 0 0 0 0 0 0 0 0 0 0 0 0 0 0 0 0 0 0 0 0
3.75363843964976 0.357020138013574 2.60016455477076 0 0 0 0 0 0 0 0 0 0 0 0 0 0 0 0 0 0 0 0 0 0
4.60242015944376 4.06381848809895 11.2716513763531 3.93918333000585 0 0 0 0 0 0 0 0 0 0 0 0 0 0 0 0 0 0 0 0 0
0.0820577580519253 12.0838805005613 2.64657507173151 0.731766594033678 1.80221449642176 0 0 0 0 0 0 0 0 0 0 0 0 0 0 0 0 0 0 0 0
3.9834191324201 3.80044581076635 7.09516663929054 1.75166228135707 3.53551999974134 2.3976693009477 0 0 0 0 0 0 0 0 0 0 0 0 0 0 0 0 0 0 0
3.23750938148572 0.750419608540752 3.30429127235633 0.38193815885868 0.363876465636951 0.896213697330811 4.13379767312545 0 0 0 0 0 0 0 0 0 0 0 0 0 0 0 0 0 0
1.80221150791494 5.35783330307271 0.387980896771686 3.17159915677034 0.123347312211623 4.78200513473653 5.14899233603985 1.7623690461622 0 0 0 0 0 0 0 0 0 0 0 0 0 0 0 0 0
1.55794806203553 0.186666969621794 9.61787770353948 2.29139626532863 6.25275871571128 0.0465180516679279 2.53091961241098 9.07414560514781 7.50959134930056 0 0 0 0 0 0 0 0 0 0 0 0 0 0 0 0
1.63386673914436 2.01238210222704 0.0965831319036329 0.693916082603604 0.405072712147855 5.05500751113376 2.40169823521763 0.248645052146914 0.501215663968622 2.23227292816285 0 0 0 0 0 0 0 0 0 0 0 0 0 0 0
0.757991730242231 1.22543641860007 7.98139244866692 0.288867442606179 6.27510221948865 1.41360840594569 2.62688378985085 3.23809840365935 2.21094876271936 2.46476700326325 0.142083453868927 0 0 0 0 0 0 0 0 0 0 0 0 0 0
0.356770859204694 0.921953234793254 4.5159757912473 1.63706694834689 0.992423500383127 5.03246385808515 4.84796975935136 2.45037579887692 1.82735271501567 1.59218148422839 7.56470692837388 5.01403879401957 0 0 0 0 0 0 0 0 0 0 0 0 0
3.0603769596929 5.81359397192269 3.21313113751699 4.32475793320709 0.449967137796744 3.02500589692908 0.188298762940011 0.669780692958821 9.93751169172569 1.26165199807483 0.486220270129071 2.80585872226269 0.033888494834084 0 0 0 0 0 0 0 0 0 0 0 0
2.26447312155134 0.170070674089926 9.57847852166869 8.37667295444957 0.955972892173217 0.709811537510948 0.289360565356188 4.68781323678211 7.32000245120988 2.14104778195442 0.0502629060622574 3.61013724373252 4.1226231108394 2.3658296470068 0 0 0 0 0 0 0 0 0 0 0
2.53922342750413 1.07941809554159 0.503047056841586 0.769494657440521 2.90618038679377 0.716870887259352 1.41862562971907 1.07676598601957 0.37687745816381 6.21072995202126 0.0812825448853824 5.15104208224618 0.621359638679918 1.40981828782047 2.21442013034351 0 0 0 0 0 0 0 0 0 0
3.4766258647754 7.8671615720454 4.75395169520089 1.93073773035424 1.20928733574979 2.28628704932785 7.17572914264182 3.23390134067115 5.37863760149078 0.24024154252261 0.659560502495726 0.575487295227469 4.09425394624491 9.77536099302156 0.814996434556146 2.13352447124056 0 0 0 0 0 0 0 0 0
5.44374928367198 4.28236555202311 0.571748755265605 0.185262594280605 0.535679048121844 0.833841618879902 0.649183968422521 7.45874772857407 1.97484828959104 5.22092544825513 1.59594577930661 10.7801385183329 5.43656220285355 0.106406144109605 2.34512711768184 7.38315437057334 5.29516225007414 0 0 0 0 0 0 0 0
2.29434930852184 5.20855786239716 1.36502942128775 5.12305815243759 2.03122324096159 0.906021604613457 7.35540704188147 3.19197778315942 6.96255807170915 1.83402088604711 2.87769589348021 4.02384327179334 1.27890606579286 0.975366849112312 0.285390205593919 5.66690632771021 0 0 0 0 0 0 0 0 0
0.0490717221958236 2.92598268958907 6.89228582588933 8.65628548682503 0.946265209292906 2.95990983071849 0.542230030701082 7.80603228123234 0.31758178943366 0.927289916868582 1.57956719523266 3.60762662471137 1.85183712052246 4.56866758343324 0 0 0 0 0 0 0 0 0 0 0
0.0396644071373831 3.0928063830476 1.34827280571604 0.479644690774211 7.73386733871497 0.231486596393382 7.78985294718129 0.0043160301101839 1.31393123540375 0.501217627515799 3.70442494734666 0.746270353049686 0 0 0 0 0 0 0 0 0 0 0 0 0
2.47390900222255 0.289657030595353 0.198781157659861 1.01527264085187 1.15778753098615 2.81932882805722 0.163932631067915 0.938036936636939 3.74614469122141 4.56570465893195 0 0 0 0 0 0 0 0 0 0 0 0 0 0 0
3.27750403205165 3.28774081468382 1.37111477381786 2.97771443061246 0.445161341736415 2.59936779768087 7.03941130573273 6.21013717498548 0 0 0 0 0 0 0 0 0 0 0 0 0 0 0 0 0
0.172485820538565 0.670937290673587 0.444276616601466 6.04365232200119 0.319087170180244 1.07190738179521 0 0 0 0 0 0 0 0 0 0 0 0 0 0 0 0 0 0 0
2.84038064356808 0.0214892144382892 4.56081807768516 0.145785220837654 0 0 0 0 0 0 0 0 0 0 0 0 0 0 0 0 0 0 0 0 0
0.999532833789289 8.36185984997473 0 0 0 0 0 0 0 0 0 0 0 0 0 0 0 0 0 0 0 0 0 0 0
