0.0707422759872864 0 0 0 0 0 0 0 0 0 0 0 0 0 0 0 0 0 0 0 0 0 0 0 0
4.40809806652559 4.01762160401192 0 0 0 0 0 0 0 0 0 0 0 0 0 0 0 0 0 0 0 0 0 0 0
2.39442631853019 0.564719240111765 0.599278051645024 0 0 0 0 0 0 0 0 0 0 0 0 0 0 0 0 0 0 0 0 0 0
0.250997155126037 0.967061647269971 0.0703932486969342 0.42964249529802 0 0 0 0 0 0 0 0 0 0 0 0 0 0 0 0 0 0 0 0 0
2.41441829097679 0.325867896980969 5.92340114864054 1.41634160941101 0.791930282142074 0 0 0 0 0 0 0 0 0 0 0 0 0 0 0 0 0 0 0 0
3.14857433841215 0.458862824735505 5.07193916382348 1.2832017549094 0.056434418811449 0.645101541705995 0 0 0 0 0 0 0 0 0 0 0 0 0 0 0 0 0 0 0
3.57635249875508 3.18569314224299 4.47371669975315 6.45518376736756 0.597988703089298 5.03042209200083 8.04950400244301 0 0 0 0 0 0 0 0 0 0 0 0 0 0 0 0 0 0
4.2711795875479 2.72553754284212 14.7721056211807 10.6635427072398 4.06800342450491 4.95566404817864 7.88159116420585 1.9348207773414 0 0 0 0 0 0 0 0 0 0 0 0 0 0 0 0 0
1.74749259003391 4.1125173999891 5.65299030025767 2.85783055760124 4.97939143141184 5.29449511741258 6.78878473800208 2.03084780954211 4.09170200341835 0 0 0 0 0 0 0 0 0 0 0 0 0 0 0 0
6.91222881772985 1.89192148495838 8.82885048282196 3.80065333495787 3.25002656358003 11.0373537629705 0.45559402456841 9.64350704473748 11.27607339576 9.10407969763527 0 0 0 0 0 0 0 0 0 0 0 0 0 0 0
0.527609273897258 2.72111418987305 5.19868535319437 5.93314664334099 3.77926393803915 4.99919277359644 5.32367587261521 10.645518246447 5.38207911122724 13.0138520477556 4.17406775061411 0 0 0 0 0 0 0 0 0 0 0 0 0 0
5.00460356321724 3.21139188737764 1.16111802408445 1.50357318887189 0.10027171963453 1.45790216028704 6.40408255074212 9.26014102946319 3.9155209613802 4.20322622322081 0.0454977296947455 0.98120986677112 0 0 0 0 0 0 0 0 0 0 0 0 0
1.98380759107374 0.657094045331047 5.52609945479328 5.85241050765081 5.27758548786883 3.03179446355203 9.88216123845897 13.5919480167191 9.78837999397881 5.18231438718787 7.64837384493967 0.108752660127881 10.1801754268826 0 0 0 0 0 0 0 0 0 0 0 0
3.00411447977461 0.663058693694315 0.033150924527131 0.879196766367042 3.4186444792157 9.9512008543036 11.4896174135272 12.9829453130782 7.07190823273573 11.4009368763661 2.48012096655295 2.21564971439032 3.38456309594378 4.32204995142812 0 0 0 0 0 0 0 0 0 0 0
0.0976902150364212 0.0300146685410675 1.32353032583596 9.6211592310016 0.155102793180502 1.83369892690299 3.82510476683864 7.7876914253493 4.51569488187841 1.87742048948572 3.82984548165058 0.664039935283475 6.67802398093941 2.87822158586089 2.31778533604628 0 0 0 0 0 0 0 0 0 0
4.98201639861184 1.86292262846747 2.42560355320356 3.74304205834991 4.37532377247928 2.04344091134866 4.61014710854043 2.18666230213401 3.60326030455785 12.8951478611881 1.76410143497716 1.5879344160103 1.45292562414714 6.55539753463762 4.20461954965156 3.1743125971232 0 0 0 0 0 0 0 0 0
0.175547340451074 3.1371947831454 1.30203446176529 4.58239957369798 3.11926695157696 2.69261996697697 7.19326204058254 2.72666377584033 9.65908067563988 3.62615627257821 6.6174284384913 1.6791432671131 6.08770421557702 7.32349548047116 9.57878426909145 2.41987174837452 8.81445733788267 0 0 0 0 0 0 0 0
1.67239678424366 2.05488175296568 9.52513966904278 6.52965853263151 3.21286429664126 3.7130588637979 2.0445827655017 9.31781536624922 3.54687986813816 5.3379672442998 6.46546001480416 4.26688355187232 9.73777277976384 3.71936909342068 6.7188420833629 7.78459354575067 0 0 0 0 0 0 0 0 0
1.41080743956166 2.84842145096282 10.9133527082498 3.71348652633553 4.27233949481672 1.75117457041493 11.3223661596583 1.75069340256198 10.4383472749729 5.59639396171391 8.85167369206186 4.26535375031491 7.04602331702471 7.0037345250212 0 0 0 0 0 0 0 0 0 0 0
3.91500549702456 3.55207926364353 5.08674890661743 2.59282901414663 1.77055688222768 7.32747416238615 2.93525704608717 13.3707935738372 4.13632603329204 17.0297561871089 7.69774956461687 2.32486596659898 0 0 0 0 0 0 0 0 0 0 0 0 0
2.68890019936976 2.67860033551956 8.09186391378586 0.776487945477998 6.46679400308077 2.34407448953181 7.91339912106669 5.81513126364606 11.2847706024789 4.71464524424216 0 0 0 0 0 0 0 0 0 0 0 0 0 0 0
0.909419767468139 2.56230323797693 1.93903124994647 1.92016322849022 0.777184198126271 2.44851693551394 1.97913879455333 9.30071402985741 0 0 0 0 0 0 0 0 0 0 0 0 0 0 0 0 0
3.1075860739872 0.0782965493995743 5.03068545004718 0.221094851554873 4.03443833497308 4.05958937739336 0 0 0 0 0 0 0 0 0 0 0 0 0 0 0 0 0 0 0
0.938985846027551 0.0187458960280387 1.37428526310379 0.17569366670384 0 0 0 0 0 0 0 0 0 0 0 0 0 0 0 0 0 0 0 0 0
0.797348764438925 0.0287730747770519 0 0 0 0 0 0 0 0 0 0 0 0 0 0 0 0 0 0 0 0 0 0 0
