0.211047003817735 0 0 0 0 0 0 0 0 0 0 0 0 0 0 0 0 0 0 0 0 0 0 0 0
3.52606508692723 10.2270112407638 0 0 0 0 0 0 0 0 0 0 0 0 0 0 0 0 0 0 0 0 0 0 0
1.01102332596911 1.60021618843423 3.39060078572901 0 0 0 0 0 0 0 0 0 0 0 0 0 0 0 0 0 0 0 0 0 0
3.55729158224892 8.57823820337961 2.58190355060379 0.136350390441364 0 0 0 0 0 0 0 0 0 0 0 0 0 0 0 0 0 0 0 0 0
1.45184078122062 3.65868044746008 0.600236404818712 9.87432428054426 4.92078478876841 0 0 0 0 0 0 0 0 0 0 0 0 0 0 0 0 0 0 0 0
0.164899881563469 0.639170184866347 1.28043353440129 5.63703888192998 4.78315237679221 3.00664008454756 0 0 0 0 0 0 0 0 0 0 0 0 0 0 0 0 0 0 0
0.207641807498953 0.850218210500583 0.389946602926542 1.41624968589088 0.186317026072877 1.38175353303593 0.878546686914928 0 0 0 0 0 0 0 0 0 0 0 0 0 0 0 0 0 0
2.30041175564418 8.76527312316725 3.36017280712878 4.14281389777431 3.96246602643918 3.23993328175838 3.57983989427597 0.22753088713855 0 0 0 0 0 0 0 0 0 0 0 0 0 0 0 0 0
4.83144531202081 4.63889626844884 1.64757194378442 7.57725494297932 1.75389643050549 0.760634715666552 0.277628533360573 2.11845004723128 3.80145788457727 0 0 0 0 0 0 0 0 0 0 0 0 0 0 0 0
6.03638883996066 9.74991939267472 2.87957318915039 7.36565682320124 4.45608957995725 6.43440457812473 1.21477555186336 5.14425752180344 3.37160392292155 5.3303875826851 0 0 0 0 0 0 0 0 0 0 0 0 0 0 0
6.2399773068474 9.69267769939623 2.52922543329919 7.00095008350157 12.7962287637513 1.11205519112331 1.49872230299764 1.47424608289245 4.05160303129076 7.10524118847071 4.26415680815357 0 0 0 0 0 0 0 0 0 0 0 0 0 0
3.2101273027205 9.908568342216 2.17375725231293 9.52078904306689 1.63535527259276 10.2091462901117 3.7189104632299 4.4940976754852 6.79884396465029 7.4224944787715 4.84871746314721 7.05392268199408 0 0 0 0 0 0 0 0 0 0 0 0 0
6.38880400597151 5.44820622036526 5.55741009918871 1.62993353306613 2.76262764342803 0.317269795638498 8.90158774636638 2.49513577253882 4.32260592470777 4.75869327576193 3.01236565514232 0.244677133616328 4.08995799366412 0 0 0 0 0 0 0 0 0 0 0 0
4.53071860161241 7.84628898068163 1.59210648993797 4.3672757158081 5.88700247219744 0.232930616928898 1.94958980694824 1.72142137728692 1.37345337520029 3.25340861306068 0.767961479396705 1.1460090667914 0.416671664051179 0.195859911743906 0 0 0 0 0 0 0 0 0 0 0
3.76539119782486 3.29913140925253 0.392614837616745 4.76928594095906 3.75396341675039 0.692290984792435 1.71217771901207 0.289559690645872 3.68882641573396 3.71702477125094 0.890938762753336 1.47371150068572 1.50913700789243 4.30147654177567 0.325789468553213 0 0 0 0 0 0 0 0 0 0
0.720430367247563 5.33322094680696 3.36594734589365 3.59348648725447 5.67321215407528 6.1149991157024 2.66500753054794 2.34551048300168 7.65852358236247 0.151128948017153 4.55453380227135 6.09171631882283 4.66300612808588 7.30376823821825 3.34235772285196 6.8604039031758 0 0 0 0 0 0 0 0 0
1.62273142200703 4.40263805840251 1.19843964021733 3.05588454883596 6.94452880120132 0.466698640736402 4.03351619841794 1.80221395970955 1.86628421116333 0.975934552733723 7.24216155722218 2.99486983143512 2.71378033119513 0.0884779782084407 1.17984546385787 2.66205406532839 1.67673147141742 0 0 0 0 0 0 0 0
0.78045117970455 5.92541483703858 2.96224183183956 6.50549197082296 8.16176470563863 3.69580639908375 3.7521424555275 0.175605558448583 2.03339531600913 8.30684714995128 12.7459924383301 9.2574042279569 1.32078222780014 3.7024335805868 3.48828447787459 3.5088420016845 0 0 0 0 0 0 0 0 0
0.291627249990602 1.94536070625676 0.254834614335932 11.261477516418 5.09650972426021 1.23921061842311 1.51079043096122 2.32965442060348 4.22654584173642 4.94587482609306 4.76053980565555 2.94225926929117 7.02782988384872 0.430616334441978 0 0 0 0 0 0 0 0 0 0 0
0.950865143434419 3.23448568284571 2.60167943856207 2.57964287576986 1.82119794831185 2.17590611892202 3.40481662528117 0.0293177320626015 6.81501457444755 6.13252114937822 2.78837465954798 0.912908275884083 0 0 0 0 0 0 0 0 0 0 0 0 0
0.800523067888641 8.89252689065351 0.141034848384347 3.55247438522641 1.7065270795583 1.48400356573027 2.13177549165619 5.47288263768831 0.912004113542908 2.96683976635417 0 0 0 0 0 0 0 0 0 0 0 0 0 0 0
3.53706627410199 5.48814374194581 0.474602680620556 0.839514866768395 2.55035445316653 6.98984376433511 3.37098728550183 0.228635447240307 0 0 0 0 0 0 0 0 0 0 0 0 0 0 0 0 0
4.64708422562701 2.01740355877259 0.439235712531733 2.21137810381783 7.77177204129218 4.96342912624986 0 0 0 0 0 0 0 0 0 0 0 0 0 0 0 0 0 0 0
0.321144462430599 0.0234725450002591 0.881212246204642 8.92694010098767 0 0 0 0 0 0 0 0 0 0 0 0 0 0 0 0 0 0 0 0 0
0.336268797200017 14.2226642690256 0 0 0 0 0 0 0 0 0 0 0 0 0 0 0 0 0 0 0 0 0 0 0
