0.0417378943985599 0 0 0 0 0 0 0 0 0 0 0 0 0 0 0 0 0 0 0 0 0 0 0 0
0.390728205347005 2.62980696141421 0 0 0 0 0 0 0 0 0 0 0 0 0 0 0 0 0 0 0 0 0 0 0
4.28975320704067 0.371971974710306 6.03605519079002 0 0 0 0 0 0 0 0 0 0 0 0 0 0 0 0 0 0 0 0 0 0
1.34888500235687 2.55267997003729 1.17755004676571 1.35620353875166 0 0 0 0 0 0 0 0 0 0 0 0 0 0 0 0 0 0 0 0 0
4.44999978648397 1.43404570320947 5.38991105282539 1.7617545401074 4.80885000350022 0 0 0 0 0 0 0 0 0 0 0 0 0 0 0 0 0 0 0 0
0.157932402657796 0.322920986023157 0.189996031407037 0.111965832016336 7.31240723197137 5.1567433628462 0 0 0 0 0 0 0 0 0 0 0 0 0 0 0 0 0 0 0
2.02863347633883 0.471957492838133 6.21190415275177 2.73159176956509 4.25651804534796 1.38025806133885 4.2475337490787 0 0 0 0 0 0 0 0 0 0 0 0 0 0 0 0 0 0
0.683547759352644 0.689472315301904 0.0995755596162563 0.75139093000425 6.12283764757704 1.13668434785012 2.49290135105384 0.763408914567191 0 0 0 0 0 0 0 0 0 0 0 0 0 0 0 0 0
0.901288748890491 1.10386572031384 1.29568428718467 1.40380612066967 2.75136652628797 3.33305974407981 6.27529746009521 0.557223974711025 5.62366185482155 0 0 0 0 0 0 0 0 0 0 0 0 0 0 0 0
2.99691866354849 1.99339772258397 8.47803077667067 5.7487116419576 2.65801263793889 5.59772329708793 5.11724714462901 1.27431391305687 0.745333618814122 3.803615804046 0 0 0 0 0 0 0 0 0 0 0 0 0 0 0
1.4920814258019 7.07419620630677 0.227986817681044 1.07325561793115 2.8571152054668 2.39141874844449 0.0250838684543834 3.97733824620041 1.90966647636672 3.2647682948269 1.74057648958843 0 0 0 0 0 0 0 0 0 0 0 0 0 0
2.3978629323986 0.0771904729820601 0.102099571589065 4.79378275719453 5.81760970722569 1.76746382979208 0.766909504713063 1.38242543395445 1.10136955608935 0.218186498598835 1.42924561129995 0.0163304613146066 0 0 0 0 0 0 0 0 0 0 0 0 0
1.1820526594855 5.59864137297125 1.54770650204564 3.88152870530831 0.413849708496903 8.94255295439255 0.579249931973881 0.205983396529127 1.20865233876379 3.06563398184052 1.44982428867668 3.34264774904163 4.9856417096843 0 0 0 0 0 0 0 0 0 0 0 0
2.62870565153834 1.04276942448522 1.12218821546521 0.510781925645074 0.948236568683045 2.35330667650086 3.20039255606883 4.64545269462172 5.2304423758007 0.0168293902982793 1.91789889728352 0.30610742527638 0.0188670959176619 0.572336547179427 0 0 0 0 0 0 0 0 0 0 0
0.0939668700686863 0.227631171452765 1.71188635539044 3.41035395638122 3.98272274455921 2.86151874980411 0.546154438355072 5.52017633450932 1.54000641249196 0.953645152921597 2.65913850228683 0.336124038182796 0.710919571148768 1.54791957893219 0.660444325462803 0 0 0 0 0 0 0 0 0 0
0.24178076836225 1.04863676539858 0.321524144644929 0.643343069652273 1.42782371659758 4.75381832277123 3.52902948550095 0.0839996075020315 1.83239163767485 1.35963733134743 1.67598951557519 0.0879934377505654 3.99958826711451 0.17169225966084 1.20296989427047 3.89490114062071 0 0 0 0 0 0 0 0 0
0.416484726115333 0.298261665462525 1.13588998975 3.55876953125461 1.30950501211616 2.76644344215958 0.476742997140503 5.20235607966876 1.98995478589831 1.15986424163589 3.48319005396749 4.06924764713914 0.470638292157016 1.4720207517507 3.06801959514626 0.575026358366845 0.576881407565603 0 0 0 0 0 0 0 0
2.50845269552675 3.450288109042 4.00324907667983 0.188777128195854 3.50754214040274 0.121849619062224 1.17132488177268 1.71951376182182 0.119983893775759 1.12036411012318 0.646607801667749 1.49223012030405 1.30681904335506 12.3128916699854 0.787889710213047 2.47757471684953 0 0 0 0 0 0 0 0 0
3.82031058587469 2.94299693197918 0.250232051164464 0.706142664027375 1.01977891698823 1.40701388954512 3.62884144567054 2.88797218291927 0.248715569510243 1.64531837531116 1.2882795738888 2.92464537032989 1.19130523264176 0.085028159181399 0 0 0 0 0 0 0 0 0 0 0
1.70019599294021 0.0629360867486468 0.845363215095486 0.679822072822013 1.76656063620471 3.0477656241886 0.755018082457225 0.654660743280082 3.24206650198577 0.509490307192627 1.54777856596251 0.751192038220024 0 0 0 0 0 0 0 0 0 0 0 0 0
1.32055078351944 0.136321016163829 1.17216768250934 0.967329699308714 7.12177335356808 2.07735599317483 0.0793301031244136 3.91905854157823 3.84619643365711 3.0519544772094 0 0 0 0 0 0 0 0 0 0 0 0 0 0 0
0.72140654486996 0.507061278341425 5.91467063548634 2.47838853979965 0.349844093010133 0.362624700067811 0.674676781195378 3.98838724511981 0 0 0 0 0 0 0 0 0 0 0 0 0 0 0 0 0
4.86928389437557 1.53700227572949 3.34045588259634 0.0682094928016219 1.36945169383146 3.58746288023727 0 0 0 0 0 0 0 0 0 0 0 0 0 0 0 0 0 0 0
2.35075895437296 0.194215930848741 2.01217251193612 3.08879793712433 0 0 0 0 0 0 0 0 0 0 0 0 0 0 0 0 0 0 0 0 0
0.184475628728084 1.00962375016364 0 0 0 0 0 0 0 0 0 0 0 0 0 0 0 0 0 0 0 0 0 0 0
