0.166578721075106 0 0 0 0 0 0 0 0 0 0 0 0 0 0 0 0 0 0 0 0 0 0 0 0
5.61217541060531 14.0175166895112 0 0 0 0 0 0 0 0 0 0 0 0 0 0 0 0 0 0 0 0 0 0 0
4.12695770865175 17.0806828768647 7.8674995304066 0 0 0 0 0 0 0 0 0 0 0 0 0 0 0 0 0 0 0 0 0 0
4.6231065332853 7.60515157782818 3.97295413695562 8.19741166934281 0 0 0 0 0 0 0 0 0 0 0 0 0 0 0 0 0 0 0 0 0
0.491069030340122 1.47972723385467 4.27728103844333 0.963652867115034 0.377118450813418 0 0 0 0 0 0 0 0 0 0 0 0 0 0 0 0 0 0 0 0
0.0648084837613253 2.3294516692574 1.82889845910251 0.594802127660835 1.59917713319787 2.07330382812425 0 0 0 0 0 0 0 0 0 0 0 0 0 0 0 0 0 0 0
0.499785361898773 2.24964736406295 0.322063259476562 3.12551870350024 0.780209174510237 3.52744964889185 0.278885499233587 0 0 0 0 0 0 0 0 0 0 0 0 0 0 0 0 0 0
3.09250554672678 2.47354148511853 3.77193172246491 1.15168958858552 0.673227437122678 1.76261010021168 0.371129547632133 1.51689563084505 0 0 0 0 0 0 0 0 0 0 0 0 0 0 0 0 0
0.620011684443719 2.56708680801819 5.70888991622924 0.817605802103036 0.485670966846915 0.897358307888021 3.14398552295531 0.870386099814801 0.941167728525198 0 0 0 0 0 0 0 0 0 0 0 0 0 0 0 0
2.79423730208143 8.41665341092376 4.81205704345732 3.57182448454919 4.64744451330543 5.19094993319495 2.92116830067845 5.81681548827415 2.31657389013633 4.38754036224889 0 0 0 0 0 0 0 0 0 0 0 0 0 0 0
5.60918492042544 4.97737064741469 1.21894022240752 1.7964616371448 5.53490310022843 0.28461873915621 0.998708135599515 2.27754371614026 3.22014150587989 6.14251740693586 0.201764221677509 0 0 0 0 0 0 0 0 0 0 0 0 0 0
1.96456807209061 3.27304911643076 1.31472693646024 7.00205830256147 1.50971734814057 1.06372027439302 5.44426375756665 2.53721676656971 0.136830953813798 4.44822384685506 1.5017283704009 0.681856051976667 0 0 0 0 0 0 0 0 0 0 0 0 0
1.7314508674668 6.01736659597891 7.30962472973575 3.89583982595893 1.98638447455014 3.68539504210882 1.18212945449995 0.630188611921562 1.05565101742281 2.38110325765331 4.5998860942141 3.83782993867931 0.055467465755192 0 0 0 0 0 0 0 0 0 0 0 0
1.70677822622472 8.56030590887863 6.32320406974896 3.57602443877793 3.59965183709666 4.32141237621288 0.460849975067311 1.08335328819043 3.74798804786188 6.16556315430508 1.30331500262668 6.3926165917873 3.30236875801611 7.16523217412974 0 0 0 0 0 0 0 0 0 0 0
3.63704812808994 3.63722752872441 4.28279380083866 1.67537889052028 0.717701371550902 3.7304640037752 0.693628005825128 3.82493748180637 3.23210998684675 5.80410731048991 0.322554343504137 2.14971344220605 4.89719820763662 1.44666016493893 2.57957062173634 0 0 0 0 0 0 0 0 0 0
2.78661198747947 5.43599164846901 10.061337356003 1.86968569060516 4.46047821289738 1.92511772189399 4.11512815777296 0.129967646985001 0.6898347222134 7.74322631129628 0.392906965499874 1.4348252422479 0.939079946678477 0.307347670392093 1.11298285780568 4.20554663130996 0 0 0 0 0 0 0 0 0
4.08762398527739 4.9295254573014 0.778331361158665 3.05397111395667 0.71211223636011 0.699571764529595 1.6416966907836 1.48542875560181 1.81784958634286 4.12086871734866 2.42977524022777 1.3299600050503 0.384142711916933 5.46134138660209 2.87868817414207 9.75573845954102 2.72070384420249 0 0 0 0 0 0 0 0
3.28460366761711 4.1296457393592 1.07649279030713 0.267121708604408 2.91194994196651 1.13259016796653 1.78017964231381 6.70402106870249 0.276139296936657 2.75102670730083 2.64906256501492 1.21089312454643 2.4074498161319 6.76070529887053 1.21804508090067 1.32479941707382 0 0 0 0 0 0 0 0 0
2.27946769057801 2.66439797749086 0.0843193438174433 1.97424111374733 4.88601803199683 1.19920730095834 7.16213513249907 2.7448060269902 3.38688705139509 3.37237490848589 0.378795585480458 4.09847447328487 2.17663789556412 1.0485119087696 0 0 0 0 0 0 0 0 0 0 0
1.15717576965429 0.374558319789579 1.9425528796931 3.08950180976805 0.474561625451545 3.04225130219373 2.1838062845096 1.9125846692835 3.04124118327736 3.07472540191885 2.58856748186045 0.432297181852571 0 0 0 0 0 0 0 0 0 0 0 0 0
0.117640305321407 3.80785526916395 6.30675409321241 3.30250179935348 0.12161215655762 2.6392352968296 4.87333832049172 0.189283910298008 0.708255734187713 0.00413305332607656 0 0 0 0 0 0 0 0 0 0 0 0 0 0 0
0.0823109974243089 2.14890942284424 2.20366995891529 0.599476508135401 2.80862338544326 0.399124500187831 0.298097496564581 0.937431734671276 0 0 0 0 0 0 0 0 0 0 0 0 0 0 0 0 0
1.58994683810927 2.60383959472977 1.4823227626483 1.20648658494054 0.889726370105169 0.403785877185089 0 0 0 0 0 0 0 0 0 0 0 0 0 0 0 0 0 0 0
4.32264343236687 9.27270598801194 9.05418277757249 10.9488321020872 0 0 0 0 0 0 0 0 0 0 0 0 0 0 0 0 0 0 0 0 0
1.64969332629179 10.7103039875152 0 0 0 0 0 0 0 0 0 0 0 0 0 0 0 0 0 0 0 0 0 0 0
