0.52564311193425 0 0 0 0 0 0 0 0 0 0 0 0 0 0 0 0 0 0 0 0 0 0 0 0
4.79707381146297 14.8938131430106 0 0 0 0 0 0 0 0 0 0 0 0 0 0 0 0 0 0 0 0 0 0 0
2.84444584821401 4.36027762544382 6.53133453887358 0 0 0 0 0 0 0 0 0 0 0 0 0 0 0 0 0 0 0 0 0 0
0.20883407506217 4.1067678633744 0.196946683770561 1.65567612165364 0 0 0 0 0 0 0 0 0 0 0 0 0 0 0 0 0 0 0 0 0
0.413446075279013 0.170986071188478 1.55616045067943 2.1488205322624 1.87396858627318 0 0 0 0 0 0 0 0 0 0 0 0 0 0 0 0 0 0 0 0
1.23852966323498 2.24818477509572 4.42112139939856 4.14245391047942 2.3418170494737 3.72259473363028 0 0 0 0 0 0 0 0 0 0 0 0 0 0 0 0 0 0 0
5.32666354631808 8.93463962234406 7.5515165180282 4.517479857244 0.381861562398806 4.83395612513346 4.27290348813308 0 0 0 0 0 0 0 0 0 0 0 0 0 0 0 0 0 0
3.7198560491246 11.0640929752148 10.5668371173623 0.421374607954268 0.881848930227345 2.8952655464668 0.214394458803089 2.90233893719249 0 0 0 0 0 0 0 0 0 0 0 0 0 0 0 0 0
1.57004458861855 1.34603685713049 0.586107424320486 0.14415500143835 0.978744251569856 1.25221660442865 1.868986015657 0.190128213842763 1.51545328674021 0 0 0 0 0 0 0 0 0 0 0 0 0 0 0 0
5.43977042820503 4.87455550427036 11.5023475093867 4.38447759114957 1.38900285599615 1.70000995225161 0.531519847928618 0.599081424963656 0.0703766116925861 1.6111074537402 0 0 0 0 0 0 0 0 0 0 0 0 0 0 0
0.545676076965676 9.52199156124884 6.22234367243305 1.32226229548718 2.41771742286504 0.39415955941453 1.50806601539228 2.09150320087004 6.77582813338403 2.83789704482259 1.41423950343695 0 0 0 0 0 0 0 0 0 0 0 0 0 0
4.54161367468819 8.05682486741637 2.3906124929035 4.56733673496638 3.00183330199419 0.106862088684468 0.706876824358853 2.55895133358451 1.29249246872665 0.748771227281689 0.475073431001544 0.530848431608105 0 0 0 0 0 0 0 0 0 0 0 0 0
2.81485437252245 4.78133840513535 1.37509844645422 0.787499432259516 0.280158965530368 0.500734690070818 0.924336951762102 0.477540326792564 1.35234216935698 0.600468787597538 0.0147810064117691 0.513702209053492 4.47027474702664 0 0 0 0 0 0 0 0 0 0 0 0
1.41155000876261 1.42451315160444 1.55794469499671 0.911892711147608 2.01250130905529 0.943842023716104 1.34807744972856 2.34652778846976 0.976524642098915 0.326652470170878 1.87054876544238 1.12177990573326 0.127386778610605 0.39312323012653 0 0 0 0 0 0 0 0 0 0 0
0.951119919336635 2.14330445269041 1.25358246114808 2.38544670844245 2.29525443218936 0.863173720436359 0.639252189210861 1.70545857402956 0.47097164875442 0.324889678934627 1.73884810954862 0.795510738567441 0.237025683319268 0.896741407167005 1.52737263287917 0 0 0 0 0 0 0 0 0 0
4.43537120198424 0.26545137661208 0.343653230000329 1.37782652048365 1.92394894372891 2.92545468209129 0.0725400366748891 1.54444820116108 0.76511620689436 0.595284149379486 0.279284471286551 0.766520372316914 1.34144457220874 2.18803749616517 0.0499275197382732 2.69636488463501 0 0 0 0 0 0 0 0 0
1.01337702659753 2.93735982884998 0.372352126263981 3.6243356196959 4.09576696763285 1.86200603718505 0.690666702361804 0.168933384700845 6.24038189291408 0.953374579696603 3.77054036406029 0.941302135273394 1.22035123207284 1.47226317195038 0.263127148694634 2.38734409954734 1.63731792952308 0 0 0 0 0 0 0 0
3.34582706872472 1.3880479280067 1.87272259684221 5.13810452320456 4.24931716936137 1.5110650319224 0.101014700982441 1.1343972249136 1.17855450734241 0.438911478107004 4.50670655486276 1.15285919111385 0.141912596767788 0.512534393667931 1.21046957016004 0.381226693665056 0 0 0 0 0 0 0 0 0
2.50303679339591 0.432751547968705 2.18619391980038 2.27033192048685 3.41134282760714 0.504608674284646 4.11777551641549 0.298424148794441 7.16265674349904 2.64870928016087 3.4797986279714 2.6010172880295 0.626886542387424 1.65893503055204 0 0 0 0 0 0 0 0 0 0 0
2.90844751596999 2.89390502751365 0.996794749742518 7.49387900776449 1.46226764274925 0.706372953669204 0.148585220891354 0.170654373841913 1.53306253694607 0.815584897146145 7.17561681982158 0.638624531554572 0 0 0 0 0 0 0 0 0 0 0 0 0
5.00533215939691 0.796071593064564 0.912400377494847 2.18082006623036 2.19944241652686 0.0722208022483188 0.896464160792757 3.24151652407609 2.9359903577653 0.121209118217572 0 0 0 0 0 0 0 0 0 0 0 0 0 0 0
0.0390186414125179 1.56601616165279 0.392207732553565 2.68132786947225 0.279930033840364 0.278252164346289 1.14511123932605 1.62443797861179 0 0 0 0 0 0 0 0 0 0 0 0 0 0 0 0 0
5.19218537784643 2.20022076425598 0.277618512126866 0.0849327222118444 7.59966143818583 7.13153675815076 0 0 0 0 0 0 0 0 0 0 0 0 0 0 0 0 0 0 0
1.59901465590426 0.0464481650122093 0.0255602397189589 6.97173992487222 0 0 0 0 0 0 0 0 0 0 0 0 0 0 0 0 0 0 0 0 0
0.751229082171747 0.0280649096412517 0 0 0 0 0 0 0 0 0 0 0 0 0 0 0 0 0 0 0 0 0 0 0
