0.371103988269952 0 0 0 0 0 0 0 0 0 0 0 0 0 0 0 0 0 0 0 0 0 0 0 0
1.80539300340185 13.5958283217103 0 0 0 0 0 0 0 0 0 0 0 0 0 0 0 0 0 0 0 0 0 0 0
0.780685158022877 6.14532540365662 11.2731838335512 0 0 0 0 0 0 0 0 0 0 0 0 0 0 0 0 0 0 0 0 0 0
6.60338237260017 10.5723534854481 6.36957019712792 2.17582724035836 0 0 0 0 0 0 0 0 0 0 0 0 0 0 0 0 0 0 0 0 0
3.66602592355907 7.97218697189341 3.1692336583161 0.345235559983001 1.2802901955779 0 0 0 0 0 0 0 0 0 0 0 0 0 0 0 0 0 0 0 0
7.16736198882093 9.89950514065562 5.76390312316013 2.58162503323205 1.30661625751741 0.796034141820581 0 0 0 0 0 0 0 0 0 0 0 0 0 0 0 0 0 0 0
3.52912765774133 7.96004472904166 2.1148043943684 1.52577809940704 0.58488470800654 4.70481178529901 0.472221539341976 0 0 0 0 0 0 0 0 0 0 0 0 0 0 0 0 0 0
3.82717478810233 1.99571734761363 0.568012172123768 0.0582153047646055 3.31539577149435 0.913465236186642 2.0905509050718 1.92024623818511 0 0 0 0 0 0 0 0 0 0 0 0 0 0 0 0 0
1.61678971719133 5.53816575417587 2.94381307544033 0.841777106725656 0.686608434123949 1.48562736726566 2.26671531158841 0.151643672642852 0.814650281644924 0 0 0 0 0 0 0 0 0 0 0 0 0 0 0 0
0.0198837552077978 4.75240389844424 0.227166063940104 1.03485317783909 1.17288307677075 0.831210724490697 0.45118200225661 0.342791794618261 1.65807543548673 0.953598367465644 0 0 0 0 0 0 0 0 0 0 0 0 0 0 0
0.700097474568068 2.24054065952133 1.67607814260844 1.04275178733072 1.515492393219 0.29501926239127 1.86369474385088 2.34215374362809 3.25839681335426 1.98604519422465 1.74626179724889 0 0 0 0 0 0 0 0 0 0 0 0 0 0
1.91985158568686 1.01206474886862 2.25967766883872 0.953109718596765 0.528690382830812 2.0072400604614 2.21678655003958 0.340464614050404 4.39785303713642 0.798179684957333 2.73650066110056 0.793313155296044 0 0 0 0 0 0 0 0 0 0 0 0 0
0.939002721333427 2.18236296741037 1.65293362086664 0.335020846332976 1.35614733726433 0.596426180730262 1.46508687948867 1.48483399008178 1.89932551568298 0.30379232325309 2.78908754967349 1.71779542595147 3.18866271942415 0 0 0 0 0 0 0 0 0 0 0 0
5.74848916978527 0.341861218864902 4.35621221901586 0.494533115951416 0.868823338161807 3.28319545720171 1.75473872999773 0.109686758701649 0.779980236340394 0.828008018656931 2.6196512785531 0.318603344074509 0.286587178033764 1.12517372213711 0 0 0 0 0 0 0 0 0 0 0
0.486822743834413 2.06962347895776 2.66842869850012 2.86029317234043 1.43264405378411 1.75457274437298 1.03162225135232 4.81054499394628 5.36491532146619 2.19176669424972 1.18052076660498 0.830264563252564 4.5857745827537 1.83305660393175 0.307271672793268 0 0 0 0 0 0 0 0 0 0
3.7779149378812 3.09931477266355 0.663471031626274 0.918294811410799 3.46347969045159 2.42313665461868 0.319426413727407 0.360524501057736 1.45269953891341 0.42749388370251 0.293275536449578 2.47530795149588 1.47252404437936 0.18910012995879 1.21783139068426 2.63052251028413 0 0 0 0 0 0 0 0 0
0.989919930512085 0.741623175596603 2.84272683818433 2.82838722338962 1.01174603488275 2.66456655574168 7.52588554619286 4.70254687415893 2.01720290224246 0.871850156566639 2.15822335883001 1.02690844762732 0.933961746198463 0.14932372708532 2.70608376582496 0.530539812989464 1.07774888038447 0 0 0 0 0 0 0 0
0.0969277031747646 5.52976568376618 2.95081422187504 0.809927339634802 0.671076862141097 5.44491862798754 0.888588711096788 5.16061090763433 0.136012375394158 0.105574366052451 0.24903910159385 0.00687624764303173 4.50488019054309 0.748777066607065 0.675780751301195 15.507564650398 0 0 0 0 0 0 0 0 0
1.31321729224147 1.67675672579014 0.824549944096654 0.316186384534574 2.22224162896186 0.272431116651596 1.73202555144843 2.25748571171853 0.440874915302314 0.533670346852727 2.03012320839272 0.270068106712311 1.49432141298326 7.34790503663702 0 0 0 0 0 0 0 0 0 0 0
0.824466842606816 4.34815952052209 2.46621496884232 0.128604464331324 4.00488668562639 3.7985075911417 0.532028303741914 5.57258432268369 2.37425954862432 0.0616935052032518 4.9964705243437 2.20519978587273 0 0 0 0 0 0 0 0 0 0 0 0 0
1.64397766555189 1.8320490241717 1.16355334591824 1.55463447472009 0.476718578989374 4.17077419644135 4.25210095880293 2.40528311390554 1.22253307653182 6.55350634167517 0 0 0 0 0 0 0 0 0 0 0 0 0 0 0
0.160293093347243 6.00632653783575 2.99762485994371 0.366034590392677 1.2272259335468 10.1142866139876 1.91425846931708 0.0742307074424511 0 0 0 0 0 0 0 0 0 0 0 0 0 0 0 0 0
0.503383853437708 0.796788638243096 2.40538972791179 2.74120216515656 5.45130556311132 0.811378004520977 0 0 0 0 0 0 0 0 0 0 0 0 0 0 0 0 0 0 0
0.215947390023681 3.12835766377802 4.77400145301585 3.46356185093195 0 0 0 0 0 0 0 0 0 0 0 0 0 0 0 0 0 0 0 0 0
0.72328595462329 4.40547582658102 0 0 0 0 0 0 0 0 0 0 0 0 0 0 0 0 0 0 0 0 0 0 0
