0.0248898889761042 0 0 0 0 0 0 0 0 0 0 0 0 0 0 0 0 0 0 0 0 0 0 0 0
4.90351539210901 6.78185921736456 0 0 0 0 0 0 0 0 0 0 0 0 0 0 0 0 0 0 0 0 0 0 0
1.4742262091103 0.0355151370165267 1.2283514508169 0 0 0 0 0 0 0 0 0 0 0 0 0 0 0 0 0 0 0 0 0 0
3.59636856821227 2.09265172532615 1.94072465897046 1.41139611972835 0 0 0 0 0 0 0 0 0 0 0 0 0 0 0 0 0 0 0 0 0
6.65001711734185 0.738648593595717 0.0640358588636515 0.189958261493319 3.37094336182458 0 0 0 0 0 0 0 0 0 0 0 0 0 0 0 0 0 0 0 0
2.92747521841496 0.0157105129175229 5.13036647675928 2.15034507516227 2.71233272926458 0.522972190668105 0 0 0 0 0 0 0 0 0 0 0 0 0 0 0 0 0 0 0
0.977365396736971 1.25480443624256 5.10657837100559 3.63119114277468 1.76209766106395 0.865721977234409 4.63031473081375 0 0 0 0 0 0 0 0 0 0 0 0 0 0 0 0 0 0
0.61430967976578 6.39321101469645 4.58554151337851 2.39498551464786 9.40236552247729 2.22402935093786 1.81325681581662 1.2655148941635 0 0 0 0 0 0 0 0 0 0 0 0 0 0 0 0 0
2.22853927923531 3.18874410619117 4.57304850326357 6.64115582970355 1.61295130518092 1.70648524975764 0.704805405344664 2.00781952601733 0.720637184802571 0 0 0 0 0 0 0 0 0 0 0 0 0 0 0 0
3.39152376458289 10.2987554526163 6.93492590417742 0.506834017322007 5.28619557886762 0.237170478039954 1.44354600776789 2.38817833661373 1.33585566655832 6.47779672191544 0 0 0 0 0 0 0 0 0 0 0 0 0 0 0
1.7326959318357 1.59274998012666 4.48022312994182 3.51909722592283 4.83465291174775 5.48055628206165 0.192205016502871 2.80220353485018 3.39563359064131 1.069510915188 0.778253315222829 0 0 0 0 0 0 0 0 0 0 0 0 0 0
2.90941556626252 10.2699837417659 4.09044180250242 3.45277029015548 0.312800746974369 0.0871250053849207 0.0160653650520335 5.44242185231388 1.68671604599157 0.288096917910213 0.525238978158686 6.44044487657295 0 0 0 0 0 0 0 0 0 0 0 0 0
3.8919915241466 2.29491102191966 1.47114167476822 0.991633289864898 1.11245813157868 0.688902067001406 0.0340650669882071 3.35413633019686 0.115257485287071 0.0316902050949259 0.736385900616617 1.53873882950986 3.48867437317105 0 0 0 0 0 0 0 0 0 0 0 0
0.776782711946419 1.42286990643461 1.41191700711849 0.255058074344273 0.407671489145183 2.07093132434144 0.761655422283373 0.891286165731089 0.897463125718904 2.71307315292508 0.60130904721888 2.88885454406737 0.695220628549127 6.9634105878485 0 0 0 0 0 0 0 0 0 0 0
0.124514862977976 3.25034076594533 1.92395497437261 0.210819944617695 1.06447553251563 3.04552471807505 2.19418460568302 2.60904988205868 2.77857678983926 0.16236086528631 1.5278197769679 0.0416605416644625 1.35284369470225 0.279959384162087 4.13054120053705 0 0 0 0 0 0 0 0 0 0
4.62161427039662 0.228768423311399 0.750405573627355 4.09539301764989 6.02131244898765 1.29617223474614 7.56465952451289 2.46121678269685 0.307928789675948 1.04654989515158 0.932296978024457 0.15863189150178 0.934569098197233 0.0733194906670132 2.00903791455228 0.714824108813868 0 0 0 0 0 0 0 0 0
1.51785654733064 2.32080890120144 4.25280651433964 2.36219789360747 1.37195713881101 3.63117174422825 0.0343506848516494 0.232980726825424 0.922615085150074 0.34580909989876 4.21692958931736 0.173877640055773 5.16092851284031 0.347258155196465 0.237168613389205 2.83320644794819 2.4924458277565 0 0 0 0 0 0 0 0
0.227076259972243 0.00622071385816629 0.578639489478367 0.407550873448662 3.53819365812331 1.71527362738162 0.549622176907715 1.83305087700937 0.204756874785582 0.733964444727195 0.900504632534482 0.102203595394564 2.30006635188438 0.22160906882871 0.613312352532242 0.0493461553277773 0 0 0 0 0 0 0 0 0
0.814451280674684 3.08317805223965 3.87419684806586 0.852158011685831 1.21557479410544 4.12126597850069 8.00663944527316 0.226243368236413 0.867476703316798 1.07248411123719 1.35866410584878 2.78029073961303 1.01740710106005 0.659000889631228 0 0 0 0 0 0 0 0 0 0 0
2.82772442219085 1.76669296107084 0.992104830465952 1.89413049568602 1.50357521744414 3.5548632990604 0.292904238611028 2.02739786815099 0.41561374194902 0.29559467532183 0.329327628540225 0.362188440352952 0 0 0 0 0 0 0 0 0 0 0 0 0
2.1877115629712 0.591573943082771 0.0474467834431083 0.286953856040644 0.579451069075729 4.17656152060816 7.02632291526708 0.642115387948319 0.844585892983614 2.95392124134448 0 0 0 0 0 0 0 0 0 0 0 0 0 0 0
0.123872817420925 0.0201819622511118 4.48618358525 4.90239202618051 2.09601834945922 1.07313610863348 2.16906118322983 0.987626797845917 0 0 0 0 0 0 0 0 0 0 0 0 0 0 0 0 0
0.45142230726609 2.14475362694917 4.51035293829133 0.125595321232196 4.67485373109135 3.08030084790528 0 0 0 0 0 0 0 0 0 0 0 0 0 0 0 0 0 0 0
0.38542857522187 0.837940507661954 1.69449103741755 9.25003493856268 0 0 0 0 0 0 0 0 0 0 0 0 0 0 0 0 0 0 0 0 0
2.08109823350147 0.398422780992043 0 0 0 0 0 0 0 0 0 0 0 0 0 0 0 0 0 0 0 0 0 0 0
