0.0566165504315903 0 0 0 0 0 0 0 0 0 0 0 0 0 0 0 0 0 0 0 0 0 0 0 0
5.22031712882866 8.89470657368308 0 0 0 0 0 0 0 0 0 0 0 0 0 0 0 0 0 0 0 0 0 0 0
5.89855642502288 17.1635502452166 14.2607555539456 0 0 0 0 0 0 0 0 0 0 0 0 0 0 0 0 0 0 0 0 0 0
8.09262884015899 15.9672304650931 9.74831622173242 8.53144334825813 0 0 0 0 0 0 0 0 0 0 0 0 0 0 0 0 0 0 0 0 0
5.05635236963666 5.31597592608028 5.66672628117362 7.39997353884325 6.99484856721107 0 0 0 0 0 0 0 0 0 0 0 0 0 0 0 0 0 0 0 0
5.99913357661246 12.494143980767 17.8334145809341 17.492955428013 6.27596670410012 13.9516431844342 0 0 0 0 0 0 0 0 0 0 0 0 0 0 0 0 0 0 0
5.71904577871744 15.7557810836533 16.9901404396378 11.0235811961857 5.5247002683711 16.6967310557287 12.4818691820163 0 0 0 0 0 0 0 0 0 0 0 0 0 0 0 0 0 0
7.14809220096315 14.8485301782771 10.8573332951684 10.0850288962652 5.97132746443991 15.381887801883 10.579868811694 5.32998491841673 0 0 0 0 0 0 0 0 0 0 0 0 0 0 0 0 0
3.83061898083888 5.89401812859686 5.42172962433678 5.96962600101949 4.13288225379853 6.71980176513626 4.77899193425173 1.99116087002278 2.82428573483704 0 0 0 0 0 0 0 0 0 0 0 0 0 0 0 0
5.81907290331999 11.0361507277496 15.7090475275728 14.7685931337381 6.47638420107349 9.09904546858679 5.96421803401616 3.96513427679567 2.86674027581857 1.56078305397016 0 0 0 0 0 0 0 0 0 0 0 0 0 0 0
4.96086124314231 13.253413093073 14.2254211173482 10.0666266166215 3.66269769684733 5.63433633344555 3.52605624857072 3.1633830647753 1.88359634488966 0.228637768381672 1.06993621113788 0 0 0 0 0 0 0 0 0 0 0 0 0 0
5.2256986700079 13.6113977562689 10.6369851286069 9.33839511163092 0.903282707879578 4.58400859402505 3.93334718855114 2.34577866556275 0.0387521845346663 0.920255827312326 1.56035140921752 2.42916411091785 0 0 0 0 0 0 0 0 0 0 0 0 0
4.5979315550747 8.67112257228416 7.89152407126439 3.41088332892379 3.33059206596883 6.81055600639783 3.42159792036832 0.315824179618114 0.982388899109594 1.78406624311876 3.83726663016359 3.99839046821626 3.44703066683213 0 0 0 0 0 0 0 0 0 0 0 0
6.13782843577769 9.95036447080225 6.3843884509996 5.47101216569305 3.24140481020196 2.8706376854394 0.91940223812292 1.47954459461539 2.3475311856019 4.85651944078449 1.75122245402458 5.93481319712632 3.39288729888998 7.05700406081313 0 0 0 0 0 0 0 0 0 0 0
2.80832997788289 3.49527375843639 3.45612174496566 3.5869010836376 1.12816493801895 0.539261437707111 1.73122661706612 2.66616605263128 3.46323978098041 0.702834352624226 2.83995555553696 2.75061810671708 2.70962218224933 5.08794711933515 0.284631015687571 0 0 0 0 0 0 0 0 0 0
0.116194314765204 3.62485664196634 6.19955570031879 3.32582570408517 0.0689222294529293 2.11108273437114 2.05095088517455 2.78384997131807 3.23281153349447 4.7978306369336 3.63793351113694 3.03998279585142 1.86966960922464 1.79553549000866 2.38169448183309 5.63344171746855 0 0 0 0 0 0 0 0 0
1.45069511470245 5.82702601895676 6.84984717135201 0.721341255993961 1.46442363092274 2.2852983941575 4.96828592279181 5.22639493701096 5.02424715040342 3.46362445174461 4.35154372273681 3.39297237452511 1.6156653437652 1.91889121519067 10.4098107544925 4.3168298868363 2.51577901352495 0 0 0 0 0 0 0 0
0.18468910574781 5.61335668412796 1.55861346119268 1.16470368653656 0.593039685647151 5.13437921356731 3.7891779904201 7.80230136171504 0.824150960173708 4.28186559097798 4.12916944383054 3.8341085991183 1.36400787917933 7.12300103011072 7.89493327835677 1.4350314516469 0 0 0 0 0 0 0 0 0
1.59943711793374 0.303929698528451 0.605617974127925 0.625411977241112 1.82685513418669 0.688358488684085 2.4930384617382 0.158567441058581 0.884238883481181 2.12064701018415 0.223121088851636 1.03743895982116 1.97486665765317 0.221375805986707 0 0 0 0 0 0 0 0 0 0 0
0.19030537367611 2.94867246128201 3.68402497911267 5.50957543930477 2.67527339508473 7.73040911817847 4.48469201148082 4.66681610615369 3.76019933685335 2.50898892737052 3.09566595853993 10.6270308412417 0 0 0 0 0 0 0 0 0 0 0 0 0
1.57009263941811 1.69466234777599 2.93743137805826 3.00071993061374 2.1421237632368 2.33398812167406 2.53966837651201 2.44452287492328 7.03991112290587 0.561432665661208 0 0 0 0 0 0 0 0 0 0 0 0 0 0 0
2.09313008091525 1.39188212186879 1.7096071868657 2.51533786035127 0.0803785477901371 1.8524737495277 3.51437527343855 0.417030949495936 0 0 0 0 0 0 0 0 0 0 0 0 0 0 0 0 0
1.66677188719918 0.0845610882055502 2.06738016198726 0.148844152220928 3.93940168867742 1.34670809449176 0 0 0 0 0 0 0 0 0 0 0 0 0 0 0 0 0 0 0
0.00872608357728008 6.80640286520399 3.14042575871207 5.43383316088968 0 0 0 0 0 0 0 0 0 0 0 0 0 0 0 0 0 0 0 0 0
2.42241647268312 4.10476878372112 0 0 0 0 0 0 0 0 0 0 0 0 0 0 0 0 0 0 0 0 0 0 0
