0.433290524092435 0 0 0 0 0 0 0 0 0 0 0 0 0 0 0 0 0 0 0 0 0 0 0 0
3.41764601371405 16.3058779031631 0 0 0 0 0 0 0 0 0 0 0 0 0 0 0 0 0 0 0 0 0 0 0
2.95851812684099 17.2355477849658 9.92234256318589 0 0 0 0 0 0 0 0 0 0 0 0 0 0 0 0 0 0 0 0 0 0
2.56957113550027 8.77288966776764 3.55359856477458 5.69784879173384 0 0 0 0 0 0 0 0 0 0 0 0 0 0 0 0 0 0 0 0 0
0.725246067028263 0.80542510960043 2.8311377284281 3.75656081151883 0.990668641614733 0 0 0 0 0 0 0 0 0 0 0 0 0 0 0 0 0 0 0 0
1.82827255693851 0.805751202343651 1.04622546807161 0.373703721200199 2.78084173066648 1.93549214440163 0 0 0 0 0 0 0 0 0 0 0 0 0 0 0 0 0 0 0
5.73828132452292 8.11120864268917 11.3377695819263 5.05759958183542 0.84061318204032 1.28005062216625 0.039768320570845 0 0 0 0 0 0 0 0 0 0 0 0 0 0 0 0 0 0
5.75894343405285 11.3329673046347 7.80350960822002 0.749131070779807 0.360535416385692 0.15918965652785 4.95142973848253 5.07931388906768 0 0 0 0 0 0 0 0 0 0 0 0 0 0 0 0 0
5.53594349073645 7.45158434629308 1.38299422392249 0.244990143632815 0.854114809769034 1.78838036134599 0.993108218690915 1.10581832515146 0.126030362817457 0 0 0 0 0 0 0 0 0 0 0 0 0 0 0 0
4.58751868706537 5.61196471095991 0.59416268211927 0.279500107161752 4.15029079896806 2.06750967364445 3.44667429789816 4.37525238534529 2.8670154533145 0.153290898922111 0 0 0 0 0 0 0 0 0 0 0 0 0 0 0
0.294295209449141 0.296886773765927 0.878287016588462 0.547866994607449 0.561036627305841 0.559892587677679 1.15353076704435 4.32747900421953 4.33069251071847 1.13892039195371 6.75621711055633 0 0 0 0 0 0 0 0 0 0 0 0 0 0
2.56972532904979 2.67384613289673 0.206938007746756 0.869933040940504 0.921742909579173 0.502383630007611 2.67614535652647 0.452792215782358 0.0817140025857638 1.19635770111845 0.639089131062038 0.135924970064157 0 0 0 0 0 0 0 0 0 0 0 0 0
1.3450620419627 0.437109054981136 1.07185410476234 0.302073510879799 1.43797543342737 0.538374709258227 0.217415360452726 1.72902456397997 1.23069765708085 0.0254518867858176 6.07606272048589 0.186279943832691 1.92764819914292 0 0 0 0 0 0 0 0 0 0 0 0
0.289469962807824 0.498848279792762 0.685142576662963 0.353192580961236 3.94354046903244 2.98483754359992 3.16353335720331 0.974277232130794 0.502264522691609 2.23650814947089 2.57796572202457 0.160630772081642 1.43549004309334 1.82209355328335 0 0 0 0 0 0 0 0 0 0 0
2.2624388045199 0.63009346603306 1.40068820399254 0.786589878335989 3.99665916932151 0.78319199692004 4.46176046807108 0.837349910692657 2.83793209725771 2.83423698590402 0.763674640798072 1.92016156464216 2.17598251845701 0.754277101251553 2.19685509755632 0 0 0 0 0 0 0 0 0 0
0.407519287882779 1.4600501336162 2.66104827693959 1.93221194676545 2.30605114417959 1.82677224115729 1.00708087010075 0.0626500953545201 0.0139592750829331 0.549111623153203 0.656930844709294 0.86809964595451 1.09410632563248 4.30894765944935 0.517767340833524 2.59616401718497 0 0 0 0 0 0 0 0 0
1.6040869656502 2.15215018967206 0.159224631365486 3.90068683659013 0.70661094970943 2.38011712408751 0.925924170049506 0.982277341040982 0.692277574332084 0.267343979292525 3.76244220792402 6.56803301250354 2.24516126546897 0.87465180566714 0.0382457191023477 0.315171148899263 1.0042674568456 0 0 0 0 0 0 0 0
5.62833742697634 0.809235329776424 1.41314268900954 1.17072889623666 2.08473617293806 0.582535104405295 4.38458789177641 0.912100984054997 0.361692059784964 0.541226857643098 1.13170813410953 0.656072282924203 2.08864186661869 2.80777285238838 6.03142784676191 1.33654350337814 0 0 0 0 0 0 0 0 0
2.05285310600804 0.678911138511503 0.992363073995575 0.00798755852065165 2.29561213095057 2.28341747311549 0.602325117377104 3.04481269601426 3.00705545696716 1.01402688631045 0.180097796211719 0.211971030438593 5.63092212311004 0.691340227845148 0 0 0 0 0 0 0 0 0 0 0
2.01630595436957 1.68092440932614 0.666012100889705 0.727487914107558 1.63400134879475 2.18602625355911 3.58888560510749 0.414170824255886 1.39349384103413 0.139080923692491 2.95652730410921 0.0429786112299051 0 0 0 0 0 0 0 0 0 0 0 0 0
1.00476198165119 6.41778942827807 0.509339587508762 0.579960879019597 1.7309459502001 3.94870642862573 1.50300871503115 0.863460514971435 0.50143641190986 1.81474276563598 0 0 0 0 0 0 0 0 0 0 0 0 0 0 0
1.35092185059637 0.337201670279154 0.640397034157806 1.47087997520738 3.42859288969015 2.99672278756275 3.50105487892644 1.37151383006257 0 0 0 0 0 0 0 0 0 0 0 0 0 0 0 0 0
4.31654809576161 0.382629131277734 0.0366920214219137 0.161852518604398 4.79663870554074 3.19332059923898 0 0 0 0 0 0 0 0 0 0 0 0 0 0 0 0 0 0 0
2.52233607848158 0.865326306554143 0.320904651336504 0.884356083332805 0 0 0 0 0 0 0 0 0 0 0 0 0 0 0 0 0 0 0 0 0
2.39891977423753 10.3994024630497 0 0 0 0 0 0 0 0 0 0 0 0 0 0 0 0 0 0 0 0 0 0 0
