0.543894887369124 0 0 0 0 0 0 0 0 0 0 0 0 0 0 0 0 0 0 0 0 0 0 0 0
2.42475498076357 15.5418494712179 0 0 0 0 0 0 0 0 0 0 0 0 0 0 0 0 0 0 0 0 0 0 0
1.20052331698039 2.13933084035509 0.439016405114508 0 0 0 0 0 0 0 0 0 0 0 0 0 0 0 0 0 0 0 0 0 0
0.203064627942523 3.68238622891802 2.1337390898484 2.45390042568182 0 0 0 0 0 0 0 0 0 0 0 0 0 0 0 0 0 0 0 0 0
3.62704735527732 4.98492251911668 0.602841688190029 1.20544934579697 0.115594899109547 0 0 0 0 0 0 0 0 0 0 0 0 0 0 0 0 0 0 0 0
0.996730617857123 3.99755836153298 0.0347742593177489 3.41740238393984 0.0988615288793968 5.42316443775884 0 0 0 0 0 0 0 0 0 0 0 0 0 0 0 0 0 0 0
0.230886822115293 1.28694870479535 2.38564727503002 1.15134920604611 0.580226056550636 0.0916235336380278 0.436308456528654 0 0 0 0 0 0 0 0 0 0 0 0 0 0 0 0 0 0
5.1511004520988 1.35283134573496 1.93490645675514 3.1110548558951 0.285715476940286 1.15377193623312 1.9779323365315 2.38938995075606 0 0 0 0 0 0 0 0 0 0 0 0 0 0 0 0 0
2.17535248361526 0.417359252511788 1.07308747263265 0.427029802538413 1.41630779901117 4.28137004041441 0.186037744081196 0.298989131105824 3.77715301637174 0 0 0 0 0 0 0 0 0 0 0 0 0 0 0 0
2.18169654212437 3.70838778723005 1.12352021682258 5.06120036643567 0.00554039587370595 0.212298901780533 1.96798972786657 2.87271803629868 10.6251680736138 0.863552436284945 0 0 0 0 0 0 0 0 0 0 0 0 0 0 0
0.347736271342771 0.431321656077836 0.201354643952419 1.83176754966505 0.93459980519421 3.1093014025781 2.26004788505167 1.94727445047351 1.53400040411447 3.40044404049236 2.05084752905851 0 0 0 0 0 0 0 0 0 0 0 0 0 0
3.91255282050646 5.96812850567525 0.364425816449237 3.3986562715155 0.97481780384687 1.54178698594713 1.63666260752561 2.6526400269222 0.0207741547412072 0.504933611513075 1.12960690576018 1.76038494590575 0 0 0 0 0 0 0 0 0 0 0 0 0
3.15494823490672 0.638019980500857 0.648865877927856 0.4938922547086 1.83388724445426 1.4459581801034 2.87516578178733 1.24274020029846 0.652401856804197 0.534337572210498 0.0748304262992569 2.22799405643353 3.02424899345434 0 0 0 0 0 0 0 0 0 0 0 0
4.3776828090176 3.35473812259154 0.457187877878974 9.30813697099117 1.30901032769642 2.5631637019941 1.67497125573631 3.51094420354776 7.11491477120324 1.01124204060526 0.910784929807721 0.263388751252162 0.266770536320592 5.48050532174793 0 0 0 0 0 0 0 0 0 0 0
0.143963741988371 4.49793664218952 3.9933606484745 5.97283703170446 0.400289516308066 0.962415956566024 2.53451965696696 3.26734641661474 4.59973435105123 3.38931294376806 3.51539971817129 3.48048360474257 1.9852773908807 2.36923306666443 1.72739263779118 0 0 0 0 0 0 0 0 0 0
2.29577209533878 0.605498875702128 1.59312620306122 1.31009645442604 0.634008758667573 2.30702389230449 2.90076950212328 1.30886040969715 0.71579839087098 2.0967995649301 2.39042692735038 1.25895143899718 1.13527379114169 2.93104971227482 0.54090947588044 1.3793654219051 0 0 0 0 0 0 0 0 0
2.30717411251861 2.57470960155517 3.87359094861715 0.628585271446894 8.55823633107918 1.06422137014242 2.66637839181837 3.97472544445065 0.826885080105867 2.36450324997768 0.164274784305469 0.956250376716382 1.32281746755976 2.53886701355433 1.39643768854773 1.22806198471554 1.16075339241615 0 0 0 0 0 0 0 0
6.83204779314089 6.87187877445593 1.17690886841836 6.97423283336582 2.17941058884956 10.1163087539087 0.783494947855074 8.58969736794031 3.73237103753903 8.99550083119753 2.25313132578851 2.39031191272177 0.551594017284688 1.21193120607833 6.19788411820844 0.781694516011262 0 0 0 0 0 0 0 0 0
5.61235719114734 0.38738093620847 0.21493285682775 5.71427751005666 3.32868182969769 0.339262336887523 3.27078031074565 1.90336554397711 8.11275468398993 1.88557024736919 6.68498595778303 0.475839187576866 4.22480801792628 3.15685087468463 0 0 0 0 0 0 0 0 0 0 0
1.48491552655184 0.234629386257785 0.259941067088548 3.08650761385834 3.02184851919475 0.720466021054472 1.45927352442754 1.18571846344509 2.39848880101689 1.17178083033422 4.19619953117466 2.70000538448187 0 0 0 0 0 0 0 0 0 0 0 0 0
5.73495313639518 1.97237721404259 2.18076956351782 0.431661715578802 0.812646719545416 1.46031603345001 1.0591324206847 4.48453726388151 0.0473877351469265 0.156658408579157 0 0 0 0 0 0 0 0 0 0 0 0 0 0 0
0.240300065155487 7.45364930021867 1.68784121384364 3.64237863455327 3.29336699772413 0.363836486429686 0.366634387236658 0.837480963246292 0 0 0 0 0 0 0 0 0 0 0 0 0 0 0 0 0
0.859713200127301 3.1800279708066 1.29373944685294 1.63064036320803 1.84153379541645 3.89902345871711 0 0 0 0 0 0 0 0 0 0 0 0 0 0 0 0 0 0 0
1.37907278892817 5.42656743873906 0.552081834794703 2.38962948596578 0 0 0 0 0 0 0 0 0 0 0 0 0 0 0 0 0 0 0 0 0
0.121090490626703 1.73791906731578 0 0 0 0 0 0 0 0 0 0 0 0 0 0 0 0 0 0 0 0 0 0 0
