0.398628513306492 0 0 0 0 0 0 0 0 0 0 0 0 0 0 0 0 0 0 0 0 0 0 0 0
0.0669784621140269 14.0238912817952 0 0 0 0 0 0 0 0 0 0 0 0 0 0 0 0 0 0 0 0 0 0 0
2.87708494351127 15.0597858495465 0.329727514931468 0 0 0 0 0 0 0 0 0 0 0 0 0 0 0 0 0 0 0 0 0 0
3.62826757846415 0.576225688416085 9.20049363328135 8.68354847979646 0 0 0 0 0 0 0 0 0 0 0 0 0 0 0 0 0 0 0 0 0
0.855300655189904 3.00503954023665 2.87072219685777 0.892945754595329 1.92104646879463 0 0 0 0 0 0 0 0 0 0 0 0 0 0 0 0 0 0 0 0
1.01628261180806 3.45155057227584 2.91773688803238 0.184240946874281 4.87802545623688 4.39198259373754 0 0 0 0 0 0 0 0 0 0 0 0 0 0 0 0 0 0 0
3.35184036111738 8.92252105382681 1.17764363311173 0.0784625860059215 2.82057139366368 0.161139388747159 3.50684587758495 0 0 0 0 0 0 0 0 0 0 0 0 0 0 0 0 0 0
2.82593035884423 0.694949339252866 0.710805556174909 0.288301776705398 0.0269669015195972 0.338929219408478 0.446194951568615 1.52518208142952 0 0 0 0 0 0 0 0 0 0 0 0 0 0 0 0 0
0.87466111912189 3.45132620271726 0.654683443161697 1.09589368175994 1.00438868955488 1.74190237962417 0.956069859350645 0.841231963590421 1.5499633390093 0 0 0 0 0 0 0 0 0 0 0 0 0 0 0 0
4.45725670993108 4.55624580542603 1.8305448823749 4.54382960457539 2.00121221476337 7.06629579748969 0.441628448643305 1.64477802084164 1.84311121755581 3.49190347292538 0 0 0 0 0 0 0 0 0 0 0 0 0 0 0
5.14754835544488 7.39905084623688 2.62430580871828 0.997998793434679 2.53907475680964 5.52231827422875 0.955536292105487 2.13336574355225 1.23143420986098 4.27708449451483 3.81864488984901 0 0 0 0 0 0 0 0 0 0 0 0 0 0
5.09512154498516 6.5141785712348 1.04817456353808 1.31288333877533 0.824687199833883 0.642314166255863 2.06051590014032 0.266417039899331 3.91731557619844 2.60557381388491 9.48110373601637 2.13315558688547 0 0 0 0 0 0 0 0 0 0 0 0 0
7.59446887853089 1.27234372080129 0.166054651414724 0.0987705457945778 1.56143462768942 0.959789791365749 0.324139272226091 4.13892916125727 2.02869416549068 8.64187996800125 4.93556350750681 1.72655029895799 4.84291370674727 0 0 0 0 0 0 0 0 0 0 0 0
0.410476570441346 0.474057895126068 0.952167112257239 1.26754627355027 4.15859521585925 4.49724081184096 0.046143899319252 1.02301000139046 0.880378322394734 1.4702023210125 0.270621785353161 2.73094462061934 1.16330998891119 2.74937976048612 0 0 0 0 0 0 0 0 0 0 0
1.76564273799335 1.16374144622344 0.0366468355313523 3.13252354631435 0.277382024495984 8.58570431898561 6.33793463565387 0.296762091064943 1.87279336996833 4.72442612710064 3.42395248217271 0.77790068195131 4.90192367769701 2.00443107567184 3.1191799666599 0 0 0 0 0 0 0 0 0 0
0.909756725977473 5.01109334592322 0.940508688286892 1.67226548990774 2.88218867910896 0.0788118293657077 4.24726743097423 1.18910287327557 0.144969192013018 1.32226472250273 2.4142076257741 3.74528601579351 5.41620057424321 12.1675624128498 1.83463636654939 1.75063839902982 0 0 0 0 0 0 0 0 0
0.309759469573614 1.69768060541059 2.37072060315921 5.28859113785587 0.799865284117672 1.73418485375447 0.203989147617448 0.438463514015563 0.684792412372098 0.88673476939366 0.763836607291508 2.99952527131436 0.177868850533023 0.938001915313949 0.692235268160987 1.02131247156937 1.45578041328764 0 0 0 0 0 0 0 0
0.0366360123879849 5.63192052334181 4.73631148912661 0.353880155599087 3.97869360316543 7.1002235361287 2.68419808492273 2.08565844076108 1.26974429825143 4.58302863636135 8.95256172248202 0.557670951867063 4.28842641582309 5.08996223185022 0.569312336219878 5.22704020224259 0 0 0 0 0 0 0 0 0
0.596995252109896 5.41310693738525 2.42192807400376 0.602301220469395 3.13557562202088 1.04407658488233 3.41873922508644 2.36863693643524 5.02514911697778 5.99155448424948 0.616689149942769 5.83705339868829 2.73252095083268 1.65308958610549 0 0 0 0 0 0 0 0 0 0 0
4.60079163588142 0.378055890228328 0.0228075682829333 1.69890778843071 4.3490434432848 3.73384489056862 3.47824681567088 1.37486827716957 2.98833491691262 1.30011743068396 4.24975622401555 0.688923231450263 0 0 0 0 0 0 0 0 0 0 0 0 0
0.397078739391047 4.43073125275249 2.35291858122504 2.32489791147432 4.40963319851178 1.08473682971839 2.3689787211354 1.14268584563769 0.656679796978458 2.8069976532885 0 0 0 0 0 0 0 0 0 0 0 0 0 0 0
1.42082008502716 4.07535835083445 4.64352831302186 1.96520322015153 1.59331455595761 2.79457796219542 1.88226647476902 0.554104964265648 0 0 0 0 0 0 0 0 0 0 0 0 0 0 0 0 0
1.0410786700911 2.54072146499397 1.20892862116944 1.26475538931858 3.29282082107998 6.00031413088163 0 0 0 0 0 0 0 0 0 0 0 0 0 0 0 0 0 0 0
3.69193981999361 5.72745934924075 6.89416952138317 1.84788746105503 0 0 0 0 0 0 0 0 0 0 0 0 0 0 0 0 0 0 0 0 0
0.133747238480634 23.9232077311419 0 0 0 0 0 0 0 0 0 0 0 0 0 0 0 0 0 0 0 0 0 0 0
