22
28
21
15
2
18
21
36
11
21
29
26
1
9
17
7
36
25
11
10
25
14
3
4
36
4
4
12
23
23
6
22
8
25
21
34
33
28
1
24
2
37
32
37
12
17
6
11
4
29
20
2
27
17
20
32
25
30
31
34
16
32
28
23
15
20
24
11
35
36
26
12
18
28
2
14
7
28
34
27
31
31
35
9
19
36
12
10
10
7
14
15
10
15
6
4
32
17
23
33
19
33
18
22
34
9
10
15
32
30
10
14
1
27
16
36
24
22
32
15
2
4
26
27
12
16
28
24
23
37
13
4
8
14
31
24
29
27
35
6
2
34
1
32
6
26
33
21
4
11
8
30
7
17
20
16
2
11
25
5
36
13
3
12
2
18
12
37
27
28
24
24
11
21
20
14
28
10
22
9
12
24
6
17
9
26
27
5
25
19
7
14
20
19
24
7
1
31
21
22
24
30
29
8
15
20
37
12
18
16
17
5
33
12
14
6
28
34
14
7
6
32
25
16
9
37
35
18
36
35
2
9
19
33
4
2
14
36
15
19
35
6
25
11
15
23
10
20
25
6
1
4
22
26
17
23
10
29
7
30
3
22
33
16
13
27
16
29
19
19
1
28
1
30
8
5
1
3
27
1
11
29
4
4
6
28
24
21
27
26
36
33
18
8
17
35
32
33
8
30
8
35
31
30
8
8
13
30
32
8
7
25
12
23
14
27
11
24
10
26
18
19
9
18
32
34
10
4
25
28
19
32
12
4
1
20
27
35
32
13
19
16
30
31
15
3
17
36
1
31
13
24
27
29
26
30
8
22
30
34
33
37
37
1
19
15
35
17
24
19
29
23
22
15
19
33
9
34
16
8
24
33
30
7
25
31
33
6
28
25
