0.0381034297001372 0 0 0 0 0 0 0 0 0 0 0 0 0 0 0 0 0 0 0 0 0 0 0 0
4.1624305400831 6.5950617269293 0 0 0 0 0 0 0 0 0 0 0 0 0 0 0 0 0 0 0 0 0 0 0
4.99914630281393 13.0238350831803 5.06975213661052 0 0 0 0 0 0 0 0 0 0 0 0 0 0 0 0 0 0 0 0 0 0
6.46698067992613 7.20732885167189 2.27769476961776 1.27125198646705 0 0 0 0 0 0 0 0 0 0 0 0 0 0 0 0 0 0 0 0 0
3.69549469689161 3.90781585178987 0.709211978007955 2.1590740002167 0.705728637608153 0 0 0 0 0 0 0 0 0 0 0 0 0 0 0 0 0 0 0 0
0.508209298279335 1.12241977221447 3.56468840464356 5.79129382426045 5.35467374823458 9.63161539201235 0 0 0 0 0 0 0 0 0 0 0 0 0 0 0 0 0 0 0
5.27426596116886 0.74538085215979 0.0695339954092609 0.311347960490861 2.8572622864456 0.0997585057957424 1.49394564819325 0 0 0 0 0 0 0 0 0 0 0 0 0 0 0 0 0 0
1.26352344516125 5.89637174183429 5.08471642787092 3.25980295061562 1.8445243685755 2.18711433652353 1.0129653321326 0.529040576212035 0 0 0 0 0 0 0 0 0 0 0 0 0 0 0 0 0
2.33040961774361 6.80961301985757 7.4440947245923 9.10558037884801 12.0752501429389 4.17885799696741 0.784175237539123 2.63335040989208 5.21535658588501 0 0 0 0 0 0 0 0 0 0 0 0 0 0 0 0
4.73227906409834 6.92672891229701 9.28999036059505 5.39489684166521 4.03920234399409 7.2329089999558 0.524289230813274 2.43851771441429 6.09123423855347 2.44265338759473 0 0 0 0 0 0 0 0 0 0 0 0 0 0 0
3.27030111081004 7.83819232938395 7.26743796999245 6.59293411659822 9.22201470806573 7.0879892327462 0.631208068666352 3.5968725462585 4.32530540683042 6.78128518099463 2.40419053961429 0 0 0 0 0 0 0 0 0 0 0 0 0 0
1.80400429131261 6.33758947394527 4.42032392402988 10.0799388970571 6.30556387412975 9.72405123481818 1.05389625101283 1.5723216276149 5.47503447018692 2.40869303992866 2.21072928856246 7.03403512231769 0 0 0 0 0 0 0 0 0 0 0 0 0
3.20836937027395 6.883536801014 9.75745246435166 9.17221656349187 4.46609463102594 6.41311551147265 0.240300926694067 0.996661416403249 3.91641841695657 3.81935542575605 4.82149883807636 4.58598435534237 1.37307694716703 0 0 0 0 0 0 0 0 0 0 0 0
1.42617161261361 8.08274424067351 8.34889842286978 9.15827811676807 7.07929357666981 4.46182853833979 2.40803145240994 5.28630428570971 3.71889202823398 2.14940062508156 5.96578772837707 7.81207526929932 4.79899762786801 6.16128028854687 0 0 0 0 0 0 0 0 0 0 0
4.06501627218644 6.47320882509535 7.31190145768955 6.44415077105318 2.35879158036998 10.7424416271546 2.03038895888827 2.87168272652239 0.71098396247019 2.18809475515076 4.56925468364748 4.96277191610259 6.96830513644831 4.66821043544808 6.10520029524502 0 0 0 0 0 0 0 0 0 0
1.95821454016048 7.24930314244533 5.79482409571481 5.27082424087876 11.7766226270355 1.75437004247793 0.184327253581171 1.50838046289856 6.29341928214229 2.82739870277804 5.72660302202731 2.37181525425356 5.00538555672592 5.61251944215282 4.91410150500645 5.42440400401621 0 0 0 0 0 0 0 0 0
2.25745712282026 4.49591218635105 3.38113534440646 8.04720112950528 3.62105887113195 1.39112919794204 0.351384639818979 2.52109872746438 4.76744217143641 2.71234039420441 4.83487196832004 3.53806059487534 5.35511149318164 4.08282246827476 2.51258890799467 5.59110790976607 5.23643694886447 0 0 0 0 0 0 0 0
0.150463028105645 1.26664462844345 7.02050604687921 4.76966754953392 2.26894123493159 1.29269915860781 0.165483558618236 1.54985169720521 3.09957327596911 4.48145480719838 2.91168774549947 5.76197679795443 6.69090373416141 4.07599237597111 2.17766456415844 7.69500264004413 0 0 0 0 0 0 0 0 0
0.13282078963777 3.93795514140438 2.02939301914175 3.49923345903439 2.78404047222823 1.38802394168264 0.0814683707790463 0.268067171681336 3.47618691538631 2.62844527376275 3.93860147196926 3.71720854305609 0.923876863621467 5.07444809590303 0 0 0 0 0 0 0 0 0 0 0
1.63665477276018 3.63366009870942 4.12273862937094 6.55650403712234 6.08845561410752 5.43715994960552 0.515856105935658 0.6126087856168 6.49148104700769 3.83475644649926 9.10919301915876 1.05254691703409 0 0 0 0 0 0 0 0 0 0 0 0 0
2.65139645185555 3.49414995870376 0.344356983446043 2.77480517115433 2.58050803923843 5.11808993727257 1.30426095463763 5.12353857826982 5.01897572650844 0.0984044584545552 0 0 0 0 0 0 0 0 0 0 0 0 0 0 0
0.0860740971138606 2.41679277600313 4.44763613917739 7.10708835758215 2.90752186737143 4.98665940816809 0.588763704473654 0.189691495152642 0 0 0 0 0 0 0 0 0 0 0 0 0 0 0 0 0
0.506322939435407 0.765107879503879 4.31557111451 1.99362309818055 1.18190872212451 0.428239880930671 0 0 0 0 0 0 0 0 0 0 0 0 0 0 0 0 0 0 0
0.714988632061656 8.04549938806993 2.97161178502704 8.76464916611491 0 0 0 0 0 0 0 0 0 0 0 0 0 0 0 0 0 0 0 0 0
1.43338611988124 1.48594796490802 0 0 0 0 0 0 0 0 0 0 0 0 0 0 0 0 0 0 0 0 0 0 0
