0.404730694393818 0 0 0 0 0 0 0 0 0 0 0 0 0 0 0 0 0 0 0 0 0 0 0 0
1.8424658160819 12.880107970946 0 0 0 0 0 0 0 0 0 0 0 0 0 0 0 0 0 0 0 0 0 0 0
1.66930203234038 13.206556373685 9.16086286758213 0 0 0 0 0 0 0 0 0 0 0 0 0 0 0 0 0 0 0 0 0 0
5.54578670690638 12.2798048203251 3.79740266618453 1.93728073271775 0 0 0 0 0 0 0 0 0 0 0 0 0 0 0 0 0 0 0 0 0
8.63374273977247 6.07838114964738 3.78844431044162 3.96114892578803 6.02469928332241 0 0 0 0 0 0 0 0 0 0 0 0 0 0 0 0 0 0 0 0
4.11515951052855 8.1382686075778 9.58722365145767 7.84367254733022 6.99765078721647 3.54725955352957 0 0 0 0 0 0 0 0 0 0 0 0 0 0 0 0 0 0 0
0.207402886261736 10.0626418005026 6.60387388943137 1.94525111845408 3.7408193162608 5.00369698286672 2.10402366222387 0 0 0 0 0 0 0 0 0 0 0 0 0 0 0 0 0 0
1.74624119220095 9.42125071210646 5.97809723900799 2.66245821566066 4.72934906800827 2.74386666432912 1.95213646361253 0.836658078339331 0 0 0 0 0 0 0 0 0 0 0 0 0 0 0 0 0
2.8407254308337 4.1736252280966 4.1675099375737 5.18601763531037 1.37695565065977 1.59871762013025 0.330705546313433 2.22534484603281 3.67764602224046 0 0 0 0 0 0 0 0 0 0 0 0 0 0 0 0
1.35953474709934 4.75526093612511 3.39899066460408 3.94136526138809 0.319106778339117 0.830677225277885 1.25108031264832 2.84431949050834 4.42051876531002 5.87717101663254 0 0 0 0 0 0 0 0 0 0 0 0 0 0 0
0.738410949987176 7.52622794824136 1.36317315633278 0.929479097666736 0.157369677998752 1.00705053176187 0.932906237977254 0.582169365018098 7.51041441396203 0.146907980165383 2.87254985236301 0 0 0 0 0 0 0 0 0 0 0 0 0 0
6.07270382799358 2.16586317629797 0.863306530236475 3.3523708176029 0.732132723502257 1.26013890424697 1.50166363638247 3.4262709229356 1.08547389834665 0.411070332085534 1.68405960900287 0.469729996153436 0 0 0 0 0 0 0 0 0 0 0 0 0
0.139235457590321 5.1863462653539 3.82155073736102 1.39445652883408 3.69627849527396 2.77330575244317 2.42473316411364 2.28801688022619 3.12745108832104 2.82972792809085 1.35546962503864 1.56819023460403 6.307958179004 0 0 0 0 0 0 0 0 0 0 0 0
0.240533342719099 6.71672849220827 1.04315740862279 2.1425613278572 0.964976670479675 1.45656129006599 0.503151288749434 3.04701940178496 1.61824238678512 0.700452181248868 2.09084937777504 0.912341756890766 0.391178357796666 0.216930753066863 0 0 0 0 0 0 0 0 0 0 0
0.209713065938936 1.64564192753321 2.08330858454903 1.28762963732688 1.61041784556105 0.722786541290314 2.71731155906306 1.14091252224543 0.489191636457309 1.67156680793447 3.87162040413387 4.19111222039198 2.42251006511502 4.25381280299303 3.02931363059705 0 0 0 0 0 0 0 0 0 0
1.87949033597765 2.60450074642976 0.489297745683927 0.131916179922124 1.37221642220529 0.369753462586754 0.861953628702581 1.35772129778115 0.470409646292362 0.644688873111222 3.82812706243408 2.39612841162911 3.68159314311069 2.58436923952011 0.97571224129868 0.652929362441695 0 0 0 0 0 0 0 0 0
1.20248118781365 0.375781333681468 2.51520046078785 0.263200510888429 0.931436744246885 2.29000223358665 6.89130650653005 5.42173009793634 0.629876625198822 1.39331466044261 5.30349328975831 0.413121882831681 3.98648246536558 0.120373588526341 1.91190234922513 0.653468617080526 1.6632537519227 0 0 0 0 0 0 0 0
0.575953232825834 2.73688040590827 5.98884953525382 4.57337407367239 0.472679007261029 4.18116909862656 5.79705668937885 1.22667808278409 0.034804464382398 1.55480104749789 1.59833328032733 1.794260733247 2.49914085038145 0.889512195181412 1.36007595114685 1.08240514680991 0 0 0 0 0 0 0 0 0
0.739617173697017 1.450027027477 0.200525166838221 2.37755137732024 0.040980034595281 3.11868988638917 3.23999470007602 1.37700375897498 0.903397856248808 2.7590797950701 3.46742281403947 0.848313469173465 0.0718339277822352 0.472614155509122 0 0 0 0 0 0 0 0 0 0 0
0.40758208963248 0.626651342183909 0.611298157328984 0.106963961221934 4.02004681211186 0.692978345728401 1.49956886312704 6.55373997584473 0.113968531333023 1.52819190782205 2.44656169187674 7.29482789263471 0 0 0 0 0 0 0 0 0 0 0 0 0
3.13782257398198 1.86849529023816 1.42657275105203 0.289091610876933 0.968485627563695 0.331156364133155 1.66996108755441 0.965221421998039 2.90258886063759 0.38660361780161 0 0 0 0 0 0 0 0 0 0 0 0 0 0 0
5.58412895917846 4.8100585604996 1.89479873735967 4.20265374617055 1.56921412644211 1.28321307858918 3.81626637800574 6.40660911481705 0 0 0 0 0 0 0 0 0 0 0 0 0 0 0 0 0
1.26368121636811 5.34577084022876 0.582299047622625 4.60873103820323 0.291461351406811 9.08734679143571 0 0 0 0 0 0 0 0 0 0 0 0 0 0 0 0 0 0 0
2.29171785066204 0.133672033374383 1.33961916852874 0.728143226120726 0 0 0 0 0 0 0 0 0 0 0 0 0 0 0 0 0 0 0 0 0
3.44446320259666 1.3204079909865 0 0 0 0 0 0 0 0 0 0 0 0 0 0 0 0 0 0 0 0 0 0 0
