0.0211148206335286 0 0 0 0 0 0 0 0 0 0 0 0 0 0 0 0 0 0 0 0 0 0 0 0
4.02572022461759 7.25830667026211 0 0 0 0 0 0 0 0 0 0 0 0 0 0 0 0 0 0 0 0 0 0 0
5.43442352610053 5.84648799647978 7.68897717028405 0 0 0 0 0 0 0 0 0 0 0 0 0 0 0 0 0 0 0 0 0 0
0.653501640556653 0.764057038912308 1.94442575725943 2.83091473851013 0 0 0 0 0 0 0 0 0 0 0 0 0 0 0 0 0 0 0 0 0
0.236638781530033 0.263789579739448 0.539603278526104 0.886641204505117 1.13469460432696 0 0 0 0 0 0 0 0 0 0 0 0 0 0 0 0 0 0 0 0
5.19330711371039 1.18794652391644 1.54622274569201 0.357310469951306 2.68381060269278 3.11523104497067 0 0 0 0 0 0 0 0 0 0 0 0 0 0 0 0 0 0 0
5.53687219195855 0.817292211832557 0.74856788981928 0.279141245285605 0.30930682343996 0.478090450129929 1.04731643508105 0 0 0 0 0 0 0 0 0 0 0 0 0 0 0 0 0 0
1.37971587655376 3.23116726787968 8.27491824174804 4.87913281265828 0.553684755444601 4.0995405866869 0.562932455600429 4.41354820673076 0 0 0 0 0 0 0 0 0 0 0 0 0 0 0 0 0
0.75283810036452 6.32315888656506 5.89760236248427 0.960911984299764 3.95143072121004 0.24844832408629 0.469667461629393 4.82292174601411 0.0115994056276851 0 0 0 0 0 0 0 0 0 0 0 0 0 0 0 0
5.32170876177862 8.09139946733156 5.46581450486277 4.02936704797431 2.44152299901527 2.72613603816442 0.259261679116328 0.241273500178044 1.57221373150748 7.10426872693886 0 0 0 0 0 0 0 0 0 0 0 0 0 0 0
6.06716056022861 5.27773270464506 7.25177882589305 7.34506032751692 4.0065302565925 2.12653014585281 0.075810578167069 5.53020701571441 5.3359839159785 2.46361885294524 3.78098822779691 0 0 0 0 0 0 0 0 0 0 0 0 0 0
0.983869895353174 4.70977949810659 6.74007413573701 2.19923434452656 3.00412863535027 1.92260804142677 0.238308618981835 3.36512192030083 1.72229830860454 0.939158767256373 0.58352747451113 2.87418699680727 0 0 0 0 0 0 0 0 0 0 0 0 0
0.737949511811332 0.385011368772466 2.19472090693617 5.09874505655584 2.14112269302579 0.709190795385842 2.40773476992524 1.90650202697103 2.30689328055537 0.857672744429435 0.433886790331219 1.23868667954534 1.7600900436407 0 0 0 0 0 0 0 0 0 0 0 0
0.666870868523195 3.17489355393492 2.54890087723587 1.47720783033619 2.27200639857468 3.37041246536834 0.0078294798817635 0.322688535107556 1.74860358071041 4.89839432703851 3.74652311057529 2.19206020714374 1.00162870624541 0.610947817724325 0 0 0 0 0 0 0 0 0 0 0
1.4866469902657 2.15576354811209 1.74172688081541 4.80468759468075 4.62505993987915 1.42809433986341 3.64578834377173 2.87855841928476 1.72290550613308 2.24418798296564 6.13896019225654 0.878866783014907 1.15442937063612 7.50111876837997 2.42291891041099 0 0 0 0 0 0 0 0 0 0
0.133497976058873 1.43085627278412 4.5824027213866 1.51080896423531 0.923095399129634 0.999557360165551 2.79826905565727 3.990272520642 1.01123263980108 1.50698551710164 2.21151359145824 4.42099489217514 0.0454796512444693 0.63965740561447 2.13438760418605 0.748391973136891 0 0 0 0 0 0 0 0 0
7.52950033707668 0.948274370701191 0.340261862473469 0.842279224910737 2.62770913763777 1.33739337746659 2.53904318847421 0.237604295132792 0.514507078813689 0.205508192559767 0.379774005116558 3.4109104964197 0.649151824116059 2.09400113833401 0.692933426007081 1.76442126278798 0.0383949578032738 0 0 0 0 0 0 0 0
0.0282727696022074 0.851617417424997 4.1462516600686 1.87900261550877 5.06000952081317 1.75255833851848 1.88972350659617 1.23596856766833 1.83236724966215 2.95983124920176 2.9979203005613 1.63322275086893 2.38839316737738 6.50475832029643 1.90871378468299 0.103466168822489 0 0 0 0 0 0 0 0 0
1.48495773762058 4.30194121111284 6.56613649777586 3.85980337164082 0.851694188920201 1.0492435872847 2.12981245423712 3.20765340934386 2.28378879554485 0.156235611155969 4.02939082568432 3.22458853528702 1.74459577498758 3.54973385685185 0 0 0 0 0 0 0 0 0 0 0
0.236501877710992 0.0691545504662502 2.63677499469898 0.482337894555314 0.313508598249466 0.0621503289583926 0.606137540110082 3.97795822711533 0.0382858156395147 2.45251215972889 1.34655008521044 3.21672419657097 0 0 0 0 0 0 0 0 0 0 0 0 0
0.957374946951485 4.02803564338926 2.85876868915892 0.953561248921431 1.87592081562131 0.191491895951141 4.13178896862292 1.93733271413812 5.20148919851027 0.312531506762402 0 0 0 0 0 0 0 0 0 0 0 0 0 0 0
0.2967591300665 2.62546541482891 0.314814769581635 1.87423964362631 3.22909655326658 3.59521599956845 1.9790451078587 3.08717912056905 0 0 0 0 0 0 0 0 0 0 0 0 0 0 0 0 0
2.25356952793359 3.02571262028555 4.27605984682457 0.152765195662782 2.22631648159604 1.47712909066211 0 0 0 0 0 0 0 0 0 0 0 0 0 0 0 0 0 0 0
2.32906889941698 2.25030861051614 1.33157321801892 3.72656707555918 0 0 0 0 0 0 0 0 0 0 0 0 0 0 0 0 0 0 0 0 0
0.703593866555304 0.613341955098058 0 0 0 0 0 0 0 0 0 0 0 0 0 0 0 0 0 0 0 0 0 0 0
