0.0315056704135814 0 0 0 0 0 0 0 0 0 0 0 0 0 0 0 0 0 0 0 0 0 0 0 0
3.62022980715131 6.31082081411239 0 0 0 0 0 0 0 0 0 0 0 0 0 0 0 0 0 0 0 0 0 0 0
5.44874402078014 13.8297538842222 13.6015853405364 0 0 0 0 0 0 0 0 0 0 0 0 0 0 0 0 0 0 0 0 0 0
7.32143790487493 15.6243585480182 5.68061292376076 8.41876175868371 0 0 0 0 0 0 0 0 0 0 0 0 0 0 0 0 0 0 0 0 0
6.53034453295631 3.34437751653107 6.19191970379769 6.01411672457407 2.9059048379108 0 0 0 0 0 0 0 0 0 0 0 0 0 0 0 0 0 0 0 0
5.12465985062931 10.240401276705 14.5488978392701 8.140048337389 2.05390075222965 0.277889464916358 0 0 0 0 0 0 0 0 0 0 0 0 0 0 0 0 0 0 0
5.35785741767374 10.3668871640746 6.50728671804691 1.1878141717282 0.169403162170575 3.36409535066856 5.28152419016814 0 0 0 0 0 0 0 0 0 0 0 0 0 0 0 0 0 0
4.85035642890043 4.58726471150019 0.979865374386007 0.665691787843956 1.42989240456558 4.74926915147445 7.17105521189991 4.23851496831592 0 0 0 0 0 0 0 0 0 0 0 0 0 0 0 0 0
2.92333656521131 0.154394858555067 3.5696459373273 2.53235417183356 2.6830066351528 4.40449635972878 2.68478164284993 6.25607519844339 2.51047128833529 0 0 0 0 0 0 0 0 0 0 0 0 0 0 0 0
0.595069117116075 3.29300690255635 0.442435803386349 1.99677210686826 1.94977477660887 1.14277186246854 5.72218105659945 6.0041871667581 4.32110394614056 2.67268133174044 0 0 0 0 0 0 0 0 0 0 0 0 0 0 0
2.53723029591455 3.37654792921187 8.34937172980612 2.51575316540928 0.924528435948736 2.38384602274633 1.04875962671278 0.0403382821152662 1.21874804046972 0.0845168500901188 0.729692632851496 0 0 0 0 0 0 0 0 0 0 0 0 0 0
3.87726366125186 14.6562361901168 5.23857228185354 4.20830679364949 1.67569685659236 1.88361040658375 0.304319722839404 0.394156976992415 0.621234272303563 0.271549460458526 0.870587985030531 0.465724170813457 0 0 0 0 0 0 0 0 0 0 0 0 0
7.50856240898819 2.90684965465335 2.9715609946918 1.22494014291831 0.158454068715255 0.749873605423267 1.13739193760377 5.98166931401356 2.3947257968703 4.51163353963478 0.16694689658269 0.484059101749716 3.55785070872395 0 0 0 0 0 0 0 0 0 0 0 0
3.96350363574663 6.58877770533453 8.80164327157609 6.41994535753671 3.06514368139486 2.56228578915771 1.40499547044342 2.03557907926312 0.0060369360318069 2.36291778008431 1.01008994645956 0.92036034348673 0.190122413234539 1.21487704758539 0 0 0 0 0 0 0 0 0 0 0
3.51012252175648 8.56315607269403 7.92962723828094 7.35793759011548 3.86018695374155 3.66711980681979 3.88349961531148 7.49105504913453 0.292609001835742 3.59131123723257 0.445982931582583 1.04056382215479 1.46010480008741 0.45423767749937 0.634764741218554 0 0 0 0 0 0 0 0 0 0
4.70930244609231 6.13562408405721 3.9386351805871 2.81956909942901 2.26364972167308 1.36481239890863 2.54957512468912 3.17996864403284 0.0587662961052399 2.86978562486576 1.59226099608472 0.878826734836797 1.68620771540862 1.92469344095865 0.469006008434194 2.94535046548172 0 0 0 0 0 0 0 0 0
1.59312253545109 3.94277321784784 3.73572928290577 4.53497109723965 1.74674586660178 5.02139070976557 2.45515593883153 8.92581379341896 0.17508814876378 10.4332836279724 0.628287358985631 0.954671364810142 1.08248833953598 0.187784216750602 2.15762313911286 2.63144818574841 4.33974670543099 0 0 0 0 0 0 0 0
4.11240412770351 6.39223888074838 8.67611127804909 6.87837183358604 7.39575123071967 6.49552246937654 9.3649095514757 11.7172332451381 3.26026327710589 11.1968243010619 0.0353023692038648 0.297777959989636 4.28990145498944 2.68641997341173 5.75331197965649 3.19548917328497 0 0 0 0 0 0 0 0 0
2.36073134783933 10.025664362672 6.2340224336617 12.259951356955 3.66830075085759 12.9664901626389 6.82131293538183 18.489362005808 2.25014966048466 13.6424955361222 0.324096203005729 0.86927725424572 1.12113792048524 4.48664097443908 0 0 0 0 0 0 0 0 0 0 0
5.74954805628041 7.17857348996044 11.3063676823651 9.38288372779124 8.38501222782405 8.9248280490947 12.2242658440172 10.3111553168395 3.88661091019936 9.28774018551029 0.567571081466928 0.509546105374155 0 0 0 0 0 0 0 0 0 0 0 0 0
2.2681820491008 8.04801473653109 6.56056966254691 11.7498878377253 2.58696275276887 10.0064230194617 8.59442777120278 15.7463107396172 2.27480157704459 8.95045271361188 0 0 0 0 0 0 0 0 0 0 0 0 0 0 0
7.8255088371922 7.37011873905472 12.131981917015 6.71195044889903 10.6712658330849 8.15886864713998 10.2847168194432 4.31157134776063 0 0 0 0 0 0 0 0 0 0 0 0 0 0 0 0 0
0.978142054467598 7.43059694155678 3.83931550561952 12.1758484848294 4.69890214754823 13.2859930517837 0 0 0 0 0 0 0 0 0 0 0 0 0 0 0 0 0 0 0
6.38407911359195 5.72039714265457 10.0344964589192 3.24964397901722 0 0 0 0 0 0 0 0 0 0 0 0 0 0 0 0 0 0 0 0 0
0.695617691876043 9.0284709388846 0 0 0 0 0 0 0 0 0 0 0 0 0 0 0 0 0 0 0 0 0 0 0
