0.359437604501649 0 0 0 0 0 0 0 0 0 0 0 0 0 0 0 0 0 0 0 0 0 0 0 0
1.01053584052351 5.28371109854053 0 0 0 0 0 0 0 0 0 0 0 0 0 0 0 0 0 0 0 0 0 0 0
0.774296517682558 0.92461288255805 1.58743175916496 0 0 0 0 0 0 0 0 0 0 0 0 0 0 0 0 0 0 0 0 0 0
0.820980715995176 1.59724253803687 3.74750735692848 0.784703993570274 0 0 0 0 0 0 0 0 0 0 0 0 0 0 0 0 0 0 0 0 0
0.0211758188294718 7.58365901385527 2.92300702697859 1.60397264019527 0.188498354120114 0 0 0 0 0 0 0 0 0 0 0 0 0 0 0 0 0 0 0 0
1.58354477399479 3.73603536300203 3.1705123975111 0.20728221857553 1.43526326086653 0.658708995681454 0 0 0 0 0 0 0 0 0 0 0 0 0 0 0 0 0 0 0
0.585295548450246 2.11807348948509 1.35693948012374 0.299798821004148 1.07402281288065 1.3765969478634 2.41056703860237 0 0 0 0 0 0 0 0 0 0 0 0 0 0 0 0 0 0
2.34871476534605 2.66083536585995 6.50308219914766 0.0558567888868113 0.476439638199566 1.11524792598936 3.04457384720542 1.87963036763753 0 0 0 0 0 0 0 0 0 0 0 0 0 0 0 0 0
0.207753427400882 4.79192886227064 0.831043093016074 0.704327278307764 3.40536018096416 3.93289262265428 0.966449026692303 2.64218569533806 0.145620059641044 0 0 0 0 0 0 0 0 0 0 0 0 0 0 0 0
2.38765422848815 3.47865873382808 1.75206705916845 0.357702424756958 3.20423251798146 4.7854951406084 0.12193322422548 1.45336235792934 4.65961340704684 2.26828490033544 0 0 0 0 0 0 0 0 0 0 0 0 0 0 0
0.827717917432647 2.12013779891356 0.0307680198694878 1.81227541454223 0.405504778366063 1.34387787336401 1.9867476270236 3.56954629019879 0.0865450669595432 0.220080057098315 2.67467639004812 0 0 0 0 0 0 0 0 0 0 0 0 0 0
0.591558269133808 1.29671946275654 0.953650903204954 1.0825588434116 3.21127276130895 1.03310497395698 1.8442805838985 1.16634369910288 0.124072657381338 1.64527916569998 2.63037976750989 2.60728194562979 0 0 0 0 0 0 0 0 0 0 0 0 0
3.76310425951629 3.47182403849913 1.09152897513408 0.399380371938388 0.530480556966939 5.01113055953295 1.10572740271892 1.28748977193208 0.757379575262035 0.132705776423864 1.30071269006783 4.54924423344024 2.67917949231547 0 0 0 0 0 0 0 0 0 0 0 0
2.20286140249214 2.85834949015267 2.11405591938686 0.766955932278826 0.886952922450786 5.40839537257643 0.80803837554689 0.0338293850167486 0.806953265003185 3.00396745204783 0.373478809752375 0.684607840172618 4.90505009929296 1.6813477431894 0 0 0 0 0 0 0 0 0 0 0
1.77722849453887 2.7156720350626 0.783184616196433 2.84064369992986 0.964714749564934 1.25646715810856 2.30904944711101 2.88383517273515 0.451023832037226 1.08988708969056 1.83284235928597 2.95978686584291 0.0892861323208704 2.96317552859067 0.413376086130563 0 0 0 0 0 0 0 0 0 0
3.32820896651565 2.15201941222804 7.91720070770953 1.90069212734316 1.49584817835016 3.29228636752735 0.432794192152612 2.13488979866185 2.23121292417437 1.13390444267602 1.30205380976862 0.289066880938431 0.657972317487682 0.126966798229489 0.498625658466105 0.233007162852849 0 0 0 0 0 0 0 0 0
0.367256147571671 1.45387677309017 3.94658829643561 0.0650612325949728 0.825380297585325 4.06790160959974 3.21242466162997 4.73120338440323 1.12230881840032 3.73069525624012 0.583123004104234 3.69969020326948 1.42669609292857 0.764302048883985 2.82423415486211 5.05949479523141 0.939688660040992 0 0 0 0 0 0 0 0
1.31323671885747 4.03955904693271 2.74231851257913 0.668623802184048 4.9930658046183 1.40394899353408 0.289379891811257 2.30938808944149 1.0451678731686 0.0871183031735072 0.734325248539626 0.725920496267714 1.42224144462798 3.75756187063062 1.89871829891576 0.48990777491316 0 0 0 0 0 0 0 0 0
1.67420100838613 0.24504141637516 5.10180212587419 0.116942498124336 0.500428705706618 0.318941929078662 0.407829309657292 2.0819263420314 2.59338293064655 1.69707120967709 5.19694854023992 0.889142572949076 1.35774372476814 0.952435326055918 0 0 0 0 0 0 0 0 0 0 0
3.67426594510281 1.99566916142403 3.85100812058203 1.97953316580475 0.660165990704432 1.50227377126768 0.451650929161684 0.379926135878221 1.95750657979538 0.750611188670246 0.181543566862868 2.019959104449 0 0 0 0 0 0 0 0 0 0 0 0 0
1.23086326548515 2.05743215332472 1.26452242597212 2.51140895482174 2.07809306635711 2.10133025182041 1.02245399937136 2.33773131648501 0.9667974079689 1.84239628789148 0 0 0 0 0 0 0 0 0 0 0 0 0 0 0
0.793262571518608 2.02194936795253 1.19547077723184 2.59964962033291 2.41200390497929 1.7667054619721 0.0610961660194487 3.19517740204642 0 0 0 0 0 0 0 0 0 0 0 0 0 0 0 0 0
0.389803370407563 2.93224594638694 1.18946515852688 4.13207360941589 4.20011378252429 0.571959591599098 0 0 0 0 0 0 0 0 0 0 0 0 0 0 0 0 0 0 0
0.532522186998866 3.77426230454156 1.62390673815929 0.628605394556853 0 0 0 0 0 0 0 0 0 0 0 0 0 0 0 0 0 0 0 0 0
1.88719305177676 3.33178766806235 0 0 0 0 0 0 0 0 0 0 0 0 0 0 0 0 0 0 0 0 0 0 0
