0.0980361570230512 0 0 0 0 0 0 0 0 0 0 0 0 0 0 0 0 0 0 0 0 0 0 0 0
4.14318327995481 2.0558887551167 0 0 0 0 0 0 0 0 0 0 0 0 0 0 0 0 0 0 0 0 0 0 0
2.49999579030947 5.5503387306092 7.17683911829898 0 0 0 0 0 0 0 0 0 0 0 0 0 0 0 0 0 0 0 0 0 0
7.01319006433786 10.7144021228627 0.447319886362261 1.91644944804425 0 0 0 0 0 0 0 0 0 0 0 0 0 0 0 0 0 0 0 0 0
3.61560118979455 3.92236516577695 2.75077920735957 3.05479349342712 5.20014101091473 0 0 0 0 0 0 0 0 0 0 0 0 0 0 0 0 0 0 0 0
4.31837624028724 5.10608920880846 1.30374130683101 1.39795947679752 1.81895550530898 0.966831366141203 0 0 0 0 0 0 0 0 0 0 0 0 0 0 0 0 0 0 0
0.386852664185135 2.18685184425689 0.698554170824944 6.58577055249751 1.27437058036993 0.807587792060289 0.944520117226509 0 0 0 0 0 0 0 0 0 0 0 0 0 0 0 0 0 0
2.28414557177637 1.33969527137198 1.11227401508622 2.60107301513687 2.7076598549008 0.13491057752346 1.4239120124212 0.771266523524816 0 0 0 0 0 0 0 0 0 0 0 0 0 0 0 0 0
0.254093994278947 7.25285648134858 0.666759811215248 0.315284924265278 4.4804540425085 0.579881643089089 0.712563565910793 0.890149572578863 0.0207660688048253 0 0 0 0 0 0 0 0 0 0 0 0 0 0 0 0
0.235714068316271 2.7427602225001 0.285610768572534 4.21438864818528 0.930420049121243 0.680100095613006 3.33139199545762 1.81071742451079 0.949925156372196 5.23978150620077 0 0 0 0 0 0 0 0 0 0 0 0 0 0 0
0.838037704194102 3.54185371983005 0.971571666929636 1.60158869627964 1.14758996737392 0.57037890403361 0.0489215138985512 1.03483288167647 0.397206485078659 2.04986654551576 0.375202489540007 0 0 0 0 0 0 0 0 0 0 0 0 0 0
0.657655196907566 1.49285485719442 0.807216260445556 0.461622946551586 0.545499847679143 0.142205425166198 0.435777271030209 0.171674359547213 0.32183122432399 2.99693185833637 6.81329865520366 1.60229074922136 0 0 0 0 0 0 0 0 0 0 0 0 0
4.30997413488592 5.01602708289897 0.107728729853879 1.30715650445481 3.78126482042013 2.09815429191827 2.24830039673975 2.22711534292688 2.48485540931101 1.47826181442713 0.652186952552819 2.72536791595783 5.44462002504247 0 0 0 0 0 0 0 0 0 0 0 0
3.50319752178002 0.978056028505991 0.0682799140240244 0.00870833580333377 0.570601731007344 2.0915562484952 0.58524820790545 2.94700606869896 0.541964987513363 0.172569583788202 0.79327679021202 3.45445911750169 4.05861379868397 0.521937534357536 0 0 0 0 0 0 0 0 0 0 0
3.19287018219153 1.86910911159278 2.54605772219863 1.28412163526066 0.888852826871191 1.77448976782391 0.170282892636143 1.50829111215102 0.788902827352461 0.387684755670661 2.82514639364677 0.187231612858646 2.33278346174213 2.06916257518268 3.58551857693988 0 0 0 0 0 0 0 0 0 0
5.33424612864796 0.767094097359418 0.369241636079167 3.68528760985924 2.17999005024108 0.833407727123515 2.72910616194763 0.644286603544013 2.9835563971814 9.73690771368932 0.766530707568271 0.27844061907933 0.272873715846769 1.82682003110176 6.09357468878376 2.28773464305013 0 0 0 0 0 0 0 0 0
6.19401854901988 4.00371206106383 2.45327787203852 0.387774289118443 1.82066281139734 0.127280513957727 1.86420139939912 2.8543868840681 1.41415315774893 4.97579235227156 0.365416750851481 0.435804936959943 3.98286211791823 0.998396075692463 4.97838929798487 3.2004497504779 4.81495101996051 0 0 0 0 0 0 0 0
3.24062894845655 1.01962855506318 4.63579570889994 0.364274290054772 2.43953885634489 0.435472704084249 0.692637235154349 3.41183771063159 0.837552892887596 0.377143914982046 0.615998529085615 4.20187286636158 7.86872158591938 0.121451745026022 3.00763868685715 4.31648886551355 0 0 0 0 0 0 0 0 0
0.451548069879057 0.804244707164245 1.59806612164433 1.26232749774283 1.67318019323572 0.0217470293339423 0.568246115106759 1.30956400720338 0.279903382421374 0.396736679978621 2.06770700721266 0.853638556377826 1.75077167499827 0.337497099656332 0 0 0 0 0 0 0 0 0 0 0
8.83590192525795 0.9564859389804 1.46710612914561 1.13192575008511 1.7887111232579 0.485242577393914 3.24966767044013 1.98435702248634 1.96764437591127 4.80316140307421 1.90330820304194 0.716926497716145 0 0 0 0 0 0 0 0 0 0 0 0 0
3.23219009026514 3.21669773230794 0.196094213743869 1.55370842513577 0.678304732027208 0.331969669765682 2.82054924233736 4.1634447588771 2.86992567273826 2.28654351632711 0 0 0 0 0 0 0 0 0 0 0 0 0 0 0
1.31168045071561 3.29985193533576 6.25171141185825 3.06941668969546 7.59105680164932 1.22385986091189 4.83021270148439 6.99391546258332 0 0 0 0 0 0 0 0 0 0 0 0 0 0 0 0 0
0.344127053812515 0.511523612338084 0.659119676416355 1.03154815996776 1.49054420124245 5.20680553435774 0 0 0 0 0 0 0 0 0 0 0 0 0 0 0 0 0 0 0
3.21980761451877 0.442248005278694 3.8910615748968 0.248718751242927 0 0 0 0 0 0 0 0 0 0 0 0 0 0 0 0 0 0 0 0 0
6.8866946471937 0.216561498197818 0 0 0 0 0 0 0 0 0 0 0 0 0 0 0 0 0 0 0 0 0 0 0
