0.581355066194315 0 0 0 0 0 0 0 0 0 0 0 0 0 0 0 0 0 0 0 0 0 0 0 0
1.02886016534084 4.40527603150737 0 0 0 0 0 0 0 0 0 0 0 0 0 0 0 0 0 0 0 0 0 0 0
0.741503425569845 0.771110973851013 0.909387272001435 0 0 0 0 0 0 0 0 0 0 0 0 0 0 0 0 0 0 0 0 0 0
2.49781543904604 3.61405456247481 0.26634912490475 1.72574589662392 0 0 0 0 0 0 0 0 0 0 0 0 0 0 0 0 0 0 0 0 0
0.555358699314518 1.90535361013595 0.37702457734893 0.802289076113601 6.2233174416742 0 0 0 0 0 0 0 0 0 0 0 0 0 0 0 0 0 0 0 0
1.69767440539484 3.7152282510531 0.14096258973103 0.0996719613428657 1.73450619448028 1.03532597575729 0 0 0 0 0 0 0 0 0 0 0 0 0 0 0 0 0 0 0
3.44781750593841 4.33304101267102 0.96186216715302 0.904993980031164 1.86544209631172 3.18571535524853 2.07076486919276 0 0 0 0 0 0 0 0 0 0 0 0 0 0 0 0 0 0
3.59499928997353 7.23156898558925 0.0674724630384982 0.627346018463594 0.0793116239639565 1.37913416387365 3.7505762670445 1.13847742231743 0 0 0 0 0 0 0 0 0 0 0 0 0 0 0 0 0
4.88398236220387 0.550396745071499 1.91565351664698 6.02519575939158 0.301801957303159 1.24454550858417 2.18067888231849 4.66810017397787 0.800181439502607 0 0 0 0 0 0 0 0 0 0 0 0 0 0 0 0
0.753498161162853 1.97975140909383 0.161613403937912 1.70657189563792 0.342297446540386 0.836799804153512 0.863247033078426 2.7181039333025 2.66551661026228 1.10185087657189 0 0 0 0 0 0 0 0 0 0 0 0 0 0 0
1.18347637086902 7.58947465094267 0.133966098052651 0.757602568545759 1.94839154659847 3.89527292779122 0.723502275469103 0.572439756932045 2.22993334381039 1.1030383512858 0.386432666191679 0 0 0 0 0 0 0 0 0 0 0 0 0 0
2.99612136180254 0.792825808847325 0.0675383216634029 0.26158549346467 5.74235611816522 0.165246064126556 2.40279742182867 3.37259653623444 4.66562799859372 0.0884724682243748 1.89937514064328 1.98915223713191 0 0 0 0 0 0 0 0 0 0 0 0 0
4.2839007912819 1.69117944674155 0.360282609876371 0.139617731948307 4.48466190599819 1.53395035359986 2.09530660232042 2.08310664289763 0.447074535056958 4.29695719834806 4.79885489967296 2.29576876040952 5.18335508852943 0 0 0 0 0 0 0 0 0 0 0 0
1.42646757097337 1.99971891542797 0.0566083299431826 2.33419506335606 0.46078669360093 2.44510683158679 1.88436658131431 0.662252729288738 1.69689482418962 0.121626397824282 1.99359685241028 0.0264423569558139 0.0420832229533589 0.545048257452734 0 0 0 0 0 0 0 0 0 0 0
0.453911454538271 1.20333746528182 6.99931231038681 2.16467382100002 1.20462431417312 2.04525085921783 2.79130686032243 0.459400790045466 1.34892339959531 0.118691930514524 1.65826740440958 0.606272724057328 0.0780094364599648 1.22047478082468 1.36750421832844 0 0 0 0 0 0 0 0 0 0
0.7987213658157 6.39451411856861 4.00798135154713 0.610434674366842 4.46352415756502 0.584321741814246 1.52796558862271 0.349701352072426 1.88724020639788 0.188841446890969 2.18949696085123 3.39853401260685 2.12645412775423 2.99875933293935 0.599782866857428 1.11259363827485 0 0 0 0 0 0 0 0 0
0.906371674519061 1.35637058911451 5.33053567810668 0.155891231441223 2.23156198819184 1.06979083499988 2.71495847553162 0.228511328600646 0.208675839091362 3.14667408556415 0.20761388138482 3.33188761272433 2.08636048664736 4.71566881722393 4.19423125374313 0.550828772989819 4.60114772122087 0 0 0 0 0 0 0 0
1.41497365975555 0.142601987309785 1.28810376099029 4.41259478090632 5.46538020941562 4.87924416974054 0.181912144695023 2.57161045909633 0.109297053778349 1.11015039597487 3.63335404908119 0.92789779718166 1.87549077439946 3.01744759902684 0.429618271190616 2.69613079606768 0 0 0 0 0 0 0 0 0
4.12295148450188 3.24240029632432 6.48093253213836 1.42517666412003 3.59173563105035 0.900097496398141 6.97454290092175 0.213551464776224 0.0258249828018074 0.739121394184046 5.11649574118375 10.2813446664708 8.62658536101144 2.14381174561029 0 0 0 0 0 0 0 0 0 0 0
6.33685387936654 0.747107285035147 1.81664543097615 3.33639748499184 0.00690706992968188 2.72762793782923 1.10359311221294 1.66967370743917 0.164410018922405 2.16289823011219 6.42541881953405 1.07647573171564 0 0 0 0 0 0 0 0 0 0 0 0 0
1.96073487335505 6.33254048817436 3.03505469608306 1.04328515976476 2.95871063067644 1.1038756780111 0.597881840744414 1.87286357559962 0.0506529280188901 7.48088913458464 0 0 0 0 0 0 0 0 0 0 0 0 0 0 0
0.570973762018233 1.67626158841224 0.975533928198049 1.26576488648133 1.24530753758901 1.18375677189527 0.698350756504681 3.3774398660188 0 0 0 0 0 0 0 0 0 0 0 0 0 0 0 0 0
3.14175663642487 3.40761988966896 0.225307874479337 1.22015785375953 0.614704383792608 2.82316244041198 0 0 0 0 0 0 0 0 0 0 0 0 0 0 0 0 0 0 0
2.93156210851411 0.863288889760675 4.05435372472013 3.41288511076882 0 0 0 0 0 0 0 0 0 0 0 0 0 0 0 0 0 0 0 0 0
0.903119853236647 2.26168505973639 0 0 0 0 0 0 0 0 0 0 0 0 0 0 0 0 0 0 0 0 0 0 0
