0.119405758451899 0 0 0 0 0 0 0 0 0 0 0 0 0 0 0 0 0 0 0 0 0 0 0 0
6.1059051002842 11.9622529277176 0 0 0 0 0 0 0 0 0 0 0 0 0 0 0 0 0 0 0 0 0 0 0
4.54350935743557 15.0212084821416 3.6269207434276 0 0 0 0 0 0 0 0 0 0 0 0 0 0 0 0 0 0 0 0 0 0
5.18931168842251 7.31097091221897 4.30307950451515 5.76178050541797 0 0 0 0 0 0 0 0 0 0 0 0 0 0 0 0 0 0 0 0 0
2.44263041788247 1.80492770822619 3.44033056715308 0.367288772234639 8.09519800040637 0 0 0 0 0 0 0 0 0 0 0 0 0 0 0 0 0 0 0 0
0.249494481813688 0.752163080704341 4.96668820149732 0.176907969587703 0.890473835770783 1.49349903905022 0 0 0 0 0 0 0 0 0 0 0 0 0 0 0 0 0 0 0
1.2653831792885 2.26032182054157 2.0621999063186 0.0742134593490143 2.51678834499711 2.39296958374905 5.78496477089342 0 0 0 0 0 0 0 0 0 0 0 0 0 0 0 0 0 0
0.381165496731574 2.74596280085094 1.45957511133877 2.31871753696112 2.46392846572755 6.04717156695347 3.88102967537723 0.749027264959939 0 0 0 0 0 0 0 0 0 0 0 0 0 0 0 0 0
5.31667097942055 1.53227418754323 0.363633523306422 0.578186762941847 3.89774045550906 0.223743318818454 0.113555474289394 2.88303247514882 1.38140077581344 0 0 0 0 0 0 0 0 0 0 0 0 0 0 0 0
0.461872614379131 3.72142702605287 0.966270562536277 1.7348414047118 4.35105464971381 3.69678192778279 3.12359054428324 1.22731472447001 2.5249956612012 0.146860179662413 0 0 0 0 0 0 0 0 0 0 0 0 0 0 0
1.65477778102247 3.14406556567047 0.504004408620734 1.63662373797743 1.94902743204349 5.6847155982684 2.52518846274318 0.265861583927678 2.67288097446979 0.08936548301972 1.70085989849031 0 0 0 0 0 0 0 0 0 0 0 0 0 0
0.302822146774177 3.71603468901361 0.184091424501049 0.849511099016216 1.38839607903466 1.11701627754182 4.50366459419443 0.211881411702257 1.0809478471176 4.50440246285802 0.611503654415923 1.8659945569267 0 0 0 0 0 0 0 0 0 0 0 0 0
1.53784011165521 2.86733117788103 0.11680932035669 3.9262404150057 2.06444572684047 3.71906003960126 1.11331765339434 0.135558639426325 0.909019829417213 0.132562592359225 2.61055470382932 0.540816847303782 1.17739473996705 0 0 0 0 0 0 0 0 0 0 0 0
2.30376553269689 2.08135261445398 4.57112106530113 1.14254360856972 0.896704823274289 1.69361434069304 3.53968348239515 3.86129298537928 3.72916482487793 1.01572253700837 1.24383209060887 4.29534588282751 1.19941373222046 0.024428326790052 0 0 0 0 0 0 0 0 0 0 0
0.290274966517806 0.0702829765258526 2.55138148041403 2.06825227267795 1.59962970095246 2.46035588617585 1.91835811454072 2.27878038634159 0.992423938177654 5.91317721127818 2.28046413896151 0.422890365011004 1.46173468656232 3.50044171506176 2.79822098355982 0 0 0 0 0 0 0 0 0 0
0.617001705438161 1.93137639740882 0.265142827701261 1.23719320083889 0.524073161186 1.66009974064171 1.50165914834541 0.334713635228271 3.72087474451626 3.09231489140864 4.59467374322484 0.350942564142428 1.70004705985477 1.22192233202329 0.249914428899414 0.548011764925546 0 0 0 0 0 0 0 0 0
5.82157469432676 0.914694580380619 1.48811338316586 3.8230906465332 6.04492012420918 0.579368339564155 5.29675104876918 1.18120216789845 3.89819215258044 0.121567141177925 0.54543714203016 2.89345883908146 0.409976205261209 2.45791915197481 3.19388188452834 2.91109787053823 3.55273464000953 0 0 0 0 0 0 0 0
0.20625614865087 5.98545733552322 0.912896390185519 1.43723281938683 0.153477900669858 0.617806857936852 0.463872027504348 4.57951646867446 4.22894262582891 0.0813678754863189 2.1458121204516 2.37326729984804 0.142587653323842 3.88817170953725 1.33262893149504 2.43261599511238 0 0 0 0 0 0 0 0 0
6.67069996880747 2.12078321766781 5.15362382822676 2.79828864700567 1.99103373288112 2.61114849627536 0.0510430061822911 0.312478600498045 0.0524259171707058 0.0751236430084112 4.65201145095798 1.42099539203142 5.32980255969236 3.35493719697436 0 0 0 0 0 0 0 0 0 0 0
0.794816118497004 2.11501946316783 0.34331511798183 0.389568317045228 0.974450051875672 0.141026018132445 0.668015380559281 0.0981336482890118 0.460902224455138 1.25466189537023 0.964380569745143 2.6582492417458 0 0 0 0 0 0 0 0 0 0 0 0 0
4.39540733752651 7.49607656162926 2.5257697610377 0.534872791127239 0.188398064903832 1.40659269857739 1.6895472610764 4.21094229094206 1.60682320748338 0.838678283487999 0 0 0 0 0 0 0 0 0 0 0 0 0 0 0
5.83522425850751 2.54956592682829 1.31987471573243 0.21254166061613 0.267224342350007 0.467087578115944 1.95811067487322 5.40366667717586 0 0 0 0 0 0 0 0 0 0 0 0 0 0 0 0 0
0.448303022864335 2.42087339073672 0.516086125433753 1.64350790854506 4.33874609399096 1.52774899972983 0 0 0 0 0 0 0 0 0 0 0 0 0 0 0 0 0 0 0
0.570310765027647 0.625572112916937 0.650386187145022 8.22561321922518 0 0 0 0 0 0 0 0 0 0 0 0 0 0 0 0 0 0 0 0 0
8.38746149907395 0.939762636056767 0 0 0 0 0 0 0 0 0 0 0 0 0 0 0 0 0 0 0 0 0 0 0
