0.999053862212371 0 0 0 0 0 0 0 0 0 0 0 0 0 0 0 0 0 0 0 0 0 0 0 0
0.144934937927335 7.24106544940592 0 0 0 0 0 0 0 0 0 0 0 0 0 0 0 0 0 0 0 0 0 0 0
0.641011277454381 7.66094757719324 0.170484879099868 0 0 0 0 0 0 0 0 0 0 0 0 0 0 0 0 0 0 0 0 0 0
0.614626654995624 1.92399748116345 1.45266062048022 4.43427314672294 0 0 0 0 0 0 0 0 0 0 0 0 0 0 0 0 0 0 0 0 0
0.796659147899633 1.15779775499853 1.87156632663315 1.11792539912194 2.26416796379838 0 0 0 0 0 0 0 0 0 0 0 0 0 0 0 0 0 0 0 0
4.3854893128582 0.52164433702956 0.0109380052644927 3.99334797444377 1.84414151953216 8.15952536467063 0 0 0 0 0 0 0 0 0 0 0 0 0 0 0 0 0 0 0
0.210492162331474 5.63110664980565 3.49109614419209 2.19672373399223 2.82232290130157 0.8216104494757 0.344283973920117 0 0 0 0 0 0 0 0 0 0 0 0 0 0 0 0 0 0
0.532134919006 5.6290395642651 1.19057400773792 5.39096823851425 3.30114774006921 3.83954796151908 0.1902146731545 0.132494901846002 0 0 0 0 0 0 0 0 0 0 0 0 0 0 0 0 0
3.46074506532264 4.04331825132193 5.54322646468799 1.21067123295867 1.26493740223542 2.34273176299881 3.07924982743422 4.77195432361178 0.515440904299066 0 0 0 0 0 0 0 0 0 0 0 0 0 0 0 0
1.7308497152186 3.36363355765335 0.507223929904006 0.804920048263688 2.22068479010883 5.71912538350225 0.388379534259047 0.958638757087117 0.923829102072926 2.31665723684413 0 0 0 0 0 0 0 0 0 0 0 0 0 0 0
5.24853580198519 0.396484888996825 0.638646273943406 1.84673393436653 0.282615134533702 0.539840959866031 1.36874128717761 1.3845752029841 4.37606758445775 3.35217583228621 3.28329075321638 0 0 0 0 0 0 0 0 0 0 0 0 0 0
0.686820456367533 0.357314422101817 0.509942448052046 2.64237406242714 3.65991382467952 3.84723920666584 4.23995787146287 1.49766937260818 6.27431710546459 0.18675972420381 0.385304732439291 1.16981639926927 0 0 0 0 0 0 0 0 0 0 0 0 0
2.14882001647551 0.323386006257013 0.31524473836444 0.931105777287 0.34386649018322 0.971541896074684 1.44849361760623 2.52697659562719 2.15797280328213 0.700715934040928 1.05176374224586 0.221705250186937 0.0969170628107897 0 0 0 0 0 0 0 0 0 0 0 0
2.27021223042666 2.81547082172887 2.53849877075105 1.81460370401342 2.4441334100022 3.11000405080885 5.53254596741541 1.88720981883978 0.442862909568471 4.57837931887994 2.25944598914841 1.27325638539274 0.466495417883943 2.45759443883716 0 0 0 0 0 0 0 0 0 0 0
1.14988433738983 3.80430098059155 0.526858456816529 4.05062190337884 0.136329113578303 2.02590648144644 1.60141423407265 1.64135659734889 2.84251048767408 2.74488389267706 4.83389166863548 0.834272108346065 7.20651870436317 1.56362812215965 0.746076672591434 0 0 0 0 0 0 0 0 0 0
1.08472084814637 4.04376611741704 4.16118034403909 1.16710656495761 1.01512489994817 2.22573413404717 0.900510682017973 0.195542829763746 0.87802037269858 4.00715037494726 0.793038964637367 2.85080309623985 4.45211081657587 0.680849808279601 0.171225266324479 4.13729176875964 0 0 0 0 0 0 0 0 0
0.0857229996671818 5.39472357208385 1.74233626750672 1.38848905786914 6.71919892361124 2.07495328363115 1.21765292735386 2.09355689563608 6.28967146074731 1.20090899184564 3.5161447458999 1.69579852391736 1.63802736406934 1.77186990041433 5.12954521373318 0.420025123957606 2.48777108910521 0 0 0 0 0 0 0 0
0.347489828516532 1.75799908792942 0.620275765406911 1.89854016398412 1.44070897904209 5.1863655065343 0.0235776218381608 2.87354150660944 1.86589240797034 4.24563801870671 0.879907051751379 0.379993121094342 1.02310331128458 3.53590090434979 3.13295406784429 0.325665570170386 0 0 0 0 0 0 0 0 0
0.0553503102574108 2.0107296165199 2.39469088530332 1.12824381343639 7.37840098002872 0.819169709925093 1.0147064832865 0.129254259299183 3.22487012615126 1.03248047070019 0.859801497426905 1.35871760715388 1.18412651378059 0.208390655080236 0 0 0 0 0 0 0 0 0 0 0
0.545012844862125 1.43121190852158 3.87550590241528 0.677149569643936 1.72555460469832 4.22181063758518 0.506285470209798 2.67848058885705 5.94170248365932 1.50912794188407 0.808101257682623 1.22526157730921 0 0 0 0 0 0 0 0 0 0 0 0 0
6.43687781778178 2.33956321930326 4.40582450182856 1.0354474239094 0.237048768568518 1.10384592055738 2.1768328675861 0.140035801275518 0.444544365207346 0.33935895295133 0 0 0 0 0 0 0 0 0 0 0 0 0 0 0
0.232392009890491 3.3729420184868 0.258988733858307 1.01208474502724 2.21117086060636 6.90623949373703 0.82760410578803 1.50172969516545 0 0 0 0 0 0 0 0 0 0 0 0 0 0 0 0 0
3.55381514732001 3.55636377313143 3.24655450225872 0.118515203052357 2.57569273514006 3.31502532818768 0 0 0 0 0 0 0 0 0 0 0 0 0 0 0 0 0 0 0
0.121549487821383 3.78466362206549 0.20504388852429 6.41542453262926 0 0 0 0 0 0 0 0 0 0 0 0 0 0 0 0 0 0 0 0 0
1.58366490704515 2.26216859046715 0 0 0 0 0 0 0 0 0 0 0 0 0 0 0 0 0 0 0 0 0 0 0
