0.0323532775863877 0 0 0 0 0 0 0 0 0 0 0 0 0 0 0 0 0 0 0 0 0 0 0 0
4.76932510860063 7.15800163288494 0 0 0 0 0 0 0 0 0 0 0 0 0 0 0 0 0 0 0 0 0 0 0
5.65733382139495 14.0620152196393 8.7990933545439 0 0 0 0 0 0 0 0 0 0 0 0 0 0 0 0 0 0 0 0 0 0
7.48402032518506 6.89470227154759 2.19864461732538 2.85846933033378 0 0 0 0 0 0 0 0 0 0 0 0 0 0 0 0 0 0 0 0 0
2.76455507431046 2.43043458119511 0.375856086505168 0.78752583131839 2.16443506171146 0 0 0 0 0 0 0 0 0 0 0 0 0 0 0 0 0 0 0 0
4.91891581218571 1.5083249877089 1.04531250849742 2.38409495249871 0.134224831128907 3.05014310091948 0 0 0 0 0 0 0 0 0 0 0 0 0 0 0 0 0 0 0
1.79036718084701 1.48404487092811 4.14693479972783 0.525508331417222 2.99320621309531 4.67354263222476 1.29177416750802 0 0 0 0 0 0 0 0 0 0 0 0 0 0 0 0 0 0
2.93476255709831 6.33677183407069 8.90546475755036 8.93795050187751 5.67541075366161 3.76572029979987 2.59890218865825 5.24920766545569 0 0 0 0 0 0 0 0 0 0 0 0 0 0 0 0 0
6.92765210269584 4.67329694738351 7.12574955648559 7.44597464462877 4.61911362779563 7.77596109082059 0.856454298194487 2.62421699890417 3.1927451712793 0 0 0 0 0 0 0 0 0 0 0 0 0 0 0 0
1.95203533663249 6.06215349323501 8.58050492872479 5.21606421967398 3.98335248726752 0.216963465249878 4.45615192383262 0.995688781296368 2.85848948197054 5.39195329145061 0 0 0 0 0 0 0 0 0 0 0 0 0 0 0
2.16631849046463 2.04596979380218 0.173324509698116 3.00151314469449 3.57370709604456 1.0749797065373 1.49251160993839 3.88936883541117 2.83978886949712 1.59507189551504 0.826702027995676 0 0 0 0 0 0 0 0 0 0 0 0 0 0
5.11504678628899 3.96468661347369 7.68085110099247 1.51347003720103 0.339239210150806 1.57849784111416 4.26956125049537 0.890487199872738 4.15517215389729 4.85145599400927 0.146459066225501 1.23813335719353 0 0 0 0 0 0 0 0 0 0 0 0 0
5.0924230362691 5.32446951117415 1.31210286418623 2.00257704897312 4.34052257512982 5.07918938147361 4.35645390100502 1.55678119616906 3.33585903201234 13.3331265012301 0.0434613964506917 0.518196111849529 6.64795067793768 0 0 0 0 0 0 0 0 0 0 0 0
2.69307368177347 0.246799273517638 2.58239385412928 8.93972604867086 0.38050571344925 6.19697796446944 6.20458857184601 0.713330556960124 9.23629997380457 4.76520746185161 2.85569706389556 4.21715772668142 6.35842000845291 2.95346164909536 0 0 0 0 0 0 0 0 0 0 0
2.21336038390461 0.329495159002081 1.11080568161667 2.16389589657661 0.381390789473782 1.44379357190901 2.13856163729129 0.61364978048093 0.675906429538419 0.340713084027291 0.364914158470082 0.804978975685258 0.801799564088492 0.263487861870293 1.07261971283386 0 0 0 0 0 0 0 0 0 0
3.1505740761637 7.00129248154819 0.354350198079347 4.61858832441049 0.00377299800232331 1.83282825435583 2.03162149403112 0.952088378138175 3.8031331793134 3.11716869577928 1.70190996983411 0.787014777016482 3.55397219056472 2.13528181199863 0.117580442854048 0.191113395146677 0 0 0 0 0 0 0 0 0
0.58236950355475 1.17450685272203 0.0859780125293768 0.865296089961531 1.30875165801743 0.312247645423501 0.240807972117242 1.09966507516845 0.204194450763391 3.01438884328961 0.0147482171625975 0.477160667919631 0.589169596152756 0.821382321532377 0.370374913898575 0.829674528746918 0.236810541384819 0 0 0 0 0 0 0 0
0.5359751378498 5.71717697374259 4.67567693910552 1.65946145098258 3.85654452288121 2.12835576620908 2.96824376684634 1.63083078416433 4.2161455479827 4.84541176089897 0.419530599325386 0.81484321098828 0.586765072927315 7.47723181583577 4.41647763467304 5.97918149794199 0 0 0 0 0 0 0 0 0
2.41118089853813 1.11599662665871 0.572749875775428 6.12462449761456 2.10930008943445 4.05918359381191 2.03220931735744 1.3724478830023 4.27564992638292 4.60877429381337 6.13082142035642 1.06893741489636 1.35366557331194 0.212852138167578 0 0 0 0 0 0 0 0 0 0 0
0.990869408103922 4.35776231485207 3.45781999960102 1.76164071580177 3.84186918896236 3.91163468128007 4.98537652495813 0.133733479523595 8.70657621274482 3.18173626153737 2.16938422969847 0.96843711342136 0 0 0 0 0 0 0 0 0 0 0 0 0
1.88948273627473 1.04585595504789 0.188266383935393 4.51676775257216 1.61045979304427 4.31170450032219 0.706820627432331 2.55872296511816 1.01351371783204 0.0143819877807784 0 0 0 0 0 0 0 0 0 0 0 0 0 0 0
2.84504223033903 1.90941034705524 8.22215977941654 7.5183403180642 6.92005112840301 1.27066831450078 6.38729365342166 0.789736389115385 0 0 0 0 0 0 0 0 0 0 0 0 0 0 0 0 0
2.86065549687848 3.45425432523311 8.73999319745614 8.14923080141092 3.82576394453022 10.585105774221 0 0 0 0 0 0 0 0 0 0 0 0 0 0 0 0 0 0 0
4.98366818774311 2.59933342054756 3.06413793954188 0.276789882802757 0 0 0 0 0 0 0 0 0 0 0 0 0 0 0 0 0 0 0 0 0
3.11915649598295 8.97907911102931 0 0 0 0 0 0 0 0 0 0 0 0 0 0 0 0 0 0 0 0 0 0 0
