0.0856134981742517 0 0 0 0 0 0 0 0 0 0 0 0 0 0 0 0 0 0 0 0 0 0 0 0
6.42876489584395 10.6699901897989 0 0 0 0 0 0 0 0 0 0 0 0 0 0 0 0 0 0 0 0 0 0 0
5.51470451591909 17.7164489551289 14.1610988566873 0 0 0 0 0 0 0 0 0 0 0 0 0 0 0 0 0 0 0 0 0 0
7.11794762215114 16.0081421240345 9.74418647812135 8.88154302690257 0 0 0 0 0 0 0 0 0 0 0 0 0 0 0 0 0 0 0 0 0
4.45488233909618 5.59412366824074 7.11435644043982 6.48757589274483 2.22595572291735 0 0 0 0 0 0 0 0 0 0 0 0 0 0 0 0 0 0 0 0
5.69175395661249 14.6752008225715 18.682394171893 11.9666358172468 4.95056618718512 5.87682421228318 0 0 0 0 0 0 0 0 0 0 0 0 0 0 0 0 0 0 0
6.33952708688678 15.9696188994587 9.93958613760307 7.84912142845303 3.15146451574524 5.78263137440951 2.79578196194816 0 0 0 0 0 0 0 0 0 0 0 0 0 0 0 0 0 0
6.68809991441839 11.2745597810279 8.54517524340296 4.64642151035902 5.12069909678582 4.75232639437016 9.32616114874823 1.47719414341161 0 0 0 0 0 0 0 0 0 0 0 0 0 0 0 0 0
2.17783333469799 5.63055427307349 3.96275198688465 4.8763901350389 2.92820502276414 2.43655018913661 2.68098725493388 4.12322042023191 3.61048705780581 0 0 0 0 0 0 0 0 0 0 0 0 0 0 0 0
2.78389848333653 4.5265004181164 6.41678046210516 5.31960536185551 3.2673521692888 7.26332957216593 3.76998367190356 5.5630953697923 6.55659395310397 1.35478223610577 0 0 0 0 0 0 0 0 0 0 0 0 0 0 0
2.01603138532114 4.56563641481616 4.22028371943454 8.93129165500965 1.09281350349892 3.27004232206425 5.46935651801228 3.93709734353563 4.17536190722072 2.26859761970837 0.362121273401762 0 0 0 0 0 0 0 0 0 0 0 0 0 0
2.21844325704486 1.30457556928474 1.34692310844942 0.203524183434804 3.05718733908528 0.211482463403006 0.719300674942875 1.31844531702484 8.08857249595481 0.337947753923923 4.6877067364967 0.437876714188536 0 0 0 0 0 0 0 0 0 0 0 0 0
4.81285088616834 2.51034822918142 1.81640601524903 1.3126853098356 1.28112764916537 1.51667254800484 0.975275226419583 0.769966817577073 0.361191984912831 4.4421675532723 0.077323625390753 0.215691046919979 1.53756274580995 0 0 0 0 0 0 0 0 0 0 0 0
0.0101080714023834 6.90281072704486 5.36365644176364 4.50363640004002 2.90716499246919 4.43044555986252 3.3382162981411 2.72239477776308 3.53654995007663 0.631638465113715 0.613359059478782 1.32638104210981 0.0466666246282232 0.130561508166633 0 0 0 0 0 0 0 0 0 0 0
0.439331896339623 2.67528587247983 6.19386360300907 1.65609075053656 3.01153489331874 0.876687950511978 1.9090934176403 2.23728565997576 6.73370891633415 0.109525826160625 0.757821194823664 0.880674361473156 1.28479276413517 2.40076740663797 1.59650072737147 0 0 0 0 0 0 0 0 0 0
1.04926481702256 8.20409886898768 4.78893712716449 7.92828176106577 3.75192269403974 1.32666160049401 2.93866778855572 8.0630801945387 0.473368229382649 0.784059289998942 0.795381700199484 0.724909759462916 1.2423016268476 1.02227039099562 4.88309689629713 7.56441985234866 0 0 0 0 0 0 0 0 0
3.76957311703722 5.49799008284961 6.52050889956363 3.00345272101368 0.174795236849501 2.11496656243978 5.17586462369521 0.443948757072156 0.284052520865623 1.0664216269481 7.55060913192854 0.415857246198535 0.926637001707189 3.29884273391059 6.29954767929365 7.12166569678859 7.35355708405677 0 0 0 0 0 0 0 0
0.593634039395422 3.28438562148608 1.88750646726904 3.15760678175501 1.36013106768777 1.99002696813211 1.0910863659663 0.525546478317652 0.148743761439018 4.19821611193185 0.162585580089934 1.65315719992554 2.03994029410326 6.19425781533377 8.30166496276528 4.54217352830166 0 0 0 0 0 0 0 0 0
5.16928068139513 1.18269810838835 0.878399891547768 2.37079007579143 2.29658617014787 0.0806429587314599 0.535758346962222 0.186304090025307 5.35433801181683 3.34859911271079 0.890807801488078 0.252823309461379 4.18890771213186 6.51344154668045 0 0 0 0 0 0 0 0 0 0 0
2.50907587956941 1.17389519141374 0.507042353093919 3.21365066228406 0.580116310755021 0.923603345766485 0.0109200313617639 0.376768838276441 9.27469520548013 0.0244922308408685 2.14538688881395 1.28352374648892 0 0 0 0 0 0 0 0 0 0 0 0 0
0.437435838048847 1.0726654658685 6.72796549942225 1.32844462412743 1.69520024378901 1.98113290384312 2.83740596883088 3.49389056026814 0.499531720279681 5.57246163860519 0 0 0 0 0 0 0 0 0 0 0 0 0 0 0
1.421925796391 0.490810691723572 2.5457766840367 1.117598931081 1.91676444700274 0.50732516008213 2.55964591965099 0.529320515060151 0 0 0 0 0 0 0 0 0 0 0 0 0 0 0 0 0
1.78877155474022 0.0656171748068467 1.86687705983417 0.751448873565662 1.91132052922854 1.64426820560748 0 0 0 0 0 0 0 0 0 0 0 0 0 0 0 0 0 0 0
0.846456721783046 1.27574781261373 1.79996301015067 2.89015297048636 0 0 0 0 0 0 0 0 0 0 0 0 0 0 0 0 0 0 0 0 0
0.088178418079463 4.64939504743968 0 0 0 0 0 0 0 0 0 0 0 0 0 0 0 0 0 0 0 0 0 0 0
