0.418812583830946 0 0 0 0 0 0 0 0 0 0 0 0 0 0 0 0 0 0 0 0 0 0 0 0
4.81818551763928 15.2482236680053 0 0 0 0 0 0 0 0 0 0 0 0 0 0 0 0 0 0 0 0 0 0 0
4.2673043910791 18.7850890231277 14.5677362453243 0 0 0 0 0 0 0 0 0 0 0 0 0 0 0 0 0 0 0 0 0 0
5.38481756036867 16.1474780715628 5.68470520400657 6.37447277977533 0 0 0 0 0 0 0 0 0 0 0 0 0 0 0 0 0 0 0 0 0
3.4958544620793 5.11365242855901 6.49603068626848 2.90728694833481 1.38800450469741 0 0 0 0 0 0 0 0 0 0 0 0 0 0 0 0 0 0 0 0
4.49315760529778 10.034117910734 1.9527147506862 1.18936578908108 0.403227658023644 1.25151415727272 0 0 0 0 0 0 0 0 0 0 0 0 0 0 0 0 0 0 0
3.53687090761791 5.13916871322654 3.24312204912037 0.232873154837368 0.687745756980838 2.70001164340937 1.2353973787142 0 0 0 0 0 0 0 0 0 0 0 0 0 0 0 0 0 0
5.45336919208054 4.99523514736229 3.27462681808844 1.18678588180255 1.02458340896013 0.383743924576994 0.846313723833703 0.465319625444469 0 0 0 0 0 0 0 0 0 0 0 0 0 0 0 0 0
2.97611931615524 2.77047660066073 4.61849747092519 1.4181087113058 0.996047892829474 0.36201866669805 0.546899499013403 4.4420020348133 9.08748133549025 0 0 0 0 0 0 0 0 0 0 0 0 0 0 0 0
1.34029041192441 3.76235163839256 8.13273119723896 2.19989226932506 0.101837183289676 1.94864774340301 0.0460920454938047 3.83138782667448 2.35397446361102 0.187354630965069 0 0 0 0 0 0 0 0 0 0 0 0 0 0 0
0.25450021038968 7.81011726683088 3.66203514809203 7.48293100575867 0.537360697761881 5.96177791969778 4.28013181120398 4.6341229264575 0.221225649436193 4.79314958008444 2.52563390302352 0 0 0 0 0 0 0 0 0 0 0 0 0 0
3.37761960000935 3.96325984647037 8.19010179712024 2.41275538577311 2.68492313905178 5.47134248941726 3.21243193592539 1.03502907676496 1.93678937817249 1.96775763122066 0.0174124503629597 0.311432151790836 0 0 0 0 0 0 0 0 0 0 0 0 0
0.364028627732359 5.65631724711006 2.5702164231585 2.47078677044912 2.5908965482574 1.36895984532594 0.101082777417132 1.3109135646518 0.907858601306699 4.84748527622444 1.65696090741255 2.72376480585164 1.67099879437209 0 0 0 0 0 0 0 0 0 0 0 0
4.62474913495174 8.42030153765861 5.5155963507167 6.96085589502233 0.986223732309593 1.93074112956015 1.59246235883988 1.68753635105265 0.547138724375334 1.96547706386011 0.715298313746895 0.358532934651957 2.22060935010037 0.432979348206279 0 0 0 0 0 0 0 0 0 0 0
1.34850432480332 8.96351843077187 7.92593999685267 3.53216239527945 1.43148968597522 1.17614445986492 1.09549621974336 1.12536690618925 2.20655949440534 1.67033750798913 1.63823538912527 2.07778384855072 3.71134828275628 3.9901405525147 0.138817377820817 0 0 0 0 0 0 0 0 0 0
2.21624475052008 3.76021191280358 2.71281170135746 0.937107460428844 0.140362243988331 4.06313357896451 0.961976236942989 0.111995683505604 0.13406426951604 0.564550747723804 2.11456068089816 0.430295649298349 2.70721118671602 0.260971736085662 2.66866544089278 0.291646819952834 0 0 0 0 0 0 0 0 0
0.91694001980532 2.85447138820432 1.04183878944688 1.94176617134608 0.800655401342806 0.316443190635014 1.28431520448364 2.20120414380602 1.37128758826647 0.230456260351544 0.395175554330104 2.76554581380529 0.98321857361221 4.72811005574957 1.36042070844602 6.0516548495489 1.61427783614229 0 0 0 0 0 0 0 0
1.19493279581631 4.62591738235875 2.98059390956179 0.718404415724191 2.44429786430049 0.350219185721466 1.80000277240604 2.8327225886293 0.242105893727894 1.02949094307703 0.529436172459651 1.78396273320073 6.77595772995314 0.935595301107047 5.43078807028173 2.46588327163185 0 0 0 0 0 0 0 0 0
1.76715567067315 0.492700001070708 0.254509066115409 1.16499807532127 0.408378132725792 0.958082270689281 5.01435215448191 1.30760971266801 1.71923156268643 1.03572586046763 1.98160115430225 2.76526231614051 0.702383355359046 3.01916562460523 0 0 0 0 0 0 0 0 0 0 0
3.12940589358049 0.00486885247780547 2.70707968217325 2.63159236875194 0.552702938583616 1.71382412255112 1.99878426225116 0.785486454147979 1.00999394096521 2.98426343534642 2.67648238709633 0.285149288393731 0 0 0 0 0 0 0 0 0 0 0 0 0
2.04171179041484 1.02946183365932 1.576684495633 2.24011018497777 0.470674976431728 1.74219864958462 0.0973412372604152 4.95779016412092 0.672723829384918 1.08936145950868 0 0 0 0 0 0 0 0 0 0 0 0 0 0 0
2.87039014158838 1.19870313033448 1.29900610034 1.72605055727792 1.68919992222896 0.0625418261181354 0.0795517444681408 1.10781346690795 0 0 0 0 0 0 0 0 0 0 0 0 0 0 0 0 0
4.21818325283229 2.60346097005739 1.01818761189195 0.255779133953911 5.73747183196777 4.42527005866473 0 0 0 0 0 0 0 0 0 0 0 0 0 0 0 0 0 0 0
0.908736872337747 1.9404486445108 2.14680912223916 4.59357649138747 0 0 0 0 0 0 0 0 0 0 0 0 0 0 0 0 0 0 0 0 0
0.59217257098137 0.176277724293332 0 0 0 0 0 0 0 0 0 0 0 0 0 0 0 0 0 0 0 0 0 0 0
