0.493788502492332 0 0 0 0 0 0 0 0 0 0 0 0 0 0 0 0 0 0 0 0 0 0 0 0
0.74477194692788 0.846412357282197 0 0 0 0 0 0 0 0 0 0 0 0 0 0 0 0 0 0 0 0 0 0 0
5.03875188763415 6.26790138464166 4.61626176602214 0 0 0 0 0 0 0 0 0 0 0 0 0 0 0 0 0 0 0 0 0 0
6.62763038443866 8.96174285024482 5.78497536001081 12.6191284146742 0 0 0 0 0 0 0 0 0 0 0 0 0 0 0 0 0 0 0 0 0
4.18989798827889 5.72171567012342 7.72329925455187 10.9664556904391 4.14376403521469 0 0 0 0 0 0 0 0 0 0 0 0 0 0 0 0 0 0 0 0
5.19655628292494 8.57089803413616 8.26273708453335 12.8952287848971 6.81165569086658 3.56137154875481 0 0 0 0 0 0 0 0 0 0 0 0 0 0 0 0 0 0 0
3.6679229189956 2.24375924118874 0.951215903767336 10.1460193253453 1.56711418703115 10.200975995123 0.731958000807149 0 0 0 0 0 0 0 0 0 0 0 0 0 0 0 0 0 0
0.673650841403571 6.73104263193332 8.76407014831234 7.35276524340104 6.58085415577699 0.763223675319378 4.07861281766924 3.51694616931389 0 0 0 0 0 0 0 0 0 0 0 0 0 0 0 0 0
1.53898263880512 0.688321123851648 2.80610209730812 7.53043732987355 0.423308559828931 7.75160622271777 7.70421316838816 8.82581483792614 1.89080393448143 0 0 0 0 0 0 0 0 0 0 0 0 0 0 0 0
1.14569835268375 2.47645521782387 4.39226965438593 0.282000824506406 1.78451549526062 1.24192331857954 2.46077407465226 0.359182048141819 1.72971876996118 0.273177249747006 0 0 0 0 0 0 0 0 0 0 0 0 0 0 0
1.03908127203541 4.7686488351087 3.66186063917831 7.90915112693949 6.46165286561256 5.60460054206751 2.49046353003403 1.6430755711773 0.138117884894608 0.16962942153215 3.06583324329437 0 0 0 0 0 0 0 0 0 0 0 0 0 0
1.23991989326284 2.9651868745221 6.96571545570637 6.1522480558074 3.84564323667389 3.63700981330673 0.21526657845556 0.333178632242282 2.40189418896114 2.15608143164627 0.0540862881497783 1.20530796789167 0 0 0 0 0 0 0 0 0 0 0 0 0
1.17546113890438 2.39076112527827 7.30774672401677 8.92500402440246 3.6018170104526 0.605309337733308 0.782704585025492 1.47817487830492 0.168244140738389 0.48217682738213 2.84793788400169 1.62216242702991 0.722433041502024 0 0 0 0 0 0 0 0 0 0 0 0
1.58667148759584 5.39039847554627 0.130362101895467 2.24976095094358 0.227919580922409 0.644161222579632 6.0872689902104 0.0278087785250289 0.147485890727205 0.534056801338025 1.64528023464962 0.0547165308964056 0.866668917279701 3.49608224442465 0 0 0 0 0 0 0 0 0 0 0
2.29387047005016 4.5661144147554 1.94502600739541 2.14123155666223 0.171771342970241 3.66532501706359 5.28758484571172 2.6646770906649 6.03264602144452 0.796921406319844 4.63392402864461 5.17696214155382 0.158287870094333 1.73203515702925 0.0211419708593911 0 0 0 0 0 0 0 0 0 0
3.25641864613439 2.66333098443286 1.7500810404711 0.651088831631753 5.35610603837362 0.513258944428496 1.3865737505894 1.1412662616605 0.600517694363199 6.84310230425584 3.19393199227915 0.0728078466242854 0.985932130063058 2.88813724741825 6.60083895365532 0.562530223759843 0 0 0 0 0 0 0 0 0
0.477430603333388 2.8722540122433 0.101851638443067 2.71840704939052 2.48487428241641 1.24917571928844 7.08656347269431 0.242320057317352 10.2986326015959 1.06448448654063 1.1691778172408 3.80272188758359 1.14169531797156 0.0989665831682879 0.57342760702565 4.80799750333965 0.356738873518574 0 0 0 0 0 0 0 0
3.12373289174989 1.59589934199586 1.49750539849295 1.09411969312848 0.659108683409561 5.33912021636902 0.421590032087483 4.01843123856808 1.44819112221502 2.7124483467827 1.06723300096293 1.92046317321708 4.26840464973107 0.196929545805969 4.31722109749324 0.262709265109561 0 0 0 0 0 0 0 0 0
1.56530471866456 0.0683690015740756 2.64014546675357 2.74935382696862 0.233208823303714 1.07447407021297 1.58580305756013 0.164744810906364 2.61413592619237 2.28594053255516 2.12955160386543 1.86627064286111 2.82113181586959 3.13443698006737 0 0 0 0 0 0 0 0 0 0 0
1.31179981158387 0.820328367654442 0.566492120324085 3.21199595724522 4.67192644696154 2.29255302104447 4.33513841621335 0.939331410399393 0.36840834175338 0.799911098458889 1.80250757583853 1.13900126038256 0 0 0 0 0 0 0 0 0 0 0 0 0
2.56607045468342 4.61897895771923 1.65898539401196 1.12127389853774 2.40098748110911 0.354601203003674 0.376373038800058 2.92148220432519 2.44328816827952 3.93566315388328 0 0 0 0 0 0 0 0 0 0 0 0 0 0 0
2.17453207000526 0.872298568514624 1.16225199331205 0.804781264513298 1.99682463372704 1.814305969587 0.807456925269912 0.509314844158943 0 0 0 0 0 0 0 0 0 0 0 0 0 0 0 0 0
1.36820319472992 1.43520806278057 6.07483297612587 0.155336349985966 6.05669950837912 4.30834613459762 0 0 0 0 0 0 0 0 0 0 0 0 0 0 0 0 0 0 0
0.0187443350315343 3.09491294019153 0.99075591723401 1.89866748802621 0 0 0 0 0 0 0 0 0 0 0 0 0 0 0 0 0 0 0 0 0
6.68619948895041 3.90203939876622 0 0 0 0 0 0 0 0 0 0 0 0 0 0 0 0 0 0 0 0 0 0 0
