0.134477315110704 0 0 0 0 0 0 0 0 0 0 0 0 0 0 0 0 0 0 0 0 0 0 0 0
6.07577506866976 12.6106133049425 0 0 0 0 0 0 0 0 0 0 0 0 0 0 0 0 0 0 0 0 0 0 0
4.69250570988373 19.3659687836344 14.8846269930457 0 0 0 0 0 0 0 0 0 0 0 0 0 0 0 0 0 0 0 0 0 0
6.62821349201378 15.8938515564992 7.23597050050212 2.61441984719882 0 0 0 0 0 0 0 0 0 0 0 0 0 0 0 0 0 0 0 0 0
3.80716524273804 5.14579652104735 3.99022451574788 0.0483350048869694 2.49089450131752 0 0 0 0 0 0 0 0 0 0 0 0 0 0 0 0 0 0 0 0
5.04343268989608 12.6498072303114 1.65438985686613 0.874248928816905 0.00374474704416462 2.06398793580468 0 0 0 0 0 0 0 0 0 0 0 0 0 0 0 0 0 0 0
3.80059620590264 2.05715960720568 1.02575280978229 1.11400359983671 0.0699352028988912 3.26471568761013 2.74400221020366 0 0 0 0 0 0 0 0 0 0 0 0 0 0 0 0 0 0
1.83989055040084 1.71266024348228 2.34570276086901 1.38631166599422 4.44087299649018 0.75300425512154 2.35570348226871 1.79617140355488 0 0 0 0 0 0 0 0 0 0 0 0 0 0 0 0 0
0.062316311131262 4.18261190351873 4.23443911900453 4.41379214888129 4.29491163462677 0.143635313270242 0.289458389169555 0.581068539194453 0.571619833425413 0 0 0 0 0 0 0 0 0 0 0 0 0 0 0 0
1.57283796528822 2.91172208409267 7.86504367686805 1.42895831746602 0.430943313889439 1.15384711273712 5.41858633776986 3.87268378890221 2.7790386722287 1.58548619440758 0 0 0 0 0 0 0 0 0 0 0 0 0 0 0
0.588001408816739 1.51207152946535 0.809851827450259 3.25176877453479 0.364679321541341 3.87363128770466 2.99332836545896 3.56149829080697 0.0138660594868105 2.13553315945575 1.9525972199494 0 0 0 0 0 0 0 0 0 0 0 0 0 0
2.51014495386391 6.65016373343383 3.24104461902901 5.32471971257618 5.57892803704339 3.20739131146929 0.694596582035442 4.06694019807266 0.179741986684232 0.821628780759642 2.92006986355521 0.457366858043763 0 0 0 0 0 0 0 0 0 0 0 0 0
0.678519569109411 2.21664333310498 3.28355405074472 5.16671487971995 0.488614217890546 0.701144294359996 4.84844849896287 0.924251738876302 2.36049968408142 0.49830164530368 0.17330464356746 1.61444105129646 5.02496521008219 0 0 0 0 0 0 0 0 0 0 0 0
3.00666879889825 3.27165287115795 9.59667530185593 4.67078443981109 5.04945095833093 0.897515255205914 0.439439187057675 4.93108247466453 2.36109865250839 4.84858071339296 1.67176523957642 0.159402531849796 1.23691763735509 1.37964601051647 0 0 0 0 0 0 0 0 0 0 0
0.0942815289481876 2.94526306575689 2.82739436966203 3.29006004168199 4.10809332343988 1.48521392691068 1.65450105845637 1.57133332051959 4.90064419298017 3.14337242421597 1.89288085516755 3.84535044486789 0.120744756156664 0.537673040962005 1.44081695355471 0 0 0 0 0 0 0 0 0 0
1.55443674953964 6.12486512758454 3.32989990220118 1.03299994613361 0.159153473504537 5.51340539370868 1.29736478712909 0.267043202081279 0.755953563639421 0.544640182792968 4.54130516071562 0.663080668978907 3.40867052008477 0.741868963782212 0.488752963831212 1.76492193912863 0 0 0 0 0 0 0 0 0
1.16797626792948 1.37296116261947 0.274433436743827 0.164637320856809 4.06352273135896 2.82687859188816 2.7150039168914 2.74440543764054 6.65364608817332 9.0292356349091 1.88390148609232 1.88086748425992 1.81408382048241 1.16327467133037 0.746790149428985 0.930345404443003 8.81734936461418 0 0 0 0 0 0 0 0
1.78323710353358 5.06866591555081 2.44763845109493 4.42689176097843 0.510491572303656 4.52247423526844 11.2353980645566 0.331902186688661 2.67494193769431 2.26800355617961 0.907598902291797 2.19123510186485 2.03973979950383 1.97570926468205 2.85237167970936 4.40997731078061 0 0 0 0 0 0 0 0 0
0.27537772702473 2.62307960801636 3.46180204159404 1.06056950466861 1.04658585719232 11.5426524244411 4.01787203483965 4.78778326089761 1.00990652592689 0.973733863082764 5.17535372803382 1.91119029335843 1.4821247378043 1.25328902154525 0 0 0 0 0 0 0 0 0 0 0
1.37791912004602 2.19544222864332 2.88923510666833 4.79742699161933 5.55490506477375 6.57933164337776 6.94085757064424 4.01432639321181 2.48811272147717 3.49000365915963 0.234838235284206 0.317499124434312 0 0 0 0 0 0 0 0 0 0 0 0 0
0.382696611779977 0.868136465391566 1.62089101820227 3.47248286344989 0.283191368962028 3.4674239604937 1.46196724433047 0.667951079885309 1.67635114724601 6.6087566160717 0 0 0 0 0 0 0 0 0 0 0 0 0 0 0
1.96429253109423 7.02216778608736 12.3637578738258 11.3255115179412 5.48108860301915 4.84456907908969 6.45127665742176 1.38149882765511 0 0 0 0 0 0 0 0 0 0 0 0 0 0 0 0 0
0.518578726727913 7.44639318917996 4.64620134329064 6.61491227858421 0.540900547989838 8.86458324862277 0 0 0 0 0 0 0 0 0 0 0 0 0 0 0 0 0 0 0
3.90926488349571 6.41024163653073 7.82321598687132 2.07846171305463 0 0 0 0 0 0 0 0 0 0 0 0 0 0 0 0 0 0 0 0 0
2.04886917944097 1.94282714843089 0 0 0 0 0 0 0 0 0 0 0 0 0 0 0 0 0 0 0 0 0 0 0
