0.246198156618614 0 0 0 0 0 0 0 0 0 0 0 0 0 0 0 0 0 0 0 0 0 0 0 0
4.18028810058376 11.1414720888306 0 0 0 0 0 0 0 0 0 0 0 0 0 0 0 0 0 0 0 0 0 0 0
0.81697961634755 0.0284199717679872 5.08948168718561 0 0 0 0 0 0 0 0 0 0 0 0 0 0 0 0 0 0 0 0 0 0
2.90993336390582 3.68670027583813 0.788581171187172 2.41699570328898 0 0 0 0 0 0 0 0 0 0 0 0 0 0 0 0 0 0 0 0 0
1.09294219329184 0.34358876690332 0.0622849912367996 0.023098668617909 2.17665567623681 0 0 0 0 0 0 0 0 0 0 0 0 0 0 0 0 0 0 0 0
4.58534568754567 5.93713607952569 4.97745206956744 3.11517895379607 1.66655657790543 0.304533936608903 0 0 0 0 0 0 0 0 0 0 0 0 0 0 0 0 0 0 0
0.690784784946017 4.52423333307636 1.58050153380464 0.66195053785387 2.70359790038244 1.42702773794537 0.107224831673896 0 0 0 0 0 0 0 0 0 0 0 0 0 0 0 0 0 0
1.93326479146834 2.84106232207831 2.53395623220554 1.03980932046165 0.650002447414739 0.643174280039933 2.48448844625792 2.80512432289931 0 0 0 0 0 0 0 0 0 0 0 0 0 0 0 0 0
1.28828417040859 1.46641345822637 1.4103255662689 1.47469169411834 1.65585932338115 2.00304506534108 0.991740380142307 0.573416362777722 0.739187380049309 0 0 0 0 0 0 0 0 0 0 0 0 0 0 0 0
1.58523244551173 1.07980223617193 1.46177608007443 0.145905842027596 0.0757095285200648 0.599389059102825 1.06559362924929 0.186993040728125 1.29149363909686 1.67133075133349 0 0 0 0 0 0 0 0 0 0 0 0 0 0 0
0.977506945013567 1.19475203724335 0.41756955851062 0.451732411283465 2.1083156705798 5.65645627368765 0.341465634042344 0.140364923287328 6.30916746925087 1.70293951629221 3.39026120804262 0 0 0 0 0 0 0 0 0 0 0 0 0 0
4.72286204236406 0.399235300085156 1.22743445692322 0.483873688115553 0.607125896347991 3.54915613099434 8.09763707840088 0.956432697133989 1.28447465012846 1.51864318235251 1.32116615315697 2.96181764932996 0 0 0 0 0 0 0 0 0 0 0 0 0
2.22690023893468 3.24845246143251 2.96322998248327 1.66095197176285 1.51849075342291 0.29896212758939 2.5703281727365 2.42154094738862 0.442295645598453 2.72077724274696 0.557636357624957 2.26876879156155 0.444678655241859 0 0 0 0 0 0 0 0 0 0 0 0
1.2850789132522 3.19363546529748 3.85950989737057 0.0457415570688057 0.199818739169541 6.57553497667032 0.444300968958104 0.191724680947667 4.09104487308312 3.1388042648916 0.0944656783475396 0.367642930808978 6.66672284455358 0.213083023549794 0 0 0 0 0 0 0 0 0 0 0
0.951064030378875 5.74139273397134 3.46096822700856 0.0112829823470421 1.31328405356155 0.728866995609394 0.0705645696835993 3.85503957689135 0.590670365845831 4.87857475700043 0.0118251622178382 0.115516310752337 0.520672837448238 1.00168394115801 4.48301196446464 0 0 0 0 0 0 0 0 0 0
0.267322553602327 2.89804613772985 0.812461139009805 1.60725308634771 0.180559162832553 6.69799406329776 0.178396189137193 2.3251750674808 0.619097087626841 0.235425659746788 0.0679154863137432 3.2180197945902 1.17199922989959 7.61243942986725 0.638612062052684 0.571342040121334 0 0 0 0 0 0 0 0 0
2.47336271781384 7.61089235625315 9.08036285025039 1.51532939391495 0.123649457020997 0.71324195894923 5.13683420779813 0.875740010555406 0.0213920954167398 2.93056340303027 4.18285198323756 1.51468478681019 4.01450789695719 0.241859224350497 3.67240951712716 1.08779668882636 3.01298463171029 0 0 0 0 0 0 0 0
1.53364407470429 7.07155876310605 4.40419243331511 0.0704832624492469 0.353241768498132 2.54242515983374 5.03714829902124 0.302641501366376 0.462623189489741 3.01957685483308 0.117489848995449 2.60587430781928 0.64790178994584 7.36785745600201 1.13786207041659 2.28014483629674 0 0 0 0 0 0 0 0 0
2.20185911864303 0.235716313448443 3.5847756024699 5.21125333842195 0.14405261238055 0.868392940013621 0.79270756109472 1.58390256397197 0.646905987359605 1.48520521499265 5.67389383947225 0.4057586527336 1.4856212554505 2.92208766201354 0 0 0 0 0 0 0 0 0 0 0
1.26822907036854 7.84789713518525 0.929384015924261 0.38511297876663 0.0680086242590524 0.743276558813019 2.72330569500452 3.35709471237687 2.82681734225725 2.81572591737802 0.100178926885648 3.06712188421744 0 0 0 0 0 0 0 0 0 0 0 0 0
2.13932522405008 1.87917285446212 4.14792389365235 0.00973694624387627 0.273488803986853 0.727369516470526 1.34077243580883 4.11060104818319 1.56028057032211 0.0530774277850578 0 0 0 0 0 0 0 0 0 0 0 0 0 0 0
0.0342069462460438 0.315670019722337 1.83901554257304 1.42089417152699 2.82915245363748 1.80882594241647 0.58470590238721 2.07366379831043 0 0 0 0 0 0 0 0 0 0 0 0 0 0 0 0 0
0.356428785701092 0.0995999472837647 0.164792617288832 1.32745622176033 0.261446770573229 1.01978286537719 0 0 0 0 0 0 0 0 0 0 0 0 0 0 0 0 0 0 0
6.95492240304123 4.82327073810447 2.04239567371459 1.21457165372252 0 0 0 0 0 0 0 0 0 0 0 0 0 0 0 0 0 0 0 0 0
0.253515297373757 4.89129444770895 0 0 0 0 0 0 0 0 0 0 0 0 0 0 0 0 0 0 0 0 0 0 0
