0.879195517991021 0 0 0 0 0 0 0 0 0 0 0 0 0 0 0 0 0 0 0 0 0 0 0 0
0.904702841589465 0.479343730464563 0 0 0 0 0 0 0 0 0 0 0 0 0 0 0 0 0 0 0 0 0 0 0
1.25985122412853 2.00434487141999 4.11117052859343 0 0 0 0 0 0 0 0 0 0 0 0 0 0 0 0 0 0 0 0 0 0
0.306515706267973 0.71829010519439 7.18528392276774 0.197518081564201 0 0 0 0 0 0 0 0 0 0 0 0 0 0 0 0 0 0 0 0 0
1.93481453691808 1.30656966098621 0.154171256366944 0.388183441751727 1.72311834967733 0 0 0 0 0 0 0 0 0 0 0 0 0 0 0 0 0 0 0 0
1.38474677513291 0.528660382494274 0.413603578979895 2.14287873735874 1.7134997973019 0.300584382474825 0 0 0 0 0 0 0 0 0 0 0 0 0 0 0 0 0 0 0
0.819760745901752 0.274622865168469 2.52807417343283 1.91258906616334 0.129252614262808 2.75786466956308 2.48602622709474 0 0 0 0 0 0 0 0 0 0 0 0 0 0 0 0 0 0
1.26461878124096 3.40449170468785 3.11565861698204 0.00624248918598191 2.40197781940751 0.182656081050652 3.19061432123962 4.82458870453136 0 0 0 0 0 0 0 0 0 0 0 0 0 0 0 0 0
0.943934173558137 2.13371154708102 0.891761868900014 0.403487409825152 0.386830338632494 1.45979169590897 3.04348709561037 0.499392647211231 1.14288095480068 0 0 0 0 0 0 0 0 0 0 0 0 0 0 0 0
0.175480315722924 0.610382927168134 1.62286402847355 5.65214346807671 0.00130220467109457 1.17793806014134 6.63896794867781 0.0916487717331019 0.754180536153189 2.09700083474972 0 0 0 0 0 0 0 0 0 0 0 0 0 0 0
0.300573026424522 0.406146101781578 6.06240594976593 5.09296116562887 2.48423245394952 3.75793823612822 1.23450163491293 0.876849284485648 1.2715359259547 0.172970238903269 2.41942835708087 0 0 0 0 0 0 0 0 0 0 0 0 0 0
2.76095980666251 2.7837365534003 1.43969722269036 0.00352176027182209 0.423476580922034 0.16230476159527 1.66689831909908 0.118714337738112 3.36277725714837 0.169994310546769 2.62545440993333 3.48769406211978 0 0 0 0 0 0 0 0 0 0 0 0 0
0.694987490046558 6.08379827592683 0.35151234383188 4.0086144821879 0.304088586725744 2.67836033667388 7.92248549692574 1.69997920905174 1.26484187979018 0.0873027563947484 0.69707584027536 0.0640364539396929 3.11470843994589 0 0 0 0 0 0 0 0 0 0 0 0
5.42414156860476 6.02763540228378 3.20790317449886 1.54057452860643 1.83093594659353 0.0574011854672811 1.16917952487479 0.732127356239715 0.0532224872893576 0.906632194941141 0.0504248430039144 0.162971264300339 0.25020059966037 2.79008372954573 0 0 0 0 0 0 0 0 0 0 0
2.12162941819097 1.02814256020745 0.992341364851615 2.74732510862339 0.698687902880839 3.0490485112438 1.18303544869114 1.54778059403667 4.3162031919794 0.0786069339654632 3.70702947088456 0.710083434050656 9.73419865566059 1.4302663141464 4.52481856831154 0 0 0 0 0 0 0 0 0 0
0.0198742625756109 4.66215797249032 0.00933446611661259 0.700124751419865 0.573235221114778 2.05810943389647 0.000279644423122539 10.2944041891793 0.302389637723918 0.835935517878823 0.484284878122291 11.4524130409643 2.94659432313995 0.0384938296643601 2.82662435863599 1.39709428652815 0 0 0 0 0 0 0 0 0
0.659441352205076 1.22032346806449 0.460727328987601 0.248677323932303 0.807682473630775 0.55789100003403 3.00097908841436 0.906609843861546 7.47192938859103 1.0992446319634 2.08544475484669 2.87369556087701 0.299663143910353 1.09301541816738 0.0768965125231588 7.78301501548694 0.285886514517324 0 0 0 0 0 0 0 0
0.673754400113734 3.00257603475976 0.355086615128279 4.852876694949 0.00872199303653981 0.785246649798553 0.718858919531742 1.0849095468357 0.866371621343863 2.25892612403007 0.736858549992747 2.96320936254306 0.0273275427682828 0.116713839416187 0.926619184639437 0.533654780219506 0 0 0 0 0 0 0 0 0
0.0477140149917879 1.13186187406939 0.981968380673722 0.901145291359913 0.906784840838094 0.0662245085216874 0.275285581507497 0.118530733959538 6.91286826612125 0.139542712285465 0.229651260839974 0.841722424036119 0.466496832593566 3.30372328606925 0 0 0 0 0 0 0 0 0 0 0
2.89930510292506 0.0516000856451766 3.72762078426899 1.17642574285811 1.53293645356437 5.45956635632011 1.23619867722558 0.144944711886974 2.72681861799683 3.13160063923288 4.4090958475049 0.886805583542002 0 0 0 0 0 0 0 0 0 0 0 0 0
3.49346512125302 1.26050701238094 1.78163672621091 0.880474615099683 2.75332235902968 0.479999884276613 2.26896286032576 1.14178447010123 0.807667763636968 1.35276595388466 0 0 0 0 0 0 0 0 0 0 0 0 0 0 0
1.40451058069885 1.81879080959963 0.669570759184348 5.43757763885902 2.00858989939175 2.90015761065059 0.663350675676767 1.89519910755487 0 0 0 0 0 0 0 0 0 0 0 0 0 0 0 0 0
4.10109710167518 0.699494344251826 0.634902509977989 0.237890691519417 0.382296169678565 0.744899699326459 0 0 0 0 0 0 0 0 0 0 0 0 0 0 0 0 0 0 0
0.128349401966779 0.551630567068009 1.7785258138199 2.93464513563593 0 0 0 0 0 0 0 0 0 0 0 0 0 0 0 0 0 0 0 0 0
1.23926151293151 0.166488544790151 0 0 0 0 0 0 0 0 0 0 0 0 0 0 0 0 0 0 0 0 0 0 0
