0.0304917521912904 0 0 0 0 0 0 0 0 0 0 0 0 0 0 0 0 0 0 0 0 0 0 0 0
3.70457967926816 4.91688491457287 0 0 0 0 0 0 0 0 0 0 0 0 0 0 0 0 0 0 0 0 0 0 0
4.41874171733928 14.0593639538822 7.64607202835158 0 0 0 0 0 0 0 0 0 0 0 0 0 0 0 0 0 0 0 0 0 0
6.2624213535018 10.3264627284341 0.712616245927058 2.60461768835418 0 0 0 0 0 0 0 0 0 0 0 0 0 0 0 0 0 0 0 0 0
8.33692066694599 1.42059765357327 0.329849873270995 6.20274576491172 1.06450877334242 0 0 0 0 0 0 0 0 0 0 0 0 0 0 0 0 0 0 0 0
0.328225523279259 0.493326923369485 0.361379858889111 3.99861117983394 2.27977722487975 5.40070303343375 0 0 0 0 0 0 0 0 0 0 0 0 0 0 0 0 0 0 0
0.34163051784543 2.33020806491601 0.732786928499918 2.33834858332268 2.15832073251365 0.876594733291737 4.3353205583973 0 0 0 0 0 0 0 0 0 0 0 0 0 0 0 0 0 0
4.30405124139065 6.45325631848504 8.86316787299174 2.8237867236035 2.98849225998015 1.94026113540659 0.128007587808753 1.6276583887247 0 0 0 0 0 0 0 0 0 0 0 0 0 0 0 0 0
1.78355541408907 6.20292754508206 6.63369412304071 2.23460904190597 0.366137499874752 2.61896108311921 3.70647155257475 1.60401240212478 7.19891317453405 0 0 0 0 0 0 0 0 0 0 0 0 0 0 0 0
6.30451006229412 10.8046033999986 6.91531241231523 1.00607674143993 0.762052713089476 2.05209400431761 0.622404808802305 7.1643484583771 2.14950741270563 3.87886186625822 0 0 0 0 0 0 0 0 0 0 0 0 0 0 0
4.7248854412657 2.04832462991192 0.887583147520874 1.9410587394232 7.16933538863359 0.264517189632368 0.427105130622549 3.07281125475149 2.31090517695485 2.62286701256201 1.07116299589575 0 0 0 0 0 0 0 0 0 0 0 0 0 0
1.34351478705333 3.87837383793022 3.04045987897987 0.132548557425566 2.13948211677522 0.747932005923684 0.0924833749887467 3.66366660764385 0.0422488573413856 0.551945384115601 1.26344011113382 5.00165860762123 0 0 0 0 0 0 0 0 0 0 0 0 0
0.431914310935326 5.05628027269544 0.66733954414993 2.23463442811363 2.15213354511518 0.520181713616077 1.06957733019166 0.548218862191363 1.87963457825411 6.70507038118665 0.337672999670684 1.88929412352831 4.69970964731657 0 0 0 0 0 0 0 0 0 0 0 0
0.662275203247845 4.93803272445126 1.55665085800423 2.71676404176585 1.11961527976048 4.62015730636007 0.430497844636844 1.5349669128467 2.19751785244909 0.39998528836286 4.18603608017741 3.33885758824055 0.974574287163643 1.54406462258717 0 0 0 0 0 0 0 0 0 0 0
3.9662912234283 2.47012874008563 4.5838523032017 1.16977687917868 2.72675526836178 11.3119862678668 2.4996359335517 3.29925428298248 0.407511812692157 0.705937922645898 3.62818320256445 3.30796872421351 0.394750835645628 1.01193049158695 3.37832662462039 0 0 0 0 0 0 0 0 0 0
0.482157336584033 1.07229456480652 2.35498774588642 0.441307302407948 7.43947115834729 0.256358024002744 0.79132975817814 1.13416353009835 0.368243441331936 3.55050007750189 1.08543034794694 0.271701059629935 2.13315789922287 3.29079303622199 1.24932337198768 0.455716952648846 0 0 0 0 0 0 0 0 0
2.34729432227343 1.78206891052822 4.82626873422588 1.22028330407606 8.00362484219398 0.611966261261422 1.26607028298322 3.82174963849577 0.535826427872615 1.30673763941022 0.288916291250362 2.9279784775595 1.08156247167321 8.7855395413712 0.479153152265855 1.27720521158311 0.354939982288961 0 0 0 0 0 0 0 0
0.0885916674226782 1.19201641067751 7.21375837319746 3.47454228202616 0.000962382923996289 5.26323805613835 1.73739265704615 1.96956151885917 2.03053269695759 0.793025563414108 1.71002322349048 0.0922262008914029 1.7613868701587 0.677899590968834 1.23618278029365 3.3944998519599 0 0 0 0 0 0 0 0 0
3.49118239463717 0.0772048290709086 0.444899209272409 2.22266778848294 0.419574606440821 0.0809697632916562 2.43904760225556 0.029679454780879 0.461865369751168 0.429804482504448 0.708355034990987 0.0242486187348971 0.315785080870453 0.0116526305010902 0 0 0 0 0 0 0 0 0 0 0
0.262302543565145 5.77075834970547 3.38724683658721 0.896755084306531 2.10659881972829 0.504218381154545 3.70032841837865 0.366749091177537 1.28523025616632 0.685652428767255 2.44531115541922 0.916111968474971 0 0 0 0 0 0 0 0 0 0 0 0 0
4.11914165146135 0.685670920114045 0.23679815454719 5.91677812021641 0.772915442832046 3.66616319049131 0.107581786312354 5.88812047149435 3.43029116999658 1.37696449784896 0 0 0 0 0 0 0 0 0 0 0 0 0 0 0
2.78892816996774 0.473883423239066 0.0632884745593602 2.40053374176779 3.30424781537505 0.715100729250196 2.72343468234459 4.45784978433571 0 0 0 0 0 0 0 0 0 0 0 0 0 0 0 0 0
0.440874405736249 0.161971501411315 5.67433325434708 1.17021666936539 0.688061787632952 1.09693618421491 0 0 0 0 0 0 0 0 0 0 0 0 0 0 0 0 0 0 0
0.667863465653407 2.70566113131764 0.972348718153385 0.84766564907368 0 0 0 0 0 0 0 0 0 0 0 0 0 0 0 0 0 0 0 0 0
1.35728595912801 2.59920244547529 0 0 0 0 0 0 0 0 0 0 0 0 0 0 0 0 0 0 0 0 0 0 0
