0.130838611426286 0 0 0 0 0 0 0 0 0 0 0 0 0 0 0 0 0 0 0 0 0 0 0 0
7.92775362875991 10.5712127856334 0 0 0 0 0 0 0 0 0 0 0 0 0 0 0 0 0 0 0 0 0 0 0
0.171534726384649 8.11775238998698 13.7724130429031 0 0 0 0 0 0 0 0 0 0 0 0 0 0 0 0 0 0 0 0 0 0
0.0310700461163677 4.81691906823345 7.95830224614489 2.81107508173703 0 0 0 0 0 0 0 0 0 0 0 0 0 0 0 0 0 0 0 0 0
0.450761885957147 5.0031670920928 2.64852541154689 3.59485284066308 7.03217399497415 0 0 0 0 0 0 0 0 0 0 0 0 0 0 0 0 0 0 0 0
0.571711698984313 2.68673874022986 0.480923387678953 0.752425350587818 0.608702915168235 2.34151405611775 0 0 0 0 0 0 0 0 0 0 0 0 0 0 0 0 0 0 0
0.540778157698393 0.878130041503174 1.41149400169477 0.0947944711888761 0.717673786404439 0.492345128710755 0.961010057910664 0 0 0 0 0 0 0 0 0 0 0 0 0 0 0 0 0 0
2.59723161464214 5.08352099015912 5.24446128856982 2.51057970882379 2.83879664159568 0.941812793276153 0.31019380463891 2.9281243672742 0 0 0 0 0 0 0 0 0 0 0 0 0 0 0 0 0
8.51023025575638 2.74852492514244 1.29688684687614 2.11921113021822 0.317613807624473 3.83232524723052 1.34912042761169 2.17465028621777 0.799877800889452 0 0 0 0 0 0 0 0 0 0 0 0 0 0 0 0
2.389949402713 2.40158739902432 4.38891322758703 0.867061175842193 0.17296226625909 0.222785103710448 1.51116067952962 1.50291151571691 1.18743485747389 2.53806641114667 0 0 0 0 0 0 0 0 0 0 0 0 0 0 0
0.880295949737301 5.68393294771921 2.69645867512572 0.0474459283396759 0.515372654320474 0.797700234841262 0.147706564405309 1.12985323530566 5.50605529407858 9.10229739257929 2.00823203273612 0 0 0 0 0 0 0 0 0 0 0 0 0 0
2.05131415901471 3.22239663399833 0.703641531598997 0.0647114912613858 0.0370437496314909 0.539496905922367 1.07168077322387 0.915184155388582 0.064989552711966 0.126837144518047 0.244579890170886 1.7191089335733 0 0 0 0 0 0 0 0 0 0 0 0 0
0.664883365554675 0.19302423991872 0.0203402367360623 0.587127007907385 0.305995669787029 3.01926993525105 2.03089616280607 0.816621899121921 2.49311461390225 1.48314068164353 0.508575389880766 4.68451761850059 0.740861252403267 0 0 0 0 0 0 0 0 0 0 0 0
0.144425016010119 4.0505640099172 7.56142951950845 2.58606381543827 6.46413484013738 2.51797724158944 0.863153853963058 0.866820649552195 1.30251945392039 2.35646194080748 5.17871197529541 2.87395757310089 3.88177017947208 0.940282876478104 0 0 0 0 0 0 0 0 0 0 0
0.457088780001077 4.99414346505076 4.08911176598203 3.49117187391607 0.760398575166019 0.784475158512663 1.261843844509 2.324530509794 0.0807104383956158 2.11958243901561 2.13583079708067 5.0018574410244 4.03356970206768 1.97639494074718 0.514209249048221 0 0 0 0 0 0 0 0 0 0
0.873352153175107 3.3201213232509 3.7283034928854 3.06313514132033 0.16879690300865 0.720823602487274 0.871619915246508 0.181354863905186 1.47900931431589 1.88276042372119 3.26362246126963 1.99336967528579 0.940218270174764 0.855212360317306 0.968877053553327 0.140582059384597 0 0 0 0 0 0 0 0 0
0.289584300765434 4.94040483838924 6.43407452371646 0.737803104551454 0.383349919643241 1.49359660551185 0.213329972017784 1.36216406089411 2.34015978753314 2.34952860254363 0.598393454021571 0.919784641177035 2.53025549968469 3.10343614740509 0.240678054110756 7.89051345419605 0.873122341011493 0 0 0 0 0 0 0 0
0.624166869367618 1.47439955929148 3.07397716175872 1.08041761565692 1.6982645190091 0.685772241812278 2.26163479431559 3.68463440486734 5.28585141851087 0.660409113728618 0.907717476765115 1.46479972901349 0.798831562641642 1.04914950942103 2.31033856499504 0.832568833109292 0 0 0 0 0 0 0 0 0
2.68439922065123 0.102806070086178 0.457725911969773 2.29087545200735 0.918515722228687 0.790593651652424 0.505595748174641 0.0449970940645253 1.08409601932901 1.92060399671313 0.181197056555721 0.217212836220213 3.42159833537523 3.38980106581761 0 0 0 0 0 0 0 0 0 0 0
3.48511827331521 6.05975764385431 1.30253791251422 0.086159457619257 0.801676240205456 0.17585417914758 0.735452339849644 0.378700482436434 0.689936797397996 9.5631257107298 2.23196739839973 1.14956987940612 0 0 0 0 0 0 0 0 0 0 0 0 0
5.18668757553517 0.30731007102936 0.398062014080501 0.848873048161036 0.402300872013265 0.110552967653559 1.93574750386866 0.83560586874998 8.89046765721266 1.26594637018357 0 0 0 0 0 0 0 0 0 0 0 0 0 0 0
4.17331540149106 1.58244845669071 0.123156794135006 0.24227864823796 0.263057682863751 1.93266887813124 6.90000280598996 4.53706566680609 0 0 0 0 0 0 0 0 0 0 0 0 0 0 0 0 0
0.386064681381832 1.7701808826291 3.69775943960381 1.36695752524764 1.26555290010144 2.96088782396449 0 0 0 0 0 0 0 0 0 0 0 0 0 0 0 0 0 0 0
4.53728751732541 0.16872613891911 0.24158082716184 0.262840397085325 0 0 0 0 0 0 0 0 0 0 0 0 0 0 0 0 0 0 0 0 0
1.60384061283741 3.62370896726958 0 0 0 0 0 0 0 0 0 0 0 0 0 0 0 0 0 0 0 0 0 0 0
