0.0182039784787197 0 0 0 0 0 0 0 0 0 0 0 0 0 0 0 0 0 0 0 0 0 0 0 0
2.44293220327053 4.62852763021119 0 0 0 0 0 0 0 0 0 0 0 0 0 0 0 0 0 0 0 0 0 0 0
4.61598819162943 11.8328936738734 10.3518001781617 0 0 0 0 0 0 0 0 0 0 0 0 0 0 0 0 0 0 0 0 0 0
7.80760929431081 11.712190010494 6.20065248285195 6.80861724763533 0 0 0 0 0 0 0 0 0 0 0 0 0 0 0 0 0 0 0 0 0
6.14983084821831 3.58675319682152 4.93175493418204 7.86755035963383 2.72496373839033 0 0 0 0 0 0 0 0 0 0 0 0 0 0 0 0 0 0 0 0
4.59325616968652 8.29519550290027 12.4907520513611 7.93232732285078 8.98375519635596 9.07435642683444 0 0 0 0 0 0 0 0 0 0 0 0 0 0 0 0 0 0 0
4.35293033193934 8.70354669834177 6.44474087863661 9.14261345428985 0.824748599936766 0.0236300328837265 0.437610683409663 0 0 0 0 0 0 0 0 0 0 0 0 0 0 0 0 0 0
6.33421479170285 5.96255139521384 10.5921433525978 1.06789687688934 0.655195175071851 1.09103874607819 1.83576735592838 0.101252174602108 0 0 0 0 0 0 0 0 0 0 0 0 0 0 0 0 0
2.12121733583258 8.99617904419968 1.70878839946523 1.37734710552927 7.00940123626642 0.848374926000309 0.958122878092462 1.08321736065573 3.20736836801192 0 0 0 0 0 0 0 0 0 0 0 0 0 0 0 0
8.4259198555868 1.48926875067461 1.87340464139057 2.68160601517494 4.63615512333441 2.05807962753978 1.70476481826468 10.1357292322305 8.77682371418256 0.575655161289121 0 0 0 0 0 0 0 0 0 0 0 0 0 0 0
0.947707794956117 0.155504656061376 0.796423676202685 4.72374549122447 0.0360163200722576 1.84453424084539 4.97763171724472 9.21455197493441 0.420597771582781 4.42741303717495 8.05266829451942 0 0 0 0 0 0 0 0 0 0 0 0 0 0
2.44561752833321 2.58115344818 1.76521619669736 0.151399946388533 3.21402531036118 0.207687898703471 2.89929065500061 0.0161727557530691 3.11008265632862 3.61739619305932 0.26236076383678 7.24639932617633 0 0 0 0 0 0 0 0 0 0 0 0 0
3.91444156658665 2.81095459736438 0.152319312608501 0.69234255994888 3.60340294376994 2.92356757784288 0.0300156626522173 2.36812498680272 0.170356344537604 7.71581696946632 0.664528735963025 3.33129859922349 7.81219798438906 0 0 0 0 0 0 0 0 0 0 0 0
0.245499882441832 0.28737297978187 1.33215049985624 1.10223510762802 0.727677698308837 0.0242501015976713 0.468853791147415 1.02532476096365 0.182047059948939 1.31681674441138 1.25632939545599 2.01841698450806 0.408354030639368 0.536456195023318 0 0 0 0 0 0 0 0 0 0 0
1.01849928714662 0.863744437147236 3.53268584760808 1.3996506701812 0.490995398943819 1.08120844132357 1.46553514369275 5.72576124610368 3.9133393832423 0.394795971222514 2.70772436375559 10.4111130297646 1.93576346437608 4.18966409269969 0.504812341207292 0 0 0 0 0 0 0 0 0 0
0.491336261061348 0.0791452818443725 4.44363815712887 0.682484685624647 1.6783430701717 4.33922784468485 0.250083696818433 3.83204486661637 4.91655098609713 0.812982830930543 5.51899123202413 4.19194356512491 0.586551520132693 1.86978476056254 10.9547753652929 7.2751355344304 0 0 0 0 0 0 0 0 0
0.814518949514482 3.8337008551144 1.17822331828663 5.4655346252499 0.0443528332585269 2.13776467002011 0.8669559282911 0.608598237374417 0.554060111582989 0.120575116012435 0.0502002125768272 4.96622009137772 2.92003606221222 2.39566696448581 1.09080786516857 1.08265288807489 1.59818433834053 0 0 0 0 0 0 0 0
2.77257962344724 1.38138082935995 5.31448718308856 0.827235508891791 5.23313025965659 2.63907439674258 0.907428931300312 0.258922848472279 1.97425973891523 3.32824507797675 7.62221517247531 4.80127256482561 0.568904790356856 0.366354617885573 4.22326312116657 6.02281559431489 0 0 0 0 0 0 0 0 0
4.39081266211388 2.67710291394706 0.835700159353069 0.51040148885652 3.05131785486369 0.607929362039329 0.664558281370641 1.85371509695638 3.71986809143021 1.0298313669382 0.431388812267378 6.18975146821666 0.179451513850005 0.348111725343831 0 0 0 0 0 0 0 0 0 0 0
2.59631932528229 0.388334215296461 0.0309823832278429 0.26417943019545 4.2317734845954 1.95554479232856 0.734503787768773 1.36381526736584 3.26810596308993 2.08549318853802 1.45429215077967 1.76992473505675 0 0 0 0 0 0 0 0 0 0 0 0 0
0.417843394100062 3.05060676993196 0.00737542984024955 1.00272626946727 0.343191388562835 1.74731355969622 0.139002161131727 6.1618369968686 0.721685389745038 5.28898206023208 0 0 0 0 0 0 0 0 0 0 0 0 0 0 0
1.05747547206339 0.266757279728037 0.94548454427343 3.64809618832958 1.91939485562208 0.0960831382027267 3.05078350714498 2.49779686060603 0 0 0 0 0 0 0 0 0 0 0 0 0 0 0 0 0
0.908402508555576 1.65629337367825 0.131112558466157 0.656483522837644 0.780482445621306 11.0376558785063 0 0 0 0 0 0 0 0 0 0 0 0 0 0 0 0 0 0 0
7.37389881968692 2.41255323447555 0.659142949261556 0.00787713854205534 0 0 0 0 0 0 0 0 0 0 0 0 0 0 0 0 0 0 0 0 0
0.678643516223855 1.17427300474793 0 0 0 0 0 0 0 0 0 0 0 0 0 0 0 0 0 0 0 0 0 0 0
