0.113065749606281 0 0 0 0 0 0 0 0 0 0 0 0 0 0 0 0 0 0 0 0 0 0 0 0
6.05526473002968 9.59548483414026 0 0 0 0 0 0 0 0 0 0 0 0 0 0 0 0 0 0 0 0 0 0 0
2.14988433321502 0.10540057074513 8.77779260267863 0 0 0 0 0 0 0 0 0 0 0 0 0 0 0 0 0 0 0 0 0 0
1.89420443692015 1.02079225225853 2.92715268387179 9.51121585994326 0 0 0 0 0 0 0 0 0 0 0 0 0 0 0 0 0 0 0 0 0
2.91277156883805 3.69273015922306 1.31243941513976 2.78275246729426 2.76367721578064 0 0 0 0 0 0 0 0 0 0 0 0 0 0 0 0 0 0 0 0
7.2232708554612 14.4324599943162 14.9847562009723 8.81139064508954 1.31067680430591 5.84761899621186 0 0 0 0 0 0 0 0 0 0 0 0 0 0 0 0 0 0 0
6.18193874755376 15.1711576806849 14.5279111242018 6.14170824717156 1.00769754368153 0.326552193336128 6.44896212322173 0 0 0 0 0 0 0 0 0 0 0 0 0 0 0 0 0 0
5.80015946211728 17.1876452142627 10.7327117491448 4.62255159391479 2.12621348733408 3.8007040682841 7.7530503495083 7.34413908348054 0 0 0 0 0 0 0 0 0 0 0 0 0 0 0 0 0
4.73106006214497 7.83899834141376 3.32576980416326 2.11559803237027 0.461884821980974 3.51400192191004 3.63097020062347 4.4148390362106 1.3423731502738 0 0 0 0 0 0 0 0 0 0 0 0 0 0 0 0
5.35325896969759 9.47929332402775 0.753494426537969 0.847165541302131 1.3964503036212 6.7904437912295 7.78452796634812 3.75827791417815 3.3411337624297 0.259519618142827 0 0 0 0 0 0 0 0 0 0 0 0 0 0 0
1.56125988337968 2.83348453078592 6.85682381221001 0.914763549781845 4.37545643395806 7.61875863609764 1.72618187389187 1.31480983671097 2.49595259365662 0.210200304876468 1.84738533784009 0 0 0 0 0 0 0 0 0 0 0 0 0 0
1.49063342785842 1.65653105210017 0.991035078981375 2.69081729391641 0.0585339119504424 0.317608858796239 0.120281553409559 1.76382561979433 1.1879338739786 0.656916101705301 1.47515128251368 0.646797201311844 0 0 0 0 0 0 0 0 0 0 0 0 0
0.890233899191759 4.79392276845224 3.90328202169861 1.26182030371078 0.0462490858058794 0.452274377848744 2.22690455471513 0.0893566877617652 0.428191761398472 2.25094724547337 1.73444933750152 4.84996239355084 0.936434900925747 0 0 0 0 0 0 0 0 0 0 0 0
3.19749765290582 7.63636893305676 6.08139854137858 0.0418827553926955 2.33435373759324 0.547459924412874 0.342525534223246 0.950719106490014 4.28414666886672 0.0398262963434525 1.1656750578875 0.00157050462627556 1.50639033403356 0.217655649629276 0 0 0 0 0 0 0 0 0 0 0
5.15640489406092 10.4866385690478 2.3296918833601 3.06744014017123 2.28814942077873 0.469883947448186 0.506836207002372 2.31726656965815 0.0158168406822384 1.26441444564899 0.117973500590903 0.0445023998141829 2.85916875634111 2.39782108190198 1.11034855646811 0 0 0 0 0 0 0 0 0 0
1.62901795320055 2.81911958509814 1.11104483661244 2.56096239424311 0.519050916341601 1.07648938579472 1.58333974417143 0.242705168933322 2.64076614376709 0.181955878004361 2.3792337051017 1.50491098572947 0.503022873048626 0.115859562364348 0.502179827626298 2.75725287394167 0 0 0 0 0 0 0 0 0
1.85267428096907 2.10177460887812 0.448895127831982 1.90744302151344 1.3474424400429 0.645540310221086 0.33391426625759 4.80849323749027 0.29051422852723 0.49607876867092 1.05074449007233 0.336464476988518 0.209823137092532 4.11209566039469 1.45268259618082 1.08177756655999 2.27928083034813 0 0 0 0 0 0 0 0
0.358533636202034 0.942321200477634 2.20873474052914 0.547396781412017 0.643250671337704 0.525435383783731 1.64010905196888 0.342083469657157 0.843262560351521 0.936238446044497 4.2092482653519 4.42473322885019 0.629321391555104 0.0206873621878773 1.41832574285727 0.260070713545143 0 0 0 0 0 0 0 0 0
0.456550752267721 1.4526948548514 1.01476664990896 2.94980416643753 2.68437563945613 1.68030277375377 0.727402213891313 0.0693001641351799 1.34307310220993 0.855777441691947 0.265850868009406 1.66787906781053 2.31185806287273 0.0187602773263793 0 0 0 0 0 0 0 0 0 0 0
3.46416388354044 1.4034303277392 2.45559309114035 3.08812186121628 0.95883038841967 0.412095500048797 0.45017405572774 0.67374831754818 2.2515822101021 0.010072126965595 1.8852053505276 1.92266485737781 0 0 0 0 0 0 0 0 0 0 0 0 0
2.39469120571157 0.145853569639679 0.787856635887656 1.04609381437441 0.415313613913954 0.575382783648597 0.120990339330905 4.34306914354835 0.504126765533096 0.840368955020342 0 0 0 0 0 0 0 0 0 0 0 0 0 0 0
0.981354918295629 1.01889367181801 2.07980871058411 2.07012632706971 2.97097767553828 0.768098853921592 1.47184498419592 0.612354669221243 0 0 0 0 0 0 0 0 0 0 0 0 0 0 0 0 0
2.99126259714867 0.883625881121799 1.03987672721568 1.46009414147034 3.43160144916141 15.0640928160445 0 0 0 0 0 0 0 0 0 0 0 0 0 0 0 0 0 0 0
4.87355402754681 2.61777455692656 0.355893762360851 6.94816638624979 0 0 0 0 0 0 0 0 0 0 0 0 0 0 0 0 0 0 0 0 0
0.0919481274284929 1.02799259523488 0 0 0 0 0 0 0 0 0 0 0 0 0 0 0 0 0 0 0 0 0 0 0
