0.342122240531258 0 0 0 0 0 0 0 0 0 0 0 0 0 0 0 0 0 0 0 0 0 0 0 0
3.9204937553383 8.41781473780781 0 0 0 0 0 0 0 0 0 0 0 0 0 0 0 0 0 0 0 0 0 0 0
4.97701019329956 7.39243211223993 0.722240105952249 0 0 0 0 0 0 0 0 0 0 0 0 0 0 0 0 0 0 0 0 0 0
3.20414790228922 0.761208990549362 6.70889128749645 5.94630784921409 0 0 0 0 0 0 0 0 0 0 0 0 0 0 0 0 0 0 0 0 0
1.60927963396633 0.845630455175463 1.52872809093326 3.67599173166116 2.6872185832859 0 0 0 0 0 0 0 0 0 0 0 0 0 0 0 0 0 0 0 0
5.42906890507659 1.18489061459992 7.40021861958291 9.86644503724122 3.38404830389956 8.82078340345926 0 0 0 0 0 0 0 0 0 0 0 0 0 0 0 0 0 0 0
0.224846812760603 0.0303140613392261 1.61464527271519 5.67026126180726 1.87170072625429 10.2954585385253 2.44153306418442 0 0 0 0 0 0 0 0 0 0 0 0 0 0 0 0 0 0
0.821332108251618 4.26250796531805 3.93051902141656 10.4310547392349 5.4056922977257 5.96051644286137 5.74590048865651 2.99848540525497 0 0 0 0 0 0 0 0 0 0 0 0 0 0 0 0 0
0.345284197492927 1.89594580788295 9.43677697753683 18.6504602064862 2.82741140288389 10.7494594974338 10.1500159618424 6.48187846385704 5.58969580192333 0 0 0 0 0 0 0 0 0 0 0 0 0 0 0 0
1.34115977731642 1.01040249098689 6.37111641026502 10.3140656324755 4.99018625522931 9.20085627526215 3.70927133336423 5.14376599738449 1.18143651809786 0.0821372743846575 0 0 0 0 0 0 0 0 0 0 0 0 0 0 0
2.845383157792 4.61405483096251 10.2341349413159 12.2501843043041 3.93672266494333 7.50252970345929 4.33815947710965 7.36862934750045 5.98806575423693 5.79709175062836 5.2282610015025 0 0 0 0 0 0 0 0 0 0 0 0 0 0
6.92609812958479 3.31718516252288 16.452190948838 23.9295282294188 5.59301752276523 15.8079010239642 4.80752490639811 5.80822633428045 19.1123740489192 3.61321834581486 3.48399176947767 8.25922213572808 0 0 0 0 0 0 0 0 0 0 0 0 0
2.23078657904067 4.33383744851314 8.92634758904527 10.1327845496278 2.42152687248644 5.38369422798051 2.40552806481917 8.89590126824652 0.737874033890971 1.17386980621435 1.69292832848679 10.8069217227803 0.130517633216061 0 0 0 0 0 0 0 0 0 0 0 0
5.35850813306022 4.03923013493236 11.4839375678224 19.8253876672777 1.36525823142792 8.95894610556097 9.27829099007691 3.9641370128659 2.89476696939251 2.52908750280935 5.69075824519084 0.0234877035649686 8.57769972761739 6.21312139114498 0 0 0 0 0 0 0 0 0 0 0
4.96174076217148 4.12733493778319 8.66418318281378 7.335214520728 1.03055834233157 15.8494068962955 1.55978652548797 0.0455461199223802 2.39373146251005 5.30995309943508 0.436652871254606 18.2835030490684 1.38564933846386 4.41997896652825 0.955976659330699 0 0 0 0 0 0 0 0 0 0
4.01805857805888 1.59842434603163 8.43065932122178 6.45246679578907 6.64899752000382 2.90567857578701 0.524596589662299 2.93085428665977 14.1983783964069 1.07407941913088 13.3372383014627 9.58091611212406 2.97363926535931 2.41237890452652 17.6717225999121 7.10044434390665 0 0 0 0 0 0 0 0 0
4.68088774167934 3.8976709190915 4.81917643988441 18.5437438043081 0.0461418768651835 3.90805986156794 2.78183838270449 11.6177021188956 0.782249222114342 10.2899725736046 2.96315308807439 3.6273252206723 1.63716613403474 20.7923834108232 3.72381965826027 4.69779212093396 6.50434083255277 0 0 0 0 0 0 0 0
0.650649877132615 2.7424662590596 11.2135563131811 4.58850839897307 1.10886870650254 4.62814826998552 10.4608684655793 0.307564193431259 4.85498243917343 4.13158307887632 1.38390071859806 3.6753748218125 10.7713044911317 10.0744643944186 5.89913604633183 5.10822321775586 0 0 0 0 0 0 0 0 0
0.22006904018616 1.98709001126887 1.18177523608974 5.79364328655218 0.219341750372648 5.44974842740992 2.7973289669707 1.8033810592692 0.628581893700165 7.90332321303738 1.20832311946896 7.14830008194785 4.50017241630054 1.32030528212419 0 0 0 0 0 0 0 0 0 0 0
6.52617780189328 3.0667986663836 5.36000025525606 5.83035810931322 9.07043444636206 0.381346930175296 4.57674920686734 1.71834501420353 4.16456814769378 3.44406746009709 7.11624311600394 4.48363190250769 0 0 0 0 0 0 0 0 0 0 0 0 0
0.38211052683711 1.00798718547865 0.577029363351788 14.8663793250219 1.77330231427031 2.31671587172918 4.37760140680919 4.69770000729073 5.92191484303552 6.44604265538189 0 0 0 0 0 0 0 0 0 0 0 0 0 0 0
2.12524879591477 0.721051372455134 7.4517172557556 1.42547662028819 1.40210000878676 2.61524286289343 5.69654597503338 7.64439531447207 0 0 0 0 0 0 0 0 0 0 0 0 0 0 0 0 0
0.180418114694216 0.803033890892987 0.87554079872784 3.51559624171484 1.84289581520322 9.38083928840225 0 0 0 0 0 0 0 0 0 0 0 0 0 0 0 0 0 0 0
4.09963386768672 0.497746485448887 8.37621867622779 2.08940742419905 0 0 0 0 0 0 0 0 0 0 0 0 0 0 0 0 0 0 0 0 0
0.42822848013963 2.66409307223638 0 0 0 0 0 0 0 0 0 0 0 0 0 0 0 0 0 0 0 0 0 0 0
