0.362344539647701 0 0 0 0 0 0 0 0 0 0 0 0 0 0 0 0 0 0 0 0 0 0 0 0
1.61987773128772 1.38467171834729 0 0 0 0 0 0 0 0 0 0 0 0 0 0 0 0 0 0 0 0 0 0 0
0.838440299339247 1.20969190179641 0.701587112571759 0 0 0 0 0 0 0 0 0 0 0 0 0 0 0 0 0 0 0 0 0 0
0.836263485895265 0.0402756847995177 2.56408630442248 1.46748139774263 0 0 0 0 0 0 0 0 0 0 0 0 0 0 0 0 0 0 0 0 0
0.660615720497376 5.9978259066261 0.8051745569296 2.73734245103615 1.07926494875751 0 0 0 0 0 0 0 0 0 0 0 0 0 0 0 0 0 0 0 0
0.32725127643611 0.775423076754252 0.059829898757713 3.40264872614376 0.786212770555231 1.05150695054002 0 0 0 0 0 0 0 0 0 0 0 0 0 0 0 0 0 0 0
0.925506732554427 3.37669438936904 0.916495249029514 1.73005450240507 0.183690928306679 0.43477801640335 0.758957776083573 0 0 0 0 0 0 0 0 0 0 0 0 0 0 0 0 0 0
1.8579015363058 3.57594832419498 1.18579413039308 1.61028863588113 1.19300727878198 5.36168511397287 1.46346839837501 5.06059533342192 0 0 0 0 0 0 0 0 0 0 0 0 0 0 0 0 0
3.0240645626402 5.11653854901195 1.7658170852807 3.69015638967673 1.63629510143826 3.08526194976674 0.260919726881041 0.0637276159291141 4.35580074037244 0 0 0 0 0 0 0 0 0 0 0 0 0 0 0 0
0.606679454723215 3.00493576758214 6.19092521611712 2.50338123039758 6.00289842798093 1.39332863022088 0.446976074009098 0.439153708359016 0.679744075771765 0.715112803381352 0 0 0 0 0 0 0 0 0 0 0 0 0 0 0
1.76855044340632 2.53934600236702 1.32177670638064 0.97746015769376 1.90161737886289 4.98967630567054 1.45972535264846 0.0127644449008333 4.57479527387382 5.30183368206183 1.04905723731092 0 0 0 0 0 0 0 0 0 0 0 0 0 0
1.17015773835315 0.893964581703348 0.875726372282912 7.03436367692309 1.89465097810441 1.24687092072331 0.246524554493582 1.15160995623578 1.23520705394 0.766809808153709 7.4257223468926 3.15402525170774 0 0 0 0 0 0 0 0 0 0 0 0 0
0.203535916120433 3.0056503625335 4.74457310258704 0.812218683878389 2.28864257041258 0.906356022673912 1.20517483256704 1.2811888551024 2.78363269976111 0.374589487797124 0.650434869089065 1.79020052444174 3.90437744425651 0 0 0 0 0 0 0 0 0 0 0 0
0.309822348635028 5.72427347389871 1.5062393938048 4.05866462028162 2.48679803772432 3.34924656639033 0.074331846939867 5.11189839283446 0.189297162280444 3.9790041429114 3.94518979507214 3.23899155538931 5.27892891837908 1.6650697155212 0 0 0 0 0 0 0 0 0 0 0
5.00567071187575 7.35831481541109 2.99519932863679 4.94216752723292 1.32693778954062 3.24178629754205 2.38674875790338 0.344909129720351 0.976734064905669 6.79161099525654 0.850387308658169 3.27375902490711 2.3244589993609 1.06825875877169 3.95279466196088 0 0 0 0 0 0 0 0 0 0
1.66633655397006 2.5521834055222 1.72688839551181 4.78316587181922 1.7835381040203 1.20571397139314 0.515935241590327 0.118086259519075 4.49443562545119 1.84942710976117 0.159481299104894 0.0925092849564224 0.0633697527075287 3.49999785546177 0.316511774098019 0.114696496636508 0 0 0 0 0 0 0 0 0
1.06518358360533 4.795441419161 0.928149751970384 11.1440755832245 1.28894518069047 6.28708839148285 1.44163279366101 0.188806404918797 0.0525435467753132 3.21458232644155 9.99475862003745 2.18497036387683 0.403026688380744 0.467739848574865 1.70191817154676 0.712417027926606 0.196763805669649 0 0 0 0 0 0 0 0
1.72259472910902 3.81988298303326 0.133088942586434 2.69774404167377 0.740536924999284 1.91905436405799 0.102480925571367 2.58487392102662 2.76707128266809 2.0075210289598 3.75154589562283 1.84953041874093 1.31639911337979 2.76915409821011 1.19954622670218 6.51358042421101 0 0 0 0 0 0 0 0 0
0.502841802638345 6.7236409848858 3.95381371037946 2.12793500827779 3.26703244470392 1.46942968710634 2.20568697672428 4.18182831002778 0.202255972262591 0.979991221612324 0.207762671211434 1.12580124340733 4.40072014961138 0.146948140728545 0 0 0 0 0 0 0 0 0 0 0
2.43814874895173 0.435184619469343 1.02552729375633 1.40999811779576 3.55051322565114 5.78776774615515 2.54407149170066 0.417810563646484 6.99337305981056 1.45885033609865 8.70963570741804 1.20365537811597 0 0 0 0 0 0 0 0 0 0 0 0 0
4.17251213219043 2.16668830901861 0.853839758018004 4.4032619891106 0.799293247395348 4.06441279758868 4.36923914407042 2.60185301646152 5.50800122343647 1.29726725947432 0 0 0 0 0 0 0 0 0 0 0 0 0 0 0
2.75879449935087 1.527603598614 4.16275230951665 0.764036861977163 1.62235087883656 3.85941761290519 1.77684369636633 3.95698718145091 0 0 0 0 0 0 0 0 0 0 0 0 0 0 0 0 0
2.3982034120488 4.46117270732074 0.301661681991766 2.9315685548716 1.38451736577044 1.79249486872989 0 0 0 0 0 0 0 0 0 0 0 0 0 0 0 0 0 0 0
1.08741113852077 0.950655494601476 3.6691558464394 16.7765757267332 0 0 0 0 0 0 0 0 0 0 0 0 0 0 0 0 0 0 0 0 0
0.808621148041882 0.496284815428108 0 0 0 0 0 0 0 0 0 0 0 0 0 0 0 0 0 0 0 0 0 0 0
