0.436709880184328 0 0 0 0 0 0 0 0 0 0 0 0 0 0 0 0 0 0 0 0 0 0 0 0
1.1278205001625 0.150975644405851 0 0 0 0 0 0 0 0 0 0 0 0 0 0 0 0 0 0 0 0 0 0 0
4.46073510278855 3.73722481765209 1.41539844610398 0 0 0 0 0 0 0 0 0 0 0 0 0 0 0 0 0 0 0 0 0 0
6.88489774917063 9.89200138424545 1.29462327075746 2.30641591489414 0 0 0 0 0 0 0 0 0 0 0 0 0 0 0 0 0 0 0 0 0
1.85444443801019 7.21803497637791 5.2057590410575 2.59634543267049 0.205240458904599 0 0 0 0 0 0 0 0 0 0 0 0 0 0 0 0 0 0 0 0
2.73915326673958 2.31931526530659 2.42628058211123 2.29709338942129 2.1767908648417 2.98155658525924 0 0 0 0 0 0 0 0 0 0 0 0 0 0 0 0 0 0 0
0.496980070443847 0.0873961205669082 4.68579097364981 0.778167264503798 0.147646836310437 0.471465396259835 1.89686049442314 0 0 0 0 0 0 0 0 0 0 0 0 0 0 0 0 0 0
2.87955067069865 2.56389331421313 0.144573511323858 8.8517515300442 0.575817125726354 2.84603351450725 0.704018369336394 5.51790697906235 0 0 0 0 0 0 0 0 0 0 0 0 0 0 0 0 0
1.47538918137854 8.19302178555554 1.87744772485171 2.76747291687454 0.939437852194656 7.93036792968444 1.44364064501248 5.9378779558592 2.98722072538372 0 0 0 0 0 0 0 0 0 0 0 0 0 0 0 0
2.43604563442105 4.57004354038021 0.137153536108025 4.36973685798122 4.8645970040697 5.54062750628995 1.98372607745094 1.30087753928339 5.04229164266408 0.385551681611909 0 0 0 0 0 0 0 0 0 0 0 0 0 0 0
2.32586636481977 1.16566892637694 0.233181212891933 3.66830659669458 0.198925106496304 5.1526475656046 0.249397494256134 4.22738466813448 0.577368257820988 1.90105652357364 1.62188288236506 0 0 0 0 0 0 0 0 0 0 0 0 0 0
1.13642606682528 3.79263916192972 0.27473020315177 4.91273176208959 2.27259769418419 4.55909288173286 0.69404245919433 8.92811022056071 3.69156516773331 0.382170504587891 2.70852983465594 3.66726158842981 0 0 0 0 0 0 0 0 0 0 0 0 0
2.99218300625954 6.25684190476399 0.319990470706353 3.9120293527914 0.58386151012623 1.54898070537532 0.303873793695157 3.30048147053612 4.73053392315565 1.23987795774513 1.71148248274809 19.1198565734852 2.00890037980919 0 0 0 0 0 0 0 0 0 0 0 0
7.46674930906881 5.6555145327143 1.05187144609889 5.39054270544516 0.67191410477199 5.30043419279252 0.376627009759285 3.62196894038872 2.91519015455279 1.30558311779884 7.66664858782915 5.65691139937581 8.75991657059009 3.32889471781482 0 0 0 0 0 0 0 0 0 0 0
0.324424928642205 4.45686880360104 0.363335348218414 6.12523465895635 2.9318319688839 2.40873582137155 1.54360791354841 5.06064492888767 2.89880342364529 2.04158422090699 1.43563339303019 11.7206070467507 3.91237519158398 3.82196735349476 3.62142657016753 0 0 0 0 0 0 0 0 0 0
1.6175541113306 6.68272625184696 0.169488630873449 5.56083820505681 0.0860043730248812 8.8220840699415 0.100065574049301 2.82308971382449 7.60862300251307 1.66012553646784 3.29859130789648 3.83911133305017 4.44327480889969 4.21974257007686 1.71268637879362 4.25320671591683 0 0 0 0 0 0 0 0 0
0.955173329152482 2.91715770185003 0.755211832573921 4.21538642752136 1.88975025016713 1.26632290211422 1.11535691555856 2.08502670894554 0.964425241392885 1.5967011352221 0.322695806887841 1.67577824223586 0.0562996462351726 0.281450372528111 0.715474240231556 4.36124606775138 2.20930500910285 0 0 0 0 0 0 0 0
0.681375506964201 7.02252348427324 0.89018726535504 4.46563079122561 3.68091644008389 0.950803282868286 1.04772101705692 5.90630209340491 7.46830603294191 1.56886524817481 6.63288521188842 9.69468496104371 2.31427787335865 8.95464951451713 2.46142976305917 3.86397787435939 0 0 0 0 0 0 0 0 0
0.379251628148553 3.22136775897313 0.968618066215955 2.6704094190242 2.59657222182444 2.66222338654126 1.05216147360994 10.6247461748819 0.503120575492641 0.681433396259782 0.436577758943211 0.629365145719603 7.03806097160791 2.47160345334177 0 0 0 0 0 0 0 0 0 0 0
1.09336408111634 2.16598795500123 0.0504590537005683 1.97076240439503 0.457777666986668 3.76427157169286 0.287937147343011 4.41177170686981 4.35056631242338 2.49031928188186 1.02085480734242 5.023122247852 0 0 0 0 0 0 0 0 0 0 0 0 0
4.0412937552455 0.595496626042699 0.0546542900837493 2.19763455819921 1.56081547647341 6.35232593778172 2.49433610836087 1.59429998864388 4.38007040742126 0.348510988812301 0 0 0 0 0 0 0 0 0 0 0 0 0 0 0
2.36073305796222 2.73740067690983 3.09825197350574 1.0415750296859 1.24333033540144 2.06337534701567 0.0169072052278804 2.77832376653759 0 0 0 0 0 0 0 0 0 0 0 0 0 0 0 0 0
0.179193915658786 6.41603866165348 1.31910455132742 2.2006394308412 3.37639321241317 0.594788695102278 0 0 0 0 0 0 0 0 0 0 0 0 0 0 0 0 0 0 0
0.562242224091458 0.838064987628936 1.70713704969795 0.0947649405279713 0 0 0 0 0 0 0 0 0 0 0 0 0 0 0 0 0 0 0 0 0
3.50109378196052 11.9710473110758 0 0 0 0 0 0 0 0 0 0 0 0 0 0 0 0 0 0 0 0 0 0 0
