0.342117573224472 0 0 0 0 0 0 0 0 0 0 0 0 0 0 0 0 0 0 0 0 0 0 0 0
3.08874027039118 12.2016037472206 0 0 0 0 0 0 0 0 0 0 0 0 0 0 0 0 0 0 0 0 0 0 0
0.572347197284691 2.49851831035718 7.08684268230221 0 0 0 0 0 0 0 0 0 0 0 0 0 0 0 0 0 0 0 0 0 0
4.12781833813801 4.46408508709251 0.119833267602196 3.54087290267251 0 0 0 0 0 0 0 0 0 0 0 0 0 0 0 0 0 0 0 0 0
2.56353252297664 3.78848811386413 2.77759890730375 1.66521905015021 1.87875924708587 0 0 0 0 0 0 0 0 0 0 0 0 0 0 0 0 0 0 0 0
3.22136809405436 7.4036416942867 0.557013254546473 1.00890316257565 0.451747585467554 1.49472784114518 0 0 0 0 0 0 0 0 0 0 0 0 0 0 0 0 0 0 0
1.6349808931931 1.60325926160111 3.13126962558793 0.0358823191134276 3.6060417643879 0.51581072113186 4.16431987094522 0 0 0 0 0 0 0 0 0 0 0 0 0 0 0 0 0 0
1.93372469864276 9.56066671463433 6.89069650156298 2.98807871724119 2.48939484114217 3.10535661654859 6.10417463270895 0.758172126022107 0 0 0 0 0 0 0 0 0 0 0 0 0 0 0 0 0
1.23835287036417 4.81985560094923 2.22849295481806 0.0109466393782036 2.73813121375338 5.54371873778232 2.70111447491792 2.79676560191582 0.61452680115602 0 0 0 0 0 0 0 0 0 0 0 0 0 0 0 0
0.146810698221059 5.41200519514529 6.59795939749555 0.208044652137547 1.58722201586525 2.64089864260896 2.8378607895379 0.821828423091857 1.98530926162879 0.148936295692187 0 0 0 0 0 0 0 0 0 0 0 0 0 0 0
0.0794367948675089 2.786910144852 0.0587567073489773 2.44029254597363 0.671930363506344 1.01393035521084 0.0617781442860601 1.29800333351015 1.47102696200062 0.516418753941607 1.60397646459997 0 0 0 0 0 0 0 0 0 0 0 0 0 0
0.220327509415136 0.691222315893331 2.08580468769454 0.0505236008609833 0.468870661974414 0.967980991570589 2.3355861178794 1.69914651198962 0.0776170463447776 0.925985827435714 5.13769537995244 0.192308850547095 0 0 0 0 0 0 0 0 0 0 0 0 0
0.270917964577091 3.23678051275157 5.07945476100843 0.725926149458945 0.246668266063681 0.289188543024684 1.09276034487208 2.41202441711158 1.27350636276809 0.630923555114656 8.35740483539746 2.04455446525733 2.68667529688011 0 0 0 0 0 0 0 0 0 0 0 0
1.37180887961291 8.25227705274899 6.03324006518304 1.06877771305946 0.39695128823549 1.88459995428694 0.807114750209426 1.36168706781033 0.918808827323913 10.575605489075 2.65368207204096 2.40402013484643 0.306742690196284 1.51971393644776 0 0 0 0 0 0 0 0 0 0 0
0.347077266812626 3.27532295036982 0.288314810838411 0.650892524060193 2.50763441904339 0.728527182757891 2.33592896879285 3.18373244525049 2.49253482285458 4.26438855833003 2.20966816841437 2.60937423455719 0.173568016561948 0.441729082295204 2.63206845336853 0 0 0 0 0 0 0 0 0 0
0.137214822272409 4.33151700264535 1.87885343005784 1.30645042673216 1.53687317788208 0.975602614396333 2.23506178101953 3.82551199202173 1.13824158948306 1.19403985897413 2.12416090779751 2.83472825699542 1.3708183366166 1.17376946595233 2.15958562062125 0.921340934068078 0 0 0 0 0 0 0 0 0
0.370721482362861 0.359255009335058 1.29657361284641 0.410642123429055 1.0314321719818 0.613768776590639 2.80235925636488 3.0265981259272 3.85496260508624 0.743818643046564 7.89804372021234 0.797947303272377 2.61176658643273 0.0641185236711767 1.6433700128201 4.58434333991033 1.02424758628942 0 0 0 0 0 0 0 0
1.65188404789134 2.40894911581585 1.16424100778138 1.52019865516262 2.38946256019781 7.12825261512751 0.20356448435982 3.38870159591895 2.3803435492385 1.21399095477992 0.505519698767882 1.40070293474545 1.77745093118363 3.59317169522901 1.08122987787559 0.0503294465695688 0 0 0 0 0 0 0 0 0
1.15779844233802 1.88061101130812 1.81501787223242 0.791397105626764 4.22575324804361 0.289937403946263 6.36819581498036 1.49566679582601 6.9020248442129 0.493091593620294 4.86661117897622 2.45115334011777 1.10472404833194 7.95121022425135 0 0 0 0 0 0 0 0 0 0 0
1.26123423947314 4.94654633772543 1.71120397821811 2.83548348332616 1.48742478146029 0.638249156738277 0.396616377316456 0.598367626318151 0.629616110078103 1.75550232536885 1.13468819030283 0.923347747695034 0 0 0 0 0 0 0 0 0 0 0 0 0
0.79239794530902 0.661054770217077 1.28893478870269 1.06330821394183 1.12156939223166 0.0601425897018741 0.125921971316219 1.43853954583085 0.434920019590691 0.702421489969529 0 0 0 0 0 0 0 0 0 0 0 0 0 0 0
1.01058361623757 0.497667122955499 1.23610872154363 1.71717039868912 0.346424944337903 2.99528694224307 2.23540982611606 1.22208158939424 0 0 0 0 0 0 0 0 0 0 0 0 0 0 0 0 0
1.57022182332177 0.374643883747889 1.09439317798162 0.13533321976594 2.78188526165629 6.56418603609392 0 0 0 0 0 0 0 0 0 0 0 0 0 0 0 0 0 0 0
0.211503997715452 5.57739726215237 5.17259090336197 5.33553840798544 0 0 0 0 0 0 0 0 0 0 0 0 0 0 0 0 0 0 0 0 0
0.341978163064473 19.6641906690577 0 0 0 0 0 0 0 0 0 0 0 0 0 0 0 0 0 0 0 0 0 0 0
