0.00432802757270252 0 0 0 0 0 0 0 0 0 0 0 0 0 0 0 0 0 0 0 0 0 0 0 0
4.18062691433541 7.64198503619547 0 0 0 0 0 0 0 0 0 0 0 0 0 0 0 0 0 0 0 0 0 0 0
1.32453084429893 0.509496199724461 2.11860291527131 0 0 0 0 0 0 0 0 0 0 0 0 0 0 0 0 0 0 0 0 0 0
1.44202180002116 1.33427661042322 8.50304024532768 0.663457000866692 0 0 0 0 0 0 0 0 0 0 0 0 0 0 0 0 0 0 0 0 0
5.33402089952635 15.2559377134474 11.764609784132 6.43021013449726 7.62704793127014 0 0 0 0 0 0 0 0 0 0 0 0 0 0 0 0 0 0 0 0
4.44819228161048 13.906832457558 4.09574867813105 7.6786054859019 5.10088254957431 0.672751897515422 0 0 0 0 0 0 0 0 0 0 0 0 0 0 0 0 0 0 0
9.3924683009011 3.4039124809458 5.9580487604813 0.787523682201582 2.97699547330876 2.28652636270309 1.33201032373784 0 0 0 0 0 0 0 0 0 0 0 0 0 0 0 0 0 0
0.535733247756135 6.32796556298852 3.6534079227436 0.399634621888191 3.99545342575988 2.80589224119311 0.386183470028709 0.37763513438791 0 0 0 0 0 0 0 0 0 0 0 0 0 0 0 0 0
1.14129861807419 2.12841028271758 0.257501345697187 0.380188060766846 2.26617221208129 0.964483769359816 1.68393227234546 1.41767823520157 0.53441065063271 0 0 0 0 0 0 0 0 0 0 0 0 0 0 0 0
1.8804143808307 3.79755480654175 2.18548160243036 4.64122885207187 1.42023681843484 1.40722998761338 1.0070154146224 0.155734453575776 1.40542160451633 0.146028749032923 0 0 0 0 0 0 0 0 0 0 0 0 0 0 0
0.17054348917365 4.83364624620934 2.35702833237343 2.3549418163255 0.715293429686424 1.83965500046907 0.240445689648284 2.18800221925324 1.02446945662461 1.83159401862845 2.13573619026926 0 0 0 0 0 0 0 0 0 0 0 0 0 0
3.19078473083623 0.358445002569419 0.426036313741291 0.175977446700049 1.80553189791463 0.361937659937098 4.00264653239578 0.0282508083444821 0.684820979301393 2.4038154858623 0.607324205695519 2.34987193373106 0 0 0 0 0 0 0 0 0 0 0 0 0
1.25735191442335 0.362314717486014 0.543079348798944 0.0562613240410935 0.200422203621152 1.38414212906271 5.83076603677886 0.0755052192008609 2.29107506893537 0.150508905214428 0.121396099735829 1.72983941806813 8.09007757005423 0 0 0 0 0 0 0 0 0 0 0 0
0.139513881336948 0.900427748747645 0.0725580790923617 2.3759153371494 1.77006606990989 1.88622568362117 0.340569340758863 0.880572987318283 2.76529596429481 0.174779715776723 1.84752376154277 0.79658798254726 2.91071616586935 0.235869765161925 0 0 0 0 0 0 0 0 0 0 0
3.47476107303242 2.28564391095697 0.541311865691543 0.388971270874964 2.07448890949575 1.62963140471651 7.10338844901102 0.00871772839436843 0.650282973223984 2.77042664865334 1.44261244820133 2.48984767120987 3.96026520864142 0.30451886958867 3.90383254395942 0 0 0 0 0 0 0 0 0 0
0.131403488584954 0.802482627307538 0.350552896255008 7.56545758118552 0.423010090681268 0.666710775804533 1.2658727170406 0.838227938136701 1.55494549145363 0.400867634150489 2.32534670129218 2.00939453334318 2.62869466998207 3.79601504205921 0.373802717813715 1.60141561356285 0 0 0 0 0 0 0 0 0
1.16489268546872 0.404119282445721 0.204714021287001 0.0139166853123511 3.17976027151511 0.286535181747923 5.37640956054833 0.0323508496270781 6.29296585831316 2.4652168492962 4.02443977879099 1.40742442790158 10.3419268836825 0.157275259609688 13.0403435328691 1.03248242391311 3.13375548970845 0 0 0 0 0 0 0 0
0.149139651912229 0.137604453279647 0.0335329703544445 1.24737153858385 0.115624205568685 2.17933832169777 2.15159921012178 0.111039029639791 0.0523125874829316 2.19706328125549 0.357135460683753 2.00931385074258 1.35332595517073 2.01469184532511 0.366427985581878 4.56362738526926 0 0 0 0 0 0 0 0 0
2.41274447804007 0.703395611401011 1.55084094999321 1.18260766623931 2.59106425582159 2.39976155856507 7.63395767886632 0.264692181093846 2.20003784106562 0.565586744386232 1.02311854547694 0.063958336062354 9.32340021005066 0.300552737490413 0 0 0 0 0 0 0 0 0 0 0
0.731421275268521 0.65761438721804 0.758904629204267 0.325076801679261 2.67004419032195 0.0890713622304388 3.90539413794863 3.75104507196537 0.43926436831138 0.564584593640556 3.62790757973996 2.41312997944695 0 0 0 0 0 0 0 0 0 0 0 0 0
3.94009109567572 0.0917085220582722 0.129175282723758 1.09796607322772 0.421900651760286 1.69556750644988 0.687115754809194 2.52602908815638 2.13646618756561 2.52789641345629 0 0 0 0 0 0 0 0 0 0 0 0 0 0 0
0.0813898182070665 1.09316781028025 1.16857745918147 0.758829500493814 1.9585459738376 0.863020209853998 0.322079722117641 0.692853090078247 0 0 0 0 0 0 0 0 0 0 0 0 0 0 0 0 0
1.79879122334394 1.6709459032689 0.0748643267562171 1.37391477126949 0.521854969162681 1.28940680356729 0 0 0 0 0 0 0 0 0 0 0 0 0 0 0 0 0 0 0
1.95380106318276 0.525609913954292 1.76558801487151 1.64880025399466 0 0 0 0 0 0 0 0 0 0 0 0 0 0 0 0 0 0 0 0 0
2.11432203921457 0.421587989005462 0 0 0 0 0 0 0 0 0 0 0 0 0 0 0 0 0 0 0 0 0 0 0
