0.285444161628075 0 0 0 0 0 0 0 0 0 0 0 0 0 0 0 0 0 0 0 0 0 0 0 0
0.701841864568356 13.0676775191162 0 0 0 0 0 0 0 0 0 0 0 0 0 0 0 0 0 0 0 0 0 0 0
1.7989556660627 11.7247575454356 12.4207424384819 0 0 0 0 0 0 0 0 0 0 0 0 0 0 0 0 0 0 0 0 0 0
3.79197353826641 7.99098197169526 0.291675580605458 3.32023524886739 0 0 0 0 0 0 0 0 0 0 0 0 0 0 0 0 0 0 0 0 0
7.19528673015692 0.122178159317853 1.59619621140485 2.51597104206894 6.93209884275313 0 0 0 0 0 0 0 0 0 0 0 0 0 0 0 0 0 0 0 0
0.00265844041046896 7.85323095372365 1.92522148551563 0.58725692812028 2.66767177163828 5.98315423555207 0 0 0 0 0 0 0 0 0 0 0 0 0 0 0 0 0 0 0
2.74703694325649 10.5111206586836 3.58659434024992 1.04270271915748 0.256867351807494 2.36087013307479 3.96285201424547 0 0 0 0 0 0 0 0 0 0 0 0 0 0 0 0 0 0
2.18714643056967 9.66000990491564 2.51876960122936 0.225746235006435 1.60052382199707 0.696638573857212 1.43014981521305 1.1736298458116 0 0 0 0 0 0 0 0 0 0 0 0 0 0 0 0 0
4.44986316712635 3.20468254080672 0.819781669640862 0.201665070774781 0.213315390125728 0.447078883918669 0.794623173027671 1.78853516790933 2.06272972333541 0 0 0 0 0 0 0 0 0 0 0 0 0 0 0 0
3.77471981127229 5.72035381224886 0.749143463633101 1.66252809143454 6.92655034551416 2.56285122388462 5.17428679365005 2.58379125898855 4.33859000028567 0.258530809024679 0 0 0 0 0 0 0 0 0 0 0 0 0 0 0
4.32124730304283 2.05503137723163 2.51667480444512 2.84399534062714 0.907296800704571 2.15722200393396 3.35553219958646 1.37526749018907 6.09892966061429 1.06547118074854 0.260123148908888 0 0 0 0 0 0 0 0 0 0 0 0 0 0
1.68097251473338 2.16782379519602 6.27531039914931 0.212607567325262 2.44400455239475 1.05190758418293 2.38161691956975 4.34401792530791 1.00904919201214 3.83117602081772 1.44326639934843 1.36341243418654 0 0 0 0 0 0 0 0 0 0 0 0 0
0.451156202558383 7.61113288064813 0.666414841770366 0.55358752389661 0.0186322429219516 1.61985650803333 0.355989494447098 0.571427634889715 3.91678252661915 0.167655725131634 1.63653074144926 0.155948610243233 0.42577870905231 0 0 0 0 0 0 0 0 0 0 0 0
0.634341445714944 1.53455312758226 0.10041671506936 1.79952584511204 2.5450682531248 4.77063901767861 0.495422113559441 1.3140947474794 2.34880803766195 0.874140473904417 0.412305702041134 5.60908764458787 1.23749794891423 0.442950268228587 0 0 0 0 0 0 0 0 0 0 0
0.0832585135422623 1.53879319999295 0.0304210732919372 1.37425701796218 2.17730742843286 1.26373456942368 7.98292151068408 2.22772612960067 0.65495729635472 0.471040012257367 0.163394642708073 1.42527034978972 0.0184219319267691 1.1493034855445 5.37352462087864 0 0 0 0 0 0 0 0 0 0
1.36912451017382 5.30696267114418 3.30176899661328 0.574107575231676 0.268856426368333 0.688533146227882 0.143915899425416 4.78215144422362 1.29065272932617 6.32871830205044 1.3383329455873 0.00135404444151914 0.423211236613889 2.09048776437963 1.04593172840186 1.77569633961756 0 0 0 0 0 0 0 0 0
2.76693129246794 5.08529588122067 0.446395621853309 0.146837374444538 1.03938731271967 0.374847861621847 2.28717921464931 3.18555282268606 2.87626971713234 1.37072940502537 2.0077011862774 3.63023553460457 4.8345699495258 0.160892680021135 4.63403163169402 6.59001167310526 0.56707949415105 0 0 0 0 0 0 0 0
0.215642408899211 7.36062975066773 2.389756770148 1.12463851808749 3.0504230265581 0.152497775520098 1.78282743335229 5.88003825521058 1.70387818976736 3.06388973969302 1.24040768880982 4.73332856011957 0.811502225027858 4.49402203122231 3.32267222864903 0.757547474923814 0 0 0 0 0 0 0 0 0
6.4878194866304 1.58818513544551 2.45118830972544 3.64008725810726 1.68553579562884 0.299393063129199 0.359648575227172 0.762856052865009 1.96997686987932 0.444272467832529 2.45648310885552 0.549969007141902 7.43292580407684 0.0767472345393505 0 0 0 0 0 0 0 0 0 0 0
0.649604448955657 4.84456355005213 0.133483453920588 2.71365837979793 0.0783533628523124 0.615599738278586 0.915952643056696 3.03145715626314 0.972063616586012 0.281629060993993 5.43090930947053 4.96702331917822 0 0 0 0 0 0 0 0 0 0 0 0 0
3.53774858149212 0.306792147688476 1.01737887863139 0.00391447526369971 0.556464315995555 1.76272278750741 1.61979789240617 0.0811274503611084 3.90428930922652 5.72958428331044 0 0 0 0 0 0 0 0 0 0 0 0 0 0 0
1.91953795014587 4.36308181295028 1.23463594799951 6.2346224299299 1.35267293034453 2.71619615262099 0.756586670070124 3.69696470303463 0 0 0 0 0 0 0 0 0 0 0 0 0 0 0 0 0
1.1242904267012 0.139897467259176 1.04723640833891 1.00969278537956 0.17162958264423 0.56824076024552 0 0 0 0 0 0 0 0 0 0 0 0 0 0 0 0 0 0 0
0.406253764344939 5.41466632447124 5.13605336317852 0.14064649981585 0 0 0 0 0 0 0 0 0 0 0 0 0 0 0 0 0 0 0 0 0
0.992623239601578 1.95294467454113 0 0 0 0 0 0 0 0 0 0 0 0 0 0 0 0 0 0 0 0 0 0 0
