0.196680515984474 0 0 0 0 0 0 0 0 0 0 0 0 0 0 0 0 0 0 0 0 0 0 0 0 0 0 0 0 0 0 0 0 0 0 0 0 0 0 0 0 0 0 0 0 0
10.8734042845768 17.8482159460883 0 0 0 0 0 0 0 0 0 0 0 0 0 0 0 0 0 0 0 0 0 0 0 0 0 0 0 0 0 0 0 0 0 0 0 0 0 0 0 0 0 0 0 0
10.7990732697989 24.8241229213341 12.3936941615611 0 0 0 0 0 0 0 0 0 0 0 0 0 0 0 0 0 0 0 0 0 0 0 0 0 0 0 0 0 0 0 0 0 0 0 0 0 0 0 0 0 0 0
13.050649425648 34.0996902682363 26.8091396207084 25.1673369210479 0 0 0 0 0 0 0 0 0 0 0 0 0 0 0 0 0 0 0 0 0 0 0 0 0 0 0 0 0 0 0 0 0 0 0 0 0 0 0 0 0 0
11.9013115792139 25.5500308468327 29.5559428622526 29.6543326573274 14.5317729966469 0 0 0 0 0 0 0 0 0 0 0 0 0 0 0 0 0 0 0 0 0 0 0 0 0 0 0 0 0 0 0 0 0 0 0 0 0 0 0 0 0
13.5315772936132 34.0086239225247 22.1151279395963 33.9883723647192 22.2316206472431 22.2456801352954 0 0 0 0 0 0 0 0 0 0 0 0 0 0 0 0 0 0 0 0 0 0 0 0 0 0 0 0 0 0 0 0 0 0 0 0 0 0 0 0
8.14714443698513 20.9958122805619 16.6448273705646 17.4865827450428 24.7621649608139 25.1666989288924 13.8379052289664 0 0 0 0 0 0 0 0 0 0 0 0 0 0 0 0 0 0 0 0 0 0 0 0 0 0 0 0 0 0 0 0 0 0 0 0 0 0 0
10.6246352858476 22.2123415314976 14.7422765480825 34.0203639564202 24.2051144083909 30.5042223921424 8.33825159931544 8.66261173221151 0 0 0 0 0 0 0 0 0 0 0 0 0 0 0 0 0 0 0 0 0 0 0 0 0 0 0 0 0 0 0 0 0 0 0 0 0 0
5.13880470442339 13.7730237224147 22.2766353483172 23.6302706573938 27.5462153860547 12.3871553556039 9.01812806294554 6.96659867181157 2.86900610928778 0 0 0 0 0 0 0 0 0 0 0 0 0 0 0 0 0 0 0 0 0 0 0 0 0 0 0 0 0 0 0 0 0 0 0 0 0
8.42008611877347 31.9640461714408 23.2520900999387 34.3245482734562 17.2693510297336 12.3568075758342 6.4153378543945 0.284709018054653 0.621455301360722 5.16523334298375 0 0 0 0 0 0 0 0 0 0 0 0 0 0 0 0 0 0 0 0 0 0 0 0 0 0 0 0 0 0 0 0 0 0 0 0
6.47400523610476 22.021456027823 18.0765652901753 14.8989753025375 5.58624131015547 8.61858603223649 1.76053021619537 0.638673977535748 10.4117285534421 8.96646713856158 1.48141812811978 0 0 0 0 0 0 0 0 0 0 0 0 0 0 0 0 0 0 0 0 0 0 0 0 0 0 0 0 0 0 0 0 0 0 0
8.64057838272728 24.8818252707353 13.0879771823869 8.04187255049118 10.4877686855739 1.41396539271902 0.586493403250389 11.5672598270407 5.93311015094476 10.9135655560959 4.17030565751173 9.28542165683313 0 0 0 0 0 0 0 0 0 0 0 0 0 0 0 0 0 0 0 0 0 0 0 0 0 0 0 0 0 0 0 0 0 0
10.3425188759477 15.2238016657556 6.63807407192818 9.36401598207915 1.5035300995143 1.15758494513988 10.7536629572545 11.1771273458144 10.2149138837711 3.0042717135259 14.5898052178887 13.4072225181214 4.99608396554228 0 0 0 0 0 0 0 0 0 0 0 0 0 0 0 0 0 0 0 0 0 0 0 0 0 0 0 0 0 0 0 0 0
7.33728788420932 5.74982457317955 3.69908283357109 0.398814451867218 0.0926034133699346 6.77599451029126 6.32338841411056 4.28677306691349 0.0882297522075793 7.42219271307216 7.34910394551619 3.02383606736063 15.5962581207152 6.97063833061145 0 0 0 0 0 0 0 0 0 0 0 0 0 0 0 0 0 0 0 0 0 0 0 0 0 0 0 0 0 0 0 0
0.0428092015592004 4.25089595810286 0.495007086871523 0.821847655139438 8.63821063464348 5.77152639110452 2.10365019408094 0.153413636064586 3.92585260337509 8.18426503100009 1.68347527205108 10.4830682855114 7.52301867303277 4.239224551431 6.63908746326964 0 0 0 0 0 0 0 0 0 0 0 0 0 0 0 0 0 0 0 0 0 0 0 0 0 0 0 0 0 0 0
2.0686233121659 0.799915965779926 1.39837823562809 3.80105791063936 4.49655673476604 6.52164935611675 0.184201016404042 8.33391305413464 9.27741738887035 2.46430734556037 10.3762782371402 7.59527913755637 7.38123494219001 9.77153493193156 4.8786095381954 0.754015635865394 0 0 0 0 0 0 0 0 0 0 0 0 0 0 0 0 0 0 0 0 0 0 0 0 0 0 0 0 0 0
1.73176980651519 1.70525499920629 3.36806596431964 3.41682817989708 2.56796479117822 1.94974193456394 2.06568566863321 8.15710407783634 0.149822928465725 3.96143148313253 4.90796962149125 3.47743503081035 12.5456946321575 1.93676665028772 1.36595441027137 0.39054283898849 1.9426555822683 0 0 0 0 0 0 0 0 0 0 0 0 0 0 0 0 0 0 0 0 0 0 0 0 0 0 0 0 0
0.547151997330556 1.88515486667388 2.2853282480513 5.00133765065219 0.762292897203642 4.36794564206683 4.41863684029985 0.659984269075417 3.22301053474934 1.07950108429157 1.82443202140778 8.56133245828091 0.284572703421548 5.24207720999361 0.704868390015377 0.697088662228768 2.00327682200579 0.398318216893985 0 0 0 0 0 0 0 0 0 0 0 0 0 0 0 0 0 0 0 0 0 0 0 0 0 0 0 0
0.454735112337612 3.6261048387906 5.52311675347011 1.23425070557857 7.05339593967317 7.94992340432744 1.57672218696006 7.61874825023317 4.22497288951755 2.87399189012289 19.5123086752811 0.260627852029985 7.02073948266634 1.88408953109903 0.766630859105456 6.92406915595459 1.53683350056449 0.487153876342474 1.15923390467649 0 0 0 0 0 0 0 0 0 0 0 0 0 0 0 0 0 0 0 0 0 0 0 0 0 0 0
0.678339247475432 4.70549969530297 0.336878902060068 1.86234070669774 2.5482011571459 0.659967190995421 7.0638743030276 0.0579236499375268 6.03275531905638 4.47729452918351 2.18455805687453 3.98396880365775 1.24621373697142 1.55164333197404 1.31581396554093 1.78584469643355 4.40183028214257 1.58928512040958 6.11386158108869 1.1499512641501 0 0 0 0 0 0 0 0 0 0 0 0 0 0 0 0 0 0 0 0 0 0 0 0 0 0
3.92281225342702 6.71398486525893 13.727530108997 12.9404751260651 4.08231656867083 16.9916689324009 6.91964253837405 5.23694853828398 21.9393770950387 2.33315224405455 8.92460744354561 4.56856388920204 4.32629908957497 12.3440127075701 6.30373055923951 10.9297483764101 3.712177573838 6.52532843465651 6.50130197416565 8.39940287793871 4.30759342632568 0 0 0 0 0 0 0 0 0 0 0 0 0 0 0 0 0 0 0 0 0 0 0 0 0
0.117974564623822 0.387215133299915 0.368182162264489 0.00123961655486102 2.12301653987811 1.85161516193827 3.60425734163069 2.58864565720276 1.83912323171079 0.624931249343454 1.04256096188601 0.371742824237777 2.20649312723806 0.732082632986753 3.10635367385027 0.572503045033219 0.846905085404229 0.330690212906646 1.45571210902767 0.0662444313458399 1.34701198861668 0.187299259663233 0 0 0 0 0 0 0 0 0 0 0 0 0 0 0 0 0 0 0 0 0 0 0 0
1.54932386397619 4.50653783779425 4.48789443494158 8.54927560154397 5.96171139353099 6.66040770213761 10.8393947906068 1.67561112041397 8.13480866895414 2.32207769735905 7.97933266911829 10.6444973659238 8.18275942721784 8.68247175524506 1.703708413821 3.49688697296342 2.74369556226427 0.61413130865524 3.45100672104532 0.376658226792972 15.0509436052923 0.985416848332056 6.35161734387262 0 0 0 0 0 0 0 0 0 0 0 0 0 0 0 0 0 0 0 0 0 0 0
2.55703610897601 11.5603498853475 8.74121902023742 8.17085592622366 7.88250980503645 18.2231547127065 4.40806634995452 9.90992153589367 1.36333144473037 3.64472106371548 20.8549576115796 18.938663497343 21.7652728986006 11.4913676235234 7.67372636111611 11.9577492962928 5.70060755841639 1.19447235960959 1.59201089584598 2.4734346266091 14.9798994582831 0.369261381142003 6.07888941898718 8.6969495603624 0 0 0 0 0 0 0 0 0 0 0 0 0 0 0 0 0 0 0 0 0 0
3.72880573165757 7.6838321049222 6.56782589725912 13.6514362723297 12.4813361064252 10.171302824 3.18664086692647 0.677872308160526 7.91523777046222 9.29784841832026 11.2340571397335 17.6590103920967 11.535549840441 7.09387003514833 6.34437743573035 0.169526217810237 2.95476976493508 0.82251402411964 7.73142581084095 1.02108434572282 15.8840425155074 3.18325802481834 6.9580211631104 9.55787209428707 1.57569009729141 0 0 0 0 0 0 0 0 0 0 0 0 0 0 0 0 0 0 0 0 0
1.77942644432674 7.98666576003259 2.93726233625418 15.5029384648723 1.40935329199097 12.1209531415467 6.10245269158033 3.78484527456589 18.7136686965937 7.51792351869788 12.0890026771336 6.55845884059346 5.09734342191922 7.67550606121737 0.891523974358683 1.43288266574137 5.02827624686678 2.36955642738436 1.91660941954939 2.73589144256424 9.19459460638194 0.292567383339274 7.91701260484202 6.24948266742628 3.73567450128135 3.60583572747503 0 0 0 0 0 0 0 0 0 0 0 0 0 0 0 0 0 0 0 0
0.447411600022668 1.38608277737855 15.0304636763033 0.829958782558291 14.1255465802481 2.10060876982462 0.383308606959376 15.3404290469399 11.3259947975912 13.9444458093518 12.7723825010411 10.5357765264379 11.9194177620724 8.02219136845695 3.13797612341704 1.76010569394424 4.27893625545354 2.01032064628603 4.90088861804904 6.02918534662723 11.1614698413478 0.519660179614354 4.79639031384983 9.21184850482443 2.41654935182259 4.87972004871475 8.60670230004798 0 0 0 0 0 0 0 0 0 0 0 0 0 0 0 0 0 0 0
3.66218584985132 27.3715519975748 1.09197601780968 8.99705524863597 7.09437111934256 0.651507190973926 17.7484463939145 10.4645495536661 15.8408775235789 11.3354277813206 17.8932405854273 5.19110020545009 16.1780099584269 2.74328700779133 2.08678686704842 5.67434025685808 7.20976058237602 1.94001465130149 6.20844364515998 4.69349451973886 11.1926808865048 1.88942514652253 4.05982939583643 2.60741657925181 0.156342712468915 12.2565926733122 2.95647373935011 4.33080463201448 0 0 0 0 0 0 0 0 0 0 0 0 0 0 0 0 0 0
10.640326535158 5.42952848824857 4.21148226356416 0.553497595035342 4.31390345520985 27.2308005231824 24.3252671335441 23.2711673116016 18.5067793025702 18.4279143806675 8.79403406662275 9.56794447732722 2.99674364584173 6.8032966008515 6.8505823295344 13.1478602836408 7.89516105176225 3.43401100263358 7.14321402980597 2.96253827357016 15.4593389422977 1.02691939192354 2.3520512732336 7.06375178981219 13.678318904418 11.2626200739901 4.92984840039993 12.2524408003634 10.9911533011531 0 0 0 0 0 0 0 0 0 0 0 0 0 0 0 0 0
3.29524128141822 7.67290799941548 2.27907310656524 0.106735156670978 23.3951195502634 15.3799020407045 18.8219892772889 14.7246682701887 29.7378879660956 3.78625654722512 24.3298510188613 5.92791282187423 6.14456543414244 6.60935476466694 10.1872617443854 10.1615201000304 7.99105588876951 3.12652855137842 4.65109590802588 9.26332604519467 8.75327847510536 0.179187958558164 1.11328574357795 4.25421897369011 8.28887108564564 2.25828363430732 16.7730288253097 11.0444693467628 20.0810624696238 11.13462429114 0 0 0 0 0 0 0 0 0 0 0 0 0 0 0 0
0.873905969185036 4.81190114383517 2.74318696033791 17.7095637732305 12.7343735199432 17.9016782130484 9.19486517275929 13.8055373360735 3.06832857596226 7.59512922013508 8.05091049880403 7.04617885489392 21.1777420957755 10.2562118614845 10.3467283715617 10.4975808991 5.0844927366348 2.52547970932382 5.58610482664482 0.560271576238642 12.0279301879495 1.26289030537999 2.8480243597818 11.8596537233761 11.1130524599573 4.6202045522038 6.33351383466517 13.5310242148176 0.391639848434852 8.31288415652998 4.20051973678136 0 0 0 0 0 0 0 0 0 0 0 0 0 0 0
2.44373783451514 9.52703058188198 8.69676400883133 13.4946701316965 8.86280569663326 9.4541422891688 6.35472382339294 10.3368045108539 1.89018339735217 0.653078844238778 12.3917221574558 12.6029515755587 11.3075983661143 3.75972667012785 7.51793580388482 5.1338715431813 1.94012485833749 1.40463552464749 1.0033096487007 1.29242510273846 13.4442518887682 2.52559979633676 9.62201583829245 5.7913737802788 10.8133537856945 3.51981597427576 12.953740645419 2.24230655336163 2.78522070877124 3.71500445811158 0 0 0 0 0 0 0 0 0 0 0 0 0 0 0 0
1.01157344926132 2.47503808739388 2.06598754747724 2.3428827610862 2.66984433065604 3.63580474867573 1.04941957839122 2.255595862975 0.318617018923723 1.27698875374754 1.26772313823453 2.25119041012862 2.41076414390779 2.1306926335301 0.767362239376709 1.60518713762481 1.8245555255337 1.4269503823937 0.818361253373492 3.72680552308458 2.92757381544306 2.04767135301342 0.245568441705424 3.49848680321323 2.10770746459417 1.77175118562105 1.57383799646614 0.506139285796777 0 0 0 0 0 0 0 0 0 0 0 0 0 0 0 0 0 0
7.70017036282947 16.487213541358 16.8739281779158 13.3135932715348 9.58071975878755 13.3315916501729 3.35468109221432 2.60375771961338 12.4900476610443 18.2976075514189 17.3570771356201 16.8075294084524 17.3468157167894 10.4847919340887 4.68178830597949 8.08632089741608 0.991746691155454 2.58112863145182 4.46056638495435 7.55799069121814 19.4624072414883 0.313933831865338 7.72959759789358 9.08163051284251 1.2257289325548 0.542572128174368 0 0 0 0 0 0 0 0 0 0 0 0 0 0 0 0 0 0 0 0
9.30338598842911 29.1323471104895 24.1134046263815 29.1032469170066 18.719516862204 7.04319234045536 12.2725035051033 19.2878806295296 26.4215837156742 26.9916794327504 33.6785717520558 31.2696649467774 38.1204493805048 20.2670863871732 15.8196331869996 8.93150094541793 4.03346243348012 4.48494601743219 4.11832557775703 2.30897282542256 16.3807121147575 1.61368257284722 4.79756327469166 8.0594205509857 0 0 0 0 0 0 0 0 0 0 0 0 0 0 0 0 0 0 0 0 0 0
6.49042180457346 21.4804731972181 20.1281901195282 19.5443699097207 10.9387021369827 7.05151742569872 19.6722335435906 24.1399227305861 32.2618934810532 25.5705242221355 31.4615155664642 29.0641825912539 35.0518809039354 17.7333136723399 9.7262168737518 3.59789380348518 4.45208108860904 1.41371755653962 6.15728480911358 4.93757967235565 22.2281889290441 0.875045010889692 0 0 0 0 0 0 0 0 0 0 0 0 0 0 0 0 0 0 0 0 0 0 0 0
8.41219128381457 22.2336341217875 13.5615001848204 15.971060552486 9.69307379681986 16.6301616195191 29.2553300762769 28.4656670302555 32.2514420712392 23.9314819853153 33.1042224556028 29.7565747432587 33.4152581471751 9.75591995879863 4.05062349973222 5.67251352398002 6.7472606130371 3.2432458496255 7.60552101137363 3.60274375266477 0 0 0 0 0 0 0 0 0 0 0 0 0 0 0 0 0 0 0 0 0 0 0 0 0 0
9.46544136626803 20.0490175402475 7.95860840843888 8.73491492382755 17.7937664879304 27.6412901666472 27.0718071608635 22.7228789656817 26.6284320639423 25.5721043559459 27.0244261439188 21.2884844774474 16.3369254470745 4.18405407685213 5.36282883379616 5.46561203118318 4.53634718758727 3.45919097136382 0 0 0 0 0 0 0 0 0 0 0 0 0 0 0 0 0 0 0 0 0 0 0 0 0 0 0 0
1.85179559522423 7.40502871655879 2.97889476697287 11.6762789985776 17.0336934076207 21.3203849927176 18.1123784733004 19.0568919029085 19.8466606559061 18.1280674827203 20.2331776976241 12.679412717039 6.82421262198704 2.000438219081 3.10573199403444 6.23496352038461 0 0 0 0 0 0 0 0 0 0 0 0 0 0 0 0 0 0 0 0 0 0 0 0 0 0 0 0 0 0
0.131131574427202 4.52289613692612 4.22849308151185 10.2658771016235 17.6069433868619 12.5098447323335 14.6340690880963 14.1479102727799 12.3794871022099 17.8772104444925 16.9817298640798 1.67980483087456 5.06576535259716 2.20045353589906 0 0 0 0 0 0 0 0 0 0 0 0 0 0 0 0 0 0 0 0 0 0 0 0 0 0 0 0 0 0 0 0
1.39517727480412 2.24428011969667 9.18279631987681 13.2539204540344 12.4254895797373 7.97883914365817 14.1083519117907 8.11331644297622 18.9252101175907 2.25541406282576 3.32127891783946 8.2154578693253 0 0 0 0 0 0 0 0 0 0 0 0 0 0 0 0 0 0 0 0 0 0 0 0 0 0 0 0 0 0 0 0 0 0
1.69133756764761 26.7681885054601 13.7692335523964 22.5341749128439 14.0291255559462 16.6631483164887 11.8609165340798 11.1642899296499 1.25078879634594 0.995160084307378 0 0 0 0 0 0 0 0 0 0 0 0 0 0 0 0 0 0 0 0 0 0 0 0 0 0 0 0 0 0 0 0 0 0 0 0
8.34867077963271 29.5760700258078 27.6081113753139 35.4894002243341 30.7458052355841 34.6960168344612 18.2166147145417 3.70233498291663 0 0 0 0 0 0 0 0 0 0 0 0 0 0 0 0 0 0 0 0 0 0 0 0 0 0 0 0 0 0 0 0 0 0 0 0 0 0
10.4766781610864 34.5551071881927 28.4100102179813 37.1182573348092 26.5997452257055 12.642979098788 0 0 0 0 0 0 0 0 0 0 0 0 0 0 0 0 0 0 0 0 0 0 0 0 0 0 0 0 0 0 0 0 0 0 0 0 0 0 0 0
10.8355205188618 32.662551249038 22.2399489562096 8.90088267843346 0 0 0 0 0 0 0 0 0 0 0 0 0 0 0 0 0 0 0 0 0 0 0 0 0 0 0 0 0 0 0 0 0 0 0 0 0 0 0 0 0 0
9.36039615961676 4.13294078617163 0 0 0 0 0 0 0 0 0 0 0 0 0 0 0 0 0 0 0 0 0 0 0 0 0 0 0 0 0 0 0 0 0 0 0 0 0 0 0 0 0 0 0 0
