1.82376647116799 0 0 0 0 0 0 0 0 0 0 0 0 0 0 0 0 0 0 0 0 0 0 0 0 0 0 0 0 0 0 0 0 0 0 0 0 0 0 0 0 0 0 0 0 0
3.55543042995867 4.53533137630722 0 0 0 0 0 0 0 0 0 0 0 0 0 0 0 0 0 0 0 0 0 0 0 0 0 0 0 0 0 0 0 0 0 0 0 0 0 0 0 0 0 0 0 0
8.24046506456562 12.2372459693757 6.31033854635456 0 0 0 0 0 0 0 0 0 0 0 0 0 0 0 0 0 0 0 0 0 0 0 0 0 0 0 0 0 0 0 0 0 0 0 0 0 0 0 0 0 0 0
12.1236135761329 16.6421995258031 17.6640955786775 20.1107045701717 0 0 0 0 0 0 0 0 0 0 0 0 0 0 0 0 0 0 0 0 0 0 0 0 0 0 0 0 0 0 0 0 0 0 0 0 0 0 0 0 0 0
9.32038021180989 12.3827342932198 19.7408028805083 17.2729399952682 8.21425811493985 0 0 0 0 0 0 0 0 0 0 0 0 0 0 0 0 0 0 0 0 0 0 0 0 0 0 0 0 0 0 0 0 0 0 0 0 0 0 0 0 0
12.2501628379977 20.540191168246 9.48958732048863 19.1323203233827 5.22750662430683 11.2525695207972 0 0 0 0 0 0 0 0 0 0 0 0 0 0 0 0 0 0 0 0 0 0 0 0 0 0 0 0 0 0 0 0 0 0 0 0 0 0 0 0
10.8163707656985 5.43624557037338 6.43860955007154 5.42502708947277 9.72426428378168 3.38194948192438 0.686659056799246 0 0 0 0 0 0 0 0 0 0 0 0 0 0 0 0 0 0 0 0 0 0 0 0 0 0 0 0 0 0 0 0 0 0 0 0 0 0 0
5.44063244976877 6.49023486449418 2.10263507092385 15.5569048486597 5.08961855283341 3.36264454776229 5.03723835016878 5.92491163121486 0 0 0 0 0 0 0 0 0 0 0 0 0 0 0 0 0 0 0 0 0 0 0 0 0 0 0 0 0 0 0 0 0 0 0 0 0 0
1.70967884480655 0.344788368969004 6.85633985597093 1.18085010066218 0.396040669167177 6.17440958195482 0.835927869339316 11.584618300096 10.2210220533509 0 0 0 0 0 0 0 0 0 0 0 0 0 0 0 0 0 0 0 0 0 0 0 0 0 0 0 0 0 0 0 0 0 0 0 0 0
2.12526492949668 17.6837668019123 4.09252544040987 3.76921373582328 3.95289975908491 7.4341233613535 10.1083686515048 7.73329076758232 2.95730611457107 11.112563754321 0 0 0 0 0 0 0 0 0 0 0 0 0 0 0 0 0 0 0 0 0 0 0 0 0 0 0 0 0 0 0 0 0 0 0 0
0.735689203402757 0.905519251328984 3.19629773774042 15.9129144945567 2.24890996552017 12.2642926488822 13.7154883019319 0.014537767741994 0.0665071510141205 3.47276467965959 8.03533826570116 0 0 0 0 0 0 0 0 0 0 0 0 0 0 0 0 0 0 0 0 0 0 0 0 0 0 0 0 0 0 0 0 0 0 0
0.48377680344762 4.85353853205839 4.66237627070209 4.12391522274755 5.47288497278985 6.91244611597549 0.648798750600533 7.63471294754397 0.403475590835896 13.6233311261516 13.9889268943248 4.68978048639692 0 0 0 0 0 0 0 0 0 0 0 0 0 0 0 0 0 0 0 0 0 0 0 0 0 0 0 0 0 0 0 0 0 0
0.914631567023033 3.33619267283536 0.409825176369802 6.45008302365447 4.46723920640135 1.61918257231688 0.995853376464403 2.62772613726318 7.60230495041374 5.01052285527663 1.45034373107489 0.164207458714697 0.145808730537922 0 0 0 0 0 0 0 0 0 0 0 0 0 0 0 0 0 0 0 0 0 0 0 0 0 0 0 0 0 0 0 0 0
0.666782921099457 2.44664269486532 4.62567844283866 5.8318063613853 1.31020266481825 0.0654741240493656 0.0429077998567483 3.54908278802583 0.250879329063029 1.58608608104867 5.31402546203135 2.29238648957158 13.6468778526385 4.42216357035962 0 0 0 0 0 0 0 0 0 0 0 0 0 0 0 0 0 0 0 0 0 0 0 0 0 0 0 0 0 0 0 0
0.300690446958942 11.8390445907176 5.90628501898291 0.630757116343877 2.80503014452039 4.74418568574042 0.249658503331621 7.92808972006276 1.49744863266473 3.28282224590313 3.53686305818882 3.08506516238505 1.90629960222656 4.59325598280082 0.88975343094271 0 0 0 0 0 0 0 0 0 0 0 0 0 0 0 0 0 0 0 0 0 0 0 0 0 0 0 0 0 0 0
1.35857694033218 6.79047086614648 3.41047159674226 4.61477694140044 2.6341362471416 4.48587305421519 12.9965627539143 10.3428238407585 13.0409583805278 3.38162398221518 10.4081311436285 4.6163493285838 6.40145574122016 1.59265843709925 1.89086945023349 1.47385809038972 0 0 0 0 0 0 0 0 0 0 0 0 0 0 0 0 0 0 0 0 0 0 0 0 0 0 0 0 0 0
11.5202637191073 14.722573142803 0.815610408827492 8.18131322981724 4.1202709943713 20.950859491911 5.91961318361538 12.8719494186596 4.15081872932971 11.215177807693 8.19774740921674 2.35768023266867 7.16600269079739 0.376858610475475 2.7243009902391 19.1703097459778 2.44371752227506 0 0 0 0 0 0 0 0 0 0 0 0 0 0 0 0 0 0 0 0 0 0 0 0 0 0 0 0 0
0.896661542575739 8.8293322265258 1.54918897445075 1.79844835794156 4.23772782098765 2.28031442186706 5.77022241927659 2.2023685210149 20.5021169638287 2.15014980601392 9.05626451181254 6.79972066445031 0.25673877272884 0.181162662058955 0.992357783512393 10.4485765118037 4.21725519438391 11.1910788529908 0 0 0 0 0 0 0 0 0 0 0 0 0 0 0 0 0 0 0 0 0 0 0 0 0 0 0 0
23.2437783641451 17.9139954515179 2.63342325381007 12.2021187356146 17.4741731802063 24.1702374920592 6.14474283477376 8.75163810554529 0.761991616614518 15.344604884419 14.8281099190354 16.2635893222907 2.45756946836245 5.24587524032629 9.05835983734011 22.7882977102536 2.77417337803794 5.44863374515731 4.31230702463548 0 0 0 0 0 0 0 0 0 0 0 0 0 0 0 0 0 0 0 0 0 0 0 0 0 0 0
0.340481154733697 16.9178296980309 1.81290427193286 2.93496284256417 8.42927708039763 8.51591476841999 2.37978976614467 2.69574956332889 3.51148856537777 4.02112576942381 1.13343904995591 6.58622744577033 2.06988742229497 3.05890457901109 2.08278755317729 3.33999210660883 3.93500692438518 8.10165505672954 16.4297582369042 6.74010296780649 0 0 0 0 0 0 0 0 0 0 0 0 0 0 0 0 0 0 0 0 0 0 0 0 0 0
11.1572185921464 28.0813269646576 3.05684602193358 7.62930347754114 5.28415816380176 7.61723936129927 1.32523455113529 0.808154428542577 3.77747681601008 20.2165514820888 0.64678126996186 18.8694790300661 17.375405904278 5.26719099556269 1.60049861669139 11.7025673651586 1.7079965891982 15.3222621546175 28.8412473004148 11.2255632170406 26.1039724881646 0 0 0 0 0 0 0 0 0 0 0 0 0 0 0 0 0 0 0 0 0 0 0 0 0
16.7664347095439 11.9217782552758 8.26834278748523 0.279210183093995 24.1194246137011 3.55264549541532 2.79655965476047 11.8140014184425 6.78821605176511 5.00054464484295 7.55426897004694 7.41560107122283 10.4664343561713 0.271999407116949 5.29838863639233 6.31918307890498 4.60811826356597 2.31061607177234 6.75755824016297 15.0181418117499 0.940808756640797 7.00774377730384 0 0 0 0 0 0 0 0 0 0 0 0 0 0 0 0 0 0 0 0 0 0 0 0
18.5590534366654 29.069111293676 1.80750835502884 4.82904244037856 0.0362579202792066 4.30138543587947 11.6704075674567 8.14387365775987 15.445894338201 8.37906284290326 11.8624222621559 22.7198368089978 0.619668405857011 8.45293471204105 8.29775880182354 0.109703736741192 9.79218708161197 2.89633065576403 40.7588188679573 10.3934996967161 24.272930373653 13.6631762518864 15.5124500575943 0 0 0 0 0 0 0 0 0 0 0 0 0 0 0 0 0 0 0 0 0 0 0
17.9106589367697 10.5166333024935 10.275185592619 0.48827490528187 12.0131804932053 12.7675832439213 8.26906966156816 10.3624091650248 6.287854871722 13.571259244473 2.16315959865321 4.42000212943805 4.81188763972514 5.69474370490183 2.95886576474733 7.33621743584809 12.2810661360455 9.36406576747877 7.50573463957645 10.2200057223506 14.784370287605 13.3125585212969 1.51729196646457 13.9488593422011 0 0 0 0 0 0 0 0 0 0 0 0 0 0 0 0 0 0 0 0 0 0
12.4711416057657 27.8961372012409 0.017519627822848 0.28476044744544 10.3845041227287 15.33335011412 11.1756442662315 4.31467891518784 17.981440288337 15.734449348789 7.21420727072603 4.20029387001411 9.53572930191148 4.46737328436768 2.45799803790839 14.7738262640053 24.5474081686466 12.8505372667225 29.7570074357734 3.34095385056614 18.0729771794987 0.333223660740684 23.5652241794621 22.7082514242512 11.2147397092206 0 0 0 0 0 0 0 0 0 0 0 0 0 0 0 0 0 0 0 0 0
0.829979920805976 2.57336220934654 4.59608273262394 0.764646564008231 3.86177435392877 4.53015578396366 2.19560811631913 1.99813855772901 4.36336201549569 8.00418695618001 6.03385434808363 4.19206599257129 1.38594294099908 6.15680897927947 3.59842989891873 10.2129701426007 1.75113559612261 19.2234069610247 1.10483170653576 7.15811934811972 1.1815773237647 15.9446915337993 10.1889359434996 6.94144014994033 1.54999812632385 1.66579847880259 0 0 0 0 0 0 0 0 0 0 0 0 0 0 0 0 0 0 0 0
0.332082357222942 15.1673267455865 6.39487967550186 2.13745293951536 10.5249152874157 4.04695055481861 2.0176811374264 7.06854504006116 13.4514430106423 0.782961144970291 2.42837852223861 15.2921242957612 4.93890786793603 1.50614493697602 11.4709444725514 5.38274531949676 11.9624814870033 6.77155726261958 0.915909367045028 7.13113224354317 19.8799594057964 10.3428363449008 14.8984725118315 1.50706352489324 22.5278620828965 0.380783350327229 1.53563350408956 0 0 0 0 0 0 0 0 0 0 0 0 0 0 0 0 0 0 0
12.0446731148601 20.2213267820409 2.32032017660212 0.959558283522721 6.6843811121278 4.01440969476656 9.92680779783675 0.607280302227293 2.21020061700963 6.85250748285754 16.715291604539 3.56175322374288 1.72987995969232 1.57858940142236 0.8326634506908 1.40968365314443 9.13989154322317 3.2060820285966 2.145799284931 9.55275393401642 2.46490746433224 0.960587192372545 14.5446713191957 8.55498654289042 13.3615460913286 7.12368691779629 6.94287964294398 11.0551521112662 0 0 0 0 0 0 0 0 0 0 0 0 0 0 0 0 0 0
0.118560342357486 30.3374352126341 2.38923583043884 4.816382203084 10.2625504264204 10.0538656471548 3.94559223773164 0.0512970737003076 10.3788866938329 2.44751023458731 12.4986563468554 7.40572689447299 6.31449922363626 0.588249236417663 1.46211514736971 2.4520548037255 4.67779830622024 5.55954863685139 10.5578239066282 6.94685589934628 27.9715300877535 9.11260954502455 21.6731784085575 12.6162912415988 26.994887798324 6.20850162480276 5.187322617041 8.93967496819826 4.16683542369333 0 0 0 0 0 0 0 0 0 0 0 0 0 0 0 0 0
24.9496162560499 10.4322329087889 7.51253972071227 6.10129010847596 22.6096336670426 5.18367826593214 0.442115764220214 3.28114484939136 18.2772498437458 3.6304482906887 1.20824293250184 28.0300409603714 3.85055147970938 2.22716473981275 5.83932665738928 15.1019362847628 0.858775848732342 6.21491441833628 13.6572123241017 12.0352981258704 11.2758250645415 8.55885376995332 22.4448661589687 16.6606712424169 12.75345168869 0.18968468944924 3.94149151707501 0.191706154415693 31.0222770743804 10.5635778903626 0 0 0 0 0 0 0 0 0 0 0 0 0 0 0 0
21.4486588408897 17.2810423359995 5.17865753142639 4.04237940054505 2.5746846501018 0.684330549482219 4.28854768336501 1.27008306762817 3.31477557901399 24.2823765124956 14.4681678924811 2.68009385452897 1.45362194570349 0.0911618695067375 7.25630799137419 1.14482691802287 6.9710998642603 0.164293609696155 26.3157285249597 0.860592860207393 28.001704993199 17.6694492835747 26.0468625509287 10.8403489751164 3.43891285585809 11.3005449566082 4.40132112993338 29.9447294533829 2.41537923009187 15.0561108243713 8.09146984517685 0 0 0 0 0 0 0 0 0 0 0 0 0 0 0
10.4278962405224 4.54873544684558 10.0504966467412 2.17771420087102 0.807695566483406 1.88138842065315 5.66713992508313 0.499697599371889 18.629508363522 19.3134868363438 5.91108942783405 12.0010719512173 1.13352672660028 0.663095786446223 2.75158134625765 4.63417383969007 2.6637110317981 0.979728816729155 11.441841993753 17.8931218965812 24.2539756824057 2.37377577433031 17.212354817815 9.40863396607759 6.64354831982238 6.87431327694737 14.4656336977504 16.0041999982865 14.1668881754475 1.47514552766476 0 0 0 0 0 0 0 0 0 0 0 0 0 0 0 0
4.76998591275709 33.3192533793954 1.66453240643664 3.70792698273541 9.61039020784369 1.24080186517194 1.31685831433313 7.77106790576651 12.1390488337207 8.36981008345277 3.59617133770162 10.9010989168628 2.03614368783146 2.92507133444735 8.19447712176761 3.01854718965545 12.060574838204 5.51481661655597 21.3554779128535 10.427286805682 29.938717204619 9.17510415177325 26.6534230902834 8.12001800787823 3.27749984089903 15.6736263987351 0.0231030439193561 0.295787977742815 0 0 0 0 0 0 0 0 0 0 0 0 0 0 0 0 0 0
18.7160136111892 1.35996923324394 0.327945210353691 12.6664598680827 4.35857480259293 3.03307965409046 5.22756075974935 8.25986305958222 0.287559763899145 11.7998670913536 3.60677689883593 1.02338509159871 6.12313327697012 7.2902301334722 5.47495760165699 1.57882178343333 18.5452257086497 16.15496941566 18.3294702265896 13.3480957636782 17.5088861106616 2.17009287029617 3.78883801322035 0.747007739849917 18.0576164117287 0.26440874807535 0 0 0 0 0 0 0 0 0 0 0 0 0 0 0 0 0 0 0 0
0.37829329524137 8.01351366419701 7.25692852996333 2.75943499974857 2.49104047904382 6.63020601230185 9.49455040449483 9.10560116623809 1.05232511116994 1.2727241070839 25.1630389011597 0.0530078547876343 4.13566738545409 0.718737120357597 14.0712045545069 0.425435984617135 18.3241738235878 0.96501775546481 16.5417768279908 9.96428014076369 10.6350731725339 2.40199082169161 6.29910583724884 35.2955505343219 0 0 0 0 0 0 0 0 0 0 0 0 0 0 0 0 0 0 0 0 0 0
5.59760482402245 10.1900005818443 2.42928531424842 2.53849868476685 6.2823010089679 7.19598870817764 6.15292705751162 1.04085835851127 1.92494395005835 0.892764337247302 3.47532092557152 4.82875226058094 1.18064925891056 6.78698529423123 0.937024900956948 2.73711532899155 7.94754689800521 4.89208988965534 13.5986484319947 14.1450616776753 13.975999636866 0.795245833138518 0 0 0 0 0 0 0 0 0 0 0 0 0 0 0 0 0 0 0 0 0 0 0 0
6.13346234096532 9.65109703704417 3.78936938888662 0.888517915562501 4.4494949618736 0.250429735359695 7.26985315810404 4.91746354678053 8.47830786132527 3.54244380743049 24.5106686746498 0.21653558485516 18.8024962673484 3.90306662394099 8.64156081230013 5.67634645524037 10.5367644811877 6.77446995242669 12.5057581590378 11.8759801085956 0 0 0 0 0 0 0 0 0 0 0 0 0 0 0 0 0 0 0 0 0 0 0 0 0 0
1.66938025680452 14.0503740454641 1.87158082397695 1.1791991813387 0.067972841367331 4.61097923260173 11.5356995997293 2.92698800374025 3.35829549320623 9.18897332596594 6.84586692910736 3.67445270859878e-06 3.72284841035026 3.60402218675633 0.976385166793879 4.87277316698643 5.27529166487337 1.39343713064665 0 0 0 0 0 0 0 0 0 0 0 0 0 0 0 0 0 0 0 0 0 0 0 0 0 0 0 0
10.3564153569557 1.12305769513841 2.67252428696841 0.207215001321155 9.8951048163522 7.69610444183688 7.26602140475704 3.62208046646065 13.8918693502579 7.06443639006983 19.8798217217303 5.44893435909518 10.8884681559107 0.390904608785913 4.50159121658678 1.74411820765016 0 0 0 0 0 0 0 0 0 0 0 0 0 0 0 0 0 0 0 0 0 0 0 0 0 0 0 0 0 0
15.6478886881948 33.2158628984389 1.02137545084647 4.10122205526508 3.58790765673548 11.7382682751952 0.702703697644374 3.00756241185258 8.67203435650378 5.78597364583557 6.55234159530433 9.70732216809687 0.257928526379454 3.10400847933232 0 0 0 0 0 0 0 0 0 0 0 0 0 0 0 0 0 0 0 0 0 0 0 0 0 0 0 0 0 0 0 0
15.0473545121637 7.39606458576134 8.48761856419756 18.1223370878092 20.9921063189332 0.473118704369307 14.5603548389274 13.4639538705117 10.7790543269525 8.82197754525018 0.796711013103719 5.14059445611859 0 0 0 0 0 0 0 0 0 0 0 0 0 0 0 0 0 0 0 0 0 0 0 0 0 0 0 0 0 0 0 0 0 0
6.47230574170923 28.314976333046 10.2145488898793 14.4276926431279 0.608105780576293 12.8357898812664 14.6657641851674 12.946045997302 0.525675022601784 20.3609085369576 0 0 0 0 0 0 0 0 0 0 0 0 0 0 0 0 0 0 0 0 0 0 0 0 0 0 0 0 0 0 0 0 0 0 0 0
4.92051753352979 1.92242379690346 0.835129597528264 3.70310849988597 7.47431878413179 3.06937270893784 3.92376118525196 0.0345450663584199 0 0 0 0 0 0 0 0 0 0 0 0 0 0 0 0 0 0 0 0 0 0 0 0 0 0 0 0 0 0 0 0 0 0 0 0 0 0
3.39947985837088 5.77391783605991 4.70814600058713 22.5212254018316 11.3720670456852 15.8305455312245 0 0 0 0 0 0 0 0 0 0 0 0 0 0 0 0 0 0 0 0 0 0 0 0 0 0 0 0 0 0 0 0 0 0 0 0 0 0 0 0
2.81849307587089 3.91487761874033 11.6936483716809 5.34057797271697 0 0 0 0 0 0 0 0 0 0 0 0 0 0 0 0 0 0 0 0 0 0 0 0 0 0 0 0 0 0 0 0 0 0 0 0 0 0 0 0 0 0
0.085506666948506 15.7235970290007 0 0 0 0 0 0 0 0 0 0 0 0 0 0 0 0 0 0 0 0 0 0 0 0 0 0 0 0 0 0 0 0 0 0 0 0 0 0 0 0 0 0 0 0
