4.89931882867196 0 0 0 0 0 0 0 0 0 0 0 0 0 0 0 0 0 0 0 0 0 0 0 0 0 0 0 0 0 0 0 0 0 0 0 0 0 0 0 0 0 0 0 0 0
3.14346721420117 4.30702626715599 0 0 0 0 0 0 0 0 0 0 0 0 0 0 0 0 0 0 0 0 0 0 0 0 0 0 0 0 0 0 0 0 0 0 0 0 0 0 0 0 0 0 0 0
6.23923874318332 9.20372512220546 4.64554107386096 0 0 0 0 0 0 0 0 0 0 0 0 0 0 0 0 0 0 0 0 0 0 0 0 0 0 0 0 0 0 0 0 0 0 0 0 0 0 0 0 0 0 0
9.60373973927164 13.0270832662803 16.1674755005115 20.1376680704014 0 0 0 0 0 0 0 0 0 0 0 0 0 0 0 0 0 0 0 0 0 0 0 0 0 0 0 0 0 0 0 0 0 0 0 0 0 0 0 0 0 0
7.22433504873828 10.4654859792783 17.0066515350411 19.4292836291732 10.580423384796 0 0 0 0 0 0 0 0 0 0 0 0 0 0 0 0 0 0 0 0 0 0 0 0 0 0 0 0 0 0 0 0 0 0 0 0 0 0 0 0 0
10.5367803714354 17.4341213232081 12.4884023990388 19.1563315852562 15.695809240828 12.7267450632784 0 0 0 0 0 0 0 0 0 0 0 0 0 0 0 0 0 0 0 0 0 0 0 0 0 0 0 0 0 0 0 0 0 0 0 0 0 0 0 0
9.95478159870858 6.66790430312125 5.96014843724761 11.4969174574523 14.4637615960937 8.68359859926316 7.38085109314611 0 0 0 0 0 0 0 0 0 0 0 0 0 0 0 0 0 0 0 0 0 0 0 0 0 0 0 0 0 0 0 0 0 0 0 0 0 0 0
6.4652083983206 5.80145285557403 5.96014822689492 21.6546932477931 9.47413282940589 9.10711887760266 0.631530300433343 9.5033177561095 0 0 0 0 0 0 0 0 0 0 0 0 0 0 0 0 0 0 0 0 0 0 0 0 0 0 0 0 0 0 0 0 0 0 0 0 0 0
3.7931276092454 7.01783548425666 9.68314554532139 6.05645451558933 12.7971697832281 1.35411358097877 2.35165043447511 2.90066693312528 14.9209273534399 0 0 0 0 0 0 0 0 0 0 0 0 0 0 0 0 0 0 0 0 0 0 0 0 0 0 0 0 0 0 0 0 0 0 0 0 0
3.0857455636633 11.9650605354782 8.53983459195377 14.6503109554337 2.11454197068452 7.78287102024635 1.71698683076031 6.82672390237527 0.0703607978636944 6.11968964014015 0 0 0 0 0 0 0 0 0 0 0 0 0 0 0 0 0 0 0 0 0 0 0 0 0 0 0 0 0 0 0 0 0 0 0 0
4.77884077307638 4.91187204475655 1.04094217753207 7.69937433362002 0.734552625639027 11.775232356879 7.79060113539944 0.871931821559605 4.99310530736937 2.99081880034938 2.84431556382664 0 0 0 0 0 0 0 0 0 0 0 0 0 0 0 0 0 0 0 0 0 0 0 0 0 0 0 0 0 0 0 0 0 0 0
2.97302063043375 3.29961826794669 7.59348686662229 8.78510995260097 1.81021992674937 6.29992878808214 2.75653938968839 10.0336151580133 1.30173850489748 11.3260185034846 13.328973276692 5.38403845284734 0 0 0 0 0 0 0 0 0 0 0 0 0 0 0 0 0 0 0 0 0 0 0 0 0 0 0 0 0 0 0 0 0 0
2.69447458560915 3.76855376679988 4.18315202953588 0.989823243345389 13.3199580901748 1.33665665187695 7.09207463118172 1.18280940920518 15.2087573500082 1.35494067697721 2.99205728430723 6.03529972114324 4.79775997520236 0 0 0 0 0 0 0 0 0 0 0 0 0 0 0 0 0 0 0 0 0 0 0 0 0 0 0 0 0 0 0 0 0
0.107968702148412 1.43143044298694 3.34991943316922 1.60625057841318 0.512423140686643 3.14821824426663 0.527328707416207 9.43681684852106 1.09540813271153 3.18711985951717 2.54863646788097 1.93116808063374 7.77386781674324 4.17457548300368 0 0 0 0 0 0 0 0 0 0 0 0 0 0 0 0 0 0 0 0 0 0 0 0 0 0 0 0 0 0 0 0
0.796215991496531 9.28322595518665 1.38130752742617 0.15483890689089 3.62415046290627 7.8866111315854 0.24780507349518 8.00995246090498 0.77959263987321 2.7391381066869 7.41608278403806 7.76497975560086 0.479483869012028 5.77204021848206 0.584741567755287 0 0 0 0 0 0 0 0 0 0 0 0 0 0 0 0 0 0 0 0 0 0 0 0 0 0 0 0 0 0 0
1.02391342741595 2.44546049939706 2.95038779154495 4.47422023203152 0.246628272456782 2.67096749753335 4.32581067153045 6.22622062042205 1.85418520065855 0.126983890578597 8.69255683508649 0.384259703463576 2.24886949601957 2.79487126249244 0.586702851356333 0.298718633242603 0 0 0 0 0 0 0 0 0 0 0 0 0 0 0 0 0 0 0 0 0 0 0 0 0 0 0 0 0 0
3.53609647155122 13.7090676714323 0.554176916530973 8.98230193841045 8.78450902514159 6.21349770368825 11.3931510028412 9.35187900543942 6.12559503749685 5.12306725121841 7.84239515877568 3.5166228824366 10.1876804372948 0.293050967820872 3.59904223019107 3.79663849865062 2.45617430181765 0 0 0 0 0 0 0 0 0 0 0 0 0 0 0 0 0 0 0 0 0 0 0 0 0 0 0 0 0
0.883103518857258 1.43783640706118 1.05013723743542 6.29828473410591 2.00822015560392 5.9012825926036 2.90529345385483 2.92348940126019 13.114570806956 5.29033234863067 6.12672753130987 9.21159078935915 0.920446634485962 1.33571070014512 3.04010420104236 5.69743756262707 4.93533628137036 1.72808161770288 0 0 0 0 0 0 0 0 0 0 0 0 0 0 0 0 0 0 0 0 0 0 0 0 0 0 0 0
13.8307729459251 8.20292026249472 1.06409669167632 6.53676076656001 21.0545378775423 6.30874574940057 10.2639600586401 19.5508500590385 1.03427645542792 4.02015595657706 19.9063662170568 1.25695857623886 11.8935229336458 3.89527296198642 5.44123533251234 2.03345675104719 6.91417453075221 0.59388518429139 6.14502283181729 0 0 0 0 0 0 0 0 0 0 0 0 0 0 0 0 0 0 0 0 0 0 0 0 0 0 0
3.79888929726768 4.55582171932898 1.00975211014191 2.43083717799399 1.92270895053418 7.03512229732482 2.28499083688626 5.1039726738866 0.0941886587300561 4.67955457717055 0.034461697725074 2.27164049754856 2.65433712448193 1.76038207061449 0.486750861159535 3.18224917110526 1.7757765694808 9.62917542549093 4.60016093690586 12.8984930732032 0 0 0 0 0 0 0 0 0 0 0 0 0 0 0 0 0 0 0 0 0 0 0 0 0 0
2.21146515131774 20.7055455675522 2.90778837523107 1.88336284908152 9.01956148416408 6.86188173116102 2.39634082155016 0.665557420238697 8.93121208752991 3.65094486670287 1.30130904565361 17.2379760271777 13.0778745608569 2.59300193860934 1.09694413071431 4.96418923216569 0.789308397860844 2.87360814554971 0.0878942840530396 0.409886051230274 15.3412017376534 0 0 0 0 0 0 0 0 0 0 0 0 0 0 0 0 0 0 0 0 0 0 0 0 0
5.70079963254653 3.33483916735258 0.007188129104042 0.610711176670339 3.68734680337364 4.61395599095219 0.228310787613122 3.35991343553743 4.24811616671136 0.10176060434133 10.8672917437783 4.5886953135719 5.1374496953966 0.584724081749732 7.60474956966734 5.71229779423035 6.1318902195825 7.01689583662904 0.435124034524876 9.41877365244886 3.22895504450134 2.34650730286667 0 0 0 0 0 0 0 0 0 0 0 0 0 0 0 0 0 0 0 0 0 0 0 0
23.5711176070952 3.09063668638868 9.1355399400361 4.38982842219535 1.82448786302276 1.81238655486619 13.4069642708335 2.496150914207 16.954061694944 5.80357655635745 17.9104716105174 10.0385459467899 4.90348943060642 2.33033273014222 14.2844344378584 2.2262100056856 0.515701403114366 5.06915776202777 31.6548927563948 2.80031950439759 6.42879632188605 3.01332202128252 4.24121689110662 0 0 0 0 0 0 0 0 0 0 0 0 0 0 0 0 0 0 0 0 0 0 0
12.0910775750303 22.1449064690011 10.4104640305693 4.20789608418217 5.85570792059839 22.7848801068796 5.2417039030942 19.6775528983924 4.60840545145962 9.16680233623131 8.30934460868024 7.16087904702659 1.78076344408321 0.697861688443171 5.40685986270977 1.33801812820579 13.3807613546955 11.7335581967624 9.09827160626211 6.57147958748986 9.00687164500167 3.03777336006207 1.59235664474692 7.97770408392008 0 0 0 0 0 0 0 0 0 0 0 0 0 0 0 0 0 0 0 0 0 0
3.81851411413601 1.33739078452037 1.67457909244521 3.12641451335145 0.182885019292237 7.51353701490888 4.23892507537364 2.17851683950118 6.32295796350935 0.447789612390014 6.79581015102073 1.54883203379498 2.33717659028818 1.07697999489959 1.02089126704822 0.111309302443714 3.61157262556987 1.8313542188144 1.06003627172914 0.182386769233578 0.604099922836388 1.08164757824739 0.744811350707379 0.233135357009156 0.673855439826125 0 0 0 0 0 0 0 0 0 0 0 0 0 0 0 0 0 0 0 0 0
10.9484719242249 4.0295752495099 4.18866906018418 14.4971641226956 5.23474702294057 16.066133093767 1.64097039336094 5.5273614796199 28.4754182232224 11.1248197913349 2.99113960541619 6.43870520276185 12.9695294209703 4.02759821130054 7.52146515834239 9.50588204699636 1.02265545936019 12.5611486891354 20.5787335301714 6.7249329299897 0.824679806296422 5.18092016738982 13.6902081014984 13.6423874930349 0.514522831722064 11.0141485801975 0 0 0 0 0 0 0 0 0 0 0 0 0 0 0 0 0 0 0 0
1.41347763275586 5.49469626808313 15.4760666140009 4.67547294078634 16.5148521122642 2.3118353631649 1.30641514957748 16.434247138061 17.9825020976031 2.91721814177125 4.90676995589619 13.5518231277323 7.21630200426498 1.12232216848394 13.8850706593789 2.66358069338872 5.27784231755288 9.45291210125326 13.2811846833124 5.33195582127042 15.4267618399691 0.815322992633982 6.90414261112763 0.894847050085146 0.764147688172718 13.0813637984304 12.6547324816431 0 0 0 0 0 0 0 0 0 0 0 0 0 0 0 0 0 0 0
1.27487336123174 25.1307146601892 1.30041593726392 3.93870518027691 2.81272482925396 11.0702020152498 21.3101150222839 8.56585859967639 3.78809228416746 15.0199391786891 12.2828274077837 10.7548178529131 13.7672829716769 3.3064214631337 3.44396335678713 7.93884585813326 17.9902927761864 3.51307016897272 1.72770393749431 6.81927210642781 10.2483564498185 3.01090860487643 8.0362854695448 16.86732890438 1.33766847517057 13.6735915098402 11.6034344305064 4.42782525053261 0 0 0 0 0 0 0 0 0 0 0 0 0 0 0 0 0 0
6.35560154698635 13.8730804119388 3.62679602938656 6.11264329956673 14.4835497555902 18.9053015999978 3.2701101268516 0.0790768272195233 20.4180046749496 9.23645818237581 17.4703078160987 9.28563070342619 6.88805590032284 0.658871585324097 2.16683504172624 4.79189250955272 8.56536515013062 0.805591113759888 7.03754724484836 1.04969696623449 4.04977170016878 2.76981954000683 17.5684829340559 18.4506167209996 5.49142300770639 7.61327312262236 6.08917539469828 0.543836848802816 0.882144942261463 0 0 0 0 0 0 0 0 0 0 0 0 0 0 0 0 0
16.9840355285217 29.8833579394003 2.69113473593015 5.85187086995741 37.2797637316471 14.2613525723393 1.8590237884049 11.2753905304661 30.5985790845428 15.658142337389 13.9251968619619 24.4122925095753 5.43549654589524 1.58659610875714 13.9247703660191 5.16153402854276 5.23616253067313 3.57534876137499 26.608081870242 0.000436297645078644 8.51832444285928 1.28942135078662 24.9461094234958 4.27170624223835 5.33936456790539 15.0535734487464 0.984471114459406 5.08880444336636 37.9709884925168 13.9620657477865 0 0 0 0 0 0 0 0 0 0 0 0 0 0 0 0
21.5974069382829 14.2354167872062 8.31275314527467 8.70407234414139 1.46516880809051 0.133318973361983 12.8225600762867 6.66418287745684 12.2847878777966 11.8580283322076 12.7287755748403 4.78716795645383 4.43985782875264 2.03779852316929 5.96855887473004 0.238894382518789 8.72595145017766 3.62109946725606 13.5423655992703 5.87529049276089 24.0708949417918 1.95169146690293 8.88078882272775 5.46211444545342 0.178209257344004 2.11172928869681 4.36434927908532 21.8640549324658 9.69008261502578 15.079513454523 12.793396036363 0 0 0 0 0 0 0 0 0 0 0 0 0 0 0
3.39300450087487 6.6696191125211 9.22549981573704 3.54425389352477 1.29497819300885 4.74190018278095 10.540793787877 4.86149113772757 15.4867091198958 9.0117975296935 0.341134965429349 4.0185523642543 9.94857688429811 5.29298682611349 0.531780172504058 0.119099667462177 5.73750269071398 6.0034011047122 4.58296291643317 8.99729607864425 11.7695675864573 16.2711438565207 10.5568214149226 2.21489464472883 5.58351694691972 1.80700764879648 6.86659583123541 15.940778135272 4.52336641531757 10.5699536978567 0 0 0 0 0 0 0 0 0 0 0 0 0 0 0 0
4.70569259978222 21.2921712914487 2.16686589744223 2.54572704382629 10.2486847267942 1.61685083036614 8.40826246865746 12.2638978734544 19.3976917744862 2.25400960196057 11.2605277329537 12.8157780120085 4.85687214779258 1.42465561669667 8.98611591867351 4.36753437207459 6.58048878385041 1.01730403492933 24.2107452408756 1.54651217555936 22.8916089092382 10.5301640560628 21.8979826368456 4.61746814918481 1.72368548905997 24.7724214425751 2.12663743389791 1.09849322593849 0 0 0 0 0 0 0 0 0 0 0 0 0 0 0 0 0 0
20.8830435711548 2.40511564431721 3.01739221157029 25.2151170416596 11.3273678369034 16.9685727111901 17.82875022434 14.4175111930353 4.36297187397423 14.8688347523069 17.9531101036904 7.22868058635596 7.4252553354152 4.0570966449471 10.3406800423443 1.93481608921018 5.14552137232273 7.06429768271051 22.5679258912254 6.73343086588617 19.198677277896 0.951662601272276 0.497452579801592 5.14448965944931 4.58492973838519 0.550195690023342 0 0 0 0 0 0 0 0 0 0 0 0 0 0 0 0 0 0 0 0
0.800785111241048 8.3706461641536 16.2964810041592 11.9445253920109 17.4968679457311 11.3905085991284 11.1583699488496 7.27916804009069 6.20659674341918 11.3979292589161 31.2458772023729 2.20060615885951 2.32011001434088 0.844907954856487 16.6162486512905 2.9553611260832 14.8701884829269 4.00095740805343 5.12191379990485 2.12237417397338 0.313417314443776 6.99189340280104 7.31605304954091 17.9366377218072 0 0 0 0 0 0 0 0 0 0 0 0 0 0 0 0 0 0 0 0 0 0
0.910170932817149 17.6787830404371 7.05196283891219 7.78319525774777 3.81501023150602 3.75400286074465 1.81441930103541 5.34669215415181 9.37110112160399 13.5253382485153 5.42997202263359 16.5745518958878 6.56058155272518 6.76087321568124 3.87389779610677 6.90928369642665 3.15445065778877 0.0246402825527844 6.97552488860712 2.09308209276605 3.42155561661154 5.26807445784425 0 0 0 0 0 0 0 0 0 0 0 0 0 0 0 0 0 0 0 0 0 0 0 0
0.564791409222598 7.65204299651436 3.20175446905696 3.70092962256429 9.36168933297462 0.581770918044846 15.8012061835947 12.257298713371 12.3158194238294 6.16815151153162 25.7764234336347 6.98006019175171 7.73699727719951 2.56666206816517 10.767408991736 1.88108260968964 19.2464171474278 3.85018559241392 4.75173979977552 4.39187160857735 0 0 0 0 0 0 0 0 0 0 0 0 0 0 0 0 0 0 0 0 0 0 0 0 0 0
4.78360411089549 5.87612064186602 9.91209232834772 7.87619032262065 2.72797444625483 23.2986055444406 28.0937378355307 19.8825365039175 9.83979711640184 14.6318490547113 25.3745846426287 7.23881298309813 2.0873955660342 3.99390666897244 7.87301262147668 6.8349040262526 8.65249631371914 2.79453134271866 0 0 0 0 0 0 0 0 0 0 0 0 0 0 0 0 0 0 0 0 0 0 0 0 0 0 0 0
0.810666967658785 13.7771676593836 7.11793225588969 0.0760571503101933 20.6436187686045 28.1635436348143 15.2366472815622 9.1355800236265 21.5547725994795 20.9954139764291 9.0839859575278 2.32057365411454 17.9813625740742 4.14992062512069 1.03150625521883 0.0610991266583719 0 0 0 0 0 0 0 0 0 0 0 0 0 0 0 0 0 0 0 0 0 0 0 0 0 0 0 0 0 0
10.5971635158867 24.3548475831321 0.947643980811512 6.32295315385826 19.1022089057349 12.4226533739388 6.66113903304902 7.98109884446932 19.7794947145944 6.244599096503 1.86733853782085 4.00069945341678 10.517097884959 1.29980927269895 0 0 0 0 0 0 0 0 0 0 0 0 0 0 0 0 0 0 0 0 0 0 0 0 0 0 0 0 0 0 0 0
20.9637622548222 9.11363640942241 14.0181911769935 24.4216078967162 25.9024558716138 6.21971975249346 18.0500882994231 23.7542136786391 31.0526977527128 7.87911805797266 7.66704803916103 6.09306410115022 0 0 0 0 0 0 0 0 0 0 0 0 0 0 0 0 0 0 0 0 0 0 0 0 0 0 0 0 0 0 0 0 0 0
6.67392195099084 23.9385434515339 14.7899051081687 21.498901609584 7.44066630957369 18.7346390299993 26.4917423890017 25.2300076346861 1.5473344738979 5.59658393186635 0 0 0 0 0 0 0 0 0 0 0 0 0 0 0 0 0 0 0 0 0 0 0 0 0 0 0 0 0 0 0 0 0 0 0 0
5.19487646988655 7.94343440007244 2.14943814998761 5.51191336619089 10.2258061058239 15.0452150155154 5.89425344156035 1.35557799235107 0 0 0 0 0 0 0 0 0 0 0 0 0 0 0 0 0 0 0 0 0 0 0 0 0 0 0 0 0 0 0 0 0 0 0 0 0 0
21.08568077587 11.8344798169506 11.194878454179 32.341123407005 33.0511453198883 9.33602784360682 0 0 0 0 0 0 0 0 0 0 0 0 0 0 0 0 0 0 0 0 0 0 0 0 0 0 0 0 0 0 0 0 0 0 0 0 0 0 0 0
8.92578157097626 7.51721021001311 14.7797200332866 10.2825547567 0 0 0 0 0 0 0 0 0 0 0 0 0 0 0 0 0 0 0 0 0 0 0 0 0 0 0 0 0 0 0 0 0 0 0 0 0 0 0 0 0 0
3.08862291953629 9.18878309511657 0 0 0 0 0 0 0 0 0 0 0 0 0 0 0 0 0 0 0 0 0 0 0 0 0 0 0 0 0 0 0 0 0 0 0 0 0 0 0 0 0 0 0 0
