1.59102993335363 0 0 0 0 0 0 0 0 0 0 0 0 0 0 0 0 0 0 0 0 0 0 0 0 0 0 0 0 0 0 0 0 0 0 0 0 0 0 0 0 0 0 0 0 0
4.24599931069955 5.09952987110754 0 0 0 0 0 0 0 0 0 0 0 0 0 0 0 0 0 0 0 0 0 0 0 0 0 0 0 0 0 0 0 0 0 0 0 0 0 0 0 0 0 0 0 0
9.64318143295047 13.1592723378503 6.7103079865881 0 0 0 0 0 0 0 0 0 0 0 0 0 0 0 0 0 0 0 0 0 0 0 0 0 0 0 0 0 0 0 0 0 0 0 0 0 0 0 0 0 0 0
13.98662114053 16.8438531947097 18.1317183999577 20.8638849262914 0 0 0 0 0 0 0 0 0 0 0 0 0 0 0 0 0 0 0 0 0 0 0 0 0 0 0 0 0 0 0 0 0 0 0 0 0 0 0 0 0 0
10.0986821702623 12.5867970953958 19.3270230916106 16.7835735003403 8.69155162202615 0 0 0 0 0 0 0 0 0 0 0 0 0 0 0 0 0 0 0 0 0 0 0 0 0 0 0 0 0 0 0 0 0 0 0 0 0 0 0 0 0
14.3848184828091 19.7023891924041 9.7511638535008 21.7730830222602 10.1671660183026 13.5590964965579 0 0 0 0 0 0 0 0 0 0 0 0 0 0 0 0 0 0 0 0 0 0 0 0 0 0 0 0 0 0 0 0 0 0 0 0 0 0 0 0
9.6957251558673 5.91623697807537 6.59009215833403 8.61070382451439 9.20851954343951 5.05758181047601 1.37494401492286 0 0 0 0 0 0 0 0 0 0 0 0 0 0 0 0 0 0 0 0 0 0 0 0 0 0 0 0 0 0 0 0 0 0 0 0 0 0 0
5.11167859537655 6.52215446069371 3.94354069107984 18.2234027776531 5.64634392222868 2.52657297196595 4.80502820226711 7.58973102349588 0 0 0 0 0 0 0 0 0 0 0 0 0 0 0 0 0 0 0 0 0 0 0 0 0 0 0 0 0 0 0 0 0 0 0 0 0 0
4.24131105018579 2.04448124944161 8.11543683563395 4.1850866025757 0.819739945452617 3.84736397786701 0.758961663537668 10.0942270845003 15.9854289782153 0 0 0 0 0 0 0 0 0 0 0 0 0 0 0 0 0 0 0 0 0 0 0 0 0 0 0 0 0 0 0 0 0 0 0 0 0
2.14778193181398 14.3162489709977 6.69831313367445 4.61041217564618 3.28684706131802 6.20550904712072 6.58800941412743 5.68304250340182 0.407133505479862 6.86466977827117 0 0 0 0 0 0 0 0 0 0 0 0 0 0 0 0 0 0 0 0 0 0 0 0 0 0 0 0 0 0 0 0 0 0 0 0
1.37380636950693 0.411640968568999 1.86828704461964 12.7468223836672 1.1633301749829 10.5287066671319 16.163157107484 1.06496943238049 1.51154784168904 1.08249367500356 7.77568257969381 0 0 0 0 0 0 0 0 0 0 0 0 0 0 0 0 0 0 0 0 0 0 0 0 0 0 0 0 0 0 0 0 0 0 0
2.40612463050601 1.41966448882611 2.93216700437274 3.45254301209255 6.56959077073941 7.94702564916618 0.0877623068794701 7.94604552937939 0.503217348976622 15.9598204678587 8.95164943939577 8.06312650431595 0 0 0 0 0 0 0 0 0 0 0 0 0 0 0 0 0 0 0 0 0 0 0 0 0 0 0 0 0 0 0 0 0 0
0.393369970541721 5.44386477898728 0.880524511044803 3.58516083833054 3.70420565005468 2.10076050336347 0.186054188801388 1.62140186309168 4.32978631601027 2.26798542109078 2.4533372120496 0.459076870010306 0.404890542783483 0 0 0 0 0 0 0 0 0 0 0 0 0 0 0 0 0 0 0 0 0 0 0 0 0 0 0 0 0 0 0 0 0
0.0766653667082102 4.3226527150536 6.44891369098213 4.86410154233231 1.77023539136467 1.3437568349185 0.47060571155586 6.33156067869203 2.95306243889075 2.22585585246681 7.99842025455226 0.195704670820623 11.8115221944631 6.26098953809512 0 0 0 0 0 0 0 0 0 0 0 0 0 0 0 0 0 0 0 0 0 0 0 0 0 0 0 0 0 0 0 0
0.316676409335723 8.68113060298549 2.86511284601289 2.13643035849931 0.430129609037845 2.96582186512653 3.24303935719376 3.47687470743138 0.787755527520487 0.145465624347758 3.14663877105526 0.360674092330262 1.54076550806879 4.60922081142915 4.24845866846615 0 0 0 0 0 0 0 0 0 0 0 0 0 0 0 0 0 0 0 0 0 0 0 0 0 0 0 0 0 0 0
2.07925950137202 3.17305726179309 4.47444114157855 7.7926884383624 0.598044202148336 5.42713799761766 9.73856448780998 9.63597081605385 8.75359587914437 0.333152143374207 24.0720029396593 0.351458949717704 8.69211478066786 2.54329093129336 1.09103511576559 0.749192992510134 0 0 0 0 0 0 0 0 0 0 0 0 0 0 0 0 0 0 0 0 0 0 0 0 0 0 0 0 0 0
8.73960729832166 9.70984403655124 3.65606807329126 4.09405880812184 5.8859204089867 14.2119209398666 6.54960635975599 12.5311641610587 1.13423437978491 10.7303115341751 7.66453666288205 2.2229746143993 5.90846949418904 0.7621487559128 0.428405541556641 11.206030825961 3.96264653531845 0 0 0 0 0 0 0 0 0 0 0 0 0 0 0 0 0 0 0 0 0 0 0 0 0 0 0 0 0
2.35588042976167 6.98197044201375 1.1942026369464 3.93494843846765 2.61659220254659 2.18634638871824 4.2818936533619 3.88958069940724 12.3521026636325 4.53118146967604 11.9205475714219 9.61240223602099 0.64719719154693 0.679350506684858 2.83297764711066 7.36134119351519 2.83543400265854 5.98426115644387 0 0 0 0 0 0 0 0 0 0 0 0 0 0 0 0 0 0 0 0 0 0 0 0 0 0 0 0
20.3520214762103 14.2296482911429 3.55310168238776 8.74626172625584 17.0858697656955 17.6299685411314 2.41625109938117 4.99046894084039 0.277821241555374 5.46912855274582 14.1926174906251 12.5835561486892 1.53796443224742 5.89045041373154 2.85115685192013 12.1642683933331 2.86095767785669 3.4019482791277 2.87889835649676 0 0 0 0 0 0 0 0 0 0 0 0 0 0 0 0 0 0 0 0 0 0 0 0 0 0 0
0.336029300625165 12.8498521004309 0.74953327098869 1.57177882058022 6.74505793410521 4.67312939524907 6.64605318301657 7.25471781803975 2.03043304472688 0.084767233953298 0.291840782772513 5.10064831546677 0.0184325297260159 0.113439570734936 3.55599435713839 5.92786006980801 0.849638989378908 12.4086075789344 11.3907085440363 7.64607427886053 0 0 0 0 0 0 0 0 0 0 0 0 0 0 0 0 0 0 0 0 0 0 0 0 0 0
7.97401419069926 27.3461461115081 3.56846745567562 4.38738060064166 3.77263755028168 3.30511173817172 1.22793430016368 0.67753685455457 8.31681556180333 9.73566754714494 2.39727071869764 15.4977357760944 10.5114416865309 0.0507382058068537 1.2515057559 8.08495731755146 0.103479790341432 9.07567191865722 21.7913053148177 4.97336220283769 18.9878395972885 0 0 0 0 0 0 0 0 0 0 0 0 0 0 0 0 0 0 0 0 0 0 0 0 0
17.6942526950117 16.5401167353426 6.82604391734867 0.86717691427686 25.3730141826496 6.28872596133635 3.08759079746562 15.4328848382653 4.13735911393574 4.98643929945059 7.30107229064305 5.40992537509851 10.1668314248949 0.0302786243813904 7.89045254503271 9.8058409455158 2.53815592364524 7.36469589187521 9.66381533623287 6.67612492771169 0.0428466195155618 10.7998041391638 0 0 0 0 0 0 0 0 0 0 0 0 0 0 0 0 0 0 0 0 0 0 0 0
21.1021718086605 22.6770952235198 1.58312197545572 5.08500426886138 2.14798616674217 1.4204031263175 16.3653759482952 5.15049936582145 12.5733323973495 11.5052882759456 13.5238055609682 26.8319355765448 0.0136014994558867 3.80668339232929 4.98878310863428 2.03068033276673 2.7173544611046 0.701217661396042 39.7763196070037 7.109282993239 6.96654090336572 17.9657813786827 8.59469684428408 0 0 0 0 0 0 0 0 0 0 0 0 0 0 0 0 0 0 0 0 0 0 0
14.1889526757035 7.9384475823133 10.5514573207199 1.68836716273842 9.50650642723219 15.1502871928718 5.2703365174379 9.43182454478759 9.74802026906489 13.3571082478429 3.3384663854141 4.50019488825959 2.36956535073406 3.67555923245454 0.477493165270274 3.37260830094178 11.088031636622 8.69693120290875 5.80635512328397 0.071978420110298 9.94650203741376 11.0299893828398 2.32480842795626 10.0845963639595 0 0 0 0 0 0 0 0 0 0 0 0 0 0 0 0 0 0 0 0 0 0
5.80656993644977 22.4062802532403 2.42632584190338 1.17216355980745 13.162202174048 12.7578389177625 10.1235942937655 2.61629243468807 13.0555306213697 11.9953332549416 7.14792137551319 2.9999943355952 6.39372728255791 0.201101430051251 4.25643833402724 7.82206418072241 15.1086722590284 8.61396165720911 12.3726269737518 2.11455478398922 8.04091723190069 2.1875436201217 13.0091414885907 19.9173788738362 4.48414711558799 0 0 0 0 0 0 0 0 0 0 0 0 0 0 0 0 0 0 0 0 0
1.16637220287201 6.61273364533516 6.96911259731151 3.27629079805558 2.9227774045886 3.70018938361679 1.92764351733877 1.42426797193351 9.81351800066752 7.70025186777251 9.53091181194186 7.311117291335 0.391505145516069 3.29883339673242 1.79141858778114 9.57772977965785 0.236626660533227 17.6036394973213 2.98738490651856 13.8911148102385 1.36430019155415 17.3575596444199 10.0646690279959 2.58858857261763 0.261179893063339 0.00556208796824948 0 0 0 0 0 0 0 0 0 0 0 0 0 0 0 0 0 0 0 0
0.808721748606231 11.9880876041537 7.88082874450282 3.75510918418275 9.9319079013368 6.0066173206302 0.769402462207972 5.57774467083719 16.2080591793611 0.774724495980688 3.948371788483 15.8688343290216 4.8762376211986 3.45434191565073 5.97995338397695 6.02600083087314 5.12927864790426 5.65220211310732 1.09358131158866 10.4684617170832 13.2368733546407 15.2404197105155 12.0224113399089 0.617340666063916 4.21538080855295 0.530558479952578 1.77976604400242 0 0 0 0 0 0 0 0 0 0 0 0 0 0 0 0 0 0 0
2.90063413638945 20.4877648311192 0.702626420171943 1.03524740388653 9.4279943342421 8.5497614212544 14.1060725855869 3.96886647635138 1.89410663619455 9.91284923141314 13.1150851237165 1.74439583627751 2.23397719355058 0.868060399983617 1.30270887774723 11.2776068012167 17.6459048136432 3.82706015046216 0.187669305545619 9.10483406026974 1.13706527798599 2.68778647669063 13.0713410135227 9.46500208840732 10.1118691613863 2.3409872561119 5.64552703942462 1.51293712904981 0 0 0 0 0 0 0 0 0 0 0 0 0 0 0 0 0 0
1.20298961926754 19.3893015798701 1.08391299450982 6.37796426757147 8.93905665063525 9.86688404142593 1.89766475768716 0.136980684155135 8.47843746504095 2.39723627601202 9.28295828748232 6.47987899540333 2.96480927811094 0.458871634664147 0.348878231258915 3.41393635945197 2.05940676895758 2.69254562466259 1.93169056052244 5.87628380895554 6.06612994782034 10.7862080683681 9.40172246263349 9.84686970932181 13.2817625322085 0.874112162306418 0.651830287569878 0.929549616334024 0.549153988114625 0 0 0 0 0 0 0 0 0 0 0 0 0 0 0 0 0
15.5212452067088 7.26418118963886 10.4694502024587 9.65874825603448 29.6142563080633 8.87862381653167 1.27165027486731 7.71081295159631 19.0844579837348 2.09240997729425 2.91460831945925 26.9532053457109 1.76487678530877 2.7708335399079 9.25159684721921 7.58106509745925 4.26019522234161 4.2949591917431 9.53730716013425 7.5055034116891 8.00755870134207 12.2034345222769 23.864104752864 9.57464592289037 7.95009652424724 0.584849187147414 0.963178808665556 2.39405101450352 14.926659545719 14.2025715768175 0 0 0 0 0 0 0 0 0 0 0 0 0 0 0 0
14.055179101781 23.0616471566867 7.73844558937701 8.92585007847917 0.379868310649069 0.173485888374406 6.49271427906634 2.43236449170563 0.489471870110524 16.7699494604934 9.46020595631637 4.34697287768866 0.929799111765848 1.04955539675752 5.86465419832179 0.68115956385106 8.37230323538047 1.03993502695679 11.2841513567273 0.886756215299215 23.5274048474484 15.3313330452597 15.3608036461698 11.7758769382665 1.03494153097107 6.69518924444923 2.68534765228501 16.6926423906744 4.16395726831741 12.984815483495 5.45028731242926 0 0 0 0 0 0 0 0 0 0 0 0 0 0 0
18.3331441235489 12.3196066049852 11.3630641974958 1.47096673017882 3.15956129577987 10.2111237471414 7.8310310267337 0.780693207515462 15.7059914719076 19.3682372227336 5.25422875965457 10.9428065884957 3.4370077083574 0.484263088436488 1.7627421721978 12.5742252612592 7.90854240101109 5.78224078781093 17.80279583108 11.9011039448869 19.6796700518324 1.3568205957924 20.2977952015762 15.1721209290447 3.1403053617 13.4029974980213 13.3403374786427 13.2547457553185 2.53588438060185 0.106108833324632 0 0 0 0 0 0 0 0 0 0 0 0 0 0 0 0
8.62105311231199 34.8193811722342 2.49425140742223 0.706804132988352 15.7371251516624 5.87382853654581 2.54146570673968 6.76627422620315 19.1925588994389 6.19930608984651 6.45318706520553 16.0991191365213 1.46204436834949 0.711657186254549 3.95635789931393 7.51233014378497 9.30493735487038 2.98804524256589 23.2449967581755 4.17308365860688 21.3299084258024 18.8979807690798 23.8100115691091 6.43394738337338 3.83050282480773 10.4206362870944 1.66794198341645 0.685125916878629 0 0 0 0 0 0 0 0 0 0 0 0 0 0 0 0 0 0
25.157392855505 1.48883197080569 1.71082587593712 18.5648999020975 11.6829919672366 1.34223138035857 9.36309448298396 11.0279994895259 2.93902909459214 15.243046229474 7.73886741616416 6.20866280569165 5.53523913181024 4.27354601231699 5.24621068145845 5.93924266671179 11.5094040906882 11.944817225984 18.2616222334686 4.65073242164162 12.2098923134225 1.46552656781568 0.759027269730007 1.7054413575169 25.5526611555997 0.115528518366183 0 0 0 0 0 0 0 0 0 0 0 0 0 0 0 0 0 0 0 0
1.63000272756264 8.90861969006578 12.0073689957833 10.2947530146338 4.68075378906103 5.94566516967397 12.9952472262697 11.627584310299 6.95024567280474 7.82618722736756 23.3462121981685 1.12371852924645 3.78886049745332 1.92127961852823 14.5019148877956 2.50171713666652 19.6700569064313 1.61369354710129 7.38265195920389 9.91560502824201 5.41423819056151 6.31195111271072 5.89365181856265 31.0037833078773 0 0 0 0 0 0 0 0 0 0 0 0 0 0 0 0 0 0 0 0 0 0
0.122358439395978 14.1050929034484 8.26409402400705 0.79596800183973 0.132242039263868 2.41094713905816 3.82615084671844 1.99056247508428 7.3713149924672 9.95896842447761 4.5685773928766 8.03031701392133 1.24339783758771 2.6791771625283 0.465079843550322 5.58361227450266 2.23639804012183 5.00037786789077 2.3728896151089 9.48792379994626 5.54530164720236 2.0396166332291 0 0 0 0 0 0 0 0 0 0 0 0 0 0 0 0 0 0 0 0 0 0 0 0
0.578022810581229 9.48385757187308 2.78189884233567 1.28068191887756 7.99906721804513 0.739633923724688 11.9106843666931 7.42033557120928 7.59284637209455 4.58555609195919 23.911103923036 1.92164404370506 13.6654698174779 6.82142509424324 8.83711957795481 1.88848598749076 10.5232804063429 1.81592699037124 6.89889094565488 11.0654606871161 0 0 0 0 0 0 0 0 0 0 0 0 0 0 0 0 0 0 0 0 0 0 0 0 0 0
3.35813236611653 6.51929968574866 5.1643919636018 7.04582170153983 1.35038173704346 17.7878750035655 21.8020053732588 10.2607022263075 6.75233517476245 13.5019705164285 12.8702329877969 4.4719339027532 2.25282572821331 4.45470452359215 0.657738041366332 2.08662234155687 11.7272060719366 0.390498121143904 0 0 0 0 0 0 0 0 0 0 0 0 0 0 0 0 0 0 0 0 0 0 0 0 0 0 0 0
4.74270536490787 1.43942006975013 4.68852444533258 1.14440797843028 13.6732007807313 16.2369072345554 11.0247541268698 8.44141570514143 14.8905660952707 11.6828713137421 14.904378304395 1.49659865867374 12.3088322600914 1.52247082409319 8.32907866461915 1.25794524905064 0 0 0 0 0 0 0 0 0 0 0 0 0 0 0 0 0 0 0 0 0 0 0 0 0 0 0 0 0 0
10.3339148101624 25.2978068167213 0.504156187708637 1.97233629377574 3.02232675130243 3.89256621048096 1.02457575221837 0.285821379642102 5.5707045327916 3.38889982515332 0.509493230977138 9.3496952756302 1.98281878719038 2.62326584463241 0 0 0 0 0 0 0 0 0 0 0 0 0 0 0 0 0 0 0 0 0 0 0 0 0 0 0 0 0 0 0 0
18.9219254128483 7.42880443515816 14.0978587909116 24.8272462034107 23.8243096610397 3.03170816713574 16.4713807113164 17.2764559216193 22.6601025994912 9.63470304902359 2.9676269447133 6.97473029846182 0 0 0 0 0 0 0 0 0 0 0 0 0 0 0 0 0 0 0 0 0 0 0 0 0 0 0 0 0 0 0 0 0 0
5.85837988813517 24.1457739699141 16.2291959313153 21.2438894067541 4.72959095191405 16.8343027755415 22.0055844187226 19.9198932557744 0.677035626337443 12.1162712717981 0 0 0 0 0 0 0 0 0 0 0 0 0 0 0 0 0 0 0 0 0 0 0 0 0 0 0 0 0 0 0 0 0 0 0 0
4.07774833910226 5.88500116835489 2.02244069624048 4.05951606224642 7.60544858443053 10.9263491136248 4.08121700392479 0.597799383357084 0 0 0 0 0 0 0 0 0 0 0 0 0 0 0 0 0 0 0 0 0 0 0 0 0 0 0 0 0 0 0 0 0 0 0 0 0 0
17.9591118189756 11.0927732456866 10.947045881778 34.2069577034182 29.0218814089567 15.955231986596 0 0 0 0 0 0 0 0 0 0 0 0 0 0 0 0 0 0 0 0 0 0 0 0 0 0 0 0 0 0 0 0 0 0 0 0 0 0 0 0
8.28069082109264 6.79592099542141 14.5365328421386 10.9317023133104 0 0 0 0 0 0 0 0 0 0 0 0 0 0 0 0 0 0 0 0 0 0 0 0 0 0 0 0 0 0 0 0 0 0 0 0 0 0 0 0 0 0
1.17707775498276 11.1467132855299 0 0 0 0 0 0 0 0 0 0 0 0 0 0 0 0 0 0 0 0 0 0 0 0 0 0 0 0 0 0 0 0 0 0 0 0 0 0 0 0 0 0 0 0
