2.78869069326202 0 0 0 0 0 0 0 0 0 0 0 0 0 0 0 0 0 0 0 0 0 0 0 0 0 0 0 0 0 0 0 0 0 0 0 0 0 0 0 0 0 0 0 0 0
7.01384083422566 3.42802590285886 0 0 0 0 0 0 0 0 0 0 0 0 0 0 0 0 0 0 0 0 0 0 0 0 0 0 0 0 0 0 0 0 0 0 0 0 0 0 0 0 0 0 0 0
3.48884406156442 3.63659082791263 4.19644189522782 0 0 0 0 0 0 0 0 0 0 0 0 0 0 0 0 0 0 0 0 0 0 0 0 0 0 0 0 0 0 0 0 0 0 0 0 0 0 0 0 0 0 0
4.68549897971288 5.88800178851847 8.18644031726238 8.89891354944838 0 0 0 0 0 0 0 0 0 0 0 0 0 0 0 0 0 0 0 0 0 0 0 0 0 0 0 0 0 0 0 0 0 0 0 0 0 0 0 0 0 0
5.67301369133844 6.75847190755016 6.26543437266733 9.51224940753778 5.46087136733266 0 0 0 0 0 0 0 0 0 0 0 0 0 0 0 0 0 0 0 0 0 0 0 0 0 0 0 0 0 0 0 0 0 0 0 0 0 0 0 0 0
9.83716933802764 5.74406117007712 2.99256714091197 4.89833699392456 4.20717261244614 4.03810730413948 0 0 0 0 0 0 0 0 0 0 0 0 0 0 0 0 0 0 0 0 0 0 0 0 0 0 0 0 0 0 0 0 0 0 0 0 0 0 0 0
9.82018619936981 2.00587467852861 1.85859500779894 4.52962640524015 10.2171192401781 8.67075055680295 8.29263894394431 0 0 0 0 0 0 0 0 0 0 0 0 0 0 0 0 0 0 0 0 0 0 0 0 0 0 0 0 0 0 0 0 0 0 0 0 0 0 0
5.24718929842588 2.8868471083444 1.31716181420338 6.52944428085786 11.9925648875297 8.40497405517822 7.83096996548999 9.03560892374961 0 0 0 0 0 0 0 0 0 0 0 0 0 0 0 0 0 0 0 0 0 0 0 0 0 0 0 0 0 0 0 0 0 0 0 0 0 0
9.43233264179893 3.92589761565567 2.89235900801935 14.8340393318453 18.8741063328986 11.9578031335644 22.1072341305853 17.918092970739 16.6781117042469 0 0 0 0 0 0 0 0 0 0 0 0 0 0 0 0 0 0 0 0 0 0 0 0 0 0 0 0 0 0 0 0 0 0 0 0 0
15.2280497937534 4.53021335251729 3.7561054757489 17.0956227195031 20.2161601048254 20.5454937202708 25.5408077468702 21.4561884241477 39.5381644399309 23.1614755280331 0 0 0 0 0 0 0 0 0 0 0 0 0 0 0 0 0 0 0 0 0 0 0 0 0 0 0 0 0 0 0 0 0 0 0 0
8.12714513876659 3.73612193199792 2.2599341460818 8.73493058341646 15.3389638164101 9.27754129526095 14.5981415073409 16.4206477811614 20.7215294009198 27.3305195386963 7.93674665370487 0 0 0 0 0 0 0 0 0 0 0 0 0 0 0 0 0 0 0 0 0 0 0 0 0 0 0 0 0 0 0 0 0 0 0
13.1046230611184 4.29445008649074 2.2797271001961 13.1599962470424 20.0151161130196 13.2866105785281 22.381791484859 16.7623932413976 29.2705732706258 30.5427192854034 26.0978743173322 18.7175509019943 0 0 0 0 0 0 0 0 0 0 0 0 0 0 0 0 0 0 0 0 0 0 0 0 0 0 0 0 0 0 0 0 0 0
18.737686209301 5.02155512028192 1.82304777790509 13.2190831444509 20.7517660268974 12.6517660454252 23.4452813940389 15.4391570023234 28.7216925866486 38.0259995845992 23.4685972022057 31.8351207333829 25.03092412946 0 0 0 0 0 0 0 0 0 0 0 0 0 0 0 0 0 0 0 0 0 0 0 0 0 0 0 0 0 0 0 0 0
15.6784482398178 3.99602572915364 2.49731331183398 14.9113297489784 19.5124675463767 16.6205447290687 18.2820972039557 18.9245539794894 29.5971363905321 38.4301280465612 24.1952600259804 37.6409542134785 41.2043401136911 23.1002743449775 0 0 0 0 0 0 0 0 0 0 0 0 0 0 0 0 0 0 0 0 0 0 0 0 0 0 0 0 0 0 0 0
14.6593696462988 4.40462429107663 2.42138349348954 15.0996974415407 15.0401660623325 12.0553566986849 21.0272197036962 16.7668406296198 24.2645023698313 37.7126263155672 24.84527760845 35.6728008946095 37.0720824930987 27.3244398732686 17.5997760441629 0 0 0 0 0 0 0 0 0 0 0 0 0 0 0 0 0 0 0 0 0 0 0 0 0 0 0 0 0 0 0
17.0468329353968 5.34788009603623 3.26312324784296 11.735121340718 18.5813122884966 13.1507610538674 23.7707574748935 16.1278564379524 32.4753418198507 45.6698056550047 30.6866427664649 37.1946358389155 31.7196216662974 33.0346455243901 31.5043169375864 21.849209166422 0 0 0 0 0 0 0 0 0 0 0 0 0 0 0 0 0 0 0 0 0 0 0 0 0 0 0 0 0 0
16.0829639334261 3.84420784172553 1.85442130297515 12.2311582112877 14.3811346419782 14.6988836360229 17.8896155359163 17.8534996252753 34.0695957795366 44.1076560734976 24.9784989719804 29.3869585753109 31.6907038566801 34.3162548956929 32.2636487267271 33.3848859725351 20.2025571565507 0 0 0 0 0 0 0 0 0 0 0 0 0 0 0 0 0 0 0 0 0 0 0 0 0 0 0 0 0
19.185446552155 2.6797973032447 1.87186697029251 10.0484526336271 15.9785483686783 10.7798043988346 19.9947071015886 19.7571311532598 33.5236860249874 40.2769512572856 20.1648171579616 30.7874972841665 30.8170516167842 35.2468105353761 30.4229895590496 35.4566049780445 29.3514332276998 14.7096811283364 0 0 0 0 0 0 0 0 0 0 0 0 0 0 0 0 0 0 0 0 0 0 0 0 0 0 0 0
8.50366268171895 2.84194318872234 1.29398465108756 12.4405787574983 22.4249430445802 9.91687933850603 28.0634907296029 17.0639971414698 34.9153261124905 29.6255113240437 20.1746518702704 22.3029804342649 39.1508299986579 33.2107331020896 25.4792805830791 28.6890024173038 29.3609948915788 29.6263014854511 21.8291901791965 0 0 0 0 0 0 0 0 0 0 0 0 0 0 0 0 0 0 0 0 0 0 0 0 0 0 0
15.9379184111004 2.23502253624736 2.67669863019324 10.7154015567783 17.7837334924731 17.8531748436085 24.5414765518599 24.0893140527927 27.0077868204881 34.7855325122308 26.548687124014 33.9756141446875 30.9861974833046 37.9884002357417 30.7899762263958 30.8106036714439 33.5088621372991 37.371441056192 38.1148284961394 26.1689279074612 0 0 0 0 0 0 0 0 0 0 0 0 0 0 0 0 0 0 0 0 0 0 0 0 0 0
6.20999015198506 0.774858844825035 3.33390277837355 4.57908669559806 18.9278172092881 9.86394134049792 17.9036525008777 9.9185925330333 20.7791160203794 17.4955462294506 17.7226270048596 16.9113466165043 25.1404928398505 25.4242053644593 20.1507665483639 23.9338705473591 25.2714350743296 24.4502692446331 21.6037016639134 25.5435382972447 8.42895283893402 0 0 0 0 0 0 0 0 0 0 0 0 0 0 0 0 0 0 0 0 0 0 0 0 0
11.5847275421641 3.84589095154463 2.5702309909368 13.4798201465963 17.9911623350482 10.909099128653 16.9726151060072 13.8626284514051 26.1844518016564 36.9491890903702 20.1785539930136 32.0528610791628 30.878839745913 26.3717982044254 28.3100586098604 36.8406246794101 40.1379504627771 36.946745580712 35.1155026042025 37.4794551012468 29.6041234780165 24.2882751863432 0 0 0 0 0 0 0 0 0 0 0 0 0 0 0 0 0 0 0 0 0 0 0 0
6.54859364345935 0.530993076935271 2.77145073000254 10.4778486067015 12.3071837624741 8.87760447772674 15.7729180750584 10.065360864038 26.2305385165791 26.6310596526111 22.1835987531674 21.3022153583707 22.5955783823321 25.5473949262714 25.1881899659738 34.8388535752654 31.3426289815617 28.4229093602708 24.8700567606675 35.7074161063573 24.4652074819704 29.0855105588314 11.7510928568109 0 0 0 0 0 0 0 0 0 0 0 0 0 0 0 0 0 0 0 0 0 0 0
7.25161338039238 1.3865024828244 3.14330584069971 11.4374566819059 17.2380071102859 8.86238363306559 22.5082054711303 16.6687042843685 26.932926217146 31.2041281933258 22.3472517367527 24.7249384479009 31.9799815597769 34.0337881980702 34.8600257462188 36.633007183442 35.8623048410772 35.4652752341776 32.4451914735858 42.3735626270323 25.4112987183513 31.8891723622464 27.9211441492889 19.1613983690442 0 0 0 0 0 0 0 0 0 0 0 0 0 0 0 0 0 0 0 0 0 0
12.6986875616307 2.20810785732003 2.54827201943522 9.0131384375095 13.5131460442485 15.5908595486468 16.4423200993146 21.6005994891173 22.7998117253697 28.3294866433213 19.8282558495454 29.3596795372994 33.7070895617954 37.9990707814571 32.494386535278 35.1013106893927 35.9076385151219 36.0077470713485 34.0206819710567 37.6672729698486 22.620170002661 32.2491088863409 24.9721441758112 34.5143958268215 21.945401459054 0 0 0 0 0 0 0 0 0 0 0 0 0 0 0 0 0 0 0 0 0
17.0273340947638 6.7063964446694 2.6570347813714 11.4717351499511 18.5283525600351 12.2006407905887 19.2307996292152 17.9729433255284 25.285700816191 30.3769548972709 21.8141840944173 36.9082411692364 41.2331162906654 39.4493727960161 34.4127104208816 39.9809398402569 43.3556228504377 41.4329385962713 38.435502900019 38.405757577585 25.286547585351 34.8471653066113 32.9611327417177 38.4561020982142 38.6733725594256 21.7742122723397 0 0 0 0 0 0 0 0 0 0 0 0 0 0 0 0 0 0 0 0
13.9243280874024 2.42233637692269 1.69182627378185 9.66192700015976 14.5452945948066 11.6861424523401 16.7990933534008 16.9844849574261 24.6977571727682 35.2202673746524 28.335036409206 38.0354942464652 37.9176776172821 38.0330995282219 34.0260338430374 42.8031363361042 41.6213248726734 34.7796880816881 37.4040594863082 35.9350671901646 23.4191954223906 38.7110351851663 32.3445402075482 36.9779287288605 31.7815655317683 35.8691772415977 21.4518726253139 0 0 0 0 0 0 0 0 0 0 0 0 0 0 0 0 0 0 0
12.0852986221873 5.66876809181094 0.343295845522772 12.4728271146649 13.074437435117 17.4407655771626 16.3842560660214 15.4880658911415 29.3118097269468 42.6796942264649 28.9753922918508 36.21010226676 38.749485198197 39.4517788902728 37.6243367646757 43.2095022997007 39.9174782004294 35.1674329740205 36.5793946649962 37.3834257076575 25.9121256312036 39.8601776649912 30.5374139373556 30.8833570778741 31.2202033429672 37.2188221058592 36.7552765777722 20.0880205019726 0 0 0 0 0 0 0 0 0 0 0 0 0 0 0 0 0 0
9.40124317430414 0.194416707029128 2.16990810744414 7.74437662756118 24.1771980165702 7.84212115907014 18.6057647100839 18.7110434328804 29.7939060618701 40.8191111615234 26.48453032931 34.6345732972433 36.1986953558806 39.8865654153925 37.0877592635353 38.4679584771732 35.6836421256389 32.6789312118101 35.8398463670123 37.786437466535 24.6484233547217 39.2045418405834 30.8520427744228 36.8997983065962 31.7094082760118 36.7697080105893 32.3210956439519 30.1921008138722 15.9712504853326 0 0 0 0 0 0 0 0 0 0 0 0 0 0 0 0 0
8.04845553678139 5.97269988084266 0.485684089140069 6.81025134353369 20.6774237437106 7.55779038894285 14.7263826311745 15.9313165012393 27.6835311608821 31.2136068466405 20.5590943376424 25.0809530445422 31.1483304068203 31.2855403359881 25.8151247792926 29.2076111986265 27.5099526939314 25.6828354386729 30.2631364863529 30.7668078496846 18.9473239376139 27.9237341454626 22.8437082967193 22.0568101919989 26.5414934429119 26.7939204966848 23.5894785520231 18.7610870862625 27.8706916540844 15.5033316818911 0 0 0 0 0 0 0 0 0 0 0 0 0 0 0 0
6.85502427957032 0.843643870207357 4.31107158629752 7.08016726537977 9.97736212212585 9.86985321121969 18.7473712536809 16.0450003201401 24.4443070142179 33.1359087477851 24.4774685972678 36.9602487713729 36.8687586828501 32.2760899868843 30.5926940104575 30.7079441626308 31.4472060840938 31.7141097614777 29.7314556633987 35.3890440742673 25.3377287429485 28.4858838695404 27.5697321136855 31.2423765499027 26.9435990443616 25.128384486191 22.0727521427617 24.0738372865991 22.8330303054958 23.2029008714042 9.22178787776046 0 0 0 0 0 0 0 0 0 0 0 0 0 0 0
10.7595495221514 2.97069889933511 2.86305403716808 8.59204445182539 16.4015876994597 15.8577626463477 25.5419147015077 21.3966822751677 36.5655532973755 45.6598310834792 34.4828372523742 45.6781343254365 43.4340907745402 41.0819663165567 38.1532089655719 41.5182393765542 42.999909177939 44.3524698593067 43.380260000801 43.4322971557684 30.742203798335 39.6787020315039 35.2873171223444 34.1665118861138 33.5407443012362 29.1165989703563 32.3936927658043 37.2679183194595 25.9410862580125 8.20225382190955 0 0 0 0 0 0 0 0 0 0 0 0 0 0 0 0
5.14180190592671 0.371990286920233 0.775202431215332 8.14680717013879 13.8571510380821 10.6284316753362 16.1304519660587 10.8029809355793 23.649005733146 31.8709144213808 19.9614297158341 23.3740644620039 24.2398937522901 23.973852937096 20.9615734762003 27.1180043047085 27.7505529041382 26.2270432689443 23.7162545241382 25.1664510009733 16.4464114640622 27.6384480434515 16.2230562275177 20.7023347163451 14.4945869836289 22.2167003752437 20.5632452585956 6.81320929187271 0 0 0 0 0 0 0 0 0 0 0 0 0 0 0 0 0 0
6.86300315413628 3.24530548040055 1.84566587210874 15.0404258658291 20.0427511550968 14.1426953017191 18.5726487207561 15.4698845752179 29.6387338263059 40.9126087456752 22.053225881968 29.3679926869982 31.5004989032546 31.3880820448973 28.9453686940171 37.0742042024558 34.0437937904236 29.5231208270221 31.3071393733857 34.0239611007821 23.4593349871505 28.0025769064444 20.4721728659673 22.7722099249889 19.7796928862886 18.3327895386783 0 0 0 0 0 0 0 0 0 0 0 0 0 0 0 0 0 0 0 0
5.30367341733507 2.31853172435118 0.55721453851896 9.27146657221457 14.0784040220074 9.8451418901691 22.0293083514963 13.6277189427287 26.9915230959451 33.350728576683 20.8276743406768 28.01406782584 29.1414824100346 30.2841065902679 29.3933219264221 32.9584044821102 27.5927281948034 27.4117112694431 25.7949264168156 30.0981459227688 16.3029810195082 23.4692919271152 14.6627392031117 13.4784805328858 0 0 0 0 0 0 0 0 0 0 0 0 0 0 0 0 0 0 0 0 0 0
14.5087302070356 3.70744713546848 2.18311185037524 14.0228749514786 19.3612482153064 17.2279793877379 27.2131308818267 22.0578166721028 35.0516261502986 45.4663181769665 28.6027980208024 38.6773298487805 42.2488990345785 45.528022363855 40.4362651247012 41.2866205055237 39.6063455570751 39.7991151477446 39.4924001930746 39.7136851270823 20.462807665626 12.4588157630366 0 0 0 0 0 0 0 0 0 0 0 0 0 0 0 0 0 0 0 0 0 0 0 0
14.8092880153697 4.1928497701914 2.23537801304024 13.2270007202602 16.8188672471005 20.0283972648702 25.0189886940555 19.1594020110871 32.0199200653071 43.4013992771904 25.5132882091854 37.32935383997 44.0061952503994 41.824074431919 33.6913209483039 39.7988005830247 40.272647192416 38.0300844402962 25.4182962872675 7.78128864319055 0 0 0 0 0 0 0 0 0 0 0 0 0 0 0 0 0 0 0 0 0 0 0 0 0 0
16.9837038508021 2.73934356766395 2.31804039671233 10.8783074934892 22.9502682914107 17.6246869068908 23.6902555604174 19.3878537484214 32.1183504001305 42.290459584306 27.0538007471683 39.6215780940675 41.8992612715282 38.6107673955165 35.9144164913312 39.5059333363226 31.0347839418957 7.06276089773999 0 0 0 0 0 0 0 0 0 0 0 0 0 0 0 0 0 0 0 0 0 0 0 0 0 0 0 0
19.1150052860684 6.53066684106003 1.63572761236978 16.0374730633855 24.0481777297638 18.0217711690738 23.6386141335386 22.5182907877634 34.4558924680883 45.4263082347457 32.7383243144408 41.0261870735566 41.4338747894587 40.0183134944478 28.3072646091799 9.53736718008585 0 0 0 0 0 0 0 0 0 0 0 0 0 0 0 0 0 0 0 0 0 0 0 0 0 0 0 0 0 0
13.5944475059355 2.68431261906096 3.20940491979907 16.3377166400463 20.7299774208033 13.8054729766421 24.3257648559493 21.4698751325139 33.380568187236 46.8860291633937 33.6429397824118 41.2950870814919 27.9919904990826 10.6245461536017 0 0 0 0 0 0 0 0 0 0 0 0 0 0 0 0 0 0 0 0 0 0 0 0 0 0 0 0 0 0 0 0
14.2876465827764 4.20850758044834 2.72803977658206 14.1892810299608 21.2338076077406 14.4332103185438 24.0960220052489 22.0022658183006 38.3358634949175 46.9465015753314 23.058856719687 7.73753482539293 0 0 0 0 0 0 0 0 0 0 0 0 0 0 0 0 0 0 0 0 0 0 0 0 0 0 0 0 0 0 0 0 0 0
15.7532200580859 3.79879902643071 1.41617737985819 10.919960538761 16.7004751385927 11.827969170052 19.1713773239615 22.4491417860547 30.3532106272647 10.155341642832 0 0 0 0 0 0 0 0 0 0 0 0 0 0 0 0 0 0 0 0 0 0 0 0 0 0 0 0 0 0 0 0 0 0 0 0
19.741352162176 5.20225398105673 2.14890742533444 13.1599982564032 20.6634543001368 18.0721810028249 19.3492800210892 9.29595162309203 0 0 0 0 0 0 0 0 0 0 0 0 0 0 0 0 0 0 0 0 0 0 0 0 0 0 0 0 0 0 0 0 0 0 0 0 0 0
16.960937450236 5.80380550954456 2.63070364526069 13.7707923504264 23.0003695368431 8.0286369087754 0 0 0 0 0 0 0 0 0 0 0 0 0 0 0 0 0 0 0 0 0 0 0 0 0 0 0 0 0 0 0 0 0 0 0 0 0 0 0 0
15.3755429888294 5.13355726195925 4.29530695446303 14.4093514445367 0 0 0 0 0 0 0 0 0 0 0 0 0 0 0 0 0 0 0 0 0 0 0 0 0 0 0 0 0 0 0 0 0 0 0 0 0 0 0 0 0 0
15.0181183534066 0.611063567440646 0 0 0 0 0 0 0 0 0 0 0 0 0 0 0 0 0 0 0 0 0 0 0 0 0 0 0 0 0 0 0 0 0 0 0 0 0 0 0 0 0 0 0 0
