24.5283157082876 0 0 0 0 0 0 0 0 0 0 0 0 0 0 0 0 0 0 0 0 0 0 0 0 0 0 0 0 0 0 0 0 0 0 0 0 0 0 0 0 0 0 0 0 0
21.453606611806 6.97342745273382 0 0 0 0 0 0 0 0 0 0 0 0 0 0 0 0 0 0 0 0 0 0 0 0 0 0 0 0 0 0 0 0 0 0 0 0 0 0 0 0 0 0 0 0
3.94567226843292 0.476576173832913 0.848574420400189 0 0 0 0 0 0 0 0 0 0 0 0 0 0 0 0 0 0 0 0 0 0 0 0 0 0 0 0 0 0 0 0 0 0 0 0 0 0 0 0 0 0 0
0.774927616882963 5.24799364369502 9.67207305755434 1.75140027611844 0 0 0 0 0 0 0 0 0 0 0 0 0 0 0 0 0 0 0 0 0 0 0 0 0 0 0 0 0 0 0 0 0 0 0 0 0 0 0 0 0 0
5.59528422816818 2.30593692269519 6.51811639713636 1.63097411454558 0.839526314378549 0 0 0 0 0 0 0 0 0 0 0 0 0 0 0 0 0 0 0 0 0 0 0 0 0 0 0 0 0 0 0 0 0 0 0 0 0 0 0 0 0
9.74311444285381 24.925206409347 2.18246854204844 9.76502437599442 1.04392750517476 20.7876818733021 0 0 0 0 0 0 0 0 0 0 0 0 0 0 0 0 0 0 0 0 0 0 0 0 0 0 0 0 0 0 0 0 0 0 0 0 0 0 0 0
9.39268162732805 0.82205178508689 0.681173497791233 1.95191300756001 2.41797751661066 1.2484251813981 0.439238784461835 0 0 0 0 0 0 0 0 0 0 0 0 0 0 0 0 0 0 0 0 0 0 0 0 0 0 0 0 0 0 0 0 0 0 0 0 0 0 0
0.681775774966914 3.17121945261066 5.42997041239074 5.64539924370248 2.24880225586663 4.99950687571702 6.59978776356866 9.94861321265965 0 0 0 0 0 0 0 0 0 0 0 0 0 0 0 0 0 0 0 0 0 0 0 0 0 0 0 0 0 0 0 0 0 0 0 0 0 0
11.2717171237194 4.97101308107616 15.5177548675291 1.707608678337 2.44866892960521 5.58919470563652 3.29504279544583 1.79515122196201 11.103442380746 0 0 0 0 0 0 0 0 0 0 0 0 0 0 0 0 0 0 0 0 0 0 0 0 0 0 0 0 0 0 0 0 0 0 0 0 0
3.39754618973478 24.1569404326016 6.06514932322717 7.1527984626604 0.839880429166704 15.7949083142468 0.462082872028622 0.553831823742698 5.46140002279929 5.63704434575359 0 0 0 0 0 0 0 0 0 0 0 0 0 0 0 0 0 0 0 0 0 0 0 0 0 0 0 0 0 0 0 0 0 0 0 0
4.1649839915573 2.95268134314554 13.0681418078098 7.37592743619052 0.179296147721592 3.60404448543436 3.02807231654482 10.0463961928656 0.48681172993496 5.13292742990198 9.79034560165555 0 0 0 0 0 0 0 0 0 0 0 0 0 0 0 0 0 0 0 0 0 0 0 0 0 0 0 0 0 0 0 0 0 0 0
2.12532011767567 3.72239014843309 5.46232783253115 0.892884946417725 1.81994129123673 7.56017862466448 2.57885807754014 4.6949362427284 5.17032811034391 5.67297296844213 9.39768924381849 3.60051487756378 0 0 0 0 0 0 0 0 0 0 0 0 0 0 0 0 0 0 0 0 0 0 0 0 0 0 0 0 0 0 0 0 0 0
2.76894009799939 4.11590341026745 10.8309109580846 1.19361025023066 5.465837691117 8.81872314463928 2.53569628641192 3.1290295143816 11.879427420259 3.18357564521078 6.51009647488103 4.90415044590725 2.09018693796468 0 0 0 0 0 0 0 0 0 0 0 0 0 0 0 0 0 0 0 0 0 0 0 0 0 0 0 0 0 0 0 0 0
9.33334017359998 10.3363607255773 1.02322951357805 8.52365563433264 6.1410416585102 13.9085047389662 3.57740414908912 5.33415235013605 11.533485478945 4.33797593439632 5.97390109561758 8.18064350803366 2.26063107356513 4.67347144181349 0 0 0 0 0 0 0 0 0 0 0 0 0 0 0 0 0 0 0 0 0 0 0 0 0 0 0 0 0 0 0 0
2.56429385280958 2.87343118724321 5.96812680205566 8.27358737758558 0.765137885256797 14.4007158175075 1.21309480990695 14.5117357012216 6.62927154399691 2.34800954916887 4.15415763105835 16.9678361805465 0.391913403384403 7.35894353955162 4.54629916744506 0 0 0 0 0 0 0 0 0 0 0 0 0 0 0 0 0 0 0 0 0 0 0 0 0 0 0 0 0 0 0
7.0930277854733 10.527714448772 2.63785945538228 0.871365790811715 2.72115157332003 17.2880276650766 2.97571922785456 8.27075165950991 10.3177579595949 3.59756364465765 19.6571322930388 4.13218582043623 2.05320969300652 5.76695253167309 6.19754720687991 3.62607318779612 0 0 0 0 0 0 0 0 0 0 0 0 0 0 0 0 0 0 0 0 0 0 0 0 0 0 0 0 0 0
23.1445155472705 23.4111691072295 7.04076020433369 3.78765569641883 1.66917335906219 14.1462713340101 5.6450044238492 10.9275998027962 4.1198028922413 9.95601497793265 4.53242532175584 4.85385550824937 5.24478121184041 10.3413297947676 1.19604144844887 8.91308419877559 6.57231854535163 0 0 0 0 0 0 0 0 0 0 0 0 0 0 0 0 0 0 0 0 0 0 0 0 0 0 0 0 0
11.6989493785275 22.1228472478527 1.13491095181169 3.87728045986423 8.08109484293095 23.1300242043139 6.74819252751711 19.7945700471909 0.0814485800882062 3.72381575180552 9.41954618653643 5.63560335208077 7.00014310128587 6.6386869912465 8.82992683651785 9.4229047162978 21.63838588012 12.9582317722993 0 0 0 0 0 0 0 0 0 0 0 0 0 0 0 0 0 0 0 0 0 0 0 0 0 0 0 0
32.6682716300844 18.3520794980895 16.2877225433076 8.44294429989733 13.4740323255182 14.7851467851323 2.93580475866916 6.82812221810404 2.61425024542762 20.744521534673 15.6734411297325 14.6750167811866 2.96503864013127 15.0846998212558 7.59700061138868 8.12812277927523 6.32527434709516 4.13548906189762 6.90886053250421 0 0 0 0 0 0 0 0 0 0 0 0 0 0 0 0 0 0 0 0 0 0 0 0 0 0 0
12.1548740622665 27.5371197878171 2.03151641559998 7.06827107399374 9.50699443174683 15.7462424940637 4.98750149197792 14.4214047420805 3.86494341206846 3.55775250176417 10.0057041766458 9.5992832319802 2.393206830472 14.5391195708097 15.0980181530221 18.2945010674336 3.81059014351765 5.84734457309738 13.7580112028118 2.61013198287233 0 0 0 0 0 0 0 0 0 0 0 0 0 0 0 0 0 0 0 0 0 0 0 0 0 0
19.2151130632984 22.7059794378324 9.63310730679066 6.0608694541524 4.29602810783668 27.7922920316458 6.60040044678858 8.8703219906203 2.06432779566901 24.3411590196785 4.00891882603762 11.0557563299373 3.85027004721138 16.6444248457724 4.57383784218342 6.90269488237598 0.64393716376571 15.2240225270375 29.6672486398009 17.4464770239178 18.132074425013 0 0 0 0 0 0 0 0 0 0 0 0 0 0 0 0 0 0 0 0 0 0 0 0 0
31.7196960226694 26.0452749977058 2.87255782464262 4.8705900665438 6.15496456632301 9.08570633541698 8.1748899701354 9.92454087325917 14.4609564977957 2.82816390024242 21.3551994142943 12.4821779292309 12.2059272830826 3.5598822508356 19.459220922522 7.02560465899364 1.03374598028709 4.55048585539882 11.3439585148781 24.8677810494621 3.42397566625405 2.58266413814445 0 0 0 0 0 0 0 0 0 0 0 0 0 0 0 0 0 0 0 0 0 0 0 0
47.6658441801333 18.8257459908991 5.93169625545309 9.20439800383996 4.41465901703566 34.3227054054223 7.43329308974427 25.6759345178608 5.97234337546327 2.14183373163314 11.1984104294306 17.2281523898277 2.45138678847404 5.20458082974828 6.27928948496429 13.4466300022359 16.9781743660198 19.3758395363611 43.4507194921401 28.4761810555616 15.8104575893788 26.7030890616604 17.6073350223422 0 0 0 0 0 0 0 0 0 0 0 0 0 0 0 0 0 0 0 0 0 0 0
25.8101544262286 16.109394493825 3.69257477763367 2.88212037978107 12.9156844457497 3.70685476190756 12.694867576534 11.5522131176293 7.47384847377288 10.1035411179182 12.0062258216066 2.69761871050696 6.02848157326781 4.11902606452831 0.225820251812614 0.954810364594891 10.96449421427 18.43683773367 19.7543215959654 18.9947260908631 21.3941844389335 26.9887011323515 2.87369053691439 7.96276569124654 0 0 0 0 0 0 0 0 0 0 0 0 0 0 0 0 0 0 0 0 0 0
23.3273241774554 20.0733229429063 2.76649448069271 4.18763644817853 4.19088928235545 41.2978675300549 3.56195313015716 13.1443855684503 10.8443251535149 5.54969523955632 8.64003577060322 2.6998810769786 8.14420963650542 4.6741531432668 7.22263398490833 12.5701100602679 34.3748535571321 31.8562115362138 27.2114074034395 12.1418862552203 7.55840676332159 8.48133627972085 14.0384692512205 29.1905851885645 15.1967784782262 0 0 0 0 0 0 0 0 0 0 0 0 0 0 0 0 0 0 0 0 0
5.55705009502313 3.04872546198527 2.09240317618293 2.75812798641734 3.96903751201905 2.97763338050028 4.28649846956088 9.3314277132297 0.764040189977717 4.99200993214716 3.61453456511583 4.19059894863883 5.91416370266186 1.70166212295467 3.96108924212744 11.5665965245317 11.3000246752959 19.5189839545953 6.78314008997185 13.9156228895356 5.60493511294433 12.4390324681681 16.7542533300025 7.38235848686098 15.1286175370939 4.43557246656111 0 0 0 0 0 0 0 0 0 0 0 0 0 0 0 0 0 0 0 0
6.95601754141621 13.31151855216 5.10941330633783 10.2392145398639 2.95353677297965 8.9995755962721 5.15842955111173 17.1349471101218 3.02041961159768 0.700487097333935 0.248924425310667 1.6864502996021 4.08471220926441 14.3354850733374 16.0055234404989 23.0828237339289 23.5360541090389 7.7705409778507 2.24885265976635 18.6993600211161 18.0708255014746 10.0382506162823 26.7340436501467 12.9571855590414 34.9381520021071 5.10163544464712 5.82290552060812 0 0 0 0 0 0 0 0 0 0 0 0 0 0 0 0 0 0 0
28.5533084633329 7.51852844112611 14.6011916780859 5.53096584192799 7.36883024171589 5.26531618268611 5.90009803427979 1.5156828497047 12.0549693099061 7.06634039138229 1.71280597664053 1.05856930745221 1.70834713633655 15.8448627480062 2.9380971368408 11.5156133216006 16.2966190133626 1.58004066185238 0.423960107167354 13.9988588440262 5.87981749772044 8.24599969605123 19.881264451553 20.0948357937423 15.4380407158102 3.05763501256749 8.68612533740336 8.70721461917649 0 0 0 0 0 0 0 0 0 0 0 0 0 0 0 0 0 0
8.07698227696885 57.0180750154929 7.31160598122737 2.29499266053476 7.40205768707696 36.6307234587469 0.503872960120551 1.1853566484184 22.3658089940375 25.1760212420442 16.5304302273462 12.5205148365002 7.32166510170108 6.26861352495112 9.36238283269492 3.18593179744434 15.1957264132902 9.39966129997763 16.3063383944908 12.5017369166164 17.2705530374368 13.8528890469212 32.6552601860021 13.7976770661217 19.9911458136992 0.940164962970068 0.691502392936004 1.36709584844055 1.98402518277198 0 0 0 0 0 0 0 0 0 0 0 0 0 0 0 0 0
49.0961322242244 10.4356328799133 4.96424590723092 14.2977434104639 18.0699550415611 3.17589768810346 4.10169482777632 14.1432349346624 29.3222060800688 19.0018287609093 7.24926970515479 14.0364885914001 2.43466409076049 10.6913849183022 18.8948647977899 5.95428462020068 7.73987165172255 23.4494634912682 19.8587018197076 12.3013283129026 12.9568490405559 14.4145930688725 24.3837803174986 20.1168867127584 18.9086570511577 6.09764086410936 4.98318245997138 0.52796935616063 44.6072890090108 17.2101662703137 0 0 0 0 0 0 0 0 0 0 0 0 0 0 0 0
19.8010985525554 14.0686850321348 10.2999092376276 8.24428602960737 0.128737263129587 0.667330039099847 2.92741213091632 7.70221457910502 12.8793977908241 9.62974675143464 21.9017833669302 20.1858040555382 5.30170521033107 9.08320618591449 14.7588583718704 16.7496935053788 8.86921568976851 13.0146471612353 14.7711457840562 10.9146670686981 36.5730575086888 19.0013424409477 18.9651893049859 11.7172251719975 1.32440784702993 14.3085444402545 5.54866988383791 30.236469631896 6.03946274435015 28.262117663181 12.1931164748 0 0 0 0 0 0 0 0 0 0 0 0 0 0 0
41.0636233950709 10.9090153101527 13.5713273238619 0.318935873256149 5.05501007686201 1.02474748207662 0.395287564534512 3.07908556022712 5.18735025364582 4.03839083195878 8.81226415820252 13.7663279833671 10.0557657084903 12.7178492405353 15.4259770512516 13.9837288655973 7.84335839748393 29.3454779860093 23.7532478439102 35.1061449918434 25.5359731096557 0.11560248563921 21.5981954436492 19.6678654360688 1.81096484335876 12.336511084503 30.7779116744142 22.3389425253531 16.5527666983346 1.14699988802361 0 0 0 0 0 0 0 0 0 0 0 0 0 0 0 0
20.1185888831132 48.9394004413112 0.401708776780739 0.512515444333437 0.322846129989645 20.0133716211706 9.43137076735634 17.9255844206311 19.9121818679199 2.77897303859163 3.23520400966924 8.05535105990003 10.3599253407838 4.86538380678145 11.8555554236291 20.8164312854632 19.8704517915889 20.4278360138722 34.5041069222719 19.0423744541453 15.5883898208068 21.5176438268622 28.9606022054381 0.120465574817044 2.27730323204249 17.3289308951901 11.7521780764092 3.62438616534146 0 0 0 0 0 0 0 0 0 0 0 0 0 0 0 0 0 0
31.3758521308554 6.32155751996409 0.205045437506217 2.15573377761847 0.387310120745232 15.2812168001333 6.64263997790493 23.5824653027939 1.78896704619343 5.7494431950625 5.33561952452997 7.4181619318745 1.98180572943791 4.92500327989448 9.92942520200425 23.6494661078575 31.678329475303 27.3437942957363 22.1027455568849 5.97729283991659 17.3410668342945 16.6423888924868 5.06604847036036 2.38520739801786 28.1807592290411 0.858640723111343 0 0 0 0 0 0 0 0 0 0 0 0 0 0 0 0 0 0 0 0
0.238200681653687 3.22650224252577 15.4562835925209 5.71271926670779 3.64949602304931 10.104248136662 7.02362700475438 21.5090136328073 9.17410270628399 2.37106864416653 23.2500504091198 5.97234267283123 16.0227868822775 15.8528529737021 15.5323428234342 5.00655806923606 16.8645603093782 8.63799467011544 25.7253322820048 0.573845178372478 6.20187760609448 0.208848414386145 4.95896841086876 28.6330301750329 0 0 0 0 0 0 0 0 0 0 0 0 0 0 0 0 0 0 0 0 0 0
0.973360383364795 14.88699144432 9.48334266116458 3.00747858961704 6.69480378355221 26.2948997463188 4.02142081858919 16.3524195766993 8.43871607799127 6.10277494543003 9.05709508205836 11.5951186925605 7.70216174052667 13.5176166518522 13.4545729252747 20.6648517728688 15.1984392272676 10.3233581864918 23.6088807685032 3.61819187884092 5.62878756098338 1.1961546246713 0 0 0 0 0 0 0 0 0 0 0 0 0 0 0 0 0 0 0 0 0 0 0 0
2.10097213363556 32.4401903671165 9.31997403853436 3.37608760299221 11.638258301794 4.78093539937594 2.80089583216045 9.64068574949998 24.5824345844417 4.41266059323388 17.1754588522011 8.16130069443759 10.8523887726225 12.3294451700323 4.5524988548016 5.29755732348041 4.10487374014258 4.32542329709126 8.72062433872192 11.467326657901 0 0 0 0 0 0 0 0 0 0 0 0 0 0 0 0 0 0 0 0 0 0 0 0 0 0
8.32077076777256 33.4488136924183 2.40894956921157 6.86714857821833 2.25269233666824 11.7488579779085 5.76880609107418 2.63664759264542 4.09979266021569 13.2057272565462 4.02815649256149 12.3807994873923 2.14404379393179 7.41814251969049 7.60570362034903 8.0878817857007 5.74201268227018 0.254893122658516 0 0 0 0 0 0 0 0 0 0 0 0 0 0 0 0 0 0 0 0 0 0 0 0 0 0 0 0
15.9644882842371 2.47347679276496 0.44907431152785 2.19557842885462 2.527726098441 4.61196676204737 0.751425331058916 2.88880614062883 22.2545928423225 14.825852918712 5.92143445673243 0.934565553797834 5.01774552009651 1.68258380038058 2.97363903653291 6.46953108969698 0 0 0 0 0 0 0 0 0 0 0 0 0 0 0 0 0 0 0 0 0 0 0 0 0 0 0 0 0 0
21.4468457765573 27.0505099329117 5.71596347319093 2.39014130119349 6.17855429710754 5.09779957454501 0.302921726687467 8.05172640949429 14.7458585227693 4.61451268931691 9.88493715824322 15.8018267627342 2.88778818608236 8.06986619814331 0 0 0 0 0 0 0 0 0 0 0 0 0 0 0 0 0 0 0 0 0 0 0 0 0 0 0 0 0 0 0 0
54.2663878794638 12.8728642614128 5.82284142317856 5.2034883672755 7.4647562866368 6.67496896000656 5.32386581879325 15.9087708282413 3.04746664933568 0.447402438490475 7.21242594779819 4.48061434842735 0 0 0 0 0 0 0 0 0 0 0 0 0 0 0 0 0 0 0 0 0 0 0 0 0 0 0 0 0 0 0 0 0 0
25.0006478586922 22.0347452565436 4.51743279323777 2.27644954175443 2.41903067482726 10.0789048667803 5.69558216378244 20.4814603860631 3.30264919921088 8.2664049642035 0 0 0 0 0 0 0 0 0 0 0 0 0 0 0 0 0 0 0 0 0 0 0 0 0 0 0 0 0 0 0 0 0 0 0 0
17.6389352850054 14.4327715690829 7.5325143091497 4.70880324413983 7.32131777940578 11.2740557403738 3.85443212705514 2.39450439117844 0 0 0 0 0 0 0 0 0 0 0 0 0 0 0 0 0 0 0 0 0 0 0 0 0 0 0 0 0 0 0 0 0 0 0 0 0 0
13.5239680920175 6.89769798545435 4.01487205124848 0.608168570185038 6.74741154353554 2.31147166234464 0 0 0 0 0 0 0 0 0 0 0 0 0 0 0 0 0 0 0 0 0 0 0 0 0 0 0 0 0 0 0 0 0 0 0 0 0 0 0 0
3.01618147616746 2.39343107312502 12.1297805620711 16.8492364365591 0 0 0 0 0 0 0 0 0 0 0 0 0 0 0 0 0 0 0 0 0 0 0 0 0 0 0 0 0 0 0 0 0 0 0 0 0 0 0 0 0 0
2.70042086554626 29.6578836994899 0 0 0 0 0 0 0 0 0 0 0 0 0 0 0 0 0 0 0 0 0 0 0 0 0 0 0 0 0 0 0 0 0 0 0 0 0 0 0 0 0 0 0 0
