3.14749690302566 0 0 0 0 0 0 0 0 0 0 0 0 0 0 0 0 0 0 0 0 0 0 0 0 0 0 0 0 0 0 0 0 0 0 0 0 0 0 0 0 0 0 0 0 0
8.87757439477338 3.79380627992287 0 0 0 0 0 0 0 0 0 0 0 0 0 0 0 0 0 0 0 0 0 0 0 0 0 0 0 0 0 0 0 0 0 0 0 0 0 0 0 0 0 0 0 0
5.64113018874442 5.20046393107935 4.3470517387219 0 0 0 0 0 0 0 0 0 0 0 0 0 0 0 0 0 0 0 0 0 0 0 0 0 0 0 0 0 0 0 0 0 0 0 0 0 0 0 0 0 0 0
5.57097811056111 6.80495381281321 10.7338125820024 10.9829649504774 0 0 0 0 0 0 0 0 0 0 0 0 0 0 0 0 0 0 0 0 0 0 0 0 0 0 0 0 0 0 0 0 0 0 0 0 0 0 0 0 0 0
7.32268088732025 7.38943992880865 10.1672144637872 10.6167709145811 4.98610849030374 0 0 0 0 0 0 0 0 0 0 0 0 0 0 0 0 0 0 0 0 0 0 0 0 0 0 0 0 0 0 0 0 0 0 0 0 0 0 0 0 0
10.3544127384441 6.96793426173987 5.83210164746461 6.29298107234265 6.55934601674154 4.63285272391977 0 0 0 0 0 0 0 0 0 0 0 0 0 0 0 0 0 0 0 0 0 0 0 0 0 0 0 0 0 0 0 0 0 0 0 0 0 0 0 0
10.4082464220513 1.08794771162101 2.09505987666018 4.37233214219158 8.89597458996127 6.50957854714762 5.86108111673191 0 0 0 0 0 0 0 0 0 0 0 0 0 0 0 0 0 0 0 0 0 0 0 0 0 0 0 0 0 0 0 0 0 0 0 0 0 0 0
2.67535683171159 2.44433929226305 2.61277398353859 9.92875844468359 10.042106475071 7.62444132242792 6.53117107104451 7.08908850445034 0 0 0 0 0 0 0 0 0 0 0 0 0 0 0 0 0 0 0 0 0 0 0 0 0 0 0 0 0 0 0 0 0 0 0 0 0 0
4.01714405968225 3.24066196384511 3.05241241641082 10.089079651682 14.926342630203 10.084313842185 14.805464558955 9.72065583845955 9.25382122267092 0 0 0 0 0 0 0 0 0 0 0 0 0 0 0 0 0 0 0 0 0 0 0 0 0 0 0 0 0 0 0 0 0 0 0 0 0
9.74372534384698 4.79016596890747 3.12462099611579 14.992287452679 17.6076986493188 17.3617037836916 17.7319156025733 13.6672161532953 27.5915703725582 16.7838696062869 0 0 0 0 0 0 0 0 0 0 0 0 0 0 0 0 0 0 0 0 0 0 0 0 0 0 0 0 0 0 0 0 0 0 0 0
6.18638292027349 3.44558887993357 1.49860015551935 7.10623375769353 14.8996328480639 9.05767662328917 11.2317071313324 11.6424727210626 16.2946842499154 26.9355848482991 10.3865406548352 0 0 0 0 0 0 0 0 0 0 0 0 0 0 0 0 0 0 0 0 0 0 0 0 0 0 0 0 0 0 0 0 0 0 0
12.3192291881826 2.85741622813535 1.93206608257204 13.3378443903642 16.7704005439352 10.8520062957614 18.3859402418348 12.2947601759269 25.5012259311276 33.6887446087972 24.8431890422798 19.2888639848305 0 0 0 0 0 0 0 0 0 0 0 0 0 0 0 0 0 0 0 0 0 0 0 0 0 0 0 0 0 0 0 0 0 0
15.9451912944007 3.49715250159656 1.5081542895488 10.7666273993241 16.3304900306149 12.8897509926921 17.7830623620841 16.1412654927037 25.3084781210084 36.0135605817324 27.2729138296308 38.6507437467366 26.1661426028396 0 0 0 0 0 0 0 0 0 0 0 0 0 0 0 0 0 0 0 0 0 0 0 0 0 0 0 0 0 0 0 0 0
17.2391549329588 2.72069825093131 0.965519793779003 10.9479561820834 18.1576620841964 14.6112877511015 17.9903930068576 16.8246041863223 25.7916801502355 36.9359724185754 29.5163043454853 39.1682474722098 37.8339110074099 20.5388429695149 0 0 0 0 0 0 0 0 0 0 0 0 0 0 0 0 0 0 0 0 0 0 0 0 0 0 0 0 0 0 0 0
17.6215086273313 3.75894817471981 1.17293950338302 12.3016879040861 16.9424097387995 12.1247288312459 19.1555978740531 14.5283158202139 26.2613008002442 38.585456557229 28.8431692253277 33.9905824683662 33.9321860665317 36.4179030676421 22.3565268454633 0 0 0 0 0 0 0 0 0 0 0 0 0 0 0 0 0 0 0 0 0 0 0 0 0 0 0 0 0 0 0
18.382528146133 3.25939724699116 1.8380992152698 10.9807655889439 18.4071844922202 15.0762162372142 19.3908366894025 15.1353027464302 28.5520171091839 40.581432138063 26.5004322472937 32.5151193200257 37.9604114330204 40.6215551570349 44.0500872450052 25.9607133300685 0 0 0 0 0 0 0 0 0 0 0 0 0 0 0 0 0 0 0 0 0 0 0 0 0 0 0 0 0 0
19.1295007785316 3.5843152110981 0.997057588428827 12.5018088190163 18.3872214487967 14.5898235088718 18.4707410147593 17.2765488390032 29.5638596446857 36.1854666372241 25.6596509800695 37.5637076106911 40.9620287894701 46.3777435124535 41.4050092351867 43.2635809483681 28.2901701326932 0 0 0 0 0 0 0 0 0 0 0 0 0 0 0 0 0 0 0 0 0 0 0 0 0 0 0 0 0
21.6736571515094 2.37102531309937 1.44772264635422 11.4470511245404 18.3427332579099 13.5235990566401 22.0042068093881 19.5474901985222 26.717960924178 38.0362227089538 30.8418412400658 39.1587631856652 47.7607885926584 44.276599952174 43.4140810515387 47.3909722987097 43.4759175427882 26.5794974368128 0 0 0 0 0 0 0 0 0 0 0 0 0 0 0 0 0 0 0 0 0 0 0 0 0 0 0 0
19.2550971589862 4.13505200655403 1.10718427904819 12.9838113551288 20.8765116555839 16.1226233305073 24.420615484285 17.1665975965316 30.5088763080527 42.7345106470698 31.7068912611481 46.7203861413464 48.5051208524645 48.8311123222004 48.197739527962 47.4695556128789 46.9396016159335 47.6651952335247 32.3169205074835 0 0 0 0 0 0 0 0 0 0 0 0 0 0 0 0 0 0 0 0 0 0 0 0 0 0 0
19.837784514075 2.97451082807003 1.17521655966122 11.9015675706393 19.3366912636307 17.4833434816467 19.7227664627521 17.5979586849628 28.8976954070685 39.2921417704365 34.1370625506691 40.1128315747644 42.4261640679098 45.42088620427 41.167575616229 41.5353506327148 40.0874485680235 46.2838228801471 51.4721078809224 29.250023834944 0 0 0 0 0 0 0 0 0 0 0 0 0 0 0 0 0 0 0 0 0 0 0 0 0 0
18.1625147835489 2.51067680813901 1.27639832762075 10.9162521240373 20.0391604910623 13.1856593355609 18.8635431271555 15.6591534379641 27.9979586968099 40.003273325908 28.8229363673628 36.8325169004006 43.3838603893576 40.8489776648713 37.5734822354666 38.0945322413663 41.6587332695088 44.3629288117405 49.9964040641798 44.6363412102359 24.8757361574108 0 0 0 0 0 0 0 0 0 0 0 0 0 0 0 0 0 0 0 0 0 0 0 0 0
19.851978149164 3.9694561423806 0.975150517459372 12.5756465210146 16.8001745059387 11.4326179343851 17.1043249952002 17.0469698464486 28.8644910308026 40.7695171615791 30.2731735916726 42.1940789505127 42.3213957942477 39.8253468393618 38.1549807130738 43.3365985471942 45.9692356641462 48.328628742527 52.2174016115628 47.0695696670096 47.6403112502994 29.8638903037276 0 0 0 0 0 0 0 0 0 0 0 0 0 0 0 0 0 0 0 0 0 0 0 0
17.140379349667 3.50549856982852 1.20441105211452 11.2240689616972 15.0107941880186 11.773168082155 21.0942765386109 16.7693086396708 28.7717416765735 38.4102918287456 32.5651842031362 36.8172264907933 38.2031528199708 37.6510893082866 40.1120933707785 43.3803838061952 44.7340612468615 45.6801811378226 50.8823787085264 48.7951025533785 43.7800963989695 43.3988270358357 24.7154036674001 0 0 0 0 0 0 0 0 0 0 0 0 0 0 0 0 0 0 0 0 0 0 0
19.1724124317748 2.99027875570495 1.18285096896926 9.44227008437571 17.9591936038868 13.6885268386263 22.2031384472143 18.362729694146 28.7956897146297 40.9517846121629 30.2937425360726 36.1531743926281 37.8085244600726 41.7918134705362 41.9108827017046 44.5580562017184 44.1211425231044 46.6846937686652 54.1130914084121 46.6493297290419 41.6751270587693 43.8188342296586 43.1095287591784 25.6855441717431 0 0 0 0 0 0 0 0 0 0 0 0 0 0 0 0 0 0 0 0 0 0
21.4957255311971 3.93737071763311 0.964824557132855 12.6495858103454 17.7279338769046 18.0949568269613 21.2806380680645 18.8913455144641 29.3166624656401 39.9100658467075 28.0244835988512 36.4991494278223 43.2858564024553 44.7351191328368 44.6337867772858 45.6742353754137 46.6727454226866 51.6646011485902 53.7223072770554 46.0078722757253 43.1460236750192 45.8116838514119 44.0221140302613 44.9809418791166 29.8546027517858 0 0 0 0 0 0 0 0 0 0 0 0 0 0 0 0 0 0 0 0 0
17.1371447668187 3.92066931955972 1.78190802077948 12.3834617118755 22.2971050441618 14.5882427235048 20.0151152301206 17.4787437097451 27.1377014305614 36.3923286420589 26.7023936818094 39.9056122616038 43.7298444048732 44.1666123522229 41.6398398509941 44.1550451558119 47.9135264969305 47.3868591858834 49.2648446753541 42.9237117002067 41.1664379102049 43.3685804320239 42.627374711934 45.2080849076927 49.3448798344298 26.6568662808244 0 0 0 0 0 0 0 0 0 0 0 0 0 0 0 0 0 0 0 0
15.6021340686495 3.18650685057126 1.02200587983195 11.9414602681747 16.7835681209616 14.260061827461 21.432643310564 17.9545130800358 26.843971086743 38.1378959966707 31.0587717564998 39.6168100759178 43.7633649694418 42.2558395130289 41.5360724859312 46.9212200208602 45.2743134918759 42.6829234362111 48.4100886970432 42.7645588365209 40.0569644616307 44.0437166364455 44.0850925168269 46.9882986920583 45.5325940008136 43.3366417379887 26.5865987345517 0 0 0 0 0 0 0 0 0 0 0 0 0 0 0 0 0 0 0
21.2321487079766 3.90851262005421 1.30525132722538 13.5436854319494 21.5311847559169 18.6536832671893 23.717427870986 19.6506906264042 31.9707674629526 48.6006424322182 36.362538637285 48.2142509530123 50.6138857559257 51.5086293311615 53.0683489376101 54.2444781762489 50.195510060549 51.9388128154621 59.1099615255082 52.0203344507317 49.2802623665273 56.1825193341556 56.2345424944473 53.8841852477745 54.9205324657015 54.6442198707055 51.5605064333012 35.6639734538858 0 0 0 0 0 0 0 0 0 0 0 0 0 0 0 0 0 0
15.3477465247505 2.87666127461274 0.992028128210311 10.5141164529182 22.3050755313936 15.469366019615 19.0402860473113 17.3213633624838 28.1708687559936 38.3718886043953 30.7260471995692 37.6295197612146 40.5022077195875 44.0800975976209 40.5567914015384 41.3021012654605 41.2078150282532 42.3789464008209 47.1302978722865 41.8345948848194 41.9596960535148 47.4483488894632 42.7389048967366 42.6679333145484 45.7646179862281 43.3831397984905 41.8607886390589 45.9498960795152 23.3872276833629 0 0 0 0 0 0 0 0 0 0 0 0 0 0 0 0 0
22.3559096487065 3.85268178124954 0.80869536731532 13.4223612659085 20.4936705714825 15.0941947192765 19.5102687203989 17.8846850656599 29.2148789080115 41.4642751133559 29.6936521349416 38.5580405813687 45.1571020287913 44.0070565278958 40.3125617044853 42.1674709752536 41.5430525544554 42.4835267090217 48.8672784393861 46.2331893999065 46.1255379610099 45.499351863883 43.8199963598921 45.2319773133921 45.8463132911391 43.0802846363978 37.5334801959194 47.4732270773028 40.7827903721385 27.168251225069 0 0 0 0 0 0 0 0 0 0 0 0 0 0 0 0
19.0166524993726 2.88885966364782 1.8838188127837 11.8791880435466 16.1808680114223 12.290732472468 19.7633415748979 17.4528017824432 29.1910359752843 40.8118020853784 30.7248790203191 43.7013102488969 44.9753780650359 42.1150297952837 40.6775978991546 43.1846215478368 43.0026049801156 45.6807175810589 52.891213130018 50.7653997852793 44.6496426407565 46.7954190856063 46.035082297659 45.0848273981575 46.3789328465614 40.8188010798627 41.573099579438 52.2392682393447 44.9038461834834 44.4227404057172 20.0056390488976 0 0 0 0 0 0 0 0 0 0 0 0 0 0 0
19.1306793452116 3.00479736470573 0.901584355036508 9.92560431733411 14.9784035611072 14.0111475921447 20.9572153624772 17.9992626212925 30.1259600835236 41.6153910305683 34.5460236900074 43.0415698985259 43.1323042119214 42.2979744293993 41.7948344527842 42.8783182458533 44.4720022179775 49.3177405672505 56.3530103128562 48.142706643115 45.0271353502932 49.0641047053209 45.6316761225489 45.6649813753142 43.333435317031 42.3931287477779 44.2750123749309 57.4558005200264 31.7160941440692 10.8948914483852 0 0 0 0 0 0 0 0 0 0 0 0 0 0 0 0
21.9328698792565 3.65877321422122 0.652405932730251 9.72501882020321 18.4251258067576 14.9706778284938 21.2113838198463 17.0535067924996 28.6791842561356 42.7741661852062 31.2860875400808 36.4914055021415 39.7983461605337 40.6390228055475 39.0368118558609 42.2743458972534 46.4734805270695 49.6981921144608 51.5895079097085 45.8629656677385 44.8885425039206 45.9374441392537 42.8871430914056 40.401543745321 42.5857271874964 43.422531735451 39.8869382969832 13.8193063920227 0 0 0 0 0 0 0 0 0 0 0 0 0 0 0 0 0 0
16.0561597326491 4.68368516537902 1.24163792192781 12.8662383282333 19.9561888072442 15.1804833916439 20.5300477292277 17.0095009365502 28.2195617738693 40.0928253837237 26.1465754993889 34.7991320288291 38.6840147775187 39.6364372219092 38.9532193013583 43.3591231356688 44.9160585292574 44.1078316630903 49.3378813788334 45.0710258044772 41.1132518182331 41.5839401181787 38.9191248597213 39.4097913489732 37.6642433020015 19.9910513431606 0 0 0 0 0 0 0 0 0 0 0 0 0 0 0 0 0 0 0 0
15.3407022686792 3.8250124102131 1.41204798708475 12.2898153714103 19.32275781081 15.1236728956801 21.0462387373735 17.7915114077621 28.5300359178878 38.4209095526066 27.4127338754333 38.0073072946064 40.6698885440803 41.8751696091727 42.7811575318638 46.1654985254033 43.1868757501173 45.2535997622165 52.4205352494952 44.5708724393371 41.447601664153 40.2039970755412 35.6961454288807 19.1594756390307 0 0 0 0 0 0 0 0 0 0 0 0 0 0 0 0 0 0 0 0 0 0
16.3642621215468 3.17376255440821 1.33811717486894 11.9789267464278 18.5157890051539 15.426350828251 22.49434445369 18.266412563727 27.3190945270955 38.8332363940772 29.5875214752161 39.0046837610554 42.5442503403587 45.04847671699 45.4631553533541 44.158295450997 44.3156625600859 48.3282739632477 51.1023235639383 44.9048691939899 33.5449260668905 20.1971815200001 0 0 0 0 0 0 0 0 0 0 0 0 0 0 0 0 0 0 0 0 0 0 0 0
22.5947025514547 4.13313175576605 1.33313306970547 13.9361416665528 21.7776041667906 19.7856307055763 25.5390984977982 19.3478444379431 32.2156139722918 46.7890652006851 34.6349040535779 45.588289230097 53.1822562710295 55.8667103340028 50.5951653377396 52.4917491248856 55.3910583428819 55.3185390557833 45.1870790648079 13.3351980796639 0 0 0 0 0 0 0 0 0 0 0 0 0 0 0 0 0 0 0 0 0 0 0 0 0 0
19.2697547396729 3.75496080378716 1.09724784015507 11.317150842802 20.3623439372892 16.9322746058274 20.5713205167342 16.5349474646975 27.2754090380695 38.9582031159484 28.3913340655062 39.760822934638 45.9554404364682 42.9636742250164 40.8934338732116 44.8659081706206 32.1810696719713 7.04986703241256 0 0 0 0 0 0 0 0 0 0 0 0 0 0 0 0 0 0 0 0 0 0 0 0 0 0 0 0
21.6782654839078 4.09840294415415 1.07006743640199 13.7557893120063 21.6231883332896 15.9460597243556 21.0431898140078 19.1199894864879 29.0241669534555 41.0498961264992 31.9023767302361 43.9789124147464 44.4103186986473 44.0087054242573 32.0491873996821 7.81291217696517 0 0 0 0 0 0 0 0 0 0 0 0 0 0 0 0 0 0 0 0 0 0 0 0 0 0 0 0 0 0
19.1969324689493 3.53316786715931 1.27197137607823 13.5258203604947 18.9965046832704 14.6390607421593 20.6673908210962 17.9344203920373 29.0295087831484 41.0768458035747 34.0876957593071 41.573647800521 31.6233495424981 9.94781873672693 0 0 0 0 0 0 0 0 0 0 0 0 0 0 0 0 0 0 0 0 0 0 0 0 0 0 0 0 0 0 0 0
19.8986812840588 3.54804980106993 1.2489744863511 11.5151616973643 17.4935510754802 13.5061480973927 18.8423658681008 17.7399478786602 29.5232663827946 43.4303118672288 27.2790768045286 9.3439890771302 0 0 0 0 0 0 0 0 0 0 0 0 0 0 0 0 0 0 0 0 0 0 0 0 0 0 0 0 0 0 0 0 0 0
22.8759982698604 2.9316144333007 0.809253526273231 10.029328204696 16.3451987026209 12.6401903044821 18.914309165163 18.1465289889645 28.9162467798801 13.9438077531894 0 0 0 0 0 0 0 0 0 0 0 0 0 0 0 0 0 0 0 0 0 0 0 0 0 0 0 0 0 0 0 0 0 0 0 0
21.521137182889 4.26790335590416 0.896358648556156 11.705353940982 18.5866380477632 15.45808818282 16.1834338794147 8.88725518222028 0 0 0 0 0 0 0 0 0 0 0 0 0 0 0 0 0 0 0 0 0 0 0 0 0 0 0 0 0 0 0 0 0 0 0 0 0 0
16.7032805966163 4.57942800847937 1.48248755229766 12.4024029940752 20.6813834169902 7.64605742004809 0 0 0 0 0 0 0 0 0 0 0 0 0 0 0 0 0 0 0 0 0 0 0 0 0 0 0 0 0 0 0 0 0 0 0 0 0 0 0 0
16.5215349629926 4.05087128388433 3.63282522803632 13.0206738420895 0 0 0 0 0 0 0 0 0 0 0 0 0 0 0 0 0 0 0 0 0 0 0 0 0 0 0 0 0 0 0 0 0 0 0 0 0 0 0 0 0 0
19.0471281955376 0.483431564704303 0 0 0 0 0 0 0 0 0 0 0 0 0 0 0 0 0 0 0 0 0 0 0 0 0 0 0 0 0 0 0 0 0 0 0 0 0 0 0 0 0 0 0 0
