4.27950410678323 0 0 0 0 0 0 0 0 0 0 0 0 0 0 0 0 0 0 0 0 0 0 0 0 0 0 0 0 0 0 0 0 0 0 0 0 0 0 0 0 0 0 0 0 0
5.96352638731496 5.50584256728402 0 0 0 0 0 0 0 0 0 0 0 0 0 0 0 0 0 0 0 0 0 0 0 0 0 0 0 0 0 0 0 0 0 0 0 0 0 0 0 0 0 0 0 0
1.03570502959488 2.10379292783996 0.926613865656208 0 0 0 0 0 0 0 0 0 0 0 0 0 0 0 0 0 0 0 0 0 0 0 0 0 0 0 0 0 0 0 0 0 0 0 0 0 0 0 0 0 0 0
3.31204984652667 9.51172601611465 9.03888592752057 10.9418047494251 0 0 0 0 0 0 0 0 0 0 0 0 0 0 0 0 0 0 0 0 0 0 0 0 0 0 0 0 0 0 0 0 0 0 0 0 0 0 0 0 0 0
6.0573933948475 13.0621170166753 7.44481233471359 22.9449029822479 16.3053147522035 0 0 0 0 0 0 0 0 0 0 0 0 0 0 0 0 0 0 0 0 0 0 0 0 0 0 0 0 0 0 0 0 0 0 0 0 0 0 0 0 0
10.7945768646972 11.9004886696043 10.9960486353532 19.2315366611878 30.3390202881755 17.7622325009614 0 0 0 0 0 0 0 0 0 0 0 0 0 0 0 0 0 0 0 0 0 0 0 0 0 0 0 0 0 0 0 0 0 0 0 0 0 0 0 0
12.3520086781922 13.8421659593121 8.28827333018708 26.1863528914048 33.2281241209261 33.7230668239807 26.6353422763723 0 0 0 0 0 0 0 0 0 0 0 0 0 0 0 0 0 0 0 0 0 0 0 0 0 0 0 0 0 0 0 0 0 0 0 0 0 0 0
15.85263488082 10.8439940152324 10.106891622524 16.482451799911 32.489049200552 31.2911176007924 38.5082812461644 23.6027299447216 0 0 0 0 0 0 0 0 0 0 0 0 0 0 0 0 0 0 0 0 0 0 0 0 0 0 0 0 0 0 0 0 0 0 0 0 0 0
12.1994053150422 10.907502845782 9.35662729201909 26.9005197169433 35.1979219177677 34.093997758053 45.4567964578452 39.2634357001195 25.0652655637367 0 0 0 0 0 0 0 0 0 0 0 0 0 0 0 0 0 0 0 0 0 0 0 0 0 0 0 0 0 0 0 0 0 0 0 0 0
15.4669895735075 12.1062074701207 11.4841081255726 29.4668958204241 42.299304493194 44.6196625776757 54.2772088370471 43.6106830611646 48.5907430722365 31.4879361253411 0 0 0 0 0 0 0 0 0 0 0 0 0 0 0 0 0 0 0 0 0 0 0 0 0 0 0 0 0 0 0 0 0 0 0 0
9.24366857207574 9.98802230709451 8.21167499195637 20.8808949710101 33.8003178076621 32.824474524694 38.2066818452311 34.0022179587006 32.4871660335665 36.3004343547976 16.0828719162415 0 0 0 0 0 0 0 0 0 0 0 0 0 0 0 0 0 0 0 0 0 0 0 0 0 0 0 0 0 0 0 0 0 0 0
9.93515320542716 10.715844362154 10.5955985710778 26.0350730933079 37.4642108030587 32.0651929886555 43.3768060659859 32.9116822721899 33.7883220766886 41.1730519658067 34.5887461460049 23.0009450789484 0 0 0 0 0 0 0 0 0 0 0 0 0 0 0 0 0 0 0 0 0 0 0 0 0 0 0 0 0 0 0 0 0 0
13.9727508884413 12.5540766314315 11.2886500933737 28.2106303484436 39.101428346429 34.0433993551264 42.7116610138882 31.2132863514262 40.4686534320013 47.6027566530525 35.5942946974749 35.7179870651647 27.4969517388543 0 0 0 0 0 0 0 0 0 0 0 0 0 0 0 0 0 0 0 0 0 0 0 0 0 0 0 0 0 0 0 0 0
13.7343772518569 13.1262691566334 11.6989104797424 25.4145456283687 38.1712994408577 35.7637599811239 37.3976413089961 37.6103020535742 39.6499556165837 48.9308100744441 32.3111959345599 43.5486954884885 45.8980642940729 27.3552827829561 0 0 0 0 0 0 0 0 0 0 0 0 0 0 0 0 0 0 0 0 0 0 0 0 0 0 0 0 0 0 0 0
14.4031755796282 13.898145470934 11.2566136331428 25.569873313752 33.0712741383419 25.8906695028013 39.3663404029681 34.4025294793367 35.1702901212678 43.1591042384207 35.6065544015439 37.8297225673884 41.9891562307608 36.4557061103887 20.5263073087955 0 0 0 0 0 0 0 0 0 0 0 0 0 0 0 0 0 0 0 0 0 0 0 0 0 0 0 0 0 0 0
15.9010378874465 12.4547749560243 11.0444660375315 23.4717770088494 31.2526479773318 34.1753139251167 43.158813009785 34.8321522545607 40.4001898134216 52.3691304818723 38.1813645754497 41.0240116191414 39.6122791523379 41.5097826020875 35.8552814540064 25.6736167639057 0 0 0 0 0 0 0 0 0 0 0 0 0 0 0 0 0 0 0 0 0 0 0 0 0 0 0 0 0 0
14.4761445009887 12.4840596805403 9.69388212832348 21.2896596118083 33.532064565033 36.4301361473533 40.0461309799547 36.1753315328423 42.0561474751737 51.012057648954 34.9988946487649 35.2042501096947 41.116927972934 37.9940091104603 39.1749361839205 41.0194888972116 24.0761510434859 0 0 0 0 0 0 0 0 0 0 0 0 0 0 0 0 0 0 0 0 0 0 0 0 0 0 0 0 0
14.9476099173236 8.71388079962209 8.0496019575164 24.4916044546408 34.3904799300689 30.7912198006036 39.3871140038486 38.6232578543092 41.7283265406057 47.4981351228539 31.2812725186507 36.045263306899 35.9926896541418 42.2099234368719 35.2958148327573 40.3037989990461 35.9615789026599 20.4712889237089 0 0 0 0 0 0 0 0 0 0 0 0 0 0 0 0 0 0 0 0 0 0 0 0 0 0 0 0
10.8036004707438 11.0367359222351 9.05849429670471 22.1089796186515 40.6835026386418 34.6509252449857 47.4795430620146 38.8943229944874 45.2693507639283 44.4659317785067 34.6400567030551 32.0265440277755 48.1056165701289 43.0825473533557 37.5122529092148 40.8290344298368 41.1519646581545 40.5744683731105 29.0726782549719 0 0 0 0 0 0 0 0 0 0 0 0 0 0 0 0 0 0 0 0 0 0 0 0 0 0 0
10.5678377001994 7.36557505748467 11.0271333081119 25.3159106873664 30.3851289401726 36.6630860591925 44.2078045260582 37.9846313263589 35.7160819507621 43.1005749571231 32.2899314964768 38.4842458174044 36.6352955990309 42.6595393806068 37.1148841095679 37.3505018610832 39.1006146842104 38.9810504785058 43.2704943500317 25.7554039057837 0 0 0 0 0 0 0 0 0 0 0 0 0 0 0 0 0 0 0 0 0 0 0 0 0 0
7.7118399223395 6.11121558303742 8.62996596493912 18.5034190620784 33.5683526255165 27.9257805236818 37.7368381111619 26.3318040141334 32.9351031625169 29.9644028044371 29.6782703404089 25.5228726823188 35.2841519856529 35.636090969572 30.5048161412474 33.7698407856125 33.3082796169574 33.0118883005729 36.8227978270031 33.8203879761696 17.0863822947152 0 0 0 0 0 0 0 0 0 0 0 0 0 0 0 0 0 0 0 0 0 0 0 0 0
12.0010784758928 11.3116867515038 8.79340228872837 24.4660103980035 35.1680439183984 32.7996968810714 37.1266821143613 32.1013634486896 35.1225996154376 46.5049295303193 29.8095797986312 36.1812315180381 37.3362764576218 36.2852263332209 34.9228142151679 40.6658893647201 42.9964705565178 41.4104364277901 43.5743161806188 40.5109020696504 37.2123250780077 25.7124238630263 0 0 0 0 0 0 0 0 0 0 0 0 0 0 0 0 0 0 0 0 0 0 0 0
8.4031307527714 6.83756312277694 12.4825344125292 24.6929478278098 30.6443585639784 27.4404138765333 35.3876569359687 28.2000272943928 38.3964733882549 37.612650993809 33.9960786912968 33.4107643022831 34.2821639511832 37.4480567625357 35.1886939011491 40.595012101033 39.2579726592399 36.7132279587508 39.010340320424 41.3439278422945 35.5153470202979 37.3297892698019 20.1101265403695 0 0 0 0 0 0 0 0 0 0 0 0 0 0 0 0 0 0 0 0 0 0 0
7.04039077505201 8.87143614736599 10.5944494705174 24.8671503922897 32.6537585187392 31.0603952195645 33.6126119220907 34.6763140069811 36.8796782615283 39.7701075912588 32.0452690200519 32.8480883491918 38.4209234864785 39.7285364383353 37.9671295694108 41.8113804443238 41.3760608236473 39.7257883248592 42.456529218719 43.3122041253838 34.2113397802366 37.9585539728844 36.6092917012064 23.030372424642 0 0 0 0 0 0 0 0 0 0 0 0 0 0 0 0 0 0 0 0 0 0
14.1090027307504 12.2901807745363 9.75782687525376 20.6650417469359 33.5383637821665 34.171545086035 41.2734044737742 37.841255295446 35.749183862706 41.9391387038064 31.4090867561408 37.2043579645904 42.4768915992815 44.0788623117467 40.7277042703741 42.8181659505699 43.9592907377064 42.6334657762392 46.0290297487125 42.5339735921527 35.0285361468654 40.334226600502 37.7508906259413 41.3279627822692 27.3499147052989 0 0 0 0 0 0 0 0 0 0 0 0 0 0 0 0 0 0 0 0 0
14.523312533887 13.2198285827973 11.3849327622343 22.728943394904 31.7945440087324 33.7281349638584 39.5862829738107 34.8273860007091 36.7528548796695 42.1844854694904 32.8365295728444 38.2372654628478 44.2119685665091 44.8597291388948 39.2695539791195 44.1870553103657 45.8040627830012 43.749930255903 46.4832737499826 41.5067659041748 34.7504926618943 40.7222339264555 39.1510339385439 41.7558937778867 44.2877711615254 25.9112137179544 0 0 0 0 0 0 0 0 0 0 0 0 0 0 0 0 0 0 0 0
12.546053989275 8.04431092582181 8.98941995775323 19.2589553034549 37.3730277336601 32.9652585147085 39.9537070063547 32.7672192094392 36.3402971795144 45.5609629467116 35.0323837392086 39.5845640335455 44.5795406198345 43.9566521685161 41.0817694677138 46.7660811046558 45.6042710683497 41.8966562104816 46.1515398794725 41.1950416476229 34.8337059437201 42.3480909445407 39.6327823121893 42.0735450123609 41.0295627445199 41.4458626948481 25.6485404820469 0 0 0 0 0 0 0 0 0 0 0 0 0 0 0 0 0 0 0
13.4353726877834 12.7882824454675 8.19722025990915 26.8700333287785 35.8858701247169 36.6228419660848 40.8968193342305 36.1033747768111 41.9448470972504 53.6332750985323 40.5832475144039 44.4906001079007 47.557987189472 48.6621086859201 45.6072365156488 50.1845690251533 47.8000074648599 45.2531910994859 49.9037028869072 45.2727225533519 39.2815907388734 47.3124539213289 43.7506882859435 41.8832970411096 43.7548662342424 46.2280664150275 46.7326162536239 27.7592640000399 0 0 0 0 0 0 0 0 0 0 0 0 0 0 0 0 0 0
9.22808784003882 4.90909342940002 9.45170914563122 19.0978472599004 36.2109752447455 27.2118315789078 36.9102314868891 34.0393607535092 37.2158771291387 46.2763869710801 35.6106785758836 38.3814936890694 41.8850575355055 44.6720526452357 40.2797785371196 42.6640074695703 40.8932744810343 38.8133152972716 44.3977356076808 39.9666871510301 34.4678230123815 42.1814334392162 38.8589286617455 39.7510446261254 40.5557936232293 40.1014961861952 38.3034012198947 41.7608351778857 20.6326570279568 0 0 0 0 0 0 0 0 0 0 0 0 0 0 0 0 0
9.99960655254299 13.4430756526615 7.44424994772064 15.8913479584025 31.3166977275809 25.617856987473 34.5962462956992 31.682325256735 36.9986730295926 43.5544337326974 31.3824126883116 34.6230772382895 40.142588141231 40.1331895483618 34.9807314277729 37.8146360798741 37.293356702993 36.2460507601757 41.7514613302024 37.5742403726913 32.3364832105512 35.1983649156809 33.550296462984 33.9259473041066 36.6148824179865 34.6565030973415 35.3845653926457 34.7152034601508 35.5649513140964 19.7408895326727 0 0 0 0 0 0 0 0 0 0 0 0 0 0 0 0
9.07503031179593 7.51170184020278 10.2831295446006 23.7954478270256 28.228899395423 30.0344681767591 38.5790307092763 34.9425582130321 37.4417503849144 45.2920120832678 33.963214700566 41.4828006721885 43.7138815052123 41.5168425251829 37.9785275786679 40.114840788594 39.2806048747743 38.5005945549879 42.4817828891771 41.2618289606837 35.84515455722 36.9195130374621 37.6043893674883 37.4976253672985 37.6282531853221 34.6594190261866 32.9092651465613 38.7318114566695 32.0803879512232 31.6035535991146 12.7140954205912 0 0 0 0 0 0 0 0 0 0 0 0 0 0 0
9.69335875456481 10.5327627955007 11.7307947905754 22.168123994271 35.0677954446772 35.3935029691834 45.2742774260335 39.5672264478377 42.6598897295226 51.464662255598 39.9018343863215 44.2154819374742 45.7191382734135 44.919955099644 40.6567978397702 45.030342439229 45.3027119610368 44.4893809905353 48.9438395483747 44.064044659029 37.3873846488355 42.5668543584147 40.1350564824749 38.509477713035 40.311659763491 36.7672102827032 40.6459613845152 44.9869444753256 29.5821740022668 11.9248447002669 0 0 0 0 0 0 0 0 0 0 0 0 0 0 0 0
7.45349571367352 4.13635028710225 6.9532628161548 18.6049475081336 28.0554860555596 28.2796818292366 35.4311725999673 27.8591194292664 32.3195288673321 41.6703357869607 29.3785502043838 30.5629796633843 33.7582998034811 33.3996218503052 30.2966818149287 34.9666742123288 35.1242819610908 33.7588727335342 36.1536813950248 31.1947581037887 28.2495757304974 33.9594048201124 25.4813900645795 29.4171217737806 27.3469747133094 29.9452199514508 29.5754173616373 10.6214754038369 0 0 0 0 0 0 0 0 0 0 0 0 0 0 0 0 0 0
9.95256467624596 8.57289216601041 9.12675017495283 24.0736052437531 34.7713417798249 34.2799798794152 40.4123468246562 35.4534640628447 40.765196776101 49.9091538740625 33.8620446289212 37.7385272530684 41.0490700436239 40.7070856009351 37.7157077487995 43.1850500759003 42.291508833931 39.0032031158877 42.2153374581751 40.3281468209163 34.2302920611455 36.3419983161443 31.7712441089781 32.6456670448312 31.2225205439311 20.8287380225925 0 0 0 0 0 0 0 0 0 0 0 0 0 0 0 0 0 0 0 0
9.10309036544393 8.50081914011965 7.54785135469014 22.518871852925 33.5286340853191 31.9542247484372 41.3319663947107 36.2486210457111 39.0986612690154 46.4643202371955 33.9869236466693 37.3353031668568 40.4177555084016 40.9173299239536 39.1870950847246 42.8253535395162 38.4418015520699 37.1286995100861 41.8563795495885 38.2490018571546 29.8209788792762 35.3144094351961 26.0429896996311 17.8111202004581 0 0 0 0 0 0 0 0 0 0 0 0 0 0 0 0 0 0 0 0 0 0
13.4529508173974 11.5636061103453 10.2790579542229 25.7502615360686 37.4301549823923 37.9008297586535 46.6364468368467 39.9074670532801 42.1492045721111 50.5545602651541 37.0027220147162 40.978946787149 45.528776017593 47.1243370372849 43.5952718886436 44.2887780412857 42.5451946397973 42.5699218052794 44.8883043677023 40.6806301438825 28.7993843940683 13.1950026000831 0 0 0 0 0 0 0 0 0 0 0 0 0 0 0 0 0 0 0 0 0 0 0 0
13.1690591042284 11.0372721455544 11.8957182409174 29.5130680950207 39.5439833954096 42.4193856390467 50.7024916261641 41.8868469225969 45.7125762321642 55.9641266254427 39.6826629854045 44.501042705015 51.3775870297643 51.288392293237 44.1063945715386 48.2284659844078 48.4484646972832 45.7888353851819 38.3324981524947 12.1025494082998 0 0 0 0 0 0 0 0 0 0 0 0 0 0 0 0 0 0 0 0 0 0 0 0 0 0
14.2055784008839 10.3409476687864 10.1016044553293 24.681337819816 38.2482714365778 36.5685492057185 43.6117884773934 37.0292251493612 40.2891428342735 49.3310658906101 35.602124210306 41.0852145914112 45.77275799182 43.556295888826 39.5814649524409 43.606421607667 32.9377572721197 9.73938416975558 0 0 0 0 0 0 0 0 0 0 0 0 0 0 0 0 0 0 0 0 0 0 0 0 0 0 0 0
16.2388049500071 13.2132789807056 10.9177815699149 27.8838189945922 40.9817574595913 37.4152225813557 45.6737227712457 39.9950756284399 42.5760735860811 52.1497106918588 39.9392039816683 43.9372134863166 46.4546293882322 45.0457632148256 30.7051529695338 11.5059396960447 0 0 0 0 0 0 0 0 0 0 0 0 0 0 0 0 0 0 0 0 0 0 0 0 0 0 0 0 0 0
12.5145519427299 10.9181265603415 12.2081694999351 28.5728655458482 38.9323785437096 36.1788164348698 45.4903709819799 39.9620961855111 42.6586211705921 52.7770210200672 40.6158804545041 43.9927195161266 33.8900518360263 11.823046751969 0 0 0 0 0 0 0 0 0 0 0 0 0 0 0 0 0 0 0 0 0 0 0 0 0 0 0 0 0 0 0 0
13.2447412186869 13.6456365977271 11.9327984266889 26.5084513559082 39.1156946165858 36.9437574663569 46.4299627502775 40.8921693042394 45.6531221254541 54.3660951663461 31.1226883227923 9.97745126110578 0 0 0 0 0 0 0 0 0 0 0 0 0 0 0 0 0 0 0 0 0 0 0 0 0 0 0 0 0 0 0 0 0 0
14.6357384691035 13.183830809269 11.1862379312432 24.8648428762558 37.0734576509846 35.0669569918499 44.8028350635188 41.3989614451341 38.6997695284522 14.1310346771463 0 0 0 0 0 0 0 0 0 0 0 0 0 0 0 0 0 0 0 0 0 0 0 0 0 0 0 0 0 0 0 0 0 0 0 0
15.7438854608622 12.9702154449727 11.2984966588748 26.0534454728119 38.2699106497698 37.5809121413041 40.0325922445056 13.073775811276 0 0 0 0 0 0 0 0 0 0 0 0 0 0 0 0 0 0 0 0 0 0 0 0 0 0 0 0 0 0 0 0 0 0 0 0 0 0
15.0282463673506 13.3478591556093 10.9486449170403 26.2169282075299 35.9091294249187 13.3893047513139 0 0 0 0 0 0 0 0 0 0 0 0 0 0 0 0 0 0 0 0 0 0 0 0 0 0 0 0 0 0 0 0 0 0 0 0 0 0 0 0
14.795154117599 12.7311913493551 10.6930931853447 16.021661866958 0 0 0 0 0 0 0 0 0 0 0 0 0 0 0 0 0 0 0 0 0 0 0 0 0 0 0 0 0 0 0 0 0 0 0 0 0 0 0 0 0 0
12.4912376738281 4.73914840551971 0 0 0 0 0 0 0 0 0 0 0 0 0 0 0 0 0 0 0 0 0 0 0 0 0 0 0 0 0 0 0 0 0 0 0 0 0 0 0 0 0 0 0 0
