3.73718248162956 0 0 0 0 0 0 0 0 0 0 0 0 0 0 0 0 0 0 0 0 0 0 0 0 0 0 0 0 0 0 0 0 0 0 0 0 0 0 0 0 0 0 0 0 0
5.40476292865582 2.70346905398472 0 0 0 0 0 0 0 0 0 0 0 0 0 0 0 0 0 0 0 0 0 0 0 0 0 0 0 0 0 0 0 0 0 0 0 0 0 0 0 0 0 0 0 0
3.81143440081244 3.07658607716553 2.92908106206173 0 0 0 0 0 0 0 0 0 0 0 0 0 0 0 0 0 0 0 0 0 0 0 0 0 0 0 0 0 0 0 0 0 0 0 0 0 0 0 0 0 0 0
3.50419247131338 4.14529174440467 6.66555604357283 7.82547489805682 0 0 0 0 0 0 0 0 0 0 0 0 0 0 0 0 0 0 0 0 0 0 0 0 0 0 0 0 0 0 0 0 0 0 0 0 0 0 0 0 0 0
5.36302467204494 5.13989694497575 5.86981398954823 9.43116147229489 6.05730387647859 0 0 0 0 0 0 0 0 0 0 0 0 0 0 0 0 0 0 0 0 0 0 0 0 0 0 0 0 0 0 0 0 0 0 0 0 0 0 0 0 0
8.64918369572866 4.53458627702304 3.59946440722014 5.91764267283536 7.67243550974298 6.08414159800529 0 0 0 0 0 0 0 0 0 0 0 0 0 0 0 0 0 0 0 0 0 0 0 0 0 0 0 0 0 0 0 0 0 0 0 0 0 0 0 0
11.0118670853179 1.51916550457065 1.05681893740065 6.20676078743605 12.153163251946 10.9419980060615 9.66866865339242 0 0 0 0 0 0 0 0 0 0 0 0 0 0 0 0 0 0 0 0 0 0 0 0 0 0 0 0 0 0 0 0 0 0 0 0 0 0 0
5.59427614983834 2.47275109599974 1.81718967134823 9.14376850294734 12.8207668382663 10.568089307521 10.4049066738018 9.33505884307398 0 0 0 0 0 0 0 0 0 0 0 0 0 0 0 0 0 0 0 0 0 0 0 0 0 0 0 0 0 0 0 0 0 0 0 0 0 0
7.30962138405276 4.14825837284679 2.12688142629106 12.962249878528 18.5986345857999 13.7509950911194 20.8242319451863 15.2915414487341 12.8421236795322 0 0 0 0 0 0 0 0 0 0 0 0 0 0 0 0 0 0 0 0 0 0 0 0 0 0 0 0 0 0 0 0 0 0 0 0 0
16.7648264229203 5.10923919821329 3.15437956824836 17.0514512017319 23.0575544203116 20.8682540838246 25.1749962399381 20.08337017172 33.8882649876527 24.1739542620714 0 0 0 0 0 0 0 0 0 0 0 0 0 0 0 0 0 0 0 0 0 0 0 0 0 0 0 0 0 0 0 0 0 0 0 0
9.81241134892633 5.27740588373602 1.52043833290085 9.10642534740552 16.8527248118718 11.6498210086462 16.5163030837381 16.1084085830725 22.1115802710598 31.9071766598132 12.972855899832 0 0 0 0 0 0 0 0 0 0 0 0 0 0 0 0 0 0 0 0 0 0 0 0 0 0 0 0 0 0 0 0 0 0 0
15.3081095821783 4.88278098344814 1.93279274417326 14.1112927789762 18.9189072567323 14.8992175898259 24.3529488253249 18.1422064996973 28.7081603438322 38.0366280370029 28.183925997803 20.2907014615785 0 0 0 0 0 0 0 0 0 0 0 0 0 0 0 0 0 0 0 0 0 0 0 0 0 0 0 0 0 0 0 0 0 0
19.1456568976344 4.96177388784383 1.77307405201165 12.9388021403242 20.7729471142409 16.397754184821 24.7743151305561 19.8927500139349 29.6582997986177 42.8099822449097 29.8018204046462 36.8330830603491 25.4924191892486 0 0 0 0 0 0 0 0 0 0 0 0 0 0 0 0 0 0 0 0 0 0 0 0 0 0 0 0 0 0 0 0 0
21.6097619783018 4.73619821299873 1.20871821817063 14.1972015220595 21.1770040720102 19.1468966336997 24.3267608183578 21.6097122343069 31.7592907983361 43.2612418158665 30.4935383005224 39.5260017101211 43.0612701224854 23.7101980425366 0 0 0 0 0 0 0 0 0 0 0 0 0 0 0 0 0 0 0 0 0 0 0 0 0 0 0 0 0 0 0 0
21.4767884815368 5.39204307660121 1.83078715476236 13.9629389318889 20.6466058089775 15.4696293326078 27.582327563182 19.3599225493121 29.1828965914233 42.5849791248015 30.456068324132 38.1673106375157 37.4098484859353 39.2269402234759 23.2430483662932 0 0 0 0 0 0 0 0 0 0 0 0 0 0 0 0 0 0 0 0 0 0 0 0 0 0 0 0 0 0 0
21.5220833283086 5.37597642708717 1.83020241759071 14.6042387069207 22.298823434782 19.9154343290915 26.7610110626404 19.111686249952 32.8829584456025 45.4514788882298 32.8845000509626 36.2439556208837 41.1628745371636 43.0251205720801 43.2708981953336 27.6479629256642 0 0 0 0 0 0 0 0 0 0 0 0 0 0 0 0 0 0 0 0 0 0 0 0 0 0 0 0 0 0
22.0584752761554 4.6838186045172 1.66615180918579 14.4901953953762 21.749199185649 18.5416564070198 24.1482503999562 20.8869896305183 32.1765847589586 43.7369097196295 27.7016016351038 37.8538338473846 41.0125680170878 44.7010514759967 42.2436433543695 42.639958446028 26.3144938719676 0 0 0 0 0 0 0 0 0 0 0 0 0 0 0 0 0 0 0 0 0 0 0 0 0 0 0 0 0
24.2768638969517 4.55091209699042 1.71727886474098 13.3021517023607 21.3323085788763 17.3224657793159 27.4353658768425 24.0893615839041 33.2161627183547 43.8250616926172 32.965849950969 40.5896577210769 44.9285867385185 46.3589221614349 42.5615847474139 47.3632186452009 40.7398276047745 24.5692450802199 0 0 0 0 0 0 0 0 0 0 0 0 0 0 0 0 0 0 0 0 0 0 0 0 0 0 0 0
24.633714112893 6.88028648629121 1.66805816414859 16.6830233134062 26.7953824412196 20.095686161812 33.0453441028227 23.0398760296034 36.3682901665279 51.0745853454258 35.6298959584662 46.056849280904 52.4581882763064 51.1469787711477 48.7578179895388 48.6812550449023 46.7317194905184 50.3980820071594 35.9035437171752 0 0 0 0 0 0 0 0 0 0 0 0 0 0 0 0 0 0 0 0 0 0 0 0 0 0 0
23.2818973253366 4.50838664842312 1.53319887160296 14.2769464652244 21.0696608490472 20.1643220694682 26.9647746701126 22.4157993579846 32.5766254969376 44.053766075005 34.784802079083 41.2789851647142 42.3002149889693 46.2067402913255 40.6513885539257 40.8308867703125 40.8207894087124 44.4739361399282 54.0097877150558 28.5721498153222 0 0 0 0 0 0 0 0 0 0 0 0 0 0 0 0 0 0 0 0 0 0 0 0 0 0
19.2010814889313 2.53794137935117 2.57810504687932 11.2325179816647 22.2042593591282 17.1600540377129 24.7407292371021 19.0535276722821 30.7623667155042 40.2737624843336 30.824864226692 33.5867860424387 41.707860106695 39.2603981981931 36.0164733339618 38.907369920167 38.5651952719337 42.2782250880198 50.3159616578156 42.3867582997837 22.7755529790047 0 0 0 0 0 0 0 0 0 0 0 0 0 0 0 0 0 0 0 0 0 0 0 0 0
22.6620223071883 6.30806963914406 1.15046980983664 13.372370385776 21.8880127517953 15.8007664074623 23.3935284051563 20.9749475487214 30.6379520161434 47.537093380206 31.1471000788998 41.7775875088539 41.0673764277928 39.0910966891583 40.1488662859586 43.8599203518426 45.8214379232406 47.851499280582 53.6013180274131 47.2366344145592 45.3081548020266 29.8490691000096 0 0 0 0 0 0 0 0 0 0 0 0 0 0 0 0 0 0 0 0 0 0 0 0
19.0844748383851 4.00674982362537 1.75357200458338 13.5711572137559 17.060639151509 15.3784656714803 24.3665898622966 18.820229269025 33.1055254894738 40.9333472612256 33.3049117987515 33.9222446310899 35.3399045475237 38.6489684412694 38.3315492840281 44.1855563159623 42.8887360344108 43.217272358921 50.7318442464053 47.053106924643 42.1129592310472 41.919574877966 22.2757763990001 0 0 0 0 0 0 0 0 0 0 0 0 0 0 0 0 0 0 0 0 0 0 0
18.2993565351008 4.06026399439667 1.85311506254574 11.9068576867154 20.9379124573333 16.8511469270557 27.592335485726 22.5525324677171 30.4425400479941 43.0111207903974 31.0382024942102 34.1096532861203 38.9862692152958 41.6075951996934 41.5307089293215 44.3738193822475 41.9260765279076 45.5513230430713 53.0034915224992 45.6493407294674 39.3280644837813 42.3517270032553 40.8093515452738 24.4448080889773 0 0 0 0 0 0 0 0 0 0 0 0 0 0 0 0 0 0 0 0 0 0
23.7614846491772 5.57761063017997 1.41155548128896 14.3371624700356 21.7223783761193 21.6855399247136 27.324140895042 22.4410379605872 33.2030435220121 43.6732992200139 28.8390167804743 38.2861006631541 43.0159640471675 46.9757373123845 45.3435462137517 46.275010543028 46.6759826463227 50.8266719938665 56.2478634143344 46.4711969622526 41.6089641214946 45.8059885903422 42.4099339586082 43.8471992622102 30.5487280875032 0 0 0 0 0 0 0 0 0 0 0 0 0 0 0 0 0 0 0 0 0
22.0171465961209 6.05675697878338 2.38226768117099 14.72309351863 24.170338345047 17.9020481264394 26.247822487495 21.4053447934007 30.596465367845 38.7674033332594 29.0708701595722 39.7405746793812 44.9037701968 45.5901873453663 42.0482937590066 45.825908624954 47.0332090226069 47.2388515773251 52.3294547058819 43.2776656999601 39.725427198519 43.3771091795885 42.1108171911402 44.0824972883872 49.2149905354186 26.9005140808342 0 0 0 0 0 0 0 0 0 0 0 0 0 0 0 0 0 0 0 0
19.4305277564334 4.35937432831496 1.34405904014709 12.9414934371851 20.9822520712122 18.3653541868433 26.6746146835981 21.8167620946766 30.1013333694709 44.2022286107872 33.8245003975422 41.6797827738532 44.8334452538292 44.4320863177389 44.1084269882203 48.7546304267439 45.7892517550328 43.8360252570713 51.8161112003822 44.1268396207958 39.6121663290976 45.4185659162552 44.8816138961032 46.1936932283163 47.1581681964571 43.9497686018658 27.3954190841526 0 0 0 0 0 0 0 0 0 0 0 0 0 0 0 0 0 0 0
25.2651998653384 6.07322769564027 1.37006762454369 16.5481975958752 24.1933012678626 23.2202674751735 28.9098195998977 23.7776707427854 36.7889308931742 54.0790165484197 39.951876690188 49.0007486974656 51.0277214797998 53.8694132562854 54.0362334715099 55.9312544345033 50.7301523721704 51.6687010404044 61.6512496772274 51.9751673576822 48.1844154547755 56.4670048501475 54.1321289110867 51.6675645168543 54.3846186846372 54.0634649204203 54.2034904604372 35.1726462845235 0 0 0 0 0 0 0 0 0 0 0 0 0 0 0 0 0 0
19.0602234265397 3.18431926717716 1.90480700424529 11.5636220413699 25.3869359684329 16.0651648165427 24.5549003537365 21.1837035347204 32.4753303344398 45.5826568766512 33.0635419272386 39.117539562978 42.7860577024213 46.6803546662021 43.1635788835109 43.5440019373495 41.7190334579774 43.0808926190803 50.6491222704129 43.4588091074245 41.7437043566041 48.1361136808029 43.5618093780286 42.4064017686867 46.4080019460722 44.7076237721719 42.2096979412035 48.6494470780073 22.7582579306697 0 0 0 0 0 0 0 0 0 0 0 0 0 0 0 0 0
22.0415956426404 5.9899868927525 0.775365090437916 13.188544889808 22.5583320520336 16.6583960554339 24.3921910912206 21.4400464780381 31.8593589450522 44.9342328412024 30.8079698166303 37.6981097474911 43.8746933764513 44.2822315189712 39.5438894610397 41.2253854173735 39.8890688708852 40.324467881407 49.7999903834117 44.506106868546 41.9543303142882 43.6638205275847 40.3809203396178 41.2980285682829 44.6450565302206 40.68247239305 39.0060347589884 43.4657913953181 40.4624711026082 24.7107340795127 0 0 0 0 0 0 0 0 0 0 0 0 0 0 0 0
21.6219411761698 3.95152228912678 2.41512021708749 13.1703665934038 17.6353746595124 16.3466217579105 25.6151093784474 21.1638464930568 33.0311089452592 45.6638991600804 33.3392394036649 44.2077955739915 46.0644278900753 43.6838851036699 41.4393994478218 44.3239789925858 42.5838747329353 45.5961954778921 54.5885046783295 49.3747298826511 44.1400191193473 45.7789431771912 44.3732250818218 43.5666454717185 44.9781944335642 41.3928508551944 40.5945607793391 50.4958333498096 43.7589686553339 40.7494772114578 18.5568218062822 0 0 0 0 0 0 0 0 0 0 0 0 0 0 0
20.8417669216666 4.13972409122116 1.9479525842134 11.0246080343735 19.4134755543397 17.2202087054347 27.616897238331 22.761857319671 34.0534325964341 47.2089542885526 36.7131392144459 43.8051198640229 43.838439418027 43.7873603336573 42.9277199085989 44.203679164351 44.0670451263839 49.0699731393724 57.6061930147751 48.3469381464087 42.8400086149249 47.7984758515163 44.3097410464349 42.4550046656123 44.2449789587365 40.1494041392545 42.9671023891045 54.9719653240659 32.7402653170088 11.5153956131923 0 0 0 0 0 0 0 0 0 0 0 0 0 0 0 0
21.3834085433281 3.70118592921559 0.870497056256802 11.2627692869402 19.5425039721582 18.1695096235522 25.2110210338285 19.2778814771044 30.9671211084583 45.3049110559117 31.4755803954284 34.8092940742407 37.58910199989 39.4427037704232 37.0747215540047 41.0315825725667 43.0829047345482 45.5466089255796 50.4029075332808 41.9203655744341 39.4832796649064 43.5684556330227 36.2120061460776 38.0315416944203 38.0627547100374 38.7290178478886 37.566656082939 15.5114574045548 0 0 0 0 0 0 0 0 0 0 0 0 0 0 0 0 0 0
17.5371585818607 5.54823471520458 1.59423384540843 15.3207946829558 23.196096016214 19.0250543850238 25.5523736596354 20.9264948857531 32.1445414348102 45.4604068562643 28.3742894229075 35.435956834953 39.353229936786 40.8685030767353 39.2428469464626 44.6260020376094 43.7704340479047 43.7764626439374 50.5061015703893 44.5064069763549 40.2456889995875 40.0167548383241 37.6371226878475 36.4573182938167 36.8991326427361 21.657134638204 0 0 0 0 0 0 0 0 0 0 0 0 0 0 0 0 0 0 0 0
16.3984625459933 4.73384765877524 1.30784110752944 12.6632724547546 20.4512485998519 17.2101308228241 27.0566884268683 20.5313600357224 31.3494198708549 42.7992084505152 29.5242221812163 37.4735394052254 39.6668825024575 41.6558664941684 42.0922070714077 45.1032436261627 41.1162866290881 42.1512652530364 50.939829603894 42.7014922268103 36.8764389562464 40.6598172138159 32.4639659437172 19.3501756203668 0 0 0 0 0 0 0 0 0 0 0 0 0 0 0 0 0 0 0 0 0 0
20.7007962687855 4.52292525536088 1.37506275939037 14.1966324284308 21.6928105239749 19.6860217254905 29.0514436826569 22.8108816793809 32.3276118624945 44.9600366384232 32.4249892013398 40.0000181063131 43.7341466472797 47.5311171034879 46.6181313120505 46.2974315532086 43.8651249102614 47.3680748178096 54.9052941156439 44.2195022522203 33.4851620218821 19.0494103176367 0 0 0 0 0 0 0 0 0 0 0 0 0 0 0 0 0 0 0 0 0 0 0 0
24.4343570180581 5.77505026479623 1.80876171604767 15.88794997868 24.9208190502425 24.0197396151884 32.3873055411302 23.7926211737851 36.5043038278147 52.6250854315911 36.5732621733759 45.5508855211798 52.6862098719861 55.9804808336943 50.5942479800673 52.2706152331255 52.6790589494105 54.7112648731246 44.4286534487542 13.4220205204597 0 0 0 0 0 0 0 0 0 0 0 0 0 0 0 0 0 0 0 0 0 0 0 0 0 0
23.4969582535131 5.20340184880363 1.5872971706175 13.424383293963 24.025974422396 20.9681102161007 26.7349655021271 20.9729051202862 32.050496138965 44.8567298815378 31.4824699128453 41.430698341577 46.6668419290552 45.5405554114932 42.1622118245838 46.1240434628456 33.8693861966299 8.10468420280883 0 0 0 0 0 0 0 0 0 0 0 0 0 0 0 0 0 0 0 0 0 0 0 0 0 0 0 0
24.2942231497849 5.9812205925749 1.37345539778961 15.7507643377582 25.0596742187426 19.2889416028563 26.952733016832 23.503362674991 33.1450183392399 46.4419606528722 34.8339328904533 44.4245335611235 46.1265994294378 45.5166699990688 32.9545911259675 10.3457551050396 0 0 0 0 0 0 0 0 0 0 0 0 0 0 0 0 0 0 0 0 0 0 0 0 0 0 0 0 0 0
22.5352839490904 5.23627201424593 1.80588789399904 15.6455512470822 22.342037455213 18.2240414156254 27.3794692436665 22.327983581644 33.2917875072546 48.0766114317881 36.8652003873704 43.4343827046454 32.5048836469585 10.0302209217147 0 0 0 0 0 0 0 0 0 0 0 0 0 0 0 0 0 0 0 0 0 0 0 0 0 0 0 0 0 0 0 0
22.8779498824893 5.38536910191573 1.53593025123052 13.5930566901469 21.038026578801 17.3625063380148 25.6646242686824 22.0373968082611 34.5043439713144 49.0659183413049 28.9437821952391 8.79555765497169 0 0 0 0 0 0 0 0 0 0 0 0 0 0 0 0 0 0 0 0 0 0 0 0 0 0 0 0 0 0 0 0 0 0
25.761023403802 4.94580422644378 1.1943032247488 12.0187194196494 19.6406848242557 16.2367894008747 25.0793260628701 23.0663996670255 32.4422996576347 14.5358715736791 0 0 0 0 0 0 0 0 0 0 0 0 0 0 0 0 0 0 0 0 0 0 0 0 0 0 0 0 0 0 0 0 0 0 0 0
24.9017644231872 5.87600193387065 1.52179391299803 13.7692757152205 21.7440511289413 19.2901005040205 21.6882861338176 10.0139761045071 0 0 0 0 0 0 0 0 0 0 0 0 0 0 0 0 0 0 0 0 0 0 0 0 0 0 0 0 0 0 0 0 0 0 0 0 0 0
20.7888649318841 6.28257498236518 1.86541598292875 14.0685436032161 23.2931549936859 9.0628464678001 0 0 0 0 0 0 0 0 0 0 0 0 0 0 0 0 0 0 0 0 0 0 0 0 0 0 0 0 0 0 0 0 0 0 0 0 0 0 0 0
20.071609123001 5.6546799655743 3.4233761854254 13.8677931088044 0 0 0 0 0 0 0 0 0 0 0 0 0 0 0 0 0 0 0 0 0 0 0 0 0 0 0 0 0 0 0 0 0 0 0 0 0 0 0 0 0 0
21.5969442124849 0.933541227793268 0 0 0 0 0 0 0 0 0 0 0 0 0 0 0 0 0 0 0 0 0 0 0 0 0 0 0 0 0 0 0 0 0 0 0 0 0 0 0 0 0 0 0 0
