9.01750916607677 0 0 0 0 0 0 0 0 0 0 0 0 0 0 0 0 0 0 0 0 0 0 0 0 0 0 0 0 0 0 0 0 0 0 0 0 0 0 0 0 0 0 0 0 0
2.71716469497728 1.10411520570268 0 0 0 0 0 0 0 0 0 0 0 0 0 0 0 0 0 0 0 0 0 0 0 0 0 0 0 0 0 0 0 0 0 0 0 0 0 0 0 0 0 0 0 0
0.117018191122099 2.91782710675135 2.44421538219224 0 0 0 0 0 0 0 0 0 0 0 0 0 0 0 0 0 0 0 0 0 0 0 0 0 0 0 0 0 0 0 0 0 0 0 0 0 0 0 0 0 0 0
0.784941596858068 2.84482947083135 5.58084739472334 5.38147029592403 0 0 0 0 0 0 0 0 0 0 0 0 0 0 0 0 0 0 0 0 0 0 0 0 0 0 0 0 0 0 0 0 0 0 0 0 0 0 0 0 0 0
1.68945950269557 4.13219969783859 3.33988416219485 8.19731811332844 2.35720164975728 0 0 0 0 0 0 0 0 0 0 0 0 0 0 0 0 0 0 0 0 0 0 0 0 0 0 0 0 0 0 0 0 0 0 0 0 0 0 0 0 0
2.79906909345128 2.32823061065462 3.19173681100985 3.12252953269034 4.81524101851985 7.23039593535684 0 0 0 0 0 0 0 0 0 0 0 0 0 0 0 0 0 0 0 0 0 0 0 0 0 0 0 0 0 0 0 0 0 0 0 0 0 0 0 0
6.99366140728819 3.15621280455655 1.4355678247722 3.2769876474024 4.52824326219338 5.76686134372339 5.07183801746747 0 0 0 0 0 0 0 0 0 0 0 0 0 0 0 0 0 0 0 0 0 0 0 0 0 0 0 0 0 0 0 0 0 0 0 0 0 0 0
2.0902871380013 4.43408697452133 1.2941815808307 6.44774806613931 8.80374170648628 0.756000602649526 4.69123694729513 7.69689093898288 0 0 0 0 0 0 0 0 0 0 0 0 0 0 0 0 0 0 0 0 0 0 0 0 0 0 0 0 0 0 0 0 0 0 0 0 0 0
0.623631072616939 1.00652826327241 1.12338611739889 3.30110492133288 9.56911364328872 2.17430907828651 8.53425599002665 1.0031796870658 5.82196411038422 0 0 0 0 0 0 0 0 0 0 0 0 0 0 0 0 0 0 0 0 0 0 0 0 0 0 0 0 0 0 0 0 0 0 0 0 0
3.71246550212251 5.05316626398085 2.48420441766554 4.98002041830848 9.14013486520311 6.04064866196716 6.17791821733057 1.64186797852089 5.22234261262919 0.850258622878346 0 0 0 0 0 0 0 0 0 0 0 0 0 0 0 0 0 0 0 0 0 0 0 0 0 0 0 0 0 0 0 0 0 0 0 0
0.955534275752477 2.29331688043617 0.0250109576978737 2.03824813477251 9.76918935419347 1.57705710994382 6.14863227973479 2.19281647674048 8.20090288478544 3.98062250862533 3.99823921195523 0 0 0 0 0 0 0 0 0 0 0 0 0 0 0 0 0 0 0 0 0 0 0 0 0 0 0 0 0 0 0 0 0 0 0
7.84832945689448 2.8242325220444 1.41267661741493 8.99104980362418 12.1568001376733 3.09562747776114 8.02711430869364 2.05308585400158 5.59455764554715 2.42054497516627 5.90460337436951 3.82935367163497 0 0 0 0 0 0 0 0 0 0 0 0 0 0 0 0 0 0 0 0 0 0 0 0 0 0 0 0 0 0 0 0 0 0
7.79686802718596 2.22404864957384 0.209775259675734 4.02839307691917 17.8075840498137 0.2540117883139 13.4040440110013 2.07859242320763 7.31350976958688 7.54939414802398 5.46359507432929 9.79826549117668 17.950021888637 0 0 0 0 0 0 0 0 0 0 0 0 0 0 0 0 0 0 0 0 0 0 0 0 0 0 0 0 0 0 0 0 0
6.98941488487497 5.92445428584258 0.230953764718714 4.13885072387132 8.79488980369625 3.86841828715264 6.72285961410014 0.803157267247009 12.1781900362474 2.33321922754065 7.93344699927753 12.6028395440319 18.8721962216818 6.09376527754182 0 0 0 0 0 0 0 0 0 0 0 0 0 0 0 0 0 0 0 0 0 0 0 0 0 0 0 0 0 0 0 0
4.85695067952231 3.4797598094742 0.867915673122953 4.10920872416419 10.0976969322062 2.0266423534252 5.75155491020465 4.39088444325875 4.03748792084743 7.34862329113136 5.28929581674396 10.0810781571681 11.9135095175222 5.69217461161979 4.6760786959558 0 0 0 0 0 0 0 0 0 0 0 0 0 0 0 0 0 0 0 0 0 0 0 0 0 0 0 0 0 0 0
8.16779364314497 2.49062415853207 0.462419779068571 2.52898681831628 6.1309699502392 1.08706802002762 8.62582664530777 2.41309933987656 4.82371964602799 11.7294509365563 9.10876847790838 9.66034116379984 12.6322145106482 6.72223574671735 7.04519660692412 7.41757652875237 0 0 0 0 0 0 0 0 0 0 0 0 0 0 0 0 0 0 0 0 0 0 0 0 0 0 0 0 0 0
5.66261185645613 0.524662194574309 0.670178081972763 3.62875241420327 8.83410619197097 4.7540119009089 8.22029876386253 6.87647385942897 14.9984550213726 6.69733122975432 2.54195029249672 7.74771351570337 13.6085444887935 13.247262766332 9.49478551038077 19.7196488778124 6.12885999596016 0 0 0 0 0 0 0 0 0 0 0 0 0 0 0 0 0 0 0 0 0 0 0 0 0 0 0 0 0
1.99803709710083 2.91570487303564 0.663980260940827 8.17484506501929 8.82771076162596 3.71085780124663 4.99447520332559 6.17062310905735 13.1886129878242 3.63137687738509 6.21223403177672 11.9438729875433 3.40530570166326 9.50823167704844 12.7903485720494 13.5776896092807 4.13934054919765 2.33328951818141 0 0 0 0 0 0 0 0 0 0 0 0 0 0 0 0 0 0 0 0 0 0 0 0 0 0 0 0
3.75569133276562 3.27740366108875 1.4752098452418 2.60687219741928 16.9586263973066 5.89234200373732 16.4431270287231 0.446164913280498 7.65246574902093 1.06450109223285 2.12474750924812 2.03070837627098 16.1795422773295 12.5942192553416 11.4155713868545 7.30373474726329 10.6707273067286 6.24304351116856 4.62466748379178 0 0 0 0 0 0 0 0 0 0 0 0 0 0 0 0 0 0 0 0 0 0 0 0 0 0 0
2.84137187236985 1.20327423922778 0.0619976234306611 2.34705736173809 8.2259998030217 2.1151942414493 14.0897494670006 5.48126022616665 2.31346250508856 6.08034864837143 3.19908341674136 11.6631226776864 19.0233795914451 11.7401319996544 12.3929669562136 14.876320892344 14.6477500580571 8.28888162683016 9.87580774893751 13.0889152250065 0 0 0 0 0 0 0 0 0 0 0 0 0 0 0 0 0 0 0 0 0 0 0 0 0 0
1.24645571219747 5.13357937852334 1.49303226647823 0.107310955777083 9.73525819514273 1.87194460801908 6.25023002098069 1.96691897465334 1.92415967457046 0.804072760155277 6.88831760285306 3.44097962102845 6.05358157417691 3.00099666580954 5.92694201446759 8.80493498836211 2.38863445574878 0.599074764780353 0.250535446787592 7.69308370001428 1.45673000087238 0 0 0 0 0 0 0 0 0 0 0 0 0 0 0 0 0 0 0 0 0 0 0 0 0
2.83420005793029 0.891290417219039 1.22356552004102 2.99685293119108 19.2201362023971 2.2343253663161 9.39876499792427 6.91869885067783 6.53771638744477 15.640980279932 15.2818629519482 10.0886002991954 22.5162919655022 9.9414641903888 20.1858486286651 17.4648260084225 16.9716106813448 14.2580972850399 23.6297013587487 25.7167994551026 13.0722699123599 17.4650749080785 0 0 0 0 0 0 0 0 0 0 0 0 0 0 0 0 0 0 0 0 0 0 0 0
3.58410376471412 0.895687638417262 0.885063850187627 2.6330257812464 1.98745717700646 3.43403525112126 2.32734742326189 3.59999981087374 2.41316121618796 3.16440452700122 7.09023670651914 2.28841783420178 3.99131366808338 5.78645690552549 2.29146760195762 7.11746247208755 9.47713668388749 6.02640527458161 1.61278747288762 10.3577631718644 0.886521199555372 13.8997435751576 1.10427304670797 0 0 0 0 0 0 0 0 0 0 0 0 0 0 0 0 0 0 0 0 0 0 0
10.3810437680136 1.00824544872283 1.79479646035661 0.443001752618109 11.252778112026 1.65827411017461 9.68506718072051 8.55345203792896 16.0706862104253 6.27420068486287 4.34864139001898 3.87071317987874 18.4991689326407 12.9969521177713 16.823610718811 14.9036304138521 22.519878795936 21.2941929025828 11.0589979875738 20.2930173179328 5.72116955617524 16.0065570871583 7.30996500851868 4.00771882858376 0 0 0 0 0 0 0 0 0 0 0 0 0 0 0 0 0 0 0 0 0 0
3.48699171024631 6.37822346190652 0.299912541463694 2.45565906771155 9.08059087769544 7.87848751486484 4.07208472483847 4.60029962502629 4.70286421909828 1.98479580811263 5.14758335719467 10.160763803918 10.1284744956119 16.3255442735821 12.0501730381706 13.8393512184985 22.5027156233446 13.5451864508986 8.7693629594586 22.112406603209 3.70000782353645 20.3143135493086 3.96858661631917 14.3219561984868 8.66725528810549 0 0 0 0 0 0 0 0 0 0 0 0 0 0 0 0 0 0 0 0 0
6.67417418241297 1.11170360936875 0.662410459906531 1.28503938179263 6.12403241240118 3.81406696418592 11.0503534163342 3.68250703580873 3.78989589160857 2.89070636628727 3.57413269929601 12.571725152743 22.0179129741319 19.8207679960266 15.5423503565938 18.2784523623658 29.0021397201195 16.5422729730222 15.6937931998818 23.2188741425064 7.25623764974339 20.6770383887065 10.4728362829135 15.4393618314397 20.3692849955381 11.3528267602403 0 0 0 0 0 0 0 0 0 0 0 0 0 0 0 0 0 0 0 0
5.03579179543172 0.274374576012897 0.664795535076929 0.418721397634062 5.2053883139207 2.52132414032913 2.93569795410911 3.21914055757324 6.58216071824745 4.7793746305596 7.21736612610935 10.4458352050925 12.4184949323069 15.1818699808275 13.5467662913764 13.2058259861257 18.5677424347654 6.89074691980031 11.7188858042599 13.6032725962413 2.67856994359428 14.0444526685802 6.20379159117345 6.52129672767911 8.59620208259674 13.9842826824573 4.17331351575211 0 0 0 0 0 0 0 0 0 0 0 0 0 0 0 0 0 0 0
8.53487961149145 2.33486339714044 4.7118286291589 5.17814146492936 6.2380133998097 0.682853967095342 5.8114245624118 2.29527474336975 9.22602388602595 9.96601531331282 5.70261308193237 4.99046055714412 12.5665349201183 7.6563648043163 8.90452120278859 9.65799003585122 12.0357212395271 6.50806077023605 5.45026085711945 7.2295420506657 0.959882606031915 13.754667937864 0.378946010171314 4.79373491182823 2.61849096043364 5.65906714349647 3.85963672787393 3.40331560551071 0 0 0 0 0 0 0 0 0 0 0 0 0 0 0 0 0 0
6.13008103278081 0.740875159239074 0.768236685665189 3.39987306567421 12.4915728144582 1.26144567072638 9.66647639803485 1.89413379660459 9.040465773352 6.65007420850824 6.1411661647456 13.7726252184899 18.0599542751686 21.5105562506506 21.6435069457557 18.9286407189263 18.7804551534897 12.1944793170141 11.8421029790234 21.9155875960329 5.80318668833545 19.6936770482905 5.43766432464158 20.4870822833845 10.7408254576053 12.1092916543741 7.74794755100657 6.26136216589516 6.92746770607052 0 0 0 0 0 0 0 0 0 0 0 0 0 0 0 0 0
14.65098385258 5.63372081623693 2.35413742903967 3.86026833431209 13.8744264135724 0.101153258412134 6.95717228661224 5.17799351426883 9.63186551286788 4.99385139444492 6.05661188795904 3.03550942224822 13.146186699034 7.85934004677286 7.75954301115518 8.61018822303068 9.11866562859682 7.44522370703317 4.14886635104479 9.4571909702934 5.80406099052418 11.3356276235261 2.2676935381286 0.805567842173503 8.22976422842095 4.22403482465089 3.35084919090425 1.8268961893711 17.1833074343859 6.00690977096429 0 0 0 0 0 0 0 0 0 0 0 0 0 0 0 0
3.62298020078902 6.75591182554288 0.802733929545757 1.46164586863487 2.66887542339441 0.133607964721576 6.01691236983727 1.84778598785871 0.528648492413369 7.09212684214321 9.74414927574515 15.2152649326421 12.0804000175405 8.4408421746466 11.8591039912169 10.2555152183773 9.20046267425921 5.59097227629996 8.80886739819725 12.5603175529926 11.220546100814 13.2440791389158 8.43789850928943 8.47345087115949 2.58276399701489 7.97371957268691 3.55916168542818 18.2663316480469 4.90080460480985 17.4874084489875 0.705389278658445 0 0 0 0 0 0 0 0 0 0 0 0 0 0 0
2.15442536463768 4.27761164014776 1.97257679082107 2.00353374252074 12.4590792538931 1.52186604206254 11.6803465986389 2.57055224708649 16.2001946783126 9.71893378102462 12.427424595018 23.0841929836413 27.9105103447762 23.3371252118996 23.1962703602541 26.5584109859764 23.0280591074754 17.0847867133136 14.1425844869621 25.7755901702972 8.75204852027515 26.442480000229 5.00180797735483 19.4981725378587 11.5769894763601 11.5693857229521 3.08123630166355 3.11359810483574 17.9578329336835 1.16372490184671 0 0 0 0 0 0 0 0 0 0 0 0 0 0 0 0
0.523036021162858 3.16312346339418 0.284683317899726 2.67552133340371 7.19841089279334 1.13066136146868 3.72748655495658 0.767238912075712 1.64860714086891 4.47595320455542 5.99995421011028 7.51370750232975 8.96741008692171 10.1070697925768 6.71071292996475 9.09059755815096 8.45657215513047 5.37996567064672 6.35996495500966 9.32028396377136 7.69593579447349 13.3615237525487 1.47211616888367 16.7720613644877 3.24975720139403 8.75434236202778 1.38641966348883 1.67183965627881 0 0 0 0 0 0 0 0 0 0 0 0 0 0 0 0 0 0
3.10352833058769 2.13535006799437 0.687417895083782 11.0278453457771 6.37329256823157 1.96301635273186 5.77651002134534 1.487969598898 5.75112723299009 3.95152021848275 4.78831983840124 7.90194526749993 9.59533281247637 8.04627870867789 6.56245803672354 11.4331414156845 7.93651454702649 5.878905949019 2.66513819830924 11.4929808537212 7.56655190139894 13.1005723412826 0.0437280639148282 6.84425473560004 0.0321037481293465 7.21448119288957 0 0 0 0 0 0 0 0 0 0 0 0 0 0 0 0 0 0 0 0
0.24977625601023 1.22662070510008 2.10222074219692 3.0068075339842 3.47150030932698 0.46486710091389 11.3858761442817 0.744384611957383 7.69356754123145 7.35659070815443 10.2453644046536 12.284758997175 11.6758485901068 17.1754452671087 13.0418487325427 15.1703551132596 6.30049926668715 4.44120373428172 4.05319083713098 8.48854714091481 0.575255435496506 9.46147598449026 0.695230495056154 12.2726953036268 0 0 0 0 0 0 0 0 0 0 0 0 0 0 0 0 0 0 0 0 0 0
1.43013121106353 4.70656218488147 0.184269365101701 5.66896579694856 17.0569306993759 3.61925692599628 16.6499429898294 4.01883937687015 15.6280868718237 12.7146051415546 11.3679889029167 21.6896399651251 24.4647797604018 26.4521731982809 26.9558425672996 24.8379391644368 20.0923321673258 19.6691775278161 15.5623260773366 14.090642121823 5.37267358236397 6.91237078844087 0 0 0 0 0 0 0 0 0 0 0 0 0 0 0 0 0 0 0 0 0 0 0 0
1.03006308130858 0.939193334280701 1.07861785181974 2.82008457643239 7.89774759003392 2.63372923194281 10.3712443325516 4.14171633387413 6.62421515538323 8.24292723910109 7.39655221033029 13.5143193361942 17.2422928479465 16.9831139886526 13.1013046489908 11.8339780367378 11.2904522447386 7.8498706564976 4.53425662278467 3.43533501123095 0 0 0 0 0 0 0 0 0 0 0 0 0 0 0 0 0 0 0 0 0 0 0 0 0 0
3.81740449272104 1.29357307287269 0.808295923817744 4.08244353609343 19.6516973793707 1.46377134080582 15.1690203138621 3.84771424130052 10.8229867622803 12.2394052718872 8.70697886863662 18.6928917108791 21.8819080575811 16.7757753082318 16.5507104548281 18.0788468193312 13.9374946032315 4.73375476980557 0 0 0 0 0 0 0 0 0 0 0 0 0 0 0 0 0 0 0 0 0 0 0 0 0 0 0 0
0.117294915098802 3.36449810860541 1.57673928799971 6.86766839798211 17.574576308146 5.40649142556308 14.2250449291703 6.4723495362026 15.0515570833921 10.3939664856827 11.3129438031317 12.173721034546 26.3054160395531 15.8256627344305 11.8163383649888 2.41651753824006 0 0 0 0 0 0 0 0 0 0 0 0 0 0 0 0 0 0 0 0 0 0 0 0 0 0 0 0 0 0
7.37173817960746 3.6854075293265 0.759430996746856 3.0206400327048 14.1015982826729 0.925919666531522 14.7184468615682 3.92770180353959 8.41219967902678 8.4757356761932 14.9212743121057 22.4802383843165 13.4632462309495 3.90536856456742 0 0 0 0 0 0 0 0 0 0 0 0 0 0 0 0 0 0 0 0 0 0 0 0 0 0 0 0 0 0 0 0
5.43510712022411 2.35587478661657 0.312408757508906 3.56516249595137 18.9614115101305 3.10827400901611 17.1400632356526 4.77799937035056 14.5612600065661 10.8304865766128 8.76278737971752 2.59770621730742 0 0 0 0 0 0 0 0 0 0 0 0 0 0 0 0 0 0 0 0 0 0 0 0 0 0 0 0 0 0 0 0 0 0
3.98538384233804 4.08013770278346 0.200388880821791 3.37756179374128 10.234217517682 0.46580977139336 8.24516541912474 2.61940002980665 11.5667568718033 6.94035850779459 0 0 0 0 0 0 0 0 0 0 0 0 0 0 0 0 0 0 0 0 0 0 0 0 0 0 0 0 0 0 0 0 0 0 0 0
13.5608319328426 1.76571781167858 0.629877507854316 4.06457274936679 19.8771144984538 4.99892669130251 15.9219773810279 1.74442274751226 0 0 0 0 0 0 0 0 0 0 0 0 0 0 0 0 0 0 0 0 0 0 0 0 0 0 0 0 0 0 0 0 0 0 0 0 0 0
6.04180498910261 2.30799137149286 0.149077753057062 4.75597360762129 17.0342520579886 2.39777257831221 0 0 0 0 0 0 0 0 0 0 0 0 0 0 0 0 0 0 0 0 0 0 0 0 0 0 0 0 0 0 0 0 0 0 0 0 0 0 0 0
10.0886478272422 1.56516989226717 0.714191735496231 8.96224121821257 0 0 0 0 0 0 0 0 0 0 0 0 0 0 0 0 0 0 0 0 0 0 0 0 0 0 0 0 0 0 0 0 0 0 0 0 0 0 0 0 0 0
8.24795387921552 8.21197803580372 0 0 0 0 0 0 0 0 0 0 0 0 0 0 0 0 0 0 0 0 0 0 0 0 0 0 0 0 0 0 0 0 0 0 0 0 0 0 0 0 0 0 0 0
