2.89249157624386 0 0 0 0 0 0 0 0 0 0 0 0 0 0 0 0 0 0 0 0 0 0 0 0 0 0 0 0 0 0 0 0 0 0 0 0 0 0 0 0 0 0 0 0 0
7.28276213266966 4.6172246878349 0 0 0 0 0 0 0 0 0 0 0 0 0 0 0 0 0 0 0 0 0 0 0 0 0 0 0 0 0 0 0 0 0 0 0 0 0 0 0 0 0 0 0 0
8.01996388035094 7.90510770666053 5.89491411504722 0 0 0 0 0 0 0 0 0 0 0 0 0 0 0 0 0 0 0 0 0 0 0 0 0 0 0 0 0 0 0 0 0 0 0 0 0 0 0 0 0 0 0
7.06180237616728 9.60415831832223 12.6364710218496 13.954541924119 0 0 0 0 0 0 0 0 0 0 0 0 0 0 0 0 0 0 0 0 0 0 0 0 0 0 0 0 0 0 0 0 0 0 0 0 0 0 0 0 0 0
7.8140436798956 10.0909987784992 12.8980454830541 11.8764510937554 4.62426759905472 0 0 0 0 0 0 0 0 0 0 0 0 0 0 0 0 0 0 0 0 0 0 0 0 0 0 0 0 0 0 0 0 0 0 0 0 0 0 0 0 0
11.2032352325105 9.82275370487945 6.07125173770731 6.78376931562217 6.09993871740807 3.10187581467773 0 0 0 0 0 0 0 0 0 0 0 0 0 0 0 0 0 0 0 0 0 0 0 0 0 0 0 0 0 0 0 0 0 0 0 0 0 0 0 0
10.6146206019877 1.75514819526877 2.31571848148426 3.12939489803438 5.92926514974078 5.31720835369142 4.79974920018313 0 0 0 0 0 0 0 0 0 0 0 0 0 0 0 0 0 0 0 0 0 0 0 0 0 0 0 0 0 0 0 0 0 0 0 0 0 0 0
1.59648122330706 3.33890087571365 2.13798314946262 7.25151183617187 7.61148453419609 5.4156203051285 3.5928425977502 3.84440485080114 0 0 0 0 0 0 0 0 0 0 0 0 0 0 0 0 0 0 0 0 0 0 0 0 0 0 0 0 0 0 0 0 0 0 0 0 0 0
4.93036685020386 4.16690051240679 2.4427591421738 9.85677085592501 12.0647914919319 8.35650313419788 13.4113706644828 7.77735603064561 8.25710959786092 0 0 0 0 0 0 0 0 0 0 0 0 0 0 0 0 0 0 0 0 0 0 0 0 0 0 0 0 0 0 0 0 0 0 0 0 0
11.8582168995281 4.82953913176592 2.53749232259495 12.8762496630903 14.2204716268714 14.7816888868369 16.1202045372896 10.5963808151947 27.7294241604186 18.6585845009012 0 0 0 0 0 0 0 0 0 0 0 0 0 0 0 0 0 0 0 0 0 0 0 0 0 0 0 0 0 0 0 0 0 0 0 0
8.70542817562772 3.52588466480085 0.884382181121794 6.82617939309864 11.4970065539628 8.36140253920534 9.84452407240069 10.0270157083313 18.1868803954096 29.3275079474871 11.501567142473 0 0 0 0 0 0 0 0 0 0 0 0 0 0 0 0 0 0 0 0 0 0 0 0 0 0 0 0 0 0 0 0 0 0 0
14.0133634664233 3.10124596172121 1.22696345789615 11.1464092158132 13.6677739744298 10.6573988469128 14.2098523610974 10.5759224162023 25.6316808809357 34.2871545367204 30.6197638910155 21.1369544063022 0 0 0 0 0 0 0 0 0 0 0 0 0 0 0 0 0 0 0 0 0 0 0 0 0 0 0 0 0 0 0 0 0 0
17.1399174421558 3.21564577259478 0.813298706063501 10.0400410276446 13.5868166660199 8.81233541160802 17.5671253606036 11.9950808377923 26.4705154593777 38.9038766525578 29.4527032160525 34.564456769597 25.2160276634719 0 0 0 0 0 0 0 0 0 0 0 0 0 0 0 0 0 0 0 0 0 0 0 0 0 0 0 0 0 0 0 0 0
18.9715035932209 2.63702869125938 0.890467723396771 9.92702842584376 12.3821924840242 14.8828863195039 16.1764391102313 13.9656309730717 26.7446164898255 39.0605688328586 27.2420597643305 40.329694378212 38.6254533408246 22.2469316046716 0 0 0 0 0 0 0 0 0 0 0 0 0 0 0 0 0 0 0 0 0 0 0 0 0 0 0 0 0 0 0 0
19.1293302850048 3.42514467439996 0.661469623575837 10.0620102871991 14.6258845167886 11.741844725301 17.3409828734512 13.4263886452306 25.7786612450457 37.2898012503713 31.1452856762117 37.3327634063362 37.81664027634 35.2168367538589 21.7095959430326 0 0 0 0 0 0 0 0 0 0 0 0 0 0 0 0 0 0 0 0 0 0 0 0 0 0 0 0 0 0 0
19.8617158925755 3.32949652295736 1.65019579225257 11.9174742145093 15.6121055513062 13.6693101694493 19.2269258006649 11.9339650858571 27.1663727424244 41.8550946643047 29.9572219771907 37.3105582442998 36.4272488488293 39.1370599762221 41.6192158301378 26.0594733750373 0 0 0 0 0 0 0 0 0 0 0 0 0 0 0 0 0 0 0 0 0 0 0 0 0 0 0 0 0 0
19.4359540902041 3.90797294227444 0.772467360774924 10.882825455743 15.7742660264415 14.0094619092018 17.0183775897 13.4209540813843 29.4337117929005 39.1145750482125 29.5951109975439 36.712084069013 38.8748399656893 43.2392665368806 41.0709340853246 44.2995831145522 28.7748551841802 0 0 0 0 0 0 0 0 0 0 0 0 0 0 0 0 0 0 0 0 0 0 0 0 0 0 0 0 0
20.5330069141034 2.20235595736443 0.749136081749014 10.405594086842 14.5916894090223 12.347134685703 17.5501870236892 14.7988782629561 27.88995574688 41.0524037254072 30.6123065308924 38.5457802994302 42.3229784953903 42.6087675583473 42.3173003163644 48.2025663520419 40.5346076201394 21.4211343080373 0 0 0 0 0 0 0 0 0 0 0 0 0 0 0 0 0 0 0 0 0 0 0 0 0 0 0 0
20.2120979807092 4.24884058343274 1.02250857058185 11.1370855968001 19.9493037255639 11.461480803529 22.9917909674498 13.0487196429788 31.2370075284275 41.442792038181 32.4364649402895 41.4933161595391 47.8450745389668 47.2150314058481 47.9079394008386 44.8983080453841 43.6326629668456 45.6971712883529 31.6931252460474 0 0 0 0 0 0 0 0 0 0 0 0 0 0 0 0 0 0 0 0 0 0 0 0 0 0 0
21.7711510377872 3.0113182252327 0.813704655975795 11.5897319824606 13.2020987956073 15.6083951938128 17.993918869395 16.1378548173913 27.7765513031029 40.3009159332055 33.8027364598375 42.572216756779 41.6776740485714 47.3527665450913 40.3933924475151 38.7525188728087 41.7383466690941 41.985519087796 49.6792125322071 29.5147708546139 0 0 0 0 0 0 0 0 0 0 0 0 0 0 0 0 0 0 0 0 0 0 0 0 0 0
16.9778386492192 1.48429459941106 1.90337991664959 7.71159081760307 17.4340654951121 12.2437901428486 18.3696877342363 11.011544819448 28.340222216847 35.626088627133 31.7664735613544 35.4114905790586 43.7365722035693 38.7534507986363 34.8461493300548 38.5851870966475 39.8329522440816 41.1317216651591 47.9716618343373 44.0335870325929 23.1123131675647 0 0 0 0 0 0 0 0 0 0 0 0 0 0 0 0 0 0 0 0 0 0 0 0 0
21.6696824520839 3.99745527548587 0.508047653133264 10.9921087531241 15.0460398445629 11.3735150714469 14.2528422505895 13.4374220612906 27.7577636186665 44.2470397089181 32.5625812372719 45.9683783989983 41.6688206979999 36.9893726950673 40.1444094756772 41.3248008298944 45.6807661706606 47.9978729204412 50.3703795991978 46.5251653018458 46.9011225089094 30.5121517903709 0 0 0 0 0 0 0 0 0 0 0 0 0 0 0 0 0 0 0 0 0 0 0 0
17.6301656004736 2.38335560050446 0.817585704062664 9.12396858993844 11.4637851027775 10.4256887978585 16.872848656885 10.9398289845253 27.8672241738386 37.1272029920046 35.0689161266514 34.365578859077 32.6957595284371 36.3512397895128 36.782382752367 42.3468096948648 44.4903121898995 40.9095024399193 45.6294357573567 48.4197634099252 44.0909331718815 41.9665935082103 21.1902848665512 0 0 0 0 0 0 0 0 0 0 0 0 0 0 0 0 0 0 0 0 0 0 0
14.7663076998013 2.34733257408757 1.12833113536334 9.09716283998624 15.3122532937912 10.3346910277857 20.4871168614411 13.2252219037466 28.5447842203895 39.8376780678745 30.6886157510327 32.3766282037923 36.6371147446847 38.4321766184464 39.3153753610254 43.2794947551884 41.161985130565 41.996209221226 48.7816407243413 46.302861539891 38.7910712136527 40.5000999102116 38.8149559002398 23.0272397926771 0 0 0 0 0 0 0 0 0 0 0 0 0 0 0 0 0 0 0 0 0 0
22.4642682396347 3.24137550709209 0.737101945450877 11.0036937726351 13.746511320012 15.1338300446653 17.1699597479282 16.3107767888748 28.4240795336976 38.3273743263208 27.164436703951 37.802916041236 39.1783050593636 43.3384623999101 44.6105262798802 43.4189225413742 45.5969837430603 49.8330048011514 52.215502523133 45.0404803061197 40.7813839875948 44.1249400964596 40.409123604197 41.5904306227498 29.639737008398 0 0 0 0 0 0 0 0 0 0 0 0 0 0 0 0 0 0 0 0 0
18.9736237105538 4.83220695136388 1.49226610547173 11.2631372100201 17.5602633484545 13.4383354551852 18.5132932868547 13.7928311896827 26.9427909723288 35.5625983406407 29.2927910695258 39.2915757055098 43.2958359972167 45.1339419054063 40.9057078433971 44.268397912312 49.4410094705803 46.8640526815866 49.4083652219956 42.9226953209569 40.401615419801 42.8350866119709 42.3337094771563 44.0834041033818 49.2960509009615 26.2544996730244 0 0 0 0 0 0 0 0 0 0 0 0 0 0 0 0 0 0 0 0
17.8218642923467 2.75588496094849 0.811040222938848 10.3816668466577 14.7163153154599 13.0617821762259 20.6439629801562 14.7467459138919 25.9864309030186 41.3625284954113 32.0058970958912 42.1159368550748 44.8092336750081 41.5336490864252 41.983519656122 49.0551684945646 46.977623064147 41.1341020318105 47.5393752596506 42.6614187782627 39.4137749711481 44.5121119326457 45.5969825190074 45.0518355190836 44.3076906086478 43.7015815395198 26.8716612592959 0 0 0 0 0 0 0 0 0 0 0 0 0 0 0 0 0 0 0
21.6918618946097 4.48475167224589 0.714450471354239 12.3903718381988 15.9854679765685 19.5432470402083 20.8149301088603 14.5732691098309 32.033436960434 47.4335560471124 38.1692305665153 49.424598335782 47.5594770223263 48.7578827096816 52.8053769109986 54.4569058416348 49.8322048796477 47.0703187392335 54.9097048137523 49.2813558661623 47.0746230192197 56.1422438538404 53.3987425646563 46.9214638659047 50.8064837719685 53.7839514663552 50.7358285741825 32.3533015306303 0 0 0 0 0 0 0 0 0 0 0 0 0 0 0 0 0 0
15.9043017443823 1.65842859033574 0.8955541185507 9.06493435741164 20.5560490223402 12.2630868910881 16.8401567457783 14.3371728008404 28.0228209831907 41.0368930646612 33.9384999547499 39.6483262384359 40.1413988863851 45.5907736539636 43.4917116820008 42.5083183404331 41.6521650020767 40.5923238886514 46.9902134976409 43.3028690968369 43.3263329570306 49.4580777241702 43.156211197276 41.9974758813575 46.2653671084321 44.3706423363403 40.5949939298606 47.0626553487415 23.0175515725826 0 0 0 0 0 0 0 0 0 0 0 0 0 0 0 0 0
17.6990221688053 4.62349383703846 0.469492611151224 11.7386284602099 18.2573246378752 12.0888584906173 16.5429991430027 14.2999290322969 27.0249191144379 39.604183196625 29.534013412906 34.8265304178855 40.6949475663607 41.2169194977046 36.699543128422 38.503504914202 37.8763801624175 35.6071123767745 43.8996440748818 42.9326322919927 40.7016759707167 40.5061039571612 38.0946350517423 38.7165800742484 40.8911602174303 37.7590747141043 35.6843496387333 37.6770271440895 38.2677448829386 22.4995354124812 0 0 0 0 0 0 0 0 0 0 0 0 0 0 0 0
19.136784436112 2.11459705652271 1.25954118425279 9.60046479161093 11.1770750039568 10.4706410817601 15.8976978225513 12.4960940126892 28.6195399313932 40.9450311465069 30.969685819188 45.2860837530059 44.9017560075018 40.1489918960135 39.3710624305006 40.798165861071 41.4753893023171 42.5966609705766 51.0436764437369 49.7391414335753 44.0965403269022 44.691935176611 44.0467045833949 41.4714132115987 42.0033389112796 40.417409065274 37.7375937121572 48.3736204016829 44.6755845811902 41.1566211725694 16.3509745674732 0 0 0 0 0 0 0 0 0 0 0 0 0 0 0
18.5067074552034 2.23296743957707 1.25929232042512 8.35909224425082 13.3714070175394 11.3522179720335 18.5904854591034 14.445407892968 30.1063467611138 41.5883196281645 37.1196263542402 45.2124861627353 41.7073557025387 40.9924739400414 41.1183306515083 41.806525355503 43.0419348448012 47.6058627577324 54.0020760276292 47.2793302314417 43.5331752822513 48.1522735363597 43.4137382165632 40.2506756010025 42.7868996144585 38.1252220742777 41.9972054522442 55.8556050419693 32.3989246463655 9.76739819284937 0 0 0 0 0 0 0 0 0 0 0 0 0 0 0 0
22.7424401197676 2.0345340949482 0.223960150210058 8.40926273454664 11.9872603949584 12.5935078911216 18.1384689603802 12.294310474711 28.39764716524 43.642898443931 33.5145276167866 36.869786319235 37.456727230859 38.0139458941158 37.2094593467909 40.7710218170082 46.0805102827374 47.2879088299698 46.9443045459258 43.0163264144867 42.3852832283541 44.8694487725039 36.7297696403246 38.3470346151626 36.3707648747547 40.9177097708813 41.0725032218972 13.0896865709531 0 0 0 0 0 0 0 0 0 0 0 0 0 0 0 0 0 0
15.1267257997215 4.25415782460387 1.23743355822847 11.9539491136282 17.541933991464 14.719965613121 17.1598517367898 13.3780478790544 27.8395094309585 41.5121589770038 27.0411488821762 34.6451311932145 36.4028128708838 38.4151968516919 37.9383377127449 44.9883454960502 44.7288546912471 40.7325191184138 47.3335871407257 45.1656158033279 40.4051289498774 39.0914858898914 37.1771838283402 34.2613859099013 36.8352286834748 23.5636354434405 0 0 0 0 0 0 0 0 0 0 0 0 0 0 0 0 0 0 0 0
12.7689564355251 3.29571884975827 0.955304847560559 10.2872086017452 14.9285874202742 10.8223652848226 18.2611917839304 12.3993199820765 27.0999331680169 37.3724930598002 26.7156765650235 35.3778787980089 36.7478216440837 38.0894951642026 40.5242797932786 42.4775107131323 38.0539535359341 39.0679590836891 45.9921200765953 40.338598699165 35.4211938408856 37.5821739176699 31.0907213288165 18.5261965035761 0 0 0 0 0 0 0 0 0 0 0 0 0 0 0 0 0 0 0 0 0 0
18.1618306902812 3.27788683025004 0.861083299595557 11.5255070221186 14.1617975050557 13.518476421253 20.7518613094874 15.0467545625886 27.9206181592595 40.1795948052105 30.5521951426784 39.6911443970555 41.8696715408399 46.0461472663897 46.1112531485923 43.002705808461 43.7817912120622 45.5991598989247 50.1412873108616 42.3419520956926 32.5480834613633 18.9889909446632 0 0 0 0 0 0 0 0 0 0 0 0 0 0 0 0 0 0 0 0 0 0 0 0
21.6745557797062 3.74015826998658 0.992425197258448 11.7747544456154 16.4152503165796 18.03961977545 22.9459842233861 15.685753805623 31.2702641145926 47.6820060900773 35.5807882160634 46.2363100109888 52.6121842923586 54.8242711450221 48.6165776592525 50.5468236577142 54.8196372244119 51.8639041463999 39.979588737633 13.4753664527898 0 0 0 0 0 0 0 0 0 0 0 0 0 0 0 0 0 0 0 0 0 0 0 0 0 0
20.1078053154404 3.13769198472181 0.838735025754345 9.8603583772434 17.5102109900873 16.5466451125712 19.6730501979287 13.701195966802 27.5068111750832 40.7717311181014 30.7310347582006 42.8376520692921 46.4256430804276 41.9377161025575 40.1150693196734 45.9799572927381 32.4390404068697 7.01126829946134 0 0 0 0 0 0 0 0 0 0 0 0 0 0 0 0 0 0 0 0 0 0 0 0 0 0 0 0
23.320174594394 4.31885375621105 0.611832879670121 13.1055932686746 18.5087516325263 14.8925243283154 18.7903207479241 15.5358002367741 29.0220225889341 42.6760554593962 34.9959247816225 45.5225408117941 43.1066268323816 41.9076536209737 32.1780608596164 7.7926114731853 0 0 0 0 0 0 0 0 0 0 0 0 0 0 0 0 0 0 0 0 0 0 0 0 0 0 0 0 0 0
19.1130357488275 2.96114674527282 1.05839233805064 12.1037343142428 14.7211462556697 11.9814670784082 17.3166583006557 14.0330254910832 27.8671080583595 43.4745331286801 36.6985388649078 42.6239787849423 30.0124783905051 9.50855430189025 0 0 0 0 0 0 0 0 0 0 0 0 0 0 0 0 0 0 0 0 0 0 0 0 0 0 0 0 0 0 0 0
19.2887188652862 3.15170742966355 0.995377637752273 10.4727698275792 14.5675866738082 11.4213981155731 16.7500060540799 13.8704680912746 30.949506520847 44.056033872039 26.997932113769 8.73762478754154 0 0 0 0 0 0 0 0 0 0 0 0 0 0 0 0 0 0 0 0 0 0 0 0 0 0 0 0 0 0 0 0 0 0
24.2702551584866 2.73827579360689 0.411741769415111 8.27706695857069 11.7564227227112 9.9448888080101 15.143185012927 14.4791516345912 27.8148910152316 12.1067350733862 0 0 0 0 0 0 0 0 0 0 0 0 0 0 0 0 0 0 0 0 0 0 0 0 0 0 0 0 0 0 0 0 0 0 0 0
23.0549757383063 4.01710224875906 0.761131667629706 10.4666765637191 15.03397626818 14.3138248802676 15.5092967020638 7.51540567092612 0 0 0 0 0 0 0 0 0 0 0 0 0 0 0 0 0 0 0 0 0 0 0 0 0 0 0 0 0 0 0 0 0 0 0 0 0 0
17.6904824533065 4.64080484407973 1.19569814050021 11.2650426464171 17.3571138281851 7.30020687102597 0 0 0 0 0 0 0 0 0 0 0 0 0 0 0 0 0 0 0 0 0 0 0 0 0 0 0 0 0 0 0 0 0 0 0 0 0 0 0 0
16.4304657038857 4.27380292518492 3.12141592760782 12.5413743631641 0 0 0 0 0 0 0 0 0 0 0 0 0 0 0 0 0 0 0 0 0 0 0 0 0 0 0 0 0 0 0 0 0 0 0 0 0 0 0 0 0 0
19.3727757679261 0.424259152164376 0 0 0 0 0 0 0 0 0 0 0 0 0 0 0 0 0 0 0 0 0 0 0 0 0 0 0 0 0 0 0 0 0 0 0 0 0 0 0 0 0 0 0 0
