2.2771666175559 0 0 0 0 0 0 0 0 0 0 0 0 0 0 0 0 0 0 0 0 0 0 0 0 0 0 0 0 0 0 0 0 0 0 0 0 0 0 0 0 0 0 0 0 0
4.48898233286103 3.25805202446748 0 0 0 0 0 0 0 0 0 0 0 0 0 0 0 0 0 0 0 0 0 0 0 0 0 0 0 0 0 0 0 0 0 0 0 0 0 0 0 0 0 0 0 0
2.79614435865204 2.57833364306715 3.10928520883616 0 0 0 0 0 0 0 0 0 0 0 0 0 0 0 0 0 0 0 0 0 0 0 0 0 0 0 0 0 0 0 0 0 0 0 0 0 0 0 0 0 0 0
3.62564135075778 5.06951220835317 4.99576768407126 8.39590597493555 0 0 0 0 0 0 0 0 0 0 0 0 0 0 0 0 0 0 0 0 0 0 0 0 0 0 0 0 0 0 0 0 0 0 0 0 0 0 0 0 0 0
4.28955060550719 6.99652801238089 4.14398563739434 9.54491247223528 6.00811003161888 0 0 0 0 0 0 0 0 0 0 0 0 0 0 0 0 0 0 0 0 0 0 0 0 0 0 0 0 0 0 0 0 0 0 0 0 0 0 0 0 0
7.11307327139898 6.26944451531357 2.21041183667735 5.95105796061348 6.06124860697659 5.61948255306528 0 0 0 0 0 0 0 0 0 0 0 0 0 0 0 0 0 0 0 0 0 0 0 0 0 0 0 0 0 0 0 0 0 0 0 0 0 0 0 0
11.164462593043 3.65068564965235 1.40832432175884 7.06302393377967 13.7166052465755 12.2775431745951 12.3279608405947 0 0 0 0 0 0 0 0 0 0 0 0 0 0 0 0 0 0 0 0 0 0 0 0 0 0 0 0 0 0 0 0 0 0 0 0 0 0 0
7.33728500590171 4.05558519352131 1.60295085583899 9.37143603527263 14.3911111191867 10.0791854660485 13.7965038479401 11.5368623897675 0 0 0 0 0 0 0 0 0 0 0 0 0 0 0 0 0 0 0 0 0 0 0 0 0 0 0 0 0 0 0 0 0 0 0 0 0 0
10.2845949425548 6.09641005929024 2.98443889488779 15.4784842599055 20.4225630649478 14.2602004538352 28.8449133038241 19.8455144652436 17.6763742337878 0 0 0 0 0 0 0 0 0 0 0 0 0 0 0 0 0 0 0 0 0 0 0 0 0 0 0 0 0 0 0 0 0 0 0 0 0
15.987866483251 7.37199708911549 3.98636618608581 18.3312779759139 22.5800552828432 22.6507777123032 32.2936549249439 22.7207386315566 43.6835942422994 25.0883828628586 0 0 0 0 0 0 0 0 0 0 0 0 0 0 0 0 0 0 0 0 0 0 0 0 0 0 0 0 0 0 0 0 0 0 0 0
8.97331218275956 6.16466752411516 2.2507731116644 10.0565297087882 18.0272369069764 11.3847685281677 19.6072071015457 21.1813699549639 23.7141545366535 32.2284939593232 10.5839051430138 0 0 0 0 0 0 0 0 0 0 0 0 0 0 0 0 0 0 0 0 0 0 0 0 0 0 0 0 0 0 0 0 0 0 0
13.8654657791765 6.70239034234218 2.26652786006794 15.7819210327944 21.67015355708 13.703620744042 32.0309901927744 19.3174779404088 33.2349223438874 35.4811347438976 29.6174742464755 20.7370756182885 0 0 0 0 0 0 0 0 0 0 0 0 0 0 0 0 0 0 0 0 0 0 0 0 0 0 0 0 0 0 0 0 0 0
17.2182075204611 6.53212364429394 2.61250085218737 13.7802325149549 21.1484179511766 15.7747594080543 27.9881246580014 20.6291721550042 30.5909635409201 41.2103666090287 27.0727374475946 32.8681333483336 24.9357592318532 0 0 0 0 0 0 0 0 0 0 0 0 0 0 0 0 0 0 0 0 0 0 0 0 0 0 0 0 0 0 0 0 0
17.1314591021229 6.56020023598206 2.35395331468802 15.937784953551 23.1164673185274 18.2513598559799 26.944000822635 23.6659999679336 33.9205349817062 43.6666119374566 27.8516577218548 40.8771502236677 42.7275115383358 25.1198907854772 0 0 0 0 0 0 0 0 0 0 0 0 0 0 0 0 0 0 0 0 0 0 0 0 0 0 0 0 0 0 0 0
17.8317485332503 7.39566456830458 2.80053803831049 16.7478896954277 19.5391646160303 13.6531270702087 28.7783795251084 20.9253232314703 29.3138666743971 40.4360624396033 29.0624281374665 37.798256616706 37.6604297479965 34.1086278901574 19.9727161792265 0 0 0 0 0 0 0 0 0 0 0 0 0 0 0 0 0 0 0 0 0 0 0 0 0 0 0 0 0 0 0
18.1838025854724 7.55948526102263 3.81724836342365 13.0805708614075 20.8773015447952 16.1232904794589 30.6225342427269 20.0813711957427 35.1132353144504 46.4063446519911 32.1167053845693 39.0809544964163 35.1184806344892 37.1303737830491 36.3980400178243 24.1037981475176 0 0 0 0 0 0 0 0 0 0 0 0 0 0 0 0 0 0 0 0 0 0 0 0 0 0 0 0 0 0
17.0350652531537 7.05478940676057 2.1758944788655 14.2908765165353 17.9880620601715 17.3747860387456 26.2392946590866 21.4722238673563 36.100809796641 45.1830299632936 29.1525574789194 33.0037774782569 34.4658662637896 39.4673595135325 37.155226709854 37.6535654799245 22.82285545391 0 0 0 0 0 0 0 0 0 0 0 0 0 0 0 0 0 0 0 0 0 0 0 0 0 0 0 0 0
21.4644422484684 4.29702755134874 2.62336168770151 12.2817566534892 20.1004955787121 13.921685890403 28.0433330690434 24.2874452086192 36.2297744883374 44.8038447919873 25.3344192306566 34.6365753639753 35.3484307697469 41.2550778542624 35.7821309503153 39.8990866612889 35.1966056892947 18.8170943591868 0 0 0 0 0 0 0 0 0 0 0 0 0 0 0 0 0 0 0 0 0 0 0 0 0 0 0 0
15.0304135248483 5.67500340844869 2.49601749035635 14.7114386187041 26.405678484817 14.0219402511491 36.2533715699764 22.944387447809 40.7342939635846 39.1202521020612 27.7441486499625 32.5206159858459 44.8965141713231 41.9973542410742 36.5159133236401 38.3596630019245 36.9251008738958 38.0195929222076 28.4386919083206 0 0 0 0 0 0 0 0 0 0 0 0 0 0 0 0 0 0 0 0 0 0 0 0 0 0 0
17.8248644495082 4.65403444420082 3.23425768578955 14.0492416074184 19.3206168288316 19.8904265020138 31.9177269114697 27.025795106011 31.228787734725 39.3271300842706 31.0149502125167 38.8080671225526 34.6928230537716 42.5396376301889 36.8981463964372 35.5569080222447 35.7938867833478 40.619581029071 44.1774850638646 27.0073031241686 0 0 0 0 0 0 0 0 0 0 0 0 0 0 0 0 0 0 0 0 0 0 0 0 0 0
10.8210142805111 2.22894746885253 3.72734536512736 8.52695855258425 21.9039881062274 13.2891205400007 26.3526487889671 15.6193877976029 27.3065014371317 28.1780391736836 24.8816455903262 24.557586370031 33.931360381485 34.173248065251 28.1931502938391 30.2085223551494 32.8079673052234 32.0616077206781 35.6185039591682 34.1082370033119 15.8822351916405 0 0 0 0 0 0 0 0 0 0 0 0 0 0 0 0 0 0 0 0 0 0 0 0 0
16.3700417668895 7.0753569813241 2.56776680417248 14.3715509214854 21.5307314513732 14.1590681540254 25.1966131507524 19.677183415451 32.0827089689131 43.5177221627038 26.560461524469 37.6741542317884 36.7466609160226 33.7103442362334 33.5071826699531 40.1124861744924 42.3053218664241 42.3193451573799 43.986173833418 43.1024050341521 37.3550976255519 27.0122138760078 0 0 0 0 0 0 0 0 0 0 0 0 0 0 0 0 0 0 0 0 0 0 0 0
11.097851661258 3.32478167133418 2.7828560261801 13.0338236654654 16.8112740505939 12.0335830839418 23.1908457034109 15.923557345816 31.4650024836356 34.8352983112464 29.3529246965365 29.6953440880472 28.6182762146165 32.5169770262668 32.5717871327475 39.0631914503703 37.5704794424506 35.7275018030025 37.3623361850046 41.7877518072464 33.7761452601054 35.8711863184336 17.3155922344034 0 0 0 0 0 0 0 0 0 0 0 0 0 0 0 0 0 0 0 0 0 0 0
11.3805153238057 4.11461836866861 3.27906252039038 13.5356916269157 20.4833767362756 13.2810575285898 28.1419196083675 22.0906352367707 32.2032134771119 38.2227479316264 28.5190817009011 30.8934765625707 34.2444039471591 38.8236515136184 37.6685596919261 40.6870843842612 39.419882462826 40.4059418091419 42.2730297966952 44.0741847496137 32.6594689871552 37.3415029731161 34.7630230838542 22.2329326042133 0 0 0 0 0 0 0 0 0 0 0 0 0 0 0 0 0 0 0 0 0 0
17.9520483791748 5.78607222479916 3.05648284231998 11.8175498502908 16.9628758029624 19.0572871387633 26.6783106360958 26.4651354512973 29.1525033126412 38.6692613908404 25.7553458916947 34.4884894286684 37.6481478625118 42.338835151845 39.2725780564208 41.1108328488706 42.0519748534842 42.8745903087119 44.4812083704832 42.4937851541654 32.3224908552672 39.5922320074275 33.9953761004769 40.157377559312 26.6703911017511 0 0 0 0 0 0 0 0 0 0 0 0 0 0 0 0 0 0 0 0 0
18.9733303826665 8.88148690820038 3.36574959772372 13.7086875962634 23.4983603255585 16.2557923405332 27.8753048415836 21.261398053632 32.1163248244049 35.8225309808394 25.6851853828196 39.8609390383685 41.843205934448 43.9217326826589 38.9130790723857 43.637071461126 45.6029097104207 43.9201490360607 45.4255266363658 41.0146380203186 33.0720222617445 39.7226920914905 38.4049577048726 41.6974364328859 44.4195769144989 25.5037282139424 0 0 0 0 0 0 0 0 0 0 0 0 0 0 0 0 0 0 0 0
16.3401922530797 5.17556841215905 2.21975915190014 13.0221165573594 18.9886468930534 14.8796734861671 26.3887971520777 21.4914533674418 30.1178987354496 39.2068824443722 31.7331694552652 39.6001515670302 40.442250585437 42.0521911512488 39.5184324461607 45.3347238453279 43.0225530776245 39.3718280876353 43.48480096454 39.9993476109523 31.4192190331465 42.302472885421 37.9432298103803 41.6122090853082 39.7844474073973 40.4172426527495 24.0524171076668 0 0 0 0 0 0 0 0 0 0 0 0 0 0 0 0 0 0 0
16.5860735418152 7.94574360942452 1.53108431677245 15.739521462214 19.7510950219611 20.762932022841 28.0002723332338 22.2439527462946 35.8410483778446 50.4235692403204 35.4826709908095 44.183552984996 44.4710302543133 47.9593882050377 45.6278908283728 48.8849787123967 45.6682975476846 43.5579970092565 48.1041628707717 45.2101902276867 37.8038035718353 47.8814923837241 42.5639297248089 41.4623242248247 42.9275190279744 46.32385941324 45.436780988237 28.452288879435 0 0 0 0 0 0 0 0 0 0 0 0 0 0 0 0 0 0
12.5305453752044 1.92226924882106 2.62325377696929 10.4990332577743 26.2985567899172 12.6051833334695 26.1678791942298 22.894010398964 34.9213873373317 44.1650949301388 31.5246303624892 38.6986208128177 39.7556343376388 44.6347485712204 40.331544239202 42.0620052265994 39.3034829808981 38.3005812032876 43.4127441418944 41.1902194172304 33.9716035382595 44.3700907012128 38.5952719381674 40.3662759392037 40.3928259113754 41.2100486847027 37.9237998780833 40.052583199946 19.7350791232386 0 0 0 0 0 0 0 0 0 0 0 0 0 0 0 0 0
12.6614203029744 8.09394253061646 1.80694878122393 9.43227205738044 23.0197679053797 12.2656337386615 22.8694536236015 20.7855218764737 31.9695281530503 39.00170978233 26.2441431260861 32.483650757524 36.0858637762174 36.935712642142 32.5738182762221 34.3980831898856 32.8799604922389 32.3261360628808 39.1257396993988 36.8554080318335 30.132272262208 34.5987019901124 31.5467747097518 31.9184257689542 34.9678815513426 33.8695151599946 29.8342694400793 30.5845526612077 35.224347292785 19.4663437677128 0 0 0 0 0 0 0 0 0 0 0 0 0 0 0 0
12.4148098874303 3.02227603643271 3.9281820919258 12.2469594672234 14.5376919967899 13.2152890698016 27.3381411870679 21.0821198209567 32.2530889255002 41.2362375168009 30.1147132790781 41.7067774767972 40.7768920859029 39.6482834769448 36.2363312485709 37.6366147599465 37.4568204902926 38.4869270436965 41.1622845730932 42.3950237854497 35.6570521019544 37.454559174973 35.8206127538905 36.7979003282511 36.2651521728628 32.7676312566826 30.7692349647087 39.1791687369547 31.2524048872574 29.7097873034453 13.0308595881838 0 0 0 0 0 0 0 0 0 0 0 0 0 0 0
13.9116843603835 5.48849787626293 3.40904730660467 11.127382133949 18.3719854267567 16.8606580223813 32.2629781032514 25.2355699891664 38.7262213083369 48.1448848883481 36.2714649398351 45.1247850362863 43.467014885652 43.2487431137241 40.5114954797964 42.6108884905534 43.838838863626 45.605854121475 50.0234885105047 46.346701689139 37.0250896891881 44.0716297272916 39.3791508847356 38.9358288771394 38.2575267957594 35.2672281337317 38.999611284438 45.3435334324256 29.3760539105871 9.52505631711835 0 0 0 0 0 0 0 0 0 0 0 0 0 0 0 0
10.2697069548961 1.68323924909809 1.01141036158053 9.59259970066753 17.3449146172019 13.1837788169522 23.840886995776 16.4802892065828 29.1429308096898 38.3334482697046 24.8602700223534 28.7047505447498 28.9267917326211 30.7471421807037 27.281921638433 32.8199107986753 33.5101441176761 33.8788338154067 35.7187498907097 31.2814551484315 26.6506021433828 33.5545516005475 23.1962205132269 27.3218445428729 23.9568088797491 29.8876349855789 28.2419968995615 10.9507067590114 0 0 0 0 0 0 0 0 0 0 0 0 0 0 0 0 0 0
11.8904073147688 6.17893242258197 2.54036521752242 17.2470246372742 22.950973384584 17.6580207721441 27.604446772373 21.3812282394239 34.9723169833506 45.0716224838203 26.8558303282817 34.4216178027952 35.4663440870891 37.3872335163784 35.1716822150649 41.4092463311866 39.8768488944913 38.0986757039286 41.2724163043209 40.0125742881524 32.458542016745 34.4957202145414 28.9778329509255 30.0742574433047 29.2819540948701 21.2202847585332 0 0 0 0 0 0 0 0 0 0 0 0 0 0 0 0 0 0 0 0
10.0999005379565 5.04491899752519 1.24432062631379 12.0142898933433 18.8518961296387 14.3204026015539 29.3488713734061 19.723082912856 32.2098567441605 39.9189914507999 26.8033089527498 34.0736801204546 33.4983150899086 36.9133886555865 35.9376331291614 38.9637272337104 35.0568605781408 34.671189258053 38.4182295219344 35.6923537457495 26.4797121720315 32.16999912974 23.2025406585851 17.019444852138 0 0 0 0 0 0 0 0 0 0 0 0 0 0 0 0 0 0 0 0 0 0
15.8704753676374 6.02346190865423 2.31942626305175 15.6941161604454 21.7946500971873 19.5989676840632 33.8262231495761 25.0067175158956 36.924679171522 46.1692037203776 31.6000256956847 39.7966719891955 42.1908837649524 46.1976214216819 43.4557713789311 43.9822122158895 41.4526092192723 42.7586776494505 45.9234253249479 41.4364263496944 27.9972705836617 16.7688901334449 0 0 0 0 0 0 0 0 0 0 0 0 0 0 0 0 0 0 0 0 0 0 0 0
18.6155989480452 7.30174607822714 2.79504176764672 16.3411205540685 22.6217526679092 22.6023742862436 35.2086059223555 25.0165937578278 38.0140968437942 49.7266645552819 32.3381806375609 43.4201400647391 46.9163535817028 50.0221296309154 43.1425605865246 46.1586795488097 47.3398173481893 45.349336346244 36.1999510480045 11.6625333647367 0 0 0 0 0 0 0 0 0 0 0 0 0 0 0 0 0 0 0 0 0 0 0 0 0 0
18.6951078711464 6.20256734121856 2.98262996230451 13.5808703430526 24.4705875973869 19.4248927590827 31.0975363972915 23.0611101181289 35.1891855725104 44.4222915937304 30.5342707776898 41.0765695260965 43.5144033003583 42.9421466892149 39.1108558839152 42.9885338939525 32.3293676969036 7.52039054919738 0 0 0 0 0 0 0 0 0 0 0 0 0 0 0 0 0 0 0 0 0 0 0 0 0 0 0 0
21.2855609530087 8.69098694818796 2.44379418622771 17.3987337012143 25.7601285028644 19.674558045102 31.37020948097 26.4849981682817 37.0388607308802 48.1746925111688 34.6662075037188 44.1298976452001 44.1229884053507 44.4065061535828 30.3325208807672 9.99899037742012 0 0 0 0 0 0 0 0 0 0 0 0 0 0 0 0 0 0 0 0 0 0 0 0 0 0 0 0 0 0
17.3544364667003 6.18050650993637 3.26763969833545 17.5151682823578 23.4428362223225 16.8416435608788 32.0512145878428 25.2374065897774 37.2491976597792 48.9519248866755 36.4350822052133 44.3761834916647 29.999938747521 9.86591958116999 0 0 0 0 0 0 0 0 0 0 0 0 0 0 0 0 0 0 0 0 0 0 0 0 0 0 0 0 0 0 0 0
17.8961739803101 7.45293422496187 2.87429945524455 15.4057564533101 22.7861883854978 16.5659221195501 31.0117627624549 25.2524301651422 39.7158685704984 49.7400361830208 27.5673935951489 8.331054002552 0 0 0 0 0 0 0 0 0 0 0 0 0 0 0 0 0 0 0 0 0 0 0 0 0 0 0 0 0 0 0 0 0 0
19.9167232904218 7.16239370738099 2.10539139438299 12.9101178134294 19.8834988716807 15.0375017736612 28.5083142635456 26.2751177039105 34.6631231873488 13.9365176235697 0 0 0 0 0 0 0 0 0 0 0 0 0 0 0 0 0 0 0 0 0 0 0 0 0 0 0 0 0 0 0 0 0 0 0 0
20.9808038671855 7.92079156203461 2.85630569313751 14.7995332217372 22.5125269082925 19.1823271733635 25.4638490111816 10.1076079624971 0 0 0 0 0 0 0 0 0 0 0 0 0 0 0 0 0 0 0 0 0 0 0 0 0 0 0 0 0 0 0 0 0 0 0 0 0 0
18.5774335611481 8.52968942828412 3.17697411735501 15.157689615741 24.5023119082632 7.78799703120317 0 0 0 0 0 0 0 0 0 0 0 0 0 0 0 0 0 0 0 0 0 0 0 0 0 0 0 0 0 0 0 0 0 0 0 0 0 0 0 0
17.2221808687619 8.0008324769722 4.11548899848592 14.5431040717254 0 0 0 0 0 0 0 0 0 0 0 0 0 0 0 0 0 0 0 0 0 0 0 0 0 0 0 0 0 0 0 0 0 0 0 0 0 0 0 0 0 0
17.113352192739 1.47201415051931 0 0 0 0 0 0 0 0 0 0 0 0 0 0 0 0 0 0 0 0 0 0 0 0 0 0 0 0 0 0 0 0 0 0 0 0 0 0 0 0 0 0 0 0
