8.18095517063424 0 0 0 0 0 0 0 0 0 0 0 0 0 0 0 0 0 0 0 0 0 0 0 0 0 0 0 0 0 0 0 0 0 0 0 0 0 0 0 0 0 0 0 0 0
3.86842961434001 5.8788755350929 0 0 0 0 0 0 0 0 0 0 0 0 0 0 0 0 0 0 0 0 0 0 0 0 0 0 0 0 0 0 0 0 0 0 0 0 0 0 0 0 0 0 0 0
3.44364564740168 10.3161288449934 3.11873687283857 0 0 0 0 0 0 0 0 0 0 0 0 0 0 0 0 0 0 0 0 0 0 0 0 0 0 0 0 0 0 0 0 0 0 0 0 0 0 0 0 0 0 0
10.1435450540507 10.3211086529434 13.0091123077119 12.5120533514907 0 0 0 0 0 0 0 0 0 0 0 0 0 0 0 0 0 0 0 0 0 0 0 0 0 0 0 0 0 0 0 0 0 0 0 0 0 0 0 0 0 0
4.90747178845048 14.610447529896 13.3032628159252 16.481909422864 6.32305847947415 0 0 0 0 0 0 0 0 0 0 0 0 0 0 0 0 0 0 0 0 0 0 0 0 0 0 0 0 0 0 0 0 0 0 0 0 0 0 0 0 0
4.85849931204488 9.46322590272115 9.73601033266639 6.14694603732601 15.1342249981683 2.64564191218351 0 0 0 0 0 0 0 0 0 0 0 0 0 0 0 0 0 0 0 0 0 0 0 0 0 0 0 0 0 0 0 0 0 0 0 0 0 0 0 0
10.7345922684304 11.8321287215936 2.72682755174102 6.95105841775043 2.23576701509554 5.88916529816631 0.279815986911306 0 0 0 0 0 0 0 0 0 0 0 0 0 0 0 0 0 0 0 0 0 0 0 0 0 0 0 0 0 0 0 0 0 0 0 0 0 0 0
5.63277767863146 9.19882898325543 6.07698955984248 9.45847552095169 9.94623252286875 0.0890350094567562 6.55863936545439 3.2329437706797 0 0 0 0 0 0 0 0 0 0 0 0 0 0 0 0 0 0 0 0 0 0 0 0 0 0 0 0 0 0 0 0 0 0 0 0 0 0
5.06864078532498 2.63360022640042 4.98539271459843 0.865281924379526 1.26552240038424 3.08593540023186 1.44379498965039 0.191660509928004 4.86463873217876 0 0 0 0 0 0 0 0 0 0 0 0 0 0 0 0 0 0 0 0 0 0 0 0 0 0 0 0 0 0 0 0 0 0 0 0 0
4.18594932847506 16.2079034434279 12.0333777129871 5.2296161022017 6.46641468886315 1.40894656513327 1.1108919839272 2.69638351142412 2.24952801379554 3.18448893026831 0 0 0 0 0 0 0 0 0 0 0 0 0 0 0 0 0 0 0 0 0 0 0 0 0 0 0 0 0 0 0 0 0 0 0 0
4.38187880193821 5.30730872175472 0.905903739529163 5.318461142109 0.331804074273924 5.35393246841675 3.94871249980351 5.13960641290426 23.5763564024433 0.0573935250645705 8.39444850360628 0 0 0 0 0 0 0 0 0 0 0 0 0 0 0 0 0 0 0 0 0 0 0 0 0 0 0 0 0 0 0 0 0 0 0
3.44681419039417 5.77381248046892 7.93417878297715 5.25861870224029 0.019562716574545 5.47751857561041 0.447877331503631 2.41398361484374 6.48640210543954 12.1453562123595 9.36522785004194 7.2980209898549 0 0 0 0 0 0 0 0 0 0 0 0 0 0 0 0 0 0 0 0 0 0 0 0 0 0 0 0 0 0 0 0 0 0
0.518946064894691 14.6025072137359 2.81424654815672 3.87915903713172 3.77455751301416 2.21317473039098 11.9410638051044 0.704535233070903 27.4413926777096 6.00244036296874 2.28527614829365 14.8312313970375 6.2411523516941 0 0 0 0 0 0 0 0 0 0 0 0 0 0 0 0 0 0 0 0 0 0 0 0 0 0 0 0 0 0 0 0 0
4.03528652600465 4.80929065467657 5.85785615277337 5.67598479664719 1.13617017373306 0.338463112613119 0.226584002628213 8.80996036460373 3.65999887030747 8.21554628586468 5.74506905114441 14.0735120079512 15.1946238501823 4.24953075698987 0 0 0 0 0 0 0 0 0 0 0 0 0 0 0 0 0 0 0 0 0 0 0 0 0 0 0 0 0 0 0 0
1.14330088336573 11.0867641886526 1.40188473599994 0.194298621725166 4.58835300985178 5.79870613704567 10.9240489805605 1.43768121392605 6.3863612764921 13.0274118264835 5.17623308609826 14.7299869190129 3.53137140403161 23.153476854837 0.942945695018731 0 0 0 0 0 0 0 0 0 0 0 0 0 0 0 0 0 0 0 0 0 0 0 0 0 0 0 0 0 0 0
4.20606863813907 1.92125482759962 1.68798805324188 2.96670912492474 0.4144489764254 0.584696835129227 3.47830641187638 0.146453355948473 4.17529787736213 2.11431786980331 1.97219722158441 3.46696331868362 2.71544246542607 3.61802722115777 2.84320612361483 1.90240841190769 0 0 0 0 0 0 0 0 0 0 0 0 0 0 0 0 0 0 0 0 0 0 0 0 0 0 0 0 0 0
3.04479056025262 10.3700196426193 0.981127707515441 6.45596677669712 5.77016772750359 12.018209506758 3.0908318364488 6.37961029818911 4.61032065101856 2.6834301031258 4.35856848717474 10.7555345485305 0.387199095546671 12.4570223246039 9.93454388694501 5.56932761960142 7.4664022997511 0 0 0 0 0 0 0 0 0 0 0 0 0 0 0 0 0 0 0 0 0 0 0 0 0 0 0 0 0
17.7408953501877 12.4647659326567 2.72408784394791 14.3172691638271 6.75135606639932 6.88284126091868 3.47310521295018 4.67686205062003 10.529279444358 0.900748239885588 18.3106461750037 14.9714972312796 11.7172543136255 9.54146579214168 11.8156020991649 6.4131853777824 9.0911212171831 2.26450025193498 0 0 0 0 0 0 0 0 0 0 0 0 0 0 0 0 0 0 0 0 0 0 0 0 0 0 0 0
0.738335273517414 7.21572781288925 0.704381194168884 3.93534043488159 4.104156843834 5.72659825423381 2.30855107905379 2.09825948891337 9.00456290760772 10.1885382704646 8.24164733168056 3.71033681532285 6.69737921907782 15.3504501349057 15.0710575499779 3.34940807830002 12.0125420523367 9.69541163857109 8.47785281280522 0 0 0 0 0 0 0 0 0 0 0 0 0 0 0 0 0 0 0 0 0 0 0 0 0 0 0
27.6893306752319 17.6055040498714 4.40048479704139 3.53600711995168 1.43086859906702 1.60607421524433 3.77518210613259 2.39278187853665 32.1110872394293 1.53028689991067 23.6924159744503 9.74142907558273 12.966006214072 27.8099601915456 8.1851197769524 1.45819149322871 7.02455399688339 15.5548226443611 1.05580787962464 19.1470958273722 0 0 0 0 0 0 0 0 0 0 0 0 0 0 0 0 0 0 0 0 0 0 0 0 0 0
0.489874632804294 0.426049408293631 1.17691224920283 2.5749612832027 0.493330509447513 4.12522760405036 3.40929763797259 8.0200695293087 3.86375284408239 7.96611259412679 24.0723772554707 17.0223824457487 18.3839000602032 15.85639177642 14.9926504461709 7.40920669283232 23.5297406648977 2.25351652008553 29.5590676469262 6.21691524228921 27.7801486031068 0 0 0 0 0 0 0 0 0 0 0 0 0 0 0 0 0 0 0 0 0 0 0 0 0
29.1324026138335 3.08744844627159 1.53400237611806 0.375221716538176 6.38687540965874 11.2579693005052 10.7432393570356 2.92137983262787 21.3490607802829 3.99389471979678 10.6168714514518 9.75470913247324 7.8678396576152 5.0822144342059 4.07477631366967 2.55964933617147 1.57744896929117 16.8404023646407 4.09633511198487 17.8999970842543 11.8459131154629 17.8411829307745 0 0 0 0 0 0 0 0 0 0 0 0 0 0 0 0 0 0 0 0 0 0 0 0
5.19546389770522 5.57557348436286 3.93921621095386 10.6255638845256 1.64185738804427 9.62084866242723 0.257389992491741 8.4273618555193 9.33031607971678 1.22850664752965 21.763964641787 5.4807979193627 13.1723863318725 5.51526370410382 18.4721591299322 0.403458569518298 15.4587730271922 5.44006665421536 21.3930500291675 12.6434128389794 11.2698756887787 4.28629918507104 2.23775739068305 0 0 0 0 0 0 0 0 0 0 0 0 0 0 0 0 0 0 0 0 0 0 0
3.30151743399872 5.98428619181787 1.50068184604363 1.8233255634831 4.73052629754461 0.771417623134184 7.29382186508857 1.67866930652026 3.60768452201031 9.77400237168837 3.91152118016639 7.32795131738397 0.0483179175636415 17.4009088971322 0.96984288913528 5.40610881590712 2.78331389197326 15.5897284609256 9.77795739776597 4.04557521228315 1.846445833646 4.2137188584581 6.1273365133003 0.795185854676921 0 0 0 0 0 0 0 0 0 0 0 0 0 0 0 0 0 0 0 0 0 0
0.497985244085356 13.2761642101436 2.00487598841595 6.8108856204509 0.899364217674942 6.4813466048786 1.14105257541795 0.0259832217921688 23.5238890725816 0.633510068182159 16.3511282946829 7.51477173944574 8.68419297424752 5.68910012960765 4.33119331527811 4.90620964302581 8.58910849958168 0.980029792274306 0.536219840239564 2.47596214604135 2.68401875379191 2.63665664951325 2.99144974562576 6.38440473936012 6.47398929416864 0 0 0 0 0 0 0 0 0 0 0 0 0 0 0 0 0 0 0 0 0
2.30637839367353 0.903661921679933 8.9470344676904 0.243096010453901 3.42611122523471 4.2485204614329 0.200770509817929 1.54702080060886 2.0353209289165 4.6476130721756 10.0301079969946 11.7205532558945 2.61286094213815 9.33745773330375 1.1887517299878 3.64811348125912 4.27467036210625 6.08867632402545 0.621018549837897 3.32080443912183 3.56079940667228 1.94493012049287 7.4159295788733 4.61497943939876 2.90867368446234 5.43658347866605 0 0 0 0 0 0 0 0 0 0 0 0 0 0 0 0 0 0 0 0
9.00055564689058 1.63157845235093 5.44929993075582 2.1806405256591 2.06125008107539 1.88349445323604 6.76711663177649 1.15116771053887 0.180152046724397 3.26318225199006 0.900429665397117 7.41668486482675 2.03745070345396 0.479331740092355 2.78008113697473 1.782682279395 8.77926586741062 3.02916690245808 4.40534944722129 3.23982824034422 0.447236223163603 0.990062780060017 2.13596125633072 6.83411525288455 1.88677414243986 3.10420740405786 3.28676009760562 0 0 0 0 0 0 0 0 0 0 0 0 0 0 0 0 0 0 0
7.46346388415316 3.01121277924374 2.31310954356468 7.47902185867751 4.82684736879694 8.16489644089718 8.06772936378513 4.35709248258156 10.998756940408 5.44078844548322 6.93577143951584 5.90115387474898 9.16582193479067 17.4321515493542 0.852126413265195 3.15680883708357 8.46903584663608 4.86412116603209 1.52722955729781 4.04594211692781 4.01066882269401 21.8907247828959 10.4757332087523 14.409981776528 1.86847435561021 2.40117548672528 4.0569375416929 7.98210044468358 0 0 0 0 0 0 0 0 0 0 0 0 0 0 0 0 0 0
1.33558908372898 0.112935187715847 1.48561883780832 2.01714799944396 0.836305301298607 0.788831971378053 3.15407843987165 3.19244610464474 5.36830315888293 1.03801375828917 0.655255872136669 0.802107843426096 1.15097976338762 0.858901028921727 2.06679244838636 0.17379386184752 2.13022419367633 3.85785026693453 2.29114193926309 1.92072547028349 1.36391014332582 2.37361289025147 2.97257691009505 3.85358283985745 0.253648594074438 1.85393367047716 0.326061116131972 0.0201597644435863 4.16690314404255 0 0 0 0 0 0 0 0 0 0 0 0 0 0 0 0 0
14.350959719586 10.7129203654517 7.93575600050571 8.220120170331 5.37420209349774 9.19750991622997 7.21476169878483 6.0187879423457 3.72437661830805 10.1209588038436 10.1200825613791 14.5608491652693 9.47315263631289 17.8201383755705 2.04432927086736 0.889384229814473 0.3564791145408 7.34068365720345 6.75457238764788 22.0715709647467 18.2596733570903 23.7879152376902 1.84112782475401 7.44728750706488 7.12904263031076 3.70109334313437 2.27506109505651 13.6836404869922 1.68819512367099 6.34703249708514 0 0 0 0 0 0 0 0 0 0 0 0 0 0 0 0
20.5142003829027 10.2549076565781 4.01879788370126 2.22431740452301 3.53570222463762 1.35521296201446 5.15453774720001 2.17932045897499 22.5858770811484 5.04519308514674 31.6094260391895 1.4537354016879 3.46912183159146 4.81504728505352 3.67381141646363 0.396054133794927 1.24394713923947 5.78261871038288 5.85487064940826 10.1490981363472 39.3530019416086 5.95252583463777 20.4431205354739 3.727164803428 8.79919303226105 11.9748234522154 1.5795209476284 20.8478406896299 7.20616446366945 26.325040353979 12.7504723364823 0 0 0 0 0 0 0 0 0 0 0 0 0 0 0
12.1114908336571 7.23636517931651 2.86918205904652 5.56777727458272 6.99243500554292 2.24102809862694 4.81314149040323 9.39795962535968 8.74726471424694 4.69862696831121 3.63694898058312 8.10905160594414 5.2375311476695 4.5052479972907 1.1323457852587 0.153355457615099 5.93688202318116 5.20710910934593 14.768685929281 27.9268281705104 12.0400572408479 37.8536512198581 0.184600563024883 15.3279947179455 2.53983336648844 10.0644688297214 4.13603777952068 2.21468587969873 4.00824684150572 1.51028729313515 0 0 0 0 0 0 0 0 0 0 0 0 0 0 0 0
14.2615525998763 5.03192664366924 2.41634157499347 11.7348948222941 1.05927783984645 4.26282260940776 7.28182253023905 0.365888228659533 15.1642086656523 3.96979106291436 11.3992278969835 4.74590688308385 3.72779428604521 3.33187693125171 8.88703689034773 1.28563392169991 8.74740983278273 7.83069839544672 13.1041249651031 3.30173775011455 17.7053657146192 0.277251234019543 13.4214427565212 2.44205067493299 19.5733348027914 0.658741347638667 3.29388161641026 1.98016613535821 0 0 0 0 0 0 0 0 0 0 0 0 0 0 0 0 0 0
14.0594820875334 8.33702124069845 2.55280365878983 3.35779807424365 2.09983344707435 21.1566298779092 4.95185516045034 3.78864390915361 13.6149568872726 7.59078985542596 1.85888321572752 7.29223121551036 1.74365822574294 6.43291409673431 4.22278410440411 2.06411480197999 8.68199392133249 27.3532773211117 7.09358116317865 32.3562781639149 0.80293862249352 8.24630543975298 10.105552668525 2.04183162732477 6.76743740010194 15.2495171991827 0 0 0 0 0 0 0 0 0 0 0 0 0 0 0 0 0 0 0 0
7.41315596802735 8.44368324147946 7.16523869639749 2.93091912804583 3.01562279616628 1.88014898924693 3.26840044948911 5.3581017422436 8.92371325582299 5.03564294899537 12.0591013522456 4.05864135878163 5.50065315292947 4.23942334519709 15.0561301158343 3.96069645382962 20.663007026448 2.72408649854068 17.36025566171 4.44112936801648 25.6620728951184 1.48503188994737 5.68141438867819 7.93025667260762 0 0 0 0 0 0 0 0 0 0 0 0 0 0 0 0 0 0 0 0 0 0
4.35362038920882 12.2243659203852 5.67777082580001 4.69415147614395 2.06972140971167 0.364604083203822 6.06700261799341 12.8019666037621 0.601264606427022 14.6952549244759 3.71714349948428 8.60340954451551 1.65904130569687 1.7721385874831 3.91268671815506 0.717610870834252 4.81920401768557 6.63532250401499 7.51282053817218 6.46800093963259 2.20951376948898 0.768851948061784 0 0 0 0 0 0 0 0 0 0 0 0 0 0 0 0 0 0 0 0 0 0 0 0
5.71026742862476 1.57623551485373 3.22891271061625 3.7385134832986 1.11370668860616 3.97689165083786 15.2532506058168 4.91582761495094 16.7799720970133 6.70514966320015 16.2707768307537 1.10830571935107 4.73117392843108 1.56674210359189 18.0655472284112 0.982853671254099 10.691311090142 4.01888531155729 5.54687683882402 3.67429703207308 0 0 0 0 0 0 0 0 0 0 0 0 0 0 0 0 0 0 0 0 0 0 0 0 0 0
3.11257009773414 3.26277552865347 0.127321875242655 3.16293412020824 5.88194676272133 2.14591789115994 3.59042360305838 0.530643710661038 0.382874533183836 0.335271586972164 1.95260659948088 1.51902422662788 0.845743875519587 12.9368427695721 3.43023361419746 6.00278968427792 2.57801997788602 1.39865625792394 0 0 0 0 0 0 0 0 0 0 0 0 0 0 0 0 0 0 0 0 0 0 0 0 0 0 0 0
15.296924294588 6.53654507753489 6.73200165418857 6.67859347010384 27.414520676378 7.76624788234495 20.3261387122541 9.28250664597923 16.2712320202695 6.00355017234743 8.52590413387406 5.1827392911605 13.6810497254876 6.02048152845237 4.8529951000809 0.327797026642712 0 0 0 0 0 0 0 0 0 0 0 0 0 0 0 0 0 0 0 0 0 0 0 0 0 0 0 0 0 0
5.60888746851749 2.89644242033701 8.11331729991716 8.91206268585152 2.75564730251027 8.7814039801737 1.11298499591288 6.77581157081613 4.91761005155523 4.27540632269713 0.37556481015938 18.1019184633088 1.13319436780839 7.57821956339461 0 0 0 0 0 0 0 0 0 0 0 0 0 0 0 0 0 0 0 0 0 0 0 0 0 0 0 0 0 0 0 0
5.81508127043552 4.06776743825469 10.0016049564012 1.36888377161901 18.9337858826449 7.14486789420296 14.8822387726043 2.27515574057675 10.2504774449955 7.05896860603204 11.4820380600948 0.562563305110883 0 0 0 0 0 0 0 0 0 0 0 0 0 0 0 0 0 0 0 0 0 0 0 0 0 0 0 0 0 0 0 0 0 0
2.58992454898738 5.97020833346993 5.9273261392428 3.29063281990386 2.82443144878368 0.364493632369427 6.07344895459745 4.74810075864703 2.55931177844169 2.80792634680249 0 0 0 0 0 0 0 0 0 0 0 0 0 0 0 0 0 0 0 0 0 0 0 0 0 0 0 0 0 0 0 0 0 0 0 0
16.3004601694394 1.65080989095383 11.2581548190786 13.043554627104 23.4093275236527 0.0521705843554434 12.8880744113284 6.41750281966832 0 0 0 0 0 0 0 0 0 0 0 0 0 0 0 0 0 0 0 0 0 0 0 0 0 0 0 0 0 0 0 0 0 0 0 0 0 0
2.86226331662594 10.3187236089062 7.44726130080023 17.0970145710151 8.16501546865605 22.0734325901178 0 0 0 0 0 0 0 0 0 0 0 0 0 0 0 0 0 0 0 0 0 0 0 0 0 0 0 0 0 0 0 0 0 0 0 0 0 0 0 0
16.1818569475518 7.90098365444885 10.385883630056 0.695960653415902 0 0 0 0 0 0 0 0 0 0 0 0 0 0 0 0 0 0 0 0 0 0 0 0 0 0 0 0 0 0 0 0 0 0 0 0 0 0 0 0 0 0
3.94887052395152 11.3603032569012 0 0 0 0 0 0 0 0 0 0 0 0 0 0 0 0 0 0 0 0 0 0 0 0 0 0 0 0 0 0 0 0 0 0 0 0 0 0 0 0 0 0 0 0
