1.61417636022917 0 0 0 0 0 0 0 0 0 0 0 0 0 0 0 0 0 0 0 0 0 0 0 0 0 0 0 0 0 0 0 0 0 0 0 0 0 0 0 0 0 0 0 0 0
1.08306140518745 13.5468427626901 0 0 0 0 0 0 0 0 0 0 0 0 0 0 0 0 0 0 0 0 0 0 0 0 0 0 0 0 0 0 0 0 0 0 0 0 0 0 0 0 0 0 0 0
1.52539115859146 19.7792664734279 9.0216500039415 0 0 0 0 0 0 0 0 0 0 0 0 0 0 0 0 0 0 0 0 0 0 0 0 0 0 0 0 0 0 0 0 0 0 0 0 0 0 0 0 0 0 0
2.16718647769105 25.8395710904641 21.5867854212301 21.9513783859401 0 0 0 0 0 0 0 0 0 0 0 0 0 0 0 0 0 0 0 0 0 0 0 0 0 0 0 0 0 0 0 0 0 0 0 0 0 0 0 0 0 0
0.989953535863563 23.3590984770997 23.2202639793277 21.4051085912538 8.6770407093336 0 0 0 0 0 0 0 0 0 0 0 0 0 0 0 0 0 0 0 0 0 0 0 0 0 0 0 0 0 0 0 0 0 0 0 0 0 0 0 0 0
2.26740836964158 29.7552945411856 15.2326256429662 17.4719800818135 15.1114723772661 6.50030490814678 0 0 0 0 0 0 0 0 0 0 0 0 0 0 0 0 0 0 0 0 0 0 0 0 0 0 0 0 0 0 0 0 0 0 0 0 0 0 0 0
1.38599717819966 14.534702466183 7.69083044869076 8.47677660838789 4.54521134506717 4.41902910536529 1.00645123625695 0 0 0 0 0 0 0 0 0 0 0 0 0 0 0 0 0 0 0 0 0 0 0 0 0 0 0 0 0 0 0 0 0 0 0 0 0 0 0
1.75552532883764 13.0853631612962 7.93586997113707 11.5976850444141 6.95556923686304 3.76498691526828 0.0878216927024806 2.83576639537684 0 0 0 0 0 0 0 0 0 0 0 0 0 0 0 0 0 0 0 0 0 0 0 0 0 0 0 0 0 0 0 0 0 0 0 0 0 0
1.58542158156629 5.74929001512154 3.63703233992405 5.58070685340578 5.85341903704206 1.21901336066747 1.75325730934088 0.140680969962517 0.362467111712882 0 0 0 0 0 0 0 0 0 0 0 0 0 0 0 0 0 0 0 0 0 0 0 0 0 0 0 0 0 0 0 0 0 0 0 0 0
5.14144769956194 11.7899786999278 6.90595106658278 10.3980504549255 4.63423681079634 4.53239265857955 1.51176261624782 0.401678405566362 1.0392139079744 0.0669043464991886 0 0 0 0 0 0 0 0 0 0 0 0 0 0 0 0 0 0 0 0 0 0 0 0 0 0 0 0 0 0 0 0 0 0 0 0
1.40721558525458 2.16457523769247 0.545756362041454 3.05772704085074 1.3902425875056 0.392023192775815 2.90736633060672 0.684777431822015 0.0718784264187835 1.76787769494028 0.597849581365466 0 0 0 0 0 0 0 0 0 0 0 0 0 0 0 0 0 0 0 0 0 0 0 0 0 0 0 0 0 0 0 0 0 0 0
5.69279547422411 3.74694730370382 1.81414394946582 5.7516860738877 1.96742991567495 2.55591545297713 1.93343306153234 0.187378324809773 2.50554926548918 1.05675058887882 3.75588108485698 5.93385492049459 0 0 0 0 0 0 0 0 0 0 0 0 0 0 0 0 0 0 0 0 0 0 0 0 0 0 0 0 0 0 0 0 0 0
5.55339996450957 2.9109124011117 0.580327864660817 1.19067747115675 2.50056762542038 1.24566385070899 4.91723924253681 0.305256398808094 1.83167509603605 4.75445551083413 5.48347857109889 13.0862904841892 10.6266240655554 0 0 0 0 0 0 0 0 0 0 0 0 0 0 0 0 0 0 0 0 0 0 0 0 0 0 0 0 0 0 0 0 0
3.76177654530989 2.82608512833487 0.244773908747872 2.61444900564177 2.67064027396596 2.58001289706279 3.38390058002396 0.37998532167781 4.63551229680063 4.44436681479504 4.62802275472512 10.9694910222656 9.41482984776501 2.38899638177777 0 0 0 0 0 0 0 0 0 0 0 0 0 0 0 0 0 0 0 0 0 0 0 0 0 0 0 0 0 0 0 0
3.49689928633974 1.87856070573593 0.0615789140220527 1.71263653066913 2.24171933908547 1.47471018800362 3.74175073032481 0.487719356158047 4.93120181674058 6.16110149683341 4.0574178606978 10.79229113447 7.66676302526787 5.73472094010432 5.50994472954998 0 0 0 0 0 0 0 0 0 0 0 0 0 0 0 0 0 0 0 0 0 0 0 0 0 0 0 0 0 0 0
11.020683983477 0.119632931482081 0.339918688455783 4.97359456810062 5.94199189652937 3.99452112499527 2.79550935449997 0.222039839192396 4.56983744676023 7.45540087787936 5.67485402792577 11.6260485732081 8.67392016471762 14.2065493787167 11.9957402411727 19.2229336186412 0 0 0 0 0 0 0 0 0 0 0 0 0 0 0 0 0 0 0 0 0 0 0 0 0 0 0 0 0 0
10.1861864466471 1.54987300539094 0.0858043519653504 4.6257331451634 8.40803252281935 1.54403052851772 6.68168810147944 0.0506904796068556 5.51378070293391 6.23885783977095 4.18567615111596 12.0395726579921 14.3599858839163 18.4466565506865 21.0241323391653 24.6603129506747 19.4021051579504 0 0 0 0 0 0 0 0 0 0 0 0 0 0 0 0 0 0 0 0 0 0 0 0 0 0 0 0 0
7.06405200639 0.516582559388537 0.828367094773356 7.1878415832975 3.11329910685039 4.16551146500462 5.71708795925857 0.760314546245892 4.19396588146331 7.13073793522404 4.82436789393229 20.2899067964924 14.3575015887696 21.7752852676963 18.142736433762 26.9799457421664 26.0066479709429 11.0823585867807 0 0 0 0 0 0 0 0 0 0 0 0 0 0 0 0 0 0 0 0 0 0 0 0 0 0 0 0
16.5883282247241 1.62683470813052 0.34717539277184 1.99817577494318 9.11593772378493 2.63111293769976 7.02871687212875 0.388739797306888 5.35699301886963 7.37013031539687 8.36285129199126 15.7544253947253 25.9829456128776 20.0345207412371 22.7716849042322 23.0648353587104 23.6863445774947 21.151956511256 18.6925968009582 0 0 0 0 0 0 0 0 0 0 0 0 0 0 0 0 0 0 0 0 0 0 0 0 0 0 0
7.37910272434426 1.13413412688728 0.286048603278343 4.00484003594764 6.31633485757587 6.33114475373573 7.54813489264218 1.4924599191295 7.3319873748577 16.2559976509504 8.59399583672803 26.6895614612444 18.1816100887737 20.0465027300619 14.9589296774977 20.4907480802951 19.3022768941324 19.1667995594718 29.3002721770844 17.8358090426048 0 0 0 0 0 0 0 0 0 0 0 0 0 0 0 0 0 0 0 0 0 0 0 0 0 0
9.4380218802213 1.1282135827948 0.519918353733325 1.93393251073431 5.57786215617107 3.28456173570191 1.10616925395319 1.32384628901096 4.03638344242917 2.63826378828261 7.0488296664702 10.205916654447 12.187715767438 9.83126546311872 8.28615808350983 11.1720824961318 15.3753631643719 16.8288268893345 20.1526361958261 25.5066735545759 6.21831802115599 0 0 0 0 0 0 0 0 0 0 0 0 0 0 0 0 0 0 0 0 0 0 0 0 0
14.404376108113 1.0227612295297 0.0581950390584975 3.64514486419906 7.12592410848462 0.62805393312353 5.09661967884771 1.47430166213749 4.40257878035449 14.8388318385842 12.2137680563506 22.8103219279326 21.1059724903219 12.2553798865707 15.0981156198321 23.799943766116 28.312432798154 30.8913586183889 41.8371908980082 34.8214360071364 29.6352720370805 21.2983899108459 0 0 0 0 0 0 0 0 0 0 0 0 0 0 0 0 0 0 0 0 0 0 0 0
10.8279708830697 2.46609172244134 0.718109848157198 2.26207999943456 1.09105005818846 1.03922892527797 3.63719737032291 0.0035412264925942 3.80981389196532 9.21147532139659 8.47335730990629 13.6528372380722 9.73133947282404 7.95078744313333 9.44886451896557 21.8251922624133 27.0241991818808 26.3278685610363 29.7414674285742 31.1751988963371 16.6329596878625 24.6083144156189 9.047355833932 0 0 0 0 0 0 0 0 0 0 0 0 0 0 0 0 0 0 0 0 0 0 0
15.3090977535473 1.09305203505917 0.104285626778578 1.80339515279267 5.98216447769231 2.66995996436185 7.52929097045727 1.42458278542418 9.72560822549007 9.24907085295274 7.21496602219142 9.87664150376248 11.2019290280378 16.5605732293892 16.8430185618967 29.3571493329335 32.6535381421567 31.3977691931329 37.7611373413448 33.2214094882383 17.1964047692296 25.6988762340369 19.9433112654386 15.9467848606358 0 0 0 0 0 0 0 0 0 0 0 0 0 0 0 0 0 0 0 0 0 0
11.4455449017484 1.69893716488953 0.226945714306313 3.10577452252954 4.45842739051359 2.92250067186117 3.06571149825525 1.7193996884969 6.54077656556676 9.24154682538953 5.4850700038365 15.2326730394953 17.0386126765632 18.6598122036645 19.7947678136323 29.3322404628504 32.9535973639848 30.236687510198 34.7985572116275 24.1712654170811 16.1972651410464 26.7388501555157 21.7054526793134 24.421094619851 19.3291476847049 0 0 0 0 0 0 0 0 0 0 0 0 0 0 0 0 0 0 0 0 0
14.9530875237277 0.0943827066353399 0.920395184689515 7.36862687558748 8.94615371901502 4.02832614591909 3.20746558578796 0.453505029997778 3.93869066334873 7.08492936089969 6.65351155582779 21.7849632288731 23.0219848105641 23.9821667480587 21.7324847552854 31.8072987632342 38.638356521808 33.3880386634718 32.0664760558598 25.279261444188 18.6523595270464 26.1363532197265 26.8467009251874 32.4926408053162 35.1296247320452 19.6758118122197 0 0 0 0 0 0 0 0 0 0 0 0 0 0 0 0 0 0 0 0
8.46158989619581 3.7805182655184 3.03803568190932 5.3306106872679 3.16638044719638 1.89542955595021 6.28145196342871 3.58434736575816 9.20447965420141 16.725468866264 15.3554537970797 23.5362251108557 24.1115722883595 19.6239873202636 17.8328282118371 31.2334298726102 28.242446101104 18.41085457337 24.0111714338197 13.3571825870672 13.5910681818603 22.2925508654754 28.7085835565052 26.4906547794432 27.6860329387162 28.2076899237434 12.4881076381777 0 0 0 0 0 0 0 0 0 0 0 0 0 0 0 0 0 0 0
8.03580107502375 2.40282824057357 0.152764614719627 6.27705712342262 4.59259372233151 4.95456321357509 13.0363522116701 1.54180207640031 4.87229543509234 10.7718978334521 8.94718201335554 19.7150239461628 19.4929251206553 17.7353231883061 17.5857644398666 25.6607659782469 26.1321088385063 22.2856543145691 24.966020566942 20.2064484627438 13.6863744740187 30.4048708407516 28.1570133938625 26.060203419727 29.3714105459721 30.9041537173859 21.7188270297102 14.3774435401405 0 0 0 0 0 0 0 0 0 0 0 0 0 0 0 0 0 0
9.92656209549519 1.99867229892297 0.85616431848037 3.5411252384884 9.71275009849078 9.13149336689282 7.55655896172682 3.36458530691109 10.9864519001695 17.7241309450883 12.4196838837986 26.0601259583641 20.2422275567543 25.2388675592031 20.1287703224147 28.7285561005791 26.3632554839202 21.1488185403103 28.9256581687311 21.6999117790244 24.0829569823209 40.1868701445684 31.5613764122848 36.3487450670617 32.2143408502673 32.1713079839917 17.2888188844263 17.9466279683265 9.77551429355788 0 0 0 0 0 0 0 0 0 0 0 0 0 0 0 0 0
5.40072895071359 1.52276164969328 0.282042480434241 3.18278440205165 14.3346667563754 4.69838474311017 8.09430242767858 2.01675668759191 6.81827229331091 7.40066547747331 7.36447299790443 9.294222482665 12.600189323549 11.0502517937286 8.2884929229636 16.4792580935651 17.0006111699967 15.9209522404181 17.0376926410711 18.5508409423299 14.0746924899451 23.4233549025157 17.0425092396283 15.4787795351166 17.3552079463689 19.1285172613816 8.17453888701151 10.027091717935 15.4579676036675 6.92131981066178 0 0 0 0 0 0 0 0 0 0 0 0 0 0 0 0
13.2858336262617 0.739811591669162 0.306884103430648 3.60591427825792 2.70534507100448 1.81938794754966 3.90012922309363 0.682556284730543 2.6416624590024 11.732795801354 7.56678990391619 21.6697156485742 16.1072058563823 13.3963129528907 12.7551968544952 19.8297482517503 22.2773273248268 20.1993208582313 34.098824075018 32.638298727325 25.0157730733079 33.5115998766916 25.9943583651608 25.6148231580326 22.7328066115387 19.627339953212 15.8156584364622 20.6263881347275 30.981429481887 24.0621596589157 10.3462436149297 0 0 0 0 0 0 0 0 0 0 0 0 0 0 0
15.1271530915441 1.41109586280532 0.0391890877848391 1.12948151601913 3.75988299283988 3.44571001587661 5.75601227999728 0.899682042188764 8.36246348494601 11.3427359187102 13.5080735356202 21.3860649519014 17.1333773612842 15.196102045483 15.5152271623487 23.7002595958948 26.3357476929996 31.9322122166404 41.7177285581735 36.5338010496225 25.9283546051018 37.2625403658125 26.4629787661959 26.5974423883221 21.1378773456994 23.5795601336715 24.1692169515247 27.0917612091784 25.1358401945826 4.08576464612664 0 0 0 0 0 0 0 0 0 0 0 0 0 0 0 0
8.29785392719084 1.60121956334469 0.283154694900114 1.41097211813242 3.08170768954268 2.6750774622182 4.38657619709756 0.359844948145461 6.51538075154007 11.0462856824737 8.65139812309631 13.6110534821239 13.001569978468 12.6714210070054 12.5006025591711 20.8237272850759 26.9465697060493 29.8540683881071 30.6976959977935 30.1177556769563 16.3323449559369 27.4377485061669 17.1158935549954 19.6700266432166 17.6935946255066 26.6824047274561 19.4165654352241 8.14552141834299 0 0 0 0 0 0 0 0 0 0 0 0 0 0 0 0 0 0
6.18639990304121 0.385067397660596 0.451419069591159 8.18954423512484 6.65511689447422 4.18214135639729 2.76943080755583 1.31275529134238 3.95869223970851 8.8714516637348 3.62677026506015 11.7097660395409 10.4050832626225 12.1650634504464 10.3124564006896 23.0848130203736 25.2356056617064 20.3812705575401 30.4531541392281 26.8294625063668 16.392420149079 21.1245472756566 12.8909143910774 17.6569498436528 17.1452117867101 14.1053195847074 0 0 0 0 0 0 0 0 0 0 0 0 0 0 0 0 0 0 0 0
5.49104200727291 3.44089865283681 2.62540345107263 7.22469510078812 6.44150321835296 2.04132378738466 4.96927492950719 1.03281673110777 7.11582053370782 7.7467106874916 8.47858701474956 15.1365342630512 17.0359468801195 16.6653790648599 15.782072937902 22.3148588613496 18.5746890438441 21.9170483158817 24.7663472574826 19.165092668861 9.48438991991815 13.4958207321709 15.5130593805059 13.7216089643132 0 0 0 0 0 0 0 0 0 0 0 0 0 0 0 0 0 0 0 0 0 0
8.59123066829583 4.23517065756567 3.24530919143552 7.15569864859268 6.55756807893703 4.04597849092154 9.24220708104714 2.58604294170185 5.63478961540438 11.6263540666522 7.9497153531347 20.1085455595714 21.0725679473383 22.1152546253033 20.5081253337249 25.0228043335946 29.2077119344427 30.5132355152082 32.775322323542 23.0669752193652 11.0372818860555 12.4600925802932 0 0 0 0 0 0 0 0 0 0 0 0 0 0 0 0 0 0 0 0 0 0 0 0
7.45503881183518 2.65444628361068 1.35176971014627 4.38575187172762 5.54212266658031 7.32496254641411 11.8283163037519 2.97180206754004 6.37663162867457 10.0103461314606 8.414790329514 17.9229668167026 20.7864881867412 21.4890977121619 16.0315415967135 24.4878071508144 29.1491149877031 25.2275266708167 15.9965670143379 2.02737446958748 0 0 0 0 0 0 0 0 0 0 0 0 0 0 0 0 0 0 0 0 0 0 0 0 0 0
12.170207980316 1.32196404675989 0.340008503376059 4.17878409291268 11.6070673511175 9.03412150749616 11.4048643956948 2.81488410499976 7.08670897481381 12.7341984533406 9.46489781984452 23.982815272681 25.4026549779033 20.3450646139476 19.787750347669 29.133310314949 21.2181448597282 2.71474637271806 0 0 0 0 0 0 0 0 0 0 0 0 0 0 0 0 0 0 0 0 0 0 0 0 0 0 0 0
9.62978010494523 0.444919823548863 0.0277989057645553 8.41225045448443 11.002883965283 9.23034715118073 9.42262599648159 2.94033001827352 7.54610420347317 11.7653602792619 10.4342328920562 21.8428031805479 19.9557721696809 17.6913843100349 11.2857520852378 2.41093340624235 0 0 0 0 0 0 0 0 0 0 0 0 0 0 0 0 0 0 0 0 0 0 0 0 0 0 0 0 0 0
17.102948923921 1.00984161465925 0.245157573780405 3.79722149990186 5.66734892549636 2.24490708200887 2.70545270613218 0.752241333358213 5.26147354313396 11.4265215904601 11.5915937665855 22.9464731589516 14.17644206953 2.9815775116782 0 0 0 0 0 0 0 0 0 0 0 0 0 0 0 0 0 0 0 0 0 0 0 0 0 0 0 0 0 0 0 0
15.5277128306713 1.17259689309755 0.168812790156211 3.9913930215938 6.15019024403522 2.46505829853779 4.17546106783728 0.620124220659384 8.30630652379043 11.940071285703 9.56975146841789 4.30948685432932 0 0 0 0 0 0 0 0 0 0 0 0 0 0 0 0 0 0 0 0 0 0 0 0 0 0 0 0 0 0 0 0 0 0
13.8690593096496 1.96445013170214 0.961654307679216 3.09918982156211 2.29045778188976 1.00550941702784 1.80410083434918 1.30005790779587 9.10947960689322 5.20848169396487 0 0 0 0 0 0 0 0 0 0 0 0 0 0 0 0 0 0 0 0 0 0 0 0 0 0 0 0 0 0 0 0 0 0 0 0
15.7423521514092 0.150570565491775 0.78375534000284 5.90860683744947 8.54881871484235 5.96018221089016 4.26273008883751 2.87029371914448 0 0 0 0 0 0 0 0 0 0 0 0 0 0 0 0 0 0 0 0 0 0 0 0 0 0 0 0 0 0 0 0 0 0 0 0 0 0
9.7009573443183 1.85147095610559 1.74445040933561 8.59478188810199 10.4926071194843 3.55168687146773 0 0 0 0 0 0 0 0 0 0 0 0 0 0 0 0 0 0 0 0 0 0 0 0 0 0 0 0 0 0 0 0 0 0 0 0 0 0 0 0
12.4967782553326 2.66039566445415 6.51531836851038 15.5841757969119 0 0 0 0 0 0 0 0 0 0 0 0 0 0 0 0 0 0 0 0 0 0 0 0 0 0 0 0 0 0 0 0 0 0 0 0 0 0 0 0 0 0
9.83671274668885 10.8867606995503 0 0 0 0 0 0 0 0 0 0 0 0 0 0 0 0 0 0 0 0 0 0 0 0 0 0 0 0 0 0 0 0 0 0 0 0 0 0 0 0 0 0 0 0
