4.29337988103886 0 0 0 0 0 0 0 0 0 0 0 0 0 0 0 0 0 0 0 0 0 0 0 0 0 0 0 0 0 0 0 0 0 0 0 0 0 0 0 0 0 0 0 0 0
5.23097682831482 2.72739829464267 0 0 0 0 0 0 0 0 0 0 0 0 0 0 0 0 0 0 0 0 0 0 0 0 0 0 0 0 0 0 0 0 0 0 0 0 0 0 0 0 0 0 0 0
5.79499521896134 5.80225718316397 4.43775458462647 0 0 0 0 0 0 0 0 0 0 0 0 0 0 0 0 0 0 0 0 0 0 0 0 0 0 0 0 0 0 0 0 0 0 0 0 0 0 0 0 0 0 0
5.30724381355126 6.82700048393141 9.53097934089878 11.1372950778036 0 0 0 0 0 0 0 0 0 0 0 0 0 0 0 0 0 0 0 0 0 0 0 0 0 0 0 0 0 0 0 0 0 0 0 0 0 0 0 0 0 0
6.74270428909338 7.95643525334026 9.10403203649466 9.60016005204994 3.65518419116215 0 0 0 0 0 0 0 0 0 0 0 0 0 0 0 0 0 0 0 0 0 0 0 0 0 0 0 0 0 0 0 0 0 0 0 0 0 0 0 0 0
9.12674760946622 7.64694082912188 3.64519270409204 4.46269671930239 3.73223306458745 2.57323195974206 0 0 0 0 0 0 0 0 0 0 0 0 0 0 0 0 0 0 0 0 0 0 0 0 0 0 0 0 0 0 0 0 0 0 0 0 0 0 0 0
11.5576576930535 1.10506151703433 1.00100022952067 3.59104731219694 5.92417495489626 6.01657395531654 6.19471745974878 0 0 0 0 0 0 0 0 0 0 0 0 0 0 0 0 0 0 0 0 0 0 0 0 0 0 0 0 0 0 0 0 0 0 0 0 0 0 0
2.93439668391942 2.27719022654714 0.608079144561881 4.43452172463252 8.23750076545743 4.71678115885678 4.63003097240785 5.78498300504741 0 0 0 0 0 0 0 0 0 0 0 0 0 0 0 0 0 0 0 0 0 0 0 0 0 0 0 0 0 0 0 0 0 0 0 0 0 0
9.13123552611198 4.0722277706814 1.00435195817104 9.96726260247054 13.5448213510706 7.91681336227916 17.87650522366 10.1499112042625 11.1095658773222 0 0 0 0 0 0 0 0 0 0 0 0 0 0 0 0 0 0 0 0 0 0 0 0 0 0 0 0 0 0 0 0 0 0 0 0 0
18.5111679129218 3.07728883942465 1.61479401940828 13.2189331954893 15.1448630404227 15.6773405467241 20.8086053375119 14.3337933554448 34.472106333455 23.4148369195229 0 0 0 0 0 0 0 0 0 0 0 0 0 0 0 0 0 0 0 0 0 0 0 0 0 0 0 0 0 0 0 0 0 0 0 0
11.7124468420502 3.69801137057124 0.734874560393978 6.64860957624058 11.7491728804541 6.54070759072838 11.9274604754128 12.517469846089 21.8295372901307 27.941302384063 10.4402906019495 0 0 0 0 0 0 0 0 0 0 0 0 0 0 0 0 0 0 0 0 0 0 0 0 0 0 0 0 0 0 0 0 0 0 0
17.603789797041 2.90386260180176 0.66194238067014 9.83760357481913 14.8637982769408 10.6032181505368 18.1386510717094 13.5511599505332 25.5606235914789 31.7787459752831 27.5848671829251 19.8033155379485 0 0 0 0 0 0 0 0 0 0 0 0 0 0 0 0 0 0 0 0 0 0 0 0 0 0 0 0 0 0 0 0 0 0
23.0878721829629 4.14091115213337 0.394695593265438 10.0094480948952 15.1083680017325 9.34359731125992 20.8134384688192 12.1024707661822 27.8992116420955 40.3958185949745 28.0035148028496 34.0149174345948 26.3626727577605 0 0 0 0 0 0 0 0 0 0 0 0 0 0 0 0 0 0 0 0 0 0 0 0 0 0 0 0 0 0 0 0 0
20.7373095373501 3.17956230141062 0.748661362065673 9.88251973251639 14.509726082907 12.70151835042 17.0700755237143 15.0123605157132 26.8763137974293 38.12184863085 24.4285182063215 35.2738237807912 39.9927736025077 19.358906799414 0 0 0 0 0 0 0 0 0 0 0 0 0 0 0 0 0 0 0 0 0 0 0 0 0 0 0 0 0 0 0 0
19.2978101415051 3.657746080673 0.459778342541319 11.8437140547874 12.6411032818485 10.6033293781362 19.1288370624555 15.0228705544681 24.9930637686553 39.617500232904 27.6590237551103 37.3565980994658 39.238069460221 28.9329480903136 18.4124757504106 0 0 0 0 0 0 0 0 0 0 0 0 0 0 0 0 0 0 0 0 0 0 0 0 0 0 0 0 0 0 0
20.4120530842466 4.29449927854089 1.44442406810902 11.7584497356651 15.0848679825825 10.4242160488336 21.5776175631488 13.1854269110166 27.7597792069781 42.9934556286774 30.5533716318661 35.5000174897384 31.7441248864689 30.5882968217942 32.6469970045944 22.1373558254639 0 0 0 0 0 0 0 0 0 0 0 0 0 0 0 0 0 0 0 0 0 0 0 0 0 0 0 0 0 0
19.389461737971 3.22490276224977 0.718556993251103 10.3421062497719 13.0320271731704 13.2838667348913 17.258242164511 14.9123915751077 30.4181444785118 43.884937608305 26.7463711677652 31.3766020381858 33.0186018908111 33.7807149060998 36.6193115569612 34.8896687462149 22.7513676266117 0 0 0 0 0 0 0 0 0 0 0 0 0 0 0 0 0 0 0 0 0 0 0 0 0 0 0 0 0
22.3240244500543 2.1192960463897 0.297785946869871 8.32627380500013 12.2182331219766 9.46715161400336 17.6475738450432 14.527514307561 29.6382418336784 38.8225635717922 21.4181252385794 31.0879009450147 31.8841401737604 35.0645752812757 33.2493608099178 35.3526143600551 30.4218981536058 14.4495699007435 0 0 0 0 0 0 0 0 0 0 0 0 0 0 0 0 0 0 0 0 0 0 0 0 0 0 0 0
15.0629054904649 2.42401977333818 0.923122501663201 10.1987627827683 20.6210214931027 8.19182480575282 25.839537519209 14.363652430485 31.9732204554087 32.3105809190781 23.3021217954839 26.2701492979365 43.9881927338422 35.1018012871353 31.6582979067654 29.6915956275013 32.4265736896993 30.982113394579 22.832869958448 0 0 0 0 0 0 0 0 0 0 0 0 0 0 0 0 0 0 0 0 0 0 0 0 0 0 0
22.5674068032686 2.77372581768237 0.663624499672334 10.4354162251259 13.0642407285579 14.9554311685201 21.7066801194306 19.9199036782557 24.6539940348065 37.1497981980033 26.3745646228997 39.3689450729007 35.8230102266532 38.1462986177024 33.2672183701331 31.1661022174491 35.5743998048339 34.4815271219839 41.0863779184125 27.9899731929835 0 0 0 0 0 0 0 0 0 0 0 0 0 0 0 0 0 0 0 0 0 0 0 0 0 0
9.19906795454851 0.367534191417709 2.5584690618041 4.33515022874998 16.2555132090174 8.28558501902955 17.584863371866 7.33488728845623 20.9664135882933 18.9870130832394 23.1900899856948 19.8192265058055 29.118085215454 24.1302504529818 22.3772085532471 24.0210189979267 26.0489620749795 26.4241014994489 26.5995158789766 30.1713484772362 9.70416228785725 0 0 0 0 0 0 0 0 0 0 0 0 0 0 0 0 0 0 0 0 0 0 0 0 0
19.532861394472 4.2839737907159 0.716224330025238 10.5632509095707 15.6736060242996 9.23235576154527 15.8852022963017 12.1432231951736 24.3666944576457 43.9773857262788 26.5756615711376 37.2063417380354 35.4355045620692 28.3709984963366 33.9051199798584 35.5675283170464 42.1505821608942 40.247159215827 41.3346295812121 41.9077302443106 34.7702276873902 28.8251322511094 0 0 0 0 0 0 0 0 0 0 0 0 0 0 0 0 0 0 0 0 0 0 0 0
13.045750079809 0.777710192419409 0.755073589322374 7.82624646165491 9.7037432136002 6.81443152837743 14.4887594473031 7.49397843183698 25.4221821472194 29.5615914275388 26.2732471525018 23.0440514397293 25.2377782644529 25.4489805326724 26.8897313866741 33.7634587200006 34.3853771074848 29.5852740769064 29.3432530902486 38.8727372684273 26.4173724702376 34.2254787971825 13.1338515488392 0 0 0 0 0 0 0 0 0 0 0 0 0 0 0 0 0 0 0 0 0 0 0
13.113197095558 1.56013763730868 1.0996723895996 8.32865551136678 14.6624431680675 6.53654386090474 22.6526868877373 13.8358975239006 27.6116962280612 32.2038981909228 23.6032032543876 26.4390828495576 33.1579642018026 33.1029402041346 35.9078707908478 38.3427467122487 38.0274655416848 36.2863943304963 37.7450349846955 44.3701373113344 28.4559993732008 36.205885186511 30.7303677728795 20.4153692887595 0 0 0 0 0 0 0 0 0 0 0 0 0 0 0 0 0 0 0 0 0 0
18.4013148356572 2.32499779751036 0.855796031153429 8.43114170518788 11.9783866601168 11.7257705108104 15.5551546875227 17.4082741986189 22.6419632003811 30.055691911105 21.1350073663126 30.1581674968702 33.6468363978818 35.7282760737925 35.9311027092628 34.5964932813899 38.5679451606531 37.9862508959634 38.5848719161627 38.4287756070117 25.2054419706171 36.7318167129269 27.1086951493424 35.9287428821096 22.7425847607507 0 0 0 0 0 0 0 0 0 0 0 0 0 0 0 0 0 0 0 0 0
22.6606767390157 6.16660273441874 1.26207936189543 9.80626722105889 14.584601650677 11.4044827817316 18.8284525624101 14.1460289739202 23.8477729303272 31.9766952464923 24.0141269766069 35.9453044191903 42.2746634835911 40.1816313807562 38.1130143879617 40.8139328775741 46.5994829202651 43.4457746993379 41.9464401602335 41.4937918768598 29.403163512903 39.6784440544951 35.3365665776921 41.8456240044512 42.6845613301505 24.1814783648553 0 0 0 0 0 0 0 0 0 0 0 0 0 0 0 0 0 0 0 0
18.6055893520097 1.81099559535153 0.636272619574121 7.82731921631759 14.1153985980781 10.2221112572715 18.696617352209 13.7000224419634 22.554109412321 37.3521703599324 27.2197862319601 38.8799887630413 41.3538525021748 37.1059798764533 37.2796415922568 43.568076210341 44.1675039158005 34.7958861796788 39.9399761197877 38.4844049313496 27.0363092695138 41.3090590470682 36.198153864561 40.4283006235245 34.6605754745591 39.1192088085183 23.3320480864155 0 0 0 0 0 0 0 0 0 0 0 0 0 0 0 0 0 0 0
14.8825614058681 4.64456139689563 0.0516164912522423 10.5017448346676 10.3783455765726 14.3181755961626 16.4423919275387 11.9156272869168 25.8290171087753 39.8401149655259 29.0983514058659 37.0422212142818 38.569260442572 36.6908018000402 39.9884693230316 41.8330506522714 39.5991716911052 33.4989126987257 37.7712660961755 38.0605919864157 27.125485763478 43.8940779375663 33.1851612346231 32.1580262127937 32.9330528895229 39.3359133706947 36.154285448001 18.4649511427813 0 0 0 0 0 0 0 0 0 0 0 0 0 0 0 0 0 0
14.9268720579175 0.115208579951141 0.910121217176203 6.49318842081558 20.8634569290147 6.52171770033472 17.1980049538046 14.5530923187681 25.7550176069989 40.8966442257296 28.8048024819932 36.0399958270941 38.3269743416408 40.3487455130369 40.7885266813992 37.7564156124817 37.4615965671077 33.0496312387694 38.2125758878812 39.5476447724279 28.7490503805535 43.9360072114065 32.0432278440423 38.6550638757709 34.1719300783439 39.3627961668426 32.3972826515269 29.966018942416 16.4297500111121 0 0 0 0 0 0 0 0 0 0 0 0 0 0 0 0 0
8.63686890942248 6.12004213732351 0.712739727640263 5.96371165898745 18.3800001532734 6.34985125751725 13.6448677949657 13.3305928353762 24.1369360083951 31.0864251268481 22.4497651914856 25.0428801405643 32.7884261101267 30.0789153378702 26.9654988557812 28.9157372451616 28.8761276486267 24.4569679994522 30.6441485691202 32.5275199453387 20.8412966965688 29.9116644476582 23.4476252882564 23.828502012948 26.8099209234649 26.5270167822542 23.7244384877806 19.2687852245061 25.278350104499 13.3266720609401 0 0 0 0 0 0 0 0 0 0 0 0 0 0 0 0
13.9724862101316 0.76615621824437 1.58243293458884 6.19368643842687 8.56489046999118 7.23511463968542 16.1326860242605 12.2539606301801 23.6258913066763 35.8646042156741 26.53128080025 38.8319748988538 40.0911429067708 32.1950469820063 33.4637497004499 31.515913120376 33.8519385589667 32.9978081339724 36.1193516343809 39.5816977119997 27.9016296332945 34.4439670533504 30.40293128405 33.7981345714297 27.6869158765064 29.1820284920088 25.2207023944455 25.3120521945861 28.1665754370445 27.2736630040502 9.66627048169483 0 0 0 0 0 0 0 0 0 0 0 0 0 0 0
16.4106940627643 1.97855926346578 1.60187526117956 6.93068658470349 12.6669338907503 11.066915213139 21.8672027888077 16.4420675585019 33.5173260089124 44.3070876869167 36.3496821448309 45.7240302678319 43.1182959239499 39.0093581392012 40.3340502757279 39.8075028152358 42.5539238856625 44.0779707305245 45.8451796046894 44.9715744102608 33.6021324618927 43.4177207095602 36.2089533665212 33.9652698443019 35.4192258545509 31.3500785870384 34.1376476202329 39.2650119422176 29.3453253265326 8.4386130479243 0 0 0 0 0 0 0 0 0 0 0 0 0 0 0 0
11.4587953249889 0.0458584627729494 0.10112915809329 6.68220237383201 8.8419255936656 8.24185328105812 15.0898464874648 8.68923653293706 23.1900834546244 33.1580942224194 23.312823390153 25.6851673641956 27.4312741058727 25.5971799029338 25.0597882117244 27.8788400282807 31.5743013226066 29.8816314089036 25.1652501132744 29.0588196703632 17.7501892962045 30.5718846168464 18.244179387756 25.2973745848706 17.2598423340274 26.2072720124573 25.2369079642472 5.65464242080986 0 0 0 0 0 0 0 0 0 0 0 0 0 0 0 0 0 0
12.2767858788366 2.79465134476945 0.773252739384216 12.4165820236487 16.3354251530309 12.6201374129998 16.8431639308024 13.0503030501937 27.1525814015931 41.3462957648744 24.1508684986222 30.9359686903592 33.2022970391999 31.9207165450344 32.0604149099464 38.4652708530979 37.3270207179256 30.3055412179495 34.2849421909836 36.6618044963388 24.012533131828 30.7874290125599 23.0731491661533 25.3193287176421 22.5887935424839 20.4444638056503 0 0 0 0 0 0 0 0 0 0 0 0 0 0 0 0 0 0 0 0
8.50673829942936 1.40267352415347 0.0694831196609333 8.15909838718079 11.0803063042345 7.02110570288337 19.5493199080552 10.5878772735723 23.8884431723354 32.2102126614468 20.6250298798384 28.1245518602338 29.8161566400725 29.2631184784268 31.0199517472928 32.6912083343094 27.1926506239969 26.8681647623172 26.9610932797451 30.0712821917326 16.6557011830654 26.015321747046 16.2512801547771 14.5143922432475 0 0 0 0 0 0 0 0 0 0 0 0 0 0 0 0 0 0 0 0 0 0
17.8924731457851 2.38728068486754 0.413142493339146 11.3440019087672 14.823044150668 12.7232326405776 23.8028758221757 16.9331846946333 29.5776812853909 43.4203023513404 28.7256340177672 38.0360072751237 41.5635268325188 42.7528087897737 42.7275112386505 38.3480016455093 39.8226268788353 38.2801831574713 39.8905407030641 37.353121346863 19.9086232342233 14.7505371395768 0 0 0 0 0 0 0 0 0 0 0 0 0 0 0 0 0 0 0 0 0 0 0 0
17.9295526853228 2.83513829941201 0.4897463508105 10.2516680294992 12.7289714074003 14.7792869353775 22.6295512487799 14.624252316523 27.7574592203103 42.4510074132092 26.9993593054902 37.2113114385061 45.0963400332743 41.5996725980864 36.1736589974762 38.0389770089694 41.2587229173594 36.4543270190743 25.6789137397772 8.26838896725829 0 0 0 0 0 0 0 0 0 0 0 0 0 0 0 0 0 0 0 0 0 0 0 0 0 0
20.323202211288 1.95794252260278 0.945006587625156 8.50456407812519 18.1269647273996 14.0716758085826 21.4998001537153 14.94006291763 27.7279233641566 41.3703497146861 27.4228837687986 40.2019937161648 43.414143319452 36.2552869321448 37.1804834962476 38.6318693346825 29.0806420086916 6.14888176243784 0 0 0 0 0 0 0 0 0 0 0 0 0 0 0 0 0 0 0 0 0 0 0 0 0 0 0 0
23.3929477453938 5.35658205325269 0.347462678041186 12.7922050060461 19.443067171717 13.9882988502923 21.0638540572623 17.4369698328736 30.5125979417993 43.3686636436363 34.0054839568209 41.0114247198756 41.4844339739867 37.2893564012415 29.3563725050527 8.51571118392701 0 0 0 0 0 0 0 0 0 0 0 0 0 0 0 0 0 0 0 0 0 0 0 0 0 0 0 0 0 0
18.3271533448779 2.12748517851072 1.23066757306602 11.9116080220471 15.60473697515 10.1129475721781 20.3895071443842 16.0522217937414 28.5908919556831 45.8611147258368 34.8261866911603 40.1931503877169 28.2430218626246 9.35313315734733 0 0 0 0 0 0 0 0 0 0 0 0 0 0 0 0 0 0 0 0 0 0 0 0 0 0 0 0 0 0 0 0
19.1587210806925 3.59353919753056 0.865063212022171 10.6243652936535 16.3712127129026 11.0053629543377 20.8062748848029 16.4866254699083 34.3222247554904 46.1263698338568 24.039960823382 7.37847445191288 0 0 0 0 0 0 0 0 0 0 0 0 0 0 0 0 0 0 0 0 0 0 0 0 0 0 0 0 0 0 0 0 0 0
21.8164581159268 2.64657552247407 0.21223389593326 8.15173816566169 12.0130419911003 8.32573582377769 16.2939520162634 16.5378583346663 27.4876773545244 9.97214557709647 0 0 0 0 0 0 0 0 0 0 0 0 0 0 0 0 0 0 0 0 0 0 0 0 0 0 0 0 0 0 0 0 0 0 0 0
25.9781150218745 4.19521608431673 0.762641938755899 10.5689152915544 16.1382395506068 14.3458806266867 18.6909560554145 8.57061812042615 0 0 0 0 0 0 0 0 0 0 0 0 0 0 0 0 0 0 0 0 0 0 0 0 0 0 0 0 0 0 0 0 0 0 0 0 0 0
20.7628726306376 4.62453403165901 0.959207284677204 11.081499092341 18.1981925213487 6.2045397776139 0 0 0 0 0 0 0 0 0 0 0 0 0 0 0 0 0 0 0 0 0 0 0 0 0 0 0 0 0 0 0 0 0 0 0 0 0 0 0 0
18.8043602456562 4.21137212110237 2.2170416862045 13.0351678426034 0 0 0 0 0 0 0 0 0 0 0 0 0 0 0 0 0 0 0 0 0 0 0 0 0 0 0 0 0 0 0 0 0 0 0 0 0 0 0 0 0 0
19.9098438648045 0.210794430478926 0 0 0 0 0 0 0 0 0 0 0 0 0 0 0 0 0 0 0 0 0 0 0 0 0 0 0 0 0 0 0 0 0 0 0 0 0 0 0 0 0 0 0 0
