0.76931226060101 0 0 0 0 0 0 0 0 0 0 0 0 0 0 0 0 0 0 0 0 0 0 0 0 0 0 0 0 0 0 0 0 0 0 0 0 0 0 0 0 0 0 0 0 0
3.92483243959483 5.96945331224761 0 0 0 0 0 0 0 0 0 0 0 0 0 0 0 0 0 0 0 0 0 0 0 0 0 0 0 0 0 0 0 0 0 0 0 0 0 0 0 0 0 0 0 0
7.58768623699043 14.2741554056603 6.36291041305124 0 0 0 0 0 0 0 0 0 0 0 0 0 0 0 0 0 0 0 0 0 0 0 0 0 0 0 0 0 0 0 0 0 0 0 0 0 0 0 0 0 0 0
11.1811288400165 17.3605409672751 18.9123863741348 20.8586863077529 0 0 0 0 0 0 0 0 0 0 0 0 0 0 0 0 0 0 0 0 0 0 0 0 0 0 0 0 0 0 0 0 0 0 0 0 0 0 0 0 0 0
8.44051913247546 14.517836557996 19.0174426792457 19.1195891992157 8.78755516606356 0 0 0 0 0 0 0 0 0 0 0 0 0 0 0 0 0 0 0 0 0 0 0 0 0 0 0 0 0 0 0 0 0 0 0 0 0 0 0 0 0
12.2345555881102 21.5597033900748 12.1969152149367 24.7450236812934 12.8717327122572 13.3588474012113 0 0 0 0 0 0 0 0 0 0 0 0 0 0 0 0 0 0 0 0 0 0 0 0 0 0 0 0 0 0 0 0 0 0 0 0 0 0 0 0
7.93126481928692 6.72844794728479 8.90033657015834 12.0739941449035 9.81990021777506 4.44367445233007 1.93441723345991 0 0 0 0 0 0 0 0 0 0 0 0 0 0 0 0 0 0 0 0 0 0 0 0 0 0 0 0 0 0 0 0 0 0 0 0 0 0 0
6.07470808231862 9.09402125940924 6.20556815946725 19.1728364118679 5.63487408913533 3.21207679189102 1.74081826460381 4.05732232397494 0 0 0 0 0 0 0 0 0 0 0 0 0 0 0 0 0 0 0 0 0 0 0 0 0 0 0 0 0 0 0 0 0 0 0 0 0 0
2.94815964478379 4.59034634114668 8.00725688745275 3.3954548224134 0.800587533019502 2.36449849924104 1.88631058585575 14.4384675256151 10.9604109784254 0 0 0 0 0 0 0 0 0 0 0 0 0 0 0 0 0 0 0 0 0 0 0 0 0 0 0 0 0 0 0 0 0 0 0 0 0
1.5500897434984 16.9223261626574 3.05775945892366 4.99890949596595 1.28157874395304 5.2582155519448 10.1268233817787 12.0840735420334 1.31883822429971 6.53411129918422 0 0 0 0 0 0 0 0 0 0 0 0 0 0 0 0 0 0 0 0 0 0 0 0 0 0 0 0 0 0 0 0 0 0 0 0
1.04512285866829 2.06747545551408 1.81924317455483 9.36453590086898 3.59245334522418 17.1343776595773 13.977034637242 0.493347068359112 0.308190713271119 1.56335710684432 12.4994572511946 0 0 0 0 0 0 0 0 0 0 0 0 0 0 0 0 0 0 0 0 0 0 0 0 0 0 0 0 0 0 0 0 0 0 0
3.58501460602637 4.31848916507157 4.28666612548205 3.63835262947888 7.73104997890187 13.355201306497 2.9258984076366 4.29778183061175 0.45084634047258 6.09618839749217 12.619528585552 5.13824563412722 0 0 0 0 0 0 0 0 0 0 0 0 0 0 0 0 0 0 0 0 0 0 0 0 0 0 0 0 0 0 0 0 0 0
0.865640288287669 5.21367916492222 2.10310967920149 6.99229976592138 0.196749988621613 0.477793886857618 2.56481882038797 3.48158004868221 19.4143507460048 3.58779809576672 4.95947767718155 1.86017750161078 2.82290993682799 0 0 0 0 0 0 0 0 0 0 0 0 0 0 0 0 0 0 0 0 0 0 0 0 0 0 0 0 0 0 0 0 0
0.020383454508692 1.36757065649567 3.2206442707707 2.15114806246831 1.1017149571388 1.22419871646105 0.0197189123405606 5.8322653443157 0.638098178664043 0.865767902678169 3.92291934848216 1.07036766768595 4.43011300315838 6.60246017169992 0 0 0 0 0 0 0 0 0 0 0 0 0 0 0 0 0 0 0 0 0 0 0 0 0 0 0 0 0 0 0 0
1.51580137976987 6.11522312852412 0.255936359018134 0.560228418405727 0.892996886616728 2.92351932554062 6.42072351578111 8.68174793341303 0.853633440155864 0.306445975573219 10.2373861298603 2.53276485220563 3.33979939667622 6.13938378811066 3.16553236685165 0 0 0 0 0 0 0 0 0 0 0 0 0 0 0 0 0 0 0 0 0 0 0 0 0 0 0 0 0 0 0
1.09434663507678 17.6727689754425 1.01413664007834 0.374809815827154 1.68741710039472 0.539171769946758 2.2568369878399 2.84905661055606 15.7267358633604 3.88075111504791 29.6037141065374 0.42125823145575 6.0690448268534 0.759817268654571 0.55815591185283 6.51225071939762 0 0 0 0 0 0 0 0 0 0 0 0 0 0 0 0 0 0 0 0 0 0 0 0 0 0 0 0 0 0
6.53787465662512 12.7605760335022 0.223995005718301 2.50686054733837 0.0574607466469499 13.8398896106381 3.07446562697566 11.3960662138737 0.558455030619318 10.2090027596777 5.53997445861649 0.944534256404642 1.02534763455706 1.14110495047543 1.56315532585999 6.81658841397715 3.04588053807934 0 0 0 0 0 0 0 0 0 0 0 0 0 0 0 0 0 0 0 0 0 0 0 0 0 0 0 0 0
1.11258543568375 4.68975501098884 0.642987503943098 2.94240364149828 0.745810555586729 2.1033981094779 3.28962839823059 3.47844000273795 15.2447877815175 5.40270556044358 14.6522237988578 3.68206257428485 0.131341424820866 1.42717547899212 1.66481785877416 1.65631918731852 5.71294716312802 11.1955485750555 0 0 0 0 0 0 0 0 0 0 0 0 0 0 0 0 0 0 0 0 0 0 0 0 0 0 0 0
20.0355971834117 12.9829736121339 1.86564474855243 7.51532424493479 19.0718091515582 20.9335145402933 3.70559112638527 11.3144649775507 2.30326027177718 8.96110563708208 13.0957064917658 20.2835191810858 5.03781372889731 3.89776365906837 4.86815891156501 7.00002180808879 4.0916825825717 2.97036602524105 6.00345026097317 0 0 0 0 0 0 0 0 0 0 0 0 0 0 0 0 0 0 0 0 0 0 0 0 0 0 0
0.0540408046936021 9.0032648615027 3.9186235407835 4.16596909554367 13.9800641842428 6.84431629551299 7.85562714949596 5.99312174878791 2.23194297540502 5.80227837779409 0.361940578152074 13.5367869583988 1.18173786166473 0.283694666985373 3.4338051694745 9.98851289746807 1.54419348377005 1.96469933293683 15.9555838013932 1.36817117520067 0 0 0 0 0 0 0 0 0 0 0 0 0 0 0 0 0 0 0 0 0 0 0 0 0 0
4.39567526915665 12.6115566348879 1.60891527938263 6.74954847428756 0.987801887243307 4.42992124388907 0.964178679172059 0.165561259534691 5.56499885409061 12.2143607733226 1.8987531371402 6.6262537171563 19.9400474563755 0.83208864622507 2.59379780881275 2.35140745050027 1.03128076479635 18.4786659194074 20.6960213690455 10.5290956423042 21.1573922894865 0 0 0 0 0 0 0 0 0 0 0 0 0 0 0 0 0 0 0 0 0 0 0 0 0
5.98229294715856 4.055249483147 6.74387130793113 0.330231886114644 19.3216467441895 2.40630432706433 3.09418508790937 8.98043202347139 1.22556857357638 0.971615209170033 9.63482384840985 4.92275968430723 12.2743395414819 0.545404167599833 16.1314742199214 3.94099226265036 9.76171469866553 5.09116738441334 3.67462639288029 14.8366495747469 1.03776193595613 6.13993094421278 0 0 0 0 0 0 0 0 0 0 0 0 0 0 0 0 0 0 0 0 0 0 0 0
12.0563009029368 22.4611966244563 2.8272755366881 3.23945017832987 0.0327816581986734 1.37001502769232 10.0498771962388 5.21819858137981 11.6037519145305 3.07426043555724 20.9211286790448 18.4778997706144 1.4611509563457 4.40898819146946 11.9071921741142 14.1233338093315 2.68155230442685 0.635169026365825 34.2971255753336 6.50548883663229 9.0609186658915 8.76404946478979 9.7934252476671 0 0 0 0 0 0 0 0 0 0 0 0 0 0 0 0 0 0 0 0 0 0 0
10.4954966920474 11.2868295419025 8.83913558175926 0.227577349428626 8.80298913971131 11.5975297021188 5.83837001874759 8.80453127054739 3.77903975232385 11.8627153176505 0.497267846718407 1.93402751471129 7.74674894626546 0.827412793812553 10.7575513196374 3.18216580441181 8.38815170045874 4.20579220676997 7.80057149956632 8.86113106382129 5.67417862187937 7.49491463754027 0.327583904633494 5.94090969534708 0 0 0 0 0 0 0 0 0 0 0 0 0 0 0 0 0 0 0 0 0 0
3.65628031115354 19.0938646783414 0.82159600770173 1.69707813627534 8.71628956421024 10.4085190888558 12.1074145102442 1.23288246996416 11.9387813022883 6.66456387684419 8.10757270513304 3.1801730407268 10.7197772852452 0.901284701983198 5.37038097651885 11.9000416281147 15.2173044728709 15.0743621904637 12.5905187021817 1.05553670365512 9.04155411937727 0.351007985706941 18.2950056645425 13.5556222119042 4.81581654454216 0 0 0 0 0 0 0 0 0 0 0 0 0 0 0 0 0 0 0 0 0
0.241091368944638 1.00939343249597 4.884895534628 1.30036269596859 5.20905039749931 8.77088992750897 1.63314846991371 2.57824436841356 5.2636822055431 6.79862314566078 5.92124000700932 3.86574446856513 9.04031183183947 1.44898870830711 5.31555452360436 14.4470851557705 2.37883429939572 15.9938955271175 1.62443138509836 3.95336090342193 0.0535553742051085 12.1409903728318 7.61664943178314 7.63600413332439 1.45538104258637 4.8423936679032 0 0 0 0 0 0 0 0 0 0 0 0 0 0 0 0 0 0 0 0
0.984994224008239 11.4596370981542 6.73365487102022 2.75375554509779 19.5947053130043 5.24482131586599 2.27837285992562 7.73570709691035 14.5387048598384 0.175505687354771 0.901108493720491 13.7415121569866 8.16368352169986 4.96180874956593 9.49856940654463 17.528915270875 13.8603258951809 2.7298230692024 2.1377748082025 4.26109125506546 12.4537109802289 4.07147264325306 17.3595913420128 4.83045129193428 13.6144845096988 0.838688500903662 2.6395777066943 0 0 0 0 0 0 0 0 0 0 0 0 0 0 0 0 0 0 0
11.3004422402496 15.3874448278739 2.62791750967684 0.932490144941849 5.15048907866113 6.01368701415439 8.41248752117259 0.486616086397769 3.92426384328066 7.08550249076726 16.6550032252658 0.69809572160413 3.95129053649538 0.468314052779064 0.558865456941276 17.5111295175637 6.27064553417339 4.53719520996758 0.991240135841419 8.03989333363007 0.110488850945727 4.53825235327237 10.8412482042994 2.88428109404407 8.35825150276492 4.259081339595 3.2603270976604 9.14290132039106 0 0 0 0 0 0 0 0 0 0 0 0 0 0 0 0 0 0
0.32997290005738 25.8576250871413 2.37713641998216 3.39322843916242 9.90201344942695 7.36623270030229 3.56414465861323 0.219832685863494 4.65315569891101 2.92469903614238 5.51975456939648 11.0910620689342 6.64870359668887 1.01352032432592 1.53576307521579 0.163667165141336 2.54625419726877 4.90449057954355 6.32282859851049 3.37400981496109 6.37017360167379 3.54864285145186 15.8588318141654 14.8684319826162 8.45770623158285 2.46067315842053 1.98362953354786 5.73604803800727 1.14946003978801 0 0 0 0 0 0 0 0 0 0 0 0 0 0 0 0 0
18.6268403715838 5.73392813518733 7.27322379228823 8.15586705476802 24.0468727236513 4.45064007280786 1.29077792133916 3.79504754249496 19.9943687624625 6.2380596400153 2.94672041656367 24.8113524178545 0.0979159746977161 0.129040069138038 7.49387008940643 2.04371459426216 1.21925658438275 3.40692079743748 11.9834312345525 16.4785057432334 1.67752297727899 1.58319914478725 18.7174078408171 14.7964265168049 1.39820577779192 0.103836457645593 1.30505970324543 0.0705351869178642 26.6702651930317 10.7537266168728 0 0 0 0 0 0 0 0 0 0 0 0 0 0 0 0
15.466940732588 15.6163148991942 6.81008019002706 5.93901956543103 0.502255024343614 0.207312490682874 5.33360094825297 1.47894287092596 4.82326640678369 17.7052902309732 15.3068799749694 9.53477455348129 1.70080589673637 0.283563930243374 6.67353298087933 2.33688412682631 4.27414806128889 2.38071702673381 20.5178162143271 1.81899169779695 23.2188514625871 8.17815174338575 17.1387800037341 7.78180560573998 0.591759342461161 7.3193668433691 3.75566929394615 25.0289496701261 1.6189983712003 8.58936590119505 6.03791812578457 0 0 0 0 0 0 0 0 0 0 0 0 0 0 0
6.50649503057388 1.25525398557655 2.05487623329234 1.90008311783519 2.02035948346634 2.27985277218804 1.12067870243573 0.309518506352249 8.39059926919894 6.23355985697129 4.2973787630807 7.32570654611362 3.59398230282367 0.2906905135 7.40431345313038 3.67530209929948 2.94886825586447 2.59414910298879 7.10172236673326 6.97123190295182 9.04718798695717 1.47804674265495 7.08107373288516 4.94538470575745 3.76963451794283 4.83644212300423 6.55505692700828 6.29080676776988 2.72916394094283 0.0748043937555204 0 0 0 0 0 0 0 0 0 0 0 0 0 0 0 0
2.48442870309801 24.0841249433308 1.44069747065511 2.87074438433825 10.719114957437 5.09037226377285 2.25400239560191 6.84030869179325 7.85672346239418 6.40648658548557 7.68482013174199 13.0023032186421 6.04675456115171 2.31656250268415 12.0324274548776 8.09143185723974 6.76921594738814 6.58226593011457 21.3435956673568 20.1742128345836 29.7854832676968 11.9892277854889 24.895427781593 5.05063033167708 4.12978331510507 17.6095319265374 0.651622861951798 0.0803077738498661 0 0 0 0 0 0 0 0 0 0 0 0 0 0 0 0 0 0
16.6501318272347 0.514058670832667 1.8258940080795 13.8851194420973 3.80544178647485 2.08158765634179 5.04363352716267 7.14201437373309 1.53793911225278 11.2644361457754 2.11837489195304 4.81338991687107 4.12708182937196 1.58212878022275 4.96703818848079 14.1172061717479 11.8351517050346 15.7404230162632 18.7026156880011 7.4840699716474 22.8666358777697 3.06156979880695 1.89887627074477 0.427912999890039 22.0416527733232 0.236216246497555 0 0 0 0 0 0 0 0 0 0 0 0 0 0 0 0 0 0 0 0
0.756556605046562 9.49798748372043 11.2456473123204 2.63235838555564 9.14972326734835 5.79409974245264 10.9361137813651 9.39171204402427 7.782628704712 7.41029461945942 31.5010669402104 0.230581755769859 6.95163645965502 1.12799117999218 12.7616402092325 0.151568559022281 9.06098399890133 0.612962310304276 6.76803762511855 6.14263221071859 7.71634883178009 8.99623786716429 4.12195163566589 25.9231058023663 0 0 0 0 0 0 0 0 0 0 0 0 0 0 0 0 0 0 0 0 0 0
1.63372494534231 10.4370269829091 2.5969518757953 0.114914212743186 2.0430638621359 1.65353791868154 3.2893076455282 0.257441077670903 2.8160337953562 3.84478020163141 5.70717892610963 3.02720597816881 1.02552686920355 0.896211843600854 0.839179609014412 2.46182251616435 2.52281886818818 2.40454250828979 10.8669498415422 7.97269937312237 8.79901892039153 1.90262545158554 0 0 0 0 0 0 0 0 0 0 0 0 0 0 0 0 0 0 0 0 0 0 0 0
1.32727841567688 10.5146223912314 4.56337521157341 0.555448396419204 7.28489488207778 0.171125022963833 10.7872597665317 9.66716457659725 15.105379053039 5.1781388597617 32.2033668869618 3.69694416290053 11.525796103107 7.37463173136776 14.38136169046 6.98057309228292 7.66336705114752 5.21322684521905 12.142157940182 5.77800928932972 0 0 0 0 0 0 0 0 0 0 0 0 0 0 0 0 0 0 0 0 0 0 0 0 0 0
0.788966337893903 10.3211145810445 3.99795992898778 2.5094333241643 0.565700716495319 8.77155031716452 9.61089393629869 3.6445635015192 3.70365661388987 10.6026621598317 11.198470479823 3.42561236623785 3.70782920157828 2.91219421322635 1.60910847703153 0.152090630822196 3.9643984140732 0.488626897188886 0 0 0 0 0 0 0 0 0 0 0 0 0 0 0 0 0 0 0 0 0 0 0 0 0 0 0 0
4.46017326598716 6.17897087471192 5.66512654743653 1.06944203971171 10.0951598762447 14.1855463929825 4.92803302559179 3.94147289411803 16.7284790931558 13.6248994095584 6.68466548060708 4.83525411258524 13.4976828551355 2.94357307658598 7.90083449275336 2.71756308746358 0 0 0 0 0 0 0 0 0 0 0 0 0 0 0 0 0 0 0 0 0 0 0 0 0 0 0 0 0 0
9.20582240473694 28.5775996298128 1.00672613371384 8.09686035887069 5.78861272720175 10.3019482991426 0.377093935695765 3.40001439923654 10.6557932459034 9.40725647052559 1.53737583522303 9.54600340619524 5.31804492391027 0.62294364373602 0 0 0 0 0 0 0 0 0 0 0 0 0 0 0 0 0 0 0 0 0 0 0 0 0 0 0 0 0 0 0 0
6.28776960831592 9.38106409205897 10.3606775688077 18.5920383098281 17.2407736855306 1.00206016553876 10.5020026025255 10.8146743869664 18.4559886895781 6.89878404093931 0.354426176037732 5.59724055652475 0 0 0 0 0 0 0 0 0 0 0 0 0 0 0 0 0 0 0 0 0 0 0 0 0 0 0 0 0 0 0 0 0 0
4.22091569403663 23.9251730133275 10.4552120195919 17.729687765641 1.70995307642787 12.3261094640781 18.5500273541229 19.524739545623 2.91152583643678 13.8980866758904 0 0 0 0 0 0 0 0 0 0 0 0 0 0 0 0 0 0 0 0 0 0 0 0 0 0 0 0 0 0 0 0 0 0 0 0
4.49059589521679 7.66654062447421 3.42891406855283 2.57939229341338 9.15085670393963 13.4981425496671 7.43252298619268 1.03980175928838 0 0 0 0 0 0 0 0 0 0 0 0 0 0 0 0 0 0 0 0 0 0 0 0 0 0 0 0 0 0 0 0 0 0 0 0 0 0
10.384177209302 13.157109688002 6.98143238054555 28.200228279494 26.1490006730666 16.5884745598995 0 0 0 0 0 0 0 0 0 0 0 0 0 0 0 0 0 0 0 0 0 0 0 0 0 0 0 0 0 0 0 0 0 0 0 0 0 0 0 0
2.12260623367795 5.1980087612504 12.9111253775448 7.71210015681745 0 0 0 0 0 0 0 0 0 0 0 0 0 0 0 0 0 0 0 0 0 0 0 0 0 0 0 0 0 0 0 0 0 0 0 0 0 0 0 0 0 0
0.729381345615585 14.2412694035503 0 0 0 0 0 0 0 0 0 0 0 0 0 0 0 0 0 0 0 0 0 0 0 0 0 0 0 0 0 0 0 0 0 0 0 0 0 0 0 0 0 0 0 0
