20.6384258570559 0 0 0 0 0 0 0 0 0 0 0 0 0 0 0 0 0 0 0 0 0 0 0 0 0 0 0 0 0 0 0 0 0 0 0 0 0 0 0 0 0 0 0 0 0
16.1320742356919 5.4045525166928 0 0 0 0 0 0 0 0 0 0 0 0 0 0 0 0 0 0 0 0 0 0 0 0 0 0 0 0 0 0 0 0 0 0 0 0 0 0 0 0 0 0 0 0
1.38232268807506 0.742603611363357 1.52744419971182 0 0 0 0 0 0 0 0 0 0 0 0 0 0 0 0 0 0 0 0 0 0 0 0 0 0 0 0 0 0 0 0 0 0 0 0 0 0 0 0 0 0 0
0.465302543113498 2.30782146611853 4.2797423459468 1.41739578168022 0 0 0 0 0 0 0 0 0 0 0 0 0 0 0 0 0 0 0 0 0 0 0 0 0 0 0 0 0 0 0 0 0 0 0 0 0 0 0 0 0 0
2.07087514144111 3.19145969265581 4.44370659457403 4.89705821320448 0.729393460808873 0 0 0 0 0 0 0 0 0 0 0 0 0 0 0 0 0 0 0 0 0 0 0 0 0 0 0 0 0 0 0 0 0 0 0 0 0 0 0 0 0
4.24816379725165 23.0861979652626 1.6293397879851 2.54293211445109 1.179834972383 13.129186487834 0 0 0 0 0 0 0 0 0 0 0 0 0 0 0 0 0 0 0 0 0 0 0 0 0 0 0 0 0 0 0 0 0 0 0 0 0 0 0 0
15.5809179094634 0.35491220011222 0.0529953772234151 0.54373345924045 5.25019654095617 1.58323005025035 0.96955876970231 0 0 0 0 0 0 0 0 0 0 0 0 0 0 0 0 0 0 0 0 0 0 0 0 0 0 0 0 0 0 0 0 0 0 0 0 0 0 0
0.775021146412618 0.582927393686837 1.88528380381716 3.74665520651514 3.59688477469416 4.97757115941461 7.19105060501035 11.8784257595953 0 0 0 0 0 0 0 0 0 0 0 0 0 0 0 0 0 0 0 0 0 0 0 0 0 0 0 0 0 0 0 0 0 0 0 0 0 0
8.00142625094449 3.19619399863713 8.7199872508048 3.39687539372508 1.34682833764161 4.44799998805463 1.33616898780397 0.13579958566457 10.2226133437979 0 0 0 0 0 0 0 0 0 0 0 0 0 0 0 0 0 0 0 0 0 0 0 0 0 0 0 0 0 0 0 0 0 0 0 0 0
0.695876030834519 19.5833959382818 4.31875537619344 0.223185028315375 1.67005690124376 7.79645006307235 0.168958150197259 2.85415434702608 3.68437022418954 9.85831423418055 0 0 0 0 0 0 0 0 0 0 0 0 0 0 0 0 0 0 0 0 0 0 0 0 0 0 0 0 0 0 0 0 0 0 0 0
0.815171125176867 0.235531928431838 2.61073345548603 9.10351274523278 1.45393707472762 17.2775714359101 3.52726523760396 2.4782938177299 10.0899547936647 5.74891799783746 3.30957062826724 0 0 0 0 0 0 0 0 0 0 0 0 0 0 0 0 0 0 0 0 0 0 0 0 0 0 0 0 0 0 0 0 0 0 0
0.19893767658234 4.89859355653609 8.55260218990514 2.59794405931598 2.75092949682898 0.528998349331295 1.36392364464855 1.3717045814343 3.95805400799768 1.09361051198028 8.66362856063529 0.906344733729254 0 0 0 0 0 0 0 0 0 0 0 0 0 0 0 0 0 0 0 0 0 0 0 0 0 0 0 0 0 0 0 0 0 0
3.13535259414062 1.19739738073937 1.01446742145907 2.78784642226055 5.64199868729263 6.5483573963014 0.0945895371852172 2.44167683818943 2.01857937850529 1.25554373581405 3.5260702983578 1.09290873705274 4.23092772508874 0 0 0 0 0 0 0 0 0 0 0 0 0 0 0 0 0 0 0 0 0 0 0 0 0 0 0 0 0 0 0 0 0
2.40605855467161 0.28145129332287 4.16460201553621 3.3883606957484 1.28391237936606 5.966791589149 0.0782321048381789 6.36489316180391 0.354654357236052 2.61265036020267 1.64305627490075 0.133378784265251 0.0245006889824229 0.637837193499247 0 0 0 0 0 0 0 0 0 0 0 0 0 0 0 0 0 0 0 0 0 0 0 0 0 0 0 0 0 0 0 0
8.60953244557879 1.22223659306009 7.90368880727745 0.689331919769575 5.06015831574489 2.74738121956655 1.89506100250011 7.38866031515787 6.71690791093318 7.21711770498608 1.23053794223321 6.48819469891282 3.23770350072116 2.15418828263165 5.77159184366513 0 0 0 0 0 0 0 0 0 0 0 0 0 0 0 0 0 0 0 0 0 0 0 0 0 0 0 0 0 0 0
3.99692300240227 16.5211967473855 4.33766828572014 7.57706966124511 2.05796978298246 8.95137787683601 9.93192650074275 21.113274982706 4.5456945051669 6.95902319873606 1.58308972908632 2.2305454175941 2.18219067927076 2.30347900371554 7.95027100649801 0.979088071101602 0 0 0 0 0 0 0 0 0 0 0 0 0 0 0 0 0 0 0 0 0 0 0 0 0 0 0 0 0 0
29.3839589562058 16.0454050337746 12.0525803870393 5.37733298137647 11.6044096631358 11.4133208966514 8.65530575097341 16.3285139284095 5.98031270099523 4.1686343675117 9.61468467244424 3.0064430493617 7.53517535556268 7.06738478726893 5.34630155974329 17.2719951031597 2.44777880484545 0 0 0 0 0 0 0 0 0 0 0 0 0 0 0 0 0 0 0 0 0 0 0 0 0 0 0 0 0
0.0794191949554945 31.128590028569 3.04374222365669 7.20095749022258 1.40495993568733 14.8040667035836 5.79014749125428 13.7050379238167 1.38413639488155 12.4311016172524 9.50250824479984 1.5949024044527 7.43729012231826 1.18671234191617 1.25192005539164 9.92034413849889 11.5990610750691 16.1795278584474 0 0 0 0 0 0 0 0 0 0 0 0 0 0 0 0 0 0 0 0 0 0 0 0 0 0 0 0
26.2458219191692 8.65131422483902 11.0629253597942 0.464314311286838 20.0533153688287 14.8793263700169 4.68768374317416 9.62347230855331 0.244364969642829 17.9279194773755 10.9021138638327 0.569352580481515 4.60039836542492 4.56596760996364 12.6701695282274 26.2633189846422 9.2890480162664 9.96960934995332 1.32528317182769 0 0 0 0 0 0 0 0 0 0 0 0 0 0 0 0 0 0 0 0 0 0 0 0 0 0 0
0.885769926494726 42.2516661542783 2.41876693001783 2.18219489008307 10.1914056899917 16.9018275118197 4.86996232284712 11.6028926737517 21.0013988793301 19.6766848242023 10.3302697788205 4.05727922812461 5.36793115482421 5.28793862786537 11.2394531877499 2.99538870431799 14.3700162783247 26.0270577949302 37.7726794317 12.8095608465446 0 0 0 0 0 0 0 0 0 0 0 0 0 0 0 0 0 0 0 0 0 0 0 0 0 0
19.2793170613687 12.968347453082 8.19080927265702 2.7991277967278 5.25408670209989 32.4675690596374 3.30469814475455 3.28095193446587 6.03083685138542 30.7307848533405 0.159973543837365 9.98363549378267 3.69883920468318 12.5260911789618 0.132165895999318 11.9521537853483 11.2241219393114 28.3816525070364 24.8042549289294 22.2411395283853 15.0229061772142 0 0 0 0 0 0 0 0 0 0 0 0 0 0 0 0 0 0 0 0 0 0 0 0 0
25.8239028902898 29.0978025242515 4.05197582771286 2.44465443919709 15.3940812051333 12.6752969342959 1.21124722875401 9.16044252145529 20.924216997294 6.9199840749485 15.5515368397793 7.39857108954641 7.94531030868839 1.55819434224943 0.823043969802277 3.68864097430713 2.62040644228505 5.14859775889951 12.4194542583399 21.5936043591572 0.138611302036284 6.94281182827136 0 0 0 0 0 0 0 0 0 0 0 0 0 0 0 0 0 0 0 0 0 0 0 0
38.4152001600117 13.7269123759585 1.04679220339363 2.46084555470789 3.74469442062426 25.0420687443286 6.80530873868336 15.7552192275996 7.64299169472645 0.436832977618357 6.37168906331718 0.732400911906445 2.18982498939317 9.10488715627968 2.55230516349947 1.59231769798437 19.3413990680029 13.6234126114419 34.8033319049954 8.86013133099191 5.83853440203993 17.6659885018185 12.5737013609774 0 0 0 0 0 0 0 0 0 0 0 0 0 0 0 0 0 0 0 0 0 0 0
22.7245167797336 13.0581250295073 6.7536626952358 1.22352045621209 7.31639381542417 6.58590018357472 6.1945036828202 10.7616506711359 0.379340420508308 22.9887621190031 9.71173318575677 5.14098441303137 1.93955273870684 3.3146419046294 12.786832310557 4.65469330633242 20.0777561135611 3.17133751395706 10.5602019594382 23.4856675671598 21.7865804374394 14.5421850361855 1.63543570393454 6.6947203390381 0 0 0 0 0 0 0 0 0 0 0 0 0 0 0 0 0 0 0 0 0 0
20.6104342744495 38.483722163808 1.04025796762835 5.98591635410921 6.52338440222154 44.4353973940984 2.52990476693953 8.29670862890444 23.5368879329583 9.38644301721966 9.15553181542386 5.18365638415554 2.51260703315988 8.61379629373333 0.393399187458855 17.7096966831174 26.4411445558199 18.1725861553671 28.8309888041542 9.5592213264274 12.6815682452652 2.64504173080849 2.32851533448145 35.728723032038 18.3378843821717 0 0 0 0 0 0 0 0 0 0 0 0 0 0 0 0 0 0 0 0 0
15.3726298036788 7.0020886493896 0.4694280195167 0.0602079355707783 9.03371947153617 6.12376195827807 5.72886540409714 8.77805242710274 5.75031542243768 4.84158607758436 0.135438760185462 0.966870006579583 4.0604113106687 1.15437380101375 9.50267876185843 19.7114669424212 3.88492658311178 3.94131270436166 11.387419783581 5.4376859698409 1.0198930107601 7.63178656116976 14.6628722300743 15.0528856509654 9.54600653467203 12.5691346709061 0 0 0 0 0 0 0 0 0 0 0 0 0 0 0 0 0 0 0 0
5.53716683008368 18.9795656577553 5.52531270089342 5.09271815826719 7.06070086147175 4.72987304584032 4.90202040029736 11.7336646354808 8.53373512104176 13.5724248088291 3.48225713098066 0.682646597544015 1.14472907269781 1.48421690208516 12.6336796380956 10.7917804076971 23.8600168228128 2.46459949094436 0.916197569374386 11.2796944737903 12.6730134291364 17.0862842226642 26.3842977116885 2.97239359945812 37.928875080622 11.3703322771734 7.28306332168628 0 0 0 0 0 0 0 0 0 0 0 0 0 0 0 0 0 0 0
29.4614891782778 1.54668872304432 12.9095389314239 2.45928853506349 6.65179286527751 6.64209622869242 5.13484658916524 0.439262382556332 16.3541708046738 19.0879145839415 7.96755839722198 4.42251295941364 6.70162416631383 3.27629230380419 4.33662963410634 7.15270536390859 19.749093640355 3.00611550152742 3.90010448253997 14.1444881103097 6.43652271168607 8.2024069744291 18.6931076367881 20.8283918112334 24.4951788458209 1.67129712287479 17.9904728804977 11.3165607072661 0 0 0 0 0 0 0 0 0 0 0 0 0 0 0 0 0 0
4.09769920106082 54.8504599611008 6.17517829510105 1.05298773145632 12.5299342294063 44.1423228577297 0.832440585628781 1.52839958129371 24.6308716612719 30.0151547394962 17.5220096729202 2.95115592155103 12.9083251411779 2.41259755780539 8.90677923587241 20.8188622398069 12.0231129260284 10.305135427223 7.83381893944752 23.7105556353173 23.6571869267528 14.152875202962 16.6384887213703 23.818524665605 18.9282938509106 3.23941453498897 3.7305438105865 14.1247807444529 6.2802901067474 0 0 0 0 0 0 0 0 0 0 0 0 0 0 0 0 0
29.9915169780701 7.43752189202024 2.90450145940234 7.52756574017532 24.4712892218554 9.0674625573427 0.859541350061447 9.10690722198187 29.5164698578583 16.3934920570787 1.66187739233863 7.28824843585573 3.45842711729947 2.40139989377254 19.5356037133202 17.0849648361476 2.55983825478849 20.6213223911664 14.211699182164 18.8939207832938 13.430875839301 10.158323789069 23.2872328993691 9.22272596807573 29.9954975966583 3.16603189847716 6.45660949578563 1.78768790679258 39.1883934414545 14.0512610005751 0 0 0 0 0 0 0 0 0 0 0 0 0 0 0 0
20.4021653202944 7.40361691617139 8.03443138593802 0.889165922795179 0.426586590199867 4.64796924767045 2.20293799560499 6.91986873735372 14.0590140441212 19.0887544911721 16.5897921923279 4.88286424806356 6.02359061637701 0.53930103845018 4.09009953255576 0.289060754530369 11.9480105226398 9.95996284884293 15.363510347502 0.81595552655714 21.529354890071 20.3717929562154 14.44635757198 13.8950916077514 1.58834472973299 2.78788525272972 8.25960650954488 41.9438154118922 2.04365391800121 12.4439611776327 3.26600466710524 0 0 0 0 0 0 0 0 0 0 0 0 0 0 0
25.8255344267105 11.7163550816174 7.16318252071147 0.615349375941701 0.421733945028487 3.68032333773711 6.19962146464984 0.145477285925231 9.28129093072492 7.26035972968139 6.13925765220362 8.66630055442668 14.1271022216995 0.107872939291744 4.49989255140721 10.0792068861568 13.7856571533255 13.7799931707345 17.5467597529633 20.9069028317619 15.6777049641872 0.926349032828015 18.9901062394818 4.9147201879488 0.24157763518343 8.176363504505 23.7600611432923 13.4906157243075 12.5287832340401 0.727711976727529 0 0 0 0 0 0 0 0 0 0 0 0 0 0 0 0
9.16741547614979 54.3211637010985 3.23236369190276 8.01991084145007 1.81942728055326 20.1060823297047 0.0901458245112623 17.8887349435292 9.81564174608914 15.0178822973836 1.16036472850293 5.90368055968159 5.08258140526571 3.96017078739721 6.76576187159133 11.4523010095155 25.3237857569874 0.337640066040308 17.8117558290046 20.8498840489512 21.953488440577 23.8044032860772 21.8873894750687 5.92883714704127 3.35855305559023 18.9589343046495 4.00996064756332 5.78797850790484 0 0 0 0 0 0 0 0 0 0 0 0 0 0 0 0 0 0
25.5949971583662 9.58507215961009 1.90775176602147 4.46897515827231 3.28062083084971 6.62803696466571 10.2001573603894 20.6248925515312 4.07854984840959 16.0999519058419 0.389169537863983 0.676151330090693 5.00603992015934 2.13931756131988 15.7627149002956 7.91340231133757 17.1665353418786 15.1277901870347 21.1559947869754 8.43270147036945 20.1983721871098 7.26495614834662 8.22560680897202 0.375490378590139 17.3171792129687 0.176420017115696 0 0 0 0 0 0 0 0 0 0 0 0 0 0 0 0 0 0 0 0
0.330070200111543 10.6573320351712 11.3748093934534 1.71127412026539 4.73817772688973 14.4072106232074 5.84534727774185 16.6115103295857 6.89994255378908 1.41073718105584 19.3260381474088 1.5341864897272 0.968682452815846 0.531826258089254 11.2736995152094 2.88093266150523 19.6470502186951 0.959134248022084 16.0948906183196 10.0674887742291 11.145623476596 1.67575761592671 8.38496958894358 29.9940368797133 0 0 0 0 0 0 0 0 0 0 0 0 0 0 0 0 0 0 0 0 0 0
8.46669751196567 17.9686028612205 9.9797639279011 8.64532363984264 9.97364231308983 13.3962636039482 2.77755094892113 1.50250102581936 0.552312662030783 17.267585042694 5.51921407514818 4.10133501191339 5.08470559780415 7.94342416602224 0.532977368057667 10.7084081731248 13.951154684341 23.859602565916 26.3328723042018 14.1798687261789 19.8550023353835 1.13461467290852 0 0 0 0 0 0 0 0 0 0 0 0 0 0 0 0 0 0 0 0 0 0 0 0
4.64910883695356 28.9114696523642 9.66054178899338 2.96433269661384 9.21002715575434 3.24866648202347 4.99680346561595 7.23727565279186 16.1071903801521 7.97318649552092 17.7086595675971 3.79603781840234 1.68456144856953 0.98500253326347 7.71853478069999 13.1227756980386 26.9766948211962 12.9618199727638 8.73067517845003 16.3795246508109 0 0 0 0 0 0 0 0 0 0 0 0 0 0 0 0 0 0 0 0 0 0 0 0 0 0
10.5523548193276 24.6435336981416 5.06008498742599 0.192694738644511 2.73461373026648 16.1212949073179 5.69247327263349 1.26969709101478 4.81942957175047 18.6598693634777 2.3272411144977 0.20689729104259 8.5244495131836 1.0356036651878 8.35275370458729 5.76783412717694 23.0975363856478 2.43824987737727 0 0 0 0 0 0 0 0 0 0 0 0 0 0 0 0 0 0 0 0 0 0 0 0 0 0 0 0
13.1187174702676 3.53279204355839 2.20777675339589 0.428163019370735 1.7085510188107 4.24259620682993 1.29827943360662 1.98900047029292 17.0414816760007 10.0164553649843 9.09368748611594 0.477204100532664 0.0909505104871068 1.18549312616373 2.6826156766547 0.375889579471507 0 0 0 0 0 0 0 0 0 0 0 0 0 0 0 0 0 0 0 0 0 0 0 0 0 0 0 0 0 0
23.47276130502 25.2978802815773 1.36125249856931 2.49940017358739 7.76336954764103 8.46662158004567 0.855573767423966 5.08216544805465 17.862122262025 1.87865193279235 9.63456362296158 2.83943756510923 3.46758337681776 2.5547415015389 0 0 0 0 0 0 0 0 0 0 0 0 0 0 0 0 0 0 0 0 0 0 0 0 0 0 0 0 0 0 0 0
37.593222233688 12.3147777337989 1.59911666905665 5.15514551667298 11.3569643578973 8.6779735250595 9.89276739898813 22.0259767195725 11.0749106208218 5.11335407569727 3.66839550163022 5.07675787999387 0 0 0 0 0 0 0 0 0 0 0 0 0 0 0 0 0 0 0 0 0 0 0 0 0 0 0 0 0 0 0 0 0 0
14.6934693161806 29.6121556299899 6.41779474359598 3.91806288998177 0.74146687006415 10.1096318419959 19.3067762402077 23.9999192180302 0.233742942052165 22.0905938201661 0 0 0 0 0 0 0 0 0 0 0 0 0 0 0 0 0 0 0 0 0 0 0 0 0 0 0 0 0 0 0 0 0 0 0 0
10.6496558771965 18.1871826306561 6.76943471483101 0.230926939285661 1.92479041964729 12.0592450121899 5.9627671043291 1.35220968409328 0 0 0 0 0 0 0 0 0 0 0 0 0 0 0 0 0 0 0 0 0 0 0 0 0 0 0 0 0 0 0 0 0 0 0 0 0 0
25.6225623304196 7.81488882095495 1.55010059123645 4.08007537384881 14.1979940392494 4.18739929075347 0 0 0 0 0 0 0 0 0 0 0 0 0 0 0 0 0 0 0 0 0 0 0 0 0 0 0 0 0 0 0 0 0 0 0 0 0 0 0 0
1.06932111709451 3.10115891289413 9.31471202257121 5.1367482127968 0 0 0 0 0 0 0 0 0 0 0 0 0 0 0 0 0 0 0 0 0 0 0 0 0 0 0 0 0 0 0 0 0 0 0 0 0 0 0 0 0 0
2.2840545092743 24.9520426616834 0 0 0 0 0 0 0 0 0 0 0 0 0 0 0 0 0 0 0 0 0 0 0 0 0 0 0 0 0 0 0 0 0 0 0 0 0 0 0 0 0 0 0 0
