9.71828659321116 0 0 0 0 0 0 0 0 0 0 0 0 0 0 0 0 0 0 0 0 0 0 0 0 0 0 0 0 0 0 0 0 0 0 0 0 0 0 0 0 0 0 0 0 0
12.1316222543578 5.19964494782235 0 0 0 0 0 0 0 0 0 0 0 0 0 0 0 0 0 0 0 0 0 0 0 0 0 0 0 0 0 0 0 0 0 0 0 0 0 0 0 0 0 0 0 0
0.953670083720602 0.958794896031386 1.09849230758214 0 0 0 0 0 0 0 0 0 0 0 0 0 0 0 0 0 0 0 0 0 0 0 0 0 0 0 0 0 0 0 0 0 0 0 0 0 0 0 0 0 0 0
2.20179300435225 7.99030286647923 7.37777147835693 12.831725718007 0 0 0 0 0 0 0 0 0 0 0 0 0 0 0 0 0 0 0 0 0 0 0 0 0 0 0 0 0 0 0 0 0 0 0 0 0 0 0 0 0 0
3.72641277625383 8.70149099637122 5.73958926008196 20.5447426226032 19.04057302747 0 0 0 0 0 0 0 0 0 0 0 0 0 0 0 0 0 0 0 0 0 0 0 0 0 0 0 0 0 0 0 0 0 0 0 0 0 0 0 0 0
7.02017616509395 10.0071040062228 6.52410426253512 22.5009528184895 33.4032669734749 18.0403374141335 0 0 0 0 0 0 0 0 0 0 0 0 0 0 0 0 0 0 0 0 0 0 0 0 0 0 0 0 0 0 0 0 0 0 0 0 0 0 0 0
6.28465921706328 8.13542675882983 6.92168848080369 25.435004797334 31.4892463622236 33.0977667145756 25.1332522369297 0 0 0 0 0 0 0 0 0 0 0 0 0 0 0 0 0 0 0 0 0 0 0 0 0 0 0 0 0 0 0 0 0 0 0 0 0 0 0
8.30266593053055 7.12471005212978 6.11506259832658 15.0056208458425 29.8164534515789 32.8277725042077 36.1685377699403 21.3594252579895 0 0 0 0 0 0 0 0 0 0 0 0 0 0 0 0 0 0 0 0 0 0 0 0 0 0 0 0 0 0 0 0 0 0 0 0 0 0
9.2619357028433 7.02983807945437 6.68129655015822 25.8018231241442 37.4676279763394 36.3219529085944 42.1132865909677 39.2076697795741 28.0234611608934 0 0 0 0 0 0 0 0 0 0 0 0 0 0 0 0 0 0 0 0 0 0 0 0 0 0 0 0 0 0 0 0 0 0 0 0 0
8.73002963778437 6.42563753393987 6.2695194790014 28.4798423100505 43.0565011034301 43.5512584150369 50.1169450796705 43.3928036818881 42.5772572956469 23.8955896372026 0 0 0 0 0 0 0 0 0 0 0 0 0 0 0 0 0 0 0 0 0 0 0 0 0 0 0 0 0 0 0 0 0 0 0 0
5.44461717160076 5.33373415179928 4.89054814945502 19.9447459417002 28.667598363224 31.5727813820075 36.1462483425289 28.1975521293709 26.550963272129 27.3828313726923 10.4941966392573 0 0 0 0 0 0 0 0 0 0 0 0 0 0 0 0 0 0 0 0 0 0 0 0 0 0 0 0 0 0 0 0 0 0 0
4.21448192711726 6.02616116764855 5.60883161692045 18.448361967246 35.6332648715556 31.1331707272016 37.5879683486187 25.4186473394626 26.2550735765452 26.6693990027799 27.6067156054996 17.3934843845982 0 0 0 0 0 0 0 0 0 0 0 0 0 0 0 0 0 0 0 0 0 0 0 0 0 0 0 0 0 0 0 0 0 0
8.82055150835694 7.99810167017067 6.93501121710147 26.1624217547872 38.6140439238121 30.8858053503165 31.0023767329971 24.1919352279382 31.9364715530582 40.917923648808 25.7833125125939 23.8637117461501 23.049881911121 0 0 0 0 0 0 0 0 0 0 0 0 0 0 0 0 0 0 0 0 0 0 0 0 0 0 0 0 0 0 0 0 0
7.70664369825994 6.06868016824114 7.74727441149667 23.2035199229329 35.246384629889 30.5931663999004 30.3312456020137 28.7415102370284 37.2687080850291 39.3752869304839 24.6361248479759 33.4731723411344 44.4352856750796 24.577421310249 0 0 0 0 0 0 0 0 0 0 0 0 0 0 0 0 0 0 0 0 0 0 0 0 0 0 0 0 0 0 0 0
5.81416421621579 8.14906858060428 8.50033693409322 22.8939448861413 24.8944818701974 24.07103764713 31.0896091652183 33.2388393695187 26.1634478716051 38.140315524098 27.7275005612949 35.6461974194701 40.6699364531193 25.2462227031623 16.851282378532 0 0 0 0 0 0 0 0 0 0 0 0 0 0 0 0 0 0 0 0 0 0 0 0 0 0 0 0 0 0 0
8.59951340031331 7.84525117971416 6.08704334064788 19.5401438254613 23.9348686436249 23.6373757113932 37.7298565058785 24.7918141209856 30.8511663364938 43.0908228319365 35.5973604687958 33.9870933300852 27.0290304971824 26.6423575408471 26.8607773749213 17.3231519392877 0 0 0 0 0 0 0 0 0 0 0 0 0 0 0 0 0 0 0 0 0 0 0 0 0 0 0 0 0 0
8.18752080515956 7.52181892226811 4.16783482859246 16.0640534083653 25.608925604125 35.7283463413308 28.2243184690687 27.2188463153673 36.6422341412858 47.7019955055742 30.1745544518634 21.1513457136858 28.3287821869339 25.2260929245948 30.3367243104141 31.9501991108938 17.5206930615721 0 0 0 0 0 0 0 0 0 0 0 0 0 0 0 0 0 0 0 0 0 0 0 0 0 0 0 0 0
6.88586006420919 2.140911682252 3.5411845599578 17.752262139738 30.1646488881076 21.4027906226422 26.6048992095814 26.9936473682497 37.6946342279828 39.0170842845095 17.557898879085 19.0952214243697 21.7531299686936 30.0699603553651 26.1948893261266 24.8976320998159 22.6652725009894 10.4927207922629 0 0 0 0 0 0 0 0 0 0 0 0 0 0 0 0 0 0 0 0 0 0 0 0 0 0 0 0
1.72201870821981 4.11310009103584 1.43982277185052 13.597141201353 31.5881628511171 24.9760515808959 27.6083697522421 31.0751879342007 35.9441461971622 20.7343171507874 18.2794945666552 9.04900384088631 35.0402931094569 28.2287213901094 18.9191593525478 20.0817841756167 24.1851879278155 22.0324273633264 16.2214947888109 0 0 0 0 0 0 0 0 0 0 0 0 0 0 0 0 0 0 0 0 0 0 0 0 0 0 0
5.877055637087 1.39701202566384 6.59653758675796 20.3701343190459 20.6995085194749 27.9270956905712 40.8621000445458 33.4110707740421 24.7236135927977 26.9522816662801 20.1809660884278 24.3534631929519 26.6291097390686 29.8940214322128 27.2800704760569 25.7385001719657 31.0859060431446 27.4650182767202 28.0285382948844 19.6236523840034 0 0 0 0 0 0 0 0 0 0 0 0 0 0 0 0 0 0 0 0 0 0 0 0 0 0
1.89231471373277 1.54217230489024 2.97917369294586 10.453357769372 21.1742571613531 20.4141961592809 28.2742464097634 13.5058945188157 19.4664550122847 9.68995032911025 17.4345158460151 10.4528596879331 19.2050673532513 21.9322688163237 17.3586804110786 21.3614844013802 17.8861502517166 16.3593479290991 12.6896244960331 17.8189015800568 4.53575352495788 0 0 0 0 0 0 0 0 0 0 0 0 0 0 0 0 0 0 0 0 0 0 0 0 0
4.05991267198586 4.34360409220174 4.61587914594655 19.2875183841978 31.6925768677953 27.8506013995132 23.0825588105749 19.1952494173565 25.4247765583241 33.6316992941798 21.9728494738068 21.5235830759773 23.9834673545355 24.6002986634866 26.8210619077252 29.9441272192535 33.4890843017444 27.7803481438443 28.8342950310125 29.167238198384 23.131142442665 20.6570244258163 0 0 0 0 0 0 0 0 0 0 0 0 0 0 0 0 0 0 0 0 0 0 0 0
0.950285919446073 0.50852979487536 5.71783384533281 19.3886027806064 20.0501072629876 14.5510273796833 16.9976940072974 13.1597524088098 24.7908749097149 20.3172939160209 17.7625207058014 15.2710388617624 18.5044061677605 23.2405940060917 21.8777984877507 26.297135429945 25.4330184903923 21.2865565243634 15.5393306125652 27.0018290618963 17.9853087720897 25.5717475652613 9.23235281199624 0 0 0 0 0 0 0 0 0 0 0 0 0 0 0 0 0 0 0 0 0 0 0
0.496553081899322 2.27021122701145 7.61698865018255 23.9492086871402 19.3541480637038 19.7292144577202 15.0858056169647 20.1193259623389 31.2131408183633 21.5372481117934 19.3122615118058 17.8551321138036 28.3029121051749 27.6024670180383 29.5796347236033 29.131100323807 33.1205023050744 26.4141625566464 21.4787369044867 35.9951719612904 21.2307276356526 25.5355687504238 21.7528576288666 15.2857992064191 0 0 0 0 0 0 0 0 0 0 0 0 0 0 0 0 0 0 0 0 0 0
2.21762422070299 3.45137100872148 5.19525458119442 11.5467608297212 21.2853887437553 24.7970231589332 23.6553719255108 26.1201216152847 21.7101689493283 17.9737821060312 17.8222353407093 22.5940656597949 27.608799472227 30.2547817419835 27.8966655512076 26.5396809472996 32.5020669877032 24.2068543087019 24.1982064846638 29.3755563762763 15.7254832405647 25.1663812862617 19.449743933585 28.7961755085771 16.6488062479951 0 0 0 0 0 0 0 0 0 0 0 0 0 0 0 0 0 0 0 0 0
9.11203654988334 8.79784684960695 7.73985175781293 14.8306726182907 20.9742223117024 26.3064500242773 32.7699657167924 25.5545282786365 25.9044677720095 30.0676616094145 24.7910337129087 29.2038830742835 38.2180714599879 36.1371933155787 34.1384279234382 35.2041518110003 39.3887759415445 35.7635007506761 33.8878115241882 36.2309559857031 21.6389065781436 32.8129235805458 28.548586464638 33.9262806068368 32.710803424148 20.0934419494233 0 0 0 0 0 0 0 0 0 0 0 0 0 0 0 0 0 0 0 0
6.00166083489249 3.36649106892372 3.18352490218053 10.3514423259929 28.5758200856326 26.4932217134297 26.9882876795413 21.0109117386759 25.4898051336856 33.7092311012015 24.6529275354285 28.8114875813288 33.3020473001506 35.5484660378398 32.1912554096581 35.2844927659717 38.4221738204676 31.1825468715894 32.2928238953422 30.6537091488728 18.256356325385 33.166239704022 26.3608153423692 29.5189132599426 23.5271555150431 32.9787328229284 17.6770743585338 0 0 0 0 0 0 0 0 0 0 0 0 0 0 0 0 0 0 0
4.63783993251716 6.00111527253122 0.777003859261842 14.5186929963224 25.4205182113972 22.1550602915535 17.7785928716682 19.5874570309257 25.222574208084 32.7782876115056 24.1568071427711 22.6371872774305 32.227916030144 32.0983515851095 29.5321510106452 33.2507585733518 31.534838693328 26.5202660033516 26.0673198420611 26.4126805108909 16.6713532106271 30.5930262153778 18.4775335193312 19.3037844531181 19.6037045334479 25.2362176499793 24.4450410285144 10.7036506955365 0 0 0 0 0 0 0 0 0 0 0 0 0 0 0 0 0 0
1.2835950979715 2.88859149337892 2.41124997547301 12.3977585792675 25.185799267023 12.5984816104974 22.5208942639111 24.5917372983643 25.5641045952164 32.3981814297182 21.5077628010036 25.924467886457 27.2853059387702 33.5947862004052 33.4061587266007 31.3140402707629 29.8758622618023 23.6198274339577 26.2535874751099 29.8909971359366 15.2518453445481 28.8914595190899 23.0816133619266 30.5683517017246 18.8342218566374 28.2164464349672 22.7959034875955 18.8263241641802 10.1515451101533 0 0 0 0 0 0 0 0 0 0 0 0 0 0 0 0 0
3.71435313302359 10.4424322769366 1.97464089834897 4.20273742775571 20.8172319602982 15.2410666133831 19.8808280839687 20.2242852601465 25.274019371905 23.9852261669321 20.7680540029943 18.7966605245779 25.4514603320503 28.3975110429023 23.6293248639383 24.0039785279408 22.6599660424023 21.0430682205029 23.3916664325651 22.2877687217176 12.5263629434616 21.6707463587724 17.1554174934186 13.5134719603941 18.3251924954157 18.4736746888289 18.1537447110959 11.976736348391 19.2407657981576 12.5855876510377 0 0 0 0 0 0 0 0 0 0 0 0 0 0 0 0
0.768634789937769 1.09164766861718 3.55003419548382 17.476812678047 13.9146145111466 18.0106729961467 22.0910753785542 23.0994376834371 22.0278637736703 27.6349898830105 20.3592887462983 29.3673564695231 30.2333055161909 28.579259201002 27.8433462487982 25.6899041674263 24.617636169851 23.1070665738177 20.1735299711314 24.5075836614377 18.3638000380906 22.7735259796145 18.7814211814332 23.6012458397896 16.1431920768474 21.0031159806019 14.5374976923838 10.773516883623 14.4138350242563 19.5203502225526 3.7265166048675 0 0 0 0 0 0 0 0 0 0 0 0 0 0 0
2.34782260224112 3.41853592316722 7.88026951069503 17.2422997233662 30.2045160295296 32.4337721549542 38.0227382935746 33.0077953521305 39.247203169641 45.5918836698604 34.8757454996223 39.6771939955197 41.8483413606904 40.9684136732847 37.4282210083922 38.8875881877122 40.9868018443653 36.8144366732653 34.4647043184324 38.1962349082239 28.0724941743719 32.0583811609991 28.9620084480579 25.475936073175 27.5952851986471 24.3634923439843 24.8713491837442 26.7627454602134 22.5278061558435 6.29995939552675 0 0 0 0 0 0 0 0 0 0 0 0 0 0 0 0
0.13155084795705 1.41229679277924 2.03138357869304 10.2835276176714 15.7237146248485 16.6072417390968 20.4785015265871 13.7961428066563 19.221913833288 24.6630056482487 15.5204874162832 15.3049022306935 17.9905558721222 18.3276290363327 17.4071000482727 19.1446428249639 20.8186843211959 15.7532621087201 13.2281746060054 18.6673399276454 7.65451044168395 18.0268298854453 10.6334872365125 14.7301255095621 9.01394801527812 14.9209317845775 14.5753210579475 4.11368952822467 0 0 0 0 0 0 0 0 0 0 0 0 0 0 0 0 0 0
1.08359957000094 1.19682449720517 3.22804819560166 16.5122176265351 22.1613560115003 21.9217664477799 25.1618511482646 21.3630607446696 28.2121511650711 34.8268749644051 22.7299420613445 22.1953433989699 26.1380067341285 26.2670148657665 26.095117520903 26.9741669864585 25.836831847567 20.4065411088939 20.2819676766291 22.2314939624215 13.137859061015 22.686036567332 13.7452447697937 15.3434167085237 10.4173098355522 15.2743991520879 0 0 0 0 0 0 0 0 0 0 0 0 0 0 0 0 0 0 0 0
0.944445601107619 1.34527112612701 1.24128545748342 16.2808765436129 18.631451384334 21.2188536334571 27.0503272970691 22.6077695233522 26.7521792505931 30.2996371823932 20.178350854456 20.9360900399361 25.3835979372984 26.4474260158786 27.388335341226 27.5181457534914 22.151715460894 21.6246853808428 15.2688151828066 22.6270224055144 9.06239388299298 17.4455322487948 9.28183891546294 12.3471468504235 0 0 0 0 0 0 0 0 0 0 0 0 0 0 0 0 0 0 0 0 0 0
6.08213831250425 3.92449424089676 4.86973993057757 21.2149172945684 34.5835688584306 34.503002666307 36.7702057612709 34.9516648615623 39.375112899539 44.2782986023364 29.2705555707213 32.1228115432098 39.1066981662439 41.837258800557 37.1599075946736 34.2911579417358 36.2380358630352 28.5133041533584 28.3393864566732 30.6202943259842 13.9409998232751 8.56049761146019 0 0 0 0 0 0 0 0 0 0 0 0 0 0 0 0 0 0 0 0 0 0 0 0
4.82571528633652 2.21788163246061 6.07143621417206 23.4936222490563 25.049576524994 31.6896718642543 37.6997550550776 30.8158245820111 33.2782892473101 39.4758809656365 25.4716056162064 28.2484874622966 37.3476769928283 32.9164100944896 28.2791653751614 31.7678486471289 29.3315473512105 26.1013013912723 16.7732851833181 6.15155005344602 0 0 0 0 0 0 0 0 0 0 0 0 0 0 0 0 0 0 0 0 0 0 0 0 0 0
7.2102480193711 2.24661511285115 4.16057888913578 20.4183647303703 31.8589108185556 31.7170611265622 35.9956365321525 31.0810755153802 33.3310914283892 40.6906986785933 28.3048062823714 30.463077787708 34.6406528000651 35.398272733903 35.0213798234396 32.8824160901561 24.0104795844121 7.21836517236355 0 0 0 0 0 0 0 0 0 0 0 0 0 0 0 0 0 0 0 0 0 0 0 0 0 0 0 0
7.90226744047354 7.60353866001561 4.45179870078506 22.6953264919664 37.1131404774542 33.0150618043061 37.4922503118989 32.2312461839775 36.7184427386653 42.7727249235014 32.3462532941041 31.0329528764287 37.6644663114072 36.3623846252852 24.1358831277162 8.7356648743157 0 0 0 0 0 0 0 0 0 0 0 0 0 0 0 0 0 0 0 0 0 0 0 0 0 0 0 0 0 0
3.90579149887117 2.50906478844919 7.10789322812178 26.2083941278938 35.5082201181747 31.3620694055338 36.8722502631392 35.0539860600571 37.4311764929685 44.0022169995343 32.3812656613927 36.9543324835021 25.7860734249109 9.39785214485962 0 0 0 0 0 0 0 0 0 0 0 0 0 0 0 0 0 0 0 0 0 0 0 0 0 0 0 0 0 0 0 0
4.19993547540547 6.19548836182774 7.41881557547962 22.9512980087401 35.8358717723353 33.7654147382151 41.1899174107669 36.4464874877161 45.0126538113066 44.3673592204873 23.0450294964414 6.57336691591515 0 0 0 0 0 0 0 0 0 0 0 0 0 0 0 0 0 0 0 0 0 0 0 0 0 0 0 0 0 0 0 0 0 0
3.76251487551313 4.7387695336916 4.81960163137762 17.4281427351596 27.3135694773912 25.3887998898588 33.8913036602894 30.2427435319086 27.3452694736255 6.29923330679626 0 0 0 0 0 0 0 0 0 0 0 0 0 0 0 0 0 0 0 0 0 0 0 0 0 0 0 0 0 0 0 0 0 0 0 0
8.40758924077875 7.07689121023613 6.66516932134384 21.5500785582042 34.2435033893792 36.0423777968386 35.9649371276032 12.8050949675158 0 0 0 0 0 0 0 0 0 0 0 0 0 0 0 0 0 0 0 0 0 0 0 0 0 0 0 0 0 0 0 0 0 0 0 0 0 0
8.57544809542761 6.47685597211878 5.81003233849669 24.3268453398808 32.0329941794467 15.5303825453975 0 0 0 0 0 0 0 0 0 0 0 0 0 0 0 0 0 0 0 0 0 0 0 0 0 0 0 0 0 0 0 0 0 0 0 0 0 0 0 0
8.77112329451344 5.74192101678043 5.8129376408824 14.259137940956 0 0 0 0 0 0 0 0 0 0 0 0 0 0 0 0 0 0 0 0 0 0 0 0 0 0 0 0 0 0 0 0 0 0 0 0 0 0 0 0 0 0
5.39260964936968 2.18924813437407 0 0 0 0 0 0 0 0 0 0 0 0 0 0 0 0 0 0 0 0 0 0 0 0 0 0 0 0 0 0 0 0 0 0 0 0 0 0 0 0 0 0 0 0
