8.36041025489615 0 0 0 0 0 0 0 0 0 0 0 0 0 0 0 0 0 0 0 0 0 0 0 0 0 0 0 0 0 0 0 0 0 0 0 0 0 0 0 0 0 0 0 0 0
11.9165989850365 3.95225688926281 0 0 0 0 0 0 0 0 0 0 0 0 0 0 0 0 0 0 0 0 0 0 0 0 0 0 0 0 0 0 0 0 0 0 0 0 0 0 0 0 0 0 0 0
0.791719538367274 0.503413333788876 1.0741418214779 0 0 0 0 0 0 0 0 0 0 0 0 0 0 0 0 0 0 0 0 0 0 0 0 0 0 0 0 0 0 0 0 0 0 0 0 0 0 0 0 0 0 0
1.94066635879339 7.37057633105627 4.44834602615215 10.6955738115337 0 0 0 0 0 0 0 0 0 0 0 0 0 0 0 0 0 0 0 0 0 0 0 0 0 0 0 0 0 0 0 0 0 0 0 0 0 0 0 0 0 0
2.89956550222983 6.4273711538948 2.69394269004582 15.0252900150828 17.2248651206776 0 0 0 0 0 0 0 0 0 0 0 0 0 0 0 0 0 0 0 0 0 0 0 0 0 0 0 0 0 0 0 0 0 0 0 0 0 0 0 0 0
5.79692260916256 8.45841649551214 3.28899574781356 18.5371481824758 28.801568399483 15.1908419258039 0 0 0 0 0 0 0 0 0 0 0 0 0 0 0 0 0 0 0 0 0 0 0 0 0 0 0 0 0 0 0 0 0 0 0 0 0 0 0 0
8.62783716823361 5.49726140356764 4.97392622929413 22.4654484586653 28.3172477216013 28.5432595095386 22.6685338336402 0 0 0 0 0 0 0 0 0 0 0 0 0 0 0 0 0 0 0 0 0 0 0 0 0 0 0 0 0 0 0 0 0 0 0 0 0 0 0
8.94600846741092 5.11298165167276 3.22924173933835 11.3951579675086 27.6702209120893 27.9416420374653 31.0497533581318 20.8150995362525 0 0 0 0 0 0 0 0 0 0 0 0 0 0 0 0 0 0 0 0 0 0 0 0 0 0 0 0 0 0 0 0 0 0 0 0 0 0
10.8112665123288 5.3681317361081 4.00178495605328 22.8515073019025 35.4394160559633 30.5524029936968 41.6796612595241 35.4171852562584 26.4025459590237 0 0 0 0 0 0 0 0 0 0 0 0 0 0 0 0 0 0 0 0 0 0 0 0 0 0 0 0 0 0 0 0 0 0 0 0 0
11.8234623736925 5.26336749034422 4.14519684393518 26.4758836220374 39.2463943138706 41.1130236545824 48.4494587776715 38.8300731882919 44.1648727179342 24.0791688630811 0 0 0 0 0 0 0 0 0 0 0 0 0 0 0 0 0 0 0 0 0 0 0 0 0 0 0 0 0 0 0 0 0 0 0 0
7.14102460552314 3.87500124118083 2.71986024265107 17.2764306029395 27.2457847540243 27.0228441000113 32.1038339346804 28.343209194041 25.6117679173699 28.162584432613 9.99331822479264 0 0 0 0 0 0 0 0 0 0 0 0 0 0 0 0 0 0 0 0 0 0 0 0 0 0 0 0 0 0 0 0 0 0 0
6.26214251680091 4.15903731771931 3.05994937554953 17.0098559024869 34.1170403583811 26.4430173503816 37.5649620957539 24.4685119666882 26.932221931659 27.2195040094448 29.0490883541145 18.5272387336643 0 0 0 0 0 0 0 0 0 0 0 0 0 0 0 0 0 0 0 0 0 0 0 0 0 0 0 0 0 0 0 0 0 0
10.9183242575305 6.22130301409206 3.99316472345599 22.7401361458195 33.8717102149541 26.7004672009226 29.8304167799559 22.8773591283468 31.3360415909972 41.2944977848421 27.1534269982831 26.7724634451166 24.1409358957894 0 0 0 0 0 0 0 0 0 0 0 0 0 0 0 0 0 0 0 0 0 0 0 0 0 0 0 0 0 0 0 0 0
9.98046185564761 4.72184001007431 4.77522274122699 19.0622629603611 33.8364417044518 27.5618440234954 29.5879861825965 26.9606434887121 37.6918299602951 40.5216866062491 26.5145319422281 35.1471510108348 43.0376689242933 25.5860548724351 0 0 0 0 0 0 0 0 0 0 0 0 0 0 0 0 0 0 0 0 0 0 0 0 0 0 0 0 0 0 0 0
7.77775537032692 6.2348532623465 5.14736145280937 20.3975222465407 22.0998606321216 22.3154381179534 30.1425456099956 31.0686896381071 27.2565544179816 40.14476716447 28.8395370974912 35.6601517382557 41.1963116881565 27.483005136452 16.9972183274803 0 0 0 0 0 0 0 0 0 0 0 0 0 0 0 0 0 0 0 0 0 0 0 0 0 0 0 0 0 0 0
10.7593913581998 6.33983512863915 3.76827681435868 17.7794691752184 23.3921136061992 20.8508093362023 37.7699355873181 24.9437008526039 32.5205148483237 45.4001145847238 34.8183899616364 36.1065770275413 29.9668907238914 26.6242388694024 28.3639639202268 17.3372518467477 0 0 0 0 0 0 0 0 0 0 0 0 0 0 0 0 0 0 0 0 0 0 0 0 0 0 0 0 0 0
9.09235716998191 5.24085136028973 1.83262326217696 15.4328061573384 23.5041173619807 33.2055212590388 28.2538631473464 27.9704401195778 37.8968702811977 46.1028047386506 31.512874713581 23.9286933999419 28.1817610780732 26.6874333086199 30.2809724281619 34.021762446565 18.7696616659035 0 0 0 0 0 0 0 0 0 0 0 0 0 0 0 0 0 0 0 0 0 0 0 0 0 0 0 0 0
9.07707828308681 1.60467265551232 1.93923452842246 16.9872665728965 27.0923224650474 18.8849088070316 26.0498096278876 25.1608258213567 33.965836260715 37.6918368848798 17.0264529521176 20.1620643616258 21.2571738383993 27.6608146406439 27.7463388015577 26.2547844665707 23.3203517488389 9.5183305320653 0 0 0 0 0 0 0 0 0 0 0 0 0 0 0 0 0 0 0 0 0 0 0 0 0 0 0 0
1.86515195037115 1.95630811333262 0.762028553568623 14.5585001843542 33.7662599621403 23.7075578783224 30.6156484393824 28.2810273639029 37.3151138584692 24.8551178778079 19.0907489888757 11.4669065266629 35.0173545349758 30.572122399124 21.4835362025356 23.7719862515523 24.1235685160358 19.9845059321162 15.6051812582603 0 0 0 0 0 0 0 0 0 0 0 0 0 0 0 0 0 0 0 0 0 0 0 0 0 0 0
8.34080870266094 1.17826202992732 4.25841279742449 18.0244453828806 22.0685235151944 27.4733311135869 39.3707209681751 33.7301041011839 27.5015678462071 28.9500373716084 22.878414601001 26.101308528366 29.8201028585464 31.8261981365066 28.940537376457 26.4827292999291 30.5795240376584 27.0617603401879 29.7998072912289 21.6216246123293 0 0 0 0 0 0 0 0 0 0 0 0 0 0 0 0 0 0 0 0 0 0 0 0 0 0
1.75931980567531 0.48712480556747 2.58696186259246 8.74029886382918 21.172114373757 16.7218888049505 27.6407032638889 14.7135162491957 19.3534996473594 12.674978176069 16.1129450891996 11.6835337188292 20.6089113815905 20.9427110145783 16.9092267274676 20.4804453669938 17.1458066156076 14.6974961543339 12.9205465438495 19.679260128882 4.2048334822514 0 0 0 0 0 0 0 0 0 0 0 0 0 0 0 0 0 0 0 0 0 0 0 0 0
6.00898859215602 3.57697178829334 3.35960748442561 18.0881192796676 28.8750075655012 26.3032254460267 25.3412105493561 19.3199474404589 25.7909818026511 33.9116675633468 24.4602363687662 24.8854506067429 27.0079134839426 24.9723140358723 27.2213804650442 31.1458851396624 32.5639996868247 26.6908150218824 31.0633497406567 31.7051296663027 22.8470059677398 21.8535381052158 0 0 0 0 0 0 0 0 0 0 0 0 0 0 0 0 0 0 0 0 0 0 0 0
1.90162553252604 0.43574647080362 3.88441544592197 15.9143660297485 19.4185952495369 13.083877578656 17.6453526597537 13.1808197624599 24.5934925158081 23.1699187218833 18.2173300265459 16.3053983915564 18.7138873849376 22.0153918757923 21.5387436618996 26.0078193718721 25.7520529093346 21.5792691965167 17.8470955205347 27.4051713026291 16.786199903913 26.3904973391194 9.34157700135019 0 0 0 0 0 0 0 0 0 0 0 0 0 0 0 0 0 0 0 0 0 0 0
2.00067134157805 1.71841620280482 5.56205470430056 21.2184783807958 19.6046948506706 17.6605726732137 16.671715838432 19.9480541675147 33.8745450714403 26.5213576130798 23.1563950562579 20.0890567585305 27.8614629645576 28.3368261141641 30.3914050500654 31.2756421722339 34.8416539441318 28.2007781918601 25.0994343134045 37.0281771005878 22.6565065898276 27.5203177228023 23.0531606428594 15.8980171806452 0 0 0 0 0 0 0 0 0 0 0 0 0 0 0 0 0 0 0 0 0 0
4.44118884654059 2.61181952181269 3.44739365180635 12.6827815960725 21.5986763544579 26.5251546067483 24.9071000244198 29.020780695572 23.7596878969022 23.6770096446313 18.2453522756945 24.1722031495759 28.3899897615622 31.4622604185437 30.2201342612957 30.1413454682332 35.7130295948358 27.0465148431863 28.0664453998083 32.9250993894252 17.39382454526 27.6768178168892 20.7616997860153 30.7495784452008 18.8588420258513 0 0 0 0 0 0 0 0 0 0 0 0 0 0 0 0 0 0 0 0 0
10.7591521324994 6.58972562331145 4.9060084987263 14.4257119374361 19.8161435507332 23.0727578194568 34.7682182253787 26.7237900583533 28.4808497791713 31.4857334207962 24.3046812601336 30.8145236437353 37.4439750334822 37.3268263345683 35.9116659189783 37.6065647856977 41.0971049397995 35.4859588299157 35.2951221165387 38.2751560047765 22.425131932421 34.1874783563015 29.0673956349884 36.2637084285685 36.3402651882152 21.8304958920379 0 0 0 0 0 0 0 0 0 0 0 0 0 0 0 0 0 0 0 0
8.15752012911092 2.07807398824293 1.91940489006752 9.75133887442542 26.8903465344781 25.4095197742473 27.9524177198668 22.3600096419915 24.4001366472552 33.1493172593766 23.412148715346 29.142332946102 32.046569205105 36.0617485957783 32.4279052682247 36.308291341841 38.8799930588411 28.8963746497846 32.233684667531 32.5898980688394 18.281261121941 33.0844320705554 26.7271826026491 30.4102936181503 27.0956102681301 34.4055830007507 18.3045846565125 0 0 0 0 0 0 0 0 0 0 0 0 0 0 0 0 0 0 0
5.30014801445386 4.71758702474291 0.271404968939981 14.4328918708297 25.6330313666262 23.0571489429269 21.3394714103317 19.6031042085175 25.1624959956225 33.0374753258228 23.6428112200633 24.7539713470605 34.7965480694711 33.4885856070947 31.6415617241796 36.1637153485601 33.0359669225807 26.0135724570343 28.8954863755876 29.7278827770888 17.2841673113187 33.147659758199 20.5244860074117 23.9282199047931 25.5890734994834 28.8251924884488 25.1905374960009 10.6118005967356 0 0 0 0 0 0 0 0 0 0 0 0 0 0 0 0 0 0
3.26620238217305 2.18804177295727 1.71762287600324 13.0415181716287 27.6870356850946 11.6778782558439 23.4966835638869 24.1410487584431 25.5030932872249 34.5101699750105 22.5579330253901 28.6140529337178 29.5529193903178 35.8147022847557 35.3126596272253 33.1794878893649 31.6629488254611 23.7424857091121 27.4865251304309 32.5062407427417 16.805509651037 30.5337642630918 22.9512636543644 31.3684219689478 20.9399118986151 29.8151297840883 23.240331900637 19.8005095541892 10.0207010660185 0 0 0 0 0 0 0 0 0 0 0 0 0 0 0 0 0
3.3471186201133 7.46858807546496 1.11204341297034 4.3356551979909 23.8364295419034 13.5359530274204 18.1578760201255 19.2422762942249 23.7158981194126 23.9331481631475 20.9936496444714 19.4526881965091 26.1055194631318 28.7303682619463 23.2697961584474 24.8359724725889 22.9687955360117 19.0465683103051 23.746367720483 24.2037925791601 12.5365951396279 22.7538530410068 16.6092617983748 13.8482498998031 18.9072770306098 18.6060816606038 15.8495571156836 13.0524087899761 17.5773785078654 11.8628408369949 0 0 0 0 0 0 0 0 0 0 0 0 0 0 0 0
2.20593090700662 0.867012850675942 3.73248150990109 14.5804403070058 13.3408849311728 16.3049222375894 23.2656412110324 22.2647379647688 22.684281077849 29.570739456701 21.3953481480107 30.6853715493359 31.1969203029218 29.1760824639386 28.4212122867836 26.9098043926137 25.5829424351685 22.8423681967206 22.6552921015952 26.3225017737118 17.4922767943556 23.8865648599798 19.09279503209 23.8785053560885 17.8731191398737 21.2302669297843 15.2046169336919 10.834236163666 16.6795645462625 21.0174676292177 4.58924377888001 0 0 0 0 0 0 0 0 0 0 0 0 0 0 0
4.72664279428879 3.15790149677468 6.18811607152953 14.8411349054531 27.9554686217536 29.5538658288432 36.5870920960552 31.9167251594816 40.9310790583679 46.5102498157361 36.3477212023288 41.6150003331587 42.4437500917552 41.7177897424561 39.0003679058605 39.9768201223552 41.5191444520584 36.4081010306041 36.4697587312294 39.8503839304967 27.5196964069761 33.6148672832296 28.4856897026283 26.896108448381 28.767505069391 25.5438429887549 26.2243826063933 28.6878808297694 25.2620254971229 4.87193138756295 0 0 0 0 0 0 0 0 0 0 0 0 0 0 0 0
0.663091707245384 1.13661899522562 1.11782685067401 10.4631811930531 15.9148304515924 15.3683941127374 21.5253521797967 14.8377620550533 21.9702627007651 26.8956632794139 17.4565423856465 17.4015501459606 19.6157664061003 20.7150241524651 19.2336601927698 21.3745057891186 23.4112124327406 16.9803353443879 14.7514180023017 21.2037653729286 7.2471687223934 18.2534328088549 11.8524736801524 15.6029873597866 10.688963458574 17.7416019305877 16.4708425504978 4.57425357788484 0 0 0 0 0 0 0 0 0 0 0 0 0 0 0 0 0 0
2.74735335244272 1.18560798295883 1.76123827701597 17.2867619752229 21.691439916695 20.904125019081 26.9160919760975 22.8153244916257 30.8517821518323 37.424380850807 24.2482183097028 24.4962142686473 28.3839260927215 28.6015627960462 28.1833583972486 30.2513670808989 28.8996296302826 21.1557583039648 23.0754909659463 24.7587833224879 12.2289683673243 24.0097344196807 14.4539716070901 17.2996864376553 13.3883521076236 15.800638245321 0 0 0 0 0 0 0 0 0 0 0 0 0 0 0 0 0 0 0 0
1.73272651545254 0.78122199344757 0.256090663420665 15.1853583593397 16.1458234601303 18.8384131317228 27.3549498431786 20.5506535422722 27.2626843957634 30.8558868017732 19.8179059751455 21.7208231551268 25.0974638375933 26.799167940059 27.0097187632372 27.9795464010922 23.4970851583407 20.4868722743597 15.7134565798312 22.5500403018258 8.44239251705864 16.3206828742193 9.30128949441837 11.5373867459682 0 0 0 0 0 0 0 0 0 0 0 0 0 0 0 0 0 0 0 0 0 0
6.92951394559281 1.97617833825304 2.34665198695885 19.5549501950111 33.1506574005532 32.0031224732232 36.9241165782329 32.9250134051663 38.0965179411403 44.983193121964 28.9133132081786 32.6309899649437 38.1513450026815 41.5696655854598 36.8645858239316 35.6316438534681 37.4492186389821 27.1725782835885 29.0289300166675 31.2302649529971 11.852718536329 9.27317907507536 0 0 0 0 0 0 0 0 0 0 0 0 0 0 0 0 0 0 0 0 0 0 0 0
5.93354757978199 1.19248788935935 2.96215630210628 19.5481036525041 22.4044751203463 28.0993592081664 35.8833106819783 27.3885385390723 31.9657442440937 38.9786542704295 24.2550205830175 28.108376256627 36.0411372379869 32.76623064753 28.0806222494298 32.0460373873263 28.0939232870601 22.1762952309413 15.8424374834362 5.75166905518105 0 0 0 0 0 0 0 0 0 0 0 0 0 0 0 0 0 0 0 0 0 0 0 0 0 0
8.33881932259915 1.18035059728967 2.59968804235001 18.1150836753113 31.1499625144122 28.3412970908386 35.3280223037939 30.1234789424649 33.5229858619394 40.9351770009984 28.2809012242723 32.1606585861125 35.0715336897325 36.1327409146026 35.9435938042937 33.3505186271871 23.3490978875496 6.95325873530162 0 0 0 0 0 0 0 0 0 0 0 0 0 0 0 0 0 0 0 0 0 0 0 0 0 0 0 0
8.76136577522208 6.23248351012227 2.2963954159044 19.8863526062599 34.9234994798614 29.3144271610907 35.9229650176261 30.7179938920598 35.9635399767992 42.4203555575215 32.0977291121464 31.6046945917546 38.1557258196955 36.6901129000054 23.8675363205593 9.10024902500668 0 0 0 0 0 0 0 0 0 0 0 0 0 0 0 0 0 0 0 0 0 0 0 0 0 0 0 0 0 0
6.74386813019809 2.28709550552615 4.78049369647996 23.1586394354038 33.7072860930809 28.5644368502168 36.8487273708453 33.1576956684624 37.8143445995555 45.8648260894532 32.9433854213569 37.694413824106 26.2051911189685 9.65044331933491 0 0 0 0 0 0 0 0 0 0 0 0 0 0 0 0 0 0 0 0 0 0 0 0 0 0 0 0 0 0 0 0
6.62245359352074 4.98564103246461 4.73157929905476 20.5491768706894 34.0488006962314 30.8637454211402 40.1157207627847 34.6080020030074 45.7004361239294 46.0935466656971 24.1626745636767 7.16695219100863 0 0 0 0 0 0 0 0 0 0 0 0 0 0 0 0 0 0 0 0 0 0 0 0 0 0 0 0 0 0 0 0 0 0
5.9883914966283 3.74852995475253 2.80283205519981 16.1279884143025 26.8739219164191 22.9155227163866 33.0615272681037 30.4311649425361 27.9980111492777 7.35640302436259 0 0 0 0 0 0 0 0 0 0 0 0 0 0 0 0 0 0 0 0 0 0 0 0 0 0 0 0 0 0 0 0 0 0 0 0
11.1872915445046 5.42778940789535 3.98398324221584 20.0984460569968 32.424239876395 32.9225301910924 34.5723838002507 12.8017030644164 0 0 0 0 0 0 0 0 0 0 0 0 0 0 0 0 0 0 0 0 0 0 0 0 0 0 0 0 0 0 0 0 0 0 0 0 0 0
10.6417942122922 4.90288614260019 3.24147762034621 21.591813730301 29.9988826323062 13.9807898085392 0 0 0 0 0 0 0 0 0 0 0 0 0 0 0 0 0 0 0 0 0 0 0 0 0 0 0 0 0 0 0 0 0 0 0 0 0 0 0 0
10.5457261618017 4.12435176943908 3.42832701514967 14.5866577982361 0 0 0 0 0 0 0 0 0 0 0 0 0 0 0 0 0 0 0 0 0 0 0 0 0 0 0 0 0 0 0 0 0 0 0 0 0 0 0 0 0 0
7.57405573003111 1.98451955708719 0 0 0 0 0 0 0 0 0 0 0 0 0 0 0 0 0 0 0 0 0 0 0 0 0 0 0 0 0 0 0 0 0 0 0 0 0 0 0 0 0 0 0 0
