9.28907336552109 0 0 0 0 0 0 0 0 0 0 0 0 0 0 0 0 0 0 0 0 0 0 0 0 0 0 0 0 0 0 0 0 0 0 0 0 0 0 0 0 0 0 0 0 0
13.0374800136261 5.30578231492802 0 0 0 0 0 0 0 0 0 0 0 0 0 0 0 0 0 0 0 0 0 0 0 0 0 0 0 0 0 0 0 0 0 0 0 0 0 0 0 0 0 0 0 0
1.44907190029913 0.923760787823731 0.3927258914356 0 0 0 0 0 0 0 0 0 0 0 0 0 0 0 0 0 0 0 0 0 0 0 0 0 0 0 0 0 0 0 0 0 0 0 0 0 0 0 0 0 0 0
1.444913289733 6.61652557543926 5.43757418943924 8.79931087012467 0 0 0 0 0 0 0 0 0 0 0 0 0 0 0 0 0 0 0 0 0 0 0 0 0 0 0 0 0 0 0 0 0 0 0 0 0 0 0 0 0 0
4.78118825396512 8.91241578558135 6.94698095274918 20.7015081829081 19.3529231447222 0 0 0 0 0 0 0 0 0 0 0 0 0 0 0 0 0 0 0 0 0 0 0 0 0 0 0 0 0 0 0 0 0 0 0 0 0 0 0 0 0
7.32541927799203 9.45217491210452 6.42048737977109 20.0779598670423 29.268180014372 17.1341390550501 0 0 0 0 0 0 0 0 0 0 0 0 0 0 0 0 0 0 0 0 0 0 0 0 0 0 0 0 0 0 0 0 0 0 0 0 0 0 0 0
7.80192021610444 8.65042771709348 6.08777918007558 21.5326265760135 29.0919698186156 29.3695506759833 26.0544678145583 0 0 0 0 0 0 0 0 0 0 0 0 0 0 0 0 0 0 0 0 0 0 0 0 0 0 0 0 0 0 0 0 0 0 0 0 0 0 0
9.15116759694582 7.15859441387728 7.12138675919875 11.1574697250303 26.8644439070332 31.4953520470568 34.6051340532731 21.3242920201655 0 0 0 0 0 0 0 0 0 0 0 0 0 0 0 0 0 0 0 0 0 0 0 0 0 0 0 0 0 0 0 0 0 0 0 0 0 0
8.1267101529602 6.12395706983629 6.38915755989603 24.8806579540393 35.7815791963767 33.8202426343334 43.6090860440119 35.7403969911598 24.3399894216954 0 0 0 0 0 0 0 0 0 0 0 0 0 0 0 0 0 0 0 0 0 0 0 0 0 0 0 0 0 0 0 0 0 0 0 0 0
7.54513811010763 6.72774975296903 5.64471682416418 26.1232556603742 39.6525026400548 43.5068644685463 50.2067858792638 37.776458178315 41.7011109340539 21.8995696891015 0 0 0 0 0 0 0 0 0 0 0 0 0 0 0 0 0 0 0 0 0 0 0 0 0 0 0 0 0 0 0 0 0 0 0 0
3.02807778112621 5.97067730879071 4.76823965521285 15.768061045418 29.3959083478093 30.1186543507154 32.3500020384918 26.9786000717981 20.8072682800372 24.9160355113867 8.20497560362937 0 0 0 0 0 0 0 0 0 0 0 0 0 0 0 0 0 0 0 0 0 0 0 0 0 0 0 0 0 0 0 0 0 0 0
3.02062829903223 6.75223143969963 6.39814174820417 19.2843364377058 34.6935121791758 27.1351026323317 36.0908897012538 19.8625418055579 25.3824151077498 22.2801247375631 23.8919690948111 13.3905064755472 0 0 0 0 0 0 0 0 0 0 0 0 0 0 0 0 0 0 0 0 0 0 0 0 0 0 0 0 0 0 0 0 0 0
8.31730759576381 7.96937214523816 8.01817190048213 25.7140944810081 36.8032654292183 31.0736265305759 29.9018659685352 21.9803687647877 28.0189740627137 37.3008383342613 20.7924851396667 20.1218048379569 22.5582849073859 0 0 0 0 0 0 0 0 0 0 0 0 0 0 0 0 0 0 0 0 0 0 0 0 0 0 0 0 0 0 0 0 0
7.27760241160231 7.53774532550051 7.96916428605876 22.3867117198355 35.9930068402196 28.3593125464888 30.2518168873858 26.8384764655345 34.2327795736278 35.7009659499733 20.691196383091 32.1823526692761 44.250003149783 24.6309158580918 0 0 0 0 0 0 0 0 0 0 0 0 0 0 0 0 0 0 0 0 0 0 0 0 0 0 0 0 0 0 0 0
6.99737684488059 9.64557587217466 8.05419313749297 23.4827284374589 24.4642656471733 22.6073738148399 28.4355240463179 30.8941375945524 23.4391789810657 34.1169857085444 24.2420474386747 32.1271415351178 37.4914285480516 28.474395127731 17.4854388592775 0 0 0 0 0 0 0 0 0 0 0 0 0 0 0 0 0 0 0 0 0 0 0 0 0 0 0 0 0 0 0
9.43567346010894 8.03478893589134 5.97516799370027 16.4812929629502 24.8165058736986 22.9217037192769 37.1727403298452 22.8591696993621 28.3733122216579 42.7059269922335 29.756411758079 31.4436374339905 29.8175958897612 30.8794273006907 28.3782043475076 17.8647052922568 0 0 0 0 0 0 0 0 0 0 0 0 0 0 0 0 0 0 0 0 0 0 0 0 0 0 0 0 0 0
7.83712414440777 9.00550068403122 5.43634523511846 15.6028920106517 23.659272518238 34.3827883124594 26.9756178297399 26.8799619767606 35.8792823270505 44.2625158500654 26.9706997525186 22.804371264966 31.3558353033391 27.6938467350736 30.7971964334327 30.6388681870888 17.2969550970518 0 0 0 0 0 0 0 0 0 0 0 0 0 0 0 0 0 0 0 0 0 0 0 0 0 0 0 0 0
6.58011906610603 2.64096664305513 4.2320830120111 15.2228988864542 29.0988540451764 20.1523277803336 26.5877767058343 26.9958087852827 35.9506237353464 38.1437658545662 18.3105914897257 20.8306065970075 23.7709009986058 31.4867649148005 24.2053370812554 25.590605971126 23.4507859847946 11.6587935490345 0 0 0 0 0 0 0 0 0 0 0 0 0 0 0 0 0 0 0 0 0 0 0 0 0 0 0 0
2.13272171136019 5.38556314096207 2.67649263774557 11.3026980700252 28.8298343398569 22.8671106939512 32.47993531445 26.4304828064459 38.1984789696855 22.102670294831 18.2709765961182 10.5503638807875 35.2974857941014 28.2553655145752 21.604172957705 21.9759254064048 26.7585939910071 23.7369118316607 17.9889950832353 0 0 0 0 0 0 0 0 0 0 0 0 0 0 0 0 0 0 0 0 0 0 0 0 0 0 0
4.69505706667271 1.20589489633454 6.05718040211652 17.0947684585479 20.4946306402899 29.0112789584687 40.3854170851774 31.1824111277461 26.8700907113536 27.4397633586622 20.6968310312534 21.5349073809108 23.9954789498549 30.2121896883226 26.6555806640561 26.2615773685258 31.236890628413 30.346365063065 28.2677698427174 20.1753117721282 0 0 0 0 0 0 0 0 0 0 0 0 0 0 0 0 0 0 0 0 0 0 0 0 0 0
2.405920820446 1.65517720384736 1.40545628982026 7.84430942774048 19.4076557912268 17.9901820422508 25.2155042667418 11.5562036062108 20.0097349490769 8.8699013243312 14.7465808512706 7.72142037312714 18.4031914019791 21.6189940704209 16.7321404979203 20.4168906916274 17.4145013855694 16.3015317044855 14.2104287303215 16.4116956858317 4.78116435267123 0 0 0 0 0 0 0 0 0 0 0 0 0 0 0 0 0 0 0 0 0 0 0 0 0
4.11591148331869 3.47774032934862 4.63114542012296 20.0822104415475 31.9806605315406 26.9094208178212 27.8636325498505 20.7951396161317 28.0441442078938 32.4273137517258 17.9723594691698 19.4617086350297 23.925411421878 26.2235797623898 27.8033072562829 32.6153412311221 35.6942127943256 31.4827526698063 29.2374282507223 30.6280537690546 21.8482711140715 20.6672261081783 0 0 0 0 0 0 0 0 0 0 0 0 0 0 0 0 0 0 0 0 0 0 0 0
0.53726368407021 0.280139268922459 5.14605607769379 18.6835485804485 20.0960334555195 17.3409170127077 20.1264614300427 12.4174819657375 25.0375325549034 17.7417172099359 18.8596243425824 13.5726317009758 17.8486116093512 24.1287631442783 24.1296339425539 27.0725267617195 26.1199397156084 20.9847222038107 15.3701640308371 25.9937841643675 17.3555624781138 23.8666466921301 8.0604458059045 0 0 0 0 0 0 0 0 0 0 0 0 0 0 0 0 0 0 0 0 0 0 0
0.0592124268587872 1.24580483476261 6.52657890484223 21.6768552948632 22.2476414979684 20.8725738122159 19.5529512656872 20.5596785563894 26.8799752330455 19.8590684561504 18.152056573309 16.2396366966697 27.5513742385523 28.8658393425398 29.7436609889315 29.5152487773204 33.1253606670552 25.6587280299052 20.2452087611144 33.9066199848472 18.3573224111319 24.7577976865788 20.0930097468687 13.4142066466993 0 0 0 0 0 0 0 0 0 0 0 0 0 0 0 0 0 0 0 0 0 0
2.46551224648862 3.70608354912167 4.50169609290078 11.3298128236335 24.4624818190145 26.4359743098904 25.0674840479533 27.4171800818692 20.5991085994206 19.7040002612547 19.1243024981438 23.9293617830475 30.6585605631024 34.0108625399871 31.1577019803306 29.8295792482117 34.1225231947124 26.0575514119166 25.746269336121 30.9280721988649 15.6073301165837 27.1118885216349 19.8847731869397 28.7861953252477 18.3997771158058 0 0 0 0 0 0 0 0 0 0 0 0 0 0 0 0 0 0 0 0 0
7.08020787108711 7.55527976069828 6.50318360860144 14.5188305451984 25.1765720943665 26.0947199773758 28.5511665435231 23.9337347245721 25.6633987347952 27.1953955763762 22.5328160268553 30.4168103107976 37.6410098668561 38.0485403513848 32.3185470012886 34.0118952289994 38.0918966926655 33.1591038130314 33.842495053939 32.8178749125434 18.8547803518724 31.4479618632222 26.8489293076246 30.2160607020687 31.0837697257606 18.200257630417 0 0 0 0 0 0 0 0 0 0 0 0 0 0 0 0 0 0 0 0
5.38140370403679 4.89929399001481 5.11352378954663 10.3103451145666 29.5184098744044 25.4291397395878 26.4044244150589 20.8943625146157 26.531890759109 33.1732681743944 25.2455140624022 28.4196941692968 35.3093194333257 37.285821567432 34.3598590676343 36.9051179214303 38.3525534733244 32.4778944745212 32.4482929303394 29.6499022858794 16.8139237841652 35.1194236201975 24.4248650898443 27.9554237690284 25.073465134542 31.2875963144587 18.6690278988387 0 0 0 0 0 0 0 0 0 0 0 0 0 0 0 0 0 0 0
5.13502979856691 7.88163355540236 2.94984134364943 15.4441839078081 25.254088764498 23.7264177966975 21.0720032302102 21.1488441963969 29.5723215930483 39.7711317608237 26.1863157244277 26.4341937466391 34.9131466700429 36.5304452809884 33.8923266064883 36.0686114847068 36.0444836174553 30.1362251360581 28.9619924567749 28.8024133540005 19.5438529709231 32.5006054120491 19.9513968141393 20.1956580791983 23.4470136652681 29.4137037738962 29.6823172500035 16.4389910234503 0 0 0 0 0 0 0 0 0 0 0 0 0 0 0 0 0 0
1.92497502852693 2.08147555178863 3.53383161126838 11.5265687389282 27.39604159395 17.2480515556522 27.1847026588395 28.0126827937032 30.8263457379775 36.6069838067016 25.530913592973 27.5881248533537 32.0367334578909 38.5764015039426 35.7272964683887 36.0303725170536 33.8017940146649 27.8250429444353 30.4765560280254 33.3800027625562 17.1787151206787 34.0414007121801 26.7156445842883 32.4555847693504 27.284907652649 31.928662938617 29.0864744607391 26.8458829943619 15.2290625014423 0 0 0 0 0 0 0 0 0 0 0 0 0 0 0 0 0
4.53775176151025 10.1918514371187 3.28790144373742 4.36676784704242 20.8789446302898 15.8464423574116 23.8384833894919 22.0644538143151 27.3663965206168 28.3319144085888 20.0849584278198 18.7094857142062 26.8662220393362 29.6809589634374 26.3164505659197 26.0286381914844 24.6829176987012 22.9614124750731 25.9567598318363 22.6798773829978 13.5358751722007 23.7733740760127 18.9922624890129 16.6055523728387 22.1707474379829 23.2967642399831 21.1530794401293 14.8856487600034 24.8032587919888 14.1388798106428 0 0 0 0 0 0 0 0 0 0 0 0 0 0 0 0
1.01310997881483 1.10161844936755 2.203809706781 17.3682456830253 15.6337993610987 21.4136204926503 26.9529462085777 23.8351020013163 25.2183789862361 29.9606330581104 22.5926658481527 30.5060667268728 31.8447471751529 31.0006980582203 29.2176822746555 27.1798166724959 26.1746212120562 26.1019280829158 22.1017152037001 27.3392541996591 20.7838260373711 24.6944569656697 21.7345991243012 24.2384903168056 21.7641658612085 22.5346140843868 17.138863236494 19.5652420296786 17.4535537882848 19.6682475960108 5.08545887426977 0 0 0 0 0 0 0 0 0 0 0 0 0 0 0
2.26130828896153 4.00991975761299 5.63592898319114 17.4178397946128 31.7636744412883 34.5588940329466 41.7335558996514 34.2234107704937 40.389068900404 44.5289304914402 31.534294546744 37.8595579091104 42.2571903018716 41.9715424573969 37.0805471359705 39.405331943821 41.9129161500019 36.4040117715228 34.9620589999682 38.8452983150273 26.4329675802837 35.6286064260706 28.5896072747498 27.3932002215264 29.8931434624232 24.8343695954764 27.1965488836962 29.1993173332139 24.1322855975322 7.53632691645483 0 0 0 0 0 0 0 0 0 0 0 0 0 0 0 0
0.157055069790127 0.803783728540329 2.66887699460028 10.4119075390398 18.2401201407944 18.42784190647 22.1128604413447 13.7512452134152 19.7858233473557 24.4440936089475 13.7409305911496 14.9016982092177 17.8310688556989 18.9235270641828 17.0508843189648 20.102301379965 20.5456450886533 16.5118915361796 16.5016033505392 18.2041854847913 10.4711589157526 20.2849897558411 8.69180389363859 14.4945526244857 10.4211266861369 14.4959995381829 15.3777750549346 5.7401417049326 0 0 0 0 0 0 0 0 0 0 0 0 0 0 0 0 0 0
0.718240308611167 1.96466429605857 4.14354848641233 16.9273852022012 24.4362418998809 24.5912265382006 27.0804711333425 20.8365167804832 28.3546370657834 35.1118952256774 20.7711326489181 21.5158303171023 26.0668525989819 27.9735474080378 26.875189061519 28.1569356961084 26.6258090967628 22.7737494104303 23.1904392667365 24.973705393784 16.6907704839619 24.0429921246018 13.8134007733584 15.546730690681 12.8169125521204 15.4099377502357 0 0 0 0 0 0 0 0 0 0 0 0 0 0 0 0 0 0 0 0
1.21473722604645 3.01454868242192 3.79378645522884 15.6494173099317 24.5885072215023 24.4610414061641 30.9260046256399 23.4979960707427 28.4405689134066 33.8401258833359 22.2433061099954 23.0592608427185 27.3598171998873 30.490884414769 30.6059530701393 30.6379490807499 25.4841974978663 24.7129385166311 21.7580473764612 25.3602987895925 11.6426047964995 22.202550375457 10.9790078750844 12.7765049755371 0 0 0 0 0 0 0 0 0 0 0 0 0 0 0 0 0 0 0 0 0 0
6.26066509499977 6.64855698132079 7.26576125077895 21.4887219776192 35.3369031483166 36.0482251622075 40.1402397759344 33.7624624193343 39.866637171134 43.5696222280262 28.2438977128336 30.8037456610008 40.0773417521634 43.4334056892216 39.478385416683 37.5460492555007 37.7494829574457 32.8622473253189 31.1689913587587 33.6027735741576 16.7640949607289 8.75363824688941 0 0 0 0 0 0 0 0 0 0 0 0 0 0 0 0 0 0 0 0 0 0 0 0
6.54197868778998 4.83880451433121 7.93801767919998 24.3319166904582 30.8316579557494 36.9969810272192 41.634590264253 33.566899677403 35.9293553373772 43.0751518497155 26.0309943641014 31.1352795904337 40.4800515839435 39.1872148155393 33.4491664799497 36.257791464428 36.3109195105212 32.2099393917524 22.4938120116106 7.69462741645201 0 0 0 0 0 0 0 0 0 0 0 0 0 0 0 0 0 0 0 0 0 0 0 0 0 0
7.8323697551088 4.39802951048406 5.82494392078134 19.6549743473056 33.9769555022147 33.7521279128309 39.4861285644904 30.9733801026572 34.5478365884862 41.4435616216251 27.6822075844049 29.8541999069994 36.6316073694891 38.5183425695982 35.3113367908877 36.5407105214955 26.9298788045116 8.01466856178117 0 0 0 0 0 0 0 0 0 0 0 0 0 0 0 0 0 0 0 0 0 0 0 0 0 0 0 0
9.65564533793558 9.20586559223475 6.47759607741466 23.2606580949095 38.7242467001866 36.2007861113025 40.8324600417404 33.5843449318597 38.2023308979681 45.6354661398756 31.1462168187687 32.0527813155614 40.3701879561899 39.794338027078 27.8114937947759 9.08723251270064 0 0 0 0 0 0 0 0 0 0 0 0 0 0 0 0 0 0 0 0 0 0 0 0 0 0 0 0 0 0
4.66969034638424 3.91404209085023 6.86519487158978 26.9815941951428 37.2583287317156 32.961891576992 40.0309902575729 35.363989662708 38.4861045649157 44.3300175556305 32.5016235185727 37.2357822194517 27.7978873850587 11.0836892410019 0 0 0 0 0 0 0 0 0 0 0 0 0 0 0 0 0 0 0 0 0 0 0 0 0 0 0 0 0 0 0 0
4.91554911627369 6.77210406671538 7.20314962210225 22.7688702122325 36.8480726752496 33.4725967171488 42.4175333154018 36.3481161446134 43.1490709813555 43.7232485049163 23.7411494953161 7.30571779161943 0 0 0 0 0 0 0 0 0 0 0 0 0 0 0 0 0 0 0 0 0 0 0 0 0 0 0 0 0 0 0 0 0 0
4.56931242509525 5.99674918496577 6.36087015742382 17.6697132692003 29.373475516457 28.2742620528478 36.4869339323009 31.3994148687742 30.0711679827236 9.79885274035979 0 0 0 0 0 0 0 0 0 0 0 0 0 0 0 0 0 0 0 0 0 0 0 0 0 0 0 0 0 0 0 0 0 0 0 0
7.93253814562847 8.11517957777475 7.33345794822237 20.4632385525912 35.388886735029 36.6908870209524 36.1437170573631 11.7077874626971 0 0 0 0 0 0 0 0 0 0 0 0 0 0 0 0 0 0 0 0 0 0 0 0 0 0 0 0 0 0 0 0 0 0 0 0 0 0
8.86994854537889 8.12872470328277 7.05426065573076 22.9211701617025 35.3896897146537 16.1967194463697 0 0 0 0 0 0 0 0 0 0 0 0 0 0 0 0 0 0 0 0 0 0 0 0 0 0 0 0 0 0 0 0 0 0 0 0 0 0 0 0
8.72829083540214 7.48038144816103 7.47046409912055 14.421620250147 0 0 0 0 0 0 0 0 0 0 0 0 0 0 0 0 0 0 0 0 0 0 0 0 0 0 0 0 0 0 0 0 0 0 0 0 0 0 0 0 0 0
5.51552241210009 2.0728533130696 0 0 0 0 0 0 0 0 0 0 0 0 0 0 0 0 0 0 0 0 0 0 0 0 0 0 0 0 0 0 0 0 0 0 0 0 0 0 0 0 0 0 0 0
